-7.455376 -25.3518 2.482468 0.467044 -2.577661 0.660164 -3.140658 1.506981 -3.308008 0.675981 -2.893845 2.052202 -3.544373 0.428572 -2.56819
-5.455376 -27.3518 2.482468 1.289963 -4.557102 -0.325525 -2.937126 0.912829 -2.352591 1.629064 -4.739373 2.264017 -3.062508 3.402718 -1.498671
-7.455376 -27.3518 2.482468 -0.00914 -4.787745 0.988646 -2.717678 1.60928 -4.388955 -0.518416 -4.84478 2.346696 -2.330894 1.69644 -2.088745
-7.455376 -21.3518 4.482468 2.302121 1.682007 2.481761 1.021815 4.005669 0.974987 1.185839 1.357702 2.755547 -1.03639 1.68505 -0.158919
-9.455376 -21.3518 4.482468 1.381324 2.1496 1.116982 0.22573 1.989071 0.464922 2.033873 2.609907 1.699471 0.507714 1.69516 -0.700485
-5.455376 -23.3518 4.482468 -2.333265 -3.561807 1.196155 0.392163 -0.200447 -0.320112 -3.26147 -3.61636 3.302937 0.991832 1.290164 -2.594937
-7.455376 -23.3518 4.482468 -0.996348 -3.91488 2.474056 -1.992484 1.26434 -0.694726 -2.709894 -3.994007 3.845382 -3.208071 0.204096 -0.742532
-9.455376 -23.3518 4.482468 0.561287 -1.841214 1.603981 -1.335296 1.622896 -0.282663 -0.544716 -1.321756 2.541419 -1.666981 0.538226 0.629892
0.544624 -25.3518 4.482468 2.060264 2.911514 1.154982 5.79028 -0.63544 2.992538 -0.215798 4.788559 -0.078041 5.576026 -1.109996 1.642725
-5.455376 -25.3518 4.482468 -1.716473 -3.87392 0.136268 -2.340741 0.118409 -2.160083 -1.687069 -4.099385 3.905469 -2.235393 3.395546 -3.194205
-7.455376 -25.3518 4.482468 -2.25191 -4.739903 0.759714 -4.384773 -0.910677 -2.516984 -2.817587 -5.300269 2.85499 -4.381638 0.632333 -1.124233
0.544624 -27.3518 4.482468 1.163733 3.093454 1.468992 4.360575 -0.542469 3.363316 0.637545 2.912963 1.843741 3.005179 0.851307 0.267746
-5.455376 -27.3518 4.482468 0.917699 -5.926053 0.54543 -1.615699 2.059068 -2.196001 1.231545 -5.555549 4.902721 -1.90596 6.615906 -0.130071
-7.455376 -27.3518 4.482468 -2.455494 -4.123418 0.051132 -2.622632 -0.700214 -2.663996 -1.850518 -3.14661 2.914325 -3.439523 2.054406 -0.902598
-9.455376 -27.3518 4.482468 -2.507374 -2.380198 -0.874896 -1.136524 -1.40953 -3.354159 -1.735053 -0.683671 0.616013 -1.311906 -1.694019 -1.687935
0.544624 -29.3518 4.482468 2.147996 -0.21923 1.621454 1.568584 -0.134445 2.521518 1.098977 0.018517 2.203966 0.241107 1.327881 -0.359928
-1.455376 -29.3518 4.482468 -0.304339 -2.905489 1.484294 0.829225 -2.39565 2.291057 0.21494 -2.124492 3.593604 0.370527 -0.744812 -1.083474
-5.455376 -29.3518 4.482468 0.568499 -7.551121 1.403128 -2.225808 2.558325 -2.686916 1.629796 -7.597747 4.956185 -2.745282 5.322662 -3.325573
-7.455376 -29.3518 4.482468 -1.764612 -2.596458 1.167955 -0.046325 0.322131 -2.059365 -0.52304 -0.70589 3.765151 -1.300307 3.525927 -3.962083
-9.455376 -29.3518 4.482468 -2.069583 0.450343 -0.663932 1.279659 -1.096698 -2.354951 0.098965 2.57743 0.843254 0.101678 0.150932 -3.597182
0.544624 -31.3518 4.482468 4.054028 -1.560583 2.057329 0.572587 0.597937 -0.001807 1.113353 -1.025691 1.600699 0.201248 0.57277 -1.807822
-1.455376 -31.3518 4.482468 1.845816 -2.694225 2.678385 -0.5414 -3.051747 0.356904 -0.142366 -1.723161 3.170418 -0.253935 -3.476002 -1.697512
0.544624 -33.3518 4.482468 3.372753 -3.398586 2.020098 -1.368045 0.756501 -0.562045 0.649603 -3.753663 0.868491 -1.825861 1.556365 -0.536884
-1.455376 -33.3518 4.482468 3.420461 -3.830172 4.264537 -1.378836 -1.408592 0.711917 -0.72018 -3.20383 3.06323 -1.670402 -2.309306 -1.348438
0.544624 -35.3518 4.482468 0.673035 -4.002051 1.347503 -2.291482 -0.203527 -1.105782 -0.822699 -5.429088 0.001098 -3.408531 2.005058 -1.54859
-7.455376 -21.3518 6.482468 3.518977 -1.261452 2.766429 -0.823026 5.532085 -2.581583 1.065693 -3.428369 1.804635 -3.651443 3.547962 -3.73545
-9.455376 -21.3518 6.482468 1.134027 1.738163 0.246632 -3.529884 2.202488 -0.511074 1.048862 1.172464 0.85127 -3.739735 -0.356424 -1.511173
-11.45538 -21.3518 6.482468 -1.667465 0.113851 -2.563897 -1.862924 1.701019 0.92823 0.385255 -0.18928 -0.52811 -1.224073 1.844542 0.159989
0.544624 -23.3518 6.482468 1.828253 2.830312 0.064229 1.538086 1.740165 1.83321 2.70813 4.850083 -0.092219 3.004963 0.552073 1.924504
-5.455376 -23.3518 6.482468 -1.965938 -5.184979 0.262153 -2.225936 2.268483 -4.045929 -2.468127 -4.692522 1.633192 -1.494406 2.694851 -2.886436
-7.455376 -23.3518 6.482468 -1.417779 -4.523444 0.969888 -3.512566 1.901099 -4.753347 -2.910049 -5.577211 1.343845 -4.822509 0.947508 -3.750394
-9.455376 -23.3518 6.482468 -0.210153 -2.88902 -0.738921 -3.599619 2.002233 -2.64804 -0.618775 -3.709913 -0.133832 -3.77457 -0.770919 -3.754607
2.544624 -25.3518 6.482468 1.280889 1.087227 1.753231 2.284344 2.771701 1.107598 0.891549 1.435876 -0.384558 3.598042 0.915808 -0.567658
0.544624 -25.3518 6.482468 1.37586 -0.058793 0.769858 1.505231 0.136925 0.414737 1.367716 0.034813 0.820353 2.621728 -1.493346 1.241956
-5.455376 -25.3518 6.482468 -2.749342 -4.815967 0.281436 -3.209158 1.32586 -4.160372 -1.513577 -4.889492 3.169075 -2.364251 1.397567 -4.663437
-7.455376 -25.3518 6.482468 -2.822747 -3.75747 -0.364415 -3.363099 0.784281 -3.675399 -3.27869 -4.186366 0.674967 -3.879297 1.95304 -4.129594
2.544624 -27.3518 6.482468 0.755735 -0.084377 1.075024 1.463749 0.984373 -1.174676 1.079451 -0.714752 -0.306132 1.840275 -0.728255 -1.863034
0.544624 -27.3518 6.482468 1.019907 -3.623514 1.39827 0.739629 0.049181 -1.525202 1.322107 -4.191918 1.107175 0.27055 -0.737364 -1.176027
-3.455376 -27.3518 6.482468 1.496345 -5.638146 -0.486421 0.139552 2.320128 -3.411437 3.249117 -6.359577 0.802958 -0.712041 1.831667 -4.787265
-5.455376 -27.3518 6.482468 -1.398282 -6.675406 -0.520872 -1.299265 2.187308 -4.85561 -1.339872 -7.737355 3.660371 -1.779424 2.442307 -4.64408
0.544624 -29.3518 6.482468 1.642663 -4.130845 1.69951 0.632188 0.621924 -1.045343 1.915041 -3.530746 1.002044 -0.202069 1.110003 -1.100898
-1.455376 -29.3518 6.482468 0.788816 -6.083066 0.988365 -0.186701 1.037415 -2.192703 2.083889 -5.779561 0.427932 -1.749247 1.293941 -3.392817
-5.455376 -29.3518 6.482468 -0.76521 -5.769601 1.015286 0.409102 2.617051 -4.454447 -1.418467 -5.985625 3.163115 0.46523 1.153474 -4.510137
-7.455376 -29.3518 6.482468 -2.13499 -1.23395 0.321925 1.724579 0.330677 -1.594836 -1.885805 0.839045 2.487928 0.799512 1.061797 -2.985197
-9.455376 -29.3518 6.482468 -1.658129 0.823217 -0.913742 1.57541 -1.479735 -1.005724 0.67408 3.310005 1.330174 -0.122292 -0.467709 -2.219142
-1.455376 -31.3518 6.482468 2.316626 -7.934614 1.644267 -1.913872 -0.819162 -1.123136 2.022351 -8.134844 0.615298 -2.834338 -1.52056 -2.282155
-3.455376 -31.3518 6.482468 1.742729 -6.861426 1.471307 0.918766 0.767818 -2.38437 1.68411 -7.184301 1.062575 1.026016 -1.729434 -4.280985
-7.455376 -31.3518 6.482468 0.031351 0.022102 1.47833 2.747217 0.554213 -0.02383 0.552057 1.987337 2.041885 2.325532 1.304303 -3.253777
-9.455376 -31.3518 6.482468 0.389726 2.291223 -0.193343 1.656097 -0.381106 0.746598 2.393499 4.322695 2.568056 0.829009 1.568384 -0.394613
0.544624 -33.3518 6.482468 3.165678 -3.86906 3.242118 -0.804795 2.38425 1.578598 0.998907 -4.374154 0.553488 -1.536189 -0.796627 0.684204
-1.455376 -33.3518 6.482468 2.530245 -7.165432 2.605952 -1.475165 -0.225556 2.186189 1.101268 -7.430293 0.651686 -2.474959 -1.298963 0.417495
0.544624 -35.3518 6.482468 1.407579 -2.710357 2.526713 -0.099351 1.909083 1.378641 0.605818 -3.790869 0.293443 -1.874601 0.217076 -0.318277
-1.455376 -35.3518 6.482468 1.398795 -3.744835 3.098015 1.370279 1.525368 4.066319 0.198403 -4.323422 1.167108 -1.224123 1.647833 0.272695
-11.45538 -19.3518 8.482468 -1.789108 -0.816277 -1.678393 -0.380386 -0.143211 -0.200895 -2.294557 -1.321048 -0.332078 -0.139096 1.908716 -1.422075
-9.455376 -21.3518 8.482468 -1.209117 1.345448 -1.398691 -2.899702 -0.359527 0.091588 -1.752385 2.548113 0.355914 -3.199394 0.652893 2.13464
-11.45538 -21.3518 8.482468 -2.476778 0.009632 -3.055526 -0.710866 -0.68054 0.649327 -2.811983 1.360149 -1.645952 -0.611538 1.876394 -0.113091
-7.455376 -23.3518 8.482468 0.819541 3.60535 1.024792 -1.017986 1.728126 0.381439 -0.350414 2.957277 1.910327 -3.887609 2.289292 4.926444
-9.455376 -23.3518 8.482468 -0.664819 3.092824 0.026084 0.76527 -0.075643 1.219185 -1.459179 3.057642 1.464692 1.197496 0.213128 3.499629
-11.45538 -23.3518 8.482468 -1.337983 -1.056586 -1.838375 -0.239958 -0.810522 0.496024 -1.178069 -1.084609 -1.496894 1.254746 -1.048651 1.761942
4.544624 -25.3518 8.482468 3.215693 -2.892077 -0.337725 -1.236978 1.334655 -1.643072 2.961888 1.236419 -0.780499 2.021317 0.601598 -2.066942
2.544624 -25.3518 8.482468 2.083119 -2.066082 -1.581933 0.432815 2.848433 -0.325149 0.43188 -2.761626 -3.329952 2.087295 0.653785 -4.165197
-5.455376 -25.3518 8.482468 -3.56081 0.485364 -0.006821 -1.12637 -0.47481 1.287959 0.621071 -0.187757 1.62687 -0.965343 -1.020079 3.755851
-7.455376 -25.3518 8.482468 0.634083 4.846318 -0.483738 0.656795 0.277395 2.213572 2.359771 3.783687 -0.4913 -1.475579 0.216826 5.192505
-9.455376 -25.3518 8.482468 0.970127 2.996369 0.016998 0.911321 2.338658 0.939376 1.359597 2.782222 -0.76321 -0.262754 1.569125 2.452749
4.544624 -27.3518 8.482468 2.549381 -0.006658 -0.576028 -1.202586 1.444553 -1.669638 2.170694 3.353325 -0.613184 -0.195932 -2.008436 -3.839405
2.544624 -27.3518 8.482468 1.064285 -0.513491 -0.577696 -0.726353 1.277057 -0.20278 -0.084902 -0.214344 -1.846679 0.387205 -2.793075 -3.728882
-5.455376 -27.3518 8.482468 -2.975941 -0.662568 0.2276 -1.833827 0.257674 -0.096967 -0.779198 -1.319656 2.227747 -0.790551 -1.402424 1.491494
4.544624 -29.3518 8.482468 1.282255 0.023876 -0.506468 -1.880432 0.002154 -0.774405 0.33094 3.433722 -0.138732 -1.974844 -1.688743 -1.469116
2.544624 -29.3518 8.482468 0.571719 0.316969 0.018314 -0.954657 -0.534762 0.242666 -0.849698 2.160464 -0.907389 -0.033207 -3.399793 -1.310486
0.544624 -29.3518 8.482468 1.734153 2.451153 0.916865 0.10188 0.025201 0.496927 -1.310944 3.72444 -0.886405 0.786662 -3.407265 -0.445283
-5.455376 -29.3518 8.482468 -0.302873 -1.088908 1.334182 -0.600541 0.79506 -3.325073 -1.18049 -1.822003 1.943793 -0.086313 -2.571301 -2.501807
-7.455376 -29.3518 8.482468 0.172146 2.827493 0.547493 2.371595 -0.098948 0.208732 -0.089145 1.767654 1.448936 2.492022 -2.570084 2.4673
4.544624 -31.3518 8.482468 0.957486 -0.955675 -0.049524 -2.261666 -0.879346 -0.546116 -1.079655 -0.488923 -0.662912 -1.429973 -1.325342 -0.053258
2.544624 -31.3518 8.482468 1.095098 -0.189809 1.294086 -0.927918 -0.853185 -0.148999 -1.540203 0.847855 0.013007 -0.097203 -2.914832 -0.555727
0.544624 -31.3518 8.482468 2.548775 1.246171 2.314284 -1.359792 0.638123 0.678346 -1.018251 2.445764 0.250605 -0.573295 -2.908358 0.400353
-1.455376 -31.3518 8.482468 2.214354 -1.991286 1.028464 -1.139877 -0.283069 -0.615015 1.713311 -1.628928 0.137459 -2.191279 -3.045322 -1.518685
-5.455376 -31.3518 8.482468 0.784594 -1.92858 1.859933 0.245849 0.387399 -3.466958 0.170387 -2.849846 1.52053 -0.781387 -1.438757 -4.872134
-7.455376 -31.3518 8.482468 1.042911 0.380838 0.773735 1.512575 0.512085 -2.227315 -0.286547 -1.027322 1.573391 0.808484 -1.470626 -1.325238
-9.455376 -31.3518 8.482468 2.193817 0.446167 0.32045 0.834402 1.135264 -1.804095 0.270198 0.355812 2.343522 -1.101933 -0.381412 -1.488901
2.544624 -33.3518 8.482468 2.357822 -0.373621 1.877333 0.500966 -0.241905 -1.046933 -0.141565 0.176541 1.426879 1.028214 -1.853767 -0.683789
0.544624 -33.3518 8.482468 2.807305 -0.586127 1.981712 -2.051312 1.290651 -0.351892 0.72728 0.187294 -0.091932 -1.93309 -1.526593 -0.864322
-1.455376 -33.3518 8.482468 2.301226 -3.895884 0.860701 -2.725933 0.811149 0.358478 2.331899 -3.657774 -0.893032 -4.142411 -2.035748 -0.985292
-3.455376 -33.3518 8.482468 1.112816 -4.85728 1.15075 -1.213782 -0.220526 -0.90021 1.907171 -4.407879 0.401776 -3.194327 -1.178907 -2.690367
-7.455376 -33.3518 8.482468 2.499766 -2.717358 -0.090621 0.051858 1.384011 -3.610853 1.0962 -3.557719 0.977614 -1.698831 0.029279 -4.472681
0.544624 -35.3518 8.482468 2.129746 0.398831 -0.086459 -0.193146 1.610353 -0.016243 2.406491 1.144559 -1.028132 -1.383579 1.226928 -1.850945
-1.455376 -35.3518 8.482468 1.955248 -1.062918 -0.442032 -0.006721 1.534176 2.333753 2.639693 -0.32373 -1.441742 -2.112146 0.586366 0.996925
-11.45538 -19.3518 10.48247 -0.54599 2.404726 1.048814 0.888884 0.882639 0.471798 1.484064 4.672004 2.814132 3.351806 1.844966 1.919435
-13.45538 -19.3518 10.48247 0.812236 -0.445616 1.870999 -1.303077 1.019913 0.65172 -0.423141 -0.010251 1.126323 -0.241403 2.147365 1.462109
-11.45538 -21.3518 10.48247 0.11523 0.323277 -0.626263 1.785875 -3.335737 -1.83624 1.075503 2.152891 1.31006 4.335981 -1.392548 -1.560506
-13.45538 -21.3518 10.48247 1.070197 -0.067613 1.581038 1.767773 -1.883758 -1.600185 0.081132 0.656997 1.514873 4.315539 -1.139143 -1.503498
-9.455376 -23.3518 10.48247 -0.993624 -2.030796 -1.607707 -0.106968 -2.693827 -1.351316 -0.2584 -2.194519 0.808042 0.261496 -0.677477 2.121161
-11.45538 -23.3518 10.48247 0.102262 -4.333211 -1.844167 -0.038507 -4.519568 -4.61283 3.365006 -3.385533 2.421851 1.107422 -1.715732 -3.474801
-13.45538 -23.3518 10.48247 2.301805 -4.231555 -0.256834 0.269861 -2.988362 -5.045851 5.420434 -2.722985 2.355958 2.124607 -0.467402 -3.431499
4.544624 -25.3518 10.48247 2.362208 -2.754756 -1.578571 -3.753423 1.244729 -1.359201 2.483169 -1.785466 -0.667268 -2.243311 3.586495 -2.036367
-7.455376 -25.3518 10.48247 -0.730977 -4.072542 0.173509 -3.239099 -1.280318 -3.370798 -0.888765 -6.44879 -1.326545 -5.112934 -1.896794 1.244043
-9.455376 -25.3518 10.48247 -1.910514 -3.914171 -0.803709 -1.85127 0.825232 -2.588742 -1.333069 -4.731939 0.373626 -2.905054 1.277324 1.080571
-11.45538 -25.3518 10.48247 -0.290108 -6.256009 -1.067825 -2.866882 -2.099241 -4.348113 2.508199 -6.881642 1.684386 -3.387093 -0.65402 -2.542662
-13.45538 -25.3518 10.48247 2.574935 -7.735286 -0.952093 -4.480008 -3.726238 -6.76351 6.728981 -6.620907 1.859794 -3.532239 -0.187713 -5.237806
6.544624 -27.3518 10.48247 -0.361461 -1.740133 -0.22416 -3.203036 -0.147432 -1.171812 -3.003916 -1.4191 -0.548714 -1.841374 -0.251787 -0.54783
4.544624 -27.3518 10.48247 1.456087 2.236607 -1.555403 -0.74301 0.261663 2.91842 1.15214 4.383882 -0.352855 0.004067 -0.295299 1.800838
2.544624 -27.3518 10.48247 -1.510924 4.690205 -3.320986 2.60761 -1.472337 5.107569 -1.080107 6.175196 -0.35196 3.359567 -0.109911 3.645201
-5.455376 -27.3518 10.48247 -1.790166 -3.920302 0.690355 -4.413146 -1.203696 -1.084285 1.274923 -6.950704 -0.712896 -5.785337 0.869543 0.705366
-7.455376 -27.3518 10.48247 -0.040149 -4.881354 0.72526 -2.723714 -1.37565 -2.986043 0.975008 -9.116405 -0.528257 -4.869694 -0.90966 1.521473
-9.455376 -27.3518 10.48247 0.32381 -4.852385 -0.333431 -1.135543 1.573115 -3.688451 0.873218 -6.569962 -0.592129 -3.368129 1.663923 -1.666642
-11.45538 -27.3518 10.48247 0.601943 -5.798431 -0.364348 -2.05844 0.465456 -3.109749 2.029698 -7.171586 0.42065 -3.455482 1.452401 -3.506297
-13.45538 -27.3518 10.48247 4.367743 -7.371447 -0.368762 -4.760731 -0.89492 -4.847453 5.848943 -8.038568 0.654528 -3.989207 1.006298 -4.762308
-15.45538 -27.3518 10.48247 5.383927 -3.401423 -0.112577 -3.402139 0.393126 -3.867664 5.97474 -1.902021 0.682187 -2.046935 1.73291 -2.425464
6.544624 -29.3518 10.48247 -0.27355 -2.464677 1.457685 -3.081268 -0.727081 -0.923192 -0.836016 -1.403506 1.245842 -2.2533 -0.16367 2.224411
4.544624 -29.3518 10.48247 -1.471731 2.993579 0.734849 -1.988102 -1.374048 5.901937 0.142152 4.349802 2.148924 -1.740946 -2.359284 8.675652
2.544624 -29.3518 10.48247 -2.296579 4.669652 0.104476 2.363626 -1.749571 7.114089 -1.573062 4.895239 1.765661 2.329667 -1.019625 7.171503
-5.455376 -29.3518 10.48247 1.053062 -0.422345 -0.039792 -3.871231 -0.330995 -1.257595 3.67598 -1.764537 -1.479861 -4.344993 0.444184 -0.393982
-7.455376 -29.3518 10.48247 0.177237 -0.59265 0.077837 -0.994316 -1.425867 -0.816473 0.949924 -4.125477 -1.0942 -2.253083 -1.797301 1.45584
-9.455376 -29.3518 10.48247 1.753478 -3.269308 -0.133657 0.68775 0.314216 -3.162836 1.892843 -4.523806 -0.831288 -1.475696 0.653636 -2.922557
-11.45538 -29.3518 10.48247 0.439483 -4.191843 -0.35909 0.542127 0.452474 -2.564305 2.630678 -4.831604 1.086563 -0.686404 3.130412 -4.509081
-13.45538 -29.3518 10.48247 2.567859 -5.782276 -0.679558 -3.219805 -0.391401 -1.667417 3.886496 -6.316183 0.659769 -3.023486 1.036623 -3.309848
-15.45538 -29.3518 10.48247 3.330701 -2.317069 -0.961791 -0.817363 0.982487 -1.166531 3.256976 -1.624023 -0.27048 0.026977 0.936374 -2.082938
6.544624 -31.3518 10.48247 1.14476 -2.799776 3.05122 -1.487145 1.559382 -0.875394 0.164075 -1.809281 1.463081 -1.714291 -0.453772 3.254637
4.544624 -31.3518 10.48247 -2.162218 3.38149 2.620135 -1.346105 -2.078968 6.53523 -0.233796 2.872722 2.703234 -1.372103 -3.856154 9.920654
-5.455376 -31.3518 10.48247 1.412873 0.192356 -1.441857 -1.99474 -0.733743 -1.556743 4.638587 0.77728 -1.416863 -2.626115 1.652095 -2.135961
-13.45538 -31.3518 10.48247 -0.42403 -2.308907 -1.248034 -1.351191 -0.788159 0.611354 1.979158 -2.889692 0.094193 -1.980025 1.195835 -1.367128
6.544624 -33.3518 10.48247 -0.12891 -0.015336 0.40296 1.040877 2.739336 1.659744 -1.579427 1.358554 -0.505167 0.949287 -0.020747 4.971763
4.544624 -33.3518 10.48247 -1.5815 3.646748 1.640432 1.401653 -0.261648 5.934114 -1.123455 4.109801 1.864934 -0.151904 -2.723991 8.887812
2.544624 -33.3518 10.48247 1.380418 1.337566 2.199211 1.095743 -0.705655 1.859277 1.396424 1.292702 3.33159 0.337524 -4.271062 2.933058
-5.455376 -33.3518 10.48247 -1.050269 -2.501454 -1.808354 -1.369366 -2.062862 -2.860472 1.600747 -1.276495 -1.180903 -3.065829 1.551914 -4.638369
-7.455376 -33.3518 10.48247 1.685419 -2.075917 -0.379479 -0.42181 1.70755 -2.397002 0.986397 -1.023001 -0.28457 -1.173727 1.072699 -3.287322
6.544624 -35.3518 10.48247 -1.300134 3.599155 -2.203606 2.097295 1.533452 4.679607 -1.731144 5.902917 -1.089257 2.429358 -0.189187 6.052082
4.544624 -35.3518 10.48247 -1.242416 3.14742 -0.666575 2.787486 0.928031 3.908261 -1.785117 5.116887 0.648816 0.133563 -1.351352 5.787752
2.544624 -35.3518 10.48247 1.515264 -0.471893 -0.639936 1.272789 0.088607 -0.647819 1.520342 -0.234907 1.198173 0.534869 -2.654572 -0.450536
0.544624 -35.3518 10.48247 2.764413 -3.259999 -1.246425 -1.305317 0.12925 -3.480266 2.971219 -4.030627 -0.630474 -2.523612 -2.508882 -3.935418
-1.455376 -35.3518 10.48247 2.389988 -3.918057 -1.412318 -4.198991 -0.446641 -3.662366 3.781262 -5.206663 -1.957566 -7.232931 -3.10641 -5.819394
4.544624 -37.3518 10.48247 -0.695495 2.76026 -1.565204 2.57741 0.703289 1.55018 -1.8374 5.228441 0.027924 0.432965 -1.872803 3.074081
2.544624 -37.3518 10.48247 0.48968 -0.286549 -3.354346 0.673945 -0.115036 -0.877617 0.474599 0.189538 -1.099543 0.165867 -1.071041 -1.771552
-13.45538 -19.3518 12.48247 0.379379 -1.053714 1.793827 0.19754 0.932478 -1.904195 1.926757 0.143737 2.92924 1.793992 1.260512 -2.251625
-11.45538 -21.3518 12.48247 2.128964 -1.709877 0.471409 1.274349 -1.486601 -1.29953 4.743403 1.25575 4.737464 3.939106 -0.542087 -2.273938
-13.45538 -21.3518 12.48247 2.544055 -3.047453 2.380867 -0.635647 -0.329844 -4.099354 3.794046 -0.369179 5.193148 3.534452 -0.336335 -4.388001
-13.45538 -23.3518 12.48247 1.862265 -3.493634 2.778476 -2.092325 -2.599255 -4.280687 5.832482 1.834626 7.224456 3.14559 -0.562216 -3.238403
-15.45538 -23.3518 12.48247 -0.013199 -2.608297 3.300572 -3.121091 -1.481667 -1.640801 0.631599 0.37342 6.17296 0.249923 -2.703967 0.461416
-11.45538 -25.3518 12.48247 -2.779654 -2.71985 -1.885151 -1.696597 -3.690835 -3.23359 3.024614 0.661552 2.640327 0.822462 -0.267204 -2.511226
-13.45538 -25.3518 12.48247 0.656249 -1.143802 0.844129 -2.059624 -3.645118 -1.577655 7.407262 5.217237 6.649249 3.180995 0.667454 -0.581223
-15.45538 -25.3518 12.48247 0.347185 -1.366146 1.003905 -2.084602 -1.700552 -0.355052 4.48564 3.265124 6.591383 1.594178 0.286912 2.480176
-9.455376 -27.3518 12.48247 1.238787 -8.781375 -0.313447 -2.553982 -0.35269 -4.000719 1.071063 -8.393336 0.200319 -1.182526 0.843013 -3.66256
-11.45538 -27.3518 12.48247 -1.259022 -5.526345 -1.519474 -3.879878 -1.896033 -1.833609 1.949598 -5.198775 0.628597 -1.616887 0.345157 -1.455359
-15.45538 -27.3518 12.48247 3.252821 -2.462536 0.665237 -0.835649 -3.102329 -0.68898 8.007756 2.117414 6.978652 3.695456 1.922108 2.56789
6.544624 -29.3518 12.48247 -1.123515 -2.605809 -0.326458 -2.279414 -3.136363 0.849959 -0.064496 -2.5706 1.057248 -0.18853 -0.051718 0.226342
4.544624 -29.3518 12.48247 -0.43349 -2.565216 1.241624 -3.032028 -1.689613 1.227278 0.488315 -3.026705 1.271856 -2.663798 -0.871263 1.354402
2.544624 -29.3518 12.48247 -0.019397 -2.173075 0.214604 -0.591238 -0.158321 0.537528 -1.014612 -3.36919 -0.363272 -1.615944 -0.919313 2.150137
-7.455376 -29.3518 12.48247 0.916485 3.737876 -0.768103 1.692281 -2.622354 2.003515 -1.556624 2.375032 -4.052259 1.804452 -0.794701 3.1992
-9.455376 -29.3518 12.48247 4.164735 -3.616425 2.019285 0.018285 1.318404 -1.444401 3.942924 -3.945122 0.908309 0.567859 2.2073 -1.467942
-15.45538 -29.3518 12.48247 4.265335 -3.202032 1.561355 1.991321 -3.4972 0.550768 9.191084 0.526027 5.968992 6.762426 1.272495 1.614354
6.544624 -31.3518 12.48247 2.630049 -0.465736 2.49568 -1.612193 -0.54631 2.595199 2.949814 -0.561595 2.94232 -1.268624 0.882236 2.242424
4.544624 -31.3518 12.48247 1.866286 -1.201535 4.227176 -2.831549 -1.337039 3.072334 2.643885 -2.186313 3.485877 -3.677105 -1.3016 2.593192
2.544624 -31.3518 12.48247 4.196369 -3.041822 3.549762 -2.05008 2.688221 0.498304 1.693622 -4.002542 2.267304 -2.948343 -0.958141 1.427778
-7.455376 -31.3518 12.48247 1.337015 2.831809 -0.139631 1.397421 0.30998 1.609256 0.022872 3.160593 -2.437915 2.597225 1.397448 2.161775
-9.455376 -31.3518 12.48247 4.344914 -3.031383 3.082954 -0.706937 1.810654 -0.946602 3.77726 -2.038469 1.880176 -0.185661 2.597723 -0.560618
-11.45538 -31.3518 12.48247 2.410686 -1.019658 2.299433 2.042532 0.559341 2.480835 3.813669 -0.693738 1.430006 2.64128 3.577931 0.934417
-13.45538 -31.3518 12.48247 0.661311 -3.350361 0.460943 0.325247 -2.083175 1.739392 5.387134 -1.932413 1.407124 2.239041 1.196011 1.646776
-15.45538 -31.3518 12.48247 1.28844 -2.667829 1.720785 2.281173 -2.383597 1.443871 5.783525 -1.558496 3.179517 4.832971 0.579693 0.95079
6.544624 -33.3518 12.48247 1.894551 1.217395 2.0146 -0.857045 1.76603 3.407329 1.032808 0.888068 1.38415 -2.097195 1.944192 3.336782
4.544624 -33.3518 12.48247 0.988947 1.1394 2.628428 -0.455665 -0.437902 4.011339 0.948025 0.53339 1.448306 -2.655129 -1.074004 3.968575
2.544624 -33.3518 12.48247 5.260986 -1.967158 3.051249 -1.036495 3.762318 -0.122422 3.678504 -1.622862 2.388116 -1.114843 -0.809829 0.204399
6.544624 -35.3518 12.48247 -0.794853 2.315536 -0.694238 0.072617 0.615089 3.85216 -2.153891 1.415437 -0.923471 -1.412438 1.504527 4.348846
4.544624 -35.3518 12.48247 -1.485889 -0.610933 -0.660761 0.254864 -0.099583 1.858701 -2.979337 -1.341891 -2.008211 -2.074469 -0.580637 2.314756
6.544624 -37.3518 12.48247 -1.635902 1.961902 -1.601095 1.050946 -1.494874 3.710138 -2.667468 0.126421 -0.929032 -1.215051 0.054752 4.303014
4.544624 -37.3518 12.48247 -2.721275 -1.795501 -2.836462 -0.182632 -1.072766 0.515485 -5.627525 -3.205938 -3.721096 -2.344729 -1.015972 0.709443
-13.45538 -21.3518 14.48247 0.691761 0.436781 -0.056533 -0.914056 1.498978 -0.336248 0.381659 3.28276 1.271643 1.436763 -0.007314 -0.642442
-13.45538 -23.3518 14.48247 1.52043 -5.738583 2.146873 -5.519288 1.681633 -3.966969 -0.920287 -3.406856 1.985338 -3.149228 0.366851 -4.682256
-15.45538 -23.3518 14.48247 -0.830421 -1.065133 0.366658 -4.919823 -0.09678 -2.298843 -1.227442 -0.525065 1.014519 -3.79828 -2.045563 -4.374494
-13.45538 -25.3518 14.48247 -0.802003 -0.613806 2.672276 -2.273752 0.549963 -1.734627 -0.309199 2.119901 2.716493 -0.159666 0.479858 -1.331527
-15.45538 -25.3518 14.48247 -1.460407 0.134145 -0.474511 -1.608596 0.380562 -2.084867 0.130308 0.723408 1.659066 -1.103997 -0.051182 -2.458726
-15.45538 -27.3518 14.48247 -0.65972 -0.924058 -0.124926 0.467497 -1.644838 -2.427726 1.168857 -0.603596 3.520401 0.660317 1.721766 -0.121183
6.544624 -31.3518 14.48247 4.26148 -2.800678 4.641063 -0.26439 -0.154263 -0.692658 2.935862 -2.868925 3.832283 1.186251 -0.952714 -0.356444
6.544624 -33.3518 14.48247 3.239207 0.03606 4.995802 0.522962 1.497614 1.28836 4.331723 -1.794155 4.116282 0.050102 1.691312 0.364965
4.544624 -33.3518 14.48247 1.729318 -0.023814 2.855493 1.095624 0.34096 0.41278 3.99965 -0.386708 0.953868 0.636474 1.29072 -0.941166
8.544624 -35.3518 14.48247 -2.050001 0.202844 1.492839 1.462303 -0.931566 0.536957 -0.755334 2.100967 2.782858 1.875779 1.232557 1.057427
6.544624 -35.3518 14.48247 1.019401 2.504008 2.86869 1.238394 0.667173 2.151678 2.595028 0.593143 3.270588 0.862452 2.015471 1.226213
4.544624 -35.3518 14.48247 -1.630044 1.501534 -0.053154 1.602211 -0.717767 1.692538 1.916533 1.493211 -0.002146 1.851156 1.737225 -0.060475
8.544624 -37.3518 14.48247 -1.317704 -1.896809 -0.735498 0.417644 -3.527706 -1.343859 -0.820351 0.809495 0.347055 1.391186 -0.582947 1.163694
8.544624 -35.3518 16.48247 -0.790883 1.091942 -0.493867 1.271641 -0.691492 1.781433 0.062543 1.702609 0.80366 2.211257 -0.053835 0.884344
6.544624 -35.3518 16.48247 0.708809 -0.117179 0.480959 -0.288762 0.260478 0.852645 1.035351 0.030417 0.857681 1.335086 1.508659 0.891151
4.544624 -35.3518 16.48247 2.05635 -1.555455 -1.080768 -0.013058 1.360923 -1.484046 3.447517 -1.153569 -0.825878 2.245859 2.094615 -2.480821
