6.369461 -2.862206 -22.96201 0.568157 4.23818 4.781422 0.743323 -1.508562 2.713951 -1.348105 0.109306 -2.092707 -1.843811 1.433185 -0.105213
4.369461 -2.862206 -22.96201 -2.4861 3.013926 -0.41329 4.113196 -2.640431 3.10959 -2.654011 2.049629 -2.002412 2.090691 -1.175844 1.765332
4.369461 -4.862206 -22.96201 -2.885229 3.978121 -2.253671 3.300895 -2.564048 -0.67852 -1.473316 -2.543823 -0.86152 3.53235 -3.809427 2.472124
6.369461 -6.862206 -22.96201 -0.598615 1.449613 0.672957 -1.828516 0.329953 -1.388858 3.687177 -0.859785 2.337397 0.518275 -1.09641 -0.597066
4.369461 -6.862206 -22.96201 -1.904 1.020464 2.404721 2.527764 0.14157 -3.648118 1.727063 -2.653566 1.26781 4.301319 -1.751295 2.698542
4.369461 -8.862206 -22.96201 -1.687242 -1.293377 8.288738 1.573888 1.679514 -3.322566 3.018903 -1.675935 3.142807 5.221946 0.324749 3.257098
4.369461 -10.86221 -22.96201 -0.31334 -0.958578 7.97844 0.009957 2.053614 -1.364632 2.865519 -1.92684 3.808249 5.741376 2.121439 1.589303
0.369461 3.137794 -20.96201 -7.705776 3.446754 -10.22749 3.644516 -1.42062 0.890776 -3.425132 2.591554 -6.479774 -1.998204 -0.988077 2.990958
0.369461 1.137794 -20.96201 -0.842785 3.214969 -5.599721 5.607231 0.563401 1.109904 1.34438 0.590697 -3.403144 -0.870375 0.134901 -3.584533
-1.630539 1.137794 -20.96201 -1.666524 -0.67599 4.371613 -3.155571 1.150939 4.492708 -0.319032 -3.789603 -1.815192 -1.209918 -1.28392 -3.540197
0.369461 -0.862206 -20.96201 0.391422 6.477743 -2.633296 3.712871 -0.947097 -0.569925 -0.562118 0.865816 -1.809811 3.360074 -7.111025 -3.07882
-1.630539 -0.862206 -20.96201 -1.117407 1.459733 0.843933 -1.954962 -1.289745 1.84047 -1.505193 -3.546221 -2.594558 0.619386 -6.917043 -4.165581
6.369461 -2.862206 -20.96201 -5.04508 -0.643029 -1.321593 -3.198791 -7.548518 0.220757 -2.680265 2.553345 -4.167473 -3.630269 0.903536 -0.055642
4.369461 -2.862206 -20.96201 -6.55183 1.232336 -8.93178 2.091834 -6.61229 7.301666 -3.30292 3.670018 -2.748446 0.127469 -0.285819 2.198034
-3.630539 -2.862206 -20.96201 0.486107 -1.660205 1.083322 -5.044372 2.431074 -2.923093 -0.216797 -2.369985 -0.326154 -0.006459 0.912692 -1.774073
6.369461 -4.862206 -20.96201 -4.577081 0.719426 -3.089244 -1.296343 -6.954038 2.217884 1.274522 2.289192 -2.074839 -0.023932 0.37277 1.145936
4.369461 -4.862206 -20.96201 -6.8322 1.094653 -10.64902 2.840216 -6.815738 1.031408 -3.782684 -0.105507 -1.911771 -1.291857 -2.738196 2.934108
-1.630539 -4.862206 -20.96201 1.819901 -0.796333 1.771586 -2.871792 1.634187 -1.060314 1.367602 -2.765529 1.079392 -3.958043 0.416778 -3.487586
-3.630539 -4.862206 -20.96201 3.32849 -0.850473 -1.19767 -3.011662 1.361656 -5.939714 1.105546 -1.323232 0.125493 -2.15137 1.981103 -0.222797
8.369461 -6.862206 -20.96201 -2.841527 0.204348 -2.909737 -2.066087 -2.379195 -0.957128 -0.011652 1.523314 -1.80791 1.822109 -1.191403 0.979688
6.369461 -6.862206 -20.96201 -4.32706 -0.910447 -4.358896 -2.34217 -5.023048 1.844406 2.43545 1.75147 -0.703707 1.073223 -0.249874 0.668318
4.369461 -6.862206 -20.96201 -3.351677 0.170833 -6.397294 3.519899 -3.832212 -3.547511 -1.377491 -1.272176 -1.294794 -1.556955 -1.109195 2.238346
0.369461 -6.862206 -20.96201 -0.721217 -1.581215 0.497865 0.20054 0.811176 1.627982 2.575876 -1.792632 0.103867 2.210446 3.423005 -0.319529
-1.630539 -6.862206 -20.96201 -0.212644 0.163013 -3.065593 0.716408 1.914945 -0.642635 1.422964 -0.176504 0.263103 -1.72572 2.421026 -0.056779
6.369461 -8.862206 -20.96201 -4.141348 -0.9496 -3.833089 -3.6714 -4.024858 0.820938 -0.756458 1.145798 -1.094236 1.832926 -1.577539 1.313423
4.369461 -8.862206 -20.96201 -0.780265 -1.925998 0.913576 2.268878 -0.840043 -1.671559 -0.288944 -1.528575 -0.210669 0.169886 -0.364936 0.458265
0.369461 -8.862206 -20.96201 -1.476394 -1.922878 -1.54869 -1.032712 1.691487 -0.584402 1.591809 -1.342128 -0.332637 0.610967 2.072585 0.456696
6.369461 -10.86221 -20.96201 -4.326733 0.87816 -4.156218 -3.251563 -4.439412 0.162138 -2.733929 1.034071 -1.806012 2.444141 -2.705743 1.872162
4.369461 -10.86221 -20.96201 0.551811 -1.830852 4.555736 0.354547 0.868396 2.275479 0.63593 -2.499981 0.885083 2.161305 -0.459263 -1.110998
0.369461 -10.86221 -20.96201 -1.607649 -1.797686 -0.357063 -3.234767 1.331288 -1.892999 -1.300162 -1.479727 -2.230763 -0.715561 -1.361256 -1.866979
0.369461 1.137794 -18.96201 -5.227345 -3.915537 -1.365002 -1.669958 -0.781197 -1.156122 -2.526542 -3.050501 -4.786795 -5.647245 -5.615801 0.693086
-1.630539 1.137794 -18.96201 -3.079051 -4.661602 3.27597 -2.048233 0.149703 -1.081039 -2.501126 -1.997528 -1.236173 -8.313035 0.798446 -5.966059
8.369461 -0.862206 -18.96201 -3.860412 2.152143 1.682141 -1.997446 -3.763904 0.500527 0.404408 -3.498933 -4.061353 -0.653462 -2.781108 -2.926729
6.369461 -0.862206 -18.96201 -8.699605 0.633665 -4.948349 -6.164282 -10.60869 -2.963171 -2.583875 -0.946415 -5.625443 -5.382637 -4.048429 -5.019141
0.369461 -0.862206 -18.96201 -0.552025 -3.2069 1.785594 -5.305534 -2.732837 -3.420002 -2.647491 -2.657515 -4.556479 -4.997763 -7.844161 0.1688
-1.630539 -0.862206 -18.96201 3.217356 -1.073276 4.9032 -5.350237 -0.284416 -2.654578 -3.938428 -4.4478 -2.110832 -4.889936 -1.700484 -5.987976
-3.630539 -0.862206 -18.96201 0.147925 0.065404 -0.709181 -0.455825 0.681351 -5.04707 -2.061317 -0.185327 -1.819815 -2.754689 2.243438 -2.917215
8.369461 -2.862206 -18.96201 -5.424049 2.033192 -0.351959 -3.216202 -4.395298 1.568255 -0.20483 -0.079514 -4.759137 -0.448313 -3.816616 -1.939248
6.369461 -2.862206 -18.96201 -9.473747 -2.018335 -8.422868 -8.38821 -10.63024 -5.144874 -0.871107 3.077661 -4.134443 -6.557974 -2.086765 -1.609741
4.369461 -2.862206 -18.96201 -2.115583 0.713566 -8.774907 -3.055605 -5.826122 2.997887 2.832063 1.050951 -1.71631 -4.895262 -0.049585 2.753389
-1.630539 -2.862206 -18.96201 2.122862 0.476108 0.762571 -2.471748 -1.820239 0.489408 -1.74163 -3.907599 -3.138103 0.883904 -3.952443 -1.742089
-3.630539 -2.862206 -18.96201 2.628476 1.525773 0.36252 -1.595981 0.96997 -1.46589 -0.45052 2.258347 -2.233484 3.869289 1.396286 3.324728
8.369461 -4.862206 -18.96201 -3.133075 1.300263 -3.179594 -2.721831 -3.059788 1.599625 1.243516 0.94548 -5.269149 -1.842884 -5.371902 -1.436322
6.369461 -4.862206 -18.96201 -4.711304 -2.577633 -7.032072 -4.203462 -6.856164 -3.167885 0.924712 3.896751 -2.905232 -4.989736 -1.377088 -0.339986
4.369461 -4.862206 -18.96201 -3.541304 -0.527176 -11.64075 -0.754869 -6.427671 -2.713914 0.728798 1.667717 -1.634948 -8.638898 -2.189032 2.191941
-1.630539 -4.862206 -18.96201 -0.451904 -0.403529 -1.945138 -0.801648 -2.412931 2.407968 0.04158 -1.495078 -2.998216 0.054002 -2.125235 -0.22042
-3.630539 -4.862206 -18.96201 1.53958 1.31976 -2.130754 0.094332 -1.300853 -0.970941 0.756313 2.394807 -3.24468 3.931744 -0.559092 4.76802
8.369461 -6.862206 -18.96201 1.05874 0.186654 -5.384284 -2.01869 -0.78731 -1.928933 1.444273 1.399076 -4.17449 -2.231238 -2.264926 -0.650935
6.369461 -6.862206 -18.96201 -1.667906 -2.267006 -7.485605 -1.843042 -3.352452 -1.878817 1.340727 1.976907 -3.132445 -2.515304 -0.543658 -0.269308
4.369461 -6.862206 -18.96201 -4.519402 -0.018658 -12.27229 0.907204 -6.282549 -7.172877 -1.953007 1.10473 -2.662758 -9.164036 -3.365355 0.703679
0.369461 -6.862206 -18.96201 -2.262413 -5.256866 -7.174236 0.068043 -3.511122 -0.483051 -0.302993 -0.217895 -3.065313 -7.474763 0.789323 -0.941912
-1.630539 -6.862206 -18.96201 -1.763921 -0.038415 -4.490133 1.822252 -1.942143 1.365603 0.817268 0.514359 -2.937085 -2.380474 -0.067371 0.545679
8.369461 -8.862206 -18.96201 2.565212 -0.599769 -6.125012 -1.263349 -1.324676 -6.840911 -0.576848 0.953816 -3.376456 -2.242344 0.218326 0.821632
6.369461 -8.862206 -18.96201 -1.302334 -2.861306 -8.406669 -3.148495 -1.293646 -3.981095 -0.394385 -0.074954 -3.987524 -0.331751 -0.757081 -0.023076
2.369461 -8.862206 -18.96201 -3.651674 -3.027971 -5.763733 1.729383 -4.40904 -3.154232 -3.039082 -0.974102 -2.054787 -8.965899 -2.214195 -0.413937
0.369461 -8.862206 -18.96201 -1.764747 -3.701319 -7.14856 2.7445 -0.601557 -1.74704 0.382199 -1.520673 -1.840965 -6.87934 0.712472 -0.806065
-1.630539 -8.862206 -18.96201 -1.972127 -0.448415 -5.83165 2.145366 -0.107495 -1.39626 0.717368 -0.086752 -2.482236 -2.840528 0.564407 1.252783
6.369461 -10.86221 -18.96201 -1.723203 -1.826915 -6.489641 -1.871735 -0.30921 -3.711272 -0.548064 -0.869403 -3.133782 1.142985 -2.4627 -0.899416
0.369461 -10.86221 -18.96201 -2.016083 -1.501943 -5.390224 1.493884 1.682709 -3.963404 -0.624065 -3.525904 -1.444154 -6.689972 -1.766071 -2.510949
0.369461 1.137794 -16.96201 -0.200864 -2.443707 0.130191 -6.394838 2.254959 1.982404 -3.793655 -3.314588 -4.47513 -3.617549 -4.165423 -1.261047
8.369461 -0.862206 -16.96201 -3.280452 0.447226 -0.133971 -5.994444 -1.220255 -2.168823 -0.77085 -5.599671 -5.347554 -1.298249 -2.797092 -6.568707
6.369461 -0.862206 -16.96201 -3.959612 -2.107981 2.546072 -4.703447 -0.035766 -4.116226 -2.948046 -4.291241 -3.079059 -4.107933 1.251992 -7.5032
-1.630539 -0.862206 -16.96201 7.42774 0.755329 9.693539 -5.116682 4.890796 -0.868527 1.459226 -1.991802 1.335093 -2.913321 6.998028 -1.496184
-3.630539 -0.862206 -16.96201 5.539625 -0.340586 4.612337 0.660941 5.83172 -4.133958 2.551167 0.077178 -0.817256 -3.625769 5.452301 -0.934507
-5.630539 -0.862206 -16.96201 4.718795 1.160276 1.631441 4.249116 4.141186 -2.102971 4.885546 -0.905625 -1.915521 -4.755177 4.415934 -1.120003
8.369461 -2.862206 -16.96201 -4.637096 1.265965 -0.73767 -5.347545 -1.863914 -0.793055 -0.294171 -2.523031 -3.784163 -2.723262 1.166962 -6.449006
6.369461 -2.862206 -16.96201 -4.531871 -0.799391 0.342121 -4.444989 -1.300218 -4.035048 -1.37473 -2.681235 -1.289446 -6.220623 4.053751 -6.094694
4.369461 -2.862206 -16.96201 2.803006 2.741008 1.142301 -0.732944 -0.816428 2.857076 5.181071 1.336531 -0.827301 -3.843208 2.673822 -0.662377
-3.630539 -2.862206 -16.96201 6.593385 1.444372 1.996575 0.17652 6.390259 -3.827969 3.468078 -0.722593 0.77149 0.456639 4.247251 1.710211
-5.630539 -2.862206 -16.96201 2.473943 0.701278 -0.226685 2.177553 5.923318 -2.727371 3.101039 -3.956208 0.496895 -4.38925 2.630883 0.841298
10.36946 -4.862206 -16.96201 -1.657375 -1.752588 0.588154 -1.161984 -1.504992 -1.131814 -1.843133 -1.45067 -2.99858 -0.771499 -0.127994 -0.334072
8.369461 -4.862206 -16.96201 -0.470099 0.103695 0.440048 -2.252342 -1.464453 0.72732 -1.194213 -1.648192 -2.86972 -5.492406 1.054337 -2.962223
6.369461 -4.862206 -16.96201 -1.447665 -0.517644 0.222931 -0.784306 0.502209 -2.698995 -1.18797 1.285622 -1.957452 -5.276946 1.49898 -2.192701
4.369461 -4.862206 -16.96201 1.881994 3.927487 -1.360753 0.965124 -0.722533 0.695875 4.304748 4.679667 -3.455405 -1.650271 -1.214112 1.07986
-1.630539 -4.862206 -16.96201 0.734641 1.001284 0.792982 4.166019 1.395176 -0.183371 2.986852 -1.208848 -1.563561 1.675009 2.477381 -2.80702
-3.630539 -4.862206 -16.96201 1.686023 2.065274 -3.852225 1.591369 0.851442 -0.472272 0.862032 -0.000548 -1.754285 1.908386 -0.978233 1.793463
10.36946 -6.862206 -16.96201 1.123601 -1.473226 -0.139435 -1.356042 1.99973 -1.161891 1.791056 -0.338603 0.966341 -4.141484 0.561193 -0.727131
8.369461 -6.862206 -16.96201 3.345354 -2.049032 -1.843505 -2.867863 0.254316 -1.221346 -0.623553 -1.776897 -1.890094 -7.433636 -0.327958 -1.351624
6.369461 -6.862206 -16.96201 0.665478 -0.497658 0.77693 -0.981822 1.091172 -1.670443 -1.276359 2.915921 -2.437865 -2.58906 -1.549684 -0.194557
4.369461 -6.862206 -16.96201 -1.564104 3.21188 -1.059544 1.865985 0.067661 -4.446873 0.657551 6.674761 -4.38527 -1.885442 -4.166469 1.167352
-1.630539 -6.862206 -16.96201 -4.686924 0.651638 -3.010144 2.542913 -3.252141 -0.766178 -1.209565 -0.337605 -3.680512 -2.497123 0.281771 -4.049188
-3.630539 -6.862206 -16.96201 -5.491109 1.762921 -10.74093 3.83273 -6.251708 -0.342445 -3.34521 -0.784706 -4.682211 -1.425962 -5.626999 -0.913499
8.369461 -8.862206 -16.96201 4.384874 -3.456323 -2.431275 -4.294813 -0.012818 -5.252758 -1.570946 -1.161176 -2.379172 -6.892591 0.524822 -1.169853
6.369461 -8.862206 -16.96201 0.836637 -0.517569 -0.3019 -3.783044 -0.09229 -2.20485 -1.731986 3.118483 -2.311274 0.803799 -1.472122 1.331223
4.369461 -8.862206 -16.96201 -3.703591 2.751047 -1.893613 3.234404 -0.658233 -6.636647 -2.448419 6.259982 -3.855686 0.313744 -4.039919 1.283861
0.369461 -8.862206 -16.96201 -2.474048 -1.743127 -4.530048 2.254832 -2.059831 0.494533 2.239002 -2.227545 -1.256765 -6.775777 -1.195863 -3.863851
-1.630539 -8.862206 -16.96201 -5.251652 1.254343 -7.617833 2.872978 -6.918259 -1.031236 -3.940675 -1.858846 -3.958267 -4.774421 -2.376462 -2.226802
8.369461 -10.86221 -16.96201 2.204872 -1.83212 -0.83563 -1.633711 -3.380585 -5.194396 -3.039979 -1.578746 -4.528573 -4.96174 0.071005 -1.627257
6.369461 -10.86221 -16.96201 0.065037 -0.467844 -2.011371 -2.65652 -1.186901 -3.922316 -2.297957 1.647547 -2.463739 1.141485 -0.741606 -0.098879
4.369461 -2.862206 -14.96201 3.700951 1.692353 3.874938 4.81549 5.93153 6.588647 1.635985 1.759636 -0.154232 1.871195 1.850244 -2.18732
2.369461 -2.862206 -14.96201 7.293008 5.160564 8.235891 5.837505 7.532977 3.789716 1.753425 -3.903788 -0.513081 1.758828 1.951246 -3.931614
8.369461 -4.862206 -14.96201 -0.007099 -1.461806 0.372732 -0.678592 -0.273938 -1.655377 0.170686 -2.790637 -1.102167 -2.027091 3.163795 -3.581922
4.369461 -4.862206 -14.96201 4.159873 1.929108 -0.487059 3.198456 0.79914 1.112232 2.070414 1.081042 -1.308514 3.935024 2.412792 -2.703038
2.369461 -4.862206 -14.96201 4.730532 1.667098 1.712493 3.365732 5.292818 0.366138 3.436877 -7.100895 0.08179 -2.308592 7.219084 -5.123265
-3.630539 -4.862206 -14.96201 2.245499 1.850304 0.937014 -5.08537 3.977966 0.248759 0.981375 -3.811439 -1.607532 -1.129434 -1.829574 -2.483727
-5.630539 -4.862206 -14.96201 -0.286953 -1.708613 -1.548074 -5.206811 2.849722 1.839988 -1.956394 -5.67504 -0.034289 -5.93605 -3.748761 -5.436724
10.36946 -6.862206 -14.96201 1.393054 -7.4364 -3.388778 -6.26993 1.584128 -1.296914 1.311136 -1.571831 1.617617 -4.345617 0.851651 -2.979053
8.369461 -6.862206 -14.96201 0.997283 -2.855756 -1.715204 -0.313838 1.323468 -0.525685 1.44357 -2.29928 -0.871269 -1.964306 2.055736 -1.624861
6.369461 -6.862206 -14.96201 0.607734 -0.263718 0.719326 1.649104 1.38556 -0.348433 -0.716704 0.718632 -2.422412 3.11292 0.854415 -1.878951
4.369461 -6.862206 -14.96201 0.470555 1.471312 1.664232 1.546937 2.096386 -3.802505 0.655787 0.70594 -2.666009 3.884817 -0.754619 -2.872573
-3.630539 -6.862206 -14.96201 -1.271056 1.781631 -2.724472 0.871313 -1.31263 0.967172 -3.655389 -0.522123 -4.386475 -1.994715 -4.720395 -2.184552
-5.630539 -6.862206 -14.96201 -1.085124 -1.747354 -4.12416 -1.735016 0.246136 -0.099213 -3.378009 -2.157462 -0.446364 -4.190046 -5.393809 -4.798258
10.36946 -8.862206 -14.96201 3.584639 -7.248496 -0.433384 -8.112291 3.974103 -1.504591 4.632673 -0.611049 3.291637 -6.348493 1.356982 -2.806951
8.369461 -8.862206 -14.96201 1.767666 -2.532764 -2.553752 -2.096976 2.39625 0.170947 1.902563 -0.574609 -0.348492 -2.338912 -0.035031 -0.041687
6.369461 -8.862206 -14.96201 0.633178 -1.609542 1.733783 -2.772265 1.823428 -1.416623 -0.571055 -0.010078 -1.439585 2.258068 0.278108 -2.062187
4.369461 -8.862206 -14.96201 -1.340923 0.099927 6.556004 0.441958 5.122973 -5.843285 0.210931 0.618884 -0.036645 2.303659 -1.005251 -3.076009
2.369461 -8.862206 -14.96201 1.659721 -4.063924 7.210609 1.033568 8.694307 -6.310706 3.927658 -2.61392 4.351659 -2.963025 1.738559 -4.888983
0.369461 -8.862206 -14.96201 1.937584 -0.25706 3.974154 -0.070954 3.189297 -2.301223 2.307543 -2.774154 2.798368 -5.88882 3.240195 -5.520963
-1.630539 -8.862206 -14.96201 -1.862916 2.873069 -0.281547 5.087611 -2.388783 -0.138386 -4.756272 -0.813756 -3.206563 -4.557976 -1.774644 -0.8949
-3.630539 -8.862206 -14.96201 -3.363379 1.313073 -3.783666 7.717305 -4.848452 1.944912 -6.172295 0.716832 -4.225377 -2.648772 -5.84545 0.229467
8.369461 -10.86221 -14.96201 2.124938 -1.912112 1.543743 -3.789018 1.292717 -1.733237 -0.639096 -0.522667 -0.621247 -1.990345 0.477389 0.234387
6.369461 -10.86221 -14.96201 -0.081501 -1.713776 1.83217 -4.367868 0.123227 -2.171887 -1.374672 -1.224909 0.142213 1.366212 1.406929 -2.614512
4.369461 -10.86221 -14.96201 0.891612 0.218545 7.31961 0.891866 3.213593 -4.352328 0.229974 0.368229 1.959338 1.912329 1.80317 -2.899728
2.369461 -10.86221 -14.96201 3.678178 -0.539872 9.514944 3.545578 6.416695 -3.021491 3.13988 0.845345 3.677121 -0.01737 1.404527 -3.570527
-1.630539 -10.86221 -14.96201 -0.143503 2.778102 -2.082158 4.736498 -5.923647 1.363176 -3.113634 0.097214 -0.458519 -4.07148 -2.344324 2.295615
-3.630539 -10.86221 -14.96201 -0.941599 -0.104415 -2.549048 7.097801 -4.853725 1.234813 -4.858528 -0.53838 -1.163176 -2.311601 -4.274164 2.148179
6.369461 -12.86221 -14.96201 -1.846873 -0.125008 -1.222529 -2.368559 -2.281016 -2.432359 -3.579405 -1.630823 -2.152401 -0.811775 -0.964048 -3.546372
4.369461 -12.86221 -14.96201 2.601617 2.049507 4.169668 2.953802 -1.517033 0.632051 -2.190331 0.138698 -0.714428 1.762506 3.351548 -2.780266
4.369461 -2.862206 -12.96201 2.928423 0.444481 4.087862 -0.184586 2.812625 4.731433 -2.193187 -0.854724 -0.132267 2.594967 -2.819926 -5.039882
6.369461 -4.862206 -12.96201 -0.959545 2.137225 -1.60631 3.291916 -2.090952 4.282282 -1.514857 -1.525619 -0.334827 1.337705 -1.592705 -0.246131
4.369461 -4.862206 -12.96201 7.518826 -1.415832 2.925105 0.005651 0.94727 0.402286 1.418962 -4.882836 2.835026 -1.025773 3.141757 -5.938654
2.369461 -4.862206 -12.96201 6.893277 -1.489136 7.42254 0.612212 1.890889 -2.241921 2.005009 -7.482594 2.266083 -5.815815 4.294375 -6.045614
-3.630539 -4.862206 -12.96201 -2.330635 2.982928 1.568837 -1.642397 -0.452039 1.765042 1.888064 0.530845 -0.473059 3.935741 2.312411 -1.977927
-5.630539 -4.862206 -12.96201 -1.870329 0.062421 -1.595177 -2.772192 -1.858968 -0.232253 -1.511647 -3.538123 -2.491053 2.354905 0.768213 -2.807523
4.369461 -6.862206 -12.96201 7.740988 -2.102893 5.211685 1.355745 2.443539 -2.995343 2.667702 -5.80991 3.261623 -4.703502 4.503811 -6.628038
0.369461 -6.862206 -12.96201 2.684872 -1.018152 6.622074 -2.299791 1.78222 1.929042 -1.597833 -1.388544 0.271204 -4.165846 2.613319 -2.651742
-1.630539 -6.862206 -12.96201 -0.150589 3.11538 1.991525 -4.683958 0.2046 1.616292 -0.20377 0.64331 -2.490003 0.660504 0.638883 -0.378855
-3.630539 -6.862206 -12.96201 -1.551282 0.957128 0.379016 -3.862641 -2.735608 0.57522 -0.555602 -1.694487 -3.238966 1.365411 -0.977062 -1.460707
-5.630539 -6.862206 -12.96201 -2.047752 -2.715164 -4.31923 -5.054898 -1.689922 -2.811917 -1.617166 -2.54528 -3.641299 0.377131 -1.165554 -3.245232
10.36946 -8.862206 -12.96201 -1.351309 -3.526297 -4.730133 -3.553051 0.040051 -1.364342 -2.405669 -0.786503 -2.024284 -1.355199 -2.371795 -2.209436
8.369461 -8.862206 -12.96201 -0.572647 -0.174377 1.160547 -3.390691 1.920237 -1.204705 0.157604 -0.873536 0.546776 1.245278 0.647143 -2.990866
4.369461 -8.862206 -12.96201 3.442157 -2.256265 7.024547 2.77111 4.249578 -3.402608 1.721102 -3.637879 2.729918 -5.231314 2.020106 -7.056079
2.369461 -8.862206 -12.96201 6.448197 -2.919111 11.14803 7.347435 10.3691 0.681491 5.758836 -4.398014 4.347404 -6.143479 4.207766 -4.112723
0.369461 -8.862206 -12.96201 5.053688 -0.066142 7.296286 0.888701 7.706439 1.65785 3.70928 -1.469932 4.407348 -2.441767 3.791152 -3.020588
-1.630539 -8.862206 -12.96201 2.666707 3.060893 4.657197 -0.646894 3.158563 4.208024 -0.690842 0.205535 -0.255281 -0.101179 1.139757 0.34995
-3.630539 -8.862206 -12.96201 0.668754 1.206644 2.242995 1.045724 -1.88555 1.641517 -2.427318 0.997513 -3.654944 0.684594 -1.711344 0.611355
-5.630539 -8.862206 -12.96201 -1.363731 -1.600165 -2.487031 0.02379 -1.045329 -2.522326 -1.577515 0.758782 -3.511167 -0.942255 -1.629401 -0.964602
8.369461 -10.86221 -12.96201 0.856935 1.715399 4.668458 -0.323663 2.935141 -0.810165 0.545629 -1.120497 0.558692 0.130335 -2.698151 -1.899389
6.369461 -10.86221 -12.96201 0.626336 -0.683405 3.529652 -1.700032 1.468415 0.626367 -0.050386 -1.096227 0.917037 -0.477606 0.000735 -3.445489
2.369461 -10.86221 -12.96201 6.687481 -0.655829 12.03884 8.772222 9.551265 2.179228 4.658439 -1.076648 4.815526 -0.028943 3.323457 -2.302197
-1.630539 -10.86221 -12.96201 5.311706 4.336993 7.358428 1.918385 5.479017 5.369685 0.470425 0.874304 3.419459 -1.107398 0.800549 1.325893
-3.630539 -10.86221 -12.96201 2.611565 0.907477 5.347141 2.828949 0.600243 2.248648 -2.199576 2.405445 -0.75635 0.00257 -0.934061 1.735125
8.369461 -12.86221 -12.96201 3.031149 2.522093 4.569969 2.342758 1.786974 -1.798156 1.006897 -1.747994 -0.154291 -2.496071 -1.974722 -1.979281
6.369461 -12.86221 -12.96201 0.581824 0.353261 2.666429 1.222643 1.090189 0.498255 -0.323006 -1.9249 -1.022388 -1.509025 -1.710115 -3.793889
4.369461 -12.86221 -12.96201 2.276731 0.087227 6.02174 2.911503 0.48368 -0.122897 -0.758904 -1.718703 1.600403 -0.199936 3.674544 -4.560747
2.369461 -12.86221 -12.96201 6.23054 2.9911 11.65593 9.433214 5.82812 4.791757 2.083977 -1.121738 2.521808 3.752186 4.999679 -2.286095
6.369461 -4.862206 -10.96201 0.722319 0.218133 4.992043 2.530871 3.518378 3.72523 -0.180292 -3.572071 -1.852401 0.000885 0.999012 -3.710572
4.369461 -4.862206 -10.96201 5.049946 -0.666526 11.32687 0.496774 4.509409 2.516639 5.462591 -4.707962 4.338596 -1.404164 4.05661 -8.726232
8.369461 -6.862206 -10.96201 0.986472 -1.126038 1.388779 3.059168 -1.134979 -0.760079 -2.704288 -1.654301 -1.409089 -2.649287 2.307932 -2.883036
6.369461 -6.862206 -10.96201 2.082797 2.183414 2.497517 2.003258 0.432535 1.050747 0.058409 -2.683917 -1.590588 -0.805866 2.413883 -3.335807
4.369461 -6.862206 -10.96201 9.094965 0.033928 10.60493 3.044388 5.069635 -0.181263 6.697471 -3.98258 2.533374 -4.238987 7.340413 -6.409307
0.369461 -6.862206 -10.96201 3.267635 -1.134842 5.725154 -1.882782 1.300482 1.158498 -1.602252 -0.902547 -2.612084 -3.589266 2.264848 -4.245268
-1.630539 -6.862206 -10.96201 1.913607 0.508026 5.844815 -3.240282 -0.336283 4.911079 0.759293 0.643209 -1.344596 1.010204 1.612231 -3.452815
-3.630539 -6.862206 -10.96201 2.019951 -0.251996 1.710454 -1.138047 0.161 2.453614 4.938474 -2.626953 1.340551 2.992966 4.001089 -3.788507
-5.630539 -6.862206 -10.96201 -0.055351 0.340344 -1.039757 -0.119598 0.804768 0.450825 3.316452 -2.725764 -2.277474 7.833587 2.822124 -0.041958
4.369461 -8.862206 -10.96201 8.989591 2.93701 10.00217 7.246492 6.600112 2.021646 4.127329 -2.382988 -0.056027 -2.640541 6.471948 -4.026809
0.369461 -8.862206 -10.96201 3.088694 3.039571 5.0749 3.689336 2.571302 5.012281 -1.261097 -0.456268 -2.416072 0.79576 2.328925 -2.569652
-1.630539 -8.862206 -10.96201 3.00157 1.685459 6.130698 -0.54351 0.320065 6.547867 -0.773355 1.878913 -2.167188 1.017505 1.277132 -1.350868
-3.630539 -8.862206 -10.96201 3.636224 1.732958 1.543368 -0.436032 0.768388 3.37802 2.924659 -1.298536 -1.02508 1.550967 0.764135 -2.433253
-5.630539 -8.862206 -10.96201 1.656962 0.611653 -1.660089 -0.285028 2.642699 0.284736 3.093827 -0.592458 -0.902546 3.079124 0.963434 -0.669581
4.369461 -10.86221 -10.96201 4.829093 4.616462 5.083511 8.659756 4.275282 1.116179 1.039952 -3.069772 0.27465 -0.772905 3.514909 -2.249436
4.369461 -12.86221 -10.96201 1.061682 3.233085 1.015649 7.593118 1.459106 -0.635718 -0.367835 -3.138413 0.600907 0.714117 0.686367 -2.287154
2.369461 -12.86221 -10.96201 2.541502 4.837409 4.127141 12.4621 4.227396 4.024949 -2.110503 -1.707905 -0.941115 1.463668 0.694012 -1.627474
6.369461 -6.862206 -8.962013 1.414558 0.42599 1.257843 2.736462 1.612118 1.988961 2.362325 -1.155661 -0.74219 -0.194766 2.155932 -3.859247
0.369461 -6.862206 -8.962013 -1.886232 -4.146045 -2.49227 -3.448364 2.422701 -0.550161 1.993884 -4.588616 -2.274135 -4.795907 1.883571 -6.499078
8.369461 -8.862206 -8.962013 2.056755 -1.411648 -0.604505 0.584358 0.426667 0.270784 -3.971906 -2.721469 -1.41521 -0.863904 1.69107 -1.202762
6.369461 -8.862206 -8.962013 -0.01253 0.022061 -0.431714 0.304941 -0.191232 0.744863 -0.368338 -0.744809 -3.323117 0.084711 -0.235113 -3.967299
4.369461 -8.862206 -8.962013 2.406021 0.589764 3.162688 0.526318 1.648513 6.234523 1.878693 0.387897 -3.699066 3.51792 2.896456 -3.637731
2.369461 -8.862206 -8.962013 6.639602 -0.331535 3.086021 1.711069 5.233858 1.446385 3.825141 -0.801261 0.466361 2.432148 2.998266 -2.884673
0.369461 -8.862206 -8.962013 0.490692 -1.266515 0.562909 -2.448037 2.18447 -0.069703 0.141617 -2.950439 -1.95908 -5.454978 -1.72955 -4.3718
6.369461 -10.86221 -8.962013 0.865022 2.63001 -0.231961 -0.142597 2.272623 1.131902 -2.217505 -2.20576 -2.953276 -0.307818 -0.558144 -0.860711
4.369461 -10.86221 -8.962013 2.820947 3.086996 2.253025 2.730289 2.850306 6.12686 -2.168277 -2.509905 -3.010872 1.795737 0.257606 0.467109
8.369461 -8.862206 -6.962013 1.502705 0.844626 -3.652832 -0.335094 -0.355616 -1.228892 -2.239295 -3.244606 -0.558663 -0.766348 0.810004 0.544788
6.369461 -8.862206 -6.962013 5.368772 -0.705906 -3.581479 -0.773299 0.066707 -0.052336 3.276791 -0.97306 0.555211 -0.089276 -1.405971 -4.636622
