3.754929 -7.455414 -8.737919 5.950373 1.962652 7.20331 3.652985 4.56269 2.266413 7.327211 1.969471 7.081386 -1.07505 1.769108 0.218806
3.754929 -9.455414 -8.737919 6.254082 0.871315 5.911982 1.672247 4.883805 3.569252 7.491517 0.233508 3.21582 -3.127925 -0.149857 1.993146
3.754929 -7.455414 -6.737919 3.330505 3.42698 5.644807 3.127254 2.439708 -1.543925 9.042602 1.606097 9.229795 4.025743 1.004701 -5.511677
11.75493 -9.455414 -6.737919 3.443292 8.003814 9.582199 8.842686 2.539547 3.309209 6.21443 1.597821 13.78678 6.508053 3.538959 1.796428
9.754929 -9.455414 -6.737919 7.151759 6.886521 7.607392 4.477243 4.099597 4.362395 7.427492 5.272843 9.68728 5.258285 6.055497 4.823005
7.754929 -9.455414 -6.737919 7.99266 2.469126 0.864208 -0.246549 1.153036 4.409246 6.502611 2.057606 2.609699 -1.336512 0.07398 5.146213
3.754929 -9.455414 -6.737919 2.484933 3.997009 6.479529 2.593525 2.169903 -1.140224 9.403456 -0.965136 7.04183 0.856175 -3.035186 -5.440949
1.754929 -9.455414 -6.737919 -1.275512 1.624796 4.617857 4.736196 0.857686 1.475606 2.418154 -3.780508 6.210622 2.515893 -3.401518 -2.744374
11.75493 -11.45541 -6.737919 7.19649 6.256411 10.88612 7.815082 3.411653 2.112401 9.540423 0.856414 15.71056 5.072129 4.228668 2.60169
9.754929 -11.45541 -6.737919 8.788605 4.637482 4.170346 3.840141 3.366311 3.845963 9.523396 3.121119 5.074229 5.110498 4.533762 4.636787
3.754929 -11.45541 -6.737919 0.8621 4.039661 4.243633 2.607167 2.066206 -0.562697 4.740902 -1.561882 4.202129 0.19608 -2.723866 -3.69907
1.754929 -11.45541 -6.737919 -1.758887 1.131873 4.592273 3.18178 0.152575 -1.231704 0.821296 -2.48774 8.120201 1.295512 -3.271076 -4.263587
9.754929 -13.45541 -6.737919 9.709192 3.871271 1.464485 0.415246 1.350263 1.759824 10.01655 0.063125 1.582003 0.51049 0.882901 2.367609
3.754929 -13.45541 -6.737919 -1.993685 2.118185 1.943365 1.948629 0.328669 -1.53656 -1.523335 -0.772249 2.697762 0.35154 -0.360211 -1.865108
9.754929 -15.45541 -6.737919 7.638618 3.509576 1.792184 -1.368095 -0.41644 0.308328 6.892237 -1.733552 2.548967 -3.561543 -2.876201 0.964996
1.754929 -5.455414 -4.737919 -0.376477 2.155143 4.009732 2.69484 -1.42032 -0.617115 -0.655095 -1.27848 4.44466 3.786244 2.440451 -1.067257
1.754929 -7.455414 -4.737919 -0.625599 1.726805 3.334194 -0.049128 -2.815637 -1.484477 2.568361 -0.018872 6.170251 1.900823 0.674274 -1.449546
11.75493 -9.455414 -4.737919 4.225813 3.367152 7.687864 2.484262 3.877215 -5.312371 3.594877 0.913556 7.844389 1.604961 0.1429 -6.504859
9.754929 -9.455414 -4.737919 2.110398 0.697053 1.064243 -0.297403 1.778003 -3.57259 4.514729 3.087484 4.339934 0.075943 2.95019 0.610848
3.754929 -9.455414 -4.737919 -0.707919 3.298097 1.903708 -1.243469 -1.550903 -2.065557 0.888321 -1.436993 4.351679 -2.945125 -3.69564 -2.886739
1.754929 -9.455414 -4.737919 1.412649 3.066916 3.711713 3.31015 -2.590414 1.569762 4.264988 0.444237 7.259429 -2.344817 -2.713799 -0.957899
-0.245071 -9.455414 -4.737919 0.707237 -0.672936 2.610985 3.611756 -2.655487 0.176121 3.93706 -2.961763 7.071136 -1.386556 -1.859339 -2.645083
11.75493 -11.45541 -4.737919 3.32395 2.09843 6.935787 0.301962 3.402333 -1.865572 3.063293 0.383268 8.529522 1.349906 1.349764 -1.263758
9.754929 -11.45541 -4.737919 0.044113 0.195552 -0.183758 0.281944 0.959305 -0.325205 2.467293 1.109943 3.773859 1.691138 3.11663 2.782395
3.754929 -11.45541 -4.737919 1.141849 5.420043 1.801865 1.681482 0.910781 0.663581 2.594453 -1.007418 3.469178 -4.309747 -4.231149 -4.317764
1.754929 -11.45541 -4.737919 3.310024 4.84405 4.812767 5.86239 -0.959195 3.207665 3.537377 0.3481 8.447051 -3.902001 -4.752232 -1.353199
11.75493 -13.45541 -4.737919 4.06298 1.380387 5.877258 -0.957984 2.794438 0.293296 2.973138 -0.461095 7.788067 0.228188 2.006841 2.727226
9.754929 -13.45541 -4.737919 -1.06201 1.422662 -0.563362 -0.436242 0.474255 1.114328 0.818495 0.393695 2.588693 1.15385 4.637351 3.014798
3.754929 -13.45541 -4.737919 0.191828 3.571733 1.099643 2.365537 1.893703 2.17174 1.319917 -1.313787 1.805746 -0.968483 -1.203297 -1.674131
1.754929 -13.45541 -4.737919 2.058459 4.527257 5.389122 4.39852 0.919189 2.494651 1.176836 0.047202 8.82223 -1.067277 -2.298194 -1.191085
11.75493 -15.45541 -4.737919 5.607945 1.86754 5.551538 -0.053979 2.278217 0.41119 5.023695 -0.971131 6.274554 0.560221 2.618448 4.500836
9.754929 -15.45541 -4.737919 -0.624858 3.510187 0.607453 -1.728027 -0.00216 0.345822 -0.188791 0.832974 2.574178 -0.634212 5.484685 2.568123
1.754929 -3.455414 -2.737919 2.469125 -2.60325 -1.284346 4.271681 -1.99886 -1.677738 2.437817 -3.86097 -2.806678 5.281954 0.232089 -1.385531
3.754929 -5.455414 -2.737919 4.587495 0.409864 4.736669 2.368205 -0.575114 -5.534316 1.57174 -0.06843 4.315493 8.334345 -9.876877 1.037846
1.754929 -5.455414 -2.737919 3.04027 -1.348002 2.013131 1.557441 -2.95047 -1.963415 3.635362 -1.199637 0.766094 9.664252 -3.670296 0.559683
11.75493 -7.455414 -2.737919 5.536458 1.697209 3.195617 -1.804322 -0.202405 -4.133744 4.46017 1.679847 -3.142817 -2.317415 -1.294205 -5.493083
3.754929 -7.455414 -2.737919 3.84606 2.399644 2.663364 -0.692265 -1.885558 -2.390288 -0.345283 -1.359679 2.004004 5.865349 -9.091335 5.352809
1.754929 -7.455414 -2.737919 3.181573 -1.489903 2.682126 -1.518844 -2.842829 -0.202325 4.709038 -1.148171 2.530853 8.622897 -3.363884 3.955178
11.75493 -9.455414 -2.737919 3.119503 0.538765 0.475992 -2.303071 -1.925906 -6.766424 4.085678 0.682363 -4.076261 -1.075801 -3.080182 -7.638052
9.754929 -9.455414 -2.737919 -1.372571 -4.840661 -1.138515 1.114207 -1.242716 -3.497946 2.506126 -3.549795 3.731785 2.868217 2.423074 0.10616
3.754929 -9.455414 -2.737919 3.710487 3.401366 -0.296558 -1.57506 -2.340343 1.554871 -0.628841 -1.790455 -2.249657 1.335532 -6.027463 6.258828
1.754929 -9.455414 -2.737919 5.009694 -0.383866 1.992684 -0.371147 -1.573284 3.695293 5.616698 -0.937683 1.761523 3.021406 -0.047881 7.485447
-0.245071 -9.455414 -2.737919 1.347525 7.409846 3.022907 7.191308 0.469255 3.991104 3.073826 1.003233 5.055587 5.519029 2.675466 2.737148
13.75493 -11.45541 -2.737919 -7.340841 -4.91951 -2.561655 0.215595 -4.282654 -7.481906 -9.235415 -5.576537 -3.897851 0.304444 -0.543983 -3.669597
11.75493 -11.45541 -2.737919 -2.937753 -1.25471 -2.705 -1.258963 -1.678086 -5.588053 -1.925078 -2.687235 -5.378109 -0.236085 -3.679147 -7.996703
9.754929 -11.45541 -2.737919 -5.136971 -4.608379 -3.414639 1.599355 0.258504 -3.630554 -1.887653 -4.347745 1.855453 0.631117 2.794223 -1.995256
3.754929 -11.45541 -2.737919 5.049556 3.847545 -1.02366 -1.007254 -1.512886 3.610243 0.520256 -0.066653 -4.186704 -2.056123 -4.021581 4.702596
1.754929 -11.45541 -2.737919 6.71461 4.294476 1.40517 2.539203 -0.842669 6.27648 5.044054 1.170143 0.474059 -2.554152 1.642939 5.691144
-0.245071 -11.45541 -2.737919 2.25397 7.659202 3.048221 10.52912 1.838377 4.107263 2.357002 -0.038977 3.035429 4.62125 3.092358 0.846195
13.75493 -13.45541 -2.737919 -7.446781 -4.457669 -1.190107 -1.918055 -3.173491 -6.404627 -7.312625 -3.428146 -0.949969 -0.320329 1.337522 0.168371
11.75493 -13.45541 -2.737919 -6.115571 -4.035961 -3.070828 -1.998599 0.147917 -3.976239 -5.170664 -4.836488 -3.215916 -0.705153 -0.250442 -4.944547
9.754929 -13.45541 -2.737919 -7.035198 -4.086806 -3.828468 0.580792 2.092024 -3.738472 -4.626065 -4.565175 -0.014461 -2.022374 4.111485 -3.225643
3.754929 -13.45541 -2.737919 4.929936 3.371605 -0.484151 -0.076085 -0.422304 3.423423 0.963374 1.380431 -4.278167 -2.363797 -1.797976 2.648585
1.754929 -13.45541 -2.737919 4.96871 7.571229 0.27713 3.6185 -1.620048 5.30325 3.226164 1.671149 0.09945 -4.999305 1.265811 -0.677389
13.75493 -15.45541 -2.737919 -2.766337 -2.80327 2.561229 -2.491937 -0.891155 -3.977059 0.447168 -0.897777 3.093141 1.302536 4.993762 1.580462
11.75493 -15.45541 -2.737919 -3.393086 -5.29528 0.998934 -2.17306 3.016365 -3.85091 -0.569399 -4.3519 2.545867 0.79402 6.970034 -1.502156
9.754929 -15.45541 -2.737919 -4.0157 -0.893961 0.111548 -0.270036 3.009243 -5.196604 -2.723953 -1.499151 1.646145 -1.724149 6.934913 -4.178761
3.754929 -15.45541 -2.737919 2.77211 -0.05312 -1.711344 1.433506 0.330015 1.180303 0.042526 -0.635097 -4.952057 0.236617 1.65012 0.582424
1.754929 -15.45541 -2.737919 0.876857 2.369859 -0.848558 2.724763 -1.660581 1.89069 1.068175 -2.845819 0.328831 -3.97175 0.941594 -6.109065
13.75493 -17.45541 -2.737919 0.494822 -1.540751 4.849162 0.658077 2.421184 -0.879482 4.168693 -1.442682 4.331252 5.671606 4.231688 0.868568
11.75493 -17.45541 -2.737919 0.379544 -3.952892 6.12606 -0.07139 4.702772 -3.253481 2.959304 -3.520138 6.566301 3.893707 9.231207 -0.774999
9.754929 -17.45541 -2.737919 1.784964 1.4497 4.844047 -0.797957 3.35436 -4.113106 1.523463 1.436427 4.212264 -0.185578 7.718955 -3.258214
9.754929 -5.455414 -0.737919 -3.135593 -2.77389 -1.304093 -1.578611 -3.806242 -0.438491 -4.374722 -4.209138 -2.636243 0.919524 -3.140429 -1.420486
1.754929 -5.455414 -0.737919 4.022066 -7.772032 -0.996316 3.219094 -0.203421 -5.417158 1.357297 -8.512555 3.094206 7.113308 -2.422532 -5.545201
11.75493 -7.455414 -0.737919 0.279301 1.599884 -0.630379 -1.271435 -2.824502 0.801525 1.665113 0.443658 -1.160971 1.250515 -2.049334 -2.235382
9.754929 -7.455414 -0.737919 -4.238787 -7.188793 -0.160508 0.266375 -4.69422 1.016748 -0.563964 -8.937858 0.59162 2.496067 -0.815426 0.634639
7.754929 -7.455414 -0.737919 -7.151516 -1.743945 0.221573 1.354788 -5.582823 -1.472619 -3.906971 -4.748694 3.621293 3.418165 1.694275 5.709486
1.754929 -7.455414 -0.737919 2.151541 -5.930882 -1.066141 3.920551 -0.729235 -2.225221 1.78569 -7.255767 2.543092 8.078444 -1.376262 -1.709674
-0.245071 -7.455414 -0.737919 0.341442 -6.154752 3.133854 3.20895 -3.225093 -6.26977 0.201861 -8.337849 7.648875 6.096128 -4.137115 -7.168228
11.75493 -9.455414 -0.737919 0.249735 0.327441 -2.732504 -1.379579 -3.003751 -0.897258 5.020043 0.418186 -2.799681 1.669996 -3.417627 -4.077778
9.754929 -9.455414 -0.737919 -5.504925 -8.088263 -0.010279 1.839158 -3.397161 -1.552505 1.379497 -9.633675 1.838322 2.48363 2.221778 -1.440042
3.754929 -9.455414 -0.737919 -2.218367 -0.658247 0.448532 1.423497 2.843235 2.533718 -1.92275 -0.476413 1.305274 6.336652 8.675707 11.97461
1.754929 -9.455414 -0.737919 0.283813 -7.262423 -1.319145 2.34042 0.190114 -2.431885 3.346626 -8.211986 1.908496 5.621605 5.701977 1.126952
-0.245071 -9.455414 -0.737919 0.005406 -2.864133 2.030228 5.9732 -1.097162 -5.264491 2.082751 -9.190857 6.456398 7.480657 1.2778 -6.008406
13.75493 -11.45541 -0.737919 -1.841385 -6.219095 -1.333999 1.371526 -2.289336 -0.583923 -0.567748 -5.001351 -3.207768 3.379912 -1.464261 -0.093738
11.75493 -11.45541 -0.737919 -3.609894 -1.432254 -4.399107 -0.634932 -2.53235 -3.512273 1.253282 -2.962383 -5.999718 0.179928 -5.844422 -9.018291
9.754929 -11.45541 -0.737919 -7.051886 -7.449295 -2.574891 0.387356 -0.722062 -6.699943 -0.600638 -8.465907 -1.872307 -0.210808 1.733757 -7.570779
3.754929 -11.45541 -0.737919 -2.548928 -2.702147 -1.671956 -0.71585 0.912398 1.061716 -4.389011 0.759666 -3.388642 4.90987 7.654208 10.12433
1.754929 -11.45541 -0.737919 0.571252 -6.397386 -0.420795 1.498216 0.572786 -1.604482 3.682395 -5.433486 0.411349 3.306308 8.731138 1.132245
11.75493 -13.45541 -0.737919 -7.842211 -5.787333 -4.154752 -2.063615 -1.360846 -5.706198 -2.813109 -8.004646 -4.581999 -1.478655 -4.407534 -8.334732
9.754929 -13.45541 -0.737919 -7.466459 -8.94757 -3.994058 -1.549904 1.29896 -8.882738 -2.054324 -10.31893 -3.123682 -1.958174 1.03324 -9.008638
7.754929 -13.45541 -0.737919 -8.373359 -9.173246 -4.364706 3.796443 1.209543 -6.011709 -1.954 -10.04235 -1.82031 1.405681 7.476042 -2.696831
3.754929 -13.45541 -0.737919 -0.3697 -2.92819 -1.755963 -1.299584 -0.898254 -0.959449 -3.483911 2.784232 -4.741866 2.53011 1.904121 4.900396
1.754929 -13.45541 -0.737919 1.39434 -2.046962 0.588498 1.883199 -1.268657 0.582027 3.262007 -0.141495 -0.499588 1.74333 4.61073 -1.120103
11.75493 -15.45541 -0.737919 -7.207606 -8.948853 -0.430351 -2.062488 -0.442703 -7.091699 -0.495598 -10.4804 2.536668 0.552963 1.052064 -4.487633
9.754929 -15.45541 -0.737919 -3.938808 -8.284441 -0.750672 0.057649 1.403506 -7.139874 1.313621 -11.21721 1.299942 0.89805 3.551095 -5.314777
3.754929 -15.45541 -0.737919 0.859503 0.332556 -3.702163 0.778431 -1.470524 -2.347372 -0.360924 1.679802 -5.209168 1.558684 -0.705308 0.700281
1.754929 -15.45541 -0.737919 -0.139765 0.527828 0.103338 1.281633 -3.690336 0.222564 2.209068 0.736289 0.058226 0.030828 -1.291334 -3.030128
13.75493 -17.45541 -0.737919 -2.875767 -4.281093 0.22161 1.893492 -1.037317 -3.426862 -0.758191 -4.293968 1.378053 3.103164 1.469747 -4.7986
11.75493 -17.45541 -0.737919 -2.552618 -6.097487 4.749616 2.194153 0.4209 -7.668271 3.916915 -8.247814 8.396709 4.781905 3.497422 -5.68904
9.754929 -17.45541 -0.737919 3.109974 -1.558021 3.234657 4.554697 1.44844 -3.931089 8.834657 -5.628838 3.556865 4.798242 6.287038 -3.732536
11.75493 -19.45541 -0.737919 0.144534 -3.531993 4.183283 3.380297 -1.568377 -6.17789 4.429965 -6.902154 7.322226 3.748492 0.082056 -6.203268
1.754929 -5.455414 1.262081 6.972222 -5.173602 -0.564659 3.195509 1.2527 -7.500106 5.940641 -2.010103 3.120635 5.854188 1.079902 -4.201393
-0.245071 -5.455414 1.262081 2.360384 -0.846949 1.840747 2.432859 -2.116983 -4.338627 1.369801 -2.5025 2.363195 -2.686692 -4.845142 -5.60954
11.75493 -7.455414 1.262081 0.246076 -1.184621 -2.669721 -3.296704 1.098922 1.513199 4.660302 0.237307 0.160103 -1.616539 3.680299 -0.551295
1.754929 -7.455414 1.262081 7.055905 -1.158965 -0.720861 5.198452 -1.27851 -5.235497 6.229129 1.20301 2.178606 4.852603 -1.293963 -6.271446
-0.245071 -7.455414 1.262081 0.52251 -1.810819 -0.785673 3.837158 -5.720368 -5.479999 1.188013 -3.494331 3.153897 0.425036 -5.231214 -6.700089
9.754929 -9.455414 1.262081 -3.186373 -3.161959 2.267051 0.731131 -1.578539 1.964604 3.655215 -1.329631 4.955103 1.685699 2.544723 2.373976
1.754929 -9.455414 1.262081 4.090065 -1.976296 -1.423347 4.790776 -4.041808 -5.028126 6.177797 -0.803989 1.95023 2.695499 -2.088426 -5.371666
-0.245071 -9.455414 1.262081 0.850142 -4.214806 -2.444525 4.125017 -6.6624 -7.088976 2.702102 -5.640626 2.866695 5.48843 -4.884128 -6.028193
9.754929 -11.45541 1.262081 -5.199091 -2.269646 1.854576 0.700296 -2.213293 -0.794824 1.831429 0.548653 3.954937 1.762958 2.794598 -0.013391
7.754929 -11.45541 1.262081 -7.626814 -2.162743 -2.529519 7.18669 -5.134687 0.758642 -2.162787 0.471116 0.616938 4.135856 2.694901 0.010726
3.754929 -11.45541 1.262081 -2.074912 -5.880045 -2.07232 0.483712 -0.711808 0.29266 -3.256776 -4.392097 -2.074654 -1.444442 1.08912 3.062467
1.754929 -11.45541 1.262081 1.160561 -7.747499 -1.340081 3.194347 -5.485508 -4.540233 3.577596 -7.472372 1.073703 2.163632 -4.182685 -2.482759
-0.245071 -11.45541 1.262081 2.462265 -7.464919 -1.327426 2.241747 -5.251371 -5.154115 3.52195 -9.278564 4.202477 5.150626 -4.546831 -3.501243
11.75493 -13.45541 1.262081 -2.811064 -3.515353 0.204854 -0.641788 -2.795744 -5.388678 -1.82076 -1.475247 5.933777 0.790705 -4.94517 -4.210864
9.754929 -13.45541 1.262081 -7.735031 -5.099107 0.181495 2.747679 -3.296252 -5.259524 -2.851123 -2.576695 2.836757 1.715738 -0.006058 -4.092397
7.754929 -13.45541 1.262081 -5.894723 -12.57589 -3.15474 6.52202 -2.570727 -2.455484 -0.824716 -6.913271 1.043738 5.278368 0.726832 -1.827364
3.754929 -13.45541 1.262081 -4.107203 -9.839992 -3.068062 1.705866 -3.529098 -1.681432 -8.589153 -7.092835 -4.720811 2.343003 -3.471502 1.76181
1.754929 -13.45541 1.262081 -1.433724 -11.54934 0.42011 1.245903 -5.85296 -2.846941 -0.924316 -10.58923 1.038983 1.940965 -6.717614 0.220328
-0.245071 -13.45541 1.262081 3.217636 -7.863442 1.014725 -0.450078 -3.479721 -2.083692 1.741351 -8.814947 5.848675 0.482787 -4.935369 -1.276655
11.75493 -15.45541 1.262081 -4.440632 -6.038571 0.420606 0.860787 -1.292204 -6.860846 -5.107606 -5.031239 6.517121 0.510097 -3.339804 -4.851391
9.754929 -15.45541 1.262081 -5.632614 -7.146723 0.509419 5.616302 -1.831422 -4.091522 -2.60591 -8.019541 4.501705 1.053895 0.237044 -3.264801
-0.245071 -15.45541 1.262081 -0.5769 -4.370702 1.115628 -1.386028 -3.642892 -3.274256 -2.229474 -3.139017 4.807518 -1.460243 -5.441149 -1.919847
13.75493 -17.45541 1.262081 -2.399134 -7.57918 -0.52318 0.133037 0.35774 -0.739653 -3.183151 -6.173957 0.113643 -0.059996 -0.810958 -1.450291
11.75493 -17.45541 1.262081 -0.542476 -6.112226 2.415916 0.97682 0.807977 -3.23644 -1.348535 -6.274105 5.66649 -0.292414 0.205008 -2.088874
9.754929 -17.45541 1.262081 2.568473 -1.962769 1.881018 5.775548 1.975766 0.96867 6.508665 -5.378846 3.605381 1.27525 3.9729 -0.297079
13.75493 -19.45541 1.262081 -3.19874 -5.849933 -2.024045 0.793781 -1.473731 1.077463 -1.379512 -6.477103 -3.452721 0.206598 0.31157 1.22059
11.75493 -19.45541 1.262081 0.966751 -3.138538 1.692507 0.881242 0.318571 0.126119 3.690783 -4.2232 4.291393 -1.559491 0.705349 -1.294955
11.75493 -9.455414 3.262081 -6.926268 -4.190913 -5.727136 2.772851 1.55973 -0.156497 0.524605 0.078382 3.533422 5.118901 5.223444 -1.605039
-0.245071 -9.455414 3.262081 -2.703326 0.233473 -3.638661 -0.895402 -2.619132 -2.82092 0.227741 1.13228 2.541008 -1.552829 -2.029888 -3.810998
11.75493 -11.45541 3.262081 -5.044221 -2.948101 -0.49938 4.956705 -1.708029 -1.286849 0.372169 0.266795 10.10338 9.853025 2.432774 -1.608207
9.754929 -11.45541 3.262081 -8.494378 2.00306 1.244112 5.348341 1.250142 0.190909 -1.641441 4.387489 9.584145 6.362665 9.499373 0.476603
1.754929 -11.45541 3.262081 2.373847 1.610312 -1.811444 3.246278 -2.964116 -0.1968 3.059019 1.167005 -1.357527 2.992798 -5.39535 -0.409147
-0.245071 -11.45541 3.262081 0.624021 -2.582977 -1.307159 -0.876668 -1.364438 -2.770093 1.92342 -3.701434 1.224106 0.493384 -2.236557 -2.677664
11.75493 -13.45541 3.262081 -3.035022 -0.85821 2.737504 2.44166 -2.957439 -4.335656 -0.710255 3.056308 13.43399 9.417635 0.686948 -2.37973
9.754929 -13.45541 3.262081 -10.87348 2.258786 1.929535 2.611479 -3.932612 -2.292328 -6.589585 4.560787 7.742014 4.248397 4.20911 0.618509
3.754929 -13.45541 3.262081 2.83436 -2.366662 -3.72504 1.75497 -0.304707 0.365271 -0.503552 -4.260381 -2.693054 0.872034 -6.568991 -1.688857
1.754929 -13.45541 3.262081 -0.084381 -1.570922 -2.694365 3.839905 -4.321122 -0.104317 1.150679 -3.631647 -1.30714 6.545192 -7.044047 0.962248
-0.245071 -13.45541 3.262081 3.456469 -4.441363 1.203544 0.336612 -0.883126 -1.165754 4.934596 -6.202334 1.813036 4.393849 -2.616168 -0.681647
11.75493 -15.45541 3.262081 -2.606671 -0.252085 2.317543 -2.07446 -2.678907 -4.455309 -1.587678 2.682154 11.43622 3.704185 0.107134 -2.852513
9.754929 -15.45541 3.262081 -9.709588 -0.108663 0.309921 -0.190723 -6.635089 -3.058523 -7.661042 0.127455 3.787143 -0.134669 -0.046796 0.30313
3.754929 -15.45541 3.262081 -4.440864 -1.832763 -2.767025 -0.694502 1.105148 0.043174 -4.834077 1.318512 -0.441287 -1.314066 -0.265419 0.667133
1.754929 -15.45541 3.262081 -3.988423 -3.008649 -2.314533 -0.237779 -3.305911 -0.787379 -1.574857 -0.461818 -0.779264 2.883559 -4.022047 1.709843
-0.245071 -15.45541 3.262081 3.958403 -1.73018 0.186737 0.078382 -0.823289 -1.532903 7.1494 0.463718 1.342474 3.890878 -1.994838 -1.727291
11.75493 -17.45541 3.262081 -2.528927 -0.726407 0.353703 -3.353185 -1.444585 0.684311 -0.363187 -0.660146 6.227233 -0.496539 2.432174 -0.676785
9.754929 -11.45541 5.262081 -2.150584 -4.154455 -4.871815 1.039448 0.057148 -2.037844 1.569144 -3.661579 0.835927 -2.461498 4.619916 -4.171272
13.75493 -13.45541 5.262081 -2.72635 -0.657135 0.432825 3.636068 -3.780344 1.089218 -1.567599 0.271531 0.280213 1.626696 0.271081 -2.111865
11.75493 -13.45541 5.262081 -1.335777 -2.845304 0.219356 4.59282 -2.236868 -2.001816 1.89766 -2.00915 5.025722 7.706904 4.918915 -2.00803
9.754929 -13.45541 5.262081 -3.390916 -3.496105 -0.630133 0.356288 -1.10737 -0.815595 -1.4236 -5.191478 5.519766 -2.688952 4.157404 0.198264
1.754929 -13.45541 5.262081 1.427585 1.045117 -1.075063 3.523592 -0.098077 1.455776 0.67215 -1.584108 -2.367127 2.794826 -0.517568 -1.5112
13.75493 -15.45541 5.262081 -4.464092 2.775464 1.756364 -0.017663 -2.300477 0.112169 -3.37932 2.656087 3.447587 -0.318319 -0.911077 -2.116595
11.75493 -15.45541 5.262081 -2.554652 -2.00341 2.997064 2.002825 -1.615474 -2.06484 0.372262 -0.574241 9.533976 4.60656 6.736507 0.1608
9.754929 -15.45541 5.262081 -3.998848 -3.815834 0.659083 -1.344118 -2.389575 -0.18485 -1.980916 -6.499841 6.487138 -4.280251 4.241886 3.66231
3.754929 -15.45541 5.262081 0.74174 -0.355586 -2.614712 -0.309924 1.798354 0.883175 2.262446 0.134167 0.895153 -1.265139 1.853816 1.001741
1.754929 -15.45541 5.262081 0.857907 -2.02436 1.220375 0.569352 0.479076 4.35514 1.691249 -1.848363 1.572103 3.186052 0.863534 5.757042
-0.245071 -15.45541 5.262081 2.409565 -1.946797 0.213473 3.079254 1.016921 4.191215 5.146243 -1.701474 -0.727173 5.009605 1.382983 0.427676
13.75493 -17.45541 5.262081 -4.904883 0.119853 0.061925 -1.440886 -1.612148 -0.613479 -3.99187 -0.406962 3.500443 -0.241233 -0.190414 0.730382
11.75493 -17.45541 5.262081 -4.629599 -3.129131 1.258096 1.095845 -1.847122 -0.15032 -0.904927 -2.720761 8.623343 2.001194 6.309123 2.137032
13.75493 -17.45541 7.262081 -1.498739 1.597845 -2.166623 0.78689 -2.279805 2.6367 1.256426 1.75239 0.878245 -0.964273 -0.851038 0.350506
