-6.245071 10.54459 -6.737919 4.113173 1.912453 1.919748 -0.768211 2.036298 2.844367
-8.245071 10.54459 -6.737919 0.838227 -1.619812 -3.454497 -6.207651 -0.789166 -1.632683
-6.245071 8.544586 -6.737919 0.99093 6.425725 1.733333 1.388408 -1.820376 1.192221
-8.245071 8.544586 -6.737919 -1.19291 -0.576276 -2.014024 -4.043688 -1.040291 -1.110602
-8.245071 12.54459 -4.737919 -0.69739 -5.723465 0.008193 -3.622037 1.092424 -2.149221
-8.245071 10.54459 -4.737919 -0.522336 -4.677682 0.864039 -2.467984 1.224774 -0.246111
-10.24507 10.54459 -4.737919 0.854146 -5.492078 1.934519 -2.188358 1.419177 -0.946621
-12.24507 10.54459 -4.737919 0.240265 -2.131257 5.323044 1.85634 0.925468 0.207182
-28.24507 10.54459 -4.737919 -3.568939 -1.97876 -2.545693 -1.610899 -1.262343 -0.23297
-6.245071 8.544586 -4.737919 -6.9346 -5.187582 0.699551 -1.092386 -1.768115 -0.356607
-8.245071 8.544586 -4.737919 -5.748407 -6.207621 0.315348 -2.711426 0.484757 -0.234584
-10.24507 8.544586 -4.737919 -2.024441 -4.584647 -0.153282 -4.333292 0.972136 -2.191719
-12.24507 8.544586 -4.737919 -3.91816 -5.726028 0.289849 -2.592777 -0.543949 -1.775274
-26.24507 8.544586 -4.737919 -3.968581 -3.616613 1.72388 0.917519 1.274345 -0.022833
-28.24507 8.544586 -4.737919 -2.143629 -2.465987 -4.347114 -3.164233 -1.480361 -1.703976
-6.245071 6.544586 -4.737919 -0.199145 1.003057 2.779808 2.033831 -0.306899 1.023211
-8.245071 6.544586 -4.737919 2.94126 3.850447 -2.395901 -1.843074 1.209777 2.182332
-10.24507 6.544586 -4.737919 -3.294657 -4.151676 -1.115614 -1.29647 0.557895 0.122194
-12.24507 6.544586 -4.737919 -6.930014 -5.526164 1.050706 1.801269 -2.656665 -1.122218
-28.24507 6.544586 -4.737919 3.568518 1.746677 -1.430144 -3.269235 -0.103849 -0.741606
-10.24507 10.54459 -2.737919 2.319632 -1.02665 3.661912 -0.250129 1.58485 1.216474
-12.24507 10.54459 -2.737919 0.128162 -2.885166 3.861212 2.556965 0.385488 -0.735298
-24.24507 10.54459 -2.737919 0.400176 -3.377408 5.530823 2.923612 2.238705 -1.26061
-26.24507 10.54459 -2.737919 -1.826438 -2.818698 -0.235546 -1.000187 0.570684 -0.528615
-28.24507 10.54459 -2.737919 -2.74421 -2.653283 -3.144534 -1.367139 -0.90704 0.09612
-8.245071 8.544586 -2.737919 -2.09982 -0.966751 -0.171058 1.035814 3.946789 3.415343
-10.24507 8.544586 -2.737919 1.000924 2.152727 -2.005072 -1.828052 2.536977 1.024063
-12.24507 8.544586 -2.737919 -2.42301 -3.333287 -2.577024 -2.636935 -1.093639 -2.773557
-22.24507 8.544586 -2.737919 1.306992 0.909633 2.553792 2.709595 -2.548609 -3.264939
-24.24507 8.544586 -2.737919 0.986276 -1.385566 6.700661 5.352154 1.658616 -1.675688
-26.24507 8.544586 -2.737919 -2.429995 -3.588997 1.053285 0.041069 1.598394 0.083291
-28.24507 8.544586 -2.737919 -1.27831 -1.724559 -3.588827 -2.205314 -2.683722 -2.498395
-6.245071 6.544586 -2.737919 2.023994 -0.385363 7.325787 3.062988 2.580853 1.262389
-8.245071 6.544586 -2.737919 2.86014 5.749148 1.406309 1.977175 2.516926 2.520818
-10.24507 6.544586 -2.737919 -2.601631 0.556847 -0.586256 1.094934 2.333387 2.233833
-12.24507 6.544586 -2.737919 -6.34199 -6.940248 -0.820443 -0.617712 -0.28785 -1.698219
-22.24507 6.544586 -2.737919 2.68901 4.590647 1.816368 4.15311 -2.577445 -1.088584
-24.24507 6.544586 -2.737919 0.210713 0.299994 5.125584 4.322731 -1.8327 -2.85171
-26.24507 6.544586 -2.737919 -1.75908 -3.11103 1.041691 -0.991721 -1.301875 -2.776864
-28.24507 6.544586 -2.737919 1.210426 -0.86696 -2.608417 -4.14623 -2.564044 -4.527928
-6.245071 4.544586 -2.737919 -0.427128 -3.864665 4.498086 -3.938513 -1.660843 -5.545374
-8.245071 4.544586 -2.737919 -0.469742 -3.110928 0.582569 -7.401524 -2.313452 -6.64478
-10.24507 4.544586 -2.737919 0.135055 -1.256428 0.629217 -4.188986 0.054864 -3.182199
-28.24507 4.544586 -2.737919 1.559339 -0.612953 1.484797 -1.883507 0.386758 -2.72007
-4.245071 2.544586 -2.737919 -3.543524 -2.790979 -1.623276 -1.392573 -3.671403 -2.667033
-6.245071 2.544586 -2.737919 -2.133589 -2.428623 -1.354841 -3.637311 -3.450033 -4.356827
-4.245071 0.544586 -2.737919 -5.875228 -4.561005 -2.948854 -2.254794 -1.388278 0.536307
-6.245071 0.544586 -2.737919 -4.348345 -5.748058 -1.838845 -5.179204 0.72492 -1.808036
-10.24507 10.54459 -0.737919 1.870695 -0.146451 0.904507 0.45822 0.478292 1.709365
-12.24507 10.54459 -0.737919 -0.324681 0.218113 2.484912 3.575902 -0.857357 -1.664037
-14.24507 10.54459 -0.737919 0.95287 -0.588802 1.554966 -0.06354 1.212145 -1.220412
-20.24507 10.54459 -0.737919 -0.179212 -0.33793 0.447306 -1.290267 -1.406619 -2.923445
-22.24507 10.54459 -0.737919 0.147618 -2.209061 -0.196642 -4.067475 -0.538116 -1.798936
-24.24507 10.54459 -0.737919 -0.431057 -0.159516 1.423409 2.897577 -1.69031 -0.816003
-8.245071 8.544586 -0.737919 3.948932 2.00463 1.612548 -0.404988 3.130933 1.608783
-10.24507 8.544586 -0.737919 3.324435 2.423419 0.749096 0.60401 2.147403 1.358386
-12.24507 8.544586 -0.737919 -0.738406 -1.09948 0.347036 0.099451 0.355232 -1.660355
-14.24507 8.544586 -0.737919 -2.130003 -3.171493 -0.475928 -1.427722 0.314456 -0.629604
-20.24507 8.544586 -0.737919 -0.809276 -0.786901 -1.463855 -2.704137 -3.596062 -3.604769
-22.24507 8.544586 -0.737919 -0.761974 -2.054346 -4.263211 -6.779221 -1.622722 -3.52626
-24.24507 8.544586 -0.737919 -0.072466 -0.146826 -0.296937 -0.383531 -1.216048 -2.555826
-26.24507 8.544586 -0.737919 -0.090744 -0.347409 2.092959 1.197036 2.863042 2.910037
-28.24507 8.544586 -0.737919 0.045799 0.118113 1.374558 1.017885 4.847868 4.423801
-8.245071 6.544586 -0.737919 4.770234 2.300009 8.682438 5.379518 1.501332 -2.445212
-10.24507 6.544586 -0.737919 1.950854 4.237844 4.535814 4.907937 1.264484 -1.726355
-12.24507 6.544586 -0.737919 0.589988 2.662393 0.873346 0.345063 1.06454 -2.830658
-22.24507 6.544586 -0.737919 -0.372427 -0.236293 -3.911948 -3.412936 -1.015909 -2.543663
-24.24507 6.544586 -0.737919 -0.099366 -1.454995 0.599399 -0.507925 -0.435582 -3.335629
-26.24507 6.544586 -0.737919 -0.396931 -3.498358 1.560326 -0.814454 0.669834 -2.06006
-28.24507 6.544586 -0.737919 -0.492276 -1.927444 -0.934486 -2.842625 1.464635 -0.517967
-6.245071 4.544586 -0.737919 0.100179 -5.336232 1.470404 -2.786875 4.347108 2.18416
-8.245071 4.544586 -0.737919 -1.592111 -7.735388 2.090394 -4.474834 0.46947 -4.367844
-10.24507 4.544586 -0.737919 -0.916063 -3.855264 2.065267 -1.723816 0.131219 -3.98984
-22.24507 4.544586 -0.737919 -0.592899 -0.076375 1.822877 1.497802 1.515332 1.393549
-24.24507 4.544586 -0.737919 -1.549031 -1.683917 0.67523 -0.854425 0.989359 -0.438157
-26.24507 4.544586 -0.737919 -0.629932 -2.517572 -0.094946 -2.138444 0.88337 -1.423757
-28.24507 4.544586 -0.737919 -1.448453 -3.541792 -0.599198 -2.986961 0.386557 -2.513502
-6.245071 2.544586 -0.737919 -2.52162 -5.875769 -0.556988 -3.495873 1.154616 0.93973
-8.245071 2.544586 -0.737919 -2.411142 -3.95664 -2.210352 -5.436697 0.934692 0.025225
-10.24507 2.544586 -0.737919 -0.574543 -0.199791 -0.510616 -1.964542 0.044974 -0.862389
-24.24507 2.544586 -0.737919 -1.964921 -2.369139 -0.269232 -2.500959 3.540397 2.413151
-26.24507 2.544586 -0.737919 0.19105 -0.285321 0.330086 -0.919805 1.85924 0.674372
-28.24507 2.544586 -0.737919 -1.916786 -2.266192 0.640064 0.08944 -0.092423 -1.406019
-30.24507 2.544586 -0.737919 -1.664363 -1.372364 -0.895391 -0.620443 0.908328 0.422883
-4.245071 0.544586 -0.737919 -2.730267 -3.234785 -4.525198 -5.247818 -1.897211 -2.180676
-6.245071 0.544586 -0.737919 -3.448331 -8.121848 -2.296126 -7.172799 -1.405358 -4.265923
-8.245071 0.544586 -0.737919 -3.117028 -5.164722 -1.115575 -4.019474 0.407591 -1.15509
-10.24507 0.544586 -0.737919 -2.468968 -2.417574 -0.793173 -1.447822 -1.298779 -1.031132
-28.24507 0.544586 -0.737919 -1.174899 1.673293 -1.866359 -0.728877 -2.953089 -1.847329
-30.24507 0.544586 -0.737919 -1.084212 1.822621 -3.33412 -1.169561 -2.170935 -0.052637
-28.24507 -1.455414 -0.737919 0.146457 5.124951 -3.242356 -1.990654 -0.225034 0.722065
-10.24507 10.54459 1.262081 2.054719 -0.186867 2.188821 2.105025 3.450015 2.463871
-12.24507 10.54459 1.262081 1.961465 1.017242 -0.090809 -0.211395 3.552369 2.139912
-14.24507 10.54459 1.262081 2.429358 1.178879 -2.296849 -2.578541 1.224769 1.077828
-20.24507 10.54459 1.262081 2.357219 3.24493 1.668144 1.445831 0.619886 1.008802
-22.24507 10.54459 1.262081 0.845937 0.933565 -1.901029 -3.053008 -1.126206 -0.463185
-24.24507 10.54459 1.262081 0.092247 0.807401 -1.453602 -0.270145 -2.971054 -1.386866
-10.24507 8.544586 1.262081 0.254372 0.489532 2.296191 1.877414 2.160387 2.216257
-12.24507 8.544586 1.262081 -1.167032 -1.281721 0.587404 0.193631 3.42125 2.438475
-14.24507 8.544586 1.262081 -0.928198 -1.636987 0.585736 -1.495283 1.576142 0.69877
-20.24507 8.544586 1.262081 3.424509 4.055073 0.488115 -0.345302 -0.842684 -0.548985
-22.24507 8.544586 1.262081 -1.077335 -1.545364 -5.42124 -6.130229 -0.471445 -1.080209
-24.24507 8.544586 1.262081 -2.725097 -1.693217 -3.338042 -2.835248 -1.165227 -0.64149
-26.24507 8.544586 1.262081 -1.705657 0.418284 0.323196 0.127403 -0.017361 1.308591
-10.24507 6.544586 1.262081 1.272848 2.671083 2.509031 -0.043091 0.276042 -2.306573
-12.24507 6.544586 1.262081 1.895069 2.436417 0.749672 -2.426919 2.853642 0.821615
-20.24507 6.544586 1.262081 2.752878 3.361037 0.132654 -1.490813 -0.818958 -1.365579
-22.24507 6.544586 1.262081 -0.82542 -1.272757 -2.655508 -2.616519 1.433 -0.908224
-24.24507 6.544586 1.262081 -2.084722 -1.858842 -1.723547 -1.133547 1.404215 0.17955
-26.24507 6.544586 1.262081 -1.388595 -1.988245 0.77618 -1.228802 0.552948 -0.783953
-28.24507 6.544586 1.262081 -1.644249 -1.608524 -0.629672 -1.86646 1.263428 0.970433
-10.24507 4.544586 1.262081 2.721667 0.580983 1.980874 -2.972109 1.328167 -2.155484
-12.24507 4.544586 1.262081 1.456239 0.19258 0.080164 -4.148127 -0.233733 -3.423908
-24.24507 4.544586 1.262081 -0.871845 0.560009 -0.030215 1.640084 0.85131 1.932528
-26.24507 4.544586 1.262081 -0.72973 -1.691884 -0.875954 -2.245757 0.498637 -0.499025
-28.24507 4.544586 1.262081 -1.700382 -3.10265 -1.147264 -2.785386 -0.252245 -1.354475
-10.24507 2.544586 1.262081 2.097068 0.776814 3.315769 0.429833 2.852666 0.982502
-24.24507 2.544586 1.262081 0.258825 0.216891 0.834861 0.9317 0.719684 1.838532
-26.24507 2.544586 1.262081 2.286215 0.979941 -0.722371 -1.572454 2.5402 1.920921
-28.24507 2.544586 1.262081 -0.637706 -1.489652 0.80522 0.027518 1.828493 0.983359
-30.24507 2.544586 1.262081 -0.98221 -2.322424 0.249408 -0.926324 2.475241 1.991139
-8.245071 0.544586 1.262081 -0.739762 -2.928551 2.299659 0.830248 2.0948 -0.202486
-10.24507 0.544586 1.262081 1.744187 0.462332 3.77998 1.76856 3.596759 1.6576
-24.24507 0.544586 1.262081 1.165222 -3.253237 3.243865 -0.455404 1.909829 0.178195
-26.24507 0.544586 1.262081 4.570436 2.100301 1.113337 -0.719364 3.215209 1.416013
-28.24507 0.544586 1.262081 0.644169 1.245851 1.135043 0.612153 2.360686 1.897263
-30.24507 0.544586 1.262081 -1.305816 -1.032622 1.571621 1.296647 2.064281 2.164493
-26.24507 -1.455414 1.262081 2.687548 2.869501 -1.544484 -1.336245 1.798946 1.295093
-28.24507 -1.455414 1.262081 1.474909 1.710407 -1.457429 -1.680738 1.950992 0.681173
-30.24507 -1.455414 1.262081 0.951422 0.814274 0.638633 0.682971 1.330071 0.229763
-12.24507 10.54459 3.262081 -0.478029 1.038035 -4.031633 -1.869312 1.371372 2.597771
-20.24507 10.54459 3.262081 2.150234 0.06907 -1.033341 -3.48315 0.431287 -0.687898
-22.24507 10.54459 3.262081 0.384999 -1.638546 -1.247738 -3.893736 -1.66062 -3.698617
-24.24507 10.54459 3.262081 -0.738526 -2.443964 -1.980018 -4.196982 -3.415553 -4.546112
-12.24507 8.544586 3.262081 -2.467474 -0.611702 0.028934 1.253972 0.384767 0.83259
-20.24507 8.544586 3.262081 1.21069 -0.115326 -0.468314 -3.905219 0.989737 -1.2064
-22.24507 8.544586 3.262081 -1.989369 -0.744525 -2.646411 -3.107107 -1.762112 -2.202628
-24.24507 8.544586 3.262081 -0.384822 -0.386443 -0.742819 -1.862226 0.00735 -0.31641
-12.24507 6.544586 3.262081 2.195966 3.312483 1.396247 -0.65228 1.985145 2.248781
-20.24507 6.544586 3.262081 3.160835 2.566283 1.785677 -1.06226 3.003734 0.634325
-22.24507 6.544586 3.262081 0.130871 1.338746 -0.593941 -0.411497 2.379706 1.130195
-24.24507 6.544586 3.262081 -1.488373 0.203009 -1.480349 0.646456 2.022403 2.653482
-12.24507 4.544586 3.262081 1.362258 -0.512685 -0.448369 -4.70981 0.749971 -1.022866
-14.24507 4.544586 3.262081 -0.074225 -0.61268 -0.182297 -3.065499 -0.150348 -0.356905
-22.24507 4.544586 3.262081 -0.292983 -0.23005 1.638212 0.889883 2.438286 1.719281
-24.24507 4.544586 3.262081 -0.531225 0.635552 -0.426591 2.342615 -0.044241 2.094833
-12.24507 2.544586 3.262081 -3.021488 -6.996865 -0.040437 -3.701876 1.158823 -1.619597
-24.24507 2.544586 3.262081 1.206914 0.868271 0.842428 0.923343 -0.439902 1.65608
-26.24507 2.544586 3.262081 0.951113 1.213645 -0.161869 0.986912 -0.741821 1.890933
-10.24507 0.544586 3.262081 2.154833 1.320591 2.839104 1.858801 1.310662 0.226451
-24.24507 0.544586 3.262081 0.190173 -1.70863 1.043235 -1.546323 0.147327 0.461835
-26.24507 0.544586 3.262081 1.038406 -0.179556 0.073984 -1.340907 0.071417 0.480022
-28.24507 0.544586 3.262081 -1.955291 -2.350778 0.461298 -0.066535 0.33282 0.089644
-26.24507 -1.455414 3.262081 0.32463 0.940819 -1.572941 -1.358457 -0.495664 0.120174
-28.24507 -1.455414 3.262081 1.463552 0.372137 -1.208719 -1.638839 -0.194621 -1.598081
-12.24507 10.54459 5.262081 0.839938 3.36077 -1.242746 1.04331 -1.067236 0.511717
-20.24507 8.544586 5.262081 -0.442675 0.247331 -3.556015 -4.322977 -0.021913 0.263123
