0.231163 -25.68259 -8.11985 3.135727 3.948654 -3.253671 -4.099085 -1.252944 -1.410628
4.231163 -19.68259 -6.11985 -0.969512 3.85862 2.016165 4.266328 5.022911 5.430372
0.231163 -23.68259 -6.11985 0.170389 0.485574 -2.801757 -2.923721 -2.23191 -4.675079
0.231163 -25.68259 -6.11985 -1.222973 1.315393 -3.314429 -3.509769 -4.098694 -5.061332
0.231163 -27.68259 -6.11985 -2.064648 3.39904 -2.420757 -1.238794 -4.065237 -2.400601
6.231163 -31.68259 -6.11985 8.060887 3.60659 5.560235 2.228403 4.519248 1.388813
6.231163 -33.68259 -6.11985 7.478258 -0.232266 0.230711 -4.032516 3.256613 -2.193514
6.231163 -37.68259 -6.11985 4.430702 -2.302011 2.302992 -2.230527 0.676594 -0.998448
4.231163 -19.68259 -4.11985 6.463318 8.047478 3.952178 5.404747 5.868197 4.585156
0.231163 -19.68259 -4.11985 8.332412 6.649071 3.423498 3.158279 2.871688 0.909385
4.231163 -21.68259 -4.11985 6.36485 9.848108 2.401495 4.584636 2.960006 4.590278
0.231163 -21.68259 -4.11985 0.921181 1.14041 -0.481467 -0.686234 -0.198269 -1.522286
4.231163 -23.68259 -4.11985 6.614519 9.191635 3.289023 2.920902 -0.477726 1.314719
0.231163 -23.68259 -4.11985 -0.973875 1.175065 -1.937451 -2.112391 -0.960945 -1.028905
4.231163 -25.68259 -4.11985 9.844931 7.930099 5.371475 1.230094 -1.516705 -1.954093
0.231163 -25.68259 -4.11985 -0.717725 1.583225 -1.940055 -2.415941 -1.242389 -0.851198
4.231163 -27.68259 -4.11985 7.615639 4.747729 3.56383 0.313797 0.365341 0.546397
0.231163 -27.68259 -4.11985 -0.047763 1.311018 -0.662258 -0.945687 -1.675937 -0.718233
4.231163 -29.68259 -4.11985 3.864268 4.308912 2.905774 1.616008 2.590836 4.455587
0.231163 -29.68259 -4.11985 0.61859 2.875724 2.143263 3.049825 -0.918076 1.144353
4.231163 -31.68259 -4.11985 1.413064 4.178567 0.072059 0.484411 1.596134 3.362182
0.231163 -31.68259 -4.11985 -6.17069 -1.308439 2.400023 4.033692 -0.637976 0.609845
4.231163 -33.68259 -4.11985 -0.64725 0.231917 0.825203 1.103637 1.145856 1.077715
8.231163 -35.68259 -4.11985 -7.631093 -4.977474 -7.330558 -5.338776 -0.493748 -0.32361
6.231163 -35.68259 -4.11985 2.029928 -2.528781 -0.607395 -3.6915 0.43852 -3.149495
8.231163 -37.68259 -4.11985 -9.903144 -4.436559 -7.880502 -4.347594 -2.596326 -0.207384
6.231163 -37.68259 -4.11985 -2.863049 -3.629243 0.922156 -0.303485 -1.250854 -3.007629
8.231163 -39.68259 -4.11985 -8.678548 -2.609629 -8.080471 -3.900986 -3.585412 -0.293502
6.231163 -39.68259 -4.11985 -7.599361 -5.668141 -3.52529 -3.297576 -3.152109 -2.786844
6.231163 -41.68259 -4.11985 -4.501296 -2.259048 -4.004622 -3.960471 -0.376363 -0.346433
6.231163 -19.68259 -2.11985 16.30465 14.51398 5.077836 4.206307 6.889791 3.46403
4.231163 -19.68259 -2.11985 17.2967 12.82142 7.386878 5.613359 3.810697 0.823894
6.231163 -21.68259 -2.11985 20.21263 19.10017 8.235429 6.958441 8.345355 5.3869
4.231163 -21.68259 -2.11985 19.13951 16.54094 5.647265 4.272027 4.126278 2.169679
0.231163 -21.68259 -2.11985 -1.389501 -0.310993 -3.191691 -1.738781 -0.310846 0.51472
6.231163 -23.68259 -2.11985 9.957671 13.16932 4.641275 4.850194 5.690579 4.038052
4.231163 -23.68259 -2.11985 15.06669 15.66889 3.298352 1.512088 3.473293 2.049444
0.231163 -23.68259 -2.11985 -1.2534 2.302214 -4.428277 -2.546654 0.4302 3.416053
6.231163 -25.68259 -2.11985 5.209095 10.22714 5.567065 6.768013 6.672134 3.844635
4.231163 -25.68259 -2.11985 13.0723 13.54311 4.927534 2.409988 2.923393 0.437363
2.231163 -25.68259 -2.11985 7.992907 8.691429 1.880595 0.469048 -0.447218 -1.349396
0.231163 -25.68259 -2.11985 -1.298549 2.410434 -5.643326 -3.354013 0.56331 3.477492
6.231163 -27.68259 -2.11985 10.08095 14.82947 8.086843 9.831069 9.196545 7.844193
4.231163 -27.68259 -2.11985 10.97311 11.69099 6.081255 4.753043 4.955933 2.585964
2.231163 -27.68259 -2.11985 1.911071 3.734361 -3.30188 -2.813928 -3.051093 -4.07132
0.231163 -27.68259 -2.11985 -2.981167 -0.847716 -4.819412 -2.534595 -1.248812 0.384801
6.231163 -29.68259 -2.11985 7.719402 11.98401 4.785223 6.587478 7.188617 8.42183
4.231163 -29.68259 -2.11985 6.157433 10.28351 5.421362 6.4317 7.190091 7.298638
2.231163 -29.68259 -2.11985 -2.106883 3.854143 -2.935767 0.245031 -0.384321 0.96931
0.231163 -29.68259 -2.11985 0.532152 2.698087 -0.18064 2.26122 -2.080054 0.015824
6.231163 -31.68259 -2.11985 5.861547 4.862302 -0.45516 -1.20954 3.9144 2.690153
4.231163 -31.68259 -2.11985 5.541407 8.270161 1.956794 2.878772 4.695154 6.057319
0.231163 -31.68259 -2.11985 1.073541 4.601238 2.923479 4.978669 -0.85332 1.586332
6.231163 -33.68259 -2.11985 4.950936 2.451652 -1.528205 -2.600405 2.135838 0.817439
4.231163 -33.68259 -2.11985 6.718738 2.828976 3.588996 1.630159 1.279018 0.182144
0.231163 -33.68259 -2.11985 -3.979374 -2.356408 0.10048 0.262026 -0.282998 1.006451
6.231163 -35.68259 -2.11985 2.765262 0.222477 2.659374 0.620223 0.543179 0.550314
4.231163 -35.68259 -2.11985 6.495989 4.127568 5.400433 3.139617 1.78473 1.908783
8.231163 -37.68259 -2.11985 -1.932178 -0.138658 -2.198558 -1.830214 -0.645365 -0.222453
6.231163 -37.68259 -2.11985 -1.403754 -0.487639 2.082679 1.913235 0.236462 0.777128
4.231163 -37.68259 -2.11985 3.834508 6.186075 3.74374 3.976332 2.75271 5.571739
10.23116 -39.68259 -2.11985 6.291375 3.033124 2.415417 -0.393751 0.592195 -0.175881
8.231163 -39.68259 -2.11985 -2.768731 -0.968846 -1.540088 -0.158497 -1.534784 -0.759046
6.231163 -39.68259 -2.11985 -6.394768 -5.167463 -0.038921 0.60855 -1.071981 -0.073133
4.231163 -39.68259 -2.11985 -0.971428 -0.00226 -1.343955 -1.392217 -0.758856 1.993344
8.231163 -41.68259 -2.11985 -2.024859 0.067306 -1.187399 -0.142603 -2.292601 -1.609357
6.231163 -41.68259 -2.11985 -1.572499 0.242988 0.743683 1.533046 1.296715 1.559819
8.231163 -43.68259 -2.11985 -2.876296 -1.881944 1.640732 -0.04278 -0.794669 -1.291754
6.231163 -43.68259 -2.11985 -10.20213 -4.531335 -3.213685 -0.974158 -1.332356 0.012014
8.231163 -45.68259 -2.11985 2.004722 0.744929 4.194989 0.972251 1.432043 0.521681
10.23116 -47.68259 -2.11985 4.657699 3.047953 3.065887 1.296578 1.442961 0.699933
8.231163 -47.68259 -2.11985 0.23212 1.544142 -4.899853 -4.120018 -0.114713 0.891017
10.23116 -49.68259 -2.11985 -0.285124 -1.057586 -3.455045 -3.11056 -0.456351 -0.403959
8.231163 -49.68259 -2.11985 -3.905722 -1.824766 -8.313818 -6.272523 -1.437622 -0.714339
6.231163 -19.68259 -0.11985 5.269969 4.475559 3.361206 3.092046 -2.198552 -3.059387
4.231163 -19.68259 -0.11985 7.891376 4.294991 4.785956 2.649888 1.608765 0.132862
6.231163 -21.68259 -0.11985 11.1049 10.38353 7.548823 5.43071 1.047058 0.629184
6.231163 -23.68259 -0.11985 10.29449 11.13291 4.676973 1.672384 2.894304 1.88616
4.231163 -23.68259 -0.11985 10.22699 9.648372 -1.089676 -4.267396 3.617375 2.248032
0.231163 -23.68259 -0.11985 -2.163692 0.505781 -2.586169 -0.074889 1.142092 2.661522
8.231163 -25.68259 -0.11985 2.539597 6.981631 1.423124 2.511997 1.488747 1.932554
6.231163 -25.68259 -0.11985 4.889229 8.186982 3.985432 2.210079 4.165252 3.347243
4.231163 -25.68259 -0.11985 12.08783 10.94999 3.345936 -0.382538 2.535245 1.645797
0.231163 -25.68259 -0.11985 0.304797 2.214087 -2.813395 -0.216176 2.746021 3.762629
-1.768837 -25.68259 -0.11985 -4.936354 -2.623811 -4.813364 -3.08789 1.302861 2.207417
8.231163 -27.68259 -0.11985 3.748322 7.280685 2.365654 2.344238 4.050838 4.981024
6.231163 -27.68259 -0.11985 10.46011 12.74287 11.91072 9.683248 9.116319 8.856533
4.231163 -27.68259 -0.11985 11.9359 10.17495 7.854846 5.10506 5.711966 4.999439
2.231163 -27.68259 -0.11985 4.341635 4.908566 -0.366464 1.040337 -1.703483 -1.33841
0.231163 -27.68259 -0.11985 1.740663 2.161112 0.359522 1.519776 0.731887 1.005748
-1.768837 -27.68259 -0.11985 1.899595 1.784118 2.314895 1.123173 1.525029 0.708837
6.231163 -29.68259 -0.11985 11.32422 12.56676 6.973267 5.740926 7.872169 8.186466
4.231163 -29.68259 -0.11985 10.84469 12.8227 8.293965 7.542149 7.984465 8.069486
2.231163 -29.68259 -0.11985 -0.123056 5.42486 0.047711 2.728537 0.663451 2.189094
0.231163 -29.68259 -0.11985 2.221994 3.500376 4.543219 5.086826 -0.980932 -0.226425
6.231163 -31.68259 -0.11985 10.78574 9.675184 1.759712 0.623524 2.01364 2.483703
4.231163 -31.68259 -0.11985 12.5288 14.88388 6.761225 6.737383 4.124681 5.684929
2.231163 -31.68259 -0.11985 7.851078 11.38087 5.196936 6.133927 2.199719 3.863471
0.231163 -31.68259 -0.11985 2.073124 4.578293 3.177151 4.471145 -1.218609 -0.184067
6.231163 -33.68259 -0.11985 7.597166 4.468408 2.441633 0.215996 0.729983 0.259463
4.231163 -33.68259 -0.11985 9.948089 8.361883 5.115192 3.85917 0.103459 1.400866
0.231163 -33.68259 -0.11985 -2.868669 -0.357514 -0.075165 1.005408 -0.218445 1.193486
6.231163 -35.68259 -0.11985 5.654451 4.241948 5.902352 4.164249 2.27188 2.94737
0.231163 -35.68259 -0.11985 0.400765 2.544946 -2.040704 -0.963437 -0.473385 0.683707
10.23116 -37.68259 -0.11985 3.739002 3.740783 -0.909232 -1.065261 -2.649483 -2.504386
6.231163 -37.68259 -0.11985 4.091879 5.62251 1.292455 1.375716 1.194646 2.515721
10.23116 -39.68259 -0.11985 5.754823 3.875027 3.245602 1.726344 1.883608 2.523393
6.231163 -39.68259 -0.11985 0.006003 1.834571 0.517248 1.884218 -1.254521 0.222511
4.231163 -39.68259 -0.11985 3.748789 6.953753 -2.520133 -0.265789 -0.242009 1.979474
10.23116 -41.68259 -0.11985 2.573131 0.78574 2.38906 1.549833 2.100544 0.975206
8.231163 -41.68259 -0.11985 -0.986731 -1.703898 0.167694 0.310187 -1.811277 -2.16149
6.231163 -41.68259 -0.11985 2.83221 3.625272 2.364647 3.26225 -0.07192 0.883898
8.231163 -43.68259 -0.11985 1.429155 -2.119973 5.169811 1.643711 0.161934 -2.151204
6.231163 -43.68259 -0.11985 -4.794842 -2.126482 -1.402263 -0.123655 -1.64894 -0.748505
8.231163 -45.68259 -0.11985 3.480859 1.03926 5.831835 1.997117 2.446795 0.165835
6.231163 -45.68259 -0.11985 -8.613544 -3.674619 -4.465162 -2.289542 -1.365043 -0.116606
10.23116 -47.68259 -0.11985 3.474198 -1.877493 6.711472 1.562235 2.089505 -2.435435
8.231163 -47.68259 -0.11985 -2.534262 0.294228 -3.392576 -2.835015 0.218068 -0.477224
6.231163 -47.68259 -0.11985 -13.84536 -4.313683 -11.7929 -6.665778 -3.174972 -0.918767
8.231163 -49.68259 -0.11985 -9.63403 -4.133358 -9.086011 -5.782272 -3.080984 -2.807246
0.231163 -25.68259 1.88015 -4.336865 -1.090282 -3.514772 -1.347537 1.645342 2.531779
0.231163 -27.68259 1.88015 2.132215 1.422984 1.610371 0.385911 -2.715203 -2.781662
6.231163 -29.68259 1.88015 5.30371 5.961751 2.986325 1.165081 3.742274 4.690482
0.231163 -29.68259 1.88015 4.688154 2.980333 5.549222 2.715327 -0.651224 -1.967584
8.231163 -31.68259 1.88015 4.241229 3.870987 0.641796 -0.100417 4.664207 3.578861
6.231163 -31.68259 1.88015 10.10413 11.75092 2.163815 1.64826 2.50327 3.131963
0.231163 -31.68259 1.88015 3.789059 4.051261 2.737608 1.608402 1.982491 0.291146
6.231163 -33.68259 1.88015 9.710404 9.624796 4.974317 3.789591 3.224906 3.303342
4.231163 -33.68259 1.88015 14.04956 14.14592 7.745516 6.259093 2.784206 3.036536
2.231163 -33.68259 1.88015 8.595186 6.943135 3.868518 2.775138 1.801659 0.384609
0.231163 -33.68259 1.88015 4.608339 2.681911 0.43106 -0.934643 5.062181 3.306156
6.231163 -35.68259 1.88015 6.4792 6.904263 5.934479 5.218908 3.149766 3.644804
4.231163 -35.68259 1.88015 9.024532 10.51002 3.968204 3.738732 3.583262 4.734622
2.231163 -35.68259 1.88015 -0.020743 3.054363 -1.736555 -0.265985 2.874293 3.083694
0.231163 -35.68259 1.88015 -0.516419 1.001763 -1.854473 -1.10067 4.573948 4.429285
6.231163 -37.68259 1.88015 3.449597 4.810417 2.809128 2.979735 0.032889 0.90589
2.231163 -37.68259 1.88015 3.207167 4.251848 0.10941 0.778073 2.768243 2.553531
0.231163 -37.68259 1.88015 -0.251976 0.249085 -2.118255 -1.196622 -0.298623 0.089655
6.231163 -39.68259 1.88015 1.809946 3.373728 -0.895143 0.389578 -1.182357 0.369573
6.231163 -41.68259 1.88015 4.715188 5.405731 -0.196348 1.115467 0.361012 2.136762
8.231163 -43.68259 1.88015 5.04334 1.993297 3.380579 0.976515 2.933424 0.721504
6.231163 -43.68259 1.88015 1.458622 3.703987 -0.322905 1.511015 0.596627 2.443303
8.231163 -45.68259 1.88015 6.649613 4.219884 5.83793 3.161859 3.127671 2.030473
6.231163 -45.68259 1.88015 0.230255 2.06898 1.881395 2.362657 1.274813 2.577962
8.231163 -47.68259 1.88015 0.79184 -0.448676 2.570967 0.801252 -0.149442 -1.431027
6.231163 -47.68259 1.88015 -8.235003 -3.722467 -3.163712 -0.941724 -1.938622 -1.355458
2.231163 -47.68259 1.88015 -4.981391 -2.845956 0.19703 0.939655 1.697399 2.444897
8.231163 -49.68259 1.88015 -2.978978 -3.404801 -2.380247 -2.711832 -0.965218 -2.756494
6.231163 -49.68259 1.88015 -11.75572 -4.935548 -5.264101 -1.106785 -0.755637 -0.311499
8.231163 -51.68259 1.88015 -6.00226 -6.874339 -4.063925 -3.917983 0.543565 -2.373387
10.23116 -31.68259 3.88015 -0.895061 1.010189 -3.137323 -2.15811 4.638435 5.84626
8.231163 -31.68259 3.88015 0.177871 0.152153 -5.547184 -5.797638 3.585063 2.520751
6.231163 -31.68259 3.88015 1.843142 3.652853 -2.29988 -1.355073 3.541923 4.231361
0.231163 -31.68259 3.88015 -3.914019 -0.944997 -0.366664 -0.806833 -1.347222 0.033407
10.23116 -33.68259 3.88015 -1.899557 0.142611 -0.004765 1.453289 1.018389 2.830467
8.231163 -33.68259 3.88015 0.970379 0.436314 0.486685 -0.094712 3.052171 2.432822
6.231163 -33.68259 3.88015 4.622395 5.733306 3.862931 2.819319 5.473121 5.651532
0.231163 -33.68259 3.88015 0.755425 -0.802068 -2.015646 -3.722847 0.948674 0.088776
-1.768837 -33.68259 3.88015 -6.683827 -4.973674 -3.590978 -2.977236 0.914041 1.367669
8.231163 -35.68259 3.88015 0.710886 0.482785 1.190492 0.185931 -0.018995 -0.117303
6.231163 -35.68259 3.88015 4.708183 5.161374 3.821965 2.252127 2.809265 3.02437
4.231163 -35.68259 3.88015 10.7004 9.986889 8.122583 5.19755 5.081768 4.870119
2.231163 -35.68259 3.88015 3.681471 2.656155 4.122129 2.541601 3.60084 3.50719
0.231163 -35.68259 3.88015 -0.568249 -0.808959 -0.378021 -0.223484 4.708346 5.054357
-1.768837 -35.68259 3.88015 -3.221654 -2.437027 -4.030056 -4.292962 3.423745 3.589723
6.231163 -37.68259 3.88015 0.351624 2.788101 0.434376 0.401998 -0.786571 0.154417
2.231163 -37.68259 3.88015 -2.538387 -2.38804 2.97592 2.435275 1.015059 -0.924691
0.231163 -37.68259 3.88015 -0.961338 -2.688862 -0.985389 -1.973146 1.439832 -0.849001
6.231163 -39.68259 3.88015 0.598443 3.174707 -1.2681 -0.333307 0.906245 2.413232
2.231163 -39.68259 3.88015 1.275182 -0.008573 4.108507 3.296048 -0.099286 -2.044011
0.231163 -39.68259 3.88015 2.377211 0.767916 1.770086 0.51413 -1.137754 -2.57914
6.231163 -41.68259 3.88015 1.274118 4.501779 -0.782354 0.726778 0.508241 2.857071
10.23116 -43.68259 3.88015 3.296813 0.661985 -0.133167 -2.217826 1.171262 -0.295706
8.231163 -43.68259 3.88015 5.52054 2.428576 4.078057 1.635799 1.864594 0.397671
6.231163 -43.68259 3.88015 1.740625 2.599889 1.721369 2.02082 1.773896 2.498069
10.23116 -45.68259 3.88015 -0.052005 0.319298 -1.578263 -1.535569 -0.14469 0.774539
8.231163 -45.68259 3.88015 5.008989 3.689892 2.806672 1.596779 1.247174 1.42985
8.231163 -47.68259 3.88015 1.774578 1.167266 1.160377 0.276148 -0.376159 0.15309
6.231163 -47.68259 3.88015 3.320896 0.693149 0.340143 -0.261868 0.376078 0.661882
2.231163 -47.68259 3.88015 -2.553415 -1.133048 -0.194488 1.318449 0.953604 1.373978
0.231163 -47.68259 3.88015 3.223134 2.315457 0.219738 0.403679 2.770721 3.157093
8.231163 -49.68259 3.88015 1.357328 1.005286 1.233504 0.325608 1.118164 1.166642
6.231163 -49.68259 3.88015 -0.121684 0.322625 -1.172942 -0.55617 1.315991 1.800408
0.231163 -49.68259 3.88015 5.375185 2.763125 3.333383 1.826487 1.499107 0.803697
8.231163 -51.68259 3.88015 2.081931 -0.15299 1.168495 -0.186945 1.532384 0.8678
6.231163 -51.68259 3.88015 1.596274 -0.247495 0.836043 -0.440483 2.470667 2.143803
8.231163 -53.68259 3.88015 7.040335 0.958429 6.1055 0.626178 3.376312 0.96878
14.23116 -33.68259 5.88015 3.066782 -0.213998 0.957908 -1.926829 2.680724 0.576237
12.23116 -33.68259 5.88015 1.744855 1.447745 3.037886 2.336011 2.167688 2.71383
10.23116 -33.68259 5.88015 -2.582435 -1.386228 1.693765 3.22859 -0.563241 2.067724
-1.768837 -33.68259 5.88015 -4.679298 -5.676053 -4.079301 -3.547644 -1.679084 -2.178538
12.23116 -35.68259 5.88015 2.698434 0.251524 7.767816 5.621773 1.832948 0.95244
10.23116 -35.68259 5.88015 3.755575 3.998654 6.509843 6.788177 0.24017 1.307961
8.231163 -35.68259 5.88015 0.49653 -0.12734 2.729672 2.262465 0.759763 0.80541
6.231163 -35.68259 5.88015 -0.727457 -0.555017 0.260828 -0.804796 2.321385 2.674241
-1.768837 -35.68259 5.88015 -5.059239 -4.430782 -4.61952 -2.600813 1.967352 1.686554
-3.768837 -35.68259 5.88015 -4.554039 -3.912994 -5.272614 -3.46448 0.896127 -0.15788
12.23116 -37.68259 5.88015 1.18751 -0.445569 5.049439 1.40001 0.313007 -1.357136
10.23116 -37.68259 5.88015 2.14116 3.692489 2.243664 2.339741 0.671094 0.603309
8.231163 -37.68259 5.88015 -0.748329 3.165068 -1.072709 0.067889 -0.432263 -0.754247
6.231163 -37.68259 5.88015 0.664936 2.916718 0.80708 0.208211 3.124492 3.49808
0.231163 -37.68259 5.88015 -6.655633 -6.953967 2.358314 1.369363 0.108848 -0.246067
-1.768837 -37.68259 5.88015 -0.788204 -1.333075 1.90363 2.019915 2.971739 2.00902
6.231163 -39.68259 5.88015 0.04544 1.042493 2.310727 1.682085 2.122498 1.678716
0.231163 -39.68259 5.88015 -3.842124 -4.87743 2.231512 0.622829 -0.948455 -2.425543
-1.768837 -39.68259 5.88015 1.36268 -0.836547 0.667541 -0.663694 0.259734 -1.189162
6.231163 -41.68259 5.88015 -1.023141 2.277836 -0.074474 0.665217 2.661737 3.258391
4.231163 -41.68259 5.88015 1.537157 4.041382 3.871054 3.590808 2.770187 3.462974
2.231163 -41.68259 5.88015 -1.278892 1.3141 5.630647 5.088545 1.962471 3.68252
0.231163 -41.68259 5.88015 -3.894716 -1.830805 1.690437 1.904227 -1.386874 -0.964076
10.23116 -43.68259 5.88015 1.197445 3.259068 0.693212 0.462155 1.12962 2.336987
8.231163 -43.68259 5.88015 2.796555 4.354749 2.398883 1.956306 1.03761 1.510363
6.231163 -43.68259 5.88015 -0.328028 1.323586 1.190416 1.442832 3.506926 2.927105
2.231163 -43.68259 5.88015 0.226265 1.649254 3.560404 2.926478 3.018749 4.497851
10.23116 -45.68259 5.88015 -1.073878 2.177572 -2.753194 -1.682131 1.631075 2.801651
8.231163 -45.68259 5.88015 4.291234 6.137339 1.344034 1.753108 1.785574 2.632913
2.231163 -45.68259 5.88015 2.754276 4.597238 3.78426 3.849005 2.016714 3.180182
0.231163 -45.68259 5.88015 1.871166 3.267168 -1.100563 -0.244276 0.856421 1.647584
10.23116 -47.68259 5.88015 0.165854 1.988585 -2.825197 -2.102386 1.428657 1.813576
8.231163 -47.68259 5.88015 6.211541 6.995785 1.710985 1.333587 1.655777 2.724259
6.231163 -47.68259 5.88015 4.633132 6.320195 -2.646851 -0.908706 1.409027 3.359542
0.231163 -47.68259 5.88015 4.681004 2.657184 3.008436 0.857697 0.435129 0.335289
8.231163 -49.68259 5.88015 3.845908 3.267027 2.1835 0.552259 0.715381 1.569839
6.231163 -49.68259 5.88015 1.29154 4.849754 -2.852458 -0.79766 0.608141 3.131787
0.231163 -49.68259 5.88015 5.700422 2.244643 5.241622 1.455175 0.870669 0.083754
8.231163 -51.68259 5.88015 1.222311 -0.716505 1.720411 0.239729 -0.657277 -0.500441
6.231163 -51.68259 5.88015 -1.753287 0.038539 -1.221826 -0.200836 -0.458029 0.834093
2.231163 -51.68259 5.88015 2.69939 1.667757 0.641168 0.633445 1.629621 1.086346
0.231163 -51.68259 5.88015 1.24132 0.925458 2.397868 1.443583 0.478709 0.76845
10.23116 -53.68259 5.88015 -2.181612 1.477569 -1.929255 1.058131 -0.065481 2.906066
8.231163 -53.68259 5.88015 8.825764 4.54994 5.045416 1.922869 1.941062 0.613461
6.231163 -53.68259 5.88015 2.532547 4.1238 -0.260416 0.514034 0.02786 1.568536
10.23116 -55.68259 5.88015 0.661513 2.28211 -1.913985 0.30695 0.167451 2.214711
8.231163 -55.68259 5.88015 10.57659 5.204486 4.826286 1.384137 1.468134 -0.279149
14.23116 -31.68259 7.88015 3.392126 2.00769 3.678333 2.724842 2.823649 2.729873
12.23116 -31.68259 7.88015 5.761714 4.126026 3.957495 3.20108 3.281524 2.585515
14.23116 -33.68259 7.88015 3.374974 2.118514 2.641559 1.558306 1.606919 1.832881
12.23116 -33.68259 7.88015 3.840748 2.541087 0.188368 -0.171683 0.451273 0.98988
10.23116 -33.68259 7.88015 1.155963 0.853859 -1.865466 -1.367162 1.01871 0.98014
-1.768837 -33.68259 7.88015 1.981984 -0.376782 1.330325 0.113089 2.534218 -0.001671
14.23116 -35.68259 7.88015 2.675286 -0.320341 2.432762 0.195651 1.759771 1.03144
12.23116 -35.68259 7.88015 5.915992 3.865484 0.647991 0.204309 1.271846 1.727875
10.23116 -35.68259 7.88015 6.307278 5.220691 -0.218332 0.844497 -0.562349 -0.274115
8.231163 -35.68259 7.88015 2.429821 0.739944 0.874794 -0.768428 -0.852644 -2.404222
2.231163 -35.68259 7.88015 -7.047674 -7.080716 -2.901664 -3.720558 -0.481744 -1.095936
0.231163 -35.68259 7.88015 0.053874 1.604782 3.211597 3.778022 1.89618 2.600868
-1.768837 -35.68259 7.88015 -0.894272 1.387658 -1.991194 0.11674 2.023617 0.811195
-3.768837 -35.68259 7.88015 0.782539 1.515917 -4.668681 -3.013396 2.339101 0.113577
14.23116 -37.68259 7.88015 -0.374963 -1.991155 -0.724194 -2.948702 -0.49933 -1.150315
12.23116 -37.68259 7.88015 0.272601 -0.792271 2.380915 0.247551 1.232801 0.526455
0.231163 -37.68259 7.88015 -0.845987 1.564447 4.137357 5.921392 -1.384572 0.538269
-1.768837 -37.68259 7.88015 2.078787 3.046609 2.277315 2.804818 0.419024 -0.142161
-3.768837 -37.68259 7.88015 3.329778 4.235908 0.568614 2.270977 1.860703 2.00314
12.23116 -39.68259 7.88015 4.543669 1.811229 2.482244 -0.700694 3.63523 1.934299
10.23116 -39.68259 7.88015 1.728302 -0.507127 1.155463 -0.878605 0.699965 -1.264453
8.231163 -39.68259 7.88015 1.872423 -0.458944 1.616575 -0.903302 0.622589 -1.399038
6.231163 -39.68259 7.88015 7.017049 3.412748 5.040076 2.003861 3.824368 1.25285
-3.768837 -39.68259 7.88015 0.414698 1.249733 2.604832 3.272402 1.802662 2.571126
6.231163 -41.68259 7.88015 -3.235714 -3.509943 -3.429845 -4.689762 1.191587 -0.619807
4.231163 -41.68259 7.88015 2.212709 0.519067 3.884429 1.890958 2.190306 1.335227
2.231163 -41.68259 7.88015 3.441873 3.437652 5.722845 4.963796 2.161922 4.66537
0.231163 -41.68259 7.88015 2.570704 2.030381 1.772075 1.278095 1.331852 2.275389
-1.768837 -41.68259 7.88015 -1.027147 -0.766451 0.002641 0.011494 -0.230389 -0.808173
-3.768837 -41.68259 7.88015 0.955506 0.120171 4.489507 3.374392 0.148593 0.324133
10.23116 -43.68259 7.88015 3.487498 5.062397 6.118859 6.006238 1.278583 3.161012
8.231163 -43.68259 7.88015 -3.796727 -3.195374 2.570076 1.538424 -0.874221 0.263168
6.231163 -43.68259 7.88015 -4.915013 -4.850893 -0.77684 -2.168226 0.793786 0.102453
2.231163 -43.68259 7.88015 1.88886 2.865622 2.551606 2.104893 1.735669 3.787378
10.23116 -45.68259 7.88015 1.063107 1.769704 0.124957 0.299337 2.18114 1.68679
2.231163 -45.68259 7.88015 0.034701 1.521567 4.712664 3.690595 1.106443 1.959644
0.231163 -45.68259 7.88015 -1.992546 -0.311914 5.089263 4.292335 1.050947 2.161314
-1.768837 -45.68259 7.88015 -4.103105 -3.193475 1.019183 0.106542 2.65903 1.91234
10.23116 -47.68259 7.88015 1.466281 2.447557 -0.407939 -0.536417 2.117172 0.827721
8.231163 -47.68259 7.88015 2.469914 1.788598 4.083792 2.342643 0.579989 0.072884
-1.768837 -47.68259 7.88015 1.436419 0.83457 3.967323 2.053802 -0.781572 -1.642928
10.23116 -49.68259 7.88015 3.34016 3.885938 0.378726 -0.307827 3.007429 2.209945
8.231163 -49.68259 7.88015 -0.047525 1.031544 0.391314 -0.078437 0.498619 0.168557
6.231163 -49.68259 7.88015 -3.489551 -0.016036 -1.356461 0.188295 -2.454001 -1.366367
0.231163 -49.68259 7.88015 8.521717 3.978797 4.697785 0.053845 -0.2395 -2.065548
-1.768837 -49.68259 7.88015 1.698306 0.702365 3.025697 0.721673 -0.571668 -1.32051
8.231163 -51.68259 7.88015 -2.631689 -1.280718 -1.413447 -0.45127 0.017876 0.428866
6.231163 -51.68259 7.88015 -5.378504 -0.67471 -2.310501 0.953764 0.178057 1.582993
2.231163 -51.68259 7.88015 3.836556 0.44646 0.094487 -2.847295 0.386547 -0.8399
0.231163 -51.68259 7.88015 3.717108 2.338447 3.551598 1.490557 -0.173315 -0.859465
10.23116 -53.68259 7.88015 -0.918665 1.114873 -1.783483 0.516964 0.418222 1.614838
8.231163 -53.68259 7.88015 1.309306 2.626179 0.122579 1.118217 0.588252 0.167688
6.231163 -53.68259 7.88015 -3.528692 1.641456 -2.2136 1.292834 1.593967 2.748389
0.231163 -53.68259 7.88015 -1.478071 1.224203 0.893345 1.795327 0.431499 1.146504
10.23116 -55.68259 7.88015 2.060551 4.583585 1.36078 2.924279 1.58099 2.310936
8.231163 -55.68259 7.88015 4.554592 4.372767 1.108257 0.752099 0.48512 -0.351198
6.231163 -55.68259 7.88015 -0.107946 2.622604 -0.743198 0.954602 1.315803 2.144077
10.23116 -31.68259 9.88015 -2.140264 -1.283871 -2.538445 -1.798477 2.240639 1.019632
14.23116 -33.68259 9.88015 1.371742 2.623845 2.900532 4.046536 0.814529 1.616633
10.23116 -33.68259 9.88015 -5.317829 -3.242633 -7.564415 -6.226931 0.276886 0.639549
8.231163 -33.68259 9.88015 -5.344725 -3.707883 -2.19087 -1.892151 1.801535 0.519428
-1.768837 -33.68259 9.88015 2.375764 1.501238 2.526175 0.960808 0.705722 -1.006971
14.23116 -35.68259 9.88015 2.748604 2.586523 -1.879982 -1.223271 0.559182 0.752008
12.23116 -35.68259 9.88015 4.114797 4.397728 -2.356432 -1.765256 0.653388 0.912439
10.23116 -35.68259 9.88015 -2.223312 1.331367 -5.827066 -3.500315 -0.266285 0.446561
8.231163 -35.68259 9.88015 -4.348263 -1.089818 -5.570008 -4.140671 -2.897202 -3.783337
2.231163 -35.68259 9.88015 -4.668318 -0.472163 -0.835101 -1.283151 -1.496511 -0.899247
14.23116 -37.68259 9.88015 2.676363 2.572641 -3.330007 -4.052986 2.101243 2.357889
12.23116 -37.68259 9.88015 1.141502 3.294533 -2.119833 -1.175056 1.240567 0.711225
10.23116 -37.68259 9.88015 0.749347 2.62981 -2.081617 -0.481561 0.335532 -1.942189
2.231163 -37.68259 9.88015 -1.793952 3.267635 -2.094877 1.01532 -2.080737 -0.428278
0.231163 -37.68259 9.88015 2.627561 3.752656 1.03395 2.141698 0.042734 0.955201
-1.768837 -37.68259 9.88015 -0.596706 1.645433 -3.229344 -1.30864 0.374829 0.950018
-3.768837 -37.68259 9.88015 -2.887828 0.964061 -3.732447 -1.528693 -2.372402 -1.730757
14.23116 -39.68259 9.88015 4.122684 2.649956 0.797112 -1.689176 4.617375 4.943097
12.23116 -39.68259 9.88015 7.799208 5.422224 3.639775 1.14984 5.793538 4.558506
8.231163 -39.68259 9.88015 2.625295 0.578339 -0.329938 -1.971858 1.56568 -1.063804
0.231163 -39.68259 9.88015 1.572938 -1.785679 5.191673 2.919035 0.911415 -0.402681
-1.768837 -39.68259 9.88015 -1.357669 -0.165461 2.177415 3.618294 -0.355588 -0.852306
-3.768837 -39.68259 9.88015 -1.123106 1.808032 2.458021 4.514768 -1.024505 -1.001187
12.23116 -41.68259 9.88015 11.35873 5.808214 6.081246 1.025946 7.163702 4.198994
10.23116 -41.68259 9.88015 8.276841 5.91948 6.1761 3.47097 4.415874 3.142394
8.231163 -41.68259 9.88015 -1.643826 -1.716959 -1.366615 -2.411661 -0.337591 -1.179683
6.231163 -41.68259 9.88015 2.067874 -0.163964 1.839915 0.011385 3.423323 2.295556
-3.768837 -41.68259 9.88015 -0.481595 0.500685 3.697812 3.886529 0.972748 0.383569
8.231163 -43.68259 9.88015 -2.841436 -1.468268 3.903371 3.593497 0.828312 2.097573
6.231163 -43.68259 9.88015 -1.258448 -1.028822 3.254508 2.628299 3.72683 3.729221
2.231163 -43.68259 9.88015 0.572952 0.665002 -4.607048 -4.47676 3.307684 1.449068
0.231163 -43.68259 9.88015 1.4053 0.65453 -2.168993 -2.214458 3.308933 1.624746
-1.768837 -43.68259 9.88015 -2.359602 -0.583793 -3.38089 -2.58509 0.115666 -0.437613
10.23116 -45.68259 9.88015 -1.315395 -1.494899 2.220102 1.175729 -1.793102 -1.952776
8.231163 -45.68259 9.88015 -0.812306 -2.11081 3.292345 2.061437 -1.852677 0.030043
2.231163 -45.68259 9.88015 -2.19729 -1.471337 0.683585 -0.055762 2.295532 3.320168
0.231163 -45.68259 9.88015 -2.275692 -2.020361 3.444863 2.10516 2.426455 2.604864
-1.768837 -45.68259 9.88015 -1.242075 -1.835411 2.306177 1.221172 2.836185 1.096876
10.23116 -47.68259 9.88015 -0.347681 1.310505 -1.945813 -1.550645 -0.877535 -1.581025
8.231163 -47.68259 9.88015 -0.238689 -1.251529 0.115274 -1.195313 -3.048881 -2.510114
6.231163 -47.68259 9.88015 -3.225529 -3.624806 2.595082 0.759969 -2.959587 -1.003041
2.231163 -47.68259 9.88015 1.181215 -0.689123 0.389084 -1.035008 2.017187 1.890399
0.231163 -47.68259 9.88015 4.433537 1.898128 2.514418 0.417675 0.537549 -0.432786
-1.768837 -47.68259 9.88015 2.830952 -0.998318 1.449245 -0.033549 0.124859 -1.600088
10.23116 -49.68259 9.88015 -0.318889 0.583076 -2.349862 -2.76364 1.765359 1.024721
8.231163 -49.68259 9.88015 -4.098713 -3.585332 -2.089469 -2.405592 -2.151414 -2.034235
6.231163 -49.68259 9.88015 -4.309676 -6.646608 -1.063803 -3.059377 -2.750065 -2.854953
2.231163 -49.68259 9.88015 3.149817 0.611938 -4.031544 -5.196568 -0.102802 -1.265151
0.231163 -49.68259 9.88015 7.435387 3.261511 0.421595 -2.205287 -1.095204 -2.275534
8.231163 -51.68259 9.88015 -1.182542 -1.120155 -0.192178 0.009535 0.419791 -0.206894
6.231163 -51.68259 9.88015 -6.878874 -4.288445 -3.540369 -2.381727 -1.42627 0.148339
2.231163 -51.68259 9.88015 3.008352 -0.414235 -0.99128 -4.344241 1.470554 -0.091248
0.231163 -51.68259 9.88015 3.808733 1.146969 3.48098 0.714976 1.833613 1.43046
-3.768837 -51.68259 9.88015 -0.679915 0.301189 -0.457387 -1.400207 0.912861 0.985651
10.23116 -53.68259 9.88015 -0.814195 -1.258936 -2.074582 -1.9637 0.455604 -0.041752
8.231163 -53.68259 9.88015 -3.700961 -2.923329 0.931289 1.141523 1.364498 -0.229694
6.231163 -53.68259 9.88015 -7.725273 -2.912122 -0.561002 1.575972 1.044202 2.585471
0.231163 -53.68259 9.88015 0.889749 3.254081 2.037094 2.296906 2.849668 1.901355
-1.768837 -53.68259 9.88015 -3.728505 1.738781 0.700936 2.933003 1.194797 2.241456
-3.768837 -53.68259 9.88015 -0.305836 0.655625 1.423231 0.656229 0.894968 0.695097
-5.768837 -53.68259 9.88015 -2.810235 -2.71068 0.299193 -0.980955 0.010033 0.03877
10.23116 -55.68259 9.88015 -0.644064 1.605204 1.429232 2.202609 2.722938 2.546314
8.231163 -55.68259 9.88015 -1.854681 0.649125 0.005009 1.337275 3.253107 2.953397
6.231163 -55.68259 9.88015 -4.398207 0.000308 -1.926178 1.634058 1.781709 2.403297
12.23116 -31.68259 11.88015 -2.342525 0.932388 2.474742 4.620047 4.094563 3.651575
10.23116 -31.68259 11.88015 3.227547 3.676034 1.664895 1.360201 4.93794 4.454502
-5.768837 -31.68259 11.88015 -3.203305 -4.385265 -1.46584 -2.612562 -2.203729 -1.02085
-7.768837 -31.68259 11.88015 -3.227648 -1.013617 -1.635892 -1.385601 0.276506 1.901164
12.23116 -33.68259 11.88015 -2.091955 -1.694147 2.154476 2.076627 1.524441 0.266943
10.23116 -33.68259 11.88015 -5.460531 -2.908324 -2.950562 -1.38725 -1.25756 -0.474706
8.231163 -33.68259 11.88015 -2.409441 -0.787682 1.684706 2.498151 -0.432826 -0.292356
0.231163 -33.68259 11.88015 -0.170904 -3.930199 -1.277652 -1.947274 -1.976129 -5.097696
-3.768837 -33.68259 11.88015 -5.668573 -4.836729 2.397601 1.70105 2.382922 0.928741
-5.768837 -33.68259 11.88015 -4.542815 -6.155197 -0.383197 -1.705597 0.563308 -0.880345
10.23116 -35.68259 11.88015 -3.327831 -2.482675 -2.498738 -3.36949 0.479818 -0.75756
2.231163 -35.68259 11.88015 -5.568827 -1.747748 2.467678 2.389961 2.461206 0.848042
0.231163 -35.68259 11.88015 -0.887982 -1.605777 3.580646 2.924633 3.856417 0.82369
-1.768837 -35.68259 11.88015 1.029111 1.534335 0.907273 2.108899 3.405277 2.753407
-3.768837 -35.68259 11.88015 -4.373171 -1.636728 1.194596 2.89082 2.339338 2.261368
14.23116 -37.68259 11.88015 -1.318875 -0.024041 -1.82205 -1.727443 2.366552 2.553386
12.23116 -37.68259 11.88015 1.985567 3.144881 -0.980188 -0.930013 2.224464 0.891244
10.23116 -37.68259 11.88015 -2.412961 0.768613 -3.095882 -1.682003 1.310621 -0.75539
8.231163 -37.68259 11.88015 -10.42003 -5.598633 -5.049942 -2.36114 -1.48315 -2.966491
2.231163 -37.68259 11.88015 -3.824461 -0.972044 -2.864451 -1.316422 1.73435 -0.732511
14.23116 -39.68259 11.88015 3.366 4.288146 2.831597 2.867476 3.737209 3.656753
12.23116 -39.68259 11.88015 8.144754 8.920496 7.546041 6.774916 5.557876 5.084502
10.23116 -39.68259 11.88015 1.81986 3.388868 1.936012 1.584305 2.407468 0.59184
8.231163 -39.68259 11.88015 -9.753208 -6.80748 -4.435024 -3.311619 -0.473017 -2.49765
2.231163 -39.68259 11.88015 0.034837 -0.007088 1.393598 0.452098 1.785002 -0.984862
0.231163 -39.68259 11.88015 -4.239358 -2.924339 3.61213 3.222707 4.750267 3.937154
-1.768837 -39.68259 11.88015 -3.261007 1.210325 1.03815 2.674627 1.896911 2.936953
-3.768837 -39.68259 11.88015 0.511886 1.472263 3.532086 2.128103 0.125527 -0.239799
14.23116 -41.68259 11.88015 8.89059 9.172606 6.052155 5.340175 6.166723 5.905603
12.23116 -41.68259 11.88015 7.86922 7.753181 9.450813 7.462478 7.853647 7.151801
8.231163 -41.68259 11.88015 -3.475557 -1.814729 -2.288279 -2.509087 2.283276 0.760066
6.231163 -41.68259 11.88015 -1.886991 -1.118562 -0.794633 0.231988 3.131475 2.148556
-3.768837 -41.68259 11.88015 -2.716137 0.005926 2.289673 3.349144 3.741207 4.531183
10.23116 -43.68259 11.88015 0.121316 4.300988 1.882933 2.637439 4.625163 4.451613
8.231163 -43.68259 11.88015 -2.277286 -0.181225 1.901023 2.259548 2.655267 2.238901
6.231163 -43.68259 11.88015 1.395591 1.937894 5.545193 5.537606 4.108397 3.985539
0.231163 -43.68259 11.88015 3.231145 5.130216 -2.202323 -2.539001 2.202152 0.772688
-1.768837 -43.68259 11.88015 -0.372911 3.635384 -0.105957 0.545954 1.565846 1.797918
8.231163 -45.68259 11.88015 -6.215111 -5.14743 1.58888 1.096031 0.127775 -0.934449
6.231163 -45.68259 11.88015 -0.538978 -1.044676 5.324643 4.399243 2.655185 1.845253
2.231163 -45.68259 11.88015 1.048192 1.751274 -3.417854 -4.798599 1.671815 1.203032
0.231163 -45.68259 11.88015 -1.282655 0.950204 -0.696249 -1.101218 2.157074 1.291546
8.231163 -47.68259 11.88015 -2.451206 -3.257608 -0.645583 -2.120352 0.015843 -1.198443
6.231163 -47.68259 11.88015 -3.103549 -3.60934 0.770812 -0.75814 1.608302 1.529968
2.231163 -47.68259 11.88015 -2.513311 -2.411355 -5.701235 -6.019773 -0.903283 -0.909159
0.231163 -47.68259 11.88015 -4.559142 -3.910091 -6.649172 -6.326697 -1.390946 -2.55843
8.231163 -49.68259 11.88015 1.469227 -1.543772 0.122363 -1.916213 2.688437 2.336801
6.231163 -49.68259 11.88015 -0.188905 -3.841666 -2.061402 -4.855933 3.285615 2.609406
2.231163 -49.68259 11.88015 -2.235259 -1.847053 -8.355662 -8.239101 -1.781369 -1.991066
0.231163 -49.68259 11.88015 0.085804 -2.27106 -7.632419 -9.227401 -0.331235 -2.131506
8.231163 -51.68259 11.88015 1.599645 0.020271 -0.572248 -1.121541 1.632375 0.762194
6.231163 -51.68259 11.88015 -6.614112 -2.816929 -6.927462 -4.399646 -1.149807 1.172701
2.231163 -51.68259 11.88015 2.852238 1.358169 -0.806199 -3.080981 -1.329481 -0.627205
0.231163 -51.68259 11.88015 3.838109 1.512066 2.144248 -0.352514 1.829198 3.014563
-1.768837 -51.68259 11.88015 -1.479426 -0.577689 -1.325197 -1.697434 0.697338 2.622587
-3.768837 -51.68259 11.88015 -0.568838 0.392077 -2.905736 -2.536365 -1.116097 -0.11161
8.231163 -53.68259 11.88015 -1.654149 -1.923767 -1.745183 -1.494328 0.53024 -1.237471
6.231163 -53.68259 11.88015 -3.232804 0.806069 -2.572448 -0.327642 -0.103792 0.911524
0.231163 -53.68259 11.88015 6.934461 8.246515 4.202141 3.977634 1.342806 3.014271
-1.768837 -53.68259 11.88015 1.513108 4.274973 0.35655 2.075918 0.881335 2.927463
-3.768837 -53.68259 11.88015 2.935225 3.742547 -0.451468 -0.010385 1.639877 2.220763
-5.768837 -53.68259 11.88015 2.157974 1.57225 -0.782587 -0.924298 0.774955 0.214716
12.23116 -55.68259 11.88015 -2.388323 2.776253 -2.674349 1.295705 -1.154242 -0.45256
10.23116 -55.68259 11.88015 -1.703197 2.646028 -2.535383 0.372059 2.062246 2.801958
8.231163 -55.68259 11.88015 -3.65654 -0.521963 -4.327917 -1.355697 2.490102 1.951283
6.231163 -55.68259 11.88015 -2.034764 0.531876 -4.422415 -0.3975 1.309444 0.619964
-1.768837 -55.68259 11.88015 -2.410201 5.250441 -1.413633 3.379645 0.180352 1.517152
-3.768837 -55.68259 11.88015 -3.365952 2.816823 -3.368557 -0.30262 -0.696289 0.403296
-5.768837 -55.68259 11.88015 -3.566152 2.570491 -2.890522 0.180184 -1.221682 0.688625
10.23116 -57.68259 11.88015 0 0 0 0 0 0
8.231163 -57.68259 11.88015 0 0 0 0 0 0
-7.768837 -29.68259 13.88015 -2.971963 1.328449 -4.380336 -1.895559 0.916025 3.693571
12.23116 -31.68259 13.88015 3.249413 3.492996 2.602331 1.634159 4.959243 3.577964
10.23116 -31.68259 13.88015 3.088436 2.483969 1.449357 0.121689 4.272284 3.47843
-7.768837 -31.68259 13.88015 -0.625564 -0.345043 -0.39265 0.591411 0.133349 1.688171
14.23116 -33.68259 13.88015 -3.210112 -1.907055 2.802301 1.693673 0.833961 0.244475
12.23116 -33.68259 13.88015 -1.496315 -1.875443 3.040373 1.864419 0.383053 -0.809843
10.23116 -33.68259 13.88015 -2.300592 -0.419269 -0.945393 0.346373 -1.405025 -0.899584
-7.768837 -33.68259 13.88015 -1.367158 -4.817335 -2.292074 -2.436537 0.758859 -2.275764
12.23116 -35.68259 13.88015 -0.846973 -2.293003 1.720088 -2.205332 1.40284 -0.685799
10.23116 -35.68259 13.88015 -2.614074 -1.217177 -0.880567 -1.232393 0.553368 0.226828
8.231163 -35.68259 13.88015 -2.396451 0.040188 1.188585 2.224598 1.391012 2.261476
0.231163 -35.68259 13.88015 1.120502 -4.004362 3.584588 -0.987376 1.960349 -1.64172
-1.768837 -35.68259 13.88015 0.129881 -1.694423 0.883968 -0.946222 1.987657 0.146242
-3.768837 -35.68259 13.88015 -4.553347 -1.484955 3.481414 3.536805 1.894169 2.137267
-5.768837 -35.68259 13.88015 -0.684113 -0.076697 4.991899 3.835765 3.43223 1.724011
-7.768837 -35.68259 13.88015 4.079082 2.509433 1.368505 1.00554 3.698577 0.967687
10.23116 -37.68259 13.88015 -7.505922 -2.082839 -3.840777 -1.779609 0.718795 0.767381
8.231163 -37.68259 13.88015 -11.62046 -8.408612 -2.152201 -0.466122 0.655472 -0.410651
6.231163 -37.68259 13.88015 -8.811231 -7.675438 3.285712 3.004394 3.421054 2.251633
2.231163 -37.68259 13.88015 2.860124 2.486018 2.54195 0.973871 2.362576 1.359708
0.231163 -37.68259 13.88015 4.393661 0.689512 5.993861 1.734564 6.35233 3.12174
-1.768837 -37.68259 13.88015 6.105556 3.722758 4.886952 0.144841 6.780369 3.541456
-3.768837 -37.68259 13.88015 0.731608 0.992146 2.445252 -0.725162 4.308084 2.599906
14.23116 -39.68259 13.88015 3.723407 3.445746 4.096955 4.890227 6.05607 5.297858
12.23116 -39.68259 13.88015 3.348138 7.81684 6.563828 7.332026 5.903172 7.500327
10.23116 -39.68259 13.88015 -2.286192 0.946017 0.567567 0.530271 2.109961 0.65536
8.231163 -39.68259 13.88015 -7.930305 -6.842009 -2.557121 -2.835657 1.364447 -0.828117
6.231163 -39.68259 13.88015 -7.642382 -4.670913 -1.161803 -0.330271 2.344391 2.848125
2.231163 -39.68259 13.88015 1.298492 3.230742 4.195297 3.404402 2.762105 2.368143
14.23116 -41.68259 13.88015 2.888173 3.241211 2.173746 1.750104 6.390946 5.384721
2.231163 -41.68259 13.88015 2.04299 3.25426 4.947663 3.961162 1.030827 0.619319
0.231163 -41.68259 13.88015 -1.829551 1.992204 2.346226 2.541826 1.109501 0.746371
-3.768837 -41.68259 13.88015 -0.842315 1.425834 5.140489 5.668045 5.200594 7.326224
14.23116 -43.68259 13.88015 2.256746 2.886194 0.924999 0.707054 5.097965 3.296899
12.23116 -43.68259 13.88015 1.52433 4.634513 1.454821 2.581374 6.354407 6.264426
10.23116 -43.68259 13.88015 0.426807 3.879932 1.998762 1.673452 6.502643 7.029028
8.231163 -43.68259 13.88015 3.094047 3.418758 3.848362 3.130517 6.261844 6.03011
0.231163 -43.68259 13.88015 -1.259055 0.135265 -2.936726 -3.652519 2.042659 0.509938
-1.768837 -43.68259 13.88015 -3.86034 0.706218 -0.16581 1.3451 1.624025 2.742124
-3.768837 -43.68259 13.88015 -6.875862 -1.16257 1.242189 3.105217 -0.947861 2.538708
12.23116 -45.68259 13.88015 3.116749 7.337731 1.734734 4.635403 6.472137 6.069349
10.23116 -45.68259 13.88015 1.265847 6.14362 4.386224 5.274462 8.84933 8.027715
8.231163 -45.68259 13.88015 0.331278 3.140576 8.126232 7.217341 10.85463 8.196764
6.231163 -45.68259 13.88015 7.11342 9.755007 12.04556 10.87599 11.20064 9.9289
2.231163 -45.68259 13.88015 -3.465914 -0.321178 -7.024985 -7.746537 0.828109 -0.254713
0.231163 -45.68259 13.88015 -9.774058 -5.630164 -3.659033 -3.343011 0.431679 0.549841
-1.768837 -45.68259 13.88015 -6.945668 -4.038666 -2.631172 -2.183498 -1.256424 -0.607706
-3.768837 -45.68259 13.88015 -7.599714 -3.234554 -3.969261 -2.289612 -2.750882 -1.025365
12.23116 -47.68259 13.88015 -1.464038 1.249169 -5.001379 -3.793979 2.005421 0.932277
10.23116 -47.68259 13.88015 2.428308 4.557036 0.699941 0.44281 4.831522 3.110131
8.231163 -47.68259 13.88015 0.301619 3.147649 5.065834 3.91657 6.139391 4.660781
6.231163 -47.68259 13.88015 2.989017 7.850316 10.14167 9.258039 9.870723 10.14187
2.231163 -47.68259 13.88015 -7.320786 -4.007474 -8.589768 -8.156948 -2.641078 -2.968957
10.23116 -49.68259 13.88015 4.255404 1.6052 -2.003882 -5.999789 2.179847 -2.411551
8.231163 -49.68259 13.88015 8.660847 8.751542 2.408175 0.140022 3.532077 2.623822
6.231163 -49.68259 13.88015 8.78026 11.97661 7.71522 5.471907 8.905345 9.219004
2.231163 -49.68259 13.88015 -4.810674 -1.826166 -4.756953 -4.626643 -1.241585 -0.952008
0.231163 -49.68259 13.88015 -5.655663 -3.909601 -4.786438 -5.016784 -1.08974 -1.901426
8.231163 -51.68259 13.88015 1.852024 2.999622 -1.29994 -1.078122 3.062277 2.121211
6.231163 -51.68259 13.88015 -1.602679 4.705389 -3.628942 -0.956637 3.518114 6.308016
2.231163 -51.68259 13.88015 -0.343646 3.826594 -1.326646 1.207017 -1.80001 -0.447219
0.231163 -51.68259 13.88015 0.630523 5.953767 0.93049 4.484147 0.016294 2.286875
-1.768837 -51.68259 13.88015 -1.968326 4.043458 -3.888658 -0.438998 0.18613 2.561579
8.231163 -53.68259 13.88015 1.982701 4.74847 -5.16287 -1.673883 0.158187 -0.641054
6.231163 -53.68259 13.88015 1.199954 5.135715 -4.490722 -1.704506 1.069399 1.518466
0.231163 -53.68259 13.88015 4.087562 5.765699 3.931619 4.296574 -0.860783 1.42033
-1.768837 -53.68259 13.88015 2.694173 4.209596 -1.760557 -1.771649 -2.699806 0.235568
12.23116 -55.68259 13.88015 2.941222 5.471719 2.614566 5.252052 0.271756 0.068695
10.23116 -55.68259 13.88015 -0.789886 1.104617 -0.369382 1.412128 -0.102134 0.250026
8.231163 -55.68259 13.88015 0.883237 1.794472 -5.30777 -3.564289 1.258827 -0.58529
6.231163 -55.68259 13.88015 4.168894 3.020509 -1.193622 -0.417606 2.774993 0.580704
0.231163 -55.68259 13.88015 -0.202764 2.004354 1.342898 2.751532 -0.677017 0.027443
-1.768837 -55.68259 13.88015 -2.912225 0.891319 -2.846348 -0.757726 -2.894262 -1.329425
-3.768837 -55.68259 13.88015 -7.391448 -1.242599 -6.862311 -1.944341 -4.810222 -3.224001
10.23116 -57.68259 13.88015 0 0 0 0 0 0
8.231163 -57.68259 13.88015 0 0 0 0 0 0
14.23116 -31.68259 15.88015 5.980752 3.375326 0.594994 -0.742569 0.825505 -2.095708
12.23116 -31.68259 15.88015 1.457968 0.659709 -1.9159 -3.20794 0.74095 -2.398097
-7.768837 -31.68259 15.88015 -1.341269 0.151667 0.919379 1.663414 1.865259 2.527094
14.23116 -33.68259 15.88015 1.260483 -0.383868 -1.58029 -2.633144 0.69916 -0.621999
12.23116 -33.68259 15.88015 1.987728 0.877927 -0.823418 -1.134218 -0.475265 -1.55663
-5.768837 -33.68259 15.88015 -3.293879 0.143746 -1.906163 -0.217795 -0.148584 0.698933
-9.768837 -33.68259 15.88015 2.68246 0.589711 -2.745652 -3.899684 3.198874 1.219885
14.23116 -35.68259 15.88015 5.20083 3.512616 0.576545 -0.528346 3.585123 3.286865
12.23116 -35.68259 15.88015 1.303097 0.037924 0.246875 -1.138984 1.504941 1.878752
10.23116 -35.68259 15.88015 -0.068584 -0.555945 -0.108432 -0.079961 2.900206 3.210431
-5.768837 -35.68259 15.88015 0.512886 0.702916 3.344418 2.582603 1.086138 0.108011
-7.768837 -35.68259 15.88015 2.824743 1.115801 0.583041 0.017881 0.669579 -1.978511
12.23116 -37.68259 15.88015 -3.616306 0.456039 -1.841684 -0.147093 2.998122 3.886014
10.23116 -37.68259 15.88015 -1.50804 1.379683 -2.590779 -1.799155 2.622526 3.941534
8.231163 -37.68259 15.88015 4.620494 3.555513 2.301428 1.187173 5.283352 4.907942
6.231163 -37.68259 15.88015 3.724171 2.03061 6.19061 3.681564 6.111844 5.43498
2.231163 -37.68259 15.88015 2.137789 1.969057 0.1745 0.142752 0.334785 1.831852
0.231163 -37.68259 15.88015 4.96257 2.481296 3.632637 0.872246 3.022858 3.54549
-1.768837 -37.68259 15.88015 10.42712 8.538938 3.182788 -0.070991 5.329832 3.838115
-3.768837 -37.68259 15.88015 2.42034 3.025158 -0.385414 -2.057588 3.49257 2.120171
-5.768837 -37.68259 15.88015 -2.619008 -3.181165 -0.152311 -1.948406 0.882477 -0.388856
-7.768837 -37.68259 15.88015 -1.127888 -0.457518 -3.712744 -3.290576 -1.083335 -1.940448
8.231163 -39.68259 15.88015 3.667499 1.669413 -0.138086 -2.216453 3.692375 2.45943
6.231163 -39.68259 15.88015 2.564786 3.661532 2.543204 2.245323 3.750726 4.969847
2.231163 -39.68259 15.88015 3.929362 5.288324 3.012531 3.174184 2.219577 3.452809
0.231163 -39.68259 15.88015 2.053007 2.711196 5.949015 4.487843 3.252876 4.024833
14.23116 -41.68259 15.88015 -5.545339 -1.10786 -1.551861 1.598385 1.237154 2.889535
12.23116 -41.68259 15.88015 -4.360724 1.132745 4.339048 5.575985 2.524719 5.30501
10.23116 -41.68259 15.88015 -1.675847 1.329753 1.389193 1.674345 0.916608 1.403664
8.231163 -41.68259 15.88015 -1.005633 -1.432193 -0.173056 -1.15844 1.33674 0.266716
6.231163 -41.68259 15.88015 -0.648514 1.306987 -0.689686 -0.124567 1.565221 3.451154
2.231163 -41.68259 15.88015 5.036895 5.363184 6.557131 5.326794 3.448501 3.479394
0.231163 -41.68259 15.88015 4.663011 4.071307 7.460646 5.302413 2.42577 2.252194
-1.768837 -41.68259 15.88015 1.238465 2.649569 8.408884 8.0504 2.365116 4.428534
-3.768837 -41.68259 15.88015 2.52339 2.080305 9.078442 7.37408 3.875321 5.458195
14.23116 -43.68259 15.88015 -3.914566 2.216684 1.417381 5.617097 2.627121 4.388857
-1.768837 -43.68259 15.88015 -5.698902 -2.368117 3.775119 4.858633 2.992954 4.883638
-5.768837 -43.68259 15.88015 -5.878508 -3.267363 1.172494 1.932915 1.232903 3.184908
14.23116 -45.68259 15.88015 0.694278 4.491195 3.445034 6.265401 2.475055 3.420911
2.231163 -45.68259 15.88015 -5.291852 -1.296593 -0.351556 -0.735817 2.464365 2.601457
0.231163 -45.68259 15.88015 -9.633781 -5.483566 1.425773 1.358243 1.677682 3.259406
-1.768837 -45.68259 15.88015 -8.640556 -5.427609 -0.075679 -0.116164 1.890439 3.65052
-3.768837 -45.68259 15.88015 -6.849502 -4.532867 -0.278488 0.191872 0.855336 2.221977
-5.768837 -45.68259 15.88015 -6.839498 -2.631614 1.484215 3.439448 0.962697 3.123734
8.231163 -47.68259 15.88015 3.972964 6.28933 8.019938 8.241014 9.344787 6.532769
2.231163 -47.68259 15.88015 -8.122516 -4.500934 -5.141889 -5.219986 -2.471418 -1.823141
0.231163 -47.68259 15.88015 -5.648708 -3.909847 -2.358527 -2.367787 -3.153703 -2.18401
-1.768837 -47.68259 15.88015 -5.921137 -4.139536 -2.90617 -3.416978 1.037495 1.050218
-3.768837 -47.68259 15.88015 -5.323275 -2.252069 -1.719718 -1.359509 2.238443 2.657366
12.23116 -49.68259 15.88015 -8.180787 -3.671273 -8.353456 -6.511051 -3.309394 -1.009007
8.231163 -49.68259 15.88015 -0.042713 10.58347 1.779096 6.293932 4.959179 7.385393
2.231163 -49.68259 15.88015 -7.196852 -5.374642 -0.868667 -3.117471 -2.700788 -3.114416
0.231163 -49.68259 15.88015 -1.786269 -0.678394 -1.586981 -2.52873 -2.969679 -4.144484
-1.768837 -49.68259 15.88015 -2.35328 1.753917 -4.11829 -3.364749 -0.090591 -0.470748
12.23116 -51.68259 15.88015 -2.147554 -0.684516 -3.530713 -3.272558 -3.97492 -2.380733
10.23116 -51.68259 15.88015 -3.457426 -1.736534 0.258656 -1.542932 -3.138403 -1.523668
8.231163 -51.68259 15.88015 -1.906856 6.476158 -0.260692 2.844138 4.997455 6.353893
6.231163 -51.68259 15.88015 2.685885 12.652 3.426146 6.276 7.856785 10.23556
2.231163 -51.68259 15.88015 -4.668933 -1.056563 2.212772 3.042404 0.296942 0.552598
0.231163 -51.68259 15.88015 -4.543901 0.98079 0.244007 4.526311 0.169685 0.120839
8.231163 -53.68259 15.88015 1.035123 6.338554 -0.301042 2.192071 -0.011723 0.921768
6.231163 -53.68259 15.88015 -1.925072 3.111755 -0.601082 0.257179 -1.924328 0.977357
2.231163 -53.68259 15.88015 -1.024995 -0.240287 2.678636 1.996605 -0.099217 -0.889642
0.231163 -53.68259 15.88015 -0.112834 -0.204295 3.28208 1.937173 -2.381207 -2.196589
12.23116 -55.68259 15.88015 1.822557 0.579606 3.503253 2.958502 -0.574974 -3.190904
10.23116 -55.68259 15.88015 0.3875 1.900054 1.163719 2.322809 -1.922608 -1.396464
8.231163 -55.68259 15.88015 2.706813 3.371706 -0.621781 -1.863493 -1.636181 -0.717121
2.231163 -55.68259 15.88015 1.651302 1.646948 3.712828 2.608611 -0.417309 -0.635327
0.231163 -55.68259 15.88015 2.052119 0.288962 3.206028 1.930761 -0.772738 -0.439543
12.23116 -57.68259 15.88015 0 0 0 0 0 0
10.23116 -57.68259 15.88015 0 0 0 0 0 0
8.231163 -57.68259 15.88015 0 0 0 0 0 0
0.231163 -57.68259 15.88015 0 0 0 0 0 0
-1.768837 -57.68259 15.88015 -1.492974 -2.140995 -2.059166 -0.089197 1.792384 0.882498
-1.768837 -59.68259 15.88015 0 0 0 0 0 0
-7.768837 -31.68259 17.88015 -1.395535 -0.255372 1.464181 1.401879 -0.094577 -1.239877
16.23116 -33.68259 17.88015 2.552755 0.544608 1.225031 -0.131021 1.696977 0.776414
14.23116 -33.68259 17.88015 6.203561 4.086262 0.698654 -0.433837 3.243017 1.996023
-5.768837 -33.68259 17.88015 -1.938543 -0.761575 0.453515 1.458944 1.713004 1.814068
-7.768837 -33.68259 17.88015 -0.537353 -0.682225 -2.659937 -2.442764 2.52192 1.252267
-9.768837 -33.68259 17.88015 -1.181795 -0.134911 -5.37192 -4.39502 1.085949 0.801592
16.23116 -35.68259 17.88015 4.360579 4.108472 0.058035 0.133321 1.577633 1.311464
14.23116 -35.68259 17.88015 8.640629 8.226238 0.216579 0.387856 5.319858 5.022173
-5.768837 -35.68259 17.88015 1.082757 0.235344 1.177424 0.624982 0.369497 -0.457812
-9.768837 -35.68259 17.88015 -2.923871 -0.677257 -1.447358 -0.356154 -0.411079 -0.62635
14.23116 -37.68259 17.88015 6.759565 3.83234 -2.566602 -3.910048 3.898352 1.556403
12.23116 -37.68259 17.88015 4.5548 4.438422 -0.786727 -0.369403 4.847098 3.881076
10.23116 -37.68259 17.88015 7.39481 7.538847 1.043231 1.900772 2.635609 3.252722
8.231163 -37.68259 17.88015 11.72923 9.689722 3.994293 3.127719 3.513093 3.171584
2.231163 -37.68259 17.88015 2.697893 3.525602 -1.606507 -0.02692 0.357221 0.342867
0.231163 -37.68259 17.88015 1.816789 2.931884 0.419916 0.7584 2.430364 3.100605
-7.768837 -37.68259 17.88015 -1.165057 1.471537 -0.875613 0.379436 -1.105749 -0.727545
10.23116 -39.68259 17.88015 4.376141 4.419044 -2.729441 -3.238367 1.019364 1.524191
8.231163 -39.68259 17.88015 11.5722 7.505508 -1.009611 -3.214189 2.756781 1.696653
6.231163 -39.68259 17.88015 10.69548 8.417141 -0.590933 -0.998621 3.614875 2.597594
4.231163 -39.68259 17.88015 6.413686 5.779809 -1.104046 -0.587912 2.752934 1.524825
2.231163 -39.68259 17.88015 2.061593 2.407303 1.123875 1.254477 1.719776 1.285543
0.231163 -39.68259 17.88015 1.27481 1.394472 2.473079 1.703849 1.341751 1.692936
-1.768837 -39.68259 17.88015 6.778104 3.810566 6.475025 3.371787 3.363232 3.763657
-3.768837 -39.68259 17.88015 5.512312 1.808632 5.719631 1.928568 2.735355 2.811436
-5.768837 -39.68259 17.88015 -1.125325 -1.93834 0.337721 -1.539116 -0.654448 -0.639531
10.23116 -41.68259 17.88015 -2.551659 1.677391 -2.757979 -1.957809 1.589375 4.023143
8.231163 -41.68259 17.88015 -2.552537 -2.587055 -3.596737 -4.321726 0.072808 0.519659
6.231163 -41.68259 17.88015 1.685099 -0.482848 -3.415099 -3.747237 0.501614 0.05827
2.231163 -41.68259 17.88015 0.503103 -0.554258 3.418062 2.055098 -0.494572 -0.443793
0.231163 -41.68259 17.88015 4.492334 1.939134 5.275141 2.686514 -1.16812 -0.25066
14.23116 -43.68259 17.88015 -5.423917 -3.935469 3.580443 5.19906 -0.136345 0.592601
12.23116 -43.68259 17.88015 -2.074592 0.997681 4.284509 4.511263 2.266956 4.011797
10.23116 -43.68259 17.88015 -7.770879 -2.201946 -0.013738 1.070404 1.567002 3.321433
8.231163 -43.68259 17.88015 -9.608591 -7.117436 -0.924534 -0.460674 -0.397496 -0.448903
6.231163 -43.68259 17.88015 -3.027695 -3.699147 -0.441136 -0.687614 -0.097956 -0.253978
0.231163 -43.68259 17.88015 0.549667 1.44432 2.820893 3.013773 -0.340722 1.626569
-1.768837 -43.68259 17.88015 -4.011901 -1.929142 5.214322 5.108626 1.07299 3.77132
-3.768837 -43.68259 17.88015 -4.161803 -1.453599 5.875237 6.672719 -0.305695 2.663893
12.23116 -45.68259 17.88015 -0.468868 1.990476 7.732087 7.362245 1.930725 3.312273
10.23116 -45.68259 17.88015 -5.209087 -0.853841 4.485789 4.175036 2.470068 2.609432
8.231163 -45.68259 17.88015 -3.935916 -2.252897 3.4733 2.957459 2.187726 0.983505
6.231163 -45.68259 17.88015 -0.71602 -0.357624 4.085239 3.31488 2.6366 2.004224
-3.768837 -45.68259 17.88015 -7.854025 -2.980413 2.88197 6.089258 -0.520464 1.869146
12.23116 -47.68259 17.88015 1.48486 4.073244 7.190141 7.455731 0.936553 3.100358
10.23116 -47.68259 17.88015 1.846487 3.942968 7.236228 6.201658 4.03172 3.564059
8.231163 -47.68259 17.88015 2.48874 1.984368 6.704998 5.571091 4.4221 2.009668
-3.768837 -47.68259 17.88015 -5.768279 -1.401617 1.158608 3.936119 2.164317 3.222894
12.23116 -49.68259 17.88015 0.256146 2.31623 0.589117 1.646948 -0.112056 0.688743
10.23116 -49.68259 17.88015 -0.480481 0.961827 2.429754 1.987157 1.404929 0.580869
8.231163 -49.68259 17.88015 0.477242 3.952053 4.434975 5.51077 4.081713 3.069809
-1.768837 -49.68259 17.88015 -3.100465 2.296536 -1.962991 -0.507814 -0.875595 0.495756
-3.768837 -49.68259 17.88015 0.979171 4.761607 1.197816 2.636189 2.589804 2.963609
12.23116 -51.68259 17.88015 1.024407 1.115659 1.223163 1.668136 -1.569707 -0.171842
10.23116 -51.68259 17.88015 -0.925714 0.36204 0.677136 0.940088 -1.115507 -0.656167
-1.768837 -51.68259 17.88015 -3.222874 0.019267 -3.377326 -2.687295 -2.363673 -1.799647
12.23116 -53.68259 17.88015 -3.738053 -2.90584 -0.338646 -0.583321 -1.602432 -1.618333
10.23116 -53.68259 17.88015 -4.062951 -1.705574 -1.09903 -0.255088 -1.503486 -1.321796
8.231163 -53.68259 17.88015 3.393878 7.39847 2.930696 3.775223 2.710775 3.109481
2.231163 -53.68259 17.88015 -3.606908 -3.959302 0.237581 -2.551694 -1.667822 -1.397076
0.231163 -53.68259 17.88015 0.808192 -0.28726 2.220878 -1.268846 -3.390749 -2.613589
10.23116 -55.68259 17.88015 -1.298774 0.104572 -1.478841 -1.263582 -0.947785 -0.60318
8.231163 -55.68259 17.88015 2.848873 6.927532 1.280911 2.491109 -0.491246 2.020482
2.231163 -55.68259 17.88015 -1.825125 -2.321091 -1.123828 -3.29898 -0.510369 -1.527247
0.231163 -55.68259 17.88015 2.852928 -1.237844 3.456 -1.273796 -1.428685 -2.372443
14.23116 -57.68259 17.88015 0 0 0 0 0 0
12.23116 -57.68259 17.88015 0 0 0 0 0 0
10.23116 -57.68259 17.88015 1.738094 -1.492265 -3.322774 -5.75226 -0.425117 -2.134616
8.231163 -57.68259 17.88015 2.1077 2.334166 -0.8924 -1.8753 -0.201682 0.031143
0.231163 -57.68259 17.88015 1.99427 -1.521861 3.29189 0.071595 0.172454 -1.775285
16.23116 -33.68259 19.88015 2.910301 0.639751 4.67496 3.120041 1.437662 0.478986
14.23116 -33.68259 19.88015 3.018631 0.548063 0.239036 -0.502739 0.886626 0.194948
-5.768837 -33.68259 19.88015 1.967009 0.244317 3.93909 3.328321 2.70302 2.686615
-7.768837 -33.68259 19.88015 -0.924971 -1.085668 -1.122854 -0.671797 1.087447 1.059297
-9.768837 -33.68259 19.88015 -3.249738 -1.878232 -4.81014 -3.276908 -1.113508 -0.342321
16.23116 -35.68259 19.88015 0.470465 0.627971 1.17022 0.750739 0.694818 0.715664
14.23116 -35.68259 19.88015 6.589752 4.966887 2.282739 0.878721 2.213222 1.335023
-3.768837 -35.68259 19.88015 4.859914 3.16488 0.620429 -1.910054 0.893271 -0.254477
-5.768837 -35.68259 19.88015 0.606158 0.716052 1.92555 1.88022 0.357605 0.793069
-7.768837 -35.68259 19.88015 -1.313771 0.00703 3.677433 4.613663 -0.827668 -0.07924
-9.768837 -35.68259 19.88015 -1.301134 0.030801 0.052254 0.680887 -2.742074 -2.435373
14.23116 -37.68259 19.88015 4.730278 3.362439 -0.389361 -2.450515 4.033366 1.010824
8.231163 -37.68259 19.88015 1.703578 1.018565 2.751948 3.029249 -0.089378 -0.933886
2.231163 -37.68259 19.88015 0.81605 3.653239 -1.87231 0.733901 -1.86134 -1.143657
0.231163 -37.68259 19.88015 -2.832564 0.789253 0.406052 2.530667 -1.097447 0.671612
-5.768837 -37.68259 19.88015 -2.363313 -1.951973 -3.279336 -2.915247 -1.313728 -1.352911
-9.768837 -37.68259 19.88015 -2.864003 1.095888 2.08417 3.623802 0.087936 2.362068
12.23116 -39.68259 19.88015 5.479848 6.537142 0.432519 0.644829 4.155686 2.969065
10.23116 -39.68259 19.88015 3.667869 5.105964 -1.020095 -0.294015 1.690977 0.780025
8.231163 -39.68259 19.88015 7.473396 5.02181 0.980848 0.530774 1.178934 -1.069053
6.231163 -39.68259 19.88015 7.537484 7.464504 3.245624 3.278886 2.18765 1.479243
2.231163 -39.68259 19.88015 -3.24981 0.739609 -0.445982 1.173442 -0.585828 -0.694452
0.231163 -39.68259 19.88015 -6.455898 -2.374484 0.416772 1.587972 -2.863472 -2.494182
-1.768837 -39.68259 19.88015 0.213282 -0.460404 3.039184 1.784155 1.434381 0.458046
-3.768837 -39.68259 19.88015 3.113264 0.890587 1.071466 -0.403053 2.357567 1.960407
-5.768837 -39.68259 19.88015 -3.944169 -3.098255 -2.476112 -2.884386 -1.592502 -1.181772
-7.768837 -39.68259 19.88015 -4.741961 -1.117289 -0.722884 0.234654 0.347114 1.465975
6.231163 -41.68259 19.88015 3.867407 3.292048 2.005729 2.047861 1.681124 0.316785
2.231163 -41.68259 19.88015 -3.228086 -1.353369 -1.964765 -1.066039 -2.313533 -2.628629
0.231163 -41.68259 19.88015 -1.945151 -0.788421 1.871136 1.187067 -3.421046 -3.495391
8.231163 -43.68259 19.88015 -3.845989 -5.594432 -1.575167 -1.051906 2.102202 -0.471015
6.231163 -43.68259 19.88015 0.420683 -0.851866 0.771605 1.673256 1.925011 1.239854
0.231163 -43.68259 19.88015 3.970121 3.814566 1.928253 1.427155 -1.441009 -0.875911
-1.768837 -43.68259 19.88015 6.057893 5.369421 6.495137 4.832857 2.575963 3.077847
8.231163 -45.68259 19.88015 -1.049576 -3.509608 -0.097537 -0.459199 1.418632 -1.136194
6.231163 -45.68259 19.88015 3.332281 1.935038 1.539284 1.300954 3.28336 2.539896
-1.768837 -45.68259 19.88015 3.264725 4.451144 4.362672 4.911845 1.73758 2.918864
-3.768837 -45.68259 19.88015 4.238094 5.197814 4.767553 5.606138 0.90419 2.000033
8.231163 -47.68259 19.88015 5.495858 2.763815 0.358621 -0.669023 1.973354 0.071055
6.231163 -47.68259 19.88015 7.372695 6.197646 1.878328 1.057244 5.671806 4.66307
0.231163 -47.68259 19.88015 -0.948815 0.731663 -0.054567 1.534337 0.034088 1.809214
-1.768837 -47.68259 19.88015 -1.246631 1.710566 1.554669 4.045149 0.022314 1.3921
10.23116 -49.68259 19.88015 3.696874 1.761173 -0.237976 -1.31787 3.099394 1.718765
8.231163 -49.68259 19.88015 3.400475 3.155753 -1.3504 -0.923482 2.085061 0.978985
6.231163 -49.68259 19.88015 7.510677 7.413536 1.415753 0.655067 3.680919 3.850452
0.231163 -49.68259 19.88015 1.068665 3.488419 -1.023531 0.873802 1.063644 1.17866
-1.768837 -49.68259 19.88015 0.596878 4.872033 -2.99736 0.855128 0.795846 1.399641
10.23116 -51.68259 19.88015 1.936406 -2.524369 1.376055 -1.385212 1.705286 0.313506
8.231163 -51.68259 19.88015 2.576357 0.20835 0.092173 -2.278296 1.39812 0.163584
0.231163 -51.68259 19.88015 1.269054 -3.51251 0.324122 -3.06337 0.718939 -1.195324
-1.768837 -51.68259 19.88015 2.759468 -0.616321 -0.976498 -2.832662 0.804667 -1.281612
10.23116 -53.68259 19.88015 1.404442 -4.501429 1.029264 -3.812178 -0.160418 -1.439585
8.231163 -53.68259 19.88015 8.114789 4.007295 0.906557 -2.106563 0.371056 -0.51708
2.231163 -53.68259 19.88015 -9.808786 -11.61539 -3.475121 -6.2534 -4.978797 -4.133089
0.231163 -53.68259 19.88015 -1.903353 -5.753018 2.289335 -1.598557 -1.031779 -1.565087
10.23116 -55.68259 19.88015 -1.952149 -5.468032 0.5358 -4.42236 -0.560565 -2.286815
8.231163 -55.68259 19.88015 2.005992 2.021931 0.033791 -0.815014 -1.004228 -0.956578
2.231163 -55.68259 19.88015 -5.278932 -6.545699 -2.259109 -5.816399 -2.647455 -3.240136
0.231163 -55.68259 19.88015 -1.541328 -2.454365 4.414034 -0.264967 -2.875545 -1.868621
14.23116 -57.68259 19.88015 4.110017 1.959394 2.892449 1.942946 0.868494 -0.829549
12.23116 -57.68259 19.88015 2.657886 0.958548 -0.575582 -1.39659 1.876134 0.29493
10.23116 -57.68259 19.88015 -3.866879 -4.615349 -3.08181 -6.392971 -1.912355 -3.614457
2.231163 -57.68259 19.88015 3.464669 1.181722 0.269887 -4.101892 0.363737 -1.740372
0.231163 -57.68259 19.88015 2.981671 1.044222 4.338614 -0.491965 -1.769223 -2.106298
-1.768837 -31.68259 21.88015 0.035011 1.665097 3.669159 4.179563 3.883505 5.021267
16.23116 -33.68259 21.88015 0.710671 -0.819107 2.958035 2.422073 3.0966 1.571288
14.23116 -33.68259 21.88015 4.1524 1.045793 4.187731 3.05623 2.72803 0.627744
-1.768837 -33.68259 21.88015 -2.802997 -2.341894 3.001352 2.62883 0.951259 1.933282
-3.768837 -33.68259 21.88015 -0.795695 -0.172076 2.582009 2.621004 2.333573 2.779701
-7.768837 -33.68259 21.88015 -0.029291 -1.098088 1.817525 1.217026 1.055696 -0.223855
-9.768837 -33.68259 21.88015 -1.966761 -0.838221 -1.386991 -0.594615 0.568448 0.240236
16.23116 -35.68259 21.88015 0.921029 0.278928 -0.026849 -0.353518 0.84154 0.389626
14.23116 -35.68259 21.88015 6.038548 3.429118 4.115022 2.448076 1.116068 0.346571
-1.768837 -35.68259 21.88015 -2.237334 -3.955228 -0.065985 -1.090438 0.592524 0.730086
-3.768837 -35.68259 21.88015 1.847963 1.334507 0.460869 -0.844041 1.528809 1.324751
-5.768837 -35.68259 21.88015 0.969083 0.879273 2.522882 2.404735 0.847769 0.7656
-7.768837 -35.68259 21.88015 -0.016313 2.012342 2.067869 3.735146 0.182729 0.214622
-9.768837 -35.68259 21.88015 -0.600201 3.246366 -0.462086 2.211401 -0.076558 0.907183
14.23116 -37.68259 21.88015 5.199375 4.268963 2.252107 0.118379 4.195022 3.98238
12.23116 -37.68259 21.88015 2.243406 3.28766 3.581757 2.062699 5.037885 5.591529
-7.768837 -37.68259 21.88015 -4.259502 0.142834 -1.369636 1.904251 1.447388 2.483011
-9.768837 -37.68259 21.88015 -1.516796 1.842543 0.196938 1.964305 0.219383 1.831597
12.23116 -39.68259 21.88015 1.990067 5.532111 0.254663 1.356195 3.99402 4.96817
10.23116 -39.68259 21.88015 0.741026 2.815685 1.366061 1.115013 1.949932 2.084778
8.231163 -39.68259 21.88015 0.271293 -1.0723 2.350617 1.713834 -0.206397 -0.681928
6.231163 -39.68259 21.88015 -0.506714 1.500059 4.879485 6.069003 -1.106336 1.991528
2.231163 -39.68259 21.88015 -2.972153 1.979698 -0.092896 1.183712 -1.748942 -0.344906
0.231163 -39.68259 21.88015 -3.296597 1.461854 -1.982131 -0.310005 -1.710355 -0.735356
-1.768837 -39.68259 21.88015 -3.198446 -1.088333 -1.332817 -0.943381 0.870847 0.588453
-3.768837 -39.68259 21.88015 -1.365214 -1.607945 1.661259 0.951886 2.600116 2.002952
-5.768837 -39.68259 21.88015 -0.252752 0.719071 1.814488 1.720361 2.614268 2.870165
-7.768837 -39.68259 21.88015 -0.228923 3.02673 -0.149967 1.337377 3.263909 4.977763
8.231163 -41.68259 21.88015 1.952332 -1.062106 -2.671476 -4.118369 2.260246 -0.168137
6.231163 -41.68259 21.88015 1.872908 2.813643 3.746285 3.949216 1.70052 2.907677
2.231163 -41.68259 21.88015 -5.017772 -0.949518 -5.33828 -3.274382 -1.558589 -0.520962
0.231163 -41.68259 21.88015 -3.326529 -0.061847 -3.319205 -1.837915 -0.580051 0.538636
8.231163 -43.68259 21.88015 1.209037 -1.605121 -6.224888 -5.65152 3.581323 1.849624
6.231163 -43.68259 21.88015 3.006771 2.069189 -0.275775 0.493795 4.207512 4.210727
2.231163 -43.68259 21.88015 -0.603226 1.585204 -8.603492 -5.879006 -1.529263 0.086145
0.231163 -43.68259 21.88015 -0.623309 1.445272 -2.518436 -0.950809 -0.440517 1.864076
10.23116 -45.68259 21.88015 2.87296 0.575078 -4.078234 -4.123845 2.431901 0.418166
8.231163 -45.68259 21.88015 1.927746 0.813787 -1.761311 -0.984756 4.072134 3.428327
6.231163 -45.68259 21.88015 3.633199 3.437138 -0.209246 -0.126556 4.432427 4.489152
2.231163 -45.68259 21.88015 0.467113 2.919441 -6.303495 -3.877212 0.197382 2.02987
0.231163 -45.68259 21.88015 1.029841 1.746778 -0.845065 -0.091554 0.466399 1.922096
-1.768837 -45.68259 21.88015 -0.510939 0.347078 -0.409188 0.723382 -0.893235 0.859012
8.231163 -47.68259 21.88015 10.08644 7.954671 5.168097 2.989138 5.07784 4.002476
6.231163 -47.68259 21.88015 9.402079 10.03451 4.265429 2.861645 6.28876 6.674881
2.231163 -47.68259 21.88015 -0.365283 0.883788 -2.50673 -1.712354 2.456167 2.656407
0.231163 -47.68259 21.88015 1.823868 1.42504 0.682097 0.369598 1.367075 0.593694
8.231163 -49.68259 21.88015 10.65397 8.406204 4.705409 2.403064 4.332497 3.386371
6.231163 -49.68259 21.88015 11.96615 11.28159 5.150702 3.468372 5.016495 4.89182
2.231163 -49.68259 21.88015 6.150047 6.014606 1.599577 0.959617 4.684035 3.847303
0.231163 -49.68259 21.88015 5.065371 5.2174 0.604072 0.628805 2.181003 1.55249
12.23116 -51.68259 21.88015 -0.634718 0.694705 -2.022187 -1.027937 1.711628 2.592428
8.231163 -51.68259 21.88015 4.535555 3.762726 1.048917 -0.759839 2.196557 1.89842
6.231163 -51.68259 21.88015 5.355507 5.869757 1.604723 -0.515066 4.326258 4.507258
0.231163 -51.68259 21.88015 3.415757 1.055564 1.900007 -0.558533 0.700927 1.36911
12.23116 -53.68259 21.88015 2.79482 0.15471 -4.221734 -6.022603 2.745419 1.242112
10.23116 -53.68259 21.88015 3.426325 -2.865873 -0.539439 -5.906355 -1.546842 -2.039284
8.231163 -53.68259 21.88015 6.124625 2.495672 1.674976 -1.738557 0.120738 0.00363
2.231163 -53.68259 21.88015 -7.178978 -10.86662 -3.867706 -6.636261 -5.202242 -6.720095
0.231163 -53.68259 21.88015 -1.141404 -4.674976 2.443714 -2.058247 -0.932983 -0.884818
14.23116 -55.68259 21.88015 3.411266 -1.076263 0.242164 -3.50385 5.013778 0.127449
10.23116 -55.68259 21.88015 1.849615 -8.080263 3.366264 -7.012589 0.594829 -1.763086
8.231163 -55.68259 21.88015 3.034564 -0.87525 2.530806 -0.707852 1.097428 0.51859
2.231163 -55.68259 21.88015 -8.585011 -10.02601 -3.562931 -5.462634 -3.153302 -5.465263
14.23116 -57.68259 21.88015 9.696815 -0.66495 7.404624 -0.513716 7.613441 0.358037
12.23116 -57.68259 21.88015 8.738544 -2.797361 6.456422 -5.042474 6.755726 0.734159
10.23116 -57.68259 21.88015 3.363926 -4.455372 4.944931 -4.25512 2.67435 -0.903678
2.231163 -57.68259 21.88015 -0.926788 -2.155875 -2.070909 -4.139802 0.330079 -2.509001
0.231163 -57.68259 21.88015 1.151551 -5.118773 1.681239 -3.680878 1.50997 -2.418118
-1.768837 -31.68259 23.88015 -0.815405 -1.620736 -2.776932 -2.46057 0.952306 0.274385
16.23116 -33.68259 23.88015 2.699705 0.737652 2.160228 1.01053 3.451548 1.847631
14.23116 -33.68259 23.88015 7.749248 4.389369 4.118196 2.116732 2.691273 0.680097
12.23116 -33.68259 23.88015 4.117381 0.74543 3.596163 2.221591 1.298349 -0.365758
-1.768837 -33.68259 23.88015 -2.677745 -2.775877 -5.005794 -4.529786 0.269454 0.850589
-7.768837 -33.68259 23.88015 0.932949 0.143028 1.566427 0.108417 2.134025 0.679635
18.23116 -35.68259 23.88015 -0.109578 -1.984302 1.781812 -0.615846 1.416811 -0.26998
16.23116 -35.68259 23.88015 1.810896 0.183523 4.209091 2.73131 3.61535 1.893189
-1.768837 -35.68259 23.88015 -2.754899 -3.097275 -4.580148 -4.29991 1.631076 1.732027
-3.768837 -35.68259 23.88015 1.008219 0.451741 -1.920785 -2.20799 -0.361094 0.049428
-5.768837 -35.68259 23.88015 0.865092 0.334599 1.008864 0.986648 -0.864611 -0.448182
-7.768837 -35.68259 23.88015 -3.425482 -1.116631 0.850521 1.619314 1.718424 1.518033
-9.768837 -35.68259 23.88015 -1.274723 1.378876 -0.681204 0.24216 1.10231 0.215011
16.23116 -37.68259 23.88015 1.375632 -0.122046 4.593897 2.648708 2.597514 1.945262
14.23116 -37.68259 23.88015 6.849654 5.879333 5.961502 5.437632 6.636009 6.53658
-7.768837 -37.68259 23.88015 -3.432583 -1.063138 -0.568136 0.680141 0.319991 2.333137
-9.768837 -37.68259 23.88015 0.431451 0.027936 -1.849516 -1.942029 -0.86844 -1.273322
16.23116 -39.68259 23.88015 1.791474 -0.703038 2.199152 0.580445 0.74735 0.511562
14.23116 -39.68259 23.88015 8.011296 5.664932 7.746215 6.671593 5.63156 5.163458
12.23116 -39.68259 23.88015 5.281805 4.496537 6.271502 5.318576 6.091063 5.983924
10.23116 -39.68259 23.88015 2.325079 1.159445 4.397248 2.645802 3.699136 3.889888
8.231163 -39.68259 23.88015 2.68438 0.851361 4.892568 3.60278 1.560758 0.950995
0.231163 -39.68259 23.88015 0.021606 1.083643 -2.049476 -1.041693 3.196214 2.472481
-1.768837 -39.68259 23.88015 4.842364 3.653552 0.011557 0.315388 4.072268 4.232227
-3.768837 -39.68259 23.88015 7.257815 4.123785 4.407732 3.073514 2.469377 2.555705
-5.768837 -39.68259 23.88015 7.568249 6.924377 7.146914 6.076008 2.162085 3.257307
-7.768837 -39.68259 23.88015 9.189205 8.588165 5.76493 4.632975 3.358984 4.596708
8.231163 -41.68259 23.88015 3.551746 2.024964 0.616549 -1.168813 3.186201 2.645564
6.231163 -41.68259 23.88015 5.4226 4.437954 5.147408 3.833879 2.121315 3.461918
2.231163 -41.68259 23.88015 -4.636826 -4.828989 -4.477379 -4.587362 0.420562 -0.689744
0.231163 -41.68259 23.88015 0.465874 1.438044 -2.639024 -0.197517 4.782846 4.05691
-1.768837 -41.68259 23.88015 2.132594 3.923934 0.294373 4.135945 5.306919 5.37936
-3.768837 -41.68259 23.88015 5.350949 3.921411 7.770413 8.677151 3.339214 2.608688
-5.768837 -41.68259 23.88015 6.597381 4.860328 11.66057 9.522977 3.543973 3.967379
12.23116 -43.68259 23.88015 0.348163 -1.813853 -1.998511 -2.733545 1.295288 0.505649
10.23116 -43.68259 23.88015 3.393705 1.176037 -2.274251 -3.355025 2.662642 2.278136
8.231163 -43.68259 23.88015 3.532452 2.642537 -2.213189 -2.648346 3.337125 3.646536
6.231163 -43.68259 23.88015 2.68203 2.200572 1.523761 0.497179 3.887136 4.849631
2.231163 -43.68259 23.88015 -1.018041 -1.659812 -1.781813 -2.240394 -0.662455 -1.685111
0.231163 -43.68259 23.88015 1.63867 3.950276 0.037398 3.682844 2.908672 3.799496
-1.768837 -43.68259 23.88015 -3.972735 3.749819 -1.583802 5.49943 3.26375 6.982847
-3.768837 -43.68259 23.88015 -2.326895 2.067644 3.469378 7.350275 0.695424 2.732516
-5.768837 -43.68259 23.88015 1.248165 0.463296 8.497784 8.166032 1.081753 1.122026
10.23116 -45.68259 23.88015 4.889596 3.369361 2.094953 1.367686 3.208709 3.624003
8.231163 -45.68259 23.88015 1.650972 3.981223 1.970617 3.117942 4.398 5.925517
2.231163 -45.68259 23.88015 1.999272 4.024844 0.682519 1.624299 0.847294 1.451843
-1.768837 -45.68259 23.88015 -2.166246 4.905699 -0.792995 4.220475 1.697345 6.38406
-3.768837 -45.68259 23.88015 -2.198732 1.74508 1.201489 2.562034 -1.505605 1.51269
8.231163 -47.68259 23.88015 8.866782 10.02881 5.766242 5.026482 3.681618 3.923247
6.231163 -47.68259 23.88015 4.448882 7.145872 3.338292 2.082732 4.132826 3.835766
2.231163 -47.68259 23.88015 1.557376 5.564514 1.306386 2.86197 3.6878 5.093676
6.231163 -49.68259 23.88015 7.735511 8.238877 4.569388 2.719349 3.158778 1.675909
2.231163 -49.68259 23.88015 4.065176 7.57016 3.679814 4.504223 5.022315 5.520548
12.23116 -51.68259 23.88015 -1.532279 -0.302942 -1.914648 -0.978097 1.203178 0.681706
10.23116 -51.68259 23.88015 -0.225146 1.28214 -0.657783 0.635711 -0.070176 0.057863
8.231163 -51.68259 23.88015 2.61591 4.531291 0.860666 1.389296 3.235063 2.312116
6.231163 -51.68259 23.88015 5.944816 5.698005 5.214367 2.067879 4.117132 2.314085
2.231163 -51.68259 23.88015 1.738688 1.642719 1.776659 1.057993 0.697313 -0.959967
0.231163 -51.68259 23.88015 2.634976 2.627131 1.36951 0.444265 -0.721562 -1.137208
12.23116 -53.68259 23.88015 1.450871 0.348284 -1.213002 -3.92296 2.596001 0.282842
10.23116 -53.68259 23.88015 1.053962 0.532293 1.104869 -0.837481 0.930705 -0.912545
8.231163 -53.68259 23.88015 1.312243 2.794797 5.889727 3.46183 2.80131 2.087428
6.231163 -53.68259 23.88015 4.706908 2.376949 7.260985 1.717631 1.478153 -0.554866
2.231163 -53.68259 23.88015 -1.604757 -4.243633 0.531456 -3.310966 -1.600627 -3.983003
0.231163 -53.68259 23.88015 -1.259991 -1.76579 -0.665548 -2.796901 -2.359845 -2.983933
14.23116 -55.68259 23.88015 2.268742 -2.8508 -4.73236 -13.53207 3.034994 -2.580626
12.23116 -55.68259 23.88015 2.100614 -0.528429 -2.01201 -10.15392 2.995217 0.305842
10.23116 -55.68259 23.88015 -0.065058 0.422219 3.667985 -1.34809 0.969228 1.651024
2.231163 -55.68259 23.88015 -3.933465 -6.972963 -0.346946 -6.783454 -2.580254 -4.099329
0.231163 -55.68259 23.88015 -2.138358 -4.788881 -0.840768 -6.216739 -0.941687 -2.061056
0.231163 -57.68259 23.88015 0.3244 -6.332175 -0.567584 -10.72389 -0.971769 -3.547015
16.23116 -33.68259 25.88015 -2.196218 -0.123131 -2.071674 -0.940087 -0.775172 -0.061181
18.23116 -35.68259 25.88015 -0.570251 -2.198546 2.235351 0.573505 2.21766 1.075471
16.23116 -35.68259 25.88015 -1.311808 -1.902445 4.351942 3.216801 2.821715 1.693725
-1.768837 -35.68259 25.88015 -4.051091 -2.403913 -8.250592 -6.357159 -0.021725 -0.403849
-3.768837 -35.68259 25.88015 -3.33634 -0.273351 -5.355336 -2.882602 -2.123108 -0.566794
-5.768837 -35.68259 25.88015 -5.216259 -0.284849 -0.416238 2.2189 -1.818779 0.767817
-7.768837 -35.68259 25.88015 -3.899033 -0.315233 0.215779 1.222986 1.005989 1.968509
18.23116 -37.68259 25.88015 2.443267 0.542583 1.395454 -0.409391 3.029852 1.879503
-1.768837 -37.68259 25.88015 -4.21849 -4.174071 -4.890061 -4.702891 -0.4545 0.28806
-7.768837 -37.68259 25.88015 -4.898647 -1.921491 -4.021308 -1.260824 -4.737256 -3.31056
-9.768837 -37.68259 25.88015 -0.939589 -0.870141 -6.507189 -5.054906 -4.466124 -5.528686
16.23116 -39.68259 25.88015 4.482082 1.631272 0.487453 -1.693913 1.062636 0.139431
-5.768837 -39.68259 25.88015 2.450624 7.099596 -3.394154 1.689109 0.60548 0.918911
-7.768837 -39.68259 25.88015 5.066054 5.270319 -2.755258 -1.274673 -0.267734 -1.655873
16.23116 -41.68259 25.88015 3.300617 1.37405 2.349514 0.867391 2.740798 2.693035
14.23116 -41.68259 25.88015 8.585047 5.996057 4.67244 2.549352 3.06139 2.350291
12.23116 -41.68259 25.88015 6.988399 5.378696 3.292424 2.177081 4.122888 2.889462
10.23116 -41.68259 25.88015 5.911298 6.314243 2.88623 1.663772 4.422266 3.741836
8.231163 -41.68259 25.88015 7.157577 7.565001 3.623064 2.492903 3.214969 3.850353
0.231163 -41.68259 25.88015 5.08433 1.544982 5.417188 2.724968 1.270986 3.512236
-3.768837 -41.68259 25.88015 4.835178 7.19969 4.464617 5.895492 0.944999 4.058915
-5.768837 -41.68259 25.88015 2.898618 7.217497 1.083606 4.378403 1.584909 1.76452
-7.768837 -41.68259 25.88015 4.351982 3.90688 0.042151 0.025643 0.36336 -0.808785
14.23116 -43.68259 25.88015 6.664386 4.910553 3.172819 1.846539 2.40356 2.558163
12.23116 -43.68259 25.88015 4.50232 4.742918 1.781699 2.545358 3.334458 3.882349
10.23116 -43.68259 25.88015 8.206255 7.942309 3.582194 3.260329 5.484019 4.913427
8.231163 -43.68259 25.88015 8.753628 9.016134 3.240968 2.831425 4.678885 4.508288
0.231163 -43.68259 25.88015 5.439975 1.635555 5.781777 3.500305 1.015951 3.507731
-5.768837 -43.68259 25.88015 -0.374855 2.133446 3.535045 5.217835 0.885201 1.929902
-7.768837 -43.68259 25.88015 1.560079 1.143958 2.296917 2.467701 0.04339 1.067312
2.231163 -45.68259 25.88015 3.332918 2.801004 4.075875 4.587372 2.709853 4.976427
0.231163 -45.68259 25.88015 4.164279 4.553781 3.338079 5.011604 3.505384 6.837657
-1.768837 -45.68259 25.88015 2.090219 4.52588 0.811632 2.995835 3.114356 7.949523
-3.768837 -45.68259 25.88015 -2.09951 -0.133538 2.720722 2.301435 0.242998 3.023019
-5.768837 -45.68259 25.88015 -1.909214 0.464797 4.704807 5.983086 0.279173 2.309991
2.231163 -47.68259 25.88015 4.092304 10.2526 2.938927 8.969985 6.238686 9.976092
0.231163 -47.68259 25.88015 5.113583 11.69212 1.550306 7.878677 6.786326 10.51153
-1.768837 -47.68259 25.88015 4.480428 8.750213 2.45313 4.776386 4.40852 6.788866
-3.768837 -47.68259 25.88015 -1.260406 1.635388 1.359926 1.415914 0.768726 2.221822
8.231163 -49.68259 25.88015 5.120425 6.289824 4.306353 4.110182 1.553975 1.907015
6.231163 -49.68259 25.88015 5.131128 5.247561 5.496859 3.470939 0.894654 0.493192
2.231163 -49.68259 25.88015 8.461861 14.22553 6.428447 11.36666 7.981645 9.273053
10.23116 -51.68259 25.88015 3.109422 3.007264 3.553188 3.231608 2.338432 1.671798
8.231163 -51.68259 25.88015 5.16759 5.76388 2.654811 2.862631 4.15729 3.748359
6.231163 -51.68259 25.88015 4.997414 4.477401 3.548413 1.617534 2.488766 1.69301
2.231163 -51.68259 25.88015 4.016731 6.154127 4.903069 6.094379 2.446414 2.030674
10.23116 -53.68259 25.88015 0.672313 1.293541 2.650328 2.662404 1.586689 0.113149
8.231163 -53.68259 25.88015 2.828982 3.721543 4.147933 3.77827 3.814677 3.203403
2.231163 -53.68259 25.88015 -0.104072 -0.896616 0.589516 -0.561324 -0.307913 -1.875807
2.231163 -55.68259 25.88015 0.865607 -1.761664 -0.867703 -2.875783 0.975666 -1.711019
18.23116 -35.68259 27.88015 1.492793 0.565354 1.184245 0.64923 2.558169 0.858782
16.23116 -35.68259 27.88015 2.34303 0.386956 6.179203 4.66989 3.435681 0.932207
18.23116 -37.68259 27.88015 -0.111843 -0.550566 0.305447 -0.390578 1.96959 0.313058
-3.768837 -37.68259 27.88015 -1.403646 -1.60759 -2.22281 -2.59079 1.13061 0.278489
-5.768837 -37.68259 27.88015 -1.325253 0.852476 0.762809 1.746523 -1.174042 -0.894874
-7.768837 -37.68259 27.88015 -6.252311 -2.131774 -0.260967 1.544883 -3.646115 -3.730294
16.23116 -39.68259 27.88015 3.188002 1.941251 1.103771 -0.50324 2.040945 0.018389
-5.768837 -39.68259 27.88015 1.882093 2.435794 -0.395622 1.071217 2.447236 1.800143
-7.768837 -39.68259 27.88015 1.934423 3.056499 -0.513971 0.873292 1.686608 0.890611
16.23116 -41.68259 27.88015 0.752491 1.032975 -0.381465 -1.125178 3.55063 2.411771
14.23116 -41.68259 27.88015 7.233603 5.360391 3.295443 1.807025 4.876512 1.887267
-7.768837 -41.68259 27.88015 2.105894 3.605285 -0.631282 0.891948 3.536203 3.127044
-7.768837 -43.68259 27.88015 -0.945546 2.060601 -1.18385 1.721321 -0.383624 0.368838
-5.768837 -45.68259 27.88015 -0.832234 1.602229 3.457192 5.543935 -0.035783 0.439753
-7.768837 -45.68259 27.88015 1.110172 3.073105 1.411871 3.835006 -0.919256 -0.257181
2.231163 -51.68259 27.88015 14.05022 13.29526 6.069112 2.892436 9.615124 9.388265
2.231163 -53.68259 27.88015 11.05057 7.586595 6.86558 2.564641 6.09095 3.956668
2.231163 -55.68259 27.88015 3.245886 1.011128 3.794513 0.747763 3.25012 0.357419
18.23116 -35.68259 29.88015 1.708961 0.244534 0.627659 -0.370871 1.137643 0.210203
16.23116 -35.68259 29.88015 2.241823 0.611745 5.608864 4.551948 2.498632 1.460932
18.23116 -37.68259 29.88015 -2.217285 -1.099974 -1.099476 -0.470429 -0.11008 -0.166762
16.23116 -37.68259 29.88015 -1.903405 -0.258606 1.092033 2.158858 1.721335 1.741727
16.23116 -39.68259 29.88015 -1.514468 -0.238292 -1.493751 -1.132671 0.852098 0.35925
14.23116 -39.68259 29.88015 2.761529 2.26765 3.851798 3.384056 2.267743 1.191714
16.23116 -41.68259 29.88015 -1.434186 -0.571369 -2.307579 -2.49111 1.51473 0.83326
-5.768837 -41.68259 29.88015 2.324807 4.604041 4.078509 5.085769 1.885302 2.766615
-5.768837 -43.68259 29.88015 3.621646 6.264061 2.815094 4.329424 -0.44746 0.283345
