3.754929 -29.45541 -0.737919 0.967745 0.184563 4.532699 3.111029 0.287985 0.184134
1.754929 -29.45541 -0.737919 -0.661267 -1.907968 3.068126 1.079872 0.973753 -0.484407
1.754929 -27.45541 1.262081 -1.537419 -5.98638 2.026897 -1.087799 2.67069 0.525074
-0.245071 -27.45541 1.262081 -1.442264 -3.461442 2.830401 0.878297 1.091996 0.318664
15.75493 -29.45541 1.262081 1.403242 1.812409 5.337507 4.923554 3.885715 4.418761
13.75493 -29.45541 1.262081 6.338196 5.95382 9.212733 5.387898 4.343492 3.699151
7.754929 -29.45541 1.262081 -0.148184 -1.688702 1.104046 -2.281846 -2.309866 -4.57488
5.754929 -29.45541 1.262081 -0.328192 -0.475998 -1.624414 -1.412491 -3.363199 -2.693702
3.754929 -29.45541 1.262081 0.530874 -0.866461 -0.323818 0.40469 -0.419358 0.57899
1.754929 -29.45541 1.262081 -0.699758 -2.669564 1.840293 0.751027 1.297922 -0.064895
-0.245071 -29.45541 1.262081 -0.575174 -1.506415 2.726954 1.288716 0.735622 0.376736
15.75493 -31.45541 1.262081 4.079556 2.668044 6.932998 5.34135 4.749895 4.178415
13.75493 -31.45541 1.262081 7.766853 5.291402 10.46243 5.30498 6.024345 4.795305
7.754929 -31.45541 1.262081 2.002136 1.77755 1.66892 0.640257 -0.62264 -1.546556
5.754929 -31.45541 1.262081 1.141111 3.052718 0.882489 3.213177 0.011784 1.237224
3.754929 -31.45541 1.262081 1.075606 1.386732 1.738577 2.681675 -0.709121 -0.012553
1.754929 -31.45541 1.262081 -0.331479 -1.869558 1.994239 0.756649 -1.31068 -2.123132
15.75493 -33.45541 1.262081 8.72741 7.285695 9.499824 6.215104 5.496272 2.529435
13.75493 -33.45541 1.262081 8.254514 6.715516 9.49784 6.206889 5.46219 2.777208
1.754929 -33.45541 1.262081 -0.376633 -2.102702 2.385005 -1.012063 -0.589759 -1.205072
15.75493 -27.45541 3.262081 -1.443294 -4.143747 5.581559 0.895888 3.227866 -0.610204
13.75493 -27.45541 3.262081 -0.104483 -0.211544 6.32352 2.274976 2.416051 1.657358
15.75493 -29.45541 3.262081 -0.010415 -0.634562 4.490626 1.502965 2.893311 1.429112
13.75493 -29.45541 3.262081 0.622791 1.075307 5.740866 2.299099 0.970997 1.881966
11.75493 -29.45541 3.262081 -0.465466 2.032051 0.407832 0.94589 -3.305625 -1.377012
7.754929 -29.45541 3.262081 -2.226327 -4.219565 2.619214 -0.031083 -0.475079 -2.105222
5.754929 -29.45541 3.262081 -3.800856 -3.524709 0.213182 0.737261 -0.221917 0.907973
1.754929 -29.45541 3.262081 -1.064351 -1.479566 -1.45592 -1.115901 -1.026044 -0.550234
15.75493 -31.45541 3.262081 -1.746824 -3.585641 2.634231 -0.623459 1.816701 0.722068
13.75493 -31.45541 3.262081 -0.360836 -2.680098 3.851395 -0.869625 0.083346 0.078721
11.75493 -31.45541 3.262081 -2.064083 -5.423638 1.60294 -1.900941 -1.326275 -1.852571
7.754929 -31.45541 3.262081 2.775193 0.91502 5.312363 4.425679 2.372994 0.589697
3.754929 -31.45541 3.262081 0.623067 0.140467 1.819773 2.485298 0.399238 1.150296
1.754929 -31.45541 3.262081 -1.271658 -1.499612 0.499595 0.866298 -2.325251 -2.40975
-0.245071 -31.45541 3.262081 -0.33915 -1.030392 0.767327 0.080135 -1.952138 -2.602595
15.75493 -33.45541 3.262081 1.498259 -1.034114 4.373163 0.060376 2.614003 0.168204
13.75493 -33.45541 3.262081 1.558302 -1.544283 4.430825 -0.290442 0.531052 -2.380423
11.75493 -33.45541 3.262081 -1.294764 -4.20191 3.581696 -0.581756 0.059851 -2.4403
7.754929 -33.45541 3.262081 3.454505 1.197988 4.01809 2.431722 3.883655 3.167353
5.754929 -33.45541 3.262081 3.123096 2.613741 1.72722 2.938546 3.751607 5.239121
3.754929 -33.45541 3.262081 0.741993 0.636231 1.191329 0.898436 1.110255 1.865074
1.754929 -33.45541 3.262081 -0.933574 -1.805973 2.343038 0.838249 -1.223124 -1.980781
-0.245071 -33.45541 3.262081 -0.174487 0.024783 2.640079 0.795724 -2.665368 -3.240412
15.75493 -35.45541 3.262081 6.535975 4.616072 7.283569 3.196343 2.223539 1.412161
13.75493 -35.45541 3.262081 4.509872 2.893873 7.861089 3.095397 0.433521 -2.443053
5.754929 -35.45541 3.262081 1.771044 1.230284 0.943427 0.941803 3.022912 3.628007
3.754929 -35.45541 3.262081 0.039546 -0.331452 0.578415 -0.721841 1.18351 1.584717
1.754929 -35.45541 3.262081 -0.675881 -0.793756 2.385109 1.387725 1.58732 0.256731
-0.245071 -35.45541 3.262081 -0.627805 -0.31291 1.430824 0.215527 -0.978631 -1.990505
5.754929 -37.45541 3.262081 -1.51598 -1.938479 -0.134126 0.626654 2.578181 1.319257
1.754929 -37.45541 3.262081 -1.050706 -0.105594 1.309047 0.857153 0.339103 -0.575117
17.75493 -27.45541 5.262081 -0.900255 -1.731274 2.294595 0.989781 0.440369 -1.935511
15.75493 -27.45541 5.262081 1.280478 -1.473426 1.781278 0.332431 2.330436 -0.752447
13.75493 -27.45541 5.262081 3.190701 2.374998 3.843062 2.78561 2.680063 1.598958
17.75493 -29.45541 5.262081 2.318355 1.139989 5.400444 2.729525 2.834315 0.485568
15.75493 -29.45541 5.262081 1.84757 -0.162835 2.502295 0.713221 1.411076 -0.38599
13.75493 -29.45541 5.262081 2.35272 1.933345 3.297131 2.254917 0.808191 1.131321
11.75493 -29.45541 5.262081 2.546793 2.693344 3.145041 1.867919 0.25179 0.096747
13.75493 -31.45541 5.262081 0.839067 -0.389919 2.025634 -0.204911 0.028021 0.639246
11.75493 -31.45541 5.262081 0.205007 -1.342294 1.245821 -0.646731 -0.5702 -0.653902
7.754929 -31.45541 5.262081 7.880647 6.510098 7.675182 5.114968 -0.037753 -4.501341
5.754929 -31.45541 5.262081 5.427808 3.703231 1.700451 0.741393 1.254013 -2.109914
3.754929 -31.45541 5.262081 1.985196 -0.205129 1.344793 -0.103698 0.857549 0.240328
13.75493 -33.45541 5.262081 1.994317 1.809386 2.90951 0.377263 0.002501 0.629413
11.75493 -33.45541 5.262081 0.482475 -0.532511 1.339063 -0.969214 -0.345061 -1.169978
7.754929 -33.45541 5.262081 4.683977 1.848563 5.890503 1.575958 -0.893511 -4.296374
5.754929 -33.45541 5.262081 4.435234 2.769733 3.565243 0.660897 0.291021 -0.298537
15.75493 -35.45541 5.262081 4.111755 6.07373 4.208819 4.276706 1.015967 3.833908
13.75493 -35.45541 5.262081 2.931042 1.297404 3.705252 0.145062 0.245267 0.726156
11.75493 -35.45541 5.262081 1.12887 0.137919 1.975845 -1.854075 0.21395 -0.901823
7.754929 -35.45541 5.262081 -1.959653 -3.325136 3.27908 -0.435205 0.35946 0.95894
3.754929 -35.45541 5.262081 -0.049785 -0.071136 1.922061 0.054556 -0.498934 0.049292
1.754929 -35.45541 5.262081 -0.134101 -0.139679 1.180722 -0.068106 -0.104238 -0.085038
-0.245071 -35.45541 5.262081 -2.186408 -1.673976 0.701708 -0.078296 -1.294765 -1.175394
17.75493 -37.45541 5.262081 0.640063 -0.101233 -0.731768 -1.606857 -0.074446 1.548402
15.75493 -37.45541 5.262081 1.38968 -0.090505 2.643816 0.397192 0.207376 2.92852
13.75493 -37.45541 5.262081 0.636731 -3.026014 3.064955 -1.450262 0.002359 -0.29942
7.754929 -37.45541 5.262081 -5.728423 -6.59282 2.233362 0.538774 4.59482 7.806428
5.754929 -37.45541 5.262081 -7.404799 -7.979306 3.574546 1.361024 6.24915 9.09746
3.754929 -37.45541 5.262081 -2.881207 -4.007394 0.492808 -2.397405 -0.481537 -1.070245
1.754929 -37.45541 5.262081 -1.571976 -1.223254 -0.448303 -1.17934 -1.412412 -0.764059
-0.245071 -37.45541 5.262081 -2.177658 -2.34536 -2.505309 -3.056624 -1.298093 -0.932272
5.754929 -39.45541 5.262081 -7.225326 -7.814456 1.043713 -0.472481 2.348048 2.975384
1.754929 -39.45541 5.262081 -3.401382 -4.957551 -0.809599 -3.378075 -3.388414 -4.579204
-0.245071 -39.45541 5.262081 -2.26058 -2.627971 -2.595277 -3.877867 -3.014977 -3.077262
5.754929 -41.45541 5.262081 -4.93066 -6.057307 -0.060611 -2.89168 -0.351405 -2.284127
-0.245071 -41.45541 5.262081 -0.421096 0.350561 -0.874017 -1.34139 -3.102773 -3.042593
19.75493 -29.45541 7.262081 -1.482851 -3.67063 2.181958 -0.645904 0.429592 -1.076279
17.75493 -29.45541 7.262081 1.604061 -1.932156 6.390949 1.539461 0.571737 -2.922406
15.75493 -29.45541 7.262081 0.917674 -2.100209 2.650288 0.216651 -0.629148 -2.361163
13.75493 -29.45541 7.262081 2.547564 -0.666797 3.259087 -0.331499 1.438315 0.73964
19.75493 -31.45541 7.262081 1.017621 -1.871244 5.360016 0.470475 2.381388 -0.307789
17.75493 -31.45541 7.262081 2.46171 -0.274579 8.384778 3.416648 2.270391 -1.218139
15.75493 -31.45541 7.262081 1.758521 0.771946 6.778071 4.308496 -0.094868 -0.835422
13.75493 -31.45541 7.262081 3.198164 1.000543 4.216257 0.258574 1.604227 0.586767
3.754929 -31.45541 7.262081 2.156163 1.483462 5.22508 5.243586 2.948246 4.047873
1.754929 -31.45541 7.262081 5.371746 5.096798 5.167536 5.713778 1.0033 1.776808
19.75493 -33.45541 7.262081 -0.416553 -2.865044 4.517834 -0.415601 0.807079 -2.469178
17.75493 -33.45541 7.262081 2.218173 2.343828 9.036271 5.366851 -1.214714 -6.659813
15.75493 -33.45541 7.262081 1.636946 3.850904 8.529315 8.130557 -1.588495 -2.561377
13.75493 -33.45541 7.262081 5.288191 4.790944 3.688333 2.309726 0.521407 -0.678665
11.75493 -33.45541 7.262081 3.601162 2.601794 0.973354 0.037933 1.250473 0.776719
5.754929 -33.45541 7.262081 3.905974 5.314227 3.719975 3.600126 -0.001504 2.64851
3.754929 -33.45541 7.262081 2.506841 2.194784 4.454823 4.510679 1.203581 1.960409
17.75493 -35.45541 7.262081 4.656563 6.550837 7.052499 6.379797 -0.364408 -4.222268
15.75493 -35.45541 7.262081 5.058974 9.355493 7.186315 9.991339 0.08684 0.10017
13.75493 -35.45541 7.262081 6.993292 7.120749 3.315367 3.74296 1.637039 0.580238
11.75493 -35.45541 7.262081 5.114887 4.080944 2.025719 1.036721 1.5761 0.677218
7.754929 -35.45541 7.262081 -2.507419 1.636845 -0.938281 -0.068874 4.274365 7.497456
5.754929 -35.45541 7.262081 -5.684985 1.236298 -1.77777 0.942271 4.268091 11.11255
11.75493 -37.45541 7.262081 3.184318 3.313065 6.686046 6.026134 2.494009 1.761051
7.754929 -37.45541 7.262081 -11.40824 -6.719077 -3.319856 -1.884612 4.025101 10.43104
15.75493 -39.45541 7.262081 2.850806 3.422629 5.079691 5.147777 2.411152 2.21102
13.75493 -39.45541 7.262081 1.46142 1.766774 5.533654 5.12144 2.396435 2.068797
11.75493 -39.45541 7.262081 -2.000798 -3.167204 4.639202 2.641648 1.245582 0.433426
7.754929 -39.45541 7.262081 -8.474663 -8.068081 -2.681814 -2.814833 -0.186708 1.98039
3.754929 -39.45541 7.262081 -3.514524 -3.796585 -0.081529 -1.207228 -0.644644 -1.548017
1.754929 -39.45541 7.262081 -2.325748 -2.855902 1.474261 0.373862 -1.063186 -1.507109
-0.245071 -39.45541 7.262081 -3.593174 -4.296178 -1.726509 -2.739081 -2.439527 -2.352384
17.75493 -41.45541 7.262081 0.693847 0.339448 1.08385 0.546677 -0.560784 0.465602
15.75493 -41.45541 7.262081 1.462743 1.680499 1.745915 1.390555 1.963002 2.81393
13.75493 -41.45541 7.262081 0.611634 0.66318 3.397412 2.38225 1.850296 2.096408
11.75493 -41.45541 7.262081 -2.64303 -3.754303 1.794562 0.308334 0.747574 0.342836
7.754929 -41.45541 7.262081 -1.468441 -3.903496 1.299539 -1.865697 -1.016412 -2.535619
5.754929 -41.45541 7.262081 -5.368393 -5.971179 -1.683668 -3.302498 -1.938649 -2.358309
3.754929 -41.45541 7.262081 -4.541472 -4.191152 -0.378339 -0.877868 -0.00834 0.405552
1.754929 -41.45541 7.262081 -1.811856 -1.920314 0.82161 0.610624 -0.011216 1.351622
-0.245071 -41.45541 7.262081 -1.381094 -2.080448 -0.276149 -2.095726 -2.08305 -1.084247
17.75493 -43.45541 7.262081 -0.876439 -1.543084 0.299488 -0.623004 -0.026267 0.59929
15.75493 -43.45541 7.262081 0.224743 2.893657 1.716267 3.256433 1.660387 4.522759
13.75493 -43.45541 7.262081 -0.455024 1.537474 3.327025 3.071899 0.552958 2.170173
7.754929 -43.45541 7.262081 -1.187536 -1.753837 3.430597 1.00445 0.090026 -0.410562
5.754929 -43.45541 7.262081 -2.441818 -3.074109 1.661011 0.116337 0.893054 0.745236
3.754929 -43.45541 7.262081 -2.101977 -2.853532 1.254426 0.36194 1.512154 1.95744
-0.245071 -43.45541 7.262081 -0.786194 -0.848526 2.4713 0.756402 -1.458655 0.313439
13.75493 -31.45541 9.262081 -0.3495 -4.475488 2.579752 -1.709409 1.180954 0.217698
3.754929 -31.45541 9.262081 0.074054 0.152804 5.26608 5.035089 2.900566 3.584626
19.75493 -33.45541 9.262081 -2.413795 -2.447376 3.898419 1.814747 2.345114 2.114811
13.75493 -33.45541 9.262081 2.221598 -2.648003 2.53377 -2.140507 -0.688543 -2.946248
5.754929 -33.45541 9.262081 -1.72658 -1.149952 -0.493186 -1.152603 -0.564029 0.434662
19.75493 -35.45541 9.262081 -2.034897 -3.469128 2.199023 -0.145112 -0.737634 -1.040478
17.75493 -35.45541 9.262081 0.543299 -4.849803 5.720813 -0.838304 -0.486918 -4.452496
15.75493 -35.45541 9.262081 3.247779 -1.586864 5.579487 0.414188 -0.881033 -4.165596
13.75493 -35.45541 9.262081 5.24497 0.980811 4.414802 -0.089698 -0.232976 -2.986571
11.75493 -35.45541 9.262081 4.288219 0.982654 3.645834 -0.637625 0.272185 -1.327762
7.754929 -35.45541 9.262081 -7.73406 -6.008523 -6.118253 -7.194216 1.039926 2.207876
5.754929 -35.45541 9.262081 -8.339009 -2.805058 -5.863706 -1.877909 0.655666 3.462685
19.75493 -37.45541 9.262081 -1.126803 -3.106636 0.107854 -1.753281 -1.242756 -1.283505
17.75493 -37.45541 9.262081 0.340939 -4.48136 4.599092 -0.36946 -0.797421 -4.017477
15.75493 -37.45541 9.262081 5.328335 0.525331 9.789766 3.538198 2.187379 -2.766763
13.75493 -37.45541 9.262081 7.771069 4.296994 10.04195 4.443475 3.67627 0.656767
11.75493 -37.45541 9.262081 5.250941 2.563881 8.170224 3.044457 2.472789 0.875622
7.754929 -37.45541 9.262081 -10.64552 -10.2582 -4.927129 -6.104714 -0.320059 1.23995
5.754929 -37.45541 9.262081 -8.375026 -5.631382 -1.250473 1.191564 4.528419 6.193717
3.754929 -37.45541 9.262081 0.384364 -1.284034 1.872156 1.430725 1.671232 0.010334
1.754929 -37.45541 9.262081 -0.736439 -1.522382 -2.186725 -3.746071 -1.382911 -2.190772
11.75493 -39.45541 9.262081 -0.239235 -2.27893 6.049735 1.759897 0.411741 -0.271132
7.754929 -39.45541 9.262081 -6.447354 -9.8086 -2.907882 -4.347914 0.022551 -2.319248
5.754929 -39.45541 9.262081 -2.643816 -4.718251 -0.533094 -2.025229 1.53396 -2.222658
3.754929 -39.45541 9.262081 -0.405783 0.192653 -0.070161 -0.509021 -0.256501 -4.800213
13.75493 -41.45541 9.262081 3.540402 3.164549 4.768365 2.988445 2.685906 4.075489
11.75493 -41.45541 9.262081 -0.708252 -1.399174 2.808011 1.364194 -0.778188 -0.315129
7.754929 -41.45541 9.262081 -1.184233 -3.083691 0.139822 -1.057972 1.415611 -1.521982
15.75493 -43.45541 9.262081 -0.123656 1.160634 -1.296725 0.056637 0.567962 3.087503
13.75493 -43.45541 9.262081 0.824741 1.226855 0.561439 0.355685 0.040484 2.220224
11.75493 -43.45541 9.262081 1.398347 1.18243 2.935282 1.850015 -0.838251 0.823964
7.754929 -43.45541 9.262081 -1.627589 -1.832262 1.734939 1.090258 0.279492 -0.748101
5.754929 -43.45541 9.262081 -3.166337 -2.938742 -0.37177 -1.022236 -0.272262 -2.188025
17.75493 -45.45541 9.262081 0.91454 -0.856258 -0.54306 -2.360237 -0.25968 -1.345424
15.75493 -45.45541 9.262081 0.26778 0.706537 -0.56185 -0.439062 -0.012933 0.488965
13.75493 -45.45541 9.262081 1.629905 1.691061 1.073319 0.119201 -0.976988 -0.783007
11.75493 -45.45541 9.262081 3.659917 2.223525 2.986049 0.672762 0.217157 0.33449
7.754929 -45.45541 9.262081 -2.846181 -3.118362 1.338739 0.002028 -0.059169 -1.136019
5.754929 -45.45541 9.262081 -3.456476 -3.736249 0.360693 -0.555596 -0.09785 -0.473859
3.754929 -45.45541 9.262081 -1.762997 -0.397883 1.726042 1.575288 -1.006473 -0.807492
1.754929 -45.45541 9.262081 -0.550516 2.213221 1.127783 2.702019 -2.785131 -2.081296
-0.245071 -45.45541 9.262081 -0.94434 0.289566 0.005358 0.695404 -1.977843 -0.652551
15.75493 -47.45541 9.262081 0.819499 -0.492171 2.035842 0.37584 -1.615494 -1.481608
13.75493 -47.45541 9.262081 3.037689 2.462873 4.013613 1.951324 0.495635 0.885366
11.75493 -47.45541 9.262081 3.425 3.268515 5.486788 3.874452 3.262749 4.285709
7.754929 -47.45541 9.262081 -0.184768 0.09075 3.513819 1.378159 0.968911 0.629732
5.754929 -47.45541 9.262081 0.096163 0.47051 1.915138 1.186461 0.184685 -0.212405
3.754929 -47.45541 9.262081 0.929241 4.583065 2.104474 2.77364 -1.05382 -0.907364
13.75493 -49.45541 9.262081 2.455055 1.24523 6.505175 2.850444 1.658046 2.230623
5.754929 -49.45541 9.262081 1.023808 2.717278 4.48174 2.485316 0.413533 -0.704993
19.75493 -35.45541 11.26208 -0.708447 -1.062966 0.844848 0.835547 -0.134624 -0.344987
19.75493 -37.45541 11.26208 0.024294 -1.223617 -0.070112 -0.855832 -0.641678 -1.66414
17.75493 -37.45541 11.26208 -2.112178 -3.984751 -0.500414 -2.093236 -2.524325 -4.495809
5.754929 -37.45541 11.26208 -2.135333 -1.633875 3.649022 4.02916 1.187235 0.064148
19.75493 -39.45541 11.26208 1.038612 -1.730348 -0.874883 -3.944914 -1.696612 -4.358217
17.75493 -39.45541 11.26208 -1.790656 -2.775534 0.902524 -0.685871 -2.98337 -5.582538
15.75493 -39.45541 11.26208 0.526254 1.367528 5.8852 3.656798 1.490394 0.124569
13.75493 -39.45541 11.26208 3.863434 3.850006 9.27329 4.734985 3.230448 3.002013
11.75493 -39.45541 11.26208 0.749306 -0.450614 7.243131 2.674117 0.330213 -0.48845
7.754929 -39.45541 11.26208 -4.672662 -6.960037 0.521868 -0.123139 2.22828 1.597555
5.754929 -39.45541 11.26208 -1.451867 -3.726363 4.668095 1.645905 3.769601 1.396359
19.75493 -41.45541 11.26208 0.477966 -1.935333 -0.309191 -3.995357 -2.143478 -4.28512
17.75493 -41.45541 11.26208 -0.605973 -1.74695 1.813058 -0.44515 -1.373189 -3.677186
15.75493 -41.45541 11.26208 0.440011 0.734593 4.818008 2.882497 2.131224 0.734637
13.75493 -41.45541 11.26208 3.593323 2.541033 5.81253 2.173534 1.441762 0.355169
11.75493 -41.45541 11.26208 3.56138 1.979656 5.035251 1.35369 -0.279844 -1.542996
7.754929 -41.45541 11.26208 -2.615781 -4.999325 0.501204 -0.843821 3.145085 1.26609
5.754929 -41.45541 11.26208 -1.635438 -3.799494 2.962022 -0.283416 1.639695 -0.778823
3.754929 -41.45541 11.26208 -2.095284 -4.548673 2.389721 -1.587072 -1.938163 -5.479852
1.754929 -41.45541 11.26208 -3.998148 -8.52072 -2.942052 -6.175332 -2.728025 -5.169842
17.75493 -43.45541 11.26208 0.798731 -0.98289 0.678013 -1.519206 0.139301 -1.10018
13.75493 -43.45541 11.26208 1.74993 -0.878343 1.753821 -1.3258 0.227258 -0.592958
11.75493 -43.45541 11.26208 5.546595 2.231535 4.001634 0.056284 -0.321702 -1.135248
7.754929 -43.45541 11.26208 -3.8713 -5.969299 0.463005 -0.861701 -0.018618 -0.471319
5.754929 -43.45541 11.26208 -3.063093 -5.272259 1.335919 -1.546806 -0.604628 -1.119341
3.754929 -43.45541 11.26208 -3.820425 -5.588359 0.093723 -3.276269 -4.340333 -5.910825
1.754929 -43.45541 11.26208 -3.793949 -6.026303 -1.895759 -4.134297 -3.881836 -4.597823
13.75493 -45.45541 11.26208 2.587188 0.865852 1.741214 -0.066067 1.129261 0.181684
11.75493 -45.45541 11.26208 4.874672 3.070812 3.340545 1.473942 1.399204 0.281686
9.754929 -45.45541 11.26208 1.384032 0.721584 2.532725 1.757876 1.040634 1.354249
7.754929 -45.45541 11.26208 -2.309674 -2.373675 0.472257 0.65863 0.394182 0.355333
13.75493 -47.45541 11.26208 2.709741 1.209187 1.667364 0.301522 0.886848 0.764087
11.75493 -47.45541 11.26208 3.751155 3.34244 4.006179 3.330628 2.497621 2.234684
7.754929 -47.45541 11.26208 1.441126 1.656195 2.515355 1.787523 1.18819 1.996833
13.75493 -49.45541 11.26208 2.649269 0.731525 1.422442 -0.413303 1.10419 1.314219
11.75493 -49.45541 11.26208 2.799757 1.648294 3.019036 1.662412 1.244238 1.313608
5.754929 -49.45541 11.26208 -0.74394 -3.667445 3.980416 -0.447638 -0.081139 -0.797684
3.754929 -49.45541 11.26208 -0.60702 -3.670328 2.154953 -1.876148 -1.444195 -1.882054
1.754929 -49.45541 11.26208 -0.840655 -2.417259 1.052181 -1.796708 -2.314625 -2.616583
11.75493 -51.45541 11.26208 1.766187 -0.050125 3.912514 1.206499 1.205279 0.036697
19.75493 -39.45541 13.26208 0.727649 1.412839 2.773739 2.996257 0.167979 1.129933
13.75493 -39.45541 13.26208 2.046731 2.1633 5.173571 3.865336 0.94726 1.979358
19.75493 -41.45541 13.26208 0.120542 -1.119376 1.381981 -0.77595 -0.794883 -0.753273
15.75493 -41.45541 13.26208 0.040158 -0.15124 3.585867 3.69676 1.465714 2.214813
13.75493 -41.45541 13.26208 2.723716 3.067169 6.89267 5.675922 1.713735 1.428269
19.75493 -43.45541 13.26208 1.113682 0.634704 -1.256827 -3.037961 -1.351054 -2.072084
15.75493 -43.45541 13.26208 2.037627 0.537244 1.960281 0.86249 2.353052 2.994265
13.75493 -43.45541 13.26208 4.771268 2.964088 4.770987 2.727136 3.139709 2.312185
11.75493 -43.45541 13.26208 9.13036 5.462138 8.28288 3.653516 1.21355 -1.259236
5.754929 -43.45541 13.26208 1.805964 5.107672 -0.402644 1.332304 -2.279016 -2.95922
3.754929 -43.45541 13.26208 -0.476665 4.503234 -1.523116 0.181259 -5.499886 -5.527195
19.75493 -45.45541 13.26208 0.894532 0.609273 -0.366914 -0.731468 0.08893 -1.588538
17.75493 -45.45541 13.26208 2.908632 0.796173 -0.110685 -2.311782 -0.35158 -3.367407
15.75493 -45.45541 13.26208 3.405046 1.701108 2.069773 -0.319311 1.920692 0.910318
13.75493 -45.45541 13.26208 6.751849 4.298521 4.008376 1.566566 4.051907 2.489886
11.75493 -45.45541 13.26208 8.946038 6.159091 6.291839 2.732493 1.917877 -1.601178
7.754929 -45.45541 13.26208 0.427501 3.630573 -3.638302 -1.383853 -2.579869 -3.640204
5.754929 -45.45541 13.26208 0.800605 5.204072 -4.25341 -1.696724 -4.719364 -7.478639
3.754929 -45.45541 13.26208 -2.663695 -0.79183 -5.205929 -5.431728 -5.94823 -9.595796
1.754929 -45.45541 13.26208 -5.549474 -6.081623 -5.310866 -5.734359 -4.685949 -7.248132
17.75493 -47.45541 13.26208 1.990646 2.571325 0.802173 1.252026 -1.063751 -1.976542
15.75493 -47.45541 13.26208 1.126204 0.955603 1.388463 0.404899 0.020951 -0.175865
13.75493 -47.45541 13.26208 4.316175 2.515185 2.636201 0.971953 1.494148 0.375095
11.75493 -47.45541 13.26208 6.097878 7.790403 6.45262 5.990111 1.92461 -1.156357
7.754929 -47.45541 13.26208 0.485505 3.847153 -3.606002 -2.138399 -4.523311 -6.828723
5.754929 -47.45541 13.26208 -1.380599 -0.692615 -2.179713 -3.285045 -3.995591 -7.642932
3.754929 -47.45541 13.26208 -2.929742 -6.170534 -0.876416 -5.103665 -1.20157 -4.608005
1.754929 -47.45541 13.26208 -3.126407 -6.073842 -0.904977 -4.061408 -0.703732 -2.680502
13.75493 -49.45541 13.26208 3.014148 1.229698 1.992968 0.445961 1.002603 0.28728
11.75493 -49.45541 13.26208 4.176159 5.977058 5.782884 5.436723 0.949549 -1.703684
19.75493 -43.45541 15.26208 -0.446138 -1.092829 -0.172169 -1.346553 -1.626865 -1.203884
19.75493 -45.45541 15.26208 -0.52619 -1.757577 -0.988266 -2.07232 -0.482695 -1.706181
3.754929 -45.45541 15.26208 -4.774329 -7.391172 -6.884988 -9.448443 -6.779238 -9.901242
17.75493 -47.45541 15.26208 0.715702 -2.673428 -0.960308 -3.516872 -0.44221 -2.464736
5.754929 -47.45541 15.26208 -3.799251 -6.188409 -4.793681 -7.277979 -6.728965 -9.953846
17.75493 -49.45541 15.26208 4.172224 1.602627 1.460537 -0.917358 -0.560171 -1.403194
15.75493 -49.45541 15.26208 4.523824 3.410485 5.435068 3.860694 2.140743 3.187105
13.75493 -49.45541 15.26208 4.780479 5.890506 4.858819 4.65893 3.01209 3.882505
11.75493 -49.45541 15.26208 4.118538 4.773787 6.935816 5.24543 1.626602 1.492278
13.75493 -51.45541 15.26208 4.8395 3.896097 5.544221 2.773354 3.210457 2.248781
11.75493 -51.45541 15.26208 5.287941 2.510814 8.319188 3.358462 2.187202 0.247141
