-3.168106 -7.729485 -4.098305 -10.03571 -12.89783 0.459649 -1.078046 -1.018269 -3.121339 -1.200774 4.620872 -0.214045 -5.774665 3.930693 -0.321362
2.831894 -11.72948 -4.098305 -0.072762 1.272483 -1.071569 -1.055025 2.341435 -2.63166 0.002129 6.225623 -1.879308 3.234321 4.255458 1.539384
-3.168106 -11.72948 -4.098305 9.319925 8.465705 12.75731 1.359306 2.565997 2.458003 -0.159296 5.648794 0.446995 1.19381 0.526704 -1.35247
-3.168106 -5.729485 -2.098305 -9.209323 -1.258146 -4.172764 1.416568 1.800888 -1.50269 -5.807514 5.357927 -2.101064 -1.869221 -2.437028 -0.686584
-5.168106 -5.729485 -2.098305 -2.209672 -4.341308 3.302251 0.693958 4.57471 -0.011724 -4.887896 1.73325 -2.368209 0.88721 -1.731824 1.875235
2.831894 -7.729485 -2.098305 3.844657 -2.105416 -5.074883 0.687163 3.474842 -3.575287 -4.306526 0.867615 -0.963946 -1.752439 1.172251 -4.361339
-1.168106 -7.729485 -2.098305 0.300128 1.401223 4.911833 -2.092132 3.209877 -0.269911 -3.691321 1.512691 1.4496 -2.701116 2.09112 -3.418274
-3.168106 -7.729485 -2.098305 -5.759593 -8.033005 2.897745 -0.770212 0.566442 -2.456413 -4.418393 3.132922 2.326083 -2.427984 4.747598 -1.968408
-5.168106 -7.729485 -2.098305 -4.243065 2.405559 -1.794309 1.973244 1.613307 1.774022 -3.328607 3.084024 -1.431191 3.203252 0.802765 5.772065
4.831894 -9.729485 -2.098305 0.115379 -7.627809 -2.500531 0.630648 -0.015927 -2.45284 -2.093159 4.016108 1.071867 -1.761709 5.133156 -2.833292
2.831894 -9.729485 -2.098305 0.823103 -3.284876 -0.18426 2.73943 5.052097 -2.140025 -5.799821 4.924126 -0.637412 2.435202 3.180631 -2.834309
-1.168106 -9.729485 -2.098305 4.606805 -1.873569 10.50942 -3.663132 3.51487 -0.218776 -1.99718 0.295254 1.323555 0.102499 4.92419 -3.933167
-3.168106 -9.729485 -2.098305 0.725459 -8.662209 6.050214 -1.781111 -1.994213 -1.948079 -0.705383 -0.548035 2.354664 -1.140448 7.296294 -3.271927
4.831894 -11.72948 -2.098305 0.681662 3.792609 -2.01089 4.239696 -2.009873 -1.9859 -2.011672 2.828042 -0.420151 1.045799 -0.380726 0.261588
2.831894 -11.72948 -2.098305 3.401839 -1.404419 4.128779 7.390284 0.656194 -1.260575 -2.329987 6.283846 0.224019 5.607271 1.638278 -0.260811
-1.168106 -11.72948 -2.098305 4.449838 6.192997 7.642828 0.734742 3.464488 2.479559 -1.148353 2.820897 -0.351074 5.935745 2.590085 0.368034
-3.168106 -11.72948 -2.098305 3.514376 -1.062578 5.186992 -0.111798 -1.177281 0.084141 1.068067 -0.649759 -0.904965 1.760201 1.599094 -1.346729
-5.168106 -11.72948 -2.098305 -0.309485 4.702567 4.372962 1.587861 0.872049 -0.614205 1.484257 2.462945 0.477954 0.725134 1.041621 -0.263926
4.831894 -13.72948 -2.098305 3.776525 4.313882 -0.652314 3.850759 0.795922 -0.864873 -1.264058 -2.547156 -1.867902 -1.892055 -3.09353 -1.075141
2.831894 -13.72948 -2.098305 2.720382 -0.851876 3.739379 5.529038 0.727986 -2.389397 0.619041 -0.47607 0.201798 0.287117 1.433361 -2.497149
-3.168106 -13.72948 -2.098305 3.9233 1.151921 4.137983 -1.189275 2.159683 0.752763 -2.303457 -0.122126 -2.206074 1.816017 -3.029235 -1.295775
2.831894 -1.729485 -0.098305 -6.348263 11.16906 -2.980566 2.761464 1.35947 4.13145 -1.307283 -4.611674 -2.737049 -1.458684 -5.578155 0.377337
4.831894 -3.729485 -0.098305 -6.338767 20.13975 -10.94385 1.203776 -7.341586 3.504729 0.153502 0.832303 -3.19594 0.956182 -9.195346 2.069241
2.831894 -3.729485 -0.098305 -7.761511 16.65322 -9.028372 6.017879 -5.367393 5.802282 1.549821 2.241593 -2.562083 -1.763934 -4.418525 0.504099
-5.168106 -3.729485 -0.098305 -2.530414 -2.988314 -1.348279 -2.682773 1.663147 -5.014256 -5.981874 -7.875508 -4.195926 -0.709397 -2.175555 -5.994
2.831894 -5.729485 -0.098305 -4.912491 10.21804 -14.01396 7.423403 -4.333395 2.186884 -0.761549 5.577475 -0.903519 -2.520771 -3.16931 -0.664417
0.831894 -5.729485 -0.098305 -1.347534 1.342565 -4.520082 3.721027 -5.991642 -1.172726 -1.687183 2.383143 -0.460556 -6.183778 0.366776 2.107353
-3.168106 -5.729485 -0.098305 -7.226546 12.63364 -4.461764 -2.77473 1.552565 -2.613169 -7.757269 -4.130427 -2.993383 1.73353 -6.81706 1.271633
-5.168106 -5.729485 -0.098305 -2.572006 -5.954592 0.764118 -2.466919 5.633559 -1.80149 -7.144408 -4.632964 -2.53219 1.475508 -3.645727 -4.525135
4.831894 -7.729485 -0.098305 -3.77073 11.94123 -8.085168 3.195492 -1.034776 2.253148 -4.698326 0.10202 -0.632195 1.291837 -5.913792 0.188579
2.831894 -7.729485 -0.098305 -2.359302 1.64189 -12.16279 5.0428 -0.457423 -2.419938 -5.246757 1.249718 -0.863888 -1.223839 -1.469699 -1.863272
-1.168106 -7.729485 -0.098305 -3.19576 4.943959 4.870077 -3.387675 0.109034 -0.871751 -4.955717 3.917059 1.039359 -2.178537 1.420338 3.757437
-3.168106 -7.729485 -0.098305 -8.133121 7.646571 -1.528078 -2.060915 2.449047 -1.461746 -7.498821 -1.444988 2.369262 0.432178 -2.804973 2.952479
4.831894 -9.729485 -0.098305 -0.840517 1.445547 -5.01798 0.698133 -0.711035 -1.509787 -3.775942 0.702293 -1.485785 -1.35338 -2.032543 -1.176363
-1.168106 -9.729485 -0.098305 -2.184987 3.75209 4.90367 -0.319263 1.956092 1.249294 -2.781626 6.379282 1.376898 0.447734 3.405836 6.04954
-3.168106 -9.729485 -0.098305 -2.857685 7.335401 -2.818099 1.346492 -0.056812 1.011948 -2.662267 2.857254 1.817021 1.159925 0.666163 6.95158
4.831894 -11.72948 -0.098305 0.049052 5.248347 -3.568108 2.416782 -2.123439 -0.750977 -1.98118 1.166329 -3.414267 -0.321986 -2.188147 0.256411
2.831894 -11.72948 -0.098305 -4.836645 3.596184 -3.258352 5.045116 -1.011102 -0.697521 -2.770221 0.635254 -0.952653 3.898918 0.294759 0.034367
-1.168106 -11.72948 -0.098305 -5.262125 9.180151 -1.250348 3.239151 1.159151 2.7866 0.355404 9.582655 0.648508 5.345747 2.77162 6.220831
-3.168106 -11.72948 -0.098305 -2.256993 9.537796 -6.258214 0.144896 -3.810667 0.779398 0.668515 6.12885 -0.998385 1.47085 0.510417 8.125025
-5.168106 -11.72948 -0.098305 -1.939392 15.8259 -1.030355 -0.126795 -1.3002 -2.032254 0.530827 0.466689 -1.288254 -0.11655 -5.013401 2.732971
4.831894 -13.72948 -0.098305 2.026599 7.537181 0.344096 3.672985 0.172459 2.631554 -0.38999 0.189995 -3.354842 -0.25389 -3.188424 -0.945706
2.831894 -13.72948 -0.098305 -3.469957 10.98127 -1.172372 3.368781 -0.359459 2.216096 -0.278898 0.61697 -1.696779 1.579951 -2.332662 -0.159918
0.831894 -13.72948 -0.098305 -8.462762 15.78778 -7.020769 2.441726 -0.683833 3.554288 1.909658 5.541106 1.590543 2.19346 0.452697 2.732201
-1.168106 -13.72948 -0.098305 -3.280296 9.95012 -4.931168 1.149032 1.193839 1.040213 0.438208 4.850915 -0.625496 4.41258 2.208629 2.686709
-3.168106 -13.72948 -0.098305 -3.193016 5.610169 -5.668665 -4.461633 -2.731083 -3.39007 -1.448372 5.048349 -1.996816 -1.594702 -0.606967 2.277878
-5.168106 -13.72948 -0.098305 -7.271089 9.525911 -1.258157 -1.030882 -0.657304 -5.718288 -1.640409 2.058449 -2.492208 -3.299165 -3.635052 -0.344767
6.831894 -15.72948 -0.098305 4.649367 4.835804 2.310956 1.382078 3.317624 -1.472519 3.851979 1.833838 1.132244 -0.462149 1.440572 -1.864487
4.831894 -15.72948 -0.098305 6.233186 3.933492 -0.437698 1.667387 2.633954 -1.407542 0.685606 1.460994 -0.627573 0.338199 -0.473101 -1.275683
2.831894 -15.72948 -0.098305 -2.39137 7.182244 -4.629115 -0.665294 1.1754 0.082088 -1.292455 2.16867 0.196957 -2.5149 -1.934 -0.102854
0.831894 -15.72948 -0.098305 -8.500627 0.250786 -4.867579 -0.930606 1.534255 0.081871 -0.6061 2.070424 0.246964 -1.729964 -2.679162 2.650032
-1.168106 -15.72948 -0.098305 -3.684517 2.083042 -0.034117 -0.286283 2.966222 1.203645 -2.981454 2.240847 -3.093802 -0.519726 -0.179023 2.438764
2.831894 -17.72948 -0.098305 -4.408875 6.450398 2.674439 1.289346 3.386135 -0.510054 0.105847 1.829961 0.645405 1.32756 -0.789831 1.558324
0.831894 -17.72948 -0.098305 -9.047515 1.246071 -3.038854 -3.422381 1.442129 -3.071357 -2.014051 -2.251534 -2.542347 -0.630571 -4.34688 -0.05205
4.831894 -3.729485 1.901695 -2.656687 -2.260893 -4.944132 0.302439 -0.527612 0.958836 2.956699 -1.568694 -1.237846 -0.861358 -3.763435 -1.251761
-5.168106 -3.729485 1.901695 1.091155 -0.941547 -4.427617 5.074446 -2.595311 -4.701552 -1.94758 -6.863636 0.516594 -0.724218 4.763959 -2.386834
2.831894 -5.729485 1.901695 -3.32096 9.674618 -2.726121 7.220171 7.794504 5.230463 -3.922527 2.951885 -5.09688 -4.909014 -10.28884 2.360778
0.831894 -5.729485 1.901695 -13.31901 -0.094402 -9.302873 3.569986 -4.6946 3.802708 -3.309178 -2.757975 -4.636802 -9.741833 -2.394547 2.590472
-3.168106 -5.729485 1.901695 -2.134797 -4.849347 1.21345 -0.905647 -0.412833 -2.12236 -2.881732 -3.138919 -1.134065 -3.227865 1.951964 0.524337
4.831894 -7.729485 1.901695 6.406103 17.17452 0.460753 4.102678 9.330096 3.318819 -6.105786 0.221534 -3.031859 -2.122222 -12.7536 0.794569
2.831894 -7.729485 1.901695 -5.145181 12.55309 -2.287059 4.94438 8.947116 0.306929 -6.426193 -0.628637 -4.62584 -6.645354 -9.389129 0.875451
0.831894 -7.729485 1.901695 -10.37705 3.02041 -3.258913 1.974088 -1.445186 2.44166 -5.310706 -0.81817 -3.885565 -9.305228 -0.835196 -2.016122
-3.168106 -7.729485 1.901695 -4.722006 -1.281449 -1.543908 -1.672758 -1.063027 -3.058945 -3.522214 1.343089 -1.528583 -4.398472 -2.45738 -3.746099
-5.168106 -7.729485 1.901695 -2.001163 -6.843108 -4.45255 -0.077977 -3.297212 -1.529158 -2.52972 -1.984825 -0.243931 -0.847249 -1.873664 -0.74765
4.831894 -9.729485 1.901695 8.672392 17.60473 4.364935 5.074539 5.982817 1.117638 -1.80008 1.548477 -3.884968 -2.457332 -7.195675 -1.749073
2.831894 -9.729485 1.901695 -6.390635 10.98799 -0.198351 2.345007 5.074411 -1.981838 -4.137425 -3.997334 -3.471813 -5.60989 -4.236217 -2.407403
0.831894 -9.729485 1.901695 -4.852647 7.523281 6.075721 3.838737 1.990023 -0.150659 -4.26669 -2.235811 -3.036433 -6.134384 -1.623956 -5.118769
-3.168106 -9.729485 1.901695 4.255839 10.2772 0.020352 5.291033 0.045149 0.804832 -0.380925 3.638352 -2.72979 -0.393612 -5.442867 -0.009268
-5.168106 -9.729485 1.901695 3.884842 5.105086 -1.210579 3.348439 -1.78599 2.993282 -0.662656 0.303548 -1.577177 2.649606 -5.59708 2.970249
4.831894 -11.72948 1.901695 3.249199 12.65594 3.225697 2.529044 1.625754 0.577618 2.752064 -2.008568 -5.629004 -0.724241 -3.609409 -1.792421
0.831894 -11.72948 1.901695 -4.563199 15.90288 4.176988 1.306676 3.729577 -0.799504 -2.962847 -3.061436 -1.482002 -2.965212 -8.142394 -6.612245
-1.168106 -11.72948 1.901695 -1.682922 14.96264 2.819275 7.805396 -0.283766 -0.158774 2.013083 2.041311 0.275062 0.838323 -3.101367 -0.911234
-3.168106 -11.72948 1.901695 5.291772 19.2899 2.123603 5.447949 0.184546 4.015466 0.505009 2.033521 -1.839088 2.111478 -5.284503 3.486868
-5.168106 -11.72948 1.901695 7.657281 12.91237 3.425692 1.397633 1.440705 3.792176 0.185704 -0.506371 -1.744786 2.590233 -5.1738 3.236363
-7.168106 -11.72948 1.901695 5.291332 -3.232046 4.651319 0.128269 3.896913 1.672725 0.417842 -2.163958 1.203086 2.522235 -0.508627 -0.41461
6.831894 -13.72948 1.901695 5.751382 6.231728 5.022946 -1.808928 3.401754 -1.841182 -0.671604 -4.601183 -0.927565 1.368838 -1.965708 -5.028243
4.831894 -13.72948 1.901695 -0.601196 11.6585 3.625769 2.637773 3.111897 1.750967 0.083213 -5.170866 -3.285585 0.233455 -3.252219 -2.554645
0.831894 -13.72948 1.901695 -3.380655 21.09537 -3.720339 -4.538422 5.954775 0.126347 -1.207823 -1.97285 -1.159311 -0.665119 -10.01921 -2.927408
-1.168106 -13.72948 1.901695 0.050542 15.52921 -3.28919 -1.389959 2.25355 -1.516602 0.494746 -2.971556 2.856867 0.112735 0.10932 -1.932387
-3.168106 -13.72948 1.901695 -0.710118 16.70295 -0.32792 -2.46242 0.697637 -1.079686 -0.686592 -1.889455 -1.549897 -1.10571 -0.88586 -1.070055
-5.168106 -13.72948 1.901695 2.711127 13.57074 5.343733 -1.223987 4.23164 -0.366853 -1.225736 -2.979867 -3.980394 -0.810274 -5.233171 -1.105733
6.831894 -15.72948 1.901695 8.980447 12.59415 4.799103 -2.701355 1.504638 -1.568767 3.028309 -1.424955 0.291592 0.3388 -2.629308 -2.824635
4.831894 -15.72948 1.901695 3.135872 8.16699 -0.286306 0.58079 1.471774 -2.301018 -0.001752 -2.67744 -0.418456 1.56965 -1.740975 -1.751741
0.831894 -15.72948 1.901695 -6.040088 10.26369 -8.807953 -3.155285 4.469828 -2.429869 -0.13873 1.627007 -0.78829 -0.688042 -6.881995 2.552659
2.831894 -17.72948 1.901695 -4.85246 7.780493 -2.505979 1.855947 -1.029671 0.477786 0.614398 3.133292 -0.832117 1.795067 -2.270944 2.502274
0.831894 -17.72948 1.901695 -9.722199 3.461354 -9.112723 1.304399 -0.800381 -1.300915 -0.661503 0.138704 -2.90584 2.184119 -6.678011 4.397557
0.831894 -19.72948 1.901695 -3.209703 4.12568 -3.178717 5.869403 2.562249 0.359675 -1.113481 -3.142447 -2.573331 2.570924 -5.494923 5.080531
-5.168106 -3.729485 3.901695 4.811801 -3.77737 6.928182 -0.932452 5.522034 -1.870399 2.095806 -2.285681 0.305872 -2.682409 2.595313 -3.36944
2.831894 -5.729485 3.901695 2.677295 0.103989 1.511279 -4.480543 4.088553 3.127883 -3.326965 -0.029386 1.723048 -8.335315 -2.747368 0.935143
0.831894 -5.729485 3.901695 -8.438273 3.269073 -9.433766 -2.588451 -2.697141 8.053796 -2.23497 -5.70897 -2.313672 -13.04668 -4.572015 -2.937626
-3.168106 -5.729485 3.901695 2.847071 -2.807967 7.052862 -2.627273 1.567492 -0.738935 0.264989 -0.136074 -2.002706 -4.642901 3.902829 -2.853408
-5.168106 -5.729485 3.901695 2.582111 -1.773715 2.093835 -5.983775 0.073189 -4.28688 1.092951 -1.973195 0.824442 -6.464428 4.214862 -2.672572
0.831894 -7.729485 3.901695 -11.95372 7.79879 -11.09299 1.001667 -2.440044 7.62876 -5.316901 2.115704 -4.464424 -14.09062 -5.919553 -4.198775
-5.168106 -7.729485 3.901695 -8.02394 3.293486 -10.985 -2.154241 -4.123443 -3.959147 -0.21311 1.841938 -0.194626 -3.26371 4.214324 0.004147
-7.168106 -7.729485 3.901695 1.959274 5.318114 -4.003211 3.036313 -0.663078 -0.079013 0.567377 3.986038 -0.45345 2.701109 1.17005 1.309764
4.831894 -9.729485 3.901695 -3.69806 7.856556 -4.564728 12.69915 2.408761 3.08138 2.631508 7.197624 0.665197 -4.532741 -2.670622 3.54323
2.831894 -9.729485 3.901695 0.604654 13.13295 1.149072 8.399184 2.295898 3.925951 0.594401 4.232198 -0.346665 -9.039217 -5.634315 0.386155
0.831894 -9.729485 3.901695 -7.88817 9.520719 -4.997892 12.25732 -1.781239 3.818181 -4.499596 5.144226 -4.011565 -8.461818 -4.469053 -0.371898
-5.168106 -9.729485 3.901695 -5.020903 3.982876 -11.77585 3.456344 -2.844693 -1.286222 0.066813 3.466238 -1.255032 1.659141 3.175358 3.633853
-7.168106 -9.729485 3.901695 -1.661514 2.60852 -8.102105 4.859187 -2.170463 0.270508 -0.655649 4.317202 -1.397413 4.380249 -1.076967 2.029356
4.831894 -11.72948 3.901695 -7.511125 5.816808 -6.090043 5.693515 2.037074 2.357528 3.150783 2.848325 -1.78062 -3.144291 -0.506797 5.033682
2.831894 -11.72948 3.901695 -4.801775 12.92339 -5.19048 6.54623 2.11689 4.812132 -1.425481 1.389401 -0.764244 -4.612887 -6.638282 0.883647
0.831894 -11.72948 3.901695 0.936545 7.051745 1.869921 12.84386 2.865213 1.045211 -3.704256 0.794133 -1.441581 -4.085635 -8.346392 -2.142846
-3.168106 -11.72948 3.901695 3.865303 6.004578 3.045306 0.029082 4.830695 -0.93774 0.120917 1.804045 -1.197194 -2.094436 0.042927 -1.06285
-5.168106 -11.72948 3.901695 2.041456 2.572916 -2.720373 0.67446 1.055211 -0.421023 -0.160075 4.500783 -1.615239 2.46594 1.105291 2.279364
-7.168106 -11.72948 3.901695 0.874214 1.785365 -2.141449 1.496333 -0.262605 1.419916 -0.216609 7.116879 0.048688 2.519844 -1.59833 1.337473
4.831894 -13.72948 3.901695 -5.552979 3.415746 -2.066654 1.929599 2.738648 1.285555 -2.098002 2.608931 -0.556396 -2.903025 2.169551 1.109544
2.831894 -13.72948 3.901695 -3.869993 16.52567 -0.445677 6.181129 3.71425 5.310051 -2.552947 4.699895 -1.549715 -0.37099 -6.1805 1.30781
0.831894 -13.72948 3.901695 7.149729 8.369143 4.036067 4.567403 6.542639 0.337656 -1.347824 -0.056782 -1.891204 -0.656986 -8.801513 -1.997247
-3.168106 -13.72948 3.901695 -0.052787 7.429063 1.996189 -1.127509 3.223791 -2.011277 -1.036059 2.566684 -1.254104 0.50821 -0.510081 -5.80437
-5.168106 -13.72948 3.901695 2.434106 1.523924 2.59243 -3.182763 2.989198 -2.096425 -0.248383 5.207634 -2.55659 1.479989 -2.405969 -3.141556
-7.168106 -13.72948 3.901695 5.549973 3.147906 4.348763 -2.287649 1.261366 -0.396929 0.945219 9.971724 0.361844 1.016255 -0.214254 -1.657554
-9.168106 -13.72948 3.901695 5.133891 5.30568 3.711087 -1.054209 2.080444 0.55941 1.080601 8.150326 -0.045214 1.329061 -0.992449 -1.322078
2.831894 -15.72948 3.901695 -2.016468 11.97906 -4.440015 0.244525 1.954881 -1.712268 0.668284 2.345867 -0.410576 -0.333663 -3.991619 -1.444405
0.831894 -15.72948 3.901695 0.053771 13.35223 -10.20779 -1.946142 2.09794 0.10957 2.176647 2.226943 -2.562358 -0.996534 -8.573108 -2.058112
2.831894 -17.72948 3.901695 3.172936 15.40566 -2.390426 -0.461826 -0.621024 1.377558 0.61126 -2.394618 -0.289937 -0.552849 -0.137573 -3.974988
0.831894 -17.72948 3.901695 0.985554 15.67662 -11.8991 0.280334 0.260628 2.888523 2.400321 -6.263497 -1.727188 -0.677195 -8.015098 -3.950849
4.831894 -7.729485 5.901695 1.13187 -3.822566 -2.799024 -4.290158 -0.864515 -2.68303 1.904482 -2.991504 1.258809 -1.618507 -0.514337 -2.301241
2.831894 -7.729485 5.901695 8.298198 8.835316 5.990256 -4.973615 4.539547 -1.613807 1.573646 0.137275 3.940985 -6.14021 -4.026598 -3.106378
0.831894 -7.729485 5.901695 3.301292 8.524078 -2.385338 -4.768839 4.580095 -0.09384 1.028012 -4.310695 1.317158 -11.02161 -1.586263 -7.236203
-5.168106 -7.729485 5.901695 3.920446 6.747982 -2.306097 1.532264 5.555988 -0.343326 0.551621 -7.052406 1.060562 -0.481291 3.24098 -2.846225
-7.168106 -7.729485 5.901695 5.266559 6.629118 1.167823 2.411452 2.233705 0.298851 1.01305 1.549863 -0.562401 5.084041 4.832406 0.470899
6.831894 -9.729485 5.901695 -5.370568 13.71219 -0.699455 4.779058 3.432909 2.172731 -1.699796 -4.462374 -0.422766 -1.20835 -0.702487 4.755831
4.831894 -9.729485 5.901695 -6.438152 1.842714 -7.985282 1.987592 -1.171135 1.597348 0.449794 -1.50331 0.188799 -2.921716 -0.038858 2.079381
2.831894 -9.729485 5.901695 -0.600729 2.5292 3.429346 1.554729 2.149601 0.777672 1.412378 -0.843336 2.292267 -5.992213 -1.044677 -0.456285
0.831894 -9.729485 5.901695 -3.52678 4.745255 5.936747 3.704238 3.678113 -0.252912 -1.53163 -1.253155 -0.370008 -8.168484 -0.855338 -1.762744
-3.168106 -9.729485 5.901695 -1.981931 4.770364 -1.731506 -0.786931 2.606026 -1.436456 1.265946 -11.45942 -2.035139 -1.737153 2.343749 -1.82941
-5.168106 -9.729485 5.901695 -2.058501 7.30239 -4.833075 -1.162515 3.490677 -1.751208 1.648684 -9.930455 0.706384 0.428445 6.080686 -1.671614
6.831894 -11.72948 5.901695 -8.735182 7.548271 0.940907 3.051392 3.590802 -0.869203 -3.066694 -4.379617 -1.598913 -0.881506 -2.331316 4.590484
4.831894 -11.72948 5.901695 -11.71508 -1.542952 -7.900623 -2.609858 -0.224635 -0.272223 -3.409932 -6.387707 -1.625907 -4.203032 -0.012877 1.284613
-3.168106 -11.72948 5.901695 1.908538 2.609198 0.393825 -3.639801 3.779649 -0.663999 -0.656662 -9.336464 -1.867427 -1.873519 1.966031 -3.026898
6.831894 -13.72948 5.901695 -3.767673 4.665891 -1.226555 -1.866194 3.234437 -1.879768 0.268543 -2.057715 -0.389019 -1.691238 2.237138 1.693921
4.831894 -13.72948 5.901695 -4.70205 0.666598 -4.781227 -2.156771 -0.598595 -0.143925 -1.43175 -4.328538 0.534107 -1.834624 1.04202 0.204322
2.831894 -13.72948 5.901695 -9.640591 0.96935 -11.20184 -0.210352 -5.52545 1.601295 -1.516146 -3.254211 0.011419 0.244378 0.063298 2.408268
-1.168106 -13.72948 5.901695 3.579116 11.86317 1.487463 0.454147 3.786222 0.811428 0.88429 -4.453646 -1.859376 -0.33616 -5.47173 -4.274704
6.831894 -15.72948 5.901695 -2.789148 3.514079 -4.461362 1.361641 4.488534 0.554478 0.247607 0.936049 -0.213169 -1.120178 2.019927 6.700781
4.831894 -15.72948 5.901695 -9.311595 3.188754 -6.574635 5.244692 0.453395 -0.971431 -1.265837 1.809463 0.915756 0.527386 -0.483837 4.213359
-1.168106 -15.72948 5.901695 5.732293 0.147153 0.637564 -1.578573 5.186952 -1.210645 -0.121447 1.116541 3.006053 -2.018249 0.97149 0.225977
-3.168106 -15.72948 5.901695 7.330904 1.842433 5.576807 0.343046 5.883759 -0.588569 -1.491569 0.246368 2.092649 0.79139 0.468351 0.951505
6.831894 -17.72948 5.901695 -1.731835 2.430932 -1.533627 6.702723 4.187123 1.781161 -1.88609 3.395705 0.395174 -3.636255 -1.174275 7.170661
4.831894 -17.72948 5.901695 -3.990697 4.043707 -1.037281 4.630556 -0.252862 1.885691 -1.514273 3.111301 1.184089 -3.191742 -0.39116 3.931104
2.831894 -17.72948 5.901695 -3.980937 6.938417 -7.05914 -0.446825 -4.198731 1.328585 -0.88316 2.358217 1.573141 -3.362609 -0.536899 0.234148
-3.168106 -13.72948 7.901695 -4.97588 4.566256 -12.01362 -4.204603 -2.586494 0.475093 -0.593851 -3.683322 0.999772 -0.072839 0.725456 -0.359332
-5.168106 -13.72948 7.901695 0.201875 8.019566 -5.666317 -3.611946 1.294726 -3.680573 -0.449149 -4.440888 -2.342854 3.317726 4.297843 -4.180993
6.831894 -15.72948 7.901695 0.36238 2.755312 3.071049 -1.298533 6.31349 -0.067404 1.541852 -7.262475 -3.221481 0.565783 -0.644643 -2.771266
-3.168106 -15.72948 7.901695 0.528727 10.29586 -1.550079 -3.784041 0.115652 0.13587 -4.339252 -3.444564 2.182118 0.014948 -2.085402 1.513933
6.831894 -17.72948 7.901695 6.51611 2.901515 11.5692 -1.36448 7.957902 1.056781 0.448064 -6.693362 -0.082227 -1.30468 -2.313355 -1.338699
