-0.520157 -23.02498 8.892719 -1.230637 -0.639816 -1.085852 -0.234968 -0.155195 0.584585
11.47984 -21.02498 10.89272 4.849023 5.373609 -4.356141 -1.005131 -0.755227 2.461593
9.479843 -21.02498 10.89272 1.503229 1.867609 -2.854205 -1.062922 2.817633 3.193424
11.47984 -23.02498 10.89272 4.8784 5.62016 -1.293179 0.612447 0.848837 2.657144
9.479843 -23.02498 10.89272 0.556914 2.071322 -1.465031 0.484108 2.011575 3.209284
1.479843 -23.02498 10.89272 0.715242 0.47282 -1.565787 -2.514442 -1.003819 -0.622376
-0.520157 -23.02498 10.89272 6.600932 4.966708 -0.766529 -0.652458 2.372375 3.066718
9.479843 -25.02498 10.89272 3.05262 3.328958 1.850881 2.219347 2.341842 3.903773
1.479843 -25.02498 10.89272 1.699909 3.239579 -1.031909 -0.977854 -1.863184 0.416553
9.479843 -27.02498 10.89272 6.653355 4.607672 1.833747 1.645567 1.554259 1.964331
1.479843 -27.02498 10.89272 0.420875 2.030111 -1.591136 -0.635775 -2.353406 0.856147
3.479843 -29.02498 10.89272 -1.598717 -0.354117 -0.899154 -1.888142 -2.108988 -0.146813
1.479843 -29.02498 10.89272 -2.054894 0.83374 -1.313453 -0.211226 -1.705309 1.656738
1.479843 -31.02498 10.89272 -0.844717 0.821026 -0.187027 0.551264 -0.381462 2.506997
-0.520157 -31.02498 10.89272 1.535218 1.237219 1.450824 0.454884 -1.203058 0.586315
1.479843 -33.02498 10.89272 0.505275 0.045659 -0.985862 -0.263648 1.919051 2.471075
-0.520157 -33.02498 10.89272 1.146764 0.51563 1.323488 0.430471 0.245635 0.637332
1.479843 -35.02498 10.89272 0.380265 -0.366384 -1.489983 -1.984863 3.10051 1.626495
-0.520157 -35.02498 10.89272 1.512316 0.118375 0.870186 -0.170268 1.200868 -0.221446
-0.520157 -19.02498 12.89272 4.831379 5.184757 2.902206 1.664679 -0.419679 3.481761
11.47984 -21.02498 12.89272 6.168813 5.918777 1.1582 1.639079 2.331814 5.20112
9.479843 -21.02498 12.89272 0.123275 0.589572 0.897819 1.450262 4.503363 6.146515
1.479843 -21.02498 12.89272 0.858466 0.838313 -1.933835 -2.828136 -0.1877 1.925092
-0.520157 -21.02498 12.89272 7.908636 5.980856 3.123446 1.856582 0.308887 1.581325
11.47984 -23.02498 12.89272 4.350958 5.661052 0.200517 1.333327 -0.450413 1.480597
9.479843 -23.02498 12.89272 0.100068 2.076982 -0.486995 1.919002 0.445834 1.872404
1.479843 -23.02498 12.89272 4.393064 3.421293 -1.157019 -2.196355 0.990289 1.738937
-0.520157 -23.02498 12.89272 10.11279 7.985136 3.234148 1.790054 2.060261 1.793522
11.47984 -25.02498 12.89272 3.326259 5.876031 -0.016271 2.029552 -1.341439 1.368497
9.479843 -25.02498 12.89272 2.975697 4.683675 -0.096545 2.67589 -0.749687 1.585161
3.479843 -25.02498 12.89272 9.656443 5.930984 -3.008129 -3.665082 1.480665 -0.619203
1.479843 -25.02498 12.89272 5.929164 5.249058 0.746415 -0.034763 -0.323677 -0.373973
-0.520157 -25.02498 12.89272 6.596534 6.952156 0.328257 0.496969 0.025139 1.243449
11.47984 -27.02498 12.89272 2.333015 4.689579 -0.922337 1.306396 -0.936454 1.658307
9.479843 -27.02498 12.89272 4.729258 4.768739 -1.759185 1.453132 0.877466 2.686917
7.479843 -27.02498 12.89272 4.167013 4.067135 -0.489826 1.932027 2.864653 4.701704
3.479843 -27.02498 12.89272 -1.08172 0.551028 -3.640793 -3.344151 -1.916698 -1.59686
11.47984 -29.02498 12.89272 0.774135 1.023717 -1.096202 -0.266579 0.011867 -0.635612
9.479843 -29.02498 12.89272 2.060196 1.288115 -1.601705 0.076749 2.909968 2.567478
7.479843 -29.02498 12.89272 5.602969 3.07288 -2.870009 0.961824 1.579797 2.704628
3.479843 -29.02498 12.89272 -6.120279 -0.959228 -3.906142 -1.465462 -3.783774 -0.892089
1.479843 -29.02498 12.89272 -2.539568 0.418306 -2.116096 -1.567893 -2.780216 -1.00493
11.47984 -31.02498 12.89272 -1.8122 -2.882438 -1.659952 -2.377613 1.859377 -0.476768
9.479843 -31.02498 12.89272 1.845019 -1.295015 -1.326248 -1.623504 4.003455 1.428192
3.479843 -31.02498 12.89272 -1.389656 1.772612 -0.10604 1.179625 -1.05161 0.100738
1.479843 -31.02498 12.89272 -0.027656 0.300875 1.432347 -0.006914 -0.534824 0.067301
3.479843 -33.02498 12.89272 6.10944 3.630341 1.880256 0.672881 0.780971 -0.044778
1.479843 -33.02498 12.89272 4.741246 1.474086 2.452206 -0.047896 4.756786 2.565282
-0.520157 -33.02498 12.89272 4.535293 2.744357 3.176389 1.831061 2.004857 2.883833
3.479843 -35.02498 12.89272 11.34445 6.048092 1.504484 -0.553396 -0.441819 -1.669829
1.479843 -35.02498 12.89272 5.316786 2.090944 0.058786 -2.009755 5.904411 3.044899
-0.520157 -35.02498 12.89272 4.724004 3.016682 1.325897 0.117919 2.774566 2.091876
1.479843 -21.02498 14.89272 3.072757 1.557926 -0.08185 -0.011081 0.440365 1.837026
-0.520157 -21.02498 14.89272 2.05907 2.007314 -0.949041 0.386048 -2.179398 -0.048467
-2.520157 -21.02498 14.89272 0.708513 1.713136 0.525681 1.416658 -1.959555 0.476793
13.47984 -23.02498 14.89272 5.108662 4.001784 1.717725 0.735518 1.499775 2.949912
11.47984 -23.02498 14.89272 4.79585 4.600833 1.255602 0.799856 -0.741544 0.904714
1.479843 -23.02498 14.89272 7.130312 5.362993 0.94113 0.325255 2.077104 3.03841
-0.520157 -23.02498 14.89272 4.235385 4.527092 1.033018 2.164518 -1.659751 -0.740598
-2.520157 -23.02498 14.89272 2.0849 2.366043 0.20129 0.689735 -1.430927 0.091991
13.47984 -25.02498 14.89272 1.940327 3.002859 -0.923576 1.797053 -1.30987 1.07509
1.479843 -25.02498 14.89272 5.606138 5.749264 1.95627 1.842611 0.83723 2.427429
-0.520157 -25.02498 14.89272 3.571538 5.173239 1.069291 2.725975 -1.219923 0.312171
-2.520157 -25.02498 14.89272 1.626218 1.891147 0.825259 0.742069 -1.248303 -0.864705
13.47984 -27.02498 14.89272 -1.682747 0.907758 -1.823892 1.581854 -0.261862 0.709513
11.47984 -27.02498 14.89272 2.101877 4.245352 -3.120787 0.923552 -1.470631 1.962476
1.479843 -27.02498 14.89272 3.735492 2.9498 1.076948 0.610744 -1.666002 -0.625958
-0.520157 -27.02498 14.89272 -0.297977 1.245125 0.157361 0.932075 -3.034394 -2.211235
-2.520157 -27.02498 14.89272 0.982947 0.947178 0.878307 -0.091699 -0.296537 -0.617482
-4.520157 -27.02498 14.89272 3.093648 0.86023 1.248483 0.107916 1.485852 -0.537662
11.47984 -29.02498 14.89272 1.498024 0.838589 -0.256798 0.700969 2.12558 1.504219
9.479843 -29.02498 14.89272 -1.739117 -0.624934 -1.775324 -0.12215 2.232827 2.823524
1.479843 -29.02498 14.89272 3.192954 3.015565 0.602989 0.751998 -1.460178 -0.68325
-0.520157 -29.02498 14.89272 -0.77707 1.033334 -1.700636 0.259646 -2.459297 -2.014534
-2.520157 -29.02498 14.89272 1.263892 1.304408 -1.780039 -0.50345 1.829918 1.778994
-4.520157 -29.02498 14.89272 2.439891 0.592474 -0.822731 -0.333162 2.749326 1.348494
11.47984 -31.02498 14.89272 -0.638715 -2.720753 0.222809 0.013811 2.791374 -0.596128
1.479843 -31.02498 14.89272 1.730866 1.612901 2.523329 1.029787 0.979124 1.384063
-0.520157 -31.02498 14.89272 -0.583593 1.002984 -1.415317 0.683736 -1.314666 -0.480392
-2.520157 -31.02498 14.89272 1.671998 1.844555 -1.979295 1.004043 2.512977 2.401547
-4.520157 -31.02498 14.89272 2.916335 1.435526 -1.740993 -0.438985 1.498442 0.711019
3.479843 -33.02498 14.89272 2.607743 -0.256796 4.109187 -0.239501 4.170341 1.37197
1.479843 -33.02498 14.89272 2.363447 1.313195 2.003874 -0.133916 3.975393 3.538742
-0.520157 -33.02498 14.89272 0.432095 1.424778 0.916899 1.352857 0.510075 1.276332
3.479843 -35.02498 14.89272 7.308403 4.020084 1.284509 -0.549242 2.902643 3.116495
1.479843 -35.02498 14.89272 2.386947 1.602343 -0.321434 -2.128625 3.328587 2.314489
-0.520157 -21.02498 16.89272 2.288689 1.54331 1.205547 1.045756 -1.709597 -1.261186
11.47984 -23.02498 16.89272 5.309508 4.548882 1.290453 2.221122 4.389862 5.521345
-0.520157 -23.02498 16.89272 0.730619 2.716729 1.741758 2.642963 -1.087852 -1.024158
-2.520157 -23.02498 16.89272 1.646663 0.471213 1.196286 0.029549 -1.407713 -3.267072
13.47984 -25.02498 16.89272 2.900799 4.145529 0.939713 1.96716 -0.428112 0.393951
11.47984 -25.02498 16.89272 1.453128 2.97507 -2.227082 0.170594 -0.495766 1.44547
-2.520157 -25.02498 16.89272 -0.519806 0.670605 0.927623 0.65014 -2.359758 -3.638696
13.47984 -27.02498 16.89272 0.269937 1.739677 -1.166494 1.122578 0.178146 0.587065
11.47984 -27.02498 16.89272 0.040263 2.079772 -4.338653 -1.082062 -0.201348 1.474563
9.479843 -27.02498 16.89272 0.224324 2.246213 -5.109982 -1.287602 -2.02933 0.347815
-2.520157 -27.02498 16.89272 -0.232371 1.632201 1.356779 0.936199 -2.015548 -2.359836
-4.520157 -27.02498 16.89272 1.327832 0.52856 2.42305 0.816504 0.244768 -1.338124
11.47984 -29.02498 16.89272 0.640824 1.317534 -0.59011 -0.379641 2.269647 2.15173
9.479843 -29.02498 16.89272 1.163267 2.213754 -1.067131 0.382953 0.90292 2.134852
-2.520157 -29.02498 16.89272 -0.003183 1.569383 -0.520455 0.199936 0.45754 0.804486
-4.520157 -29.02498 16.89272 1.098945 0.506233 0.663203 0.349872 -0.258422 0.157717
-6.520157 -29.02498 16.89272 -0.316303 -0.983264 -0.966844 0.136104 0.210734 0.693748
-2.520157 -31.02498 16.89272 -2.035022 -0.045446 -2.321775 0.321806 0.325351 1.192409
-4.520157 -31.02498 16.89272 -0.232128 0.188952 -1.57197 -0.387775 -1.044427 0.194817
-6.520157 -31.02498 16.89272 0.117828 -0.833207 -2.118138 -1.229774 0.11709 0.441347
-0.520157 -33.02498 16.89272 -1.035754 0.340401 0.845859 0.559117 -1.624932 -0.76362
-2.520157 -33.02498 16.89272 -1.333637 -0.78907 0.384334 0.902769 0.279509 0.462223
-4.520157 -33.02498 16.89272 -0.954217 -1.382016 -1.689261 -1.494125 -0.002559 0.267342
-6.520157 -33.02498 16.89272 -0.179357 -1.043912 -0.629226 -1.542134 -0.382421 -1.110873
11.47984 -25.02498 18.89272 4.035279 3.508985 1.761261 0.811663 -1.001219 -0.878845
11.47984 -27.02498 18.89272 -0.217839 0.902126 0.463118 -0.182441 -0.795409 -0.658136
11.47984 -29.02498 18.89272 -1.213218 -0.164365 0.915974 -0.752951 -0.655664 -0.667101
-4.520157 -29.02498 18.89272 -0.549258 -0.02734 2.200266 1.012035 -0.822821 -0.566705
-6.520157 -29.02498 18.89272 0.560974 1.239992 3.231222 2.015128 1.754276 1.599364
-4.520157 -31.02498 18.89272 -0.803569 -0.036124 0.4797 0.289136 -0.162597 -0.171697
-6.520157 -31.02498 18.89272 -1.578025 -0.828129 0.485127 1.37468 0.707073 1.027957
-4.520157 -33.02498 18.89272 -0.913143 -0.865169 -1.849394 -1.667197 0.016902 0.0885
-6.520157 -33.02498 18.89272 -3.003719 -2.347664 -1.908141 -1.934366 -0.978846 -0.788108
11.47984 -27.02498 20.89272 -1.039228 -0.940683 1.545375 0.682361 -0.986542 -0.606296
13.47984 -29.02498 20.89272 -3.150557 -2.320228 -0.62892 -0.592309 -3.512208 -2.463576
11.47984 -29.02498 20.89272 -1.612616 -2.471543 -0.384226 -0.566761 -1.350748 -2.222097
