2.16703 -7.737679 -5.825497 -2.037796 -0.038089 -0.033129 -0.543747 -1.795781 -1.102146 0.709103 -0.684702 -1.298641 -3.398921 -1.867731 -5.216457
-1.83297 -7.737679 -5.825497 -0.502754 -6.487512 -3.141059 2.979504 -0.570902 -4.650702 -1.611008 -8.612521 -2.90087 1.365133 1.392365 -5.610495
0.16703 -9.737679 -5.825497 -1.679306 -4.603883 0.067386 0.709565 -2.274382 -4.956487 -7.391396 -6.837058 2.09314 -1.398808 -6.296631 -9.134043
-3.83297 -15.73768 -5.825497 1.13253 4.462639 -0.575047 3.677063 1.251398 6.948631 1.812279 3.351594 -3.516726 -2.250248 -0.225053 4.5007
4.16703 -3.737679 -3.825497 4.319679 -2.729717 -2.539427 -1.595755 1.277089 -0.079326 3.171151 -0.949618 -3.740671 0.846571 0.547689 5.078054
-1.83297 -3.737679 -3.825497 2.044198 -2.455797 -0.796491 3.560003 0.679633 1.037462 2.790729 -0.855338 -1.269253 2.990954 -2.09744 0.009271
-3.83297 -3.737679 -3.825497 -1.588473 -1.793208 -1.713606 3.285596 0.307842 3.001778 2.577688 -2.658511 0.915435 1.233436 3.138121 2.309335
4.16703 -5.737679 -3.825497 1.111613 -0.886252 -1.21104 1.443505 -0.759824 -0.280984 1.345857 -1.366699 -0.735036 2.589424 -0.590369 1.643359
2.16703 -5.737679 -3.825497 5.627637 -2.897555 2.683913 3.057064 3.074349 -1.05512 4.70597 -3.88854 -0.547583 2.749252 -0.779384 -4.030294
-1.83297 -5.737679 -3.825497 2.104286 -2.691952 0.697351 2.322407 0.835703 1.580606 2.609984 -2.677409 -0.46131 1.459986 1.961169 0.850245
6.16703 -7.737679 -3.825497 3.438997 -4.200658 0.171938 1.530437 1.950473 0.961465 0.440897 -3.057289 -0.62956 1.359324 1.686965 5.459237
4.16703 -7.737679 -3.825497 1.129979 -0.463805 -0.045696 2.797385 2.223418 -0.286462 0.501673 -0.03936 0.610123 0.687488 0.337926 0.004397
2.16703 -7.737679 -3.825497 2.264832 0.14146 0.304437 2.694664 3.234644 1.145844 2.696466 -2.047153 -0.537033 -0.170159 0.796879 -3.88835
-1.83297 -7.737679 -3.825497 1.71504 -1.637456 -0.559307 -0.315903 1.141357 0.441823 2.485677 -2.641139 -3.242942 0.284474 3.346972 -0.406987
-3.83297 -7.737679 -3.825497 -0.342264 -3.492982 -2.703562 -3.146016 0.815972 -0.509107 1.611819 -5.734819 -0.549952 -3.401395 7.009181 -1.855768
4.16703 -9.737679 -3.825497 4.469064 0.644142 -1.560446 0.46501 5.104098 -1.565841 2.865144 2.82427 -2.255045 -4.866177 0.291062 -0.079314
2.16703 -9.737679 -3.825497 1.64451 1.645887 -3.433453 1.739846 3.640437 1.057667 1.393878 -0.726163 -3.544532 -3.20182 2.52909 -3.754808
-1.83297 -9.737679 -3.825497 1.787534 1.101122 -2.954778 -0.70693 0.287458 0.834439 1.91873 -2.748772 -5.834314 -1.414579 -1.357596 -1.434571
-3.83297 -9.737679 -3.825497 -1.003681 -1.795561 -2.494437 -3.195203 -1.513335 -0.528036 1.442788 -5.187524 -1.964473 -3.23825 -0.035665 -2.466304
4.16703 -11.73768 -3.825497 3.680573 -0.046096 -3.877672 -0.745715 3.554936 -2.657803 3.254818 2.877779 -3.38094 -7.105372 1.210546 1.950789
2.16703 -11.73768 -3.825497 0.85763 1.714913 -5.243463 2.540966 1.405716 -0.862936 -0.392664 -1.02461 -6.132718 -3.231409 1.713398 -4.443189
-1.83297 -11.73768 -3.825497 1.377208 2.448107 -3.306985 -1.229191 -0.950625 1.892498 0.789961 -3.563905 -5.838961 -4.059417 -5.415403 -1.765762
-3.83297 -11.73768 -3.825497 -0.863393 -0.926122 -2.052629 -3.424125 -3.506751 1.533044 2.593351 -3.958234 -1.36281 -4.266871 -4.266214 0.289946
4.16703 -13.73768 -3.825497 0.789607 -1.585252 -5.297615 1.053576 0.582988 -0.663911 1.493304 -0.205619 -3.371454 -3.508653 2.530862 5.09102
2.16703 -13.73768 -3.825497 -1.075202 2.298423 -4.961685 3.893873 -1.587077 -0.607908 -1.878677 -2.585321 -7.723353 -1.678883 -1.343366 -3.911042
-1.83297 -13.73768 -3.825497 -0.069933 -0.254715 -1.209096 -2.327036 -1.399966 1.158842 -0.562014 -4.854983 -3.962657 -6.084059 -4.307138 -1.953257
-3.83297 -13.73768 -3.825497 0.700163 -1.422893 -2.217921 -4.182285 -3.702074 3.525407 4.705788 -1.27112 -0.230031 -6.912828 -2.611981 3.648595
-1.83297 -15.73768 -3.825497 -0.328933 -2.383375 -0.034209 -1.914313 -1.62386 -0.286066 0.641188 -3.337472 -2.636764 -5.633315 -2.297135 -1.4136
-3.83297 -15.73768 -3.825497 2.226064 0.004419 -2.406421 -2.994688 -2.571641 2.874635 5.782259 1.703692 -2.255362 -8.236962 -0.987211 3.552303
-1.83297 -17.73768 -3.825497 0.994487 -0.23379 -1.043464 -0.254069 -2.555797 -0.926513 3.516254 1.004808 -2.226089 -3.088018 -3.125371 -0.504717
-3.83297 -17.73768 -3.825497 1.401229 2.329679 -1.818135 -0.350388 -1.591447 -0.400051 3.594129 0.905964 -6.279908 -5.818586 -2.306391 0.368353
-1.83297 -1.737679 -1.825497 -0.945419 -0.354707 -4.390326 4.58487 2.925497 2.897597 5.042211 2.396521 -8.450611 4.300827 2.096223 -0.962643
-3.83297 -1.737679 -1.825497 -3.958299 3.132585 -1.537231 8.040883 -0.84893 2.675564 3.135599 3.187762 0.260409 4.790293 3.245536 0.726412
-1.83297 -3.737679 -1.825497 5.507699 -2.548374 -1.217136 3.910591 7.089189 4.279675 3.873463 -4.263444 -6.720724 3.993024 2.386221 -1.32715
-3.83297 -3.737679 -1.825497 -0.78091 -4.385735 -1.707508 4.548161 3.126045 5.008795 4.040138 -6.323667 -0.853548 2.464679 6.697142 3.295232
4.16703 -5.737679 -1.825497 1.808131 -0.637151 -1.907236 2.337393 -2.606847 -2.068278 3.102856 -1.412899 0.105345 4.374 -4.716918 1.522794
2.16703 -5.737679 -1.825497 8.172273 -5.343418 2.868368 0.661699 4.029231 -7.766894 5.437419 -2.797634 -1.323502 2.907627 -0.074909 -6.756386
-1.83297 -5.737679 -1.825497 6.142872 -0.338803 1.864883 5.979055 5.930573 6.909822 2.571354 -5.862291 -3.201177 5.053856 3.978546 -1.314407
-3.83297 -5.737679 -1.825497 1.043048 -10.48719 -1.529197 1.93397 2.041005 4.08834 2.887609 -12.35542 -1.219606 2.741444 5.241535 3.709332
-5.83297 -5.737679 -1.825497 -4.138314 -5.939191 1.413928 -0.176694 -2.933605 -1.809317 -4.675061 -10.86951 5.099152 4.57329 1.304519 -3.298221
6.16703 -7.737679 -1.825497 5.038419 -3.403898 -2.493407 3.01325 -1.249784 5.469433 6.318718 -10.10254 -0.499258 2.456591 0.596123 9.709361
4.16703 -7.737679 -1.825497 2.35655 -0.910797 -0.376937 3.599997 0.611664 2.079506 3.248879 -2.112787 -1.445661 4.30505 -1.955708 2.799207
2.16703 -7.737679 -1.825497 5.652227 -4.378747 2.019691 -0.768745 5.016232 -1.056998 5.018425 -2.068668 -3.119068 -0.85169 4.237092 -3.427462
-1.83297 -7.737679 -1.825497 3.397158 2.868262 1.887211 2.502996 2.614113 9.191508 2.59376 -0.073244 -1.899259 2.156668 4.170948 0.702576
-3.83297 -7.737679 -1.825497 0.026483 -7.631282 -1.55503 0.826693 -0.037593 2.70857 2.598124 -8.20692 -0.026485 3.281138 2.943714 0.959711
-5.83297 -7.737679 -1.825497 -9.233006 -6.53726 -1.755122 -1.277271 -5.638555 -2.602569 -8.971882 -8.068131 7.14782 2.070774 5.441301 0.62691
6.16703 -9.737679 -1.825497 5.543743 1.650263 1.72106 4.655303 2.250541 6.016125 4.909565 -4.437082 5.023203 -0.358586 2.176037 7.698211
4.16703 -9.737679 -1.825497 2.094947 0.694761 1.079376 2.59761 4.371352 5.454345 0.683633 -2.169032 1.008646 -0.685605 -0.505356 4.542894
2.16703 -9.737679 -1.825497 -0.028805 -1.14183 0.047825 -0.797719 5.542424 3.686702 0.176002 -1.410612 -3.785249 -4.054291 3.385638 0.517151
-1.83297 -9.737679 -1.825497 1.67389 4.6312 -0.797104 0.028035 1.050867 9.583111 2.528976 2.418981 -3.566129 -2.306307 2.046465 3.311433
-3.83297 -9.737679 -1.825497 -2.628936 -0.246799 -1.365501 0.61689 0.163192 2.513216 1.814702 -1.870186 1.529825 1.574856 1.809876 -0.756955
-5.83297 -9.737679 -1.825497 -9.338797 -1.434789 -3.019063 -0.693638 -4.70437 0.212981 -5.460618 -1.327558 4.890055 0.289961 5.280296 5.686059
6.16703 -11.73768 -1.825497 2.240766 6.33215 4.20024 4.250139 3.052545 4.726349 2.177885 1.486523 7.754111 -2.884165 -0.210022 3.280276
4.16703 -11.73768 -1.825497 1.762805 3.247819 -0.560482 1.662541 4.888757 4.543897 1.017633 -2.331003 2.054167 -4.440916 0.090642 4.669913
2.16703 -11.73768 -1.825497 -1.917628 2.534785 -2.668514 0.673706 3.875262 3.522314 -2.430505 -0.942715 -4.630672 -3.636342 1.388032 2.555041
-1.83297 -11.73768 -1.825497 2.164262 3.622513 -1.141635 0.042189 1.073301 8.862746 2.612465 -0.268502 -4.4178 -5.488271 -2.21876 4.548616
-3.83297 -11.73768 -1.825497 -3.082346 4.400575 -1.271499 0.450988 0.890133 3.191899 1.344543 1.587687 2.04448 -1.148608 -0.256621 -0.054494
-5.83297 -11.73768 -1.825497 -5.857628 2.959248 -3.316284 0.000821 -2.397883 2.214111 -0.662199 2.726776 1.912798 -0.299215 4.446222 6.105257
6.16703 -13.73768 -1.825497 1.262599 3.993895 2.878844 2.593167 0.05194 1.718094 2.720802 -0.242363 5.796049 -1.706739 -2.75681 0.534153
4.16703 -13.73768 -1.825497 1.876719 2.595698 -2.675405 2.367183 1.796982 2.142631 3.353345 -4.197688 0.864628 -3.184232 0.056231 4.544847
2.16703 -13.73768 -1.825497 -0.326042 5.178863 -3.903614 3.20226 0.44769 3.395015 -1.954478 -1.260942 -5.899192 -1.757357 -0.531278 3.963425
-1.83297 -13.73768 -1.825497 3.205986 -0.264768 2.656245 0.288456 1.119844 7.071186 2.812596 -5.19543 -2.10386 -5.74588 -5.955117 3.298299
-3.83297 -13.73768 -1.825497 -0.301219 3.319698 -0.986297 -0.350391 1.009974 3.563031 2.467739 1.390348 1.46191 -2.871784 -2.546648 1.544304
-5.83297 -13.73768 -1.825497 -1.77247 3.206014 -3.468992 -0.136704 -0.030897 1.289394 0.98364 1.811061 0.118745 -1.326838 5.157981 1.493202
6.16703 -15.73768 -1.825497 3.705443 -0.62002 -0.090969 0.321463 -3.223997 -0.435801 4.477047 -3.703984 2.342155 -1.132547 -1.409383 0.818888
4.16703 -15.73768 -1.825497 2.793675 -0.356359 -1.84477 1.262931 -0.236137 0.608395 3.976858 -4.079612 -1.487049 -1.221237 -0.62626 5.151862
2.16703 -15.73768 -1.825497 0.301577 5.15574 -3.371469 4.091381 0.301432 3.892512 -0.488131 -1.013995 -5.814539 -0.177474 -1.526481 5.533087
-1.83297 -15.73768 -1.825497 3.455986 -3.989498 5.481945 0.173709 1.387265 5.217 3.834963 -7.725312 0.330735 -4.316547 -5.718217 2.661988
-3.83297 -15.73768 -1.825497 1.821304 1.334562 -1.012532 -0.845502 0.716538 3.82656 3.510978 -0.011885 -1.060762 -3.333089 -4.261385 2.375066
2.16703 -3.737679 0.174503 8.261929 -1.855428 1.383731 2.603599 6.070985 -3.711894 -0.160836 -3.86665 2.237134 3.545912 2.238118 -13.71853
-1.83297 -3.737679 0.174503 -1.322004 -5.376812 -2.2006 -5.305963 2.604456 -1.628875 -2.051913 0.676272 -8.773418 1.823668 -4.332976 -4.127117
-3.83297 -3.737679 0.174503 0.610059 -9.036292 -1.69617 5.1757 2.884804 4.228101 5.596314 -11.17457 -3.28705 3.046897 3.964464 3.474256
-5.83297 -3.737679 0.174503 -0.29256 -10.06163 -0.486484 1.603852 -0.406045 1.454 0.773488 -12.4146 0.639821 7.19692 -0.294816 3.073992
2.16703 -5.737679 0.174503 9.817708 -6.127279 -0.823425 2.29257 5.757173 -10.71842 -0.884014 -2.857467 -1.627135 2.511082 -0.006017 -15.30349
-1.83297 -5.737679 0.174503 1.635985 -1.777803 2.958615 -1.50339 4.26362 1.615937 -5.255714 1.059641 -5.662195 4.688282 -9.030384 -7.199672
-3.83297 -5.737679 0.174503 2.799462 -10.30519 4.06237 4.827968 5.371883 6.370157 4.774762 -14.37153 -0.180901 6.718297 0.544444 3.464808
-5.83297 -5.737679 0.174503 -0.443697 -11.9318 1.547137 2.970319 1.695038 2.30332 0.703918 -11.74436 2.472651 11.57671 0.444104 5.840998
4.16703 -7.737679 0.174503 9.273707 -6.050228 1.031858 -0.91947 1.348675 -3.760292 2.630806 -3.077862 -7.039472 5.065632 -7.910941 -4.615026
2.16703 -7.737679 0.174503 10.80702 -9.478208 0.517126 -1.030437 4.316886 -7.883246 3.025669 -3.525438 -3.480689 -2.546769 -0.218407 -10.27722
-1.83297 -7.737679 0.174503 -0.086169 3.240517 6.35237 2.190038 3.969018 5.747767 -5.907347 4.257747 0.330173 4.817735 -6.666718 -5.74866
-3.83297 -7.737679 0.174503 4.522562 -7.536958 7.523264 1.943887 4.540964 5.394901 6.730597 -7.337035 5.880885 7.986782 -2.130144 2.768892
4.16703 -9.737679 0.174503 5.511111 -2.677837 2.227438 -1.547528 0.938424 3.775983 4.75271 -3.101244 0.8535 1.681809 -6.745293 1.121298
2.16703 -9.737679 0.174503 7.038239 -7.323807 3.835253 -2.968691 3.414743 -1.261612 4.433053 -3.878389 -0.093457 -5.453131 -2.441854 -4.963426
-1.83297 -9.737679 0.174503 -0.550681 3.867522 4.573627 2.305696 1.999999 7.586544 -4.256718 3.7435 2.572802 1.273503 -3.3947 -0.264359
-3.83297 -9.737679 0.174503 4.358281 -1.562591 5.7364 0.419657 3.123034 3.871747 9.919275 -1.379114 9.789289 5.378222 -0.943731 0.459804
6.16703 -11.73768 0.174503 3.284474 -0.283054 5.77212 0.431019 1.139128 5.390273 5.119215 -0.770252 11.31397 -1.901952 -0.474255 5.661697
2.16703 -11.73768 0.174503 2.750563 -0.572714 4.897137 -0.566343 2.876348 1.165439 3.207045 -3.516632 2.705913 -3.733929 -4.01461 -4.185002
-1.83297 -11.73768 0.174503 1.50605 0.47506 0.665262 -0.063574 0.398805 7.155555 0.152116 0.322588 0.444293 -3.214749 -2.146107 6.291527
6.16703 -13.73768 0.174503 5.466222 -1.115655 6.754849 -2.662913 1.242243 4.714053 4.867778 -2.799689 8.499514 -3.981391 -0.354854 6.523541
4.16703 -13.73768 0.174503 2.27975 3.435204 1.049137 0.112618 1.039333 2.359865 5.573585 -7.687531 5.614095 -5.57591 -0.418994 -0.956933
2.16703 -13.73768 0.174503 2.44647 4.181417 2.197652 2.336813 1.658365 2.038959 2.688041 -3.629776 1.435608 -0.832657 -3.1761 -2.364738
-1.83297 -13.73768 0.174503 4.434451 -1.774408 -0.200986 -0.43172 0.706565 6.797699 5.708025 -0.151709 -2.488445 -3.869936 -2.783851 9.477189
-3.83297 -13.73768 0.174503 -0.53353 1.628444 -1.259348 -1.102193 -0.277489 2.584056 7.895711 4.692815 4.154607 1.963294 0.421857 5.778772
6.16703 -15.73768 0.174503 9.758071 -3.60495 6.020389 -2.918301 0.211061 4.619864 9.628701 -6.427231 5.949459 -2.681177 0.3252 7.823518
4.16703 -15.73768 0.174503 5.299032 -1.36561 2.598852 -1.821659 0.312383 1.836609 7.306169 -8.172024 3.68971 -5.119988 1.509651 1.661275
2.16703 -15.73768 0.174503 2.544596 3.66985 0.08811 2.291916 0.820417 3.743363 2.485951 -3.457516 0.848458 0.371996 -3.123365 2.324324
0.16703 -15.73768 0.174503 5.477295 3.339896 -2.54882 3.485497 0.17572 5.949704 9.462853 1.404972 -3.424283 -1.492098 -4.961826 4.192479
6.16703 -17.73768 0.174503 8.98178 -5.427937 2.772168 -1.126296 -1.597547 5.102357 8.274137 -7.393705 4.156624 -0.895927 1.543474 8.318795
4.16703 -17.73768 0.174503 5.768439 -5.98151 3.512067 -2.914353 -0.336854 3.536653 5.799675 -5.198283 3.558212 -1.180761 2.45292 5.784759
2.16703 -17.73768 0.174503 0.972707 0.983374 0.837547 0.967105 1.476781 2.637114 1.373458 -0.705328 1.903182 0.01454 -2.827092 4.036489
0.16703 -17.73768 0.174503 2.333913 0.890444 1.166578 2.62462 1.420716 3.555868 8.154864 1.980123 -2.45214 -0.934637 -3.739587 4.486469
4.16703 -19.73768 0.174503 3.278191 -1.759072 0.02644 1.956132 -0.469182 4.544397 1.088392 1.058949 1.810925 2.272372 3.715173 1.642894
2.16703 -19.73768 0.174503 2.634619 0.511094 1.25827 2.932177 1.117545 0.309639 0.972553 1.478289 0.317034 0.576515 1.138586 -0.95062
0.16703 -19.73768 0.174503 2.121215 -4.146268 3.054821 3.157706 3.296326 0.720274 4.162591 -1.461039 -2.183269 -2.630286 1.199347 2.733714
-3.83297 -3.737679 2.174503 6.078218 -0.607684 2.737607 4.082001 2.086149 -0.195212 7.197731 0.397692 -0.884636 4.42405 -1.88664 -5.062512
-5.83297 -3.737679 2.174503 2.63781 2.634412 4.856486 -0.634301 1.543864 1.060115 -0.563551 3.690067 9.061671 -3.395187 -1.844157 -5.38801
-1.83297 -5.737679 2.174503 3.113095 -1.447036 -5.388885 -7.938296 -4.817672 -10.22966 -0.678711 7.501826 -9.878851 -4.318678 -7.04006 -7.609461
-3.83297 -5.737679 2.174503 5.815266 -0.708524 5.878142 0.9021 3.998627 -0.777594 1.440441 2.264688 -0.556659 -0.371346 -1.628745 -5.19378
-5.83297 -5.737679 2.174503 3.000776 1.612519 3.513114 -0.343721 1.352069 0.525934 0.806319 8.567327 4.119806 -1.822016 -3.239581 -5.316906
4.16703 -7.737679 2.174503 4.381423 -4.20344 2.07887 -3.44833 0.592634 -3.202723 -1.534002 0.974109 -1.328949 1.253416 -1.909031 -9.050179
-1.83297 -7.737679 2.174503 1.597484 -0.309337 4.615914 -1.423811 0.087604 -5.795185 -0.376791 4.545637 2.071536 -1.238271 -3.812432 -6.158346
-3.83297 -7.737679 2.174503 2.795775 -4.590936 8.149393 -0.84695 4.02074 0.738464 -2.076695 3.397445 1.670991 1.458664 -1.703913 -1.248029
6.16703 -9.737679 2.174503 2.154033 6.550398 6.125604 5.6819 -2.219451 6.7675 4.293975 7.458663 5.322489 4.558827 -4.116456 0.90512
4.16703 -9.737679 2.174503 5.814253 1.508795 3.438293 0.137252 0.210167 1.875232 5.675614 1.889771 2.866299 1.871635 -1.850673 -6.659562
2.16703 -9.737679 2.174503 7.017407 -7.529948 -1.661316 -0.687236 -1.164502 -9.481955 7.402837 -10.52778 0.12667 -2.928344 -1.181937 -12.28715
-1.83297 -9.737679 2.174503 -4.725688 0.937714 6.171697 3.753226 2.515501 -1.935487 -4.058124 2.658185 8.049798 0.558284 -1.340436 -4.646964
-3.83297 -9.737679 2.174503 -0.065865 -3.689329 6.237535 0.642927 3.668716 0.303803 -0.93998 3.40304 3.988219 2.948638 -0.630535 -0.536608
4.16703 -11.73768 2.174503 4.61865 5.415366 4.031449 -1.317519 0.829195 1.662497 10.60471 0.859321 8.114214 -2.474877 -1.474327 -4.954473
2.16703 -11.73768 2.174503 4.459898 -2.811439 -0.788513 -1.882408 -0.978532 -7.201059 8.547586 -8.22443 3.851067 -5.630689 -3.751861 -9.136145
-1.83297 -11.73768 2.174503 -7.635846 1.388959 0.656754 3.131269 1.130473 -1.598992 -5.859791 1.39097 3.439664 -0.537699 -1.549945 -3.683602
-3.83297 -11.73768 2.174503 -1.801282 -0.877354 1.299563 2.054705 1.621939 -0.400326 2.678835 1.361612 4.436187 1.070248 -0.018238 -1.364514
-5.83297 -11.73768 2.174503 4.55912 -8.701077 1.371668 6.069987 4.760222 -3.661747 8.923288 -2.666821 2.517573 5.045338 3.165216 3.58429
2.16703 -13.73768 2.174503 -0.031581 3.280881 2.829123 -1.524022 0.295952 -5.712657 4.314138 -3.547338 5.246766 -5.17533 -3.717898 -7.66633
-1.83297 -13.73768 2.174503 -2.853611 -1.019873 -4.472802 -1.470007 -1.01819 -2.555443 -0.554073 -0.270995 -4.716053 -3.516014 -3.178637 -1.824293
-3.83297 -13.73768 2.174503 -2.283229 -3.237136 -2.170099 -0.242028 -2.010831 0.363851 5.584596 -0.613654 2.379488 -0.642247 -0.746977 2.313117
-5.83297 -13.73768 2.174503 2.331821 -11.20461 0.828261 1.430223 2.543758 -3.219443 8.102763 -4.900486 3.162819 3.771422 4.211539 6.901234
8.16703 -15.73768 2.174503 8.717643 -5.24797 2.270638 1.842898 1.298284 4.321134 9.096886 -5.919991 1.371744 -0.380806 0.310503 9.153835
6.16703 -15.73768 2.174503 7.50252 -4.202032 2.115112 -4.532317 1.653427 1.786567 4.89362 0.61795 -0.83418 -3.358309 -0.35172 4.259955
2.16703 -15.73768 2.174503 -4.019645 2.868209 2.239753 -1.754367 0.125431 -3.596018 -0.887008 -2.076031 4.556192 -2.825226 -4.000828 -3.152217
0.16703 -15.73768 2.174503 1.588701 -0.177523 -6.540636 -3.399935 0.277101 -6.866092 4.402483 2.912461 -10.00059 -6.533494 -6.820649 -1.940969
-5.83297 -15.73768 2.174503 0.475726 -12.61033 1.294857 -1.150544 1.238108 -2.634314 5.08155 -7.812215 2.297222 3.104209 4.368074 8.235476
8.16703 -17.73768 2.174503 7.207386 -6.627991 -1.192362 -0.87743 2.180477 3.363232 4.948413 -5.663505 -2.379677 -3.404069 2.235949 10.01694
6.16703 -17.73768 2.174503 8.157986 -3.177138 0.782978 0.136799 2.368741 1.923077 4.256936 -1.199236 -2.887886 0.615139 1.818665 1.988482
4.16703 -17.73768 2.174503 3.523413 -4.816037 -0.427675 -5.370009 2.794489 -2.009021 5.784243 -1.846941 -0.585468 -4.69193 3.714056 0.118698
2.16703 -17.73768 2.174503 -4.219072 -0.86109 -2.603841 -3.420984 -0.953828 -1.634663 -0.048089 -1.428704 2.189743 -3.167855 -3.982007 0.313588
0.16703 -17.73768 2.174503 -0.117271 0.433739 -7.154055 0.007295 -4.107533 -2.347673 7.412518 2.400603 -9.02302 -1.722808 -8.756788 -0.530375
6.16703 -19.73768 2.174503 3.486887 -1.758231 -1.647407 2.265931 -0.591008 2.787402 1.138775 -0.101306 -4.23134 0.703862 1.29395 -3.208291
4.16703 -19.73768 2.174503 5.311088 -4.417893 -0.865813 -1.670365 2.82175 0.63793 7.243727 -0.724904 -5.082932 0.10803 2.148845 -1.405729
2.16703 -19.73768 2.174503 -0.236689 0.676065 -3.046985 0.152325 0.008099 -2.402542 5.793977 2.285822 -1.071231 0.510122 1.282103 -2.948216
0.16703 -19.73768 2.174503 0.456201 -0.454852 -3.86395 3.919828 -2.890311 -0.763613 7.058736 0.560608 -4.213461 0.405046 -3.767516 -1.129786
2.16703 -21.73768 2.174503 3.024422 4.078413 0.760063 7.607022 -0.090315 -0.504796 6.81931 4.106485 1.677114 7.836737 5.17086 -5.218379
0.16703 -21.73768 2.174503 1.995962 2.785362 -0.313639 7.697997 0.172311 1.918907 3.547982 3.073987 -0.477856 4.039841 2.956951 -2.088275
-1.83297 -7.737679 4.174503 0.555986 -0.070043 -2.782344 -1.381012 -3.94954 -0.409741 2.874142 -1.383117 -6.690566 -3.659564 3.99863 2.643471
4.16703 -9.737679 4.174503 4.171828 6.064765 3.451827 4.194124 5.136273 3.186571 6.55203 2.663051 3.621435 1.038923 6.278291 -0.852952
-1.83297 -9.737679 4.174503 -1.53147 1.878873 2.007465 6.869299 2.920359 5.976011 -0.926175 -2.525256 -0.114209 2.575905 8.136383 8.344227
-3.83297 -9.737679 4.174503 0.658636 -1.726755 0.385884 2.536203 3.532383 -4.391185 -3.703353 5.31005 -3.850445 7.316089 5.841815 0.163976
4.16703 -11.73768 4.174503 4.564342 9.123557 5.562524 3.630711 4.526831 3.204401 7.901601 5.535158 8.044702 -1.134282 4.118752 -1.862607
-1.83297 -11.73768 4.174503 -5.416745 5.056404 0.486228 7.015677 8.11861 3.235839 -6.682378 2.634868 1.277952 3.174778 8.982872 1.239878
-3.83297 -11.73768 4.174503 -1.466553 3.181672 -0.121188 6.34694 3.607765 -1.226592 -4.533832 5.667679 -2.735965 5.89837 7.634893 -2.439102
-5.83297 -11.73768 4.174503 -0.698042 -2.238138 4.324157 5.38223 2.054838 0.269198 -6.086948 -1.679585 2.458375 6.448075 3.6989 4.554441
6.16703 -13.73768 4.174503 3.145989 -2.746233 4.509342 -1.52289 -0.255136 2.242874 3.334127 -0.879521 1.363799 -1.362612 2.084602 1.719514
4.16703 -13.73768 4.174503 3.815772 5.841813 5.121426 -0.604866 3.061395 0.722769 3.943188 6.15123 3.177118 -2.981362 2.467373 -0.455339
2.16703 -13.73768 4.174503 -2.890448 1.039678 -1.442584 -3.188857 2.766414 -5.737587 -2.18672 -0.073074 3.462616 -3.062228 1.982502 1.549305
-3.83297 -13.73768 4.174503 -1.356349 2.466541 -0.646263 4.896166 2.763804 2.995062 -2.939739 1.831623 -2.748111 0.771544 5.058173 -3.291265
-5.83297 -13.73768 4.174503 -2.037504 -2.17694 4.06249 5.299656 2.425833 0.90917 -4.513197 -2.822329 2.292111 6.078304 4.768487 3.988493
4.16703 -15.73768 4.174503 2.720916 0.71621 2.315567 -1.618824 1.797701 0.08573 0.682458 3.434308 -2.093961 0.026596 1.184223 0.842798
2.16703 -15.73768 4.174503 -2.014801 0.074532 0.954173 -5.934753 1.392113 -5.27543 -5.126528 1.676886 3.031935 -3.389773 0.456085 0.460608
-3.83297 -15.73768 4.174503 2.049847 -2.323757 0.427721 0.913227 1.416088 3.503111 0.35247 -3.734487 -2.340905 -1.524709 0.039895 -1.853761
-5.83297 -15.73768 4.174503 -3.003398 -2.423246 2.437243 2.702436 1.075572 1.031157 -1.302384 -4.540255 -0.361612 4.603645 3.757279 2.705997
4.16703 -17.73768 4.174503 3.201106 -2.221289 -0.716866 0.304461 1.249014 1.577681 2.413777 -1.425638 -2.043643 -0.303026 0.522655 1.877918
2.16703 -17.73768 4.174503 -2.859011 -2.83265 -1.828376 -4.465146 -2.22739 -4.068967 -6.506424 -0.68722 2.353349 -2.426891 -0.97769 -0.374145
6.16703 -19.73768 4.174503 8.989001 -2.97847 -3.674471 4.549638 1.662983 4.880757 7.64381 -4.519835 -5.537141 3.833051 0.396945 5.103323
2.16703 -19.73768 4.174503 -0.413294 -3.783442 -1.954691 0.774686 -2.246414 -2.717937 -0.15677 -2.760886 0.819839 -0.773264 1.240301 1.144417
2.16703 -21.73768 4.174503 0.63152 0.909135 2.349651 5.291784 -2.178424 0.993429 5.249633 1.371393 2.199719 4.451068 1.624882 2.509381
-1.83297 -11.73768 6.174503 -0.853118 0.973476 -0.062832 6.991404 4.339354 4.73462 -2.30077 -2.964547 -1.785307 5.317391 8.286009 6.810347
4.16703 -13.73768 6.174503 4.958961 0.692447 0.489508 1.812623 2.394378 -2.407917 3.714943 3.522677 0.738861 0.362786 0.831592 2.378415
-1.83297 -13.73768 6.174503 1.532026 -0.086604 2.404424 4.022149 7.065065 2.046559 -4.861816 0.882768 1.758739 4.259673 6.080625 0.286085
-3.83297 -13.73768 6.174503 4.042944 1.176191 -0.638517 2.217128 2.677384 2.796786 1.038652 -1.126315 1.523186 -1.339999 7.380062 0.934125
4.16703 -15.73768 6.174503 5.124452 -3.158167 1.13668 0.003511 1.139864 -1.068452 1.928191 -0.435712 2.890395 1.093608 1.887472 6.00338
2.16703 -15.73768 6.174503 -4.086779 -2.860719 3.052284 -0.262704 3.433706 -2.453853 -7.275339 0.109843 9.16083 -0.605587 6.576221 4.538237
4.16703 -17.73768 6.174503 2.51291 -2.004746 2.4789 2.022081 0.1493 4.240211 1.488118 -2.592201 2.319093 2.383025 0.36367 6.129627
2.16703 -17.73768 6.174503 -3.964052 -1.594149 0.617647 0.454056 -2.907598 -0.21428 -4.426454 -2.711711 6.966892 -1.522164 2.506973 2.017765
4.16703 -19.73768 6.174503 1.969975 1.593496 2.571348 4.705718 1.838568 7.716253 2.285101 -2.573139 -0.602134 2.994155 -0.1855 5.368914
2.16703 -19.73768 6.174503 -1.740797 -0.450847 -1.634887 2.384336 -4.443943 0.63448 0.957917 -2.810847 1.762817 -0.245276 2.581195 -1.902526
4.16703 -19.73768 8.174503 -2.417593 -0.683996 -0.161197 1.917926 0.297524 4.127308 -0.848251 -1.084343 2.161798 2.102413 -0.190783 5.068886
