-9.168106 -25.72948 5.901695 -0.913854 5.491599 1.172644 2.912022 2.907797 -2.723493 2.137255 5.681823 2.970386 2.803195 6.569291 -2.731721
8.831894 -27.72948 5.901695 -2.181448 9.783905 2.873019 -2.539951 6.127298 -2.140587 1.692246 16.99311 5.067124 0.120803 8.534093 1.240242
6.831894 -27.72948 5.901695 -1.833653 13.31949 3.234194 -1.982397 7.764489 -1.108606 1.026715 22.25563 5.886685 -0.49301 8.6639 2.655847
-9.168106 -27.72948 5.901695 -1.714833 3.412324 -3.068456 0.493133 4.653533 -4.844957 3.555396 4.963151 1.640813 2.324252 12.44269 -4.621535
-11.16811 -27.72948 5.901695 1.294066 3.978782 -1.392401 0.917829 3.993805 -4.652368 4.697585 6.607637 1.2407 1.81388 9.448102 -5.553998
8.831894 -29.72948 5.901695 -0.894158 10.62613 0.874504 0.505927 2.634704 -0.376646 -1.995043 18.78469 1.23559 2.975685 1.937186 2.290739
6.831894 -29.72948 5.901695 -1.231395 16.89645 2.062113 0.3086 5.100535 0.549741 -2.054342 26.11665 5.273011 1.657837 7.23527 3.109018
4.831894 -29.72948 5.901695 -0.814729 10.93884 1.847981 0.631031 4.380056 -1.408909 -1.18534 18.17165 5.652323 1.858064 8.871254 -0.865057
-9.168106 -29.72948 5.901695 -7.844797 7.073616 -7.873024 -0.277782 5.049093 -5.162775 1.123066 8.117318 -1.934673 -1.036424 11.9041 -5.993018
-11.16811 -29.72948 5.901695 -7.315683 9.129787 -5.327515 0.78502 4.387433 -3.591811 1.311965 11.66858 1.113389 0.457636 11.28517 -5.500756
2.831894 -31.72948 5.901695 -10.36643 8.727189 -4.277052 3.182891 3.771896 -2.027032 -3.647858 7.090292 -1.931932 4.119102 9.366508 -1.388591
-11.16811 -31.72948 5.901695 -8.019956 6.377777 -3.497504 0.828911 4.489235 -3.995664 -0.76838 11.51614 2.634234 -0.650073 11.36541 -2.897625
-9.168106 -25.72948 7.901695 -1.478656 -2.549426 3.03917 1.914719 0.555522 -0.40954 0.365567 -1.573392 3.849883 3.204517 2.004317 -1.686237
-11.16811 -25.72948 7.901695 1.021729 0.070225 3.292045 0.414802 2.070873 -0.173193 1.722739 2.024891 3.245876 1.334106 4.440274 -0.729455
-11.16811 -27.72948 7.901695 -1.297301 -2.777296 -3.217573 0.349654 1.965359 -3.553766 0.220473 -2.173769 -2.792589 1.582427 5.939994 -5.544187
8.831894 -29.72948 7.901695 -1.825867 13.88604 -2.684078 1.485296 -0.168862 1.694096 -4.735225 11.75186 -3.021977 2.635474 -1.982114 1.700208
6.831894 -29.72948 7.901695 -0.636101 12.88368 1.528417 -0.962739 1.546935 1.651801 -4.122783 12.97449 2.052468 0.246 1.138162 2.173254
4.831894 -29.72948 7.901695 1.356892 7.887982 4.763544 -2.992659 1.667201 -0.075867 -0.90453 7.800721 7.16112 -0.790768 4.916215 1.236629
-13.16811 -29.72948 7.901695 -3.404063 2.981675 0.908324 3.238301 1.365249 -0.991999 -1.567616 -0.902324 3.077873 4.247431 5.273663 0.397298
10.83189 -31.72948 7.901695 -3.533668 14.53658 2.885974 -1.171163 1.447201 -0.5722 -4.166086 12.00727 3.536078 0.685246 2.104721 -1.303458
8.831894 -31.72948 7.901695 -4.883189 14.42663 -3.517991 0.830955 -1.033789 1.634277 -5.631318 8.605667 -4.487501 2.837186 -2.326307 -0.031195
6.831894 -31.72948 7.901695 -2.072575 11.73895 -2.665776 -0.023869 1.482957 2.356704 -1.723477 3.626362 -3.797355 -0.30882 1.086117 2.708185
4.831894 -31.72948 7.901695 0.373234 9.731045 1.293442 -0.83725 3.679405 2.087878 0.693945 1.844593 1.881916 -0.590392 6.077644 3.425118
2.831894 -31.72948 7.901695 -8.06145 10.35531 -0.147968 2.636954 4.478668 -2.593907 -4.89668 3.738578 0.5665 3.806885 6.204099 -1.102173
-13.16811 -31.72948 7.901695 -1.424593 2.35536 3.783384 0.094423 5.004519 -1.488853 1.158882 -1.19443 4.859101 2.775711 8.68511 3.276595
6.831894 -33.72948 7.901695 -0.758469 7.203685 -2.896997 -2.121197 -1.509004 -1.739052 -3.253553 0.611726 -3.891196 -1.629957 -4.541414 -0.688551
4.831894 -33.72948 7.901695 5.205295 5.91619 4.99654 -1.219867 1.487619 -0.522661 2.31149 -0.807895 3.474111 0.217008 -1.105147 1.641789
2.831894 -33.72948 7.901695 -2.214844 4.318879 5.105519 2.193275 4.041054 -3.774573 -1.942732 -0.107419 3.894275 4.101964 0.77507 -2.074947
-13.16811 -33.72948 7.901695 -1.846499 2.538423 -2.088902 0.289798 3.336402 -1.909238 0.53878 -1.230455 -0.589767 1.479742 5.121801 1.771118
4.831894 -35.72948 7.901695 -0.060454 0.415621 -0.073936 -1.465117 -1.73334 -4.47344 -2.705353 -3.798873 -1.164739 -0.097255 -6.001682 -5.052147
-11.16811 -35.72948 7.901695 -0.892042 3.269935 -1.353314 1.212622 3.141151 -2.607689 0.365445 0.763512 -1.244582 0.377347 2.783025 -0.684692
-13.16811 -35.72948 7.901695 -0.272861 3.361923 -0.062428 3.135883 4.337148 -1.143827 0.805755 -0.183495 0.10178 2.372463 4.967847 0.703783
-13.16811 -37.72948 7.901695 3.710955 5.134194 5.376527 2.118706 4.514435 -1.191807 4.027719 4.70609 4.636224 2.122793 4.213627 -0.776353
-9.168106 -27.72948 9.901695 2.306812 6.301718 6.382112 0.705419 1.657412 -1.113569 2.409542 11.84959 7.36713 -1.110742 0.964435 0.02786
-11.16811 -27.72948 9.901695 2.579827 5.839759 3.817029 -2.012801 2.017676 -0.505579 2.295781 12.8245 2.671099 -3.998875 2.710377 -1.158809
-13.16811 -27.72948 9.901695 0.426899 0.654625 2.769051 0.640559 1.507654 0.087639 -0.124985 3.900738 1.03258 -1.106676 2.083249 -0.02672
-9.168106 -29.72948 9.901695 2.791786 6.2027 3.968527 -3.906074 2.330848 -1.510914 2.297194 11.44473 5.014301 -4.060805 1.792018 1.840939
-11.16811 -29.72948 9.901695 -0.182721 3.59182 0.820913 -2.909483 1.441179 -1.917676 0.167171 9.618519 2.629627 -3.569921 3.033635 0.481345
-13.16811 -29.72948 9.901695 -2.868492 1.405339 -0.92307 -0.465497 0.254104 -0.945463 -1.849719 4.965012 0.376228 -1.494267 1.172875 1.776306
10.83189 -31.72948 9.901695 -0.932739 4.852339 6.525152 -4.468463 3.402325 -1.275276 -2.13523 8.277712 7.180554 -3.945225 2.951039 2.00201
8.831894 -31.72948 9.901695 -1.463433 7.042945 3.93039 -4.996551 4.165411 0.213186 -1.992379 9.303219 3.685871 -3.155587 5.366681 2.857456
2.831894 -31.72948 9.901695 -1.075142 14.21115 1.643438 1.045654 4.870391 0.401023 0.309349 17.65591 1.904435 -0.531436 5.738111 3.550221
-7.168106 -31.72948 9.901695 -0.417285 10.18384 5.428544 -3.438024 3.036388 -0.863668 0.115836 12.75077 5.58775 -2.994482 3.670943 0.311421
-9.168106 -31.72948 9.901695 -1.899139 9.843349 4.132611 -2.146526 1.722807 0.163992 -2.224342 12.48909 5.502569 -3.148484 3.300556 0.951244
-11.16811 -31.72948 9.901695 -2.487247 4.101079 0.154981 -1.624702 1.130348 -1.287536 -2.549407 9.242543 1.372964 -1.474219 2.169801 2.692208
-13.16811 -31.72948 9.901695 -2.66643 -0.119268 -1.104408 -0.470647 0.936811 -1.797756 -1.832188 3.170944 -0.504188 0.131701 1.679671 3.743615
10.83189 -33.72948 9.901695 -1.651484 3.078151 5.552513 -2.297917 4.480073 -1.475363 -2.636073 2.420705 5.914499 0.291467 3.636186 -3.716344
8.831894 -33.72948 9.901695 0.382153 3.02583 4.2698 -2.703455 3.191167 -1.158949 -0.057761 1.247946 4.324234 1.012281 5.034187 -1.506858
6.831894 -33.72948 9.901695 2.612751 8.122368 3.179785 -3.711088 2.050262 -0.143511 0.572868 7.08504 2.305764 -2.541937 2.780233 1.903473
4.831894 -33.72948 9.901695 5.365432 12.49464 8.919586 -3.662502 2.478579 1.752618 2.355784 9.821964 6.690274 -3.590568 0.63112 3.821222
2.831894 -33.72948 9.901695 2.93361 14.23055 7.8336 0.36694 4.352705 0.942831 2.839195 13.14692 7.003004 -2.372751 1.231877 2.586175
-7.168106 -33.72948 9.901695 -4.338255 9.426674 5.647108 0.138277 4.572586 -2.001919 -3.06097 10.97822 5.566074 -2.216241 5.022309 -2.436016
-9.168106 -33.72948 9.901695 -2.987132 3.337441 5.719801 -0.138935 2.320948 -2.143097 -3.208165 5.045702 6.039655 -1.143676 2.61545 -0.662476
-11.16811 -33.72948 9.901695 -4.675366 -1.264274 -0.902256 -0.224999 -0.73175 -2.018202 -4.470871 1.799786 -0.845011 0.831646 -0.702086 1.855555
-13.16811 -33.72948 9.901695 -5.058294 0.825599 -5.348639 2.186197 -0.233777 -0.462862 -4.051904 1.831813 -5.227407 2.550928 -0.93366 2.680855
10.83189 -35.72948 9.901695 -3.910644 9.810798 2.572369 6.133422 4.908214 0.770841 -2.880163 5.361138 3.945192 9.179419 5.017278 -3.852081
8.831894 -35.72948 9.901695 -1.932111 2.608067 4.368392 4.612548 4.245409 -1.975799 -1.98529 -1.530097 5.369119 8.069288 4.651914 -5.094247
6.831894 -35.72948 9.901695 0.377516 5.267521 3.911901 0.938711 3.343855 -0.969835 -0.064693 3.318728 4.187348 3.407204 4.496483 -1.81141
4.831894 -35.72948 9.901695 1.931822 8.679461 6.964332 -1.175734 2.788388 0.229954 0.382775 3.923897 5.428646 0.795748 2.231134 0.328683
2.831894 -35.72948 9.901695 -2.006688 10.05411 7.594955 0.880527 3.396286 0.595958 -1.518163 8.019714 6.827845 3.293025 0.191041 6.210648
-9.168106 -35.72948 9.901695 -3.362124 0.560461 0.492556 1.773937 1.254503 -1.096529 -2.378054 2.50098 0.677948 1.742008 2.714445 0.561715
-11.16811 -35.72948 9.901695 -4.24028 -1.814405 -1.269986 1.769116 0.730795 -1.118558 -4.223417 -2.77635 -2.005568 1.618157 1.95698 0.329735
-13.16811 -35.72948 9.901695 -3.590559 -1.578967 -3.554265 4.003078 2.505046 -1.043135 -3.313783 -2.700169 -3.068545 3.876011 2.433428 -0.402612
4.831894 -37.72948 9.901695 1.50113 8.532681 10.39226 3.769835 6.481462 -0.346939 3.405563 4.968506 10.7347 6.479624 8.318146 -1.152204
-9.168106 -37.72948 9.901695 0.647298 1.27622 0.526463 0.026676 1.754291 -0.983669 1.016774 1.452122 0.761893 0.861759 2.953062 0.47139
-13.16811 -37.72948 9.901695 -0.954174 0.405879 0.331136 3.132742 3.753606 -2.082422 -0.267844 0.016221 0.429764 4.697257 3.899145 -4.368658
-7.168106 -31.72948 11.9017 2.104711 7.05446 7.043856 1.26419 1.05939 1.035299 2.454484 6.804613 7.623425 0.927232 0.848381 -1.954155
-9.168106 -31.72948 11.9017 -1.017004 7.366177 3.510865 2.991658 0.329289 1.303483 -0.983608 6.538694 4.330016 0.699449 0.230655 -2.855215
12.83189 -33.72948 11.9017 0.430922 3.626781 9.402701 -3.424436 1.672896 -0.023001 0.685291 7.948496 10.88739 -5.168996 2.740327 -0.54108
10.83189 -33.72948 11.9017 1.214002 3.117419 7.937302 -3.716527 5.022694 -0.535982 0.473146 8.013094 8.067187 -3.667051 4.110112 -0.254044
8.831894 -33.72948 11.9017 1.727336 -3.391185 1.238932 -2.504608 2.566819 -0.657153 1.782453 2.146472 0.913197 -0.964243 1.736125 -0.938513
0.831894 -33.72948 11.9017 -6.176696 13.37455 4.805493 2.393963 3.311334 -3.281742 -7.988498 12.0807 5.8122 -6.561786 1.041586 -2.566821
-7.168106 -33.72948 11.9017 0.052005 7.359339 8.208762 0.69031 0.846995 -0.119481 -0.882272 6.573305 7.411011 -0.658575 1.124335 -2.405896
-9.168106 -33.72948 11.9017 -4.557252 5.315363 2.963298 1.286421 0.041254 -0.525048 -4.688036 3.897875 2.251342 -2.408991 1.365886 -2.79958
12.83189 -35.72948 11.9017 -0.847558 4.332919 6.292912 -3.316052 3.42949 -0.733038 -1.778116 10.50844 7.496099 -2.070526 4.483175 0.797848
10.83189 -35.72948 11.9017 0.837846 12.21936 8.478627 0.888816 6.012024 0.59482 0.769264 16.67842 8.713575 0.349308 7.464879 0.466178
8.831894 -35.72948 11.9017 1.499635 5.721201 5.829003 1.324391 2.773937 -1.990804 1.550587 9.611771 6.675345 1.820333 5.355494 -0.01619
6.831894 -35.72948 11.9017 4.173185 3.73545 5.538169 -2.252264 -0.247065 -2.240119 2.536393 6.495817 5.660315 -1.743029 0.44305 0.093253
2.831894 -35.72948 11.9017 6.590761 13.62713 18.75024 -1.837179 6.061553 -0.702909 6.788839 11.46022 16.33471 -7.612586 0.230641 1.556011
-7.168106 -35.72948 11.9017 -4.551656 3.431856 2.904304 -2.395301 1.676339 -1.730702 -4.608585 7.877023 2.764576 -3.755239 3.408719 -1.136794
-9.168106 -35.72948 11.9017 -3.251542 -1.140238 4.924073 -3.659007 0.321573 -1.331018 -3.629402 3.735408 4.28989 -4.575122 2.32708 0.503348
-13.16811 -35.72948 11.9017 0.281321 0.958466 1.900657 1.898964 1.144457 -1.566993 1.422145 4.164555 3.464426 0.603732 3.14754 -1.112291
6.831894 -37.72948 11.9017 3.625217 8.054461 11.01074 0.385555 2.31136 -1.41196 2.170286 14.65368 10.14644 -1.662257 1.997942 2.549656
4.831894 -37.72948 11.9017 2.869361 5.49287 8.29405 -4.934484 0.735267 -2.84022 0.482203 8.783206 6.627402 -4.785242 0.432985 0.525263
-3.168106 -37.72948 11.9017 -5.280832 9.369107 -1.66948 1.385522 0.583139 -4.048295 -4.807742 13.15449 -0.047774 -0.832639 -1.923667 -4.91662
-5.168106 -37.72948 11.9017 0.128842 8.576982 2.241914 -0.114827 1.393773 -1.586051 1.097457 12.16863 3.3076 -2.154566 2.188304 -1.701828
-7.168106 -37.72948 11.9017 0.178433 5.646874 2.626031 0.078684 1.70287 -0.859305 1.028083 11.05543 3.606746 -0.457367 3.516785 0.125375
-9.168106 -37.72948 11.9017 0.513359 2.726951 4.130743 -0.429031 2.364859 -0.939151 0.762724 9.04676 4.973849 -0.514518 5.076192 1.324828
-11.16811 -37.72948 11.9017 2.245327 3.441699 3.332705 0.101 2.034433 -1.661013 3.136175 9.121811 4.273091 -1.013379 5.6146 -0.248759
-13.16811 -37.72948 11.9017 1.895614 4.74587 4.169568 1.949001 2.750533 -0.935662 2.920377 8.468019 6.025798 -0.001439 4.454294 -0.184758
-3.168106 -39.72948 11.9017 -16.75233 6.897857 -22.46169 5.190102 -3.82777 -7.491848 -13.62886 11.2817 -18.88319 1.408499 -10.77123 -11.32741
-5.168106 -39.72948 11.9017 -8.644336 8.191829 -12.94065 3.214928 -3.070978 -2.392677 -8.129178 14.24905 -11.23396 0.243481 -5.683271 -2.961269
-7.168106 -39.72948 11.9017 -0.660503 5.47642 -2.957039 1.748998 -2.277485 -1.679332 -2.459378 11.43127 -2.251382 1.781154 -2.6301 1.031794
-9.168106 -39.72948 11.9017 0.974835 7.486343 2.399541 -1.077222 2.238306 -1.911043 0.862488 14.26412 3.189064 0.152887 4.599747 1.491877
-11.16811 -39.72948 11.9017 1.356586 9.840783 2.276853 -1.905596 3.642228 -1.241994 3.155878 15.61304 3.435598 -3.735404 6.303078 0.779038
-13.16811 -39.72948 11.9017 -1.0115 5.547313 0.87059 -2.652917 2.696036 -1.213367 -0.328377 10.58668 2.505029 -4.855325 2.88868 2.026236
-7.168106 -41.72948 11.9017 -4.196012 9.074847 -6.817878 4.820385 -0.890522 -1.831435 -3.938753 14.96474 -5.453667 3.007771 -1.402676 -1.308
-9.168106 -31.72948 13.9017 -0.606404 7.246288 -0.658002 3.0977 0.73736 -0.703734 -0.415155 8.561952 -0.746321 1.215268 2.163129 -2.97138
-11.16811 -31.72948 13.9017 -3.540845 5.199623 -2.760734 1.768186 -0.270175 0.20231 -2.166501 7.872212 -1.437179 -0.578226 0.303482 -2.069892
-9.168106 -33.72948 13.9017 -6.655719 6.552465 -6.080128 2.996523 -1.206859 -0.967847 -5.953648 6.485486 -6.709083 0.114115 0.300856 -5.055753
-11.16811 -33.72948 13.9017 -10.4557 3.56257 -7.533873 5.059288 -1.880188 -0.167184 -7.208723 7.06364 -7.117656 2.007592 -1.671571 -3.667361
12.83189 -35.72948 13.9017 -1.227694 4.268047 2.567316 -0.175911 1.440554 0.328677 -0.896436 2.696586 3.298945 -0.044525 2.842417 -2.015151
10.83189 -35.72948 13.9017 3.164264 9.080812 3.038444 4.556139 1.98449 2.743062 1.875527 6.219063 3.129623 2.117665 3.686101 -0.044647
8.831894 -35.72948 13.9017 1.863208 5.41975 1.208946 5.521123 -0.029531 1.610798 0.450152 2.614154 2.33337 2.658593 2.861394 0.603329
-7.168106 -35.72948 13.9017 -4.668195 1.886543 -4.64765 2.713243 -0.181257 -1.284993 -5.890515 2.503582 -4.956218 1.56837 1.692452 -4.453293
-9.168106 -35.72948 13.9017 -4.089088 -0.18291 -4.848661 1.593894 -2.213225 -0.893647 -3.291373 3.282522 -4.786225 0.41496 0.072848 -3.546569
12.83189 -37.72948 13.9017 0.043553 3.857374 -0.861921 2.360701 0.527339 3.069686 0.692497 3.521709 0.380083 1.107859 1.648547 0.076009
10.83189 -37.72948 13.9017 1.44819 10.2258 3.809034 4.307561 2.355873 3.152004 1.23904 8.506182 6.408602 0.642995 5.02655 -0.017489
6.831894 -37.72948 13.9017 0.493991 8.640471 5.307152 1.693309 -0.004264 1.486995 1.283882 9.47305 7.574342 -3.610757 4.32236 1.064128
4.831894 -37.72948 13.9017 0.665639 5.383161 5.418633 -1.848083 -0.778182 -1.335583 -0.449708 5.421153 7.140577 -4.156829 1.392612 -2.534324
-1.168106 -37.72948 13.9017 -13.51291 2.154485 -2.852957 -0.161333 -3.105211 -6.128038 -15.56905 3.948415 0.079512 -1.030898 -1.973665 -8.022013
-3.168106 -37.72948 13.9017 -5.253216 6.148435 1.623587 -0.572352 0.143953 -4.363956 -5.799811 7.817327 3.91579 -2.723654 0.63915 -7.469977
-5.168106 -37.72948 13.9017 -0.956773 3.222059 2.72377 3.415906 0.621467 -1.311861 -0.202705 6.420803 3.251129 1.156032 3.346594 -4.667077
-7.168106 -37.72948 13.9017 -1.889349 2.359152 -0.312358 6.040881 1.221588 0.825663 -0.727499 6.123291 -0.369078 4.493453 4.579389 -2.334591
-1.168106 -39.72948 13.9017 -0.953754 6.105281 5.567886 1.65956 6.583898 -5.803148 0.025217 11.14134 4.551662 -0.148718 3.72246 -3.289395
-3.168106 -39.72948 13.9017 0.99094 4.605266 3.992017 1.259473 6.981652 -8.243262 3.461685 13.48582 5.147387 -1.71589 6.26377 -4.858637
-11.16811 -39.72948 13.9017 0.07483 -3.731586 2.501485 0.75188 1.534957 -2.971066 0.742438 -1.134787 3.620099 -0.362934 2.119031 -3.338557
-1.168106 -41.72948 13.9017 3.633583 7.794355 5.996781 1.084242 6.147079 -0.041321 3.955566 9.653399 6.172942 -2.566511 7.870764 -0.236293
-3.168106 -41.72948 13.9017 4.402322 4.914293 7.383722 4.378379 6.217893 -1.587753 6.797975 10.9929 9.154144 1.668375 9.331333 -0.452132
-5.168106 -41.72948 13.9017 3.901502 2.92554 4.575071 3.394203 2.88035 0.291424 6.786811 7.779288 6.488242 1.460949 6.719377 -1.211561
-7.168106 -41.72948 13.9017 3.786566 2.76729 6.138724 3.601946 2.791365 -0.987922 4.20327 2.404214 8.251222 1.226363 5.09775 -4.212452
-9.168106 -41.72948 13.9017 0.972245 3.184222 6.176089 4.186563 2.411 -2.112227 1.650846 -1.838564 8.887222 1.967708 5.091354 -7.496688
-11.16811 -41.72948 13.9017 -3.228707 2.994094 -0.16265 1.321769 -0.515301 -3.534761 -0.913699 -1.330492 2.273483 -1.856624 2.188047 -7.90672
-3.168106 -43.72948 13.9017 1.078775 17.23253 2.807467 3.976336 5.236662 3.250749 3.259054 26.29961 5.390418 0.111215 12.24341 3.086633
-5.168106 -43.72948 13.9017 4.597728 17.03502 7.247631 4.233806 7.550431 2.309192 9.610363 20.59624 8.663809 -0.633332 15.27042 -0.398561
-11.16811 -43.72948 13.9017 -4.125211 7.425781 -0.213898 1.948455 -0.108491 -2.36987 -1.067304 -0.286185 3.479844 -3.575131 2.670873 -8.225397
-11.16811 -31.72948 15.9017 -0.34862 1.973923 2.441753 -3.766977 0.91224 -2.883883 -0.766007 6.260382 3.651808 -3.181364 0.999413 -0.658523
-11.16811 -33.72948 15.9017 -9.634582 4.719277 -7.195615 -6.303895 -2.506189 -2.896057 -8.253981 12.62531 -4.210216 -6.491124 0.151092 -0.959276
-13.16811 -33.72948 15.9017 -4.58366 1.485137 -0.864276 -3.827577 -0.818657 -1.267258 -4.08003 7.56543 2.27438 -2.786392 1.948863 1.246591
10.83189 -35.72948 15.9017 1.022756 2.216796 -2.017808 1.767994 1.30907 2.41226 -0.031902 1.082258 -1.651512 -0.255629 2.002466 0.216314
-7.168106 -35.72948 15.9017 -6.570108 8.856199 -6.791787 -3.368589 -0.404282 -1.179133 -6.727812 11.49377 -6.281368 -4.867854 0.917461 -1.663799
-9.168106 -35.72948 15.9017 -7.828722 7.159112 -7.947878 -3.85546 -2.162793 -2.314954 -5.691166 13.35485 -4.689857 -4.890403 3.579756 -0.696642
-11.16811 -35.72948 15.9017 -7.104551 1.77688 -7.692718 -3.926181 -2.306739 -2.396435 -4.211914 9.364691 -4.065212 -4.715135 2.91839 -1.154171
12.83189 -37.72948 15.9017 4.287706 5.192896 0.12334 2.710832 2.126958 3.354597 4.101682 2.574321 1.245816 1.000897 3.619557 -1.233321
10.83189 -37.72948 15.9017 2.818749 7.934825 -0.929816 2.440659 1.803136 2.024918 1.390935 6.285342 0.730476 0.990934 3.248824 -2.511473
8.831894 -37.72948 15.9017 5.006137 2.949157 1.908587 -1.682964 3.020387 -0.282366 2.791166 2.974727 2.112624 -3.96104 3.039267 -1.834133
6.831894 -37.72948 15.9017 2.867188 2.562283 3.452 -3.616272 1.457661 -0.136255 2.064294 3.801111 3.773143 -7.369408 2.375009 -2.741436
4.831894 -37.72948 15.9017 -2.484618 0.420525 -1.852136 -0.656712 -2.031972 -1.736895 -3.509592 4.094013 -0.946187 -2.579723 -0.251446 -4.805604
2.831894 -37.72948 15.9017 1.982121 -1.146249 2.785147 -0.160735 -0.971729 -1.389005 -0.031982 4.55559 1.831407 0.18886 1.999735 -3.465917
-3.168106 -37.72948 15.9017 -12.39217 7.612301 -4.156079 -6.6101 -2.361183 -4.515028 -13.21522 11.82897 -3.637917 -9.711181 -2.543504 -6.994634
-5.168106 -37.72948 15.9017 -6.135074 6.206664 -1.391402 -3.025831 -1.686238 -1.883324 -8.182021 10.19691 -2.177896 -5.467744 -1.691595 -4.122837
-7.168106 -37.72948 15.9017 -5.816029 5.031446 -4.49188 0.202887 -0.780049 -1.038061 -7.693754 9.52256 -3.25273 -1.951806 1.475356 -1.627051
-9.168106 -37.72948 15.9017 -7.257974 2.05692 -5.959442 -1.008936 -0.805025 -2.742675 -6.701967 9.969958 -2.842841 -1.153932 3.163004 -0.013464
10.83189 -39.72948 15.9017 2.68615 6.121614 3.732509 5.725957 1.952139 -0.482092 1.065818 8.397632 4.795214 2.946683 1.218885 -9.356851
2.831894 -39.72948 15.9017 0.813178 3.232177 2.633216 4.907362 -0.290506 -1.411688 -1.117679 6.846708 2.625135 3.354868 0.59519 -4.208632
-1.168106 -39.72948 15.9017 -9.058916 6.512862 -3.471183 -2.910569 2.532939 -5.07024 -9.961665 10.28016 -4.682935 -7.044291 4.04414 -5.900889
-3.168106 -39.72948 15.9017 -18.97519 6.538842 -11.90255 -5.748861 -2.604418 -7.958933 -17.81355 14.38194 -11.53453 -9.56727 -0.535588 -9.201518
-5.168106 -39.72948 15.9017 -12.741 -1.092909 -7.786126 -1.977385 -3.644682 -2.829109 -12.96524 5.614212 -5.920449 -4.135773 -2.935645 -6.819561
-1.168106 -41.72948 15.9017 1.08328 5.631047 -1.148899 3.789171 4.159016 0.98925 1.881037 4.120628 -0.562174 0.358225 7.961877 -1.600853
-1.168106 -43.72948 15.9017 -1.291005 8.086284 -2.421129 4.507503 3.731583 -0.025475 0.514724 7.701056 -0.940348 1.183277 5.940558 -1.598643
-7.168106 -43.72948 15.9017 -4.173725 7.239074 -3.869186 3.724681 -1.439126 1.130754 -5.939036 0.933404 -4.255527 -2.074835 -4.277605 -5.774041
-9.168106 -43.72948 15.9017 -5.055052 8.265884 -2.98577 0.69504 -1.750613 -0.803258 -5.060239 1.408994 -1.38448 -3.340281 -0.194493 -6.53225
-13.16811 -33.72948 17.9017 -2.30016 0.384756 0.264098 -2.860866 -0.376003 -0.432569 -2.143862 2.681573 1.896595 -1.179467 1.924099 -1.738822
2.831894 -35.72948 17.9017 -12.73167 4.502257 -7.286945 -5.981554 -0.525498 -3.41767 -12.57955 11.36166 -5.040132 -3.770437 6.100253 -3.883019
-9.168106 -35.72948 17.9017 0.14798 1.836707 -0.192176 -2.140613 1.047991 -3.102612 2.051644 1.692299 2.017982 -4.244335 7.886598 -5.145179
-11.16811 -35.72948 17.9017 1.585557 -2.792176 -0.945868 -3.943297 -0.692124 -3.946218 2.449825 -2.92463 0.249785 -4.654512 3.075912 -6.457209
-13.16811 -35.72948 17.9017 0.038719 -5.733467 -0.60289 -2.762092 -0.721398 -3.826918 1.476575 -3.917503 -0.677477 -2.28883 1.814126 -4.287815
10.83189 -37.72948 17.9017 7.727779 1.330981 4.824649 -0.753617 3.075546 0.11128 5.911102 3.13999 6.434698 -0.670203 4.734814 -2.344364
8.831894 -37.72948 17.9017 9.033376 2.821121 6.892026 -3.077456 5.281747 -0.343011 6.231722 5.11476 7.045857 -4.792021 3.497234 -0.935593
2.831894 -37.72948 17.9017 1.516379 -0.611475 2.542577 -3.379194 0.910886 -2.737511 -0.150579 5.816902 2.203838 -3.883426 4.524383 -2.844333
0.831894 -37.72948 17.9017 1.725338 -4.313961 0.449795 -6.531602 3.112137 -5.728021 1.447371 3.201328 0.668484 -7.369767 8.442846 -7.416688
-5.168106 -37.72948 17.9017 1.156985 -1.454328 3.098171 -5.384755 0.727919 -2.802729 1.05694 1.653696 4.166531 -7.06282 5.266994 -4.119232
-7.168106 -37.72948 17.9017 -2.363397 -3.663243 -1.605949 -5.487745 -0.431487 -5.034259 -2.896484 -1.345608 2.1542 -6.835013 5.097255 -5.464173
-9.168106 -37.72948 17.9017 -5.583279 -5.997332 -3.26282 -3.220687 -0.738463 -6.297935 -4.599722 -4.144837 1.243285 -3.38713 5.829463 -6.738095
-11.16811 -37.72948 17.9017 -4.594874 -10.84089 -4.229236 -1.907483 -0.296099 -7.31255 -3.108768 -6.428103 -1.343512 -1.220597 5.619236 -7.677943
-13.16811 -37.72948 17.9017 -2.589188 -8.472842 -1.163052 -1.985671 -0.237622 -6.024582 -1.672101 -2.451877 0.588292 -2.981798 4.108392 -5.092901
10.83189 -39.72948 17.9017 8.244802 7.119788 9.535344 3.924278 4.627248 0.376318 5.019854 5.666074 8.338985 -0.245097 2.557032 -9.759295
6.831894 -39.72948 17.9017 11.14134 5.439797 11.81577 0.077846 4.419635 2.276375 6.927599 5.10083 8.958488 -4.853074 0.458194 -0.407947
4.831894 -39.72948 17.9017 6.015984 0.717911 7.499372 -2.450536 3.636301 0.354011 3.404077 1.982129 7.039834 -3.196826 5.331068 -1.737423
2.831894 -39.72948 17.9017 3.094641 -1.949573 3.873091 -0.864154 2.43903 -3.281628 0.806421 1.660338 3.559481 -0.861246 3.80711 -4.459292
-3.168106 -39.72948 17.9017 -15.67421 2.533151 -13.82154 -8.618755 -6.561645 -9.526175 -15.6555 8.717252 -10.27832 -12.65234 0.429356 -8.7443
-5.168106 -39.72948 17.9017 -10.9718 1.770815 -10.62406 -5.213186 -4.063787 -3.478397 -9.063542 6.288761 -5.363903 -9.150329 5.029824 -5.902543
-7.168106 -39.72948 17.9017 -5.347308 2.283327 -4.320832 -0.672275 -1.043234 -1.392988 -5.382384 4.588819 1.031003 -5.130669 4.562181 -4.556246
-11.16811 -39.72948 17.9017 1.587208 -1.973864 0.573028 0.326669 -0.67501 -4.637076 0.381691 0.592891 2.701551 -1.357381 2.217706 -6.506329
10.83189 -41.72948 17.9017 9.14219 7.806602 7.084681 4.900178 5.768073 1.976804 6.407415 3.236084 4.186073 -1.206439 2.964025 -7.882001
-1.168106 -41.72948 17.9017 -6.777003 1.076122 -4.843688 -0.255672 0.071944 -2.447259 -5.124008 0.109944 -4.437734 -1.991086 2.898866 -3.967079
-3.168106 -41.72948 17.9017 -10.61656 3.859962 -7.981804 0.545076 -1.398408 -2.044291 -7.793447 5.822166 -7.051617 -3.611682 2.282044 -5.170194
-5.168106 -41.72948 17.9017 -8.049319 6.035093 -9.690963 1.310087 -1.505795 0.781995 -6.637022 6.292728 -8.262435 -5.519188 1.810867 -5.270332
4.831894 -35.72948 19.9017 -5.793835 5.648739 -4.869503 -0.646928 -0.118326 -1.672657 -3.852744 12.40089 -4.085769 -2.266736 1.041073 -0.991579
2.831894 -35.72948 19.9017 -4.777948 4.190367 1.775091 -1.622148 1.526129 -0.789379 -3.141711 10.63115 1.779329 -1.362436 6.128255 -0.737093
4.831894 -37.72948 19.9017 -3.962034 3.783459 -5.536577 -0.843948 -2.228665 -1.247785 -4.738199 6.981052 -4.954457 -3.249686 -2.766562 -3.207292
2.831894 -37.72948 19.9017 -0.03937 1.972362 0.717823 -1.092032 -0.621065 -1.928405 -0.93614 7.367253 0.030055 -1.481652 -0.270704 -3.759209
0.831894 -37.72948 19.9017 -1.716736 -0.481717 -1.057167 -1.50702 1.713082 -6.021101 -1.799249 6.312462 -0.599108 -3.57444 4.379138 -7.675683
10.83189 -39.72948 19.9017 8.258829 2.094491 3.908577 6.496765 3.513426 1.651946 4.847372 -0.723123 2.629303 2.834097 0.780246 -9.003758
8.831894 -39.72948 19.9017 10.65435 6.156339 5.671559 7.321594 3.550016 2.854745 6.079321 1.853783 4.659327 1.787609 -2.357006 -6.156256
6.831894 -39.72948 19.9017 6.702072 4.160445 6.625737 3.438249 1.710574 2.455514 2.974043 0.814201 5.503311 -0.043713 -3.688013 -1.715631
4.831894 -39.72948 19.9017 0.161028 -0.376911 -0.388539 -1.33264 -0.4053 -1.346792 -1.6399 -0.886335 0.066604 -1.995516 -1.555558 -3.411619
2.831894 -39.72948 19.9017 0.423681 -3.296035 -0.826329 -1.00342 -0.992471 -4.830426 -0.001144 1.027839 -1.058301 -1.169514 -1.239961 -6.303974
10.83189 -41.72948 19.9017 8.295102 1.652579 1.425779 5.534542 4.57075 0.091536 5.75886 -3.630141 -1.33807 0.866887 0.981386 -8.292717
0.831894 -37.72948 21.9017 -1.641291 -2.239948 -0.680554 -2.74891 2.056302 -6.618266 -1.588083 8.775572 0.116471 -5.014284 1.449722 -4.21952
8.831894 -39.72948 21.9017 6.309008 2.40676 0.624019 3.340961 5.623138 1.631864 5.352176 7.276054 1.986705 1.928552 4.972854 -1.333844
6.831894 -39.72948 21.9017 1.177491 1.677654 -1.521156 2.466059 2.940174 2.337685 0.373846 5.576281 -0.126916 0.523213 0.749977 1.754029
4.831894 -39.72948 21.9017 -2.81102 0.22185 -1.662192 -0.161029 0.208439 -0.588992 -1.84311 2.914969 -0.893857 -2.065495 -0.396363 -1.233333
2.831894 -39.72948 21.9017 1.418203 -2.375326 3.260444 -1.817214 1.143213 -4.581982 2.493949 3.831928 2.105183 -3.121843 0.439672 -5.439692
10.83189 -41.72948 21.9017 3.193567 0.211904 4.129919 1.492852 2.885733 -0.331907 3.257334 -0.858938 5.126524 0.882464 4.083076 -4.753716
8.831894 -41.72948 21.9017 11.43622 2.065979 6.065391 4.612128 6.283503 1.306074 12.54362 1.952921 6.765397 4.42377 4.652923 -4.098432
6.831894 -41.72948 21.9017 8.445324 0.648277 6.009508 3.032701 7.27712 2.284125 10.30415 1.575884 6.758893 2.921139 5.471257 -0.528852
4.831894 -41.72948 21.9017 0.831145 -0.688925 3.145177 -2.272871 3.034592 -0.685429 2.734802 1.084315 3.358686 -2.369241 3.884701 -2.665889
4.831894 -37.72948 23.9017 1.108421 -2.422717 6.437904 1.16042 4.178468 0.017552 -0.587067 -2.857003 4.755708 1.980214 -1.0037 -1.6539
2.831894 -37.72948 23.9017 4.070904 -3.836884 9.551067 0.491546 6.850147 -4.225543 4.019968 0.398278 7.636978 0.34085 4.677817 -2.489623
2.831894 -39.72948 23.9017 1.451892 -6.326983 6.311411 0.409004 6.40939 -2.512712 2.248709 -2.796657 4.641251 -0.363484 3.984377 -2.507192
8.831894 -41.72948 23.9017 -0.808346 -2.367948 -1.440182 0.940582 0.769724 -0.452641 0.011591 -1.726754 -0.056735 0.233571 -4.21514 -2.883633
6.831894 -41.72948 23.9017 -1.849871 -1.259062 -0.264973 2.374332 1.135206 1.631991 -1.261348 -0.658906 0.342015 0.814234 -2.038908 0.37147
4.831894 -41.72948 23.9017 -1.56588 -3.587656 3.010966 0.525266 3.157733 1.198559 -0.625248 -2.138984 2.925911 -0.936022 2.789152 0.743498
2.831894 -41.72948 23.9017 3.568624 -4.573493 5.9132 -0.520096 6.804521 0.316345 5.259543 -1.372957 5.121531 -2.395841 5.221627 -0.639132
4.831894 -37.72948 25.9017 -0.817186 5.479802 4.383207 2.27929 4.118999 2.144135 -4.10778 5.956034 1.839382 0.806318 0.399369 3.818427
4.831894 -39.72948 25.9017 0.969015 -0.126017 6.376099 2.385289 3.07865 2.723179 -0.427985 -0.776292 3.752083 0.054907 1.053908 5.576948
2.831894 -39.72948 25.9017 -4.418685 -7.394371 5.358749 1.28063 6.136706 -1.160585 -6.382658 -8.742959 1.533482 -0.688019 2.344747 1.581698
2.831894 -41.72948 25.9017 4.679098 -9.549327 10.45203 -0.739952 7.567266 -0.124426 4.411822 -9.876939 7.598877 -1.308724 5.545506 2.285053
