12.36946 -20.86221 -6.962013 -2.257595 2.111524 -0.079831 1.357354 0.378971 0.117844 -0.817183 -2.127803 -1.083475 -3.039208 -0.106136 -1.403403
10.36946 -20.86221 -6.962013 0.591494 2.197097 1.282392 1.523388 0.463615 -0.187181 0.673425 1.01564 -2.517161 -1.316716 -0.495838 0.980289
-7.630539 -20.86221 -6.962013 1.287435 -2.030587 3.255042 -2.40564 0.384236 -2.017004 0.838674 -3.901666 -3.488251 -3.561785 -1.728895 -5.000835
-9.630539 -20.86221 -6.962013 -0.086267 1.038305 2.615313 1.649439 1.23377 -0.611237 0.853359 -3.753776 -1.700416 -0.87366 -0.599244 -2.360589
10.36946 -22.86221 -6.962013 -1.05984 0.023677 4.064823 3.107296 -2.453888 -1.8879 2.944165 -2.69591 -2.758452 -3.155147 -4.484317 -2.346765
-5.630539 -22.86221 -6.962013 0.102448 -2.035722 -0.859361 -2.56345 -2.056728 0.103056 -2.229077 -6.684039 -2.941569 -3.3451 -1.763005 -4.614223
-7.630539 -22.86221 -6.962013 0.988381 -1.038038 1.191025 -3.550619 -2.526613 -1.336977 -0.219944 -7.32648 -3.603004 -4.419602 -2.083713 -6.714746
-7.630539 -24.86221 -6.962013 0.895023 2.424063 -0.43194 -2.21846 -1.513472 1.876515 0.219795 -2.477643 -2.381644 -1.770669 -1.657367 -5.482429
-7.630539 -18.86221 -4.962013 1.264444 -1.201553 3.622329 -3.293957 0.519867 0.153725 2.282456 1.14455 -0.572795 -1.17433 2.843872 0.909557
-9.630539 -18.86221 -4.962013 -0.016625 0.171975 4.002076 -1.002394 0.813717 0.376144 2.991588 0.922221 0.174039 0.031875 2.809554 0.891545
12.36946 -20.86221 -4.962013 -3.246451 0.806319 -2.718034 1.93582 1.26396 1.442866 -0.745373 -0.581042 -0.312915 -3.486682 -1.684079 0.974186
10.36946 -20.86221 -4.962013 -2.252192 3.461611 -2.645853 3.838309 -0.035686 1.555665 0.284392 2.460282 -1.941033 -2.270634 0.47039 2.487007
-9.630539 -20.86221 -4.962013 -2.244037 0.564682 0.463155 2.111255 -1.218351 2.48737 1.48467 1.174314 -1.953263 -0.165536 -0.51822 0.269659
12.36946 -22.86221 -4.962013 -3.617425 0.75937 -1.983866 4.854925 0.019299 1.183935 -0.713493 -4.63619 -1.908954 -3.092518 -3.913015 -0.302948
10.36946 -22.86221 -4.962013 -4.078569 0.535118 -2.192503 4.842817 -2.236756 1.863041 1.862367 -2.945649 -1.972482 -2.487651 -1.391851 -0.372117
-5.630539 -22.86221 -4.962013 1.026778 1.730455 0.454734 -4.361111 -0.235276 -1.62937 -1.706368 -4.431693 -0.547023 -0.495152 -0.652989 -2.63096
-9.630539 -22.86221 -4.962013 -1.105205 0.623113 2.682236 1.507588 -1.796295 -0.000759 -0.69236 0.799095 -2.966353 0.505937 -1.276248 -1.144825
14.36946 -24.86221 -4.962013 -0.296109 -0.560952 0.796306 2.354206 0.922797 1.332118 -1.407663 -1.316301 -2.533668 1.113435 -2.403698 1.527201
12.36946 -24.86221 -4.962013 -2.106625 -0.099959 1.459607 2.739187 0.15194 2.217345 -1.216469 -5.053932 -2.696981 -2.937675 -4.218045 -1.424454
10.36946 -24.86221 -4.962013 -3.586695 -1.05155 -1.668292 1.637592 -1.45769 0.229314 1.834594 -2.949754 -1.94878 -1.074954 -2.254066 -1.996221
-7.630539 -24.86221 -4.962013 3.529085 0.88849 0.439582 -1.694794 -0.049527 1.071842 -0.500903 -2.583457 -1.987056 -1.468651 -1.141439 -2.869676
-9.630539 -24.86221 -4.962013 1.7914 0.594935 3.554453 -0.802422 0.565363 3.734004 -0.593756 -0.627372 -1.362255 -1.049579 1.603505 -1.95605
14.36946 -26.86221 -4.962013 0.941164 -0.064375 3.079426 -1.814973 0.536696 1.064095 0.330131 -1.170902 -1.958949 -1.00668 -0.620022 0.09892
12.36946 -26.86221 -4.962013 -0.157842 0.924831 2.796296 1.598809 0.381377 2.197437 -2.536529 -4.413703 -1.478563 -2.603997 -3.925198 -2.321672
14.36946 -28.86221 -4.962013 1.954282 0.455122 4.384271 -1.693712 0.94485 0.476011 3.314811 -2.031929 0.432323 -1.16759 0.724623 -1.153251
-7.630539 -20.86221 -2.962013 0.951765 -1.462855 -0.82406 -0.378339 -2.012625 0.566594 1.356733 -0.386298 -1.235945 1.105563 0.255867 -0.900211
-9.630539 -20.86221 -2.962013 -1.309563 0.832031 -3.30909 1.043673 -3.778663 3.602133 1.778656 0.279394 -0.935629 -0.306329 -0.153187 1.742835
12.36946 -22.86221 -2.962013 -5.093291 -0.06471 -6.17006 0.780152 -1.469857 1.119398 -2.269186 -1.058416 -3.046546 -1.533335 -2.28046 0.179401
-5.630539 -22.86221 -2.962013 1.746131 1.979762 2.24296 -2.49058 0.502377 0.401975 -3.549981 -0.314632 -0.687805 0.502048 0.083049 -0.54906
-7.630539 -22.86221 -2.962013 1.193651 1.244692 0.025806 0.144013 -0.878272 0.179351 -2.735463 0.813603 -0.980479 1.491793 -0.354932 0.310028
-9.630539 -22.86221 -2.962013 -1.89307 0.797549 0.022332 1.722749 -2.656769 -0.534726 -0.782622 1.304589 -2.918295 -0.316025 -0.581186 -0.196744
14.36946 -24.86221 -2.962013 -2.122521 0.706434 -3.693137 1.478475 -2.530126 1.807216 0.213698 0.483313 -2.142584 0.499827 -2.201609 1.003213
12.36946 -24.86221 -2.962013 -4.904107 -0.976961 -1.837343 -0.768199 -0.475546 2.962355 -2.095161 0.493549 -2.886808 -2.10465 -1.19009 0.441489
10.36946 -24.86221 -2.962013 -4.968313 -3.392745 -2.871943 -2.075084 -1.913429 1.159818 -0.662258 -1.124506 -1.946059 1.232421 1.277409 -1.006238
8.369461 -24.86221 -2.962013 -1.019019 -0.291134 4.399936 -2.725749 -1.724786 4.561181 1.237716 -0.823465 -0.291997 2.906883 1.132445 2.113598
-5.630539 -24.86221 -2.962013 1.854449 -0.225329 -0.596831 0.04161 -0.092379 2.866795 -0.170034 -1.49454 -0.516116 -0.375587 -1.134211 0.477775
-7.630539 -24.86221 -2.962013 0.252246 0.251023 -0.695996 0.579665 -1.197807 2.541758 -1.784123 0.624406 -1.515384 -0.513117 -1.546411 -0.874648
-9.630539 -24.86221 -2.962013 -1.676857 -1.00489 -0.512684 -0.8149 -2.907492 1.760177 -0.462557 -1.161108 -2.617239 -3.408652 -0.410265 -3.017386
14.36946 -26.86221 -2.962013 -1.821519 1.693508 2.149137 -0.711132 -0.934107 0.771899 2.521702 -0.134088 -0.676151 -2.195062 -0.936122 1.98934
12.36946 -26.86221 -2.962013 -4.460924 0.095951 -0.175668 -0.999139 0.929967 2.101438 -1.60599 0.280771 -0.654316 -1.886149 -1.063815 0.72034
10.36946 -26.86221 -2.962013 -3.929901 -1.328376 -2.688651 -2.922094 -2.711725 -1.099041 -1.275934 1.947129 -1.659651 1.219326 -0.485412 -0.413146
-3.630539 -26.86221 -2.962013 -0.044215 -1.922532 -1.753948 -2.440543 -1.496345 1.857864 -0.642354 -2.103437 -2.115108 -6.183299 -3.436017 -3.78408
-7.630539 -26.86221 -2.962013 0.134912 0.043769 0.007168 1.129994 -2.053819 3.48858 -2.989424 -0.907094 -4.062297 -4.140591 -2.274242 -3.326873
-9.630539 -26.86221 -2.962013 -0.393635 -0.908889 -0.777264 0.607189 -1.579483 3.422464 -2.427112 -2.33623 -2.348242 -5.974099 -1.080849 -5.770958
14.36946 -28.86221 -2.962013 0.305464 1.824279 3.679787 -0.959463 2.316494 -2.314326 3.442494 -0.28558 2.34805 -2.363344 2.763294 1.052923
12.36946 -28.86221 -2.962013 -1.792189 1.730203 0.667247 -0.254286 2.798204 0.153804 -0.248613 -0.594573 2.581076 0.148759 1.13381 0.440799
10.36946 -28.86221 -2.962013 -1.773157 -0.844477 -2.155763 -1.802167 -1.934615 -0.82558 -1.986252 1.615329 -0.063268 -1.008081 -1.115125 -1.829375
8.369461 -28.86221 -2.962013 1.055842 -1.951325 -0.771655 -3.052086 -3.682146 0.086745 -1.291272 1.457129 -1.865317 -0.517151 -1.330243 -4.57393
-9.630539 -28.86221 -2.962013 -1.089036 -1.322954 -2.665387 -3.17874 -3.511818 0.185723 -4.586751 -3.695683 -3.577386 -5.082838 -3.710172 -5.612166
-9.630539 -22.86221 -0.962013 -2.772676 3.057196 -4.048947 0.168507 -0.729815 -0.33451 1.34622 0.828239 -3.613312 1.155644 0.927056 -1.66079
-5.630539 -24.86221 -0.962013 -1.410602 -0.047528 -0.486202 0.02251 -0.894819 2.100873 -3.291923 2.364233 -1.313655 0.914905 -1.661887 2.076654
-7.630539 -24.86221 -0.962013 -0.569281 0.008687 -1.957401 -1.756297 -2.304583 1.942127 -1.437544 2.538015 -3.006467 -0.774764 0.022527 0.642224
-9.630539 -24.86221 -0.962013 0.288391 1.774645 -1.444178 -1.432227 -1.057549 2.283725 0.204786 -0.946115 -3.549539 -1.069654 2.149669 -0.12918
-11.63054 -24.86221 -0.962013 1.915871 1.693313 1.956413 1.251687 0.446379 3.185122 0.736075 -2.340034 -2.422356 -0.161614 3.268037 1.478072
-3.630539 -26.86221 -0.962013 -1.061246 -1.084643 -1.628891 0.61857 -1.097881 0.231761 0.09018 1.425045 0.91491 -0.321238 -1.538072 0.603938
-5.630539 -26.86221 -0.962013 -2.811845 1.100336 -1.649381 0.274975 -1.742364 4.201345 -0.935239 2.388642 -0.999998 0.22156 -1.587458 3.819158
-7.630539 -26.86221 -0.962013 -1.367392 0.923448 -4.091801 1.366888 -3.083431 4.774537 -2.86219 2.660257 -4.64649 -1.784477 -0.916178 2.30972
-9.630539 -26.86221 -0.962013 1.86201 -0.233769 -2.737504 0.62403 -0.033627 1.840385 -0.797046 -2.294432 -2.283091 -3.796638 0.710874 -2.149182
-11.63054 -26.86221 -0.962013 0.779708 -0.63544 1.239138 2.225782 2.084253 0.37687 0.392414 -1.69784 -1.44773 -1.297034 1.55341 -1.719828
14.36946 -28.86221 -0.962013 0.147099 0.87792 4.646855 -0.728072 1.506778 -2.015477 4.007185 -0.750209 1.453666 -1.753184 1.349452 -0.272352
12.36946 -28.86221 -0.962013 -1.089175 0.542026 0.02816 -0.510935 2.713253 0.151327 0.210812 -0.934085 -0.523076 -0.312747 0.372305 -0.606347
10.36946 -28.86221 -0.962013 0.228636 -2.667207 0.581888 -1.686023 1.82047 -0.467372 -0.078781 -0.415675 0.469357 0.938517 0.876497 0.413482
-9.630539 -28.86221 -0.962013 -1.554048 0.214201 -2.028699 -0.364691 -3.610004 0.263451 -3.748461 -4.056903 -5.090892 -3.894386 -2.653573 -2.460991
14.36946 -30.86221 -0.962013 1.444852 -0.90955 2.66671 -0.637124 3.158499 -4.086906 3.323686 0.118719 0.273673 1.363061 2.846463 0.65437
-9.630539 -24.86221 1.037987 2.368141 0.365118 3.676996 1.646651 0.161607 0.737971 0.519035 0.993215 -1.000044 1.445043 2.622816 0.652129
-11.63054 -24.86221 1.037987 0.524433 -0.201776 3.993463 0.427456 2.322913 1.030402 2.011446 -0.303412 -0.471822 0.559352 2.049539 0.883894
12.36946 -26.86221 1.037987 1.165789 0.485224 -0.000695 -1.4862 -1.925034 1.320513 1.36997 -1.387735 -1.877074 -1.949846 -0.592754 -3.516298
10.36946 -26.86221 1.037987 2.848738 -1.359758 4.021586 -0.555944 -1.009635 1.418233 2.904288 -0.127153 0.300538 -0.558918 -1.161469 -1.811701
8.369461 -26.86221 1.037987 2.042993 -2.162721 2.679682 2.73531 -0.738955 2.81893 2.530112 -0.814852 -1.657554 1.50642 -0.035395 -1.159335
-7.630539 -26.86221 1.037987 -2.016103 -0.803921 -0.961375 -0.509603 -2.216413 -0.134044 -2.777763 1.744629 -1.65017 -1.038119 -0.618466 0.781342
-9.630539 -26.86221 1.037987 1.866184 -1.0666 1.528205 -1.471146 1.254369 -0.52421 0.273857 -0.884113 -0.102737 -1.405253 0.745434 -0.963518
-11.63054 -26.86221 1.037987 -0.562154 -1.258831 3.215805 -2.61001 3.245373 -0.010018 1.004873 -1.472865 -0.889961 -2.704564 1.083533 -1.823675
14.36946 -28.86221 1.037987 -1.792036 -0.745472 0.353517 -2.706536 -1.491898 -0.553182 0.131544 -2.282357 -1.764167 0.572698 -0.704166 -1.851885
12.36946 -28.86221 1.037987 -2.422382 -0.121044 -1.647824 -2.881398 -1.198717 0.720792 -1.907722 -2.856393 -3.013649 -1.970253 -2.247872 -2.594414
-3.630539 -28.86221 1.037987 -1.381725 -4.297074 0.157704 -4.177303 -2.585349 -0.852074 1.679712 -0.641305 -0.846392 -1.488501 -0.117528 -1.874338
-5.630539 -28.86221 1.037987 -3.427183 -1.492014 0.061902 -3.076748 -2.254307 -0.511725 -1.417139 0.998709 -2.356363 -0.125075 -3.767332 -0.343803
-9.630539 -28.86221 1.037987 -1.332229 -0.381922 0.992589 -2.854516 -1.166684 -0.385194 -1.380274 -1.878836 -1.736251 -2.664508 -1.308001 -0.642297
-11.63054 -28.86221 1.037987 -0.755366 0.114717 5.482702 -2.115535 2.744196 -0.259822 0.671468 -4.03577 -0.590649 -2.88462 -0.070281 -0.543506
14.36946 -30.86221 1.037987 -1.659455 -1.438125 -0.474813 -1.573127 -0.034806 -1.564253 -0.574205 -0.241297 -1.960366 2.41291 -1.068828 1.958319
12.36946 -30.86221 1.037987 -2.686188 0.358156 2.184884 0.393596 0.354722 0.679759 -0.300849 -2.688503 -2.289488 0.930648 0.354679 0.025023
12.36946 -24.86221 3.037987 2.375636 0.755337 0.321076 1.009007 0.890601 1.466148 0.18893 -1.768084 -1.538511 -1.915056 2.219667 -0.216139
10.36946 -24.86221 3.037987 2.316576 1.052225 2.639342 2.966515 1.91782 -0.950002 1.426335 0.307378 -0.21248 -0.979967 1.694859 -0.541961
12.36946 -26.86221 3.037987 1.842774 0.542036 -1.061469 -4.308453 0.472223 0.066879 -0.048264 -2.226553 -0.974223 -3.188493 0.902827 -1.420529
8.369461 -26.86221 3.037987 -0.634592 0.121402 -1.003414 3.97415 0.258783 2.264637 -0.300845 0.233259 -1.758731 0.466358 -0.426248 -1.820775
-7.630539 -26.86221 3.037987 -0.036447 -2.324228 0.352177 -1.47591 -0.649739 -1.963416 -1.865689 0.784662 0.172788 -1.463944 0.943915 -0.61243
-9.630539 -26.86221 3.037987 -0.766432 -1.159359 0.82985 -2.611723 -1.050567 -0.653086 -0.556342 0.493478 1.148424 -0.620653 -0.98052 -2.35044
-11.63054 -26.86221 3.037987 -0.943864 -1.033469 1.106901 -4.322624 1.383978 -0.370543 0.898668 0.186916 -0.316918 -1.293461 -1.043496 -1.282446
12.36946 -28.86221 3.037987 -0.914516 -2.06216 -2.999227 -4.56149 -1.582664 -0.099904 -3.348808 -1.676715 -1.603929 -4.361877 -2.767346 -2.783696
10.36946 -28.86221 3.037987 1.52264 -0.50385 1.452292 -0.891202 -0.382005 1.805007 -0.812303 -2.328689 -1.586465 -3.609083 1.504344 -4.209739
6.369461 -28.86221 3.037987 -0.047699 -1.336755 -3.430068 -5.1302 -0.806159 2.28146 1.476767 0.023569 -0.413002 -1.480654 -0.305477 -0.235599
-5.630539 -28.86221 3.037987 0.89917 -0.630353 2.02021 0.196084 -0.344536 0.981919 1.519995 1.058998 0.302465 2.740597 -0.172793 0.218378
-7.630539 -28.86221 3.037987 -0.293924 -0.698423 0.226617 -0.168282 -2.216604 0.383023 0.802079 1.930329 -1.135516 1.302431 0.440703 0.258063
-11.63054 -28.86221 3.037987 -1.106541 -2.63373 1.755982 -3.31395 0.415077 -0.700295 0.245534 -3.118777 -0.227216 -1.627078 0.208105 -1.328163
12.36946 -30.86221 3.037987 -1.617557 -1.873578 -1.264296 -1.443758 -1.052021 -1.330674 -2.721367 -0.781243 -1.269462 -3.202225 -1.990127 -2.170836
10.36946 -30.86221 3.037987 -0.574729 -2.059164 0.5124 -1.225085 0.765904 -1.719449 -0.28469 -2.52902 -3.229866 -3.847155 1.469822 -6.759256
8.369461 -30.86221 3.037987 -1.086257 -1.17797 -2.093274 -3.991148 -0.924782 -0.815749 1.97964 -2.269049 -2.274301 -3.322938 2.038411 -5.095687
-3.630539 -30.86221 3.037987 -2.264202 -0.526877 0.5899 -3.622401 -2.732813 0.818315 2.205111 -0.837215 -1.72965 -0.313827 0.02008 0.50495
-5.630539 -30.86221 3.037987 0.213237 -0.344782 2.56726 -1.484326 -0.028317 1.13141 3.406627 1.261324 -1.269015 1.576258 1.17351 0.506722
-9.630539 -30.86221 3.037987 0.466936 -0.389792 -1.713778 -3.860888 -0.207926 -2.145026 0.11019 -1.34522 -1.545509 -3.884112 0.682721 -2.213872
10.36946 -32.86221 3.037987 2.918345 -1.76183 4.527515 3.139211 5.95269 -1.346 3.084464 -2.597472 -1.765592 -3.583978 1.175182 -7.133859
12.36946 -26.86221 5.037987 -1.553738 0.110738 -3.280374 -2.722719 -2.900486 0.041179 -0.779914 -3.419414 -1.433693 -1.557845 -2.913719 1.225944
10.36946 -26.86221 5.037987 1.128897 -0.315312 2.108781 0.261404 -1.349201 -0.358168 1.086931 -0.500602 0.121528 -3.232483 0.578585 -2.468396
8.369461 -26.86221 5.037987 -1.564467 0.310043 -2.051073 4.167969 -2.602731 -1.313146 -1.709585 0.946033 -1.822701 -2.152719 -0.12065 -3.884602
-7.630539 -26.86221 5.037987 -0.103912 -0.362538 2.986314 -0.22538 0.663627 -0.064215 -0.045164 2.064673 -0.357171 -0.897569 1.083535 -0.036319
-9.630539 -26.86221 5.037987 -0.965979 1.088545 0.637955 0.254093 -1.967668 0.709475 0.328379 3.465186 0.51558 1.043424 -1.897901 0.578154
-11.63054 -26.86221 5.037987 0.771706 0.50172 0.013103 -0.295305 -2.029839 0.251642 -0.049148 1.121292 0.42733 1.125048 -1.170988 1.624219
12.36946 -28.86221 5.037987 -2.868322 -1.379808 -3.718467 -2.308947 -3.618501 0.120135 -3.622587 -3.333667 -1.994717 -4.003747 -3.644832 -2.733801
10.36946 -28.86221 5.037987 0.45953 -0.863899 -0.304892 1.797012 -1.925142 0.717526 -1.621204 -4.044726 -0.81634 -4.878612 0.496078 -5.498293
8.369461 -28.86221 5.037987 -1.557472 -0.353841 -5.200593 2.008302 -3.754912 0.609424 -2.95571 -2.75169 -2.715935 -2.136859 0.318981 -3.338895
-5.630539 -28.86221 5.037987 -0.993269 0.449311 -0.876153 0.956477 -0.544609 -0.888249 0.516467 0.80706 -0.096397 1.584592 0.067156 0.594815
-7.630539 -28.86221 5.037987 -2.03158 0.34303 1.116727 -0.504334 -2.17889 0.676744 1.114704 2.934273 -1.062449 0.563176 0.580631 0.676981
-11.63054 -28.86221 5.037987 -0.468936 -2.755074 -3.08233 -0.691499 -1.880448 -2.112855 -1.040494 -0.549603 0.37919 0.016031 -0.88965 -0.48689
12.36946 -30.86221 5.037987 -3.024506 0.604515 -5.49571 2.101269 -3.878742 1.236322 -5.360406 -2.702241 -2.276036 -3.889398 -2.994685 -3.683653
10.36946 -30.86221 5.037987 -2.394719 -0.038379 -6.065331 1.799604 -2.310621 -1.107824 -6.931227 -2.95471 -4.028428 -4.064034 -0.863269 -6.593576
8.369461 -30.86221 5.037987 -3.533592 -0.32137 -7.09205 -0.68919 -3.447953 -1.866708 -5.924152 -1.579831 -5.074107 -2.498363 0.549773 -3.700623
0.369461 -30.86221 5.037987 0.641368 2.140904 0.799653 1.75211 1.289329 3.307695 2.396827 -1.087734 -2.272599 1.486766 1.450951 1.267526
-1.630539 -30.86221 5.037987 0.753941 0.325263 -0.573258 -1.199739 1.035056 0.78482 2.67455 0.338038 -1.700519 0.578057 0.915305 2.180083
-3.630539 -30.86221 5.037987 0.646741 -0.710253 1.432905 -2.099749 0.752954 -1.288142 2.569315 -1.01614 -1.383469 -0.945818 -0.05166 0.847361
-5.630539 -30.86221 5.037987 -0.759296 -1.961993 2.452778 -2.740566 -0.484462 -1.875288 1.666111 -0.627274 -1.905273 -0.689503 -0.079577 -0.562741
-9.630539 -30.86221 5.037987 -1.097972 -0.917072 -5.54527 -0.681656 -0.550619 -3.108357 -1.226448 -0.744961 -1.964889 -4.458224 0.190739 -2.704489
10.36946 -32.86221 5.037987 -2.079287 1.083622 -3.177125 3.903938 1.225385 -1.893847 -5.550828 -2.45412 -3.972585 -3.259324 -2.109339 -6.110065
-9.630539 -32.86221 5.037987 -1.211923 1.388099 -6.6802 1.054466 -1.241399 -4.177611 -4.170293 -2.389065 -3.83903 -5.511845 -0.248643 -3.601314
12.36946 -26.86221 7.037987 -4.401982 1.39887 -2.511021 -0.812564 -3.58979 3.04703 -3.278427 -3.210981 0.788947 2.366977 -2.507518 1.843505
10.36946 -26.86221 7.037987 -1.350693 2.346032 2.395957 1.362457 -1.022623 1.63863 -0.090301 -0.276939 1.719079 2.019911 -0.261539 -0.718521
-9.630539 -26.86221 7.037987 -0.749721 2.051949 1.666963 1.466464 1.152385 -1.113765 2.462559 1.332113 -0.230598 0.793016 -0.274089 -0.582129
14.36946 -28.86221 7.037987 -1.388959 0.208513 -1.086318 2.508519 -2.553279 1.120171 -0.593372 -1.488027 1.481856 3.006302 -1.443506 0.760311
12.36946 -28.86221 7.037987 -3.651768 2.114615 0.042202 -0.155647 -2.123169 4.631602 -2.152268 -3.572672 0.337094 1.044531 -2.150315 -0.477523
-5.630539 -28.86221 7.037987 -1.547876 0.882358 -1.825737 -0.294082 1.011487 -0.605691 1.8011 0.322087 0.411748 -1.631781 0.577694 -1.104553
-7.630539 -28.86221 7.037987 -2.447458 0.105711 -2.48198 -0.708372 0.506247 0.993991 1.874464 -0.067363 -0.635807 -1.15979 -0.152206 -0.793794
-9.630539 -28.86221 7.037987 -2.010052 0.819276 -1.875729 1.205217 -0.225127 -0.346119 1.630003 0.475682 0.567314 -0.165768 -0.781823 -0.669215
14.36946 -30.86221 7.037987 -1.177201 1.397711 0.824574 1.80216 -2.816846 5.867655 -0.348149 -1.044114 1.679209 0.502462 -2.014816 -0.868595
12.36946 -30.86221 7.037987 -0.841254 2.211217 -1.193215 1.254549 -2.516578 7.901821 -1.505096 -3.146029 -0.952885 0.514112 -1.42112 -2.042106
-9.630539 -30.86221 7.037987 -1.687073 -1.666369 -5.078632 1.535391 -0.543443 -0.574484 -1.751574 -3.420693 -0.454962 -3.995307 -1.842326 -4.749326
12.36946 -32.86221 7.037987 -0.394885 1.224128 -1.052519 -1.010051 -2.985751 3.742439 -1.848026 -2.781507 -3.294778 -3.64485 -2.06322 -3.445292
10.36946 -32.86221 7.037987 -1.332973 1.290726 -3.000569 1.17198 -0.727477 0.740265 -2.61797 -0.991576 -4.066714 -2.977097 -2.231657 -4.346238
-7.630539 -32.86221 7.037987 -1.502141 -0.742695 -1.907632 1.890539 -1.224387 -1.513138 -0.992884 -1.235545 -3.093516 -5.983469 1.054445 -4.745571
-9.630539 -32.86221 7.037987 -0.365832 -0.514581 -3.349097 1.128336 -2.162618 -2.315238 -2.327003 -3.421951 -1.11715 -6.691203 -0.480111 -6.333881
14.36946 -28.86221 9.037987 -0.881514 -0.547007 0.021978 -0.181982 -0.289677 1.368014 0.8993 -1.910429 -0.963101 0.624492 -2.215516 0.395281
12.36946 -28.86221 9.037987 -2.076065 1.388026 4.349324 0.477933 1.129571 3.218191 0.1937 -2.49364 -0.290065 0.721639 -1.803283 1.990725
-7.630539 -28.86221 9.037987 -0.290677 -1.098637 1.883307 -0.357367 4.281669 1.361232 4.721471 -0.676077 0.865334 0.367197 -0.019793 -3.66725
-9.630539 -28.86221 9.037987 -1.31497 -0.318747 2.601988 0.564359 4.352995 0.457431 3.341035 -1.348585 -1.181627 1.496914 -1.158287 -1.712998
14.36946 -30.86221 9.037987 -0.924438 0.100283 0.799342 -0.720953 -1.464667 3.53526 0.785704 -0.889551 -1.022803 -0.177242 -1.441393 0.0917
12.36946 -30.86221 9.037987 0.41561 -0.666345 5.63631 -0.420388 0.423735 4.674164 0.411798 -3.505011 -0.525439 1.225378 1.1534 0.643905
-9.630539 -30.86221 9.037987 -0.697591 -2.439803 0.096263 1.010112 2.268423 -0.559549 0.092441 -1.847131 -1.225092 -1.799826 -1.255862 -4.755121
12.36946 -32.86221 9.037987 3.229972 0.344603 4.049164 -0.619009 0.784054 2.70948 -0.770977 -2.74096 -1.434445 -1.828933 1.798481 -2.972439
-9.630539 -32.86221 9.037987 0.479145 -1.193453 0.724416 1.622499 0.501301 -1.020338 0.026922 -0.353134 -0.048706 -4.779718 -0.144579 -5.760012
14.36946 -28.86221 11.03799 -1.31381 -0.642063 1.334136 -0.335048 1.51692 1.620977 0.351578 -5.224457 -0.772857 1.276466 -1.813512 0.491958
12.36946 -28.86221 11.03799 -1.473532 1.334307 3.568136 2.453108 2.986238 2.497608 0.502434 -2.264009 -2.196344 0.165507 -2.081669 1.808837
-9.630539 -28.86221 11.03799 0.443495 1.231604 2.361061 1.738185 2.609013 0.031974 0.171747 0.114306 -1.411886 2.548442 -1.410295 0.036562
14.36946 -30.86221 11.03799 -0.642672 -0.111407 -0.455491 0.645687 0.35629 1.395537 -0.851603 -2.485616 -1.240752 1.213332 0.439196 1.186942
-9.630539 -30.86221 11.03799 -0.595445 -2.457541 -0.575252 -1.52771 1.159153 -1.258498 -1.090529 0.747932 -1.293426 1.878682 -0.953169 -0.263551
-9.630539 -32.86221 11.03799 -1.297638 -1.360799 -1.570922 -0.780521 0.997945 1.357615 -0.305326 1.732563 0.321096 -0.544171 -1.617606 -1.856906
