-4.603439 -24.20225 8.79171 -1.760177 -0.948036 -0.143781 3.794448 0.126607 1.590084
-4.603439 -26.20225 8.79171 -2.011298 -1.707969 -1.640263 1.71002 0.031621 0.750573
-6.603439 -26.20225 8.79171 1.625229 2.426889 2.385047 2.23833 2.095427 0.23774
-4.603439 -28.20225 8.79171 -0.548887 -0.005616 -1.118549 0.859558 0.316409 -0.317076
-6.603439 -28.20225 8.79171 1.105745 2.993962 3.364584 3.17512 2.268803 0.073871
-8.603439 -28.20225 8.79171 0.364022 1.472252 3.394233 3.948754 1.056932 -0.529369
-6.603439 -30.20225 8.79171 -0.056857 1.406983 3.196307 3.069963 1.543936 0.931903
-8.603439 -30.20225 8.79171 -1.265765 0.466501 4.209205 3.915512 0.360302 1.793976
-10.60344 -30.20225 8.79171 -0.79213 -2.466706 1.554386 0.610895 -0.692215 -1.513492
-2.603439 -24.20225 10.79171 1.99618 -0.943283 -0.480854 2.738769 -5.879072 -4.4462
-4.603439 -24.20225 10.79171 0.002691 -2.553659 0.053244 1.699142 -2.645216 -2.975216
3.396561 -26.20225 10.79171 2.548126 7.185754 1.977365 4.308927 2.452421 3.660984
1.396561 -26.20225 10.79171 3.084148 8.387253 2.262992 5.893425 1.499563 3.58955
-2.603439 -26.20225 10.79171 -0.614231 -1.76812 -4.420117 1.331478 -5.222566 -2.515845
-4.603439 -26.20225 10.79171 -1.149917 -3.686091 -1.038109 0.534389 -4.445973 -4.53643
3.396561 -28.20225 10.79171 1.058927 3.834527 -0.659139 0.702534 1.47659 2.106986
1.396561 -28.20225 10.79171 3.148238 7.68024 1.391702 3.78602 0.426846 3.703942
-4.603439 -28.20225 10.79171 -1.142733 -1.91656 -0.682573 -0.116009 -2.600379 -2.235653
3.396561 -30.20225 10.79171 0.281791 3.726813 -3.333939 -0.866225 0.645282 1.290853
1.396561 -30.20225 10.79171 0.677107 4.380323 0.369174 1.413134 1.453915 4.614076
-0.603439 -30.20225 10.79171 1.299013 3.485086 0.089581 1.862132 0.60386 2.810164
-4.603439 -30.20225 10.79171 -0.370593 1.311601 -0.340105 2.14229 -0.560006 0.543022
-6.603439 -30.20225 10.79171 -0.414895 1.573354 2.153749 1.764785 1.658371 1.889726
-8.603439 -30.20225 10.79171 -1.406611 -0.572514 0.655054 1.1769 1.9167 2.177391
1.396561 -32.20225 10.79171 -0.175121 3.259423 -0.213911 0.222921 0.735303 3.812192
-0.603439 -32.20225 10.79171 0.038687 0.812956 -0.875548 -0.7795 -0.646654 1.345648
-4.603439 -32.20225 10.79171 0.615386 2.000501 -0.042032 2.478528 0.434986 1.167992
-6.603439 -32.20225 10.79171 -0.115758 1.459453 1.064481 2.532869 1.045052 2.13986
-8.603439 -32.20225 10.79171 -1.729205 -2.914246 0.230946 -0.004027 1.058297 1.656633
-10.60344 -32.20225 10.79171 -0.841603 -2.247718 2.568 0.737207 -0.644174 0.168428
-6.603439 -34.20225 10.79171 1.343688 0.331015 2.696386 2.222574 0.356939 -0.117683
-8.603439 -34.20225 10.79171 -0.637428 -3.268042 1.943978 1.142679 0.454524 -0.20067
-10.60344 -34.20225 10.79171 -0.230657 -0.83401 3.061452 2.007056 -0.103527 0.520686
-4.603439 -22.20225 12.79171 1.287141 -2.129224 0.292944 -3.063708 -1.166653 -2.118352
-6.603439 -22.20225 12.79171 -2.492028 -3.767668 1.905325 3.244965 -0.376157 0.355777
-8.603439 -22.20225 12.79171 0.607633 3.178986 4.630412 7.205256 0.416052 3.862943
-4.603439 -24.20225 12.79171 1.773464 -3.41803 2.814176 -2.338072 -1.038748 -3.493555
-6.603439 -24.20225 12.79171 0.577441 -1.489956 3.656217 1.033278 0.716976 -2.601932
-8.603439 -24.20225 12.79171 -0.326361 0.536907 6.723393 7.071086 0.691242 1.530403
5.396561 -26.20225 12.79171 1.606148 3.813807 2.524282 3.914236 -0.697713 2.008385
3.396561 -26.20225 12.79171 0.372399 3.905433 -1.178087 2.153745 -2.473321 0.668299
-4.603439 -26.20225 12.79171 1.121339 -3.466212 2.878809 -1.117007 -2.044713 -2.584963
-6.603439 -26.20225 12.79171 3.155106 2.833074 6.619579 3.362887 -0.97208 -3.411244
-8.603439 -26.20225 12.79171 1.085734 2.638345 6.581161 5.975127 0.172799 -0.446032
-10.60344 -26.20225 12.79171 -2.077989 -0.590764 1.751221 1.874696 -0.584481 0.710565
5.396561 -28.20225 12.79171 0.909107 2.38593 -0.450582 0.265323 -0.999643 1.434564
1.396561 -28.20225 12.79171 1.233044 4.863629 -0.393567 2.644385 0.23132 2.079295
-4.603439 -28.20225 12.79171 1.143754 -1.658807 4.007137 -0.29843 -1.944966 -1.659966
-6.603439 -28.20225 12.79171 3.542717 1.547273 8.133344 2.350618 -2.092859 -4.784337
-8.603439 -28.20225 12.79171 2.34935 3.748011 5.721762 3.8632 0.366406 -1.661678
5.396561 -30.20225 12.79171 1.486277 3.26962 0.346934 1.213294 0.498771 1.710154
3.396561 -30.20225 12.79171 1.416873 4.130013 0.1962 1.887225 0.067995 0.713215
1.396561 -30.20225 12.79171 0.166505 2.03816 0.048355 1.269798 0.42955 0.859834
-0.603439 -30.20225 12.79171 2.981372 4.449827 1.248295 3.267917 1.734515 2.066208
-4.603439 -30.20225 12.79171 2.523514 3.640893 3.822778 2.584013 -2.117007 -0.65843
-6.603439 -30.20225 12.79171 1.973227 1.623314 6.338631 3.372826 -1.598768 -2.847193
3.396561 -32.20225 12.79171 -0.006303 1.585283 3.175307 1.877731 0.784512 0.708766
1.396561 -32.20225 12.79171 -0.413729 0.82889 1.887011 0.78498 0.941393 0.82489
-0.603439 -32.20225 12.79171 0.857642 0.125215 0.93469 1.421676 -0.076073 -1.039818
-4.603439 -32.20225 12.79171 3.008479 5.643124 3.12123 3.515076 0.105844 1.877602
-6.603439 -32.20225 12.79171 0.769362 0.866955 3.284014 2.931874 0.047743 0.674737
3.396561 -34.20225 12.79171 -1.12286 0.727337 3.746034 2.519274 -0.885096 1.057826
1.396561 -34.20225 12.79171 -0.036582 1.252301 0.821436 -0.814715 0.041956 0.85017
-0.603439 -34.20225 12.79171 -0.200283 -1.015861 -1.255757 -1.404023 -0.837453 -0.994283
-6.603439 -34.20225 12.79171 0.61727 -1.051178 1.662948 0.790581 0.844677 0.826283
-8.603439 -34.20225 12.79171 -0.392954 -1.776033 0.971238 0.359611 0.888426 0.387106
-10.60344 -34.20225 12.79171 0.473465 1.211705 1.476096 1.153752 -0.141116 0.593111
3.396561 -36.20225 12.79171 0.559169 3.06193 6.003151 5.645208 -0.30676 2.316547
1.396561 -36.20225 12.79171 0.824301 2.382839 5.112847 3.918367 0.893991 1.920902
-6.603439 -36.20225 12.79171 0.121064 -1.996644 2.555939 1.848618 -0.424868 -2.002103
-8.603439 -36.20225 12.79171 -1.24305 -2.453274 2.040631 2.209872 -0.479364 -0.302889
-4.603439 -22.20225 14.79171 2.609691 2.5383 1.824939 -0.834871 1.297099 1.83324
-6.603439 -22.20225 14.79171 0.204005 1.031919 4.134012 5.241828 0.821183 1.519352
-8.603439 -22.20225 14.79171 1.534986 2.604908 2.454732 2.969142 -0.644859 0.976195
-10.60344 -22.20225 14.79171 1.434811 -0.514275 3.201401 2.33838 -1.41075 -0.20769
-6.603439 -24.20225 14.79171 0.293866 -1.148549 2.04237 -0.467205 0.9605 0.120407
-10.60344 -24.20225 14.79171 -0.420158 -1.354275 2.732941 2.455823 -0.457919 0.946515
5.396561 -26.20225 14.79171 0.424028 -0.04119 2.008188 1.990749 -2.54642 -0.240861
3.396561 -26.20225 14.79171 -0.177149 0.465629 -0.743879 1.282093 -4.051036 -1.561703
-10.60344 -26.20225 14.79171 -1.908067 -0.227415 1.09602 1.943518 -0.984345 -0.128788
5.396561 -28.20225 14.79171 -0.936237 -1.87966 -0.955479 -1.26606 -2.058753 -0.2395
3.396561 -28.20225 14.79171 0.345389 0.381197 -0.400324 -0.243661 -2.563257 -1.144535
-8.603439 -28.20225 14.79171 -0.544922 1.902013 -1.321646 0.568244 -0.3701 -0.2586
-10.60344 -28.20225 14.79171 -1.294379 -0.179483 0.07456 0.23189 -1.233648 -1.655443
5.396561 -30.20225 14.79171 0.765294 0.802453 1.643257 1.333784 -0.336406 0.689187
3.396561 -30.20225 14.79171 0.819219 1.881882 1.715476 1.731208 -0.453281 -0.892323
-6.603439 -30.20225 14.79171 1.843462 2.58637 2.594703 -0.186304 3.545811 0.377659
-8.603439 -30.20225 14.79171 -0.7312 0.629122 0.199572 2.630033 -0.1968 -0.226488
-10.60344 -30.20225 14.79171 0.110086 1.88956 0.122831 1.861332 -1.065078 0.159374
5.396561 -32.20225 14.79171 1.183395 2.508623 1.534627 1.599071 -0.551587 1.141522
3.396561 -32.20225 14.79171 -0.441442 1.327588 2.327667 2.767326 0.662198 0.767629
1.396561 -32.20225 14.79171 -0.682347 -0.395216 4.068254 3.914305 0.151388 -0.329874
-6.603439 -32.20225 14.79171 -0.445726 2.144893 4.272977 5.058593 2.980883 2.384178
-8.603439 -32.20225 14.79171 -0.631293 -0.379293 2.268503 3.509148 0.335932 0.032194
5.396561 -34.20225 14.79171 0.596551 2.343166 4.221524 3.39423 -2.503668 -0.750956
-6.603439 -34.20225 14.79171 -0.622704 -0.18929 3.526035 3.734222 0.811555 0.908294
5.396561 -36.20225 14.79171 0.907477 1.849229 6.082692 5.215185 -0.231689 1.10378
3.396561 -36.20225 14.79171 0.261051 2.290722 4.301058 5.046858 -1.354824 2.283208
-8.603439 -36.20225 14.79171 1.645714 2.398335 2.677962 3.400951 -1.16298 -1.738613
3.396561 -38.20225 14.79171 1.252036 1.330956 4.237511 1.232361 0.969001 1.259767
-10.60344 -26.20225 16.79171 -0.772978 0.862781 2.040211 3.298624 -0.090666 1.069244
-12.60344 -26.20225 16.79171 -0.654353 -0.063898 1.904443 1.780222 -0.786544 -1.140348
-10.60344 -28.20225 16.79171 -0.984054 -1.657723 1.795157 1.854956 -0.624557 -1.61316
-12.60344 -28.20225 16.79171 -1.787548 -3.289305 0.972921 -0.304121 -1.869417 -2.593896
-10.60344 -30.20225 16.79171 -0.109958 0.39494 2.107456 3.829367 -1.648755 -1.502895
-12.60344 -30.20225 16.79171 -1.223811 -1.131366 2.303636 2.583068 -1.024785 -1.899937
5.396561 -32.20225 16.79171 0.155154 -1.214656 2.107566 0.484435 0.575107 -0.243652
3.396561 -32.20225 16.79171 -1.182159 -0.524584 -0.106772 2.151648 0.483515 0.440269
-8.603439 -32.20225 16.79171 -0.86805 0.102189 3.084546 6.304602 -1.680388 -1.584787
-10.60344 -32.20225 16.79171 0.04764 0.688196 2.482661 2.838536 -2.201518 -1.392272
-12.60344 -32.20225 16.79171 -0.709692 -0.827847 2.82951 3.462732 -2.317613 -2.087262
5.396561 -34.20225 16.79171 -0.199966 1.88393 3.10466 4.741547 -1.173958 1.511703
3.396561 -34.20225 16.79171 -1.515944 -1.52213 0.698461 3.21418 -0.826219 1.761087
-6.603439 -34.20225 16.79171 0.509987 2.900068 6.186581 7.533837 -2.7435 -0.077928
-8.603439 -34.20225 16.79171 -0.734646 -0.28419 3.628497 4.191764 -1.35998 -0.604619
5.396561 -36.20225 16.79171 0.238201 1.670317 4.648754 5.834704 -0.394457 2.54363
3.396561 -36.20225 16.79171 -0.68678 0.238992 1.951488 3.571277 -0.983033 2.69119
-12.60344 -28.20225 18.79171 -1.46404 -2.495781 0.605262 -2.195307 -0.487705 -2.457892
-14.60344 -28.20225 18.79171 0.558694 1.06179 0.906483 -0.713867 0.360314 0.524526
5.396561 -34.20225 18.79171 1.998645 3.360558 3.014334 2.614905 0.783339 0.76932
7.396561 -36.20225 18.79171 0.371279 2.731706 0.688142 3.147223 -0.949508 1.067781
5.396561 -36.20225 18.79171 1.094965 3.358795 2.802402 4.514074 -0.197554 1.309035
3.396561 -36.20225 18.79171 0.925713 2.95425 3.046463 4.26237 0.995466 1.215841
