6.578629 -30.50744 -9.294113 2.23545 -2.157672 2.406369 0.870501 5.082974 3.558343
0.578629 -30.50744 -9.294113 1.971072 -0.358765 1.090926 5.430275 -0.410465 -0.316954
0.578629 -32.50744 -9.294113 8.468836 7.158882 4.586903 7.198792 2.25133 4.054126
0.578629 -34.50744 -9.294113 13.41237 14.78245 7.226828 7.739707 4.089314 6.558051
6.578629 -42.50744 -9.294113 6.790539 7.152586 2.627892 2.82414 -0.214007 0.690761
-1.421371 -28.50744 -7.294113 3.985542 5.503556 3.969126 4.88077 6.275387 7.768879
6.578629 -30.50744 -7.294113 -2.946226 -6.171742 -1.013471 -4.9907 1.079266 -0.424183
4.578629 -30.50744 -7.294113 0.43413 -1.799684 1.096235 0.650972 0.124606 -1.57907
0.578629 -30.50744 -7.294113 -1.359578 -4.617281 0.093364 2.42304 2.362436 1.488047
-1.421371 -30.50744 -7.294113 5.17594 6.632415 5.331854 7.787416 4.186261 7.156464
6.578629 -32.50744 -7.294113 -7.956873 -10.05775 -2.033548 -5.053555 0.088281 0.33584
4.578629 -32.50744 -7.294113 -1.657178 -2.749173 -0.062886 -2.539797 -2.705295 -2.771302
-1.421371 -32.50744 -7.294113 5.213379 6.322821 4.787123 6.865324 2.827785 4.440376
-3.421371 -32.50744 -7.294113 -3.637813 -4.460458 2.761806 2.45269 -1.754835 -1.920182
6.578629 -34.50744 -7.294113 -6.362777 -6.328146 -0.177059 -2.98073 0.833022 2.292454
4.578629 -34.50744 -7.294113 -3.065353 -3.331251 1.462554 -1.224471 -3.265976 -1.781868
0.578629 -34.50744 -7.294113 3.707222 2.546967 3.34649 2.814296 2.258648 0.286704
-1.421371 -34.50744 -7.294113 2.665861 4.044611 2.418088 3.826916 1.815939 3.1385
6.578629 -36.50744 -7.294113 -2.813497 -1.099519 1.609246 0.801559 -3.098585 -0.271077
4.578629 -36.50744 -7.294113 -1.745073 -1.134391 3.994046 3.440952 -1.880702 -0.587581
0.578629 -36.50744 -7.294113 1.356089 1.086619 2.076762 1.638241 2.311788 2.242566
-1.421371 -36.50744 -7.294113 -0.031296 1.066823 0.604146 1.369511 1.382975 3.157781
0.578629 -38.50744 -7.294113 -1.027041 0.380888 -0.054778 0.943051 1.734999 2.25635
4.578629 -40.50744 -7.294113 4.877937 2.350213 3.961106 4.669644 0.690076 0.772956
6.578629 -42.50744 -7.294113 2.552089 2.547723 2.027579 1.697648 -1.342516 -1.793202
6.578629 -46.50744 -7.294113 5.030282 0.98237 2.793374 1.432097 -0.219074 -0.987194
4.578629 -46.50744 -7.294113 5.920341 -0.397338 2.897198 1.324816 -0.354246 -2.31441
6.578629 -48.50744 -7.294113 4.513073 0.873097 3.616772 1.657162 1.749552 0.269166
8.578629 -28.50744 -5.294113 -2.93876 -1.846701 -0.126988 -1.752083 -2.225084 -2.853526
8.578629 -30.50744 -5.294113 -7.651574 -9.386822 -3.460783 -5.694027 -0.498655 -2.581783
6.578629 -30.50744 -5.294113 -6.012137 -6.362182 -0.609022 -5.03632 1.097187 -0.109478
-1.421371 -30.50744 -5.294113 0.018807 -1.205978 1.331563 0.333536 1.495837 2.377722
8.578629 -32.50744 -5.294113 -5.024448 -5.395384 -2.007606 -3.161155 -0.760552 -1.790274
6.578629 -32.50744 -5.294113 -8.628046 -8.584294 -2.503744 -4.872506 0.705293 0.063657
-1.421371 -32.50744 -5.294113 -0.200927 -0.509483 2.181018 1.431459 1.962734 1.372656
-3.421371 -32.50744 -5.294113 -6.086067 -5.957649 -1.218421 -2.01838 -4.820224 -4.007603
6.578629 -34.50744 -5.294113 -8.005187 -7.890279 -1.174094 -3.909641 1.788861 1.882547
-1.421371 -34.50744 -5.294113 -1.02391 -0.748405 2.940966 3.356221 -0.439937 0.454993
-3.421371 -34.50744 -5.294113 -5.278244 -4.375286 -2.513571 -2.377569 -7.330832 -5.769543
6.578629 -36.50744 -5.294113 -3.439043 -3.740394 2.27495 1.657334 -1.981954 -0.958073
4.578629 -36.50744 -5.294113 -3.90714 -5.115553 3.875097 1.741999 0.875258 0.035792
0.578629 -36.50744 -5.294113 0.326117 -0.400619 0.746792 0.928158 2.293446 3.026797
-1.421371 -36.50744 -5.294113 -0.528592 -0.184663 0.343314 1.258503 0.76711 2.997436
6.578629 -38.50744 -5.294113 -1.543511 -2.379254 0.414142 0.050512 -2.181644 -1.933798
4.578629 -38.50744 -5.294113 0.328133 -2.422675 3.519852 1.331801 1.327312 1.403761
0.578629 -38.50744 -5.294113 1.391871 2.487 0.717202 1.048713 2.72395 3.708237
-1.421371 -38.50744 -5.294113 -0.016038 0.220343 -1.76698 -1.414151 0.521613 1.435614
6.578629 -40.50744 -5.294113 -3.014528 -3.988338 0.421852 0.287595 -0.249465 -0.062948
4.578629 -40.50744 -5.294113 1.30501 -1.485159 0.527563 -1.251979 3.386761 2.591472
0.578629 -40.50744 -5.294113 2.208567 2.870936 2.816716 3.163766 2.515716 2.70785
6.578629 -42.50744 -5.294113 -2.231389 -1.71623 1.442921 1.184171 0.282768 -0.209855
4.578629 -42.50744 -5.294113 -0.119608 -0.576827 0.050451 -0.092577 1.081143 0.684021
4.578629 -44.50744 -5.294113 1.782254 -0.153524 -0.228469 -0.604441 -2.544432 -3.883754
4.578629 -46.50744 -5.294113 2.649343 0.451554 2.246957 1.917194 -1.024043 -2.597309
6.578629 -48.50744 -5.294113 8.022444 7.983262 5.418412 5.076341 4.071367 3.521757
4.578629 -48.50744 -5.294113 3.123575 2.620058 3.833209 4.25385 1.78993 1.372804
6.578629 -50.50744 -5.294113 7.465999 8.853593 2.167845 3.268954 2.803127 2.677787
4.578629 -50.50744 -5.294113 5.651666 6.561174 3.253607 4.836129 2.522342 2.637279
6.578629 -52.50744 -5.294113 5.828262 6.570304 0.848538 3.307663 2.902115 2.40925
4.578629 -52.50744 -5.294113 4.817955 6.291311 2.092835 3.324127 2.516701 2.730102
8.578629 -28.50744 -3.294113 -4.213883 -5.935685 -3.474075 -3.444932 -6.736738 -5.46894
8.578629 -30.50744 -3.294113 -10.43027 -14.10775 -4.304322 -5.475909 -6.332388 -4.359359
6.578629 -30.50744 -3.294113 -1.686248 -2.911402 -0.482115 -3.725874 0.302998 -2.544821
8.578629 -32.50744 -3.294113 -3.551118 -2.772218 -6.332572 -6.024132 -3.893926 -2.192228
6.578629 -32.50744 -3.294113 -0.172004 0.378217 -4.412479 -4.674915 0.407047 -0.435229
-1.421371 -32.50744 -3.294113 -0.15849 0.228078 -0.464802 -4.226405 2.433493 1.528907
6.578629 -34.50744 -3.294113 -4.666131 -5.007863 -4.695892 -7.171343 0.236452 1.01969
-3.421371 -34.50744 -3.294113 2.146451 2.69493 0.572944 -2.461295 -1.602213 -1.406302
6.578629 -36.50744 -3.294113 -0.583899 -2.012206 -0.134527 -1.292726 0.43058 0.554446
4.578629 -36.50744 -3.294113 -0.561331 -2.372685 2.068321 1.922849 2.867874 3.287069
-3.421371 -36.50744 -3.294113 3.820849 3.168515 -1.273992 -3.048574 1.34773 -0.358001
6.578629 -38.50744 -3.294113 -2.096389 -1.186122 -1.031498 -0.524741 2.346455 3.170802
4.578629 -38.50744 -3.294113 -0.703371 -0.89034 0.45412 0.730283 4.043845 5.788954
0.578629 -38.50744 -3.294113 -0.868939 0.252244 -1.20304 -0.443125 -0.330883 1.102844
-1.421371 -38.50744 -3.294113 -0.349285 0.232362 -0.699947 0.450834 0.669602 1.899899
-3.421371 -38.50744 -3.294113 4.062608 3.455582 -0.612815 0.579714 5.150706 5.047231
6.578629 -40.50744 -3.294113 -5.973178 -5.851755 -1.521038 -2.075281 3.345021 3.905762
4.578629 -40.50744 -3.294113 -0.576256 -1.600782 -1.80599 -2.715101 4.080779 5.054652
0.578629 -40.50744 -3.294113 2.51936 3.460583 -0.570082 0.05984 2.900992 3.46272
-1.421371 -40.50744 -3.294113 5.328714 6.523863 0.126757 1.840085 2.436589 4.796903
6.578629 -42.50744 -3.294113 -4.611534 -5.621444 -0.794552 -1.636361 1.313375 0.849893
4.578629 -42.50744 -3.294113 -0.533376 -1.673202 -0.54719 -0.595488 1.48599 3.441948
0.578629 -42.50744 -3.294113 4.131451 5.344126 1.067351 2.090492 -0.155534 0.519568
6.578629 -44.50744 -3.294113 -0.646965 -1.303281 1.586764 1.898136 1.035595 0.653421
4.578629 -44.50744 -3.294113 -0.760004 -1.473649 -0.222137 0.59358 2.079379 3.712948
6.578629 -46.50744 -3.294113 4.68113 5.233196 3.467811 4.906279 1.152296 1.134788
4.578629 -46.50744 -3.294113 1.572836 -0.247673 0.935724 1.331061 2.118063 2.117045
4.578629 -48.50744 -3.294113 1.91431 -0.044329 1.279064 0.636553 1.778405 1.398485
6.578629 -50.50744 -3.294113 8.681369 9.555964 1.261602 2.360452 1.983612 2.657694
4.578629 -50.50744 -3.294113 1.163735 0.155536 0.151913 -0.642835 1.793652 2.08003
6.578629 -52.50744 -3.294113 5.559825 5.498081 0.042873 1.308655 2.065098 2.84769
4.578629 -52.50744 -3.294113 1.689778 1.896593 1.120745 1.35111 2.879763 3.95097
6.578629 -54.50744 -3.294113 5.214577 4.76141 2.266465 5.097882 2.848111 3.637904
4.578629 -54.50744 -3.294113 2.602067 3.985065 4.044938 4.798055 3.397534 5.018006
2.578629 -54.50744 -3.294113 1.185956 1.563625 2.153277 4.061478 0.845284 1.801985
8.578629 -30.50744 -1.294113 2.065295 -2.911666 -8.534724 -9.807896 -12.16993 -11.41469
6.578629 -34.50744 -1.294113 -1.955363 -6.05898 -6.885944 -12.63093 -0.906761 -0.033216
8.578629 -36.50744 -1.294113 -0.796433 -3.022777 -6.645815 -7.975316 -1.309787 -1.915714
6.578629 -36.50744 -1.294113 0.966132 -2.276456 -3.654113 -6.946379 0.351111 0.570825
4.578629 -36.50744 -1.294113 -0.477509 -5.690861 -0.449579 -2.115791 3.550568 3.659333
8.578629 -38.50744 -1.294113 1.88219 1.335575 1.200184 1.865279 1.509052 0.702721
6.578629 -38.50744 -1.294113 -0.497524 2.163059 -2.780271 -0.326624 0.335628 0.978765
4.578629 -38.50744 -1.294113 -4.339282 -3.248257 -1.284812 0.481119 2.014508 3.311641
-3.421371 -38.50744 -1.294113 5.697361 5.63287 4.916472 7.483125 6.235563 7.365157
8.578629 -40.50744 -1.294113 1.088771 -0.347969 3.054085 3.488065 1.722745 -0.549965
6.578629 -40.50744 -1.294113 -3.272411 -1.608234 1.368525 4.459973 2.397891 2.767348
4.578629 -40.50744 -1.294113 -1.990315 -1.018499 -1.064239 1.175395 2.81643 3.760572
-1.421371 -40.50744 -1.294113 1.778336 7.019155 -0.481395 2.085957 0.669627 5.695152
-3.421371 -40.50744 -1.294113 5.552174 6.119005 1.068223 3.447807 5.161407 8.924326
6.578629 -42.50744 -1.294113 -3.553424 -4.752988 0.016685 0.34583 1.188568 1.159599
4.578629 -42.50744 -1.294113 -2.404476 -2.870784 -0.173416 0.359624 0.684479 2.748
0.578629 -42.50744 -1.294113 0.610215 6.453635 -1.280736 -1.413136 1.868153 3.775916
-1.421371 -42.50744 -1.294113 4.672537 10.57601 -2.867079 -0.684824 0.672356 4.892312
6.578629 -44.50744 -1.294113 -0.640129 -2.69201 1.553239 2.178563 2.046613 2.371253
4.578629 -44.50744 -1.294113 -1.825494 -1.664301 -0.476296 0.970082 0.602905 3.147597
0.578629 -44.50744 -1.294113 1.60352 3.377462 -0.057839 -1.258703 2.904801 3.875611
6.578629 -46.50744 -1.294113 3.909275 3.38818 2.726467 5.25679 1.600659 2.469251
4.578629 -46.50744 -1.294113 1.529297 2.147869 0.550342 2.788731 0.47301 2.578968
6.578629 -48.50744 -1.294113 5.760808 6.156382 1.586777 3.715244 0.545904 1.247687
4.578629 -48.50744 -1.294113 1.217535 0.334346 2.064729 1.851026 0.700243 1.512342
4.578629 -50.50744 -1.294113 -0.778287 -3.090042 1.232563 -1.727293 1.608949 1.345866
8.578629 -52.50744 -1.294113 3.273301 -0.077766 -0.0134 -0.30081 0.390399 -1.306648
4.578629 -52.50744 -1.294113 -0.239863 -2.753081 0.286153 -3.070031 2.063226 2.112284
6.578629 -54.50744 -1.294113 3.005117 2.208436 -0.188959 -0.713603 -0.643136 -0.278759
4.578629 -54.50744 -1.294113 1.695212 0.611133 1.532663 -0.227389 1.804497 2.728197
6.578629 -56.50744 -1.294113 4.768021 5.781399 4.188028 3.871908 1.194263 1.799549
4.578629 -56.50744 -1.294113 0.16415 0.870234 2.690374 1.842142 1.842719 2.584816
6.578629 -58.50744 -1.294113 7.850814 8.655086 5.16573 5.779897 1.07651 1.482839
6.578629 -36.50744 0.705887 0.311394 -1.321867 1.376858 2.405786 -0.894187 -0.37827
6.578629 -38.50744 0.705887 2.926916 2.96213 2.534757 6.486919 -1.120359 -0.942654
6.578629 -40.50744 0.705887 0.034497 -1.427966 0.648698 3.742048 -0.780284 -1.659122
-3.421371 -40.50744 0.705887 4.790513 1.365046 3.38205 0.330097 4.698479 5.379244
8.578629 -42.50744 0.705887 5.543846 5.261509 4.338282 7.304225 0.30001 0.291549
6.578629 -42.50744 0.705887 -1.192704 -2.492265 1.152971 1.76697 -1.720042 -2.274334
4.578629 -42.50744 0.705887 0.593868 -0.103001 0.016242 -2.119094 -0.353912 0.039824
-1.421371 -42.50744 0.705887 7.076714 9.434763 0.742525 0.508936 1.987411 4.478301
-3.421371 -42.50744 0.705887 5.774622 5.588926 -2.126359 -3.235572 2.993805 4.337143
-5.421371 -42.50744 0.705887 3.761763 2.035464 -2.324335 -4.031458 2.143956 1.750124
8.578629 -44.50744 0.705887 0.820328 0.239708 -0.561995 0.328631 -0.088205 0.771865
6.578629 -44.50744 0.705887 -0.803884 -1.727171 0.913054 1.135589 -0.531704 0.937813
4.578629 -44.50744 0.705887 -1.7568 -1.582315 0.182587 -1.103641 1.185346 2.947997
0.578629 -44.50744 0.705887 0.487736 1.079672 -1.582276 -3.888475 2.161574 0.589708
-1.421371 -44.50744 0.705887 4.059913 4.158738 0.452987 2.048466 0.097982 1.445423
-3.421371 -44.50744 0.705887 6.033287 6.080495 -0.006735 1.364241 0.877798 2.441295
6.578629 -46.50744 0.705887 2.616022 2.678162 0.557268 2.840495 2.706412 5.15808
4.578629 -46.50744 0.705887 -0.22549 0.824759 0.096176 1.359657 2.982397 4.69557
6.578629 -48.50744 0.705887 4.066802 6.553211 0.084775 3.995179 4.989736 7.609586
4.578629 -48.50744 0.705887 0.159512 2.303936 1.466416 3.702172 2.919966 5.045211
6.578629 -50.50744 0.705887 2.156957 4.402348 2.050231 5.748847 7.144003 9.716585
4.578629 -50.50744 0.705887 -1.416641 -0.685899 0.952669 2.440027 1.738009 3.266225
8.578629 -52.50744 0.705887 3.53969 3.138438 1.08651 3.422852 5.461431 7.23156
4.578629 -52.50744 0.705887 -1.292386 -3.560159 0.128255 -0.822745 1.420224 1.673999
8.578629 -54.50744 0.705887 0.717415 -1.078569 0.993388 2.024541 3.038019 3.004233
4.578629 -54.50744 0.705887 -1.005977 -4.422064 0.490213 -2.227775 1.316629 1.744549
8.578629 -56.50744 0.705887 3.818091 3.839038 2.324789 3.710251 0.359338 0.484401
6.578629 -56.50744 0.705887 -0.748471 0.000746 1.208972 -1.538872 2.318809 3.51757
4.578629 -56.50744 0.705887 -2.481328 -3.218388 -0.163594 -2.436483 2.10053 3.766813
8.578629 -58.50744 0.705887 9.969319 12.16385 1.914742 5.749032 1.486833 3.078646
6.578629 -58.50744 0.705887 3.862594 5.641143 2.970229 1.98943 4.466419 5.80903
4.578629 -58.50744 0.705887 -2.559708 -3.156922 1.527045 0.926953 4.181417 5.216026
8.578629 -60.50744 0.705887 12.42271 15.64665 2.646194 7.750077 3.672249 6.787062
6.578629 -60.50744 0.705887 9.487514 10.36246 4.90964 5.573557 6.427185 9.064776
8.578629 -62.50744 0.705887 11.04104 13.27248 2.058181 6.038296 4.174188 6.999708
6.578629 -62.50744 0.705887 13.26838 12.89035 4.868992 4.989161 6.190326 8.41918
8.578629 -64.50744 0.705887 7.664833 7.48762 2.694838 7.086235 2.509728 3.777934
6.578629 -64.50744 0.705887 9.751098 7.284633 2.308438 2.653537 3.911899 4.84949
-7.421371 -40.50744 2.705887 2.314098 2.456098 3.135804 0.358204 3.776289 2.777057
-5.421371 -42.50744 2.705887 2.846089 1.558566 7.780881 6.131611 7.557745 6.219733
-7.421371 -42.50744 2.705887 2.535953 2.008083 3.277283 2.107597 3.641729 3.24148
10.57863 -44.50744 2.705887 3.839371 3.089926 2.70942 4.165771 3.025057 4.831384
8.578629 -44.50744 2.705887 8.194081 8.710471 1.390342 2.947985 0.737906 3.214928
6.578629 -44.50744 2.705887 7.154557 7.536703 5.074481 5.670729 1.798853 3.934453
4.578629 -44.50744 2.705887 -0.83763 -2.18226 2.920192 2.393011 4.407174 4.899772
-1.421371 -44.50744 2.705887 5.74774 2.550406 5.974041 6.106586 4.013831 2.858034
-3.421371 -44.50744 2.705887 7.450974 6.189028 5.390968 6.316994 3.522233 2.1931
-5.421371 -44.50744 2.705887 8.081285 7.004729 7.578349 8.54242 5.670137 4.453868
-7.421371 -44.50744 2.705887 3.267802 1.995658 4.414437 3.446886 3.366271 2.658256
10.57863 -46.50744 2.705887 1.11782 1.629287 1.928771 1.920504 0.271265 3.11497
8.578629 -46.50744 2.705887 4.842175 6.316582 0.188141 1.570274 2.014338 4.821532
6.578629 -46.50744 2.705887 5.222001 5.795466 3.960072 5.672987 4.446092 6.675572
4.578629 -46.50744 2.705887 -2.239738 -3.387522 1.444554 2.402658 4.234449 4.220431
0.578629 -46.50744 2.705887 -0.261812 -3.034703 0.053374 -0.235001 -1.438892 -3.69854
-1.421371 -46.50744 2.705887 3.706336 -1.016922 3.177222 1.309937 1.870054 -1.030426
-3.421371 -46.50744 2.705887 6.179219 2.992314 4.763933 2.85055 3.091848 0.753924
-5.421371 -46.50744 2.705887 6.353509 3.288504 4.058541 5.109949 3.332496 1.284154
6.578629 -48.50744 2.705887 7.173734 6.158168 3.291827 3.751987 8.027975 8.159992
4.578629 -48.50744 2.705887 0.838957 1.486901 3.137747 5.104986 4.171782 5.089021
0.578629 -48.50744 2.705887 1.51793 1.917784 3.676977 5.940491 0.299262 1.917042
-1.421371 -48.50744 2.705887 -0.293764 -1.225533 3.695105 3.526894 2.00606 1.555033
6.578629 -50.50744 2.705887 6.692921 6.23126 5.424574 7.718662 7.130983 8.110941
4.578629 -50.50744 2.705887 1.361346 3.669152 3.764705 7.255048 2.380273 4.387416
0.578629 -50.50744 2.705887 0.825593 1.762995 2.559813 5.592189 0.71532 4.374565
-1.421371 -50.50744 2.705887 3.447845 2.481438 3.201361 4.014769 1.772601 3.793275
6.578629 -52.50744 2.705887 3.961005 3.322 5.252288 6.766103 2.423084 4.369955
-1.421371 -52.50744 2.705887 4.639694 3.131394 3.376332 4.03994 3.902555 4.309566
6.578629 -54.50744 2.705887 -0.101818 -2.546077 3.632858 3.094226 0.617476 1.273476
4.578629 -54.50744 2.705887 -2.633496 -5.088387 2.48467 1.134623 -0.514318 -0.454716
-1.421371 -54.50744 2.705887 -0.590067 -0.767166 -0.33323 1.09966 -1.166034 -0.771739
8.578629 -56.50744 2.705887 -2.642587 -3.060346 1.309062 2.975347 -1.563121 -0.619921
4.578629 -56.50744 2.705887 -2.042432 -3.377081 1.154906 0.523711 2.179386 3.887721
-1.421371 -56.50744 2.705887 -2.452295 -1.695529 -2.661319 -1.833252 -2.497912 -1.412896
8.578629 -58.50744 2.705887 0.332829 2.21025 -0.20752 2.178663 0.088135 1.195337
6.578629 -58.50744 2.705887 -0.886221 0.627406 0.74507 0.782006 3.997847 5.435912
4.578629 -58.50744 2.705887 -0.329478 -0.162225 0.365359 0.991158 5.014195 6.90807
-1.421371 -58.50744 2.705887 -2.024145 -1.729302 -1.929797 -2.709635 -1.138505 -0.060993
-3.421371 -58.50744 2.705887 -0.456773 -0.693941 -1.595423 -2.352728 1.795158 1.82115
8.578629 -60.50744 2.705887 2.291422 4.383038 0.382969 2.931922 2.857299 3.763544
6.578629 -60.50744 2.705887 4.018579 6.33164 4.205176 4.469854 6.518486 8.110059
4.578629 -60.50744 2.705887 2.256037 1.578765 2.414771 2.368723 5.642719 7.254791
-1.421371 -60.50744 2.705887 -0.600594 -1.336036 0.328729 -0.596832 -0.192484 1.037388
-3.421371 -60.50744 2.705887 -2.112719 -2.175086 0.095552 -1.323018 2.781671 2.180867
6.578629 -62.50744 2.705887 8.509797 9.951734 3.770025 4.352531 6.602981 8.056916
-3.421371 -62.50744 2.705887 0.070809 0.405155 1.668219 1.225872 2.476643 2.881648
6.578629 -64.50744 2.705887 9.669558 8.307524 2.991496 1.758652 6.116496 6.916296
4.578629 -64.50744 2.705887 4.432335 0.93721 1.959437 -0.564329 4.592541 5.684649
6.578629 -66.50744 2.705887 8.951126 8.276762 3.675424 5.481184 4.334683 5.724921
-5.421371 -42.50744 4.705887 -2.284103 -0.048236 7.839562 8.050129 4.881867 6.284014
-7.421371 -42.50744 4.705887 -0.911948 -0.478402 2.529201 1.600285 1.057086 1.079698
14.57863 -44.50744 4.705887 5.66023 6.041595 7.045134 5.823826 5.400249 5.062694
0.578629 -44.50744 4.705887 -2.268875 -4.549671 4.619395 1.806551 2.540485 0.869306
-7.421371 -44.50744 4.705887 -2.122602 -2.436017 3.366304 2.383939 -0.967545 -1.309228
12.57863 -46.50744 4.705887 6.054817 6.566997 8.831821 10.20223 4.660074 6.284284
8.578629 -46.50744 4.705887 7.809312 6.465261 4.819893 5.894721 5.558162 7.649369
6.578629 -46.50744 4.705887 8.24896 7.706261 8.060685 10.06634 8.075399 11.37216
4.578629 -46.50744 4.705887 0.910777 -1.073892 6.382575 7.626279 6.068382 8.3529
-1.421371 -46.50744 4.705887 0.5337 -2.049127 5.517519 4.72346 5.901947 5.454747
-3.421371 -46.50744 4.705887 4.561729 3.53989 5.625171 5.612415 6.231429 6.037674
-5.421371 -46.50744 4.705887 5.062 1.493671 8.316102 7.621312 6.299891 5.990229
-7.421371 -46.50744 4.705887 -1.020202 -3.385004 6.595297 5.152328 1.074898 1.452858
12.57863 -48.50744 4.705887 5.428415 4.875812 7.168033 9.05794 5.673889 6.023262
10.57863 -48.50744 4.705887 6.195494 6.507357 8.029868 8.44806 5.355429 7.00101
8.578629 -48.50744 4.705887 10.08348 8.396654 6.157889 5.638787 5.90426 6.481753
6.578629 -48.50744 4.705887 7.69231 6.525375 7.776616 7.509918 9.346989 10.37346
4.578629 -48.50744 4.705887 1.810895 1.771254 8.26941 9.607723 5.575031 7.929305
0.578629 -48.50744 4.705887 4.279208 3.217325 7.657709 8.52539 5.051845 5.50458
-1.421371 -48.50744 4.705887 2.961863 1.188891 6.812005 6.006119 6.769757 6.371613
-3.421371 -48.50744 4.705887 5.328759 2.41483 7.725091 6.368652 6.651585 5.650622
-5.421371 -48.50744 4.705887 5.579455 1.577615 8.328455 7.043047 5.52213 4.761898
-7.421371 -48.50744 4.705887 2.150616 0.568259 6.675089 4.981482 2.563982 2.614901
6.578629 -50.50744 4.705887 5.266455 4.607811 8.414562 7.600415 7.514526 7.130808
4.578629 -50.50744 4.705887 3.438778 5.191838 7.438927 9.790402 5.125593 6.871787
0.578629 -50.50744 4.705887 5.713447 3.868978 7.788923 9.901104 5.266354 6.266872
-1.421371 -50.50744 4.705887 7.587747 5.690631 6.932282 7.522394 5.992986 6.438405
6.578629 -52.50744 4.705887 4.559882 3.459795 9.901468 10.16541 1.373651 1.335178
0.578629 -52.50744 4.705887 5.653032 2.461902 7.856607 8.633914 7.652501 8.228437
-1.421371 -52.50744 4.705887 5.781679 2.831394 6.852467 6.491856 7.132904 6.606211
-3.421371 -52.50744 4.705887 2.241307 1.087129 4.133706 3.711491 4.122216 3.824581
6.578629 -54.50744 4.705887 4.938563 1.841972 12.7468 11.8035 2.784859 1.566118
4.578629 -54.50744 4.705887 0.941436 0.09259 8.629345 10.83817 1.728552 1.894591
-1.421371 -54.50744 4.705887 -0.496826 -2.471553 2.722594 3.031085 -2.274323 -1.814678
-3.421371 -54.50744 4.705887 -0.390897 -1.222991 1.886567 2.501231 -1.130409 -1.976277
-5.421371 -54.50744 4.705887 1.95366 0.246361 3.453599 2.827704 2.005006 1.397906
6.578629 -56.50744 4.705887 1.149995 -0.382712 8.386532 9.412873 6.265458 5.379099
4.578629 -56.50744 4.705887 4.50025 2.92149 8.533189 10.09203 6.381405 6.742936
-1.421371 -56.50744 4.705887 1.281833 0.937263 1.267721 1.59348 -4.404644 -3.594935
-3.421371 -56.50744 4.705887 1.82601 0.77859 4.510383 4.429889 0.828652 -0.437429
-5.421371 -56.50744 4.705887 -0.892643 -2.884981 4.37744 3.422553 -0.033226 -1.716306
6.578629 -58.50744 4.705887 1.795012 2.684692 3.133256 4.004547 5.060006 5.266858
4.578629 -58.50744 4.705887 3.216769 2.357579 5.367329 5.573083 6.930807 8.117691
-1.421371 -58.50744 4.705887 2.219695 1.784399 -0.939401 -2.283914 -1.667212 -0.53335
-5.421371 -58.50744 4.705887 -1.434885 -2.483049 2.768003 2.748366 1.022616 0.306383
6.578629 -60.50744 4.705887 1.215852 4.139937 3.439832 5.865018 5.848334 7.342224
-5.421371 -60.50744 4.705887 -1.363487 -1.486129 2.25747 3.313229 0.753453 0.31728
6.578629 -62.50744 4.705887 -0.453017 1.063821 -0.284146 1.216155 2.6898 3.208244
4.578629 -62.50744 4.705887 -1.752969 -2.789439 -0.9194 -0.825972 3.047779 4.516061
-1.421371 -62.50744 4.705887 3.456666 2.588799 -0.847946 -1.628866 2.12499 2.406164
-3.421371 -62.50744 4.705887 0.025447 -1.728593 -0.139214 -0.970813 2.534356 1.676154
-5.421371 -62.50744 4.705887 -2.007663 -1.316796 1.742773 4.389101 -0.192607 1.289805
8.578629 -64.50744 4.705887 2.355045 3.198654 0.894366 1.336725 2.342489 2.508085
6.578629 -64.50744 4.705887 0.47232 0.135538 0.903665 -0.181285 3.550325 2.825198
4.578629 -64.50744 4.705887 -1.220381 -3.712779 -1.207467 -2.515891 3.775258 4.525016
-1.421371 -64.50744 4.705887 0.257326 1.037237 -0.703522 -1.172961 -0.069391 -0.077641
-3.421371 -64.50744 4.705887 0.792654 -0.064438 1.705854 0.951862 1.91991 2.696065
8.578629 -66.50744 4.705887 3.821719 4.348155 2.811112 3.596999 0.921982 1.332772
6.578629 -66.50744 4.705887 1.967023 1.981833 2.717805 2.14054 1.990145 1.936368
6.578629 -68.50744 4.705887 4.34273 4.297288 3.231426 3.156506 3.36451 4.218888
-7.421371 -36.50744 6.705887 3.231961 4.172217 0.035667 1.234995 -1.827298 -0.368209
-9.421371 -36.50744 6.705887 2.735763 2.051462 1.016912 2.338166 1.933106 4.066579
-5.421371 -38.50744 6.705887 -2.310081 -2.09491 0.547847 -0.709622 0.878476 1.557355
-7.421371 -38.50744 6.705887 -1.053356 -0.224893 0.500596 1.228409 -1.182997 0.819689
-9.421371 -38.50744 6.705887 1.426486 0.108184 0.285609 1.70013 -1.648252 -0.383466
10.57863 -40.50744 6.705887 1.470191 0.136031 -2.640947 -2.528531 -1.840383 -2.616054
-1.421371 -40.50744 6.705887 -3.212372 -0.894668 0.267682 1.336429 1.118151 0.192762
2.578629 -42.50744 6.705887 2.289924 1.253498 5.092635 4.345822 4.95361 3.452285
0.578629 -42.50744 6.705887 0.498907 0.887473 3.926826 2.690381 5.492092 4.267393
14.57863 -44.50744 6.705887 -0.255933 2.164316 6.508375 4.584681 7.412979 8.099797
12.57863 -44.50744 6.705887 -0.18784 -0.008607 3.493551 1.996546 3.573993 3.601602
10.57863 -44.50744 6.705887 1.261823 -1.440732 2.376603 -0.025163 4.849181 3.916876
2.578629 -44.50744 6.705887 -2.852384 -3.116216 6.894467 3.894922 3.508967 1.599581
0.578629 -44.50744 6.705887 2.145791 2.921396 4.950802 3.1488 6.458216 4.965772
-1.421371 -44.50744 6.705887 -0.822728 0.590185 2.167816 2.226852 4.2019 6.151628
-3.421371 -44.50744 6.705887 -3.308233 0.975152 0.267079 2.25527 0.790347 4.197791
-5.421371 -44.50744 6.705887 -3.306694 0.089727 -1.394446 -1.585907 -2.815432 -2.445273
-7.421371 -44.50744 6.705887 -2.817903 -2.595778 1.484738 1.060734 -4.455497 -6.041267
14.57863 -46.50744 6.705887 1.435545 3.636485 8.870139 7.719854 8.863407 10.43435
12.57863 -46.50744 6.705887 0.481055 2.39491 5.034643 5.165273 4.36868 6.297778
10.57863 -46.50744 6.705887 0.868923 0.129136 3.799958 2.467508 2.442961 1.993595
8.578629 -46.50744 6.705887 3.459837 1.299564 3.119554 3.318186 2.697605 1.61758
6.578629 -46.50744 6.705887 4.355417 3.319481 6.858714 6.893784 5.437669 6.97938
-9.421371 -46.50744 6.705887 -1.947302 -0.948972 4.147165 4.115891 -1.523297 -0.835995
14.57863 -48.50744 6.705887 2.350837 3.483862 6.302133 6.97052 7.94945 10.56075
12.57863 -48.50744 6.705887 -1.737595 0.666473 4.179219 6.353052 7.025897 9.99976
6.578629 -48.50744 6.705887 3.013305 2.786603 6.425598 6.510001 5.218695 8.700457
0.578629 -48.50744 6.705887 -2.354268 -2.747744 1.096257 -0.508694 1.322286 0.889869
-1.421371 -48.50744 6.705887 -2.037518 -3.207793 5.033134 3.964111 2.261243 2.100321
-3.421371 -48.50744 6.705887 -2.494941 -4.488212 3.243514 -0.005002 2.894695 2.853505
-5.421371 -48.50744 6.705887 2.501218 -0.953162 5.52716 2.401078 5.47764 5.021117
-7.421371 -48.50744 6.705887 1.40677 -0.390436 5.971136 3.73002 4.2923 4.63722
12.57863 -50.50744 6.705887 -4.871472 -2.561846 4.719057 6.736199 4.773304 7.384665
10.57863 -50.50744 6.705887 1.319254 3.349862 8.517669 10.00102 7.051798 9.647238
8.578629 -50.50744 6.705887 2.456309 2.224252 7.617837 8.38238 4.499598 6.517604
6.578629 -50.50744 6.705887 2.465389 2.209166 7.678601 7.156098 3.70446 5.517174
4.578629 -50.50744 6.705887 -0.894946 0.293086 5.281456 6.325317 3.316505 5.540569
0.578629 -50.50744 6.705887 2.6894 0.839108 3.909513 3.167344 3.012777 3.141713
-5.421371 -50.50744 6.705887 0.232498 -2.504466 3.795941 0.686513 4.21218 3.323748
10.57863 -52.50744 6.705887 1.297343 1.999385 6.331202 5.792 3.646971 5.345521
8.578629 -52.50744 6.705887 3.729795 2.872069 6.06171 6.458958 0.021781 0.838967
6.578629 -52.50744 6.705887 4.812175 3.430032 7.144397 6.836104 1.504679 1.737995
4.578629 -52.50744 6.705887 1.930869 3.332653 5.723244 7.04747 4.958436 5.611372
0.578629 -52.50744 6.705887 6.823114 6.352335 5.258298 4.58848 5.295815 7.183434
-1.421371 -52.50744 6.705887 2.784209 3.028584 2.421994 2.480949 3.97803 6.770063
-3.421371 -52.50744 6.705887 -0.445345 1.887154 2.137989 3.219397 3.394913 4.607497
6.578629 -54.50744 6.705887 5.178077 2.678961 10.07284 7.633086 5.330902 4.600815
-1.421371 -54.50744 6.705887 4.158212 3.706305 -0.228296 -0.229061 0.342045 2.877835
-3.421371 -54.50744 6.705887 3.422056 2.633529 -1.461342 -1.679104 -0.123123 -0.323026
-5.421371 -54.50744 6.705887 5.122501 3.714028 1.866515 1.219848 2.855833 1.423183
6.578629 -56.50744 6.705887 3.550935 2.358439 9.278588 8.187853 7.780421 6.937516
4.578629 -56.50744 6.705887 5.282598 3.061991 7.521668 6.32993 5.871653 5.309207
-1.421371 -56.50744 6.705887 4.540887 3.957849 0.666891 1.815786 0.538392 1.580518
-3.421371 -56.50744 6.705887 3.948737 1.442696 2.961894 3.067567 3.149817 2.289113
-5.421371 -56.50744 6.705887 1.032709 -0.496445 3.166627 2.63435 2.753562 1.754095
6.578629 -58.50744 6.705887 5.022367 3.636633 6.109494 5.775522 4.75936 4.263904
4.578629 -58.50744 6.705887 4.791312 2.715095 7.51063 6.003308 5.118008 4.426493
0.578629 -58.50744 6.705887 3.323788 1.549381 2.350081 1.812018 1.489701 2.538176
-1.421371 -58.50744 6.705887 4.408661 4.228379 -0.343945 -0.918943 2.788849 2.910096
-3.421371 -58.50744 6.705887 4.226674 2.824569 2.167438 1.818448 5.580411 4.465304
-5.421371 -58.50744 6.705887 1.569275 1.467938 3.282758 4.077139 3.601348 3.139869
6.578629 -60.50744 6.705887 2.460449 2.363739 5.777785 7.184165 2.696049 1.794501
4.578629 -60.50744 6.705887 1.767224 2.716445 6.887382 8.352953 5.213062 5.961714
0.578629 -60.50744 6.705887 2.535665 1.278387 2.68329 3.372907 0.794266 0.791495
-1.421371 -60.50744 6.705887 3.815545 4.256683 1.984226 1.363398 2.154897 1.686193
-3.421371 -60.50744 6.705887 1.619043 -0.165871 1.700806 0.420257 3.583255 0.90959
-5.421371 -60.50744 6.705887 1.194488 0.812969 3.351694 4.487179 1.037025 -0.257591
6.578629 -62.50744 6.705887 -0.708404 -0.76817 1.075903 1.537812 -0.052014 -0.205336
4.578629 -62.50744 6.705887 -0.256651 1.38378 -0.761078 2.20444 0.418956 2.13071
0.578629 -62.50744 6.705887 6.124077 4.613804 0.800888 0.473094 -0.079763 0.087063
-1.421371 -62.50744 6.705887 5.196407 3.746778 2.294371 0.443676 1.405542 0.50775
-3.421371 -62.50744 6.705887 0.773141 -1.516187 0.196406 -0.682904 1.697047 -0.175678
-5.421371 -62.50744 6.705887 -0.688114 -1.039274 1.755766 4.329984 -1.306179 -0.958411
8.578629 -64.50744 6.705887 4.067891 3.006759 3.180963 2.451684 2.830122 1.828185
6.578629 -64.50744 6.705887 -0.225689 -0.31696 1.635731 1.040263 1.839158 0.422672
4.578629 -64.50744 6.705887 0.344257 0.652117 0.278912 0.857324 1.13524 2.217606
0.578629 -64.50744 6.705887 2.907839 3.609756 2.42924 2.73835 -0.823436 -1.146401
-1.421371 -64.50744 6.705887 0.740718 2.027974 -0.11369 0.248659 -2.011117 -1.72732
-3.421371 -64.50744 6.705887 0.988418 -0.450148 1.8838 1.511601 -0.980847 -1.599026
8.578629 -66.50744 6.705887 1.805562 0.607825 2.109379 1.07078 0.619551 -0.522198
4.578629 -66.50744 6.705887 0.072011 -0.153662 2.836291 2.712971 0.206563 0.212217
0.578629 -66.50744 6.705887 0.67341 -0.255842 0.361558 1.148135 -0.084471 -2.063126
-1.421371 -66.50744 6.705887 -0.475417 1.000834 -0.692739 0.924534 -2.104187 -1.92319
-3.421371 -66.50744 6.705887 -1.109342 -0.814085 1.441533 1.899768 -1.037793 -0.65652
-5.421371 -66.50744 6.705887 0.449795 0.881551 2.342909 2.311934 1.572369 2.174186
8.578629 -68.50744 6.705887 2.758769 2.05167 2.092129 3.001909 1.747461 1.315626
6.578629 -68.50744 6.705887 3.028436 2.458803 2.515036 1.253433 3.726072 4.262818
4.578629 -68.50744 6.705887 2.932586 0.787376 3.994205 2.782574 2.058504 2.939209
8.578629 -70.50744 6.705887 4.467867 3.906558 3.839544 4.211619 4.693542 5.635124
-7.421371 -36.50744 8.705887 0.314506 0.287722 3.086819 3.813215 -2.100778 -2.44313
-9.421371 -36.50744 8.705887 0.726692 0.117248 3.741236 3.896311 0.11016 0.555959
-11.42137 -36.50744 8.705887 2.517095 2.586629 6.007864 5.171859 0.758964 1.259256
12.57863 -38.50744 8.705887 -3.520125 -6.525732 0.326238 -3.198758 2.306141 0.018112
-3.421371 -38.50744 8.705887 -4.483652 -5.352498 -0.281263 -0.58873 0.509177 0.563293
-5.421371 -38.50744 8.705887 -3.601256 -2.577744 -0.620973 -0.181256 -2.005292 -1.232278
-11.42137 -38.50744 8.705887 4.611211 3.563694 5.032542 4.726403 1.881712 1.136643
12.57863 -40.50744 8.705887 -4.244007 -4.876819 0.239159 -3.310264 -0.214426 -0.24364
10.57863 -40.50744 8.705887 -0.32909 -1.062484 -2.672777 -3.749546 -1.636332 -2.704643
8.578629 -40.50744 8.705887 1.528533 -0.377796 -1.448526 0.197432 1.493001 0.052556
2.578629 -40.50744 8.705887 5.601651 1.794911 3.233219 -0.29547 4.683167 4.446908
0.578629 -40.50744 8.705887 -0.012964 -5.614324 1.093763 0.383613 1.805736 1.576591
-1.421371 -40.50744 8.705887 -1.075197 -4.92695 1.286136 2.023528 -2.107584 -3.444335
-3.421371 -40.50744 8.705887 -2.304804 -4.371882 2.005227 0.631544 -2.326617 -3.023022
-5.421371 -40.50744 8.705887 -5.168242 -6.237844 0.384007 -0.82051 -2.087434 -1.804198
-7.421371 -40.50744 8.705887 -4.552076 -7.184296 2.191227 1.490784 -2.804587 -2.451284
-9.421371 -40.50744 8.705887 1.951439 0.895082 5.021741 4.774076 -1.578584 -2.153778
12.57863 -42.50744 8.705887 -5.863475 -5.664099 -0.494121 -3.041171 -2.989857 -2.325104
10.57863 -42.50744 8.705887 -2.366571 -1.950895 -0.264787 -1.684201 0.179839 0.151065
8.578629 -42.50744 8.705887 4.967536 3.436713 2.361069 3.857635 4.639187 3.953097
2.578629 -42.50744 8.705887 5.382058 5.3264 4.881656 4.07786 2.146931 2.407838
0.578629 -42.50744 8.705887 3.412224 1.532314 2.566582 1.310996 -0.44023 -0.82469
-1.421371 -42.50744 8.705887 3.034622 0.025129 1.296619 1.075481 -0.232645 0.135334
-3.421371 -42.50744 8.705887 1.857825 0.959405 0.462685 0.393901 0.469089 1.348248
-5.421371 -42.50744 8.705887 -0.211517 0.078822 1.07363 -0.106359 0.173421 0.289585
-7.421371 -42.50744 8.705887 -0.308569 -0.911623 4.143059 5.121107 -0.473995 -0.500516
8.578629 -44.50744 8.705887 3.902801 2.473389 -0.261728 -0.202236 0.936204 -0.449366
6.578629 -44.50744 8.705887 2.797028 0.554777 2.558231 2.335388 2.697901 0.403334
2.578629 -44.50744 8.705887 -0.21382 2.02219 4.059886 3.92776 -1.202772 0.668478
0.578629 -44.50744 8.705887 3.914664 5.970304 1.634673 1.100519 1.968256 1.566506
14.57863 -46.50744 8.705887 -3.080683 -0.295362 4.397099 4.978122 -0.000566 1.944564
12.57863 -46.50744 8.705887 -4.179286 -3.881767 1.908869 -0.221866 1.634406 2.633532
-1.421371 -46.50744 8.705887 -1.467343 -0.191955 1.601241 0.585284 0.987563 -0.013709
-3.421371 -46.50744 8.705887 -1.225252 -0.096144 -2.954965 -2.087873 1.867093 2.323241
-5.421371 -46.50744 8.705887 0.649779 1.655466 -0.716439 -0.059583 2.56954 2.707674
-7.421371 -46.50744 8.705887 -2.391781 -2.999282 2.247848 0.920919 -0.562332 -0.792031
14.57863 -48.50744 8.705887 -0.117573 2.215067 5.901086 7.189916 4.013254 5.794092
12.57863 -48.50744 8.705887 -4.395906 -5.117082 3.332504 1.482538 3.896256 4.641601
10.57863 -48.50744 8.705887 -2.184293 -2.504967 0.013086 -1.707802 -1.881335 -1.714053
8.578629 -48.50744 8.705887 -1.770537 -1.680961 -0.172612 -0.921758 -2.924082 -2.628724
6.578629 -48.50744 8.705887 0.963303 0.944132 2.351386 3.353634 -3.187323 -1.564194
0.578629 -48.50744 8.705887 -3.873861 -3.606945 -0.151572 0.41704 -5.586596 -6.954492
-1.421371 -48.50744 8.705887 2.20092 0.729032 4.590713 2.41563 -0.810999 -2.743643
-9.421371 -48.50744 8.705887 1.759732 2.784407 1.787892 1.994211 -1.168346 -1.655237
14.57863 -50.50744 8.705887 -0.889735 0.57449 6.21743 7.774021 6.178001 7.12987
0.578629 -50.50744 8.705887 -0.386501 -0.169595 2.241056 2.830809 -1.635249 -1.156664
-1.421371 -50.50744 8.705887 2.25985 1.316894 7.151886 6.857973 -0.066228 -0.250727
-3.421371 -50.50744 8.705887 6.041634 6.09554 9.171678 9.19446 5.578505 5.217252
-5.421371 -50.50744 8.705887 6.541213 4.57758 13.69489 13.78885 7.416439 6.215713
-7.421371 -50.50744 8.705887 4.752508 4.245941 8.910625 9.380769 4.967371 4.411673
-9.421371 -50.50744 8.705887 2.570349 4.579371 2.187708 3.508167 2.018514 2.288733
12.57863 -52.50744 8.705887 -0.175532 -0.127853 8.932049 8.469179 6.963818 7.701903
10.57863 -52.50744 8.705887 -2.241153 -2.332057 7.078576 4.790166 3.513493 3.841338
8.578629 -52.50744 8.705887 1.024914 1.569851 4.247601 4.760375 2.315646 2.571028
6.578629 -52.50744 8.705887 2.021433 3.205532 4.985316 5.582085 3.332197 4.676528
0.578629 -52.50744 8.705887 0.821519 2.387211 1.046491 2.267551 1.40308 3.727697
-7.421371 -52.50744 8.705887 5.417193 7.364704 4.802383 6.709033 3.124388 3.553128
10.57863 -54.50744 8.705887 -0.25986 0.205286 5.881829 4.814523 0.92311 1.883354
8.578629 -54.50744 8.705887 -1.138692 1.200004 6.803685 6.788195 0.883639 2.012898
6.578629 -54.50744 8.705887 -0.363431 -0.230833 4.747902 3.332877 3.863096 4.606418
4.578629 -54.50744 8.705887 -0.4896 -1.794161 5.281866 3.716063 6.644516 8.681924
0.578629 -54.50744 8.705887 3.239638 6.385176 3.444595 3.940124 2.684474 5.65859
-1.421371 -54.50744 8.705887 -0.177564 2.711831 0.079006 1.671157 0.248972 1.754683
6.578629 -56.50744 8.705887 -1.531315 -2.497344 1.686598 -0.626891 5.114367 5.036334
4.578629 -56.50744 8.705887 -0.618106 -1.858507 1.084606 -1.339294 3.60924 4.131466
0.578629 -56.50744 8.705887 1.144615 0.540684 3.090773 1.521744 3.854242 4.196325
-1.421371 -56.50744 8.705887 0.373223 0.807482 -0.438592 -0.070329 3.316202 3.906102
6.578629 -58.50744 8.705887 0.563519 -3.214133 1.205249 -0.998246 1.748964 2.655211
4.578629 -58.50744 8.705887 0.809078 -1.520967 3.800473 2.776627 2.48705 3.598246
0.578629 -58.50744 8.705887 1.806727 0.242167 3.852725 1.652936 4.708387 4.257818
-1.421371 -58.50744 8.705887 1.462122 1.317557 0.562827 0.614453 4.563029 4.766681
6.578629 -60.50744 8.705887 2.395751 -0.960965 4.121229 2.868663 0.987019 -0.724758
4.578629 -60.50744 8.705887 1.114827 1.379387 5.006035 6.126249 1.716481 2.392784
0.578629 -60.50744 8.705887 1.908515 1.286457 3.585268 2.912992 3.198182 3.372304
6.578629 -62.50744 8.705887 2.407014 1.945802 2.655323 3.128583 1.902786 1.047066
4.578629 -62.50744 8.705887 3.167169 5.130637 3.425899 6.056039 0.998354 1.714285
0.578629 -62.50744 8.705887 5.054084 4.936788 0.86172 1.60307 0.285652 1.039387
6.578629 -64.50744 8.705887 4.264062 4.441702 2.379519 2.383989 3.157876 2.019263
4.578629 -64.50744 8.705887 7.218176 7.685283 4.830027 5.960502 3.3253 4.03585
0.578629 -64.50744 8.705887 0.705464 1.594552 2.034323 1.600001 -1.834151 -1.80138
-1.421371 -64.50744 8.705887 -0.863804 1.256757 1.912915 2.55839 -1.3046 -0.310939
-3.421371 -64.50744 8.705887 1.622226 1.110837 2.485978 2.48415 -0.21377 -0.826476
-5.421371 -64.50744 8.705887 6.077158 6.747253 2.454498 4.103868 -1.306522 -1.58331
6.578629 -66.50744 8.705887 5.175553 4.693606 3.09348 1.932963 2.265472 1.394936
4.578629 -66.50744 8.705887 5.701072 5.33247 5.790818 5.718763 2.459758 2.756917
0.578629 -66.50744 8.705887 -1.839205 -1.933723 0.840891 -0.7591 -1.029958 -2.286721
-1.421371 -66.50744 8.705887 -0.029405 0.301096 2.115142 0.825575 -0.569309 -1.103387
-3.421371 -66.50744 8.705887 1.657157 0.176364 3.275268 2.313944 -0.069176 -0.59239
-5.421371 -66.50744 8.705887 3.618635 3.775042 1.99897 2.389888 0.271032 0.79496
10.57863 -68.50744 8.705887 4.524156 3.987656 1.322386 2.087361 1.0088 0.978532
8.578629 -68.50744 8.705887 4.697199 3.624421 1.288782 1.354327 2.962898 2.789443
6.578629 -68.50744 8.705887 4.309831 4.272921 4.250403 4.722051 4.486382 5.828112
4.578629 -68.50744 8.705887 2.338787 0.855719 5.001547 5.921994 2.243764 2.550354
0.578629 -68.50744 8.705887 2.474924 2.974104 3.130957 2.595604 2.236389 1.803098
-1.421371 -68.50744 8.705887 0.632489 0.406047 0.979457 0.424113 -0.404071 -0.844333
-3.421371 -68.50744 8.705887 2.01938 0.072224 2.37318 0.348329 0.28853 -0.814743
8.578629 -70.50744 8.705887 4.585561 3.662859 2.508779 1.817286 4.519223 5.770457
6.578629 -70.50744 8.705887 2.012032 2.082035 2.899849 3.474913 2.968903 4.383212
-1.421371 -70.50744 8.705887 1.190767 0.100482 2.904803 2.11869 1.205216 0.883577
-11.42137 -36.50744 10.70589 5.206482 6.50521 3.468978 4.342618 -0.746702 0.966962
-13.42137 -38.50744 10.70589 2.910804 2.224865 3.496386 3.830295 1.309514 1.320739
14.57863 -40.50744 10.70589 3.549552 3.47029 2.083838 0.997855 0.339102 1.334558
12.57863 -40.50744 10.70589 1.848105 5.145148 3.07959 1.873993 0.774571 1.475833
-9.421371 -40.50744 10.70589 2.809541 0.309704 3.199625 2.463281 -2.230337 -1.993906
-11.42137 -40.50744 10.70589 0.567945 -1.866667 2.456007 1.389382 -0.201795 -0.736363
14.57863 -42.50744 10.70589 1.687587 -2.592721 0.055119 -1.908784 -2.124404 -2.969028
10.57863 -42.50744 10.70589 1.508362 2.9031 0.698148 -0.174739 0.723294 0.336298
0.578629 -42.50744 10.70589 4.727365 0.658318 5.543424 2.311266 -4.292688 -5.196455
-1.421371 -42.50744 10.70589 2.225574 -3.031338 4.703817 0.383298 -3.468112 -3.713894
-3.421371 -42.50744 10.70589 1.700706 -2.384669 3.396729 1.017941 -4.201031 -6.067632
-5.421371 -42.50744 10.70589 0.531359 -0.516991 1.462412 0.239089 -3.529021 -4.836869
-7.421371 -42.50744 10.70589 -1.303941 -1.775795 1.63153 1.771425 -3.371474 -2.359673
-9.421371 -42.50744 10.70589 -0.858911 -1.062561 -0.495038 1.301953 -2.111708 -0.789345
12.57863 -44.50744 10.70589 -3.905833 -3.698011 -2.365574 -2.249865 -2.670751 -2.995412
10.57863 -44.50744 10.70589 -1.586272 -1.682597 -0.826268 -1.000815 -1.851486 -1.356931
0.578629 -44.50744 10.70589 0.885746 1.119352 2.444883 1.567727 -2.979863 -3.829165
-1.421371 -44.50744 10.70589 1.351681 1.556384 4.839441 3.083987 0.290089 -0.424782
10.57863 -46.50744 10.70589 -0.840586 -1.847429 0.615569 -0.105472 -4.022744 -3.129876
8.578629 -46.50744 10.70589 0.123055 -1.761785 0.483497 -0.838067 -3.448663 -3.633708
6.578629 -46.50744 10.70589 2.323475 -0.523761 2.66565 1.12276 -0.178621 -1.314144
0.578629 -46.50744 10.70589 -0.653266 0.900682 0.46846 0.778029 -1.780585 -1.502352
-1.421371 -46.50744 10.70589 -1.288911 0.492543 0.596855 0.471718 0.055178 0.070198
-3.421371 -46.50744 10.70589 -0.969899 1.559576 -2.470847 -1.225357 0.441832 0.906756
-5.421371 -46.50744 10.70589 -0.034444 2.839232 0.071397 3.16284 0.633924 2.129506
6.578629 -48.50744 10.70589 0.291713 -0.658682 1.571581 1.245499 -4.514513 -4.812455
4.578629 -48.50744 10.70589 2.918614 1.435963 1.308223 -0.500821 -2.548301 -2.816335
-3.421371 -48.50744 10.70589 4.278758 3.812166 3.821098 3.71058 2.339806 3.344268
-5.421371 -48.50744 10.70589 0.285049 1.129831 3.894815 5.589041 1.948041 3.749799
-7.421371 -48.50744 10.70589 -0.288797 0.68896 2.362857 3.897765 -0.459059 1.280247
-9.421371 -48.50744 10.70589 -0.225219 -0.764215 0.841475 0.217732 -3.199189 -3.060617
14.57863 -50.50744 10.70589 0.328286 -1.20023 1.420447 0.994415 4.338666 6.134492
12.57863 -50.50744 10.70589 -1.286029 -4.572412 -0.594274 -0.752425 -0.172752 0.650793
10.57863 -50.50744 10.70589 1.953015 0.023082 -1.040447 -0.750899 1.346593 1.813945
8.578629 -50.50744 10.70589 3.091989 0.303781 0.817202 0.432268 -0.14622 -0.372477
6.578629 -50.50744 10.70589 0.826814 1.514045 1.383155 2.144762 -0.799998 -0.015705
0.578629 -50.50744 10.70589 5.140172 6.826678 6.837707 7.507777 0.343756 2.716381
-1.421371 -50.50744 10.70589 8.365327 7.427575 13.75742 12.78132 -0.838998 1.167091
-3.421371 -50.50744 10.70589 10.85926 10.00012 13.24272 12.75248 2.451623 4.480992
-9.421371 -50.50744 10.70589 -1.034076 -0.540127 -0.738691 -1.683004 1.993833 1.147641
14.57863 -52.50744 10.70589 2.862416 3.061359 5.905601 6.377166 5.759098 6.948676
6.578629 -52.50744 10.70589 2.052094 3.600505 6.34692 7.83671 3.449416 4.881801
0.578629 -52.50744 10.70589 0.208958 1.14156 1.029414 0.949674 -0.098819 1.7181
-1.421371 -52.50744 10.70589 0.600145 -0.279528 3.551494 3.48823 -1.437785 -0.448115
-3.421371 -52.50744 10.70589 5.925844 5.672897 5.119583 5.447402 3.571425 4.665596
-5.421371 -52.50744 10.70589 4.003204 5.559769 5.524873 6.530823 3.650553 4.03854
-7.421371 -52.50744 10.70589 0.273721 2.386162 2.020802 2.909935 2.266034 3.287943
-9.421371 -52.50744 10.70589 1.801817 3.029333 0.466828 0.918393 0.813113 0.869001
12.57863 -54.50744 10.70589 -0.844966 -2.395616 6.803223 3.752348 4.943419 5.014263
10.57863 -54.50744 10.70589 1.237519 0.562955 7.31999 4.639164 3.948406 3.573333
8.578629 -54.50744 10.70589 0.882816 3.82263 8.375695 9.065306 4.109568 5.370657
6.578629 -54.50744 10.70589 3.031911 4.349604 6.60985 7.126064 6.013339 7.409464
0.578629 -54.50744 10.70589 -2.28369 0.222791 1.024684 0.25544 0.47983 2.193789
-1.421371 -54.50744 10.70589 -0.452528 0.366677 0.611092 0.022058 0.629196 1.409216
-3.421371 -54.50744 10.70589 0.907247 1.886164 0.152573 -1.310837 1.150066 1.47728
-5.421371 -54.50744 10.70589 1.848987 3.285883 -0.330305 -0.516463 0.684942 1.474458
-7.421371 -54.50744 10.70589 1.238184 2.90607 2.348592 2.625832 2.054477 3.257919
-9.421371 -54.50744 10.70589 2.317343 2.994949 1.841083 2.027787 0.59984 0.763048
10.57863 -56.50744 10.70589 3.445166 3.954068 9.790984 7.947573 9.655684 9.278622
8.578629 -56.50744 10.70589 0.022503 0.311916 7.220856 5.80041 5.245187 4.829718
6.578629 -56.50744 10.70589 0.649235 -1.279078 3.202358 0.007314 3.11823 2.213027
4.578629 -56.50744 10.70589 2.662853 1.220256 3.886276 1.707098 5.824594 7.260562
0.578629 -56.50744 10.70589 -3.248314 -3.900293 0.973647 -2.543925 1.033926 0.043022
-1.421371 -56.50744 10.70589 -1.72632 -1.51263 0.031592 -2.441913 1.045914 0.632848
-3.421371 -56.50744 10.70589 -0.684562 0.1028 0.90659 -0.343217 0.602901 1.177096
-5.421371 -56.50744 10.70589 -0.14925 0.032988 -2.116101 -2.627447 -0.949952 -0.434293
-7.421371 -56.50744 10.70589 1.794417 2.018231 -0.131225 0.159642 -1.782093 -0.973404
8.578629 -58.50744 10.70589 -1.150529 -2.940148 -0.161342 -2.054278 2.36037 3.378922
6.578629 -58.50744 10.70589 -3.20291 -6.070149 -0.519939 -2.939917 -1.682016 -0.747588
4.578629 -58.50744 10.70589 -1.353499 -2.747073 2.925355 1.807608 1.903582 3.766478
0.578629 -58.50744 10.70589 -2.57387 -1.806013 2.950804 1.49613 1.959183 2.108371
-1.421371 -58.50744 10.70589 0.672931 1.001589 4.268176 3.014181 2.142216 2.115808
-3.421371 -58.50744 10.70589 -0.191074 0.111727 4.085267 2.758093 3.6458 3.642133
-5.421371 -58.50744 10.70589 -0.039527 -0.512478 -0.390595 -0.841659 3.140815 2.713614
8.578629 -60.50744 10.70589 -0.046029 -1.419768 0.888678 -0.855564 4.566662 4.419404
6.578629 -60.50744 10.70589 -2.114687 -4.966989 0.175661 -2.712242 0.804947 0.382669
4.578629 -60.50744 10.70589 -1.179751 -1.956279 2.669518 1.168938 1.857831 2.312776
0.578629 -60.50744 10.70589 -3.032945 -3.298092 2.440664 1.023911 0.992169 0.829983
-1.421371 -60.50744 10.70589 2.283744 2.078487 7.893757 6.902741 1.605173 1.776426
-3.421371 -60.50744 10.70589 0.45171 -0.313754 4.524122 4.315863 3.435544 3.511351
6.578629 -62.50744 10.70589 -1.177247 -2.139331 1.188127 1.284917 4.478706 4.208636
4.578629 -62.50744 10.70589 1.692643 1.941869 4.482667 4.460433 4.856991 5.494095
0.578629 -62.50744 10.70589 0.588034 -0.314794 0.496438 -0.734372 -0.27368 -0.665829
-1.421371 -62.50744 10.70589 1.905 2.182434 5.460742 5.253789 1.455025 1.732173
6.578629 -64.50744 10.70589 5.342699 4.468866 3.319259 3.899299 5.836825 6.152568
4.578629 -64.50744 10.70589 7.325525 5.301366 5.112395 4.56188 4.569819 5.474794
0.578629 -64.50744 10.70589 -4.426794 -3.592873 1.563151 0.885736 -0.910847 -0.073938
-5.421371 -64.50744 10.70589 5.986537 7.495136 2.626718 3.868919 3.849469 4.319289
6.578629 -66.50744 10.70589 7.090853 6.729632 5.628309 5.343942 5.482697 5.354067
4.578629 -66.50744 10.70589 7.091325 4.843629 5.221382 3.68296 4.164024 3.953298
0.578629 -66.50744 10.70589 -3.82849 -3.042931 0.660147 0.831606 0.306532 1.660634
-3.421371 -66.50744 10.70589 1.541942 -0.676952 1.854596 -0.320055 1.626108 1.211319
-5.421371 -66.50744 10.70589 2.175389 2.530836 2.293957 2.900046 2.264274 3.293562
10.57863 -68.50744 10.70589 -0.139064 -0.079552 0.963847 0.810454 1.120537 1.10101
6.578629 -68.50744 10.70589 2.537091 2.577088 4.99625 4.524169 4.602037 5.003459
4.578629 -68.50744 10.70589 1.334846 -0.813245 2.23504 1.25533 2.813286 1.932762
0.578629 -68.50744 10.70589 -0.137139 0.310197 0.234995 0.275087 2.400171 2.513227
-1.421371 -68.50744 10.70589 0.998263 1.63472 0.690008 0.198453 1.019215 1.125319
-3.421371 -68.50744 10.70589 2.045899 -0.209393 2.081935 -0.263926 1.175105 0.571219
-5.421371 -68.50744 10.70589 0.9319 -1.375574 1.953847 0.198003 1.952186 1.319454
10.57863 -70.50744 10.70589 2.870643 2.87178 1.340143 0.980691 1.612166 3.187583
8.578629 -70.50744 10.70589 1.287893 0.704636 1.681388 0.569483 4.212011 4.982057
6.578629 -70.50744 10.70589 0.790765 0.467364 2.68062 3.550984 2.659201 3.571549
-1.421371 -70.50744 10.70589 2.425814 3.050048 2.330845 2.936752 2.194957 1.920266
-3.421371 -70.50744 10.70589 -0.591735 -2.297068 0.848661 0.760427 -0.046912 -1.321896
-5.421371 -70.50744 10.70589 -0.115621 -3.28745 0.193788 -0.810361 0.055451 -0.483337
-11.42137 -36.50744 12.70589 4.771825 4.766182 -0.605933 -0.55087 -0.834473 0.323181
-13.42137 -36.50744 12.70589 3.232296 2.334247 -2.156239 -2.282627 0.664818 0.651382
-13.42137 -38.50744 12.70589 1.028068 -1.277984 -0.576976 -1.337 2.373363 1.443741
14.57863 -40.50744 12.70589 2.279004 2.593905 2.728333 2.951703 -2.537996 -1.619208
12.57863 -40.50744 12.70589 -1.837996 0.425177 0.438024 1.434984 -1.930317 -1.670925
-7.421371 -40.50744 12.70589 1.143165 -3.124135 1.457888 -3.25646 -2.128625 -2.642616
-9.421371 -40.50744 12.70589 2.673921 -1.217269 2.102055 -0.543353 -0.275955 0.203397
-11.42137 -40.50744 12.70589 0.611704 -2.729249 0.671062 -1.598881 2.142936 1.852567
-13.42137 -40.50744 12.70589 0.161762 -2.65549 1.301329 -1.683001 1.856242 0.172229
-15.42137 -40.50744 12.70589 0.934276 0.950464 3.893159 2.892151 2.567768 1.707064
16.57863 -42.50744 12.70589 3.582264 1.324943 2.361672 0.679831 -3.360661 -3.337029
14.57863 -42.50744 12.70589 2.512345 -0.087266 3.416875 2.447765 -2.072621 -1.245053
12.57863 -42.50744 12.70589 -1.031191 1.126004 0.15981 0.842731 -3.262306 -2.295006
-1.421371 -42.50744 12.70589 0.255823 -1.84002 6.790756 5.271062 1.384665 2.27613
-3.421371 -42.50744 12.70589 -0.388349 -2.014792 2.126537 2.454216 -2.401037 -3.25097
-5.421371 -42.50744 12.70589 1.122935 -1.654947 0.826487 -1.256575 -4.623397 -6.454309
-7.421371 -42.50744 12.70589 -1.035328 -4.865109 1.882087 -1.625474 -4.215913 -4.851311
-9.421371 -42.50744 12.70589 -1.196412 -5.66519 0.456853 -2.244761 -0.99394 -1.772616
-11.42137 -42.50744 12.70589 -1.195075 -6.775495 0.284563 -3.90654 0.318197 -2.464184
-13.42137 -42.50744 12.70589 0.635734 -3.311538 3.143332 -0.075611 -0.065546 -2.05017
-15.42137 -42.50744 12.70589 1.687442 1.318969 4.57747 3.850987 1.491947 0.605355
14.57863 -44.50744 12.70589 -0.699583 -4.425668 0.422363 -2.079938 -4.708156 -6.125522
12.57863 -44.50744 12.70589 -1.5146 -2.95646 -2.936942 -3.790734 -5.355141 -5.43979
0.578629 -44.50744 12.70589 1.966936 -3.040705 7.007101 2.457963 1.693621 -1.106291
-1.421371 -44.50744 12.70589 -1.131276 -3.984585 4.505268 1.503093 -0.262637 -1.969328
-3.421371 -44.50744 12.70589 0.141352 -2.659128 -0.135726 -1.928663 0.159063 -1.093349
-11.42137 -44.50744 12.70589 -3.550507 -7.838506 0.368459 -2.056808 -0.409875 -2.664784
12.57863 -46.50744 12.70589 -1.623754 -2.785372 1.127997 -0.066446 -5.678391 -6.181814
10.57863 -46.50744 12.70589 0.566566 -1.222333 1.821001 1.195016 -3.798302 -3.323705
8.578629 -46.50744 12.70589 3.504741 0.522817 2.629071 2.293533 -1.725079 -2.774809
0.578629 -46.50744 12.70589 2.955282 -1.08546 5.820655 2.751907 3.15799 0.873754
-1.421371 -46.50744 12.70589 -2.596453 -4.937449 3.282818 0.900998 0.177611 -1.346457
8.578629 -48.50744 12.70589 3.907272 1.2717 3.996858 3.383048 -1.553148 -3.086119
6.578629 -48.50744 12.70589 0.302024 -0.849007 3.270163 2.393157 -3.542075 -4.042497
4.578629 -48.50744 12.70589 2.037497 -0.747787 5.090935 3.406738 -2.376236 -1.995614
-1.421371 -48.50744 12.70589 0.451501 -0.030422 3.391174 3.35652 0.894219 0.67677
-3.421371 -48.50744 12.70589 -2.422687 -1.903153 0.473897 0.873242 -2.491977 -2.885716
-5.421371 -48.50744 12.70589 -0.43811 1.703156 -1.401661 -1.214944 -0.287575 0.277776
4.578629 -50.50744 12.70589 2.481631 3.190814 1.766892 1.381023 -1.78025 -1.711827
-3.421371 -50.50744 12.70589 3.736342 5.798419 7.019131 8.757047 -2.944705 -0.507983
-5.421371 -50.50744 12.70589 3.337608 6.535627 6.580229 8.024789 1.173414 3.543819
-7.421371 -50.50744 12.70589 0.271482 2.638873 2.78058 3.054705 2.412917 4.086573
12.57863 -52.50744 12.70589 -0.301725 -0.057191 1.084167 2.065194 0.336701 0.456655
10.57863 -52.50744 12.70589 1.429005 0.55288 2.767648 5.36802 2.254278 1.737052
8.578629 -52.50744 12.70589 0.727641 1.722194 2.396748 4.920074 0.038303 0.806938
6.578629 -52.50744 12.70589 2.569272 3.630283 3.06811 4.041525 -0.613512 -0.164229
4.578629 -52.50744 12.70589 4.513315 4.36215 2.898861 1.85607 3.078099 3.025297
-5.421371 -52.50744 12.70589 3.464174 4.859125 7.490245 6.739422 2.333282 3.415298
-7.421371 -52.50744 12.70589 0.411454 1.646113 2.883839 1.874396 1.794457 3.488789
12.57863 -54.50744 12.70589 -2.859307 -2.925312 3.108815 3.428427 0.194011 0.17222
-1.421371 -54.50744 12.70589 1.455578 0.519613 1.480169 0.111401 -1.088417 -1.407912
-7.421371 -54.50744 12.70589 1.229791 1.167087 2.519106 1.361131 1.262283 3.234798
-9.421371 -54.50744 12.70589 2.173766 2.418371 1.365825 1.388803 0.929593 2.630607
12.57863 -56.50744 12.70589 1.853354 1.237426 8.85979 9.278601 1.490763 3.128464
-1.421371 -56.50744 12.70589 1.145696 -1.235361 2.714248 -1.704651 0.499388 0.610509
-7.421371 -56.50744 12.70589 0.461634 0.141195 0.83227 -0.511522 -0.036063 1.326327
-9.421371 -56.50744 12.70589 1.618379 2.666833 0.879649 2.052444 0.240471 1.906577
10.57863 -58.50744 12.70589 4.329092 4.870255 3.796559 4.920516 3.489144 4.46765
6.578629 -58.50744 12.70589 2.067951 -0.973664 3.654996 1.175701 2.675116 3.638214
4.578629 -58.50744 12.70589 5.124833 2.822121 7.969315 5.358624 7.182473 10.08404
-1.421371 -58.50744 12.70589 0.467931 -1.798507 1.353885 -2.044722 -1.084593 0.053333
-3.421371 -58.50744 12.70589 -1.819781 -3.343673 4.18024 0.067437 -0.701936 0.362437
-5.421371 -58.50744 12.70589 -0.626656 -1.645781 0.495355 -2.416942 1.339263 2.371335
-7.421371 -58.50744 12.70589 -0.13928 0.974468 1.192268 1.138556 0.97302 1.831653
10.57863 -60.50744 12.70589 2.375528 2.856672 0.579482 1.075309 0.888655 0.724465
8.578629 -60.50744 12.70589 1.342234 0.981002 3.905172 3.128041 3.743651 3.793052
6.578629 -60.50744 12.70589 -1.029824 -2.452793 2.518731 -0.411304 1.689943 0.720119
4.578629 -60.50744 12.70589 0.401143 -1.337394 4.005863 1.01785 4.91083 4.224761
0.578629 -60.50744 12.70589 -0.159649 -3.156774 1.247773 0.132506 -0.337396 -0.686801
-1.421371 -60.50744 12.70589 1.210595 -0.970141 2.210511 0.226757 -3.693083 -2.529416
-3.421371 -60.50744 12.70589 -0.411214 -3.842722 3.732158 1.267172 -0.44893 0.572846
-5.421371 -60.50744 12.70589 -2.110779 -3.427525 -0.296248 -1.551897 -0.790279 0.683704
-7.421371 -60.50744 12.70589 -2.756179 -1.91314 0.31997 0.361868 -2.622885 -2.060806
10.57863 -62.50744 12.70589 2.854718 3.199302 1.143756 0.735326 1.451998 1.822749
8.578629 -62.50744 12.70589 1.920543 2.148855 0.450209 0.097099 3.650035 4.104827
6.578629 -62.50744 12.70589 -0.614844 0.137295 0.720886 0.947919 2.966644 2.527885
4.578629 -62.50744 12.70589 0.177654 0.387127 2.514675 1.351337 5.765086 5.028958
-1.421371 -62.50744 12.70589 1.994284 0.989137 2.249096 1.305683 -1.101503 -0.726393
-3.421371 -62.50744 12.70589 1.465837 -0.973687 2.94137 1.552244 0.463819 0.84578
-5.421371 -62.50744 12.70589 -0.403194 -1.269787 1.428727 0.913599 0.593863 1.139047
8.578629 -64.50744 12.70589 3.283156 4.063866 2.764286 3.649413 4.050929 5.08767
6.578629 -64.50744 12.70589 1.052364 2.204195 1.902347 3.432815 3.720823 4.25647
4.578629 -64.50744 12.70589 0.721563 -0.759264 1.350504 0.104708 2.341363 1.675119
0.578629 -64.50744 12.70589 -1.59843 -0.840163 0.828254 1.159382 1.292673 1.745649
-1.421371 -64.50744 12.70589 -0.322433 0.584514 1.986417 2.401954 1.211031 1.843061
-3.421371 -64.50744 12.70589 1.71123 2.179955 1.594484 1.399216 1.128441 0.743675
6.578629 -66.50744 12.70589 1.025593 1.47696 4.314904 4.532139 5.578721 6.342478
4.578629 -66.50744 12.70589 -0.556479 -1.513873 0.936172 -1.44449 1.059886 0.690838
0.578629 -66.50744 12.70589 -2.288388 -1.211844 -0.129929 0.78057 1.022637 1.838241
-1.421371 -66.50744 12.70589 -0.982686 -0.847459 0.892869 0.885848 1.475655 1.273411
10.57863 -68.50744 12.70589 -1.369441 0.004508 -0.342273 -0.549047 1.570175 3.869568
6.578629 -68.50744 12.70589 0.415999 1.07109 1.329343 0.097105 4.440819 5.020369
4.578629 -68.50744 12.70589 0.787013 0.779451 -0.307445 -2.680025 3.123271 2.900415
0.578629 -68.50744 12.70589 -1.059173 -0.562709 -1.605103 -1.097993 2.334113 2.999856
-1.421371 -68.50744 12.70589 -0.932224 -0.651848 1.386919 0.690633 2.156381 1.859143
10.57863 -70.50744 12.70589 1.771087 2.136678 0.932709 -0.086443 1.901468 3.033853
8.578629 -70.50744 12.70589 0.056407 -0.374055 0.847601 -1.293989 2.980018 3.633194
6.578629 -70.50744 12.70589 -0.941865 -1.465327 0.614164 -1.377913 1.356685 1.371512
4.578629 -70.50744 12.70589 -0.015366 -0.409354 -0.25955 -1.838982 -1.044216 -0.895367
0.578629 -70.50744 12.70589 0.121022 1.327429 0.668858 1.854606 1.176869 2.189343
-1.421371 -70.50744 12.70589 0.266632 1.264042 0.275443 0.082118 2.757963 3.355194
-3.421371 -70.50744 12.70589 -1.672469 -2.526803 -0.131387 -1.056224 1.353192 1.300877
-5.421371 -70.50744 12.70589 -1.565546 -3.00859 -0.399848 -1.195639 0.678132 0.972012
8.578629 -72.50744 12.70589 1.778414 0.815428 0.312572 -1.948087 4.478905 5.219209
-3.421371 -72.50744 12.70589 -1.391013 -2.394531 -2.327726 -3.092328 0.545173 0.698917
-5.421371 -72.50744 12.70589 -1.580305 -3.332678 -4.080485 -4.706586 -0.194712 0.09834
-13.42137 -36.50744 14.70589 -0.173136 -0.665189 -2.871976 -3.307255 -0.400967 0.258228
-13.42137 -38.50744 14.70589 2.024678 1.099112 -3.214374 -3.934495 0.333371 0.457743
-15.42137 -40.50744 14.70589 0.624395 1.761329 -1.159974 -2.459134 1.471091 0.743595
16.57863 -42.50744 14.70589 -0.056147 0.143393 -0.00871 -1.332437 -0.980217 -0.518965
14.57863 -42.50744 14.70589 -2.1662 -2.518328 0.835746 -0.621268 2.387966 2.882116
12.57863 -42.50744 14.70589 -1.289389 0.003166 3.379033 2.701003 0.474412 -0.296883
-3.421371 -42.50744 14.70589 3.971767 1.847519 0.259569 0.229058 3.563259 3.497702
-5.421371 -42.50744 14.70589 4.80469 0.846129 -0.142418 -1.853385 1.421055 0.746602
-7.421371 -42.50744 14.70589 0.833332 -2.897303 1.057988 -1.261296 -1.031808 -2.782135
-9.421371 -42.50744 14.70589 -1.489807 -5.474554 -0.011266 -1.49854 -0.951575 -3.140948
-11.42137 -42.50744 14.70589 0.829563 -2.009576 0.216808 -2.20253 0.919307 -0.569933
-15.42137 -42.50744 14.70589 -1.040472 -0.216462 1.145172 0.245558 3.577555 2.015073
-17.42137 -42.50744 14.70589 -1.945629 0.647238 -1.43952 -1.92968 4.581509 3.794445
16.57863 -44.50744 14.70589 -1.671338 -3.004191 1.51755 -1.63838 0.074944 0.792504
-1.421371 -44.50744 14.70589 -0.069009 -5.790792 1.993663 -2.583662 2.215372 -0.786026
-3.421371 -44.50744 14.70589 2.587133 -1.074901 -1.897922 -4.218756 2.683317 1.256324
-5.421371 -44.50744 14.70589 2.732889 0.627387 -3.717161 -5.034515 0.683361 0.600933
-7.421371 -44.50744 14.70589 1.358584 -0.996553 -1.690307 -2.459004 -1.654369 -2.504171
-9.421371 -44.50744 14.70589 -0.764279 -5.35984 -0.632266 -3.155131 -2.845339 -4.953803
-11.42137 -44.50744 14.70589 0.547263 -4.821757 0.375001 -3.706717 -1.638999 -3.757997
-13.42137 -44.50744 14.70589 1.963292 -1.59386 1.837433 0.016038 -0.454409 -1.819957
-15.42137 -44.50744 14.70589 1.556784 1.918317 1.426348 1.831265 4.016369 3.397885
16.57863 -46.50744 14.70589 -2.580667 -5.85208 2.13012 -1.483471 -0.015511 0.892122
14.57863 -46.50744 14.70589 0.857914 -1.678244 3.037602 -0.211846 -3.064809 -1.333867
12.57863 -46.50744 14.70589 -0.680752 -4.237765 -0.256032 -3.072242 -4.487977 -4.589267
-1.421371 -46.50744 14.70589 -2.050372 -5.82486 3.88335 0.027072 1.428305 -0.448363
-3.421371 -46.50744 14.70589 -0.032734 -2.98064 1.32258 -1.677887 0.284328 -0.876374
-7.421371 -46.50744 14.70589 0.615417 -0.564331 0.432841 -0.334824 -3.318784 -2.528673
-9.421371 -46.50744 14.70589 -2.140023 -8.773661 -1.512566 -7.509115 -3.91148 -5.801777
-11.42137 -46.50744 14.70589 1.270514 -6.043218 0.213738 -5.506079 -1.078946 -4.567132
-13.42137 -46.50744 14.70589 4.595726 1.685233 2.959827 1.910095 1.220024 -0.510803
14.57863 -48.50744 14.70589 2.292649 1.996077 4.462958 4.47664 -0.481765 1.045554
12.57863 -48.50744 14.70589 -2.802358 -3.907971 1.558563 0.691597 -4.518867 -3.899603
10.57863 -48.50744 14.70589 -2.886439 -3.359671 1.918279 2.575056 -4.163223 -3.120178
8.578629 -48.50744 14.70589 1.822254 2.637 5.849508 8.65141 -1.167381 0.611193
6.578629 -48.50744 14.70589 -2.304881 -2.080872 3.516759 4.573522 -2.342644 -1.277041
-1.421371 -48.50744 14.70589 -1.6093 -2.513222 1.187235 0.75384 -0.077782 -1.005446
-7.421371 -48.50744 14.70589 -3.250849 -5.024491 -1.317397 -2.185008 -4.42732 -3.449551
-9.421371 -48.50744 14.70589 -3.55566 -8.131714 -0.729253 -3.803125 -3.536885 -4.123728
-11.42137 -48.50744 14.70589 1.528957 -1.562745 1.365969 -1.130484 0.204378 -0.79272
10.57863 -50.50744 14.70589 -1.426402 -2.277884 3.165758 4.063219 -0.173531 1.1376
8.578629 -50.50744 14.70589 -0.724393 -1.49251 3.522017 4.162365 -1.556366 -1.110531
6.578629 -50.50744 14.70589 -3.932428 -5.35958 1.889982 0.607626 -3.721377 -4.562087
4.578629 -50.50744 14.70589 0.642049 0.535577 1.632948 1.132884 -4.111766 -4.529571
0.578629 -50.50744 14.70589 -3.460258 -3.727825 3.243502 1.478768 0.975366 0.654613
-1.421371 -50.50744 14.70589 -2.853102 -1.092329 2.198302 1.945977 -1.94456 -1.717865
-9.421371 -50.50744 14.70589 -3.050034 -3.716545 -0.346747 1.734004 0.463856 1.498639
4.578629 -52.50744 14.70589 4.843018 5.524892 1.972953 2.760344 -1.674613 -1.176724
0.578629 -52.50744 14.70589 -0.689201 1.240869 3.665221 4.347098 0.477389 1.082757
-1.421371 -52.50744 14.70589 0.999677 4.173838 2.99631 3.797713 -0.692423 0.141288
-3.421371 -52.50744 14.70589 -0.267031 2.10463 5.233147 6.514175 -0.538667 0.736548
12.57863 -54.50744 14.70589 -3.054249 -4.112311 0.456051 -1.675601 -2.597527 -3.319179
10.57863 -54.50744 14.70589 2.692237 2.108989 0.855342 0.502295 -0.590395 0.79352
8.578629 -54.50744 14.70589 3.423266 3.140561 3.590922 3.896172 -0.765109 0.695385
6.578629 -54.50744 14.70589 6.062371 6.704086 4.706941 4.855028 -1.299493 -0.809475
4.578629 -54.50744 14.70589 9.683533 10.89829 4.274588 4.374255 -0.226549 0.15188
-1.421371 -54.50744 14.70589 2.15296 4.188638 4.595924 6.663739 -0.001642 0.710542
-3.421371 -54.50744 14.70589 0.610137 3.820524 4.009007 6.541688 -0.906975 0.593291
-5.421371 -54.50744 14.70589 -0.121692 1.696345 1.418941 2.7837 -2.300132 -1.590132
12.57863 -56.50744 14.70589 -0.833319 -1.738672 1.050807 -1.54092 -3.465934 -2.032837
10.57863 -56.50744 14.70589 8.606124 9.126345 4.635966 3.247055 1.230309 4.716974
8.578629 -56.50744 14.70589 5.574214 4.452727 7.710786 7.386931 2.478064 5.61448
6.578629 -56.50744 14.70589 9.68862 10.56837 7.789791 7.098742 2.950456 5.223315
4.578629 -56.50744 14.70589 12.28902 14.76957 7.422207 6.351541 1.479817 2.629816
-1.421371 -56.50744 14.70589 0.645509 2.47548 4.782161 5.474796 0.494398 1.84223
-3.421371 -56.50744 14.70589 -1.430367 2.181016 5.615357 6.572654 -2.42023 -1.013289
-5.421371 -56.50744 14.70589 -1.519446 1.181804 2.463835 2.796014 -2.186906 -1.039623
-7.421371 -56.50744 14.70589 -0.649702 0.304029 2.090985 1.70646 0.530185 1.204225
12.57863 -58.50744 14.70589 0.798281 0.409321 -1.350826 -3.481821 -1.548448 -0.332664
8.578629 -58.50744 14.70589 4.455822 2.566579 4.041156 4.786222 1.943784 2.809046
6.578629 -58.50744 14.70589 10.10287 8.167573 3.451041 1.23167 2.447371 3.32625
-1.421371 -58.50744 14.70589 0.392569 1.092881 3.804131 2.769825 -0.874609 0.374635
-3.421371 -58.50744 14.70589 0.945243 3.221927 6.152184 4.322389 -1.699175 -0.122241
-5.421371 -58.50744 14.70589 2.197877 4.940434 4.389711 4.264272 0.205514 1.790913
-7.421371 -58.50744 14.70589 -0.648155 0.699121 2.673623 2.508798 1.090928 2.329797
8.578629 -60.50744 14.70589 1.25237 1.72478 3.455635 6.571784 -0.189178 0.09277
6.578629 -60.50744 14.70589 4.014778 3.533619 2.561321 1.759827 0.587458 1.301256
-1.421371 -60.50744 14.70589 3.1684 0.73277 2.925424 -0.403551 -3.008749 -1.609922
-3.421371 -60.50744 14.70589 3.667862 2.08372 3.328467 -0.952575 -1.381385 0.224428
-7.421371 -60.50744 14.70589 -1.105322 -0.742536 2.129467 2.20298 -1.149925 0.368847
10.57863 -62.50744 14.70589 0.130268 1.721642 3.048249 4.961592 1.980328 1.887911
8.578629 -62.50744 14.70589 -2.434648 -0.216925 -0.097626 2.353436 0.248889 0.378271
6.578629 -62.50744 14.70589 0.342501 0.109307 1.119272 0.602686 2.097828 1.445991
-7.421371 -62.50744 14.70589 0.410309 0.524251 0.056352 -0.514603 0.245373 0.717061
10.57863 -64.50744 14.70589 -3.452029 -3.015927 0.700289 0.03148 -0.063114 -0.179112
8.578629 -64.50744 14.70589 -2.064905 -0.288946 -0.451254 -0.277342 0.686377 1.060325
6.578629 -64.50744 14.70589 0.929885 0.393498 1.797958 1.006338 3.887892 3.51205
-3.421371 -64.50744 14.70589 4.811016 4.35223 1.117 -1.997513 -0.855907 0.280598
-5.421371 -64.50744 14.70589 2.707246 2.627503 3.388644 2.731999 2.251139 2.897639
8.578629 -66.50744 14.70589 -0.57597 0.268146 3.183193 2.317408 2.575772 3.536489
6.578629 -66.50744 14.70589 0.58331 1.099893 4.036263 5.008387 4.445244 4.873415
-1.421371 -66.50744 14.70589 -0.457723 -1.940008 -1.790155 -4.223087 -0.02156 0.735788
-3.421371 -66.50744 14.70589 1.759296 0.969211 0.290421 -1.735403 1.605229 2.122156
-5.421371 -66.50744 14.70589 0.309499 0.289833 1.714781 0.763879 3.055699 3.456132
10.57863 -68.50744 14.70589 -1.943095 -1.149207 -1.149549 -2.196376 2.513046 4.069981
6.578629 -68.50744 14.70589 -0.237059 -1.221907 1.907698 0.995126 4.131667 5.234065
4.578629 -68.50744 14.70589 -1.809628 -1.976738 0.780847 -0.88642 2.592509 2.918564
0.578629 -68.50744 14.70589 -1.542757 -2.47467 -2.880147 -2.987551 2.181584 3.345186
-1.421371 -68.50744 14.70589 -3.143208 -3.863486 -0.269828 -1.758433 0.902977 1.203272
10.57863 -70.50744 14.70589 0.065331 0.319977 -0.652904 -1.787464 2.1842 2.564806
8.578629 -70.50744 14.70589 -0.240654 -0.83724 -0.214535 -2.040872 3.233446 3.624109
6.578629 -70.50744 14.70589 -2.345427 -3.903435 -0.55208 -3.372463 2.874145 2.399694
4.578629 -70.50744 14.70589 -2.138134 -2.355341 -0.767855 -3.044765 0.128974 -0.297054
-1.421371 -70.50744 14.70589 -4.613467 -4.67964 -1.260264 -2.710975 3.663411 4.107373
-3.421371 -70.50744 14.70589 -1.663246 -2.417021 -1.371596 -2.657304 2.789347 2.542172
-5.421371 -70.50744 14.70589 -0.717623 -0.528803 -2.142457 -2.398618 2.054685 2.444629
16.57863 -42.50744 16.70589 -2.749782 -2.445622 -2.514895 -3.792894 1.42309 0.564825
14.57863 -42.50744 16.70589 -2.653252 -3.413246 0.356448 -1.572854 2.111961 0.99826
18.57863 -44.50744 16.70589 -0.977642 -1.165798 -3.810903 -4.250469 -1.764273 -4.399594
16.57863 -44.50744 16.70589 1.446743 2.02999 0.192161 -0.573888 2.588652 2.37408
-3.421371 -44.50744 16.70589 -0.241809 -2.039355 -5.11397 -5.606143 0.765122 -0.073054
-5.421371 -44.50744 16.70589 0.717153 -0.048476 -5.341772 -4.846313 1.654994 2.019673
-7.421371 -44.50744 16.70589 -1.520647 -3.845446 -1.751586 -2.278063 -0.904812 -0.993833
-15.42137 -44.50744 16.70589 0.364258 -0.716093 -0.618223 -1.523919 3.511694 1.991908
-17.42137 -44.50744 16.70589 1.305847 1.089195 -0.999205 -1.105136 1.976069 0.874699
18.57863 -46.50744 16.70589 1.413807 0.214373 2.17332 2.587112 -0.629506 -2.387596
-1.421371 -46.50744 16.70589 -2.174886 -8.247284 0.753917 -5.105503 1.33386 0.54376
-3.421371 -46.50744 16.70589 -2.33922 -7.127065 -7.099174 -12.67338 -1.537235 -2.891728
-5.421371 -46.50744 16.70589 -1.078285 -3.130813 -6.980886 -9.981133 1.035116 1.264039
-7.421371 -46.50744 16.70589 -3.401311 -8.342467 -2.391972 -5.552581 -2.186798 -2.5182
-11.42137 -46.50744 16.70589 1.114509 -5.822445 -0.792211 -3.533114 -0.977715 -4.8079
-13.42137 -46.50744 16.70589 3.221814 0.176777 0.116482 -1.11585 1.785584 -0.327034
18.57863 -48.50744 16.70589 1.077378 -2.52289 1.992356 0.369811 -2.463672 -4.193356
16.57863 -48.50744 16.70589 1.185696 -0.970117 1.243091 1.374047 -1.565491 -1.957929
14.57863 -48.50744 16.70589 2.916651 2.023334 4.317727 4.579639 3.112533 4.279668
0.578629 -48.50744 16.70589 0.490471 -2.557612 -0.417229 -3.547188 2.747442 2.984781
-1.421371 -48.50744 16.70589 -1.558319 -5.329693 -4.569022 -7.533679 -0.20298 -0.171842
-3.421371 -48.50744 16.70589 -1.230687 -5.434431 -6.940975 -11.56055 -3.068808 -2.520841
-5.421371 -48.50744 16.70589 -3.461087 -8.342319 -5.077396 -11.47499 -0.203281 0.195192
-7.421371 -48.50744 16.70589 -4.392579 -11.65616 -1.46757 -7.352007 -3.212935 -4.126875
-11.42137 -48.50744 16.70589 -0.315498 -2.477002 -1.251043 -2.830406 0.47023 -0.116623
-13.42137 -48.50744 16.70589 2.732649 1.582579 0.683808 0.260386 2.912244 2.290043
16.57863 -50.50744 16.70589 -4.514365 -6.94671 -1.314062 -1.047334 0.386208 -0.427649
14.57863 -50.50744 16.70589 -1.397088 -1.853476 1.403859 2.545822 1.981059 2.668457
12.57863 -50.50744 16.70589 0.847127 0.649564 -0.013505 -0.430277 2.166068 2.623745
10.57863 -50.50744 16.70589 0.042392 1.197058 -0.835952 1.304161 1.507885 2.301773
8.578629 -50.50744 16.70589 0.203049 0.673364 2.636866 5.289826 -0.115549 1.390768
6.578629 -50.50744 16.70589 -0.515721 -1.880826 2.826848 2.07231 -0.037877 0.118445
4.578629 -50.50744 16.70589 1.179098 0.426076 2.203705 0.694762 -0.185601 -0.660572
0.578629 -50.50744 16.70589 -1.221058 -2.245113 1.702602 0.57741 2.096413 3.718415
-1.421371 -50.50744 16.70589 -0.005445 0.406199 -0.848152 -0.24399 1.752926 2.813428
-3.421371 -50.50744 16.70589 -0.763707 -0.902097 -0.373207 0.270176 -1.068379 0.764085
-5.421371 -50.50744 16.70589 -0.995486 -2.540319 -0.446789 -1.722992 0.443271 1.646389
-7.421371 -50.50744 16.70589 -0.084398 -1.669675 -0.104225 -1.241888 2.00613 2.654036
-11.42137 -50.50744 16.70589 -0.861234 -0.558925 -2.69482 -2.597684 0.216538 0.379105
10.57863 -52.50744 16.70589 -1.49448 -2.853853 -0.019885 0.449353 -0.631132 -0.44765
8.578629 -52.50744 16.70589 -1.069233 -2.191511 -0.395269 1.920747 -2.997874 -0.457556
6.578629 -52.50744 16.70589 4.488681 3.060241 1.271433 1.650461 1.126225 1.787003
4.578629 -52.50744 16.70589 4.39116 3.073267 1.366505 0.96094 0.272673 0.431058
0.578629 -52.50744 16.70589 0.801433 1.619519 3.138749 4.178045 1.511554 3.417387
-5.421371 -52.50744 16.70589 1.324104 0.490302 2.220555 3.021704 0.810021 2.200981
-7.421371 -52.50744 16.70589 2.89581 1.361188 1.764073 0.551873 2.707716 2.975913
-9.421371 -52.50744 16.70589 2.767564 0.671574 -0.201236 -1.752726 1.557436 1.322859
4.578629 -54.50744 16.70589 5.946627 6.00243 3.190722 4.555816 -0.144517 -0.59227
0.578629 -54.50744 16.70589 3.875323 5.155642 6.44498 7.694108 0.60414 2.402513
-1.421371 -54.50744 16.70589 4.038982 6.188904 5.655213 8.298072 1.052782 2.559896
6.578629 -56.50744 16.70589 3.186321 3.4734 4.739631 6.251308 -3.476557 -3.721599
4.578629 -56.50744 16.70589 3.324313 4.458955 5.926042 8.767509 -3.70946 -4.118578
0.578629 -56.50744 16.70589 0.224039 3.058838 4.968536 7.067422 -4.47931 -1.398757
-1.421371 -56.50744 16.70589 -0.137072 1.531099 4.223952 5.703814 -1.695358 0.332111
10.57863 -58.50744 16.70589 3.939737 5.538026 2.607792 2.027887 -2.978565 -3.319002
8.578629 -58.50744 16.70589 1.593198 0.781239 3.003397 2.685548 -1.838138 -2.448586
6.578629 -58.50744 16.70589 3.580942 2.447032 3.519101 3.294423 -3.057975 -2.99317
4.578629 -58.50744 16.70589 9.14643 9.912571 7.42469 10.10985 -2.147441 -2.205518
0.578629 -58.50744 16.70589 0.342454 0.936106 3.934436 4.858038 -1.677717 -1.409323
-1.421371 -58.50744 16.70589 -0.040046 0.166241 4.416177 5.685036 0.647093 1.087278
-3.421371 -58.50744 16.70589 -3.883695 -2.131768 3.689304 4.620128 -0.146623 0.650759
10.57863 -60.50744 16.70589 3.940626 4.814641 3.711958 2.546782 0.161762 -1.184599
8.578629 -60.50744 16.70589 1.002631 0.127948 0.494293 -0.257973 -0.839259 -1.995515
6.578629 -60.50744 16.70589 2.807448 2.060406 1.48803 1.591213 -1.39445 -0.864172
4.578629 -60.50744 16.70589 6.80618 6.708887 3.914161 6.819705 1.044207 1.357824
0.578629 -60.50744 16.70589 0.343287 0.711006 4.037963 4.523638 -2.043976 -2.445413
-1.421371 -60.50744 16.70589 2.206247 1.863728 3.187911 3.488433 -0.528531 -1.084713
-3.421371 -60.50744 16.70589 -0.917004 1.714789 0.527487 1.55557 -0.427038 0.839467
-5.421371 -60.50744 16.70589 -0.236368 1.720958 1.051588 2.880949 0.877455 2.255674
-7.421371 -60.50744 16.70589 1.460914 0.970436 2.438592 3.268296 3.469093 5.040842
10.57863 -62.50744 16.70589 1.60227 1.742785 3.391753 2.761091 2.298814 1.717116
8.578629 -62.50744 16.70589 0.93074 0.266106 -1.095514 -1.400324 0.129317 -0.204247
6.578629 -62.50744 16.70589 0.695687 0.463519 -0.178022 1.682946 0.852303 1.222088
-1.421371 -62.50744 16.70589 5.136268 4.668083 0.494189 0.069052 -1.955808 -1.722925
-3.421371 -62.50744 16.70589 3.727754 6.751931 0.608489 1.384311 -0.76539 0.312577
-5.421371 -62.50744 16.70589 0.989124 2.926288 0.852099 2.480013 1.52859 2.511016
-7.421371 -62.50744 16.70589 -0.101377 1.020292 0.227955 0.21353 3.021446 3.812235
8.578629 -64.50744 16.70589 -1.430299 -1.174617 -0.328077 0.458889 -0.126936 -0.197928
6.578629 -64.50744 16.70589 1.843817 0.678255 2.512691 3.452848 4.541223 4.445361
-3.421371 -64.50744 16.70589 5.569285 5.643277 1.705267 0.377467 -0.535672 -0.104916
-5.421371 -64.50744 16.70589 3.570656 3.522556 2.469479 3.112093 0.901758 1.450472
8.578629 -66.50744 16.70589 -1.28399 -0.956954 3.104365 3.733431 0.12022 -0.693693
6.578629 -66.50744 16.70589 1.933871 0.696654 3.987654 3.812279 5.288313 5.384273
-1.421371 -66.50744 16.70589 3.219541 1.42436 -0.937527 -4.119243 -0.686537 -0.470855
-3.421371 -66.50744 16.70589 2.214495 1.085084 -0.787167 -3.869822 0.568226 1.161763
-5.421371 -66.50744 16.70589 0.535912 -1.016116 0.293243 -1.333088 1.110006 0.909987
10.57863 -68.50744 16.70589 -1.230827 -2.017254 -1.204491 -2.367436 2.399929 1.448336
6.578629 -68.50744 16.70589 -1.166858 -2.953624 1.140641 0.032793 3.345622 3.050014
4.578629 -68.50744 16.70589 0.602513 -0.286818 3.144161 1.23963 2.398122 2.131706
-1.421371 -68.50744 16.70589 -1.872324 -3.52226 -0.496922 -3.342785 1.431971 1.775893
12.57863 -70.50744 16.70589 -0.379157 -1.836155 -0.677362 -3.176266 3.43956 3.139617
10.57863 -70.50744 16.70589 -0.358699 -0.85678 -2.203447 -2.889827 3.159842 3.467405
8.578629 -70.50744 16.70589 -0.384871 -0.506638 -2.270738 -3.181073 3.623223 4.32016
6.578629 -70.50744 16.70589 -2.025648 -3.626702 -1.599855 -4.112547 2.186748 1.502753
4.578629 -70.50744 16.70589 -0.22861 -0.349471 0.358529 -2.564262 0.881529 0.250961
-1.421371 -70.50744 16.70589 -4.670501 -5.558248 -2.275562 -4.890033 3.028294 2.125587
-3.421371 -70.50744 16.70589 -0.285577 -1.182394 -0.718749 -0.731528 2.394169 2.054768
-5.421371 -70.50744 16.70589 0.075823 -0.721783 -2.132104 -2.560511 1.205908 1.878057
-15.42137 -44.50744 18.70589 -2.212128 -3.235209 -1.569504 -2.694155 0.039211 -0.63683
-17.42137 -44.50744 18.70589 1.052529 1.726566 1.886166 2.810437 1.881558 1.610751
18.57863 -46.50744 18.70589 4.556724 3.711295 -0.165582 -1.143391 2.027793 2.31856
16.57863 -46.50744 18.70589 6.103642 4.388715 -0.874143 -3.206416 2.28897 1.757645
-9.421371 -46.50744 18.70589 2.820643 -3.393421 0.086751 -4.788625 -0.156797 -2.0989
-11.42137 -46.50744 18.70589 1.65256 -3.427313 -0.626934 -5.017486 0.7662 -1.131867
-13.42137 -46.50744 18.70589 -0.502353 -3.212063 -1.657185 -5.060424 -0.168319 -1.033723
-15.42137 -46.50744 18.70589 -2.086414 -2.9081 1.072866 -1.385245 0.769786 -0.609263
18.57863 -48.50744 18.70589 2.898989 -1.278423 -3.67804 -6.590097 0.319716 -0.212137
-1.421371 -48.50744 18.70589 1.496678 -7.346962 -10.55341 -19.36721 -4.279221 -5.338628
-9.421371 -48.50744 18.70589 -0.031787 -3.217345 1.945966 -1.842973 1.023379 0.42625
-11.42137 -48.50744 18.70589 -0.640188 -2.23728 -0.616087 -2.540308 1.88014 1.965357
18.57863 -50.50744 18.70589 1.141585 1.24763 -0.152386 0.373344 2.0383 3.184758
16.57863 -50.50744 18.70589 -3.701846 -7.790329 -5.125919 -7.699631 -0.241431 -0.983725
14.57863 -50.50744 18.70589 -3.130307 -7.260051 -4.723452 -8.391294 -0.726738 -1.015573
-1.421371 -50.50744 18.70589 2.133129 -1.107578 -5.453496 -9.421188 0.58045 0.612735
-3.421371 -50.50744 18.70589 -0.731277 -4.007932 -2.385414 -4.791068 0.84883 0.237651
-9.421371 -50.50744 18.70589 -1.57283 -0.951215 0.789868 -0.016543 1.641297 2.136558
-11.42137 -50.50744 18.70589 -0.725547 -0.17099 -2.588106 -2.914705 0.110166 0.950721
14.57863 -52.50744 18.70589 -2.785708 -5.629115 -2.803978 -3.915984 -3.176431 -2.335345
12.57863 -52.50744 18.70589 -1.482766 -2.470986 -1.875607 -2.864016 0.46159 1.97193
10.57863 -52.50744 18.70589 -2.033 -4.870662 -1.797575 -5.244172 1.849723 2.606645
8.578629 -52.50744 18.70589 -2.880328 -7.555042 -5.780385 -10.39793 -3.873623 -2.997695
6.578629 -52.50744 18.70589 1.387354 -2.593311 -4.544559 -9.469075 0.404463 -0.107149
4.578629 -52.50744 18.70589 4.756906 0.781322 -0.339029 -4.670451 3.267271 1.678887
0.578629 -52.50744 18.70589 0.831403 -1.624148 1.043985 -1.779102 2.485876 3.032573
-1.421371 -52.50744 18.70589 2.054313 -0.249509 -1.285907 -4.613815 1.744697 2.366817
-3.421371 -52.50744 18.70589 0.010825 -2.480153 -1.616344 -3.556809 0.217927 0.592966
-5.421371 -52.50744 18.70589 1.138703 -1.530833 0.421256 -0.491638 1.599746 1.130307
-9.421371 -52.50744 18.70589 0.035027 -1.013077 0.301234 -0.235031 -0.340689 -0.832302
-11.42137 -52.50744 18.70589 -0.365126 -0.277951 -2.005437 -2.624108 -1.438511 -1.761773
12.57863 -54.50744 18.70589 5.706427 7.306521 4.79227 8.5406 4.505779 7.760901
10.57863 -54.50744 18.70589 0.203462 -0.710881 2.649684 3.98664 4.625771 6.400542
8.578629 -54.50744 18.70589 1.173277 -2.213202 4.026203 3.185102 0.749464 1.708507
6.578629 -54.50744 18.70589 4.4289 3.969248 4.255075 4.009767 2.4695 3.31364
4.578629 -54.50744 18.70589 7.676328 7.237911 4.024268 3.935665 4.262191 4.411664
0.578629 -54.50744 18.70589 5.753165 4.210393 5.088244 4.731514 2.110354 2.514561
-1.421371 -54.50744 18.70589 6.260852 6.146052 5.203411 5.521992 1.385823 2.126291
-3.421371 -54.50744 18.70589 2.853818 3.774708 4.033379 4.631858 1.006125 1.851727
-5.421371 -54.50744 18.70589 1.594481 2.478128 2.432062 4.033166 2.297722 2.689516
-7.421371 -54.50744 18.70589 0.0056 -1.205173 1.878648 2.134137 1.329627 1.748672
-9.421371 -54.50744 18.70589 1.09376 0.708589 0.208485 -0.274732 -0.924228 -0.758084
6.578629 -56.50744 18.70589 2.295463 1.428208 6.384012 7.940168 -0.425096 0.522597
4.578629 -56.50744 18.70589 5.129176 4.918312 6.657098 7.942667 1.9948 2.891332
0.578629 -56.50744 18.70589 4.03929 5.822612 4.932059 6.443872 -2.227564 1.190447
-1.421371 -56.50744 18.70589 4.501637 6.21735 6.364131 7.857327 0.270591 1.940372
-3.421371 -56.50744 18.70589 1.808445 4.504077 4.403637 5.844507 1.372298 2.528005
-5.421371 -56.50744 18.70589 1.261329 2.646173 3.328018 5.413643 0.497999 1.715135
-7.421371 -56.50744 18.70589 1.832463 1.817883 4.324441 4.991704 -0.295426 0.311266
6.578629 -58.50744 18.70589 2.695465 2.279903 9.599119 12.64786 -1.743427 0.471853
4.578629 -58.50744 18.70589 4.471235 4.539703 9.146356 10.82742 1.113128 2.680896
0.578629 -58.50744 18.70589 4.566254 5.15475 4.464219 5.170026 -0.015995 1.626573
-1.421371 -58.50744 18.70589 5.245404 6.506049 6.461264 7.085043 2.018868 2.477828
-5.421371 -58.50744 18.70589 0.862224 1.907185 3.184133 4.576666 -0.466378 1.424133
6.578629 -60.50744 18.70589 3.152332 3.259339 6.378451 8.613339 1.99779 3.655678
4.578629 -60.50744 18.70589 3.725737 5.187641 5.053846 7.617736 1.602325 4.065283
0.578629 -60.50744 18.70589 4.276898 4.543302 4.098061 5.336888 1.364414 1.746302
-1.421371 -60.50744 18.70589 4.249049 4.572161 3.169732 4.011619 0.806276 0.289312
8.578629 -62.50744 18.70589 2.661095 1.842649 0.748455 -0.320314 4.320209 3.140068
6.578629 -62.50744 18.70589 5.533491 6.031224 4.23887 6.697626 4.940695 6.76356
0.578629 -62.50744 18.70589 3.365789 2.564184 3.716307 4.152488 -0.220551 -0.496413
-1.421371 -62.50744 18.70589 2.921969 3.0694 1.181424 2.584331 -1.100343 -0.789453
-3.421371 -62.50744 18.70589 2.164227 4.777886 2.107969 3.442303 -1.38539 0.256157
10.57863 -64.50744 18.70589 0.456671 -0.043481 1.012476 0.921615 2.705556 2.669981
8.578629 -64.50744 18.70589 2.177009 1.398623 0.312673 -0.046533 3.48945 3.368469
6.578629 -64.50744 18.70589 5.139521 5.018227 4.363286 6.973628 4.326381 6.718129
-1.421371 -64.50744 18.70589 4.06522 3.715807 2.054333 2.662796 -0.233378 0.761506
-3.421371 -64.50744 18.70589 1.378926 1.449143 1.425769 1.657197 -0.335197 -0.296781
8.578629 -66.50744 18.70589 -1.095464 -1.06772 1.277571 3.270668 0.95185 1.694986
6.578629 -66.50744 18.70589 0.348748 -0.471785 2.817423 1.733027 3.843967 6.420648
-1.421371 -66.50744 18.70589 2.757374 0.586697 2.397157 1.057934 1.395501 1.193539
-3.421371 -66.50744 18.70589 1.789688 0.811688 0.457523 0.201539 1.388042 1.408171
6.578629 -68.50744 18.70589 -4.065033 -6.637292 -0.764662 -4.656809 3.883246 5.202197
4.578629 -68.50744 18.70589 -1.130222 -2.840331 1.982476 -1.097165 4.297686 4.309998
-1.421371 -68.50744 18.70589 -2.918879 -5.032907 -0.890623 -3.817981 1.245533 0.994486
-3.421371 -68.50744 18.70589 -1.310539 -0.975389 0.002021 0.409554 0.883983 1.412489
10.57863 -70.50744 18.70589 -2.656653 -4.95634 -4.054554 -6.729338 3.089587 2.678688
8.578629 -70.50744 18.70589 -2.191018 -4.066456 -3.301018 -5.822734 2.988957 2.687822
6.578629 -70.50744 18.70589 0 0 0 0 0 0
-1.421371 -70.50744 18.70589 -5.957154 -8.803509 -3.52934 -8.783117 1.214554 -0.145168
-3.421371 -70.50744 18.70589 -3.041264 -6.103176 -1.356938 -4.903358 2.082005 1.790826
-5.421371 -70.50744 18.70589 -0.50629 -1.50513 -1.769934 -3.739625 1.757953 2.32985
8.578629 -72.50744 18.70589 0 0 0 0 0 0
-3.421371 -72.50744 18.70589 0 0 0 0 0 0
-5.421371 -72.50744 18.70589 0 0 0 0 0 0
18.57863 -46.50744 20.70589 1.487671 1.374785 -2.720803 -2.825141 -0.994079 -0.447608
16.57863 -46.50744 20.70589 6.706502 6.629165 -0.501751 -1.430685 1.458548 2.986614
-11.42137 -46.50744 20.70589 1.22332 -6.972156 -0.761262 -5.432016 -0.380554 -2.050121
-13.42137 -46.50744 20.70589 -2.364646 -6.499291 -0.988815 -3.635747 -0.069457 -1.176244
-15.42137 -46.50744 20.70589 -3.62577 -3.626303 1.853107 1.395434 1.899051 1.022046
18.57863 -48.50744 20.70589 -0.545517 -3.957193 -6.336952 -8.461293 -2.852464 -2.993056
16.57863 -48.50744 20.70589 1.385738 -4.007757 -6.160001 -11.25073 -1.09661 -1.11289
18.57863 -50.50744 20.70589 -0.073757 -2.15363 -2.407983 -4.937167 -2.180103 -1.633732
16.57863 -52.50744 20.70589 -2.036061 -7.40692 -5.590683 -12.55053 -2.888915 -3.969724
14.57863 -52.50744 20.70589 -3.230493 -12.59006 -7.550325 -19.60752 -4.76698 -5.697726
-7.421371 -52.50744 20.70589 1.671804 1.038746 0.330742 -0.968001 0.243733 1.342228
-9.421371 -52.50744 20.70589 -0.032899 0.503613 0.2552 -1.707512 -1.722349 -1.836633
14.57863 -54.50744 20.70589 1.370714 -2.995891 -3.545185 -9.646946 1.381671 2.012527
12.57863 -54.50744 20.70589 3.407289 1.371791 -3.206913 -7.429807 3.764994 6.226559
10.57863 -54.50744 20.70589 4.546021 3.198119 -4.546068 -8.228613 4.665948 7.119268
8.578629 -54.50744 20.70589 2.930809 0.849966 -0.599854 -5.829668 1.781462 2.835819
6.578629 -54.50744 20.70589 2.203432 -1.003077 -0.0773 -5.902855 1.39494 -0.114548
-1.421371 -54.50744 20.70589 3.179887 -2.00212 -0.315409 -5.803182 0.248898 -1.888677
-9.421371 -54.50744 20.70589 1.471057 1.47946 0.127178 -2.142193 -0.088625 -0.193087
12.57863 -56.50744 20.70589 5.3699 1.633298 -1.339136 -3.621424 4.236303 5.260967
10.57863 -56.50744 20.70589 4.942807 1.832781 -2.15435 -4.223983 4.537261 5.279315
8.578629 -56.50744 20.70589 4.929275 3.134149 4.380476 2.930897 4.431591 4.978865
6.578629 -56.50744 20.70589 2.625381 0.557679 4.402708 2.801734 2.486124 2.169177
4.578629 -56.50744 20.70589 7.780338 7.073803 5.888582 5.780954 7.290903 7.492568
-1.421371 -56.50744 20.70589 3.7948 -0.578823 -0.753085 -6.356485 1.979634 2.018757
-3.421371 -56.50744 20.70589 1.732268 -1.735649 -3.340596 -9.547967 2.56329 2.899244
-7.421371 -56.50744 20.70589 -2.220214 -3.624467 -2.473434 -3.699449 -0.456622 -0.251871
-9.421371 -56.50744 20.70589 0.287805 1.485939 0.316895 0.510754 0.480965 0.45742
10.57863 -58.50744 20.70589 5.595137 2.293267 3.361015 1.21779 4.277828 3.902772
8.578629 -58.50744 20.70589 4.383047 3.363331 8.096497 8.774958 3.256089 3.764311
6.578629 -58.50744 20.70589 4.545251 2.695829 11.10307 12.17765 2.382638 2.463529
4.578629 -58.50744 20.70589 6.240021 5.866602 8.809008 10.7107 5.805586 5.77012
-1.421371 -58.50744 20.70589 6.694116 4.462027 3.781981 0.854042 5.06016 5.742122
-3.421371 -58.50744 20.70589 1.884363 -0.945452 0.408149 -3.493526 1.974935 2.211297
-5.421371 -58.50744 20.70589 0.376072 -1.972818 -2.61339 -4.242062 0.742277 0.987415
-7.421371 -58.50744 20.70589 -0.09684 0.488746 -2.435077 -1.610729 0.180987 1.323104
6.578629 -60.50744 20.70589 4.468092 4.407211 7.173725 10.26403 2.273197 2.57889
4.578629 -60.50744 20.70589 4.784125 6.759085 5.513939 10.20437 3.330984 3.953692
8.578629 -62.50744 20.70589 3.758958 3.45735 1.683272 2.012109 2.823518 3.149046
6.578629 -62.50744 20.70589 6.464411 8.946753 3.414505 7.547534 3.984754 5.585848
4.578629 -62.50744 20.70589 4.566607 7.588873 4.172839 8.815207 3.140552 4.912868
10.57863 -64.50744 20.70589 -1.106535 -2.231431 0.90519 0.367416 0.593953 0.611279
8.578629 -64.50744 20.70589 2.964366 2.350225 -0.638606 -0.364179 1.304605 1.706492
6.578629 -64.50744 20.70589 6.82609 7.419425 1.962858 4.842774 3.019996 4.984017
-3.421371 -64.50744 20.70589 1.124057 2.119999 2.560651 4.260609 0.506256 1.370217
-5.421371 -64.50744 20.70589 -0.566615 -0.616176 -0.863083 -1.073821 -0.098534 0.72157
10.57863 -66.50744 20.70589 -2.602514 -2.84799 -0.754043 -1.227295 -0.375466 0.325268
8.578629 -66.50744 20.70589 -2.271101 -2.181233 -1.129197 -2.217653 1.519511 2.987334
-3.421371 -66.50744 20.70589 -0.385353 -5.138376 -3.153565 -8.388833 -0.167735 0.061071
-5.421371 -66.50744 20.70589 -2.008435 -4.439557 -4.049609 -7.244061 -0.271824 -0.7725
8.578629 -68.50744 20.70589 -4.078738 -7.446825 -6.239862 -12.31755 3.166236 4.82606
6.578629 -68.50744 20.70589 -1.792354 -3.953916 -2.008493 -8.44777 5.377353 6.134625
-1.421371 -68.50744 20.70589 -4.460996 -8.343338 -5.960285 -8.96983 -1.001036 -1.448882
-3.421371 -68.50744 20.70589 -1.659748 -3.590852 -4.559678 -8.356335 -1.602098 -0.178179
-5.421371 -68.50744 20.70589 -0.764063 -1.104635 -1.882867 -5.89553 2.10213 2.138737
10.57863 -70.50744 20.70589 -2.721429 -5.097953 -5.6213 -9.667562 1.267893 0.952453
8.578629 -70.50744 20.70589 0 0 0 0 0 0
6.578629 -70.50744 20.70589 0 0 0 0 0 0
-3.421371 -70.50744 20.70589 -1.30679 -3.512765 -0.648625 -4.214716 1.643875 1.262841
-5.421371 -70.50744 20.70589 0.069427 -0.515389 -0.039996 -3.128562 3.285851 3.177496
-7.421371 -70.50744 20.70589 -0.696029 -1.389123 -1.10404 -2.593762 2.216822 1.97124
10.57863 -72.50744 20.70589 0 0 0 0 0 0
8.578629 -72.50744 20.70589 0 0 0 0 0 0
16.57863 -46.50744 22.70589 4.437964 3.145518 1.022313 -0.193324 1.446088 1.305032
18.57863 -48.50744 22.70589 -1.746874 -3.569456 -2.098408 -2.912661 -3.739451 -3.615198
16.57863 -48.50744 22.70589 3.124759 -0.5441 -0.814757 -4.416787 -0.844644 -2.269494
12.57863 -48.50744 22.70589 10.90513 11.10337 5.826205 5.719065 8.034237 9.75743
16.57863 -50.50744 22.70589 2.722957 -2.108718 -1.756707 -6.696789 -0.159753 -3.749249
14.57863 -50.50744 22.70589 9.127145 6.989512 1.509723 -2.122903 1.109892 -0.816593
12.57863 -50.50744 22.70589 14.37188 15.79512 5.21351 4.624114 3.50882 4.477526
10.57863 -50.50744 22.70589 13.67888 14.81265 4.20337 2.73546 7.837227 7.453219
16.57863 -52.50744 22.70589 -0.602995 -5.852123 -2.352063 -8.866357 0.163237 -5.30277
14.57863 -52.50744 22.70589 2.966429 0.208219 -2.398026 -7.494542 -1.232128 -4.348431
12.57863 -52.50744 22.70589 9.425435 9.726056 -0.25856 -2.131267 0.003139 0.3924
10.57863 -52.50744 22.70589 10.28214 10.82684 0.424487 -1.48254 4.787107 4.717873
8.578629 -52.50744 22.70589 7.95076 8.51559 0.87015 0.108256 4.75568 3.435435
6.578629 -52.50744 22.70589 3.330635 0.992643 -4.121869 -4.94945 -1.247802 -2.972832
-7.421371 -52.50744 22.70589 0.284165 2.180297 2.104245 4.349293 0.642207 1.077537
14.57863 -54.50744 22.70589 0.927111 -0.80549 -2.911771 -8.851611 1.698849 -0.910845
12.57863 -54.50744 22.70589 4.89598 5.185662 -0.956208 -5.381894 2.931572 2.875769
10.57863 -54.50744 22.70589 5.792508 6.793191 0.458225 -2.563792 4.161543 4.96113
8.578629 -54.50744 22.70589 1.623545 2.558031 1.397103 1.283897 2.92205 3.344255
-7.421371 -54.50744 22.70589 0.200612 0.626772 3.745342 5.026597 1.868271 2.704688
12.57863 -56.50744 22.70589 4.224869 2.933715 -0.20774 -6.958774 4.261867 3.762752
12.57863 -58.50744 22.70589 4.828193 1.195989 1.883312 -5.09649 2.968312 2.400336
10.57863 -58.50744 22.70589 4.342521 0.533337 1.372185 -4.001701 1.17938 0.185628
8.578629 -58.50744 22.70589 -1.872073 -4.611055 2.402613 0.903485 1.165981 -0.495698
6.578629 -58.50744 22.70589 -3.755433 -7.23394 2.053018 -0.141758 0.333181 -2.730631
4.578629 -58.50744 22.70589 3.000425 3.156889 3.451999 3.471437 3.874429 2.439616
8.578629 -60.50744 22.70589 -2.664979 -5.082721 1.442921 -1.015115 2.498997 0.876859
6.578629 -60.50744 22.70589 -0.29481 -2.959764 2.1523 1.617294 1.792685 -0.451517
4.578629 -60.50744 22.70589 2.354816 1.992468 2.254451 2.269025 2.013405 0.477746
6.578629 -62.50744 22.70589 4.655668 4.723018 1.133435 2.77554 3.77302 4.217371
4.578629 -62.50744 22.70589 4.120975 4.237848 2.729284 2.405662 3.241887 2.939132
10.57863 -64.50744 22.70589 0.685137 0.260692 2.418749 1.889076 2.463501 1.135401
8.578629 -64.50744 22.70589 1.902066 1.50336 0.704595 1.293481 1.556558 1.782774
6.578629 -64.50744 22.70589 5.238194 4.641684 1.002247 2.197888 3.193537 2.831361
4.578629 -64.50744 22.70589 3.422798 2.221306 0.160446 -2.389625 3.433648 2.280813
-3.421371 -64.50744 22.70589 2.888286 2.96271 1.576515 0.470666 2.565516 3.053725
10.57863 -66.50744 22.70589 -2.166587 -1.827599 -0.948758 -2.625111 2.299752 1.346006
-3.421371 -66.50744 22.70589 0.624818 -1.411268 -2.949383 -6.899671 2.890329 2.789556
-5.421371 -66.50744 22.70589 -1.146139 -3.065698 -6.787646 -8.646832 -0.280125 0.268068
10.57863 -68.50744 22.70589 -1.865654 -2.359701 -4.217038 -6.382028 2.617449 1.263112
8.578629 -68.50744 22.70589 -1.65627 -3.523906 -3.787561 -7.601404 3.531591 2.473361
-3.421371 -68.50744 22.70589 1.154448 0.249354 -3.463882 -7.829977 -0.42659 0.944349
10.57863 -70.50744 22.70589 0 0 0 0 0 0
8.578629 -70.50744 22.70589 0 0 0 0 0 0
-5.421371 -70.50744 22.70589 0 0 0 0 0 0
10.57863 -72.50744 22.70589 0 0 0 0 0 0
16.57863 -48.50744 24.70589 -3.703873 -3.102801 0.663882 0.400517 0.128824 0.224318
14.57863 -48.50744 24.70589 2.042187 1.379937 2.772357 3.476948 2.321068 2.647711
12.57863 -48.50744 24.70589 4.700994 5.226917 5.271845 7.441087 3.945251 5.158514
10.57863 -48.50744 24.70589 0.4882 0.225426 4.906074 5.054005 4.312201 4.530483
14.57863 -50.50744 24.70589 4.362092 4.633106 2.642362 2.987462 1.726939 1.392609
12.57863 -50.50744 24.70589 8.448126 9.847165 4.27471 7.055126 2.734966 3.411369
6.578629 -50.50744 24.70589 2.956957 0.535251 4.884922 3.48852 3.578862 3.36592
4.578629 -50.50744 24.70589 1.562672 -3.820995 -2.997265 -8.270515 2.033106 0.897033
14.57863 -52.50744 24.70589 4.095647 4.18339 -1.849982 -2.561441 2.679299 1.229693
12.57863 -52.50744 24.70589 5.932029 5.534437 -0.146272 0.045622 1.675189 1.627602
6.578629 -52.50744 24.70589 3.874689 0.463324 0.777347 -1.084394 3.456183 2.506457
4.578629 -52.50744 24.70589 3.321511 -2.421541 -4.523661 -9.706638 2.518512 0.58643
12.57863 -54.50744 24.70589 1.394729 1.430467 0.036989 -1.412773 1.533897 0.539873
10.57863 -54.50744 24.70589 3.832601 2.529951 3.313063 2.559389 2.176312 2.506127
8.578629 -54.50744 24.70589 1.436419 -0.360992 2.553001 2.28734 2.680539 4.05061
6.578629 -54.50744 24.70589 -1.233187 -3.448029 1.508808 -0.940481 2.718666 3.361005
12.57863 -56.50744 24.70589 -1.674463 -0.268128 1.740626 0.439131 0.243965 -1.302302
10.57863 -56.50744 24.70589 -0.034999 0.087673 2.716336 2.176419 -0.642292 -0.628228
12.57863 -58.50744 24.70589 -1.069761 -0.286282 1.95268 1.046852 -1.495102 -2.379354
10.57863 -58.50744 24.70589 -3.100976 -3.598867 -0.355406 -1.676033 -2.952534 -3.746376
8.578629 -60.50744 24.70589 -1.961661 -5.862472 -2.266106 -7.300227 0.786563 -1.725929
6.578629 -60.50744 24.70589 0.070454 -2.843254 1.150395 -2.626766 -0.583697 -3.660087
12.57863 -64.50744 24.70589 -0.834122 -1.504548 -0.442564 -0.320426 1.847434 1.632512
10.57863 -64.50744 24.70589 2.767496 0.967155 1.367929 0.422 4.196766 4.316295
8.578629 -64.50744 24.70589 4.44644 2.276928 0.134332 -0.268643 1.358747 1.336599
10.57863 -66.50744 24.70589 -4.514353 -6.507627 0.493819 -3.657427 2.946975 1.374208
10.57863 -68.50744 24.70589 -1.851313 -2.89622 -0.359163 -1.043872 0.008524 -2.776075
8.578629 -68.50744 24.70589 -4.180684 -6.050234 -1.064527 -2.762875 0.844928 -1.070227
8.578629 -70.50744 24.70589 0 0 0 0 0 0
8.578629 -52.50744 26.70589 2.101013 1.76416 3.315801 0.683045 6.07749 6.577204
6.578629 -52.50744 26.70589 3.417696 -0.027381 3.460583 -2.16341 7.921279 7.34429
10.57863 -64.50744 26.70589 1.614469 -0.409495 0.812258 -0.016399 1.983103 1.488337
