3.049393 -15.87593 -7.278076 5.585362 7.117052 -1.427706 5.902611 3.350962 4.040951 5.057373 4.409018 -5.359527 1.921776 1.648235 2.700754
1.049393 -15.87593 -7.278076 -1.373376 2.715076 -0.85651 1.28389 -3.398501 3.501944 0.614969 1.640939 0.31124 -1.510071 -0.942755 2.366203
1.049393 -17.87593 -7.278076 -2.679395 2.501732 -0.988535 -0.276585 -1.945742 2.381887 -1.251529 0.913121 1.039815 -2.065789 -1.61122 3.218826
7.049393 -13.87593 -5.278076 1.117658 5.037466 -3.056064 0.768427 -1.79234 -0.259356 1.491215 1.068489 -5.323535 0.127874 -2.862377 -1.915239
3.049393 -13.87593 -5.278076 8.330541 2.349698 -1.59568 2.186971 -0.318033 1.811076 7.819454 0.410506 -6.142372 -3.599911 0.57096 -3.772763
1.049393 -13.87593 -5.278076 5.592339 -1.07311 -1.435338 0.931711 -0.549292 1.642107 5.641885 -1.811936 -2.111171 -2.240282 2.52251 1.379054
7.049393 -15.87593 -5.278076 1.220235 2.92732 -3.761358 -2.52343 -0.217504 -0.309887 0.067484 -2.044584 -8.252643 -3.089514 -3.851861 -0.730768
5.049393 -15.87593 -5.278076 5.190371 4.293729 -1.543466 1.306289 -1.433282 2.211246 5.881011 0.899044 -5.1226 -0.742405 -4.627558 -1.274039
3.049393 -15.87593 -5.278076 8.407513 4.495475 -0.194939 3.520866 1.08412 2.602961 7.356062 3.979279 -4.391681 -1.79911 0.792115 -2.839766
1.049393 -15.87593 -5.278076 6.461591 0.777794 0.07523 -0.197446 0.16901 1.901118 6.008403 2.018741 -1.100496 -1.484076 2.826952 1.549326
7.049393 -17.87593 -5.278076 0.234304 0.799048 -0.188203 -0.317775 0.847673 -0.182197 -1.08287 -1.856566 -3.99898 -1.951578 -1.899111 -1.622908
5.049393 -17.87593 -5.278076 1.384409 4.265954 -1.406243 0.783941 -2.274642 1.234606 0.947056 2.29395 -2.683213 -0.716775 -2.873046 -1.012547
3.049393 -17.87593 -5.278076 5.141152 3.630199 0.117589 1.543715 0.113806 2.418591 4.335923 3.367035 -3.018089 -1.49067 -0.105565 -0.109006
1.049393 -17.87593 -5.278076 2.809747 0.007592 -0.563532 -1.590602 -0.843419 1.65385 2.890532 1.328459 -2.016497 -1.048126 0.507235 3.155363
7.049393 -23.87593 -5.278076 6.836917 5.328403 3.068181 3.908514 2.968592 0.175105 4.143548 3.546832 -2.341044 3.917521 -2.383755 -3.581752
7.049393 -25.87593 -5.278076 1.630193 3.802371 3.707865 1.96709 3.872862 0.623119 -0.25931 1.852672 0.402699 1.567098 -2.124071 -0.227201
7.049393 -27.87593 -5.278076 -1.153244 2.105098 3.781218 1.599198 3.562008 0.688396 -1.635067 1.859765 2.147584 1.54549 -1.133818 1.329758
7.049393 -29.87593 -5.278076 -1.251871 -0.057875 1.635381 1.066971 2.470187 1.090162 -2.017937 0.351815 0.618463 1.494836 1.634093 0.772314
9.049393 -31.87593 -5.278076 0.049795 -2.325519 0.550914 0.255147 0.970196 -0.676529 0.004434 -1.214227 1.160997 0.735026 0.015644 -0.977307
7.049393 -31.87593 -5.278076 -0.456124 -2.543282 1.19333 1.428902 0.307849 0.712924 -1.979292 -2.752502 0.393317 1.893689 -2.093605 -0.779385
3.049393 -37.87593 -5.278076 -3.193799 3.371478 -0.782251 2.571292 -0.482186 1.518528 -3.329301 2.594469 1.953564 0.932284 -0.04868 -0.152511
3.049393 -39.87593 -5.278076 -1.448181 1.743702 -0.661781 0.455716 -1.582881 1.106314 -0.98433 0.423578 1.461202 0.255223 -0.210835 -1.891791
1.049393 -39.87593 -5.278076 0.732439 -0.029365 -0.31525 0.201767 1.222136 -0.737609 0.749163 -1.009354 -0.007777 -0.011919 -0.253362 -2.943081
9.049393 -13.87593 -3.278076 0.367066 2.497073 -1.929963 5.529292 0.214423 0.341665 -3.247352 0.598048 -3.827136 5.31725 -2.191035 -2.324903
7.049393 -13.87593 -3.278076 -4.366395 2.0222 -5.179388 0.673742 -0.871452 -1.413667 -3.646081 0.444486 -5.969907 1.996793 0.470589 -2.868499
3.049393 -13.87593 -3.278076 -4.615917 -1.997691 -2.91737 0.52447 -0.736339 -0.595066 -4.243201 -1.381397 -0.572679 -2.629925 1.410957 -4.790814
1.049393 -13.87593 -3.278076 -0.918674 0.683953 -1.341868 0.384166 1.746493 0.774008 -1.603308 1.617842 0.664912 -1.816834 2.138511 -2.455603
7.049393 -15.87593 -3.278076 -2.477906 2.368223 -5.33717 -1.367243 -0.308374 -1.473489 -2.997131 1.235001 -8.130134 -0.245558 -1.720036 -1.267604
3.049393 -15.87593 -3.278076 -2.095496 0.192264 -0.871494 2.068101 0.750018 -1.127948 -2.382791 1.184638 0.22843 -1.802624 2.371666 -5.712162
1.049393 -15.87593 -3.278076 0.484234 1.877946 -0.913386 1.12428 1.53666 -0.940518 -0.216395 3.3947 0.61553 -0.622168 2.558004 -4.873357
7.049393 -17.87593 -3.278076 -1.064246 0.663722 -1.845091 0.619278 -0.008564 0.460615 -1.356157 -0.206683 -4.513705 0.05245 -2.811602 0.568381
3.049393 -17.87593 -3.278076 3.853671 2.878964 1.216273 -0.465672 2.610932 -1.066667 2.921906 4.562767 -0.446969 -2.298692 1.492896 -4.501379
1.049393 -17.87593 -3.278076 0.375777 0.44981 -1.623492 -0.384409 -0.091861 -0.988869 0.589407 1.915026 -1.173319 -0.304575 0.125997 -3.746243
7.049393 -19.87593 -3.278076 -0.357718 1.846284 0.511977 1.659108 -1.106225 2.200891 -1.423124 0.620586 -1.852094 0.5629 -3.269311 2.025279
3.049393 -19.87593 -3.278076 1.007312 1.808323 -0.194257 -2.850021 1.964369 0.602569 0.952685 4.037906 -2.185567 -1.388385 0.265178 1.14229
1.049393 -19.87593 -3.278076 -1.551077 0.108597 -2.479091 -1.002628 -0.947812 1.173509 -0.205541 0.708941 -2.186075 0.133051 -0.200144 1.852183
7.049393 -21.87593 -3.278076 4.515848 3.298289 -0.210731 3.915687 -0.441345 2.549983 3.251451 3.320731 -1.935284 2.814536 -2.906962 -0.392988
3.049393 -21.87593 -3.278076 -3.084105 0.49823 -1.124649 -1.807183 0.913457 1.055423 -2.414274 4.334481 -0.463358 0.297174 0.158283 2.76405
7.049393 -23.87593 -3.278076 3.642866 3.843015 -0.681398 5.607263 -0.243664 -0.544032 2.648795 4.965875 -1.489057 5.298994 -2.609483 -5.171824
3.049393 -23.87593 -3.278076 -0.323547 -0.093591 0.213611 -1.296583 1.93558 -0.01548 0.263756 2.032888 1.649673 -0.805309 1.359646 1.037515
7.049393 -25.87593 -3.278076 0.375603 4.147166 0.771445 4.439633 0.240942 0.146497 -0.819249 2.77789 -0.630683 3.700117 -3.45145 -2.238017
3.049393 -25.87593 -3.278076 0.870246 0.823963 0.355721 1.579123 0.717026 -0.431423 1.031965 0.968453 0.328505 2.173772 0.044583 -0.601598
7.049393 -27.87593 -3.278076 1.153827 2.486659 4.395931 3.26892 2.751791 1.887229 -0.841904 0.261904 1.107476 2.789619 -1.962345 0.333462
7.049393 -29.87593 -3.278076 -0.136683 3.140899 2.562755 2.118273 2.554044 2.609178 -2.326069 -0.145414 -0.078043 0.626881 -0.592103 -0.812007
11.04939 -31.87593 -3.278076 0.093387 -1.905383 -0.573902 -1.202083 0.520729 1.248958 -0.652667 -2.329205 -0.197949 -0.745211 -1.470255 -1.326779
9.049393 -31.87593 -3.278076 -0.499386 0.839137 0.181065 -2.228771 1.068065 0.461578 -0.373082 -1.134585 0.126697 -1.608016 0.469444 -0.554899
7.049393 -31.87593 -3.278076 1.053383 1.905216 2.277238 1.325177 1.221798 0.558816 -0.442788 -0.70892 0.26995 0.732664 -1.139441 -3.715747
9.049393 -33.87593 -3.278076 1.856945 -0.574057 0.732964 -3.094279 2.080755 -0.322816 2.235961 -2.222523 1.540614 -0.865772 4.099722 0.963058
7.049393 -33.87593 -3.278076 5.423566 0.230886 2.278099 -0.015587 3.876277 -0.099465 3.467689 -1.162755 0.182676 1.037705 2.158005 -1.649258
9.049393 -35.87593 -3.278076 2.473902 -2.269632 1.153535 -0.56522 1.948666 -0.448587 2.065964 -3.382451 2.147407 0.449265 2.232448 1.137495
7.049393 -35.87593 -3.278076 3.189976 0.759531 1.891104 1.11621 4.032878 0.542275 1.462926 0.299589 2.00204 1.465773 3.206411 -0.007949
3.049393 -37.87593 -3.278076 -0.985583 -0.964927 -0.183566 1.180636 1.569565 2.883789 -2.619966 -1.518835 -0.130567 0.56376 0.344066 3.178555
3.049393 -39.87593 -3.278076 -0.487709 -0.699539 0.656264 0.1685 0.359065 1.518023 -1.776947 -2.440828 0.86801 0.161083 0.640034 -0.047604
1.049393 -39.87593 -3.278076 0.273205 -0.7684 -0.002071 0.555818 2.844661 0.021009 -1.437162 -2.574797 -0.915215 0.665877 3.008056 -1.465328
-0.950607 -39.87593 -3.278076 1.322667 0.568051 -1.236092 0.028959 2.53415 0.451382 1.327254 -0.926056 0.105388 -0.38686 2.869955 -1.248652
1.049393 -41.87593 -3.278076 0.074508 -1.344329 0.364105 0.50545 1.121336 -0.097139 -0.562373 -2.989045 0.26492 0.070911 1.307955 -1.16581
-0.950607 -41.87593 -3.278076 -0.37859 -1.049282 -1.528066 -0.105048 -0.213037 -0.503451 0.118193 -0.919702 -0.422775 0.03686 0.160686 -1.963928
9.049393 -13.87593 -1.278076 5.307555 1.465269 0.363602 3.1733 3.02672 0.419297 3.309756 0.911504 0.805701 6.561425 1.293861 -1.81566
1.049393 -13.87593 -1.278076 -4.598549 0.864341 -1.191727 -1.836666 0.836472 0.947399 -4.222052 1.799671 3.680862 -2.867892 4.034296 -1.412494
-0.950607 -13.87593 -1.278076 -5.587456 -0.8421 -3.853273 -0.526572 -3.882651 -0.281155 -4.599505 0.561146 1.53209 0.146276 -0.447506 -0.354369
9.049393 -15.87593 -1.278076 3.348994 -0.677748 2.822666 3.503441 1.21072 -0.665984 2.056993 -0.715441 0.159307 6.162496 -3.081111 -2.090217
7.049393 -15.87593 -1.278076 2.630061 0.723654 0.952722 2.820368 2.587682 0.176799 1.474546 0.223194 -1.657701 6.117728 0.730051 -1.15095
1.049393 -15.87593 -1.278076 -4.963463 2.291497 0.33026 -0.880373 -0.717934 -1.452205 -4.483221 2.374831 3.106359 -1.2649 1.650063 -5.139977
-0.950607 -15.87593 -1.278076 -4.990906 -1.649844 -3.321861 -1.541579 -4.160681 -2.727798 -3.44043 0.515131 0.456836 0.343689 -1.77637 -4.161216
9.049393 -17.87593 -1.278076 1.477581 0.624036 3.544637 3.201876 2.537165 -0.325857 1.645465 0.44736 -2.337405 2.985174 -4.442116 -1.380868
7.049393 -17.87593 -1.278076 2.565502 0.190799 1.205217 2.050045 1.555833 -0.074711 1.965597 0.219173 -3.553465 2.701932 -2.745861 0.151649
3.049393 -17.87593 -1.278076 1.858553 3.677143 3.122773 -0.376468 1.127491 -2.294768 1.42708 3.305321 2.783185 -0.793435 0.581075 -4.388422
1.049393 -17.87593 -1.278076 -1.910526 2.26245 0.227847 -0.600109 -0.59807 -3.358316 -1.067747 3.222944 1.545819 0.904002 -0.439776 -5.829925
-0.950607 -17.87593 -1.278076 -2.972172 -3.243059 -2.825713 -1.724791 -2.528839 -3.811152 -0.791507 -1.111651 -0.620839 1.310822 -0.869738 -4.233517
9.049393 -19.87593 -1.278076 1.295036 4.386873 1.813637 3.668497 2.225464 1.631433 0.967294 3.391512 -4.804352 2.019128 -4.85554 0.487327
7.049393 -19.87593 -1.278076 -1.035641 3.244497 0.243872 1.918139 0.529992 0.073062 -1.630928 2.955554 -3.945757 1.230961 -3.241643 -0.819352
3.049393 -19.87593 -1.278076 2.3605 1.448203 1.127357 -1.395921 0.757094 0.202545 1.982597 2.11747 -0.209311 0.227369 -1.587208 2.123571
1.049393 -19.87593 -1.278076 -0.409407 1.869134 -1.832547 0.128229 0.77876 -0.614141 1.224097 1.870358 0.22852 1.919963 0.653759 0.905858
9.049393 -21.87593 -1.278076 2.846794 3.985385 1.606589 3.527667 3.625213 2.777439 2.095787 3.049059 -3.329884 1.047513 -1.539338 -0.801113
3.049393 -21.87593 -1.278076 0.548356 -0.378182 0.333035 -0.298749 1.378713 0.879519 0.19956 1.185132 1.681711 1.225595 -0.337299 2.878837
1.049393 -21.87593 -1.278076 -1.017288 1.335505 -1.930742 -0.841527 1.78083 0.795066 -0.295872 1.061174 1.543606 -0.692467 2.80462 3.923452
9.049393 -23.87593 -1.278076 3.165278 5.082728 0.764459 5.18059 4.594049 2.497488 1.566478 2.883708 -1.679995 3.774125 1.904305 -0.4697
7.049393 -23.87593 -1.278076 0.578891 2.615949 -1.307299 4.505702 0.092309 -0.054123 -0.073368 4.168409 -1.474952 4.369766 -1.559569 -4.032142
3.049393 -23.87593 -1.278076 2.98274 0.79866 0.259059 0.817077 2.770604 0.016026 1.593435 1.62541 2.887672 0.574805 1.757499 -0.712848
1.049393 -23.87593 -1.278076 0.877117 -0.118377 -0.335303 -1.144771 4.196991 -0.753815 -0.348137 -0.884481 2.45589 -2.258733 4.471289 -0.366893
7.049393 -25.87593 -1.278076 -2.220666 1.903388 -0.806842 3.00968 -3.564924 0.986272 -3.029873 2.692549 -1.772851 2.884149 -3.93891 -0.023683
3.049393 -25.87593 -1.278076 4.907583 1.710103 -1.592838 0.474 1.271768 0.063046 3.337404 2.323223 -0.740735 1.146943 0.845024 0.098247
1.049393 -25.87593 -1.278076 4.470733 2.996419 0.172099 1.694082 2.579497 0.251721 2.720456 2.607605 0.673624 1.503989 1.959407 -1.722881
7.049393 -27.87593 -1.278076 0.96229 0.543563 2.246017 1.293842 -0.773716 2.256341 -0.308757 -0.773031 -0.736743 0.048352 -3.107369 0.774971
3.049393 -27.87593 -1.278076 2.295879 -2.138843 -1.024456 -0.562039 -0.647255 -0.279114 1.883715 -0.095349 -0.882465 0.221706 0.149282 1.388885
7.049393 -29.87593 -1.278076 3.05015 3.127273 3.489506 0.567214 1.819585 1.255872 1.756564 -0.369951 0.044431 -1.496103 -0.783575 -1.09228
7.049393 -31.87593 -1.278076 3.003415 3.585573 3.667448 -0.720287 2.472575 -0.863958 1.451686 1.54922 0.753866 -1.980532 0.00572 -3.251805
13.04939 -33.87593 -1.278076 1.72341 2.202992 -0.32741 -4.053614 -0.024225 1.937337 -0.631419 0.797314 -1.035337 -4.281755 0.226651 0.236125
11.04939 -33.87593 -1.278076 -0.45271 2.014053 0.914032 -3.038525 -0.027343 1.406686 -1.995307 -0.032455 1.138975 -3.418898 -0.18286 0.884407
7.049393 -33.87593 -1.278076 3.660923 2.548492 2.456692 -0.05248 3.724796 0.14983 1.474948 0.728813 -0.602791 -0.219928 0.813777 -1.103417
3.049393 -33.87593 -1.278076 2.276399 2.107873 2.04329 3.399732 -0.052957 1.026488 0.701913 3.044592 -0.005722 2.725121 -0.045891 -2.088076
13.04939 -35.87593 -1.278076 0.959589 2.073105 -0.068183 -3.140507 -1.05458 0.637076 -0.164233 0.601377 -1.713874 -3.142828 -1.332769 -1.074304
11.04939 -35.87593 -1.278076 1.896536 3.173003 1.412843 -1.277629 0.929771 0.452724 -0.064429 0.090737 -0.168158 -1.403417 -1.644473 0.132822
9.049393 -35.87593 -1.278076 0.459219 1.732667 2.29967 0.897432 3.27439 1.138462 -1.505829 -0.978714 1.09458 0.745255 0.423081 1.594682
7.049393 -35.87593 -1.278076 2.355679 2.689817 2.989931 2.737509 3.701289 3.267594 -0.370074 -0.366676 1.172322 1.172081 1.413139 0.582675
3.049393 -35.87593 -1.278076 2.784467 3.989884 2.115429 3.310275 1.054466 2.886837 0.604638 5.372241 0.851489 1.99494 -0.071406 -0.361586
11.04939 -37.87593 -1.278076 -0.332291 1.602695 1.615124 1.039568 -0.0674 0.502825 -0.30816 -0.764884 2.132232 0.331105 0.911695 -0.509637
9.049393 -37.87593 -1.278076 -0.779623 0.720747 1.111873 1.633417 1.60433 0.859089 -1.659576 -1.228012 1.902035 0.399317 0.625728 0.107699
7.049393 -37.87593 -1.278076 -0.648056 1.757339 0.779971 3.035726 1.545952 2.440185 -0.913195 -0.1862 1.976499 0.736322 -0.022657 -0.278166
3.049393 -37.87593 -1.278076 -0.102621 1.966365 1.464482 3.57141 -1.533659 4.612922 -1.115893 2.342018 0.034442 2.27155 -2.734445 2.38285
3.049393 -39.87593 -1.278076 -1.902194 0.069343 0.802032 1.4905 -1.338931 3.598286 -2.390975 -1.137202 0.033737 1.301066 -0.413878 2.961368
-0.950607 -39.87593 -1.278076 0.391038 0.205994 -1.917511 1.337438 2.452436 1.256555 -0.163121 -0.656843 0.096009 1.319743 3.743508 1.177948
-2.950607 -39.87593 -1.278076 1.244366 -2.253492 -1.889999 -1.52141 1.800826 0.072249 0.690728 -2.672318 -1.122382 -2.716887 1.578274 0.008154
3.049393 -41.87593 -1.278076 -1.619275 -1.104087 1.281581 0.402215 0.341364 2.806469 -2.295628 -2.959282 2.921692 0.265995 1.786799 2.919549
1.049393 -41.87593 -1.278076 -1.107428 0.466227 0.58933 1.092546 0.14391 1.685979 -1.703022 0.060061 1.499972 1.149088 1.270769 1.829234
-0.950607 -41.87593 -1.278076 0.625328 0.500144 -0.33222 0.65283 0.52147 1.053854 -0.299394 1.392613 0.681699 0.53713 0.437635 0.39768
1.049393 -43.87593 -1.278076 -1.35742 0.994961 0.500005 0.950031 -0.393982 0.384274 -0.662844 0.885942 3.034308 1.853477 1.761653 0.144755
-0.950607 -43.87593 -1.278076 -1.844822 0.567596 -0.929304 -0.575501 -2.046123 0.161597 -1.315296 2.601532 1.4317 -0.300921 -0.359952 0.33608
-0.950607 -15.87593 0.721924 -1.88608 -1.520797 -0.916607 -1.596101 -0.828339 -1.340335 -0.742915 0.208306 4.264204 1.866812 1.209184 -1.557577
-0.950607 -17.87593 0.721924 -1.145269 -2.329373 -2.478427 -1.016138 -1.677874 -2.012393 0.751453 -2.109325 0.231071 1.532994 0.893709 -3.232305
9.049393 -19.87593 0.721924 0.140799 0.477691 1.944115 2.701401 1.130818 -0.655388 0.927181 -0.244265 -0.676623 2.788118 -2.208752 -1.048486
1.049393 -19.87593 0.721924 -1.674845 -1.424186 -1.064187 0.261307 -4.030583 -0.756186 -0.890721 -1.972841 0.647277 1.377553 -1.738445 -1.442547
9.049393 -21.87593 0.721924 -0.125587 0.496783 1.026959 1.52512 1.553647 1.685611 0.288135 -0.0147 -1.820041 0.301235 -2.205513 -1.677925
1.049393 -21.87593 0.721924 -4.954937 -1.324393 -1.455149 -0.874267 -7.05181 1.640099 -4.813391 -1.742049 3.215723 -0.59206 -3.48137 3.008523
9.049393 -23.87593 0.721924 1.775459 2.146222 0.997918 1.495533 4.260192 2.58724 0.224308 0.778561 -1.986004 -0.142397 1.378187 -1.432655
1.049393 -23.87593 0.721924 -2.885074 1.219132 0.161802 -0.910127 -2.740538 2.24054 -3.904144 0.105171 3.974783 -2.040342 -1.478938 0.712778
9.049393 -25.87593 0.721924 1.128708 1.325604 1.065408 3.513509 1.130116 2.893708 -0.091405 0.725493 -0.556336 1.110728 0.223976 -0.46102
7.049393 -25.87593 0.721924 -0.426957 -1.376614 -0.331711 1.994838 -0.173215 1.218395 -1.066482 -0.538745 -1.672109 2.384522 0.177938 -1.520722
1.049393 -25.87593 0.721924 1.162746 3.352836 1.476039 -0.096947 -0.604678 2.65775 0.896627 2.130714 2.820612 -1.777703 -0.752398 -0.483396
-0.950607 -25.87593 0.721924 -2.798084 0.818019 -1.327204 -0.532995 -3.620886 -0.089646 -2.799902 0.194483 2.963043 -2.161828 -2.837757 -1.030111
9.049393 -27.87593 0.721924 1.179845 0.892257 1.793162 3.919738 0.206126 2.418481 -0.386322 -0.978479 -1.245329 1.873431 -1.917771 0.27362
3.049393 -27.87593 0.721924 -2.204129 -0.838399 0.727505 0.339895 -2.701934 0.670986 -1.149559 0.983641 1.639953 2.382844 -0.784013 2.248093
1.049393 -27.87593 0.721924 -2.074515 -0.008956 0.504107 1.557565 -1.829428 2.163229 -0.472403 0.885659 0.301715 1.752424 -0.769609 0.734485
7.049393 -29.87593 0.721924 4.373275 0.66662 3.013588 1.124732 2.006036 0.492079 4.321959 -0.597113 0.612832 0.548087 -0.476639 0.253351
3.049393 -29.87593 0.721924 1.571151 -0.030825 -0.120871 1.487279 -1.7186 0.462492 2.831688 0.761673 -2.068269 3.394936 -3.052203 0.972383
1.049393 -29.87593 0.721924 -1.452731 -1.282704 -1.469252 2.428591 -1.605997 1.301322 -0.015552 -0.790618 -2.285522 4.428123 -1.555703 1.382879
7.049393 -31.87593 0.721924 3.668545 0.128139 3.945693 -0.177347 3.738333 0.189895 3.010365 0.135082 0.395538 -1.225177 0.87573 -1.240137
3.049393 -31.87593 0.721924 3.340988 -1.560162 1.397989 2.483744 -0.331199 1.202624 4.959522 -0.030162 -0.903169 2.104444 -2.126346 -1.099022
1.049393 -31.87593 0.721924 -1.341046 -1.055596 -0.577173 2.374275 -2.124825 0.151446 -0.420992 -0.015216 -1.200757 3.190786 -1.786846 -0.213866
11.04939 -33.87593 0.721924 1.726377 2.242845 2.156153 -1.109385 0.542753 1.471181 0.198475 0.858681 0.457109 -2.061193 -0.514203 -0.315156
7.049393 -33.87593 0.721924 3.025528 -2.078165 1.392774 0.358272 3.451524 0.309205 2.121509 -2.954126 -1.776433 0.421922 -0.115188 0.202626
3.049393 -33.87593 0.721924 4.106023 -0.204119 -0.194526 2.780004 -0.587381 1.103608 5.279454 1.433054 -0.952102 2.198757 -1.477249 -0.714901
1.049393 -33.87593 0.721924 0.225884 0.009724 -0.038398 2.500331 -0.651941 -0.204883 0.45785 0.611743 -1.172308 3.733231 -2.061987 -0.655797
11.04939 -35.87593 0.721924 0.305195 3.344734 1.382318 0.290438 -0.469177 0.452043 -0.905626 1.307539 0.677124 -0.228681 -0.357814 -2.036581
9.049393 -35.87593 0.721924 -1.026308 1.864922 2.241499 1.567942 1.665623 1.657777 -2.239213 -1.58514 1.073199 0.81222 0.500668 0.998919
7.049393 -35.87593 0.721924 0.76597 -1.412575 1.5788 1.327646 3.308566 1.937923 -1.395427 -4.182763 -1.749549 0.734618 0.820726 1.907942
3.049393 -35.87593 0.721924 2.594079 1.720976 0.340693 1.616824 0.179348 1.86471 1.906886 3.073295 -0.499405 1.105932 -0.299179 2.326042
1.049393 -35.87593 0.721924 0.12678 0.787786 -0.440871 0.832059 -0.952367 -0.227681 -1.037389 1.794514 -0.566448 1.854238 -1.796707 2.137959
9.049393 -37.87593 0.721924 -2.386393 2.316478 -0.015008 0.095279 -1.055224 1.577968 -3.366916 -0.571884 -0.040326 -1.353398 0.159674 0.316198
7.049393 -37.87593 0.721924 -0.929305 1.018357 1.0995 0.519905 2.685694 2.15498 -2.339482 -0.967473 -1.223106 -1.336704 0.491025 2.081361
3.049393 -37.87593 0.721924 -0.476079 -0.936532 1.505978 0.40854 -2.558582 2.981833 0.001137 -0.435377 1.473675 -0.037368 -1.145931 4.005298
9.049393 -39.87593 0.721924 0.116974 2.338105 1.581099 -0.453344 0.631837 1.982735 -1.995953 1.153818 -0.176907 -2.224571 -0.147253 0.806172
7.049393 -39.87593 0.721924 0.420366 1.66892 2.383958 1.011144 2.000771 1.017859 -0.935595 1.066793 0.113601 -1.129221 -1.045203 1.635227
3.049393 -39.87593 0.721924 -0.943462 -0.453841 0.675508 -0.352776 -3.357705 2.745216 0.200043 -1.015388 1.524078 -0.670475 -2.225457 3.516075
3.049393 -41.87593 0.721924 0.738753 0.439915 -0.461398 -0.268864 -1.565011 1.606997 0.947642 0.391073 1.82335 0.286722 -0.784739 2.115106
1.049393 -41.87593 0.721924 1.304719 0.256218 -0.52485 -0.18123 -0.351937 2.02679 1.283551 0.118405 0.855945 -0.337432 -1.124529 1.724101
-0.950607 -41.87593 0.721924 1.975302 -1.82102 -0.024163 -1.382253 1.747916 1.679688 0.578471 -1.124216 -0.244231 -0.866974 -0.088288 1.421223
1.049393 -43.87593 0.721924 -0.657356 0.394443 -1.108002 0.723839 -1.694236 0.548266 0.237143 0.510572 1.823515 1.138327 0.763467 0.547322
-0.950607 -43.87593 0.721924 0.856629 -0.951911 0.300188 0.395851 0.047633 0.211263 0.811184 -0.365048 1.29071 -0.09094 0.349484 -0.014036
1.049393 -49.87593 0.721924 -2.569481 -4.78255 -1.364462 -1.82116 -1.463816 -1.082272 -1.39092 -2.775033 0.537351 0.357383 0.251595 -0.570035
-0.950607 -49.87593 0.721924 0.703105 -1.835769 -0.787486 -2.064926 -1.54179 -0.560733 1.477053 -0.136707 -0.309137 -0.274773 0.15142 -1.982064
1.049393 -51.87593 0.721924 -0.087307 -3.505749 1.809653 -0.757975 1.579458 -0.855865 0.478321 -1.654 1.420661 0.808665 -0.451375 0.183945
11.04939 -25.87593 2.721924 0.765331 0.753373 2.69804 2.23513 1.770725 -0.038831 -0.466343 -1.052142 -0.305682 -0.366833 -0.657899 -0.925744
9.049393 -25.87593 2.721924 0.247015 1.04301 2.167569 2.202338 1.472281 -0.077144 -0.815844 0.715066 0.579693 -0.695717 -0.645748 -0.642224
-0.950607 -25.87593 2.721924 -3.193973 -1.923419 -2.484242 0.646344 -3.867527 0.929799 -1.891366 -3.059837 1.161141 0.980361 -4.153903 0.623826
11.04939 -27.87593 2.721924 1.797764 1.709556 2.315508 2.471302 1.886708 -0.448403 -0.392842 -0.912611 -1.774761 -1.269281 -1.101808 -2.563382
9.049393 -27.87593 2.721924 0.37805 2.115798 2.903629 3.187915 2.053909 -0.265903 -1.433278 0.25688 0.578715 -0.295779 -1.841204 -1.898929
1.049393 -27.87593 2.721924 -0.366168 -1.128808 2.433763 0.166826 -1.547288 1.409858 0.695933 -2.04292 3.143256 0.586478 -0.89738 0.886215
-0.950607 -27.87593 2.721924 -2.756225 -1.775629 -1.122488 -0.306954 -3.299247 -0.860127 -1.712569 -1.859986 1.965371 0.265731 -1.992478 0.537588
9.049393 -29.87593 2.721924 0.772599 3.833139 3.112378 3.739538 3.126026 1.529016 -0.703843 2.122247 2.089946 0.52196 -0.730041 0.970714
7.049393 -29.87593 2.721924 1.636371 4.174979 1.680616 2.612776 2.638303 0.642652 2.536052 3.397322 2.941553 1.543265 1.092886 1.514593
1.049393 -29.87593 2.721924 -0.27685 -6.37387 -0.727303 -2.777085 -2.664542 -0.010183 1.634238 -7.543995 -0.440797 -0.342605 -1.155406 0.917049
-0.950607 -29.87593 2.721924 -2.897684 -5.851007 -2.951549 -2.487957 -3.400957 -1.180874 -1.332722 -5.719838 1.182387 -0.646592 1.911135 1.828622
9.049393 -31.87593 2.721924 -0.199828 3.499702 2.934196 3.351514 3.918663 1.777806 -1.275494 3.670797 1.956299 1.646077 0.248038 2.911358
7.049393 -31.87593 2.721924 0.879236 3.315097 2.538791 1.346613 3.084145 1.595458 1.677678 2.656943 2.124334 0.614907 1.024464 1.273385
5.049393 -31.87593 2.721924 2.819157 1.445467 1.435857 1.756909 2.206062 1.890198 3.390693 0.020421 0.379199 0.717525 0.004588 0.989462
3.049393 -31.87593 2.721924 1.552503 -3.025846 -0.065733 0.396945 -0.607336 0.632558 2.416162 -2.320059 -0.634663 0.948586 -1.607584 -0.433476
1.049393 -31.87593 2.721924 -0.832183 -6.078772 -3.257574 -2.39038 -3.15529 -1.660143 -0.007507 -4.693978 -1.676275 0.232067 -0.913305 -1.482803
-0.950607 -31.87593 2.721924 -3.411139 -6.166445 -4.431013 -3.09206 -5.418975 -2.440939 -1.502074 -5.064773 0.706935 -0.493036 1.598448 -0.045958
7.049393 -33.87593 2.721924 1.662506 -0.994799 0.279682 -0.416757 3.706034 0.038482 2.769269 -0.667016 -0.374835 1.094411 0.208214 0.982466
5.049393 -33.87593 2.721924 2.697949 1.282679 -0.271074 1.162539 0.843448 1.601347 4.106717 0.706598 -0.620934 1.10888 -2.852716 1.25795
3.049393 -33.87593 2.721924 3.525438 -0.596989 -1.293737 1.472628 -0.207803 1.016188 4.067407 0.837553 0.401439 1.849061 -2.164624 2.386721
1.049393 -33.87593 2.721924 -0.94158 -5.725511 -4.326541 -2.78991 -3.475625 -2.115365 -0.506068 -2.065512 -0.201562 0.755426 -1.305559 1.444161
9.049393 -35.87593 2.721924 0.98712 1.391852 2.082266 1.346191 1.874227 -0.011297 0.630476 0.476638 -0.505989 0.533683 3.951118 -0.060655
7.049393 -35.87593 2.721924 0.282922 -1.718839 0.763822 -0.109154 3.145649 0.274875 0.142496 -2.765442 -1.247886 0.623744 2.38787 0.339621
3.049393 -35.87593 2.721924 1.235691 -0.289665 -1.263918 0.010038 -0.915771 1.060558 2.036922 0.772934 1.309415 1.46605 -1.412044 3.774464
1.049393 -35.87593 2.721924 -2.096576 -4.483966 -2.350154 -3.644916 -2.249113 -1.770957 -1.743653 -0.959206 1.902769 0.012949 0.565916 4.253469
9.049393 -37.87593 2.721924 0.402531 1.239223 -0.458305 -0.316393 -0.529289 0.769077 0.009146 -0.691694 -2.364058 -1.794918 0.959912 -0.635449
7.049393 -37.87593 2.721924 0.169675 -0.032488 0.008451 0.124769 1.787336 1.69515 -0.087575 -1.705983 -1.807128 -1.103626 1.932881 1.114067
3.049393 -37.87593 2.721924 -1.725147 -4.13321 0.274013 -1.61537 -2.354842 0.969442 -0.023518 -3.18903 3.277359 -0.779055 0.252114 2.955346
1.049393 -37.87593 2.721924 -0.184854 -5.455861 0.880152 -2.862869 0.231031 -0.480277 0.154526 -3.041044 2.404133 -0.673299 2.567173 1.965436
9.049393 -39.87593 2.721924 -1.919001 2.246502 -0.482431 -0.414304 -0.811115 2.456188 -2.952774 0.136218 -1.562382 -2.61867 -0.461426 -0.254596
3.049393 -39.87593 2.721924 -1.243381 -1.693997 0.685414 -1.525726 -1.718361 1.307909 -0.010494 -1.533796 1.427654 -1.835251 -0.93084 2.778995
1.049393 -39.87593 2.721924 2.520941 -3.184529 1.923517 -0.378757 1.848114 1.287332 2.568995 -2.035009 1.542162 0.096844 0.762525 0.825893
9.049393 -41.87593 2.721924 -2.461595 1.541864 1.068675 2.237056 -0.801861 3.048231 -4.585064 -1.088662 -0.477943 -0.488151 -1.30959 -0.733332
3.049393 -41.87593 2.721924 -0.478391 -0.543232 -0.244345 -1.552245 -0.146004 1.13102 -1.319332 0.247575 -1.385306 -0.387022 -0.896149 3.233588
1.049393 -41.87593 2.721924 2.502584 -1.590935 0.514747 -1.370656 0.887733 0.796272 1.875897 -0.679839 -0.180687 -0.266431 -0.730761 0.740089
11.04939 -43.87593 2.721924 0.211281 -1.352395 -2.215399 1.274346 0.199937 1.354773 0.104393 -3.138626 -2.142337 0.781832 1.067052 -0.94183
9.049393 -43.87593 2.721924 -2.321503 0.514809 0.4964 1.252769 -0.886465 2.043313 -3.410716 -1.470721 -0.276973 -0.116909 -1.64391 -0.945133
1.049393 -43.87593 2.721924 -0.846807 -0.619114 -0.496418 -0.068427 -1.181001 -0.264228 -1.512387 0.654891 1.047447 1.250194 -0.017524 0.031852
11.04939 -45.87593 2.721924 -2.630657 -2.166722 -2.765241 0.495702 0.307335 0.190523 -2.051369 -3.994751 -0.770088 -0.15543 1.682817 -0.417551
9.049393 -45.87593 2.721924 -2.695512 -1.664337 -1.707343 1.899225 0.014603 3.75434 -3.379308 -4.511517 -0.364534 0.790519 -0.878426 2.704739
1.049393 -45.87593 2.721924 0.62255 -0.805731 0.482336 -0.835678 -0.254615 0.006668 0.098879 -0.542677 1.202183 0.258649 0.65638 -0.084079
9.049393 -47.87593 2.721924 -3.689597 -1.616952 -1.65926 0.541669 -0.754257 1.521428 -2.815784 -2.009771 1.597006 0.692532 1.164442 1.951248
3.049393 -47.87593 2.721924 1.324426 -3.184618 1.958639 -0.991519 0.982329 0.764789 2.199841 -3.268709 2.673483 0.003972 0.335522 1.331683
1.049393 -47.87593 2.721924 0.051808 -2.202001 -0.632686 -0.687 -0.300785 1.394257 0.613766 -3.992547 1.08444 -0.515835 1.702306 0.465054
3.049393 -49.87593 2.721924 -0.002382 -2.182297 0.439277 -1.165527 -0.445589 0.205663 0.372806 -2.388732 3.1428 -0.346541 0.879818 0.783658
1.049393 -49.87593 2.721924 -1.249447 -1.745343 -1.150033 -1.308004 -1.408487 0.508658 -0.342431 -2.260474 1.349389 -1.07433 0.691173 0.295435
-0.950607 -49.87593 2.721924 1.140044 -0.648355 0.782652 -2.27014 -0.854694 -0.201142 1.487761 0.229037 0.636789 -1.002472 0.538293 -0.677424
1.049393 -51.87593 2.721924 -0.474516 -2.103547 0.793585 -1.560771 -0.01428 0.481429 -0.653424 -1.209334 0.867035 -1.360849 -0.253134 1.894583
-0.950607 -51.87593 2.721924 2.475013 -1.494866 0.198492 -1.796585 0.63982 0.112397 1.860486 -0.013468 0.053766 -0.965289 -1.031207 2.563816
11.04939 -29.87593 4.721924 1.009223 -2.779732 0.74187 2.7127 -2.27845 0.559502 -0.827394 -2.724624 1.861524 2.36661 -3.440283 0.615061
11.04939 -31.87593 4.721924 -0.202148 -2.246416 1.9316 3.584685 -1.090878 0.679493 -1.248389 -2.001353 2.299372 4.122467 -1.194003 1.871826
9.049393 -31.87593 4.721924 -0.053351 0.7784 1.727662 3.327874 0.262952 2.93977 -1.694943 1.119549 2.931839 2.52221 -0.304425 3.466548
7.049393 -31.87593 4.721924 1.478179 0.025053 2.212752 0.606804 2.409156 2.072323 0.541318 -0.80348 2.146353 -1.093911 1.068334 1.351155
1.049393 -31.87593 4.721924 -3.854061 -5.499806 -2.880194 -3.764543 -1.65209 -2.753108 -3.035475 -1.212244 0.072158 -0.299082 1.81556 -1.027749
-0.950607 -31.87593 4.721924 -5.674408 -5.102628 -3.65002 -3.508182 -3.955312 -1.918018 -4.396054 -3.732712 1.387058 0.388245 1.638631 0.010129
9.049393 -33.87593 4.721924 2.291951 0.430064 3.331702 3.795259 1.84809 1.906807 0.951102 1.385926 1.501378 2.649813 1.215529 2.479028
7.049393 -33.87593 4.721924 3.316723 -1.811074 3.090562 0.777056 2.025461 0.992882 3.096611 -1.515232 1.644521 0.290937 -0.518963 0.250342
5.049393 -33.87593 4.721924 0.109702 -0.356813 1.244063 1.092216 -1.668195 1.199405 0.979073 -0.701443 0.280934 0.648046 -3.829967 1.23263
1.049393 -33.87593 4.721924 -5.828871 -11.01871 -6.862878 -5.549934 -6.41315 -4.221703 -3.541353 -3.769067 2.103313 0.185403 0.793391 1.593679
-0.950607 -33.87593 4.721924 -8.658993 -9.365562 -6.309173 -2.368131 -7.417793 -2.209819 -6.477047 -6.109668 3.78713 2.715451 0.765848 1.597588
7.049393 -35.87593 4.721924 1.664319 0.582071 2.066232 3.04275 1.49616 1.247912 1.2683 0.291191 1.179466 3.098227 0.639999 0.169741
5.049393 -35.87593 4.721924 2.299997 -0.354703 1.312985 -0.238727 -1.223938 0.715211 2.492891 0.173983 1.691505 1.688867 -2.514046 1.490677
1.049393 -35.87593 4.721924 -8.848465 -9.348668 -7.774375 -6.645751 -9.237157 -3.693227 -5.3071 -2.87238 4.531703 -1.283454 -0.142018 2.418794
-0.950607 -35.87593 4.721924 -9.602081 -6.536324 -6.07719 -3.17719 -7.541292 -2.005194 -6.266676 -2.473372 5.745028 0.759865 0.828518 2.667508
11.04939 -37.87593 4.721924 -2.739512 -1.703834 -0.029356 -0.311427 -1.254373 -0.433321 -3.471732 -1.975133 -1.225004 -0.136603 -2.645975 -0.953591
9.049393 -37.87593 4.721924 -1.967721 -0.556567 -0.055804 1.992831 -0.18888 1.49873 -2.13598 -2.014679 -0.595396 1.082548 -0.496125 0.211118
7.049393 -37.87593 4.721924 -0.496641 0.300234 -0.033882 2.421528 1.936754 1.436722 -1.159834 -0.623082 -0.500901 1.713878 1.183854 0.094157
3.049393 -37.87593 4.721924 -5.955857 -9.590441 -4.90933 -5.29069 -6.308113 -1.778282 -3.71026 -6.42178 4.201627 -1.887986 -0.039335 2.764031
1.049393 -37.87593 4.721924 -7.291515 -6.5764 -3.705207 -5.236516 -4.200445 -2.416263 -4.606531 -3.292036 4.74166 -1.933888 2.260283 -0.521852
-0.950607 -37.87593 4.721924 -3.753462 -0.688743 -2.196777 -2.056314 -3.185284 -0.752741 -2.110152 1.121025 2.404393 -0.353504 -0.007713 -0.075392
11.04939 -39.87593 4.721924 -1.317548 -0.835719 0.064744 -0.970737 0.30127 0.446623 -3.181951 -1.196438 0.371449 -1.809976 -0.778871 0.048554
9.049393 -39.87593 4.721924 -2.153573 0.078338 -0.63669 0.808536 -0.148535 1.57547 -3.833302 -1.359193 -0.344912 0.213155 -1.335981 -0.365003
3.049393 -39.87593 4.721924 -4.211513 -6.284189 -3.624796 -3.353377 -4.634612 0.092594 -2.351989 -4.346688 3.637882 -1.207225 0.165087 3.851383
1.049393 -39.87593 4.721924 -2.050167 -2.84382 -0.811999 -1.681076 -0.581592 0.200474 -0.609396 -0.573998 3.472774 0.307832 1.673864 -0.289611
11.04939 -41.87593 4.721924 1.541081 -0.533129 1.496643 1.537976 0.219994 1.288327 0.51481 -1.281413 2.114683 1.429991 1.371408 -1.526269
9.049393 -41.87593 4.721924 -1.372062 1.543711 1.198765 2.605756 -0.411244 1.688681 -3.582797 0.820532 1.34657 1.895447 -1.607517 -0.48138
3.049393 -41.87593 4.721924 -1.553674 -2.49275 -1.272387 -1.596347 -1.62066 1.728261 -1.097917 -1.781413 1.058292 0.145828 0.326611 3.93331
1.049393 -41.87593 4.721924 0.91335 0.685515 0.224768 -1.504049 0.714254 2.060374 1.39184 2.278743 1.43919 0.171033 1.249979 1.656026
9.049393 -43.87593 4.721924 -0.811132 1.713031 2.644886 1.666465 -0.917427 1.687289 -0.530673 1.045667 1.584384 1.543358 -0.012481 -1.022683
7.049393 -43.87593 4.721924 -1.952319 -0.549379 2.506427 1.200923 -1.157338 0.618354 -2.436278 -1.029475 2.555594 -0.308406 -0.673561 -2.638752
1.049393 -43.87593 4.721924 -0.293613 0.362516 0.366033 -0.843419 1.212553 1.386241 -0.128661 1.959861 2.250151 0.572498 2.026632 2.071882
9.049393 -45.87593 4.721924 0.333303 -0.129256 2.103047 -0.211393 -0.596818 2.983173 0.843424 -1.186627 0.614883 -0.043208 0.723063 1.143006
7.049393 -45.87593 4.721924 0.501219 -0.793058 5.464245 1.076699 -0.890802 3.498 0.89631 -2.271305 3.840216 -0.901968 -0.244148 -0.240133
1.049393 -45.87593 4.721924 -0.477294 -1.799027 0.117023 -1.255085 -2.098574 -0.055161 0.730184 -0.140896 1.158664 0.779231 1.225891 0.428336
9.049393 -47.87593 4.721924 -1.521633 0.289757 -0.155902 -0.053415 0.093007 2.67793 -1.16214 -1.939415 0.468225 -1.276052 1.235369 1.039177
7.049393 -47.87593 4.721924 -2.799915 -2.269293 1.531702 -0.516332 -1.218453 1.653861 -2.855581 -2.592427 1.617743 -0.5946 -0.800684 1.71391
3.049393 -47.87593 4.721924 -0.254923 -2.814219 0.396863 -2.044058 -2.117825 0.089474 1.421771 -1.917063 3.709994 -0.554134 -0.09704 2.466311
1.049393 -47.87593 4.721924 0.757255 -2.494832 -0.125191 -1.91115 -1.173616 -0.15329 1.764161 -3.566756 -0.794746 -1.752573 1.406291 1.064175
3.049393 -49.87593 4.721924 -0.599564 -2.325475 0.628274 -1.019678 -1.605793 -0.995643 -0.287275 -2.398761 2.490588 -0.307864 0.85843 0.56369
1.049393 -49.87593 4.721924 0.340983 -1.440361 0.545903 -1.314366 0.043505 -0.359753 0.417944 -2.442061 0.41285 -1.888609 2.171454 0.767559
-0.950607 -49.87593 4.721924 0.668291 -0.362964 1.318636 -2.07607 1.984182 0.496234 0.438248 0.085724 0.523469 -1.859422 2.150896 1.396512
1.049393 -51.87593 4.721924 0.269938 0.899579 1.180684 -1.52092 0.331667 0.385311 -0.555695 0.070481 0.361525 -2.474201 0.388648 1.113797
-0.950607 -51.87593 4.721924 0.773392 1.076778 0.229257 -0.198043 0.36627 1.194439 -0.529059 1.161976 -0.395499 -0.941623 -0.869195 2.286588
11.04939 -31.87593 6.721924 1.155701 -4.216533 1.580329 2.4595 -2.300555 0.34614 0.770297 -2.554453 2.685579 3.268777 -2.903329 0.976683
11.04939 -33.87593 6.721924 1.368384 -1.930332 2.605329 2.232252 -1.369848 -1.534475 1.287066 -0.544435 5.143714 2.642109 -0.900316 0.470346
7.049393 -33.87593 6.721924 3.308355 0.33192 3.173259 1.861943 -0.824097 3.458063 1.657236 0.457307 1.109854 0.273581 -2.71813 0.887007
5.049393 -33.87593 6.721924 1.65079 -1.331614 1.438228 0.295125 -1.304734 1.210587 0.36702 -1.708744 -1.514657 0.399245 -3.481153 0.484658
-0.950607 -33.87593 6.721924 -1.197293 -2.324422 -0.377767 1.331608 1.46447 0.139825 -0.616068 -3.5512 0.896516 2.310932 2.391251 -0.4483
7.049393 -35.87593 6.721924 1.090019 1.645147 1.923936 4.763253 -1.376502 4.278281 -0.530904 1.099175 1.23432 3.387416 -1.978766 1.157753
5.049393 -35.87593 6.721924 3.221191 -0.207653 1.503967 1.732942 -0.301604 2.496021 1.654445 -1.017108 -0.136947 2.554147 -1.102952 2.215845
9.049393 -37.87593 6.721924 -2.56711 -0.123484 0.178582 0.655717 -1.131068 0.611049 -2.462071 -1.350059 1.125706 -0.525239 -0.93523 -1.033318
7.049393 -37.87593 6.721924 0.666619 0.468205 0.859563 2.119274 0.844709 1.565973 0.608596 0.064491 0.323175 1.696416 0.923243 0.357265
5.049393 -37.87593 6.721924 -1.698727 -2.019955 -0.513165 -0.77138 -1.104198 0.631725 -1.374148 -0.574792 0.668245 1.207488 0.882794 2.485863
1.049393 -37.87593 6.721924 -9.060474 -4.40967 -2.177231 -3.611214 -5.749687 -1.695825 -7.678603 -2.706026 3.789422 -1.71441 -0.872838 -0.099419
-0.950607 -37.87593 6.721924 -5.43194 0.062192 -1.608471 -0.640262 -3.273 0.109597 -4.041649 -0.644275 0.960885 -1.42382 -0.719961 -1.035164
11.04939 -39.87593 6.721924 -0.493887 1.267756 0.269324 0.140325 -0.316015 -0.283293 -1.591459 1.198018 3.349734 -0.334987 -0.907147 0.555663
9.049393 -39.87593 6.721924 0.225366 0.24311 0.992261 -0.309815 0.786574 0.808005 -0.724907 -1.200468 2.72907 -1.138281 -1.054382 -0.422519
7.049393 -39.87593 6.721924 1.215202 -0.105529 1.224126 0.041882 1.668511 0.81976 0.273863 -0.891192 1.427835 0.141515 0.82876 -0.033675
5.049393 -39.87593 6.721924 -3.073795 -3.666095 -2.769237 -2.407491 -3.184735 -0.052429 -2.576056 -1.291199 2.476811 0.574431 -0.757721 2.248587
1.049393 -39.87593 6.721924 -6.80479 -3.529853 -3.282774 -2.411969 -5.002243 -0.552903 -4.990056 -1.044146 3.00576 -0.134296 -0.013483 1.589564
-0.950607 -39.87593 6.721924 -3.312458 -0.884852 -3.230807 0.224433 -3.420218 0.900545 -1.840151 -0.069619 -0.918851 0.928888 -0.586184 -0.190049
-2.950607 -39.87593 6.721924 -5.316619 -1.200254 -3.666115 -1.637059 -4.371432 0.395619 -4.546276 -0.417325 -1.438708 0.034459 -0.841027 0.138692
9.049393 -41.87593 6.721924 -0.182926 2.336478 2.771188 1.6555 1.021404 0.831709 -1.842761 3.054345 3.271389 2.472582 -1.050047 0.484491
7.049393 -41.87593 6.721924 0.669234 -1.125103 2.626273 -0.519708 2.216383 -0.161442 -0.499598 -0.301542 2.86974 0.041767 2.34747 0.207847
1.049393 -41.87593 6.721924 -1.869474 -1.744546 -2.568918 -3.749332 -2.163434 0.744538 -0.128344 0.789197 4.273431 -1.490972 1.257338 3.192956
-0.950607 -41.87593 6.721924 -2.18707 0.041527 -1.672203 -0.692768 -0.491155 1.235014 -1.922311 1.653279 0.71342 1.563632 1.487899 2.243931
-2.950607 -41.87593 6.721924 -2.065207 -0.892866 -1.95982 -1.441228 -2.353994 1.034883 -1.921388 0.337004 0.032476 1.450857 -0.134928 2.624312
7.049393 -43.87593 6.721924 -1.43375 -1.829783 1.701264 1.317438 0.344492 0.34523 -0.887854 0.186168 1.603563 3.523689 3.774602 -2.690708
1.049393 -43.87593 6.721924 -3.599885 -2.492405 -2.119927 -4.737445 0.16042 0.195657 -1.167983 1.273149 3.867783 -0.745073 3.272954 4.074863
-0.950607 -43.87593 6.721924 -2.673849 -0.538478 -0.706995 -2.975616 1.006987 -0.03072 -1.852694 2.968274 2.728182 0.592355 3.285962 2.58715
9.049393 -45.87593 6.721924 -0.291809 0.461944 3.178131 -0.30885 -2.874569 2.061438 0.608159 -0.409328 2.273582 1.121567 0.151616 -1.172312
7.049393 -45.87593 6.721924 -0.943358 -3.222831 3.574911 -0.11096 -2.479887 1.764358 0.138405 -2.797191 2.883006 2.364419 1.292776 -1.984887
3.049393 -45.87593 6.721924 -3.876192 -7.09458 -2.377298 -4.623243 -5.394136 -0.940416 -1.309987 -0.746477 1.29894 1.975669 2.858888 0.495507
1.049393 -45.87593 6.721924 -3.538625 -4.470731 -0.63267 -2.431161 -3.03829 -0.392857 -0.46346 -0.348606 1.709985 1.669532 1.78693 1.595587
9.049393 -47.87593 6.721924 -1.48732 -0.68899 0.92277 -0.791254 -2.117791 1.565715 -0.831795 -1.772501 0.673266 -1.611871 -0.480604 -0.187118
7.049393 -47.87593 6.721924 -1.687073 -1.473819 0.820623 -0.606793 -2.29626 0.923 -1.468285 -1.036988 0.729741 -0.448664 -0.863159 1.282376
3.049393 -47.87593 6.721924 0.250993 -3.316702 -1.411256 -1.847133 -1.334964 -0.986475 0.387799 0.571064 0.413812 1.598405 1.471922 1.869222
-0.950607 -47.87593 6.721924 -0.349479 -0.542507 2.097405 0.131615 0.192103 0.503705 0.784522 0.853569 1.375566 0.710587 0.891381 1.660863
3.049393 -49.87593 6.721924 1.34224 -2.347911 0.194341 -0.788776 -0.559008 -1.731209 0.800147 -1.550525 -0.855926 0.52043 1.735923 -0.657265
1.049393 -49.87593 6.721924 1.932652 -2.625461 2.218693 -1.445163 0.244836 -1.038985 1.584646 -2.064768 0.527979 -1.131667 1.245729 0.074514
-0.950607 -49.87593 6.721924 -0.763894 -1.385997 0.861251 -1.359826 -0.090333 -0.217063 -1.298974 -0.655923 0.626382 -1.046039 -0.440315 0.789428
3.049393 -51.87593 6.721924 0.678704 -0.538368 1.575172 -0.45894 -0.707985 -0.294543 0.207954 -1.352918 0.568617 -1.508308 0.573852 -1.5333
1.049393 -51.87593 6.721924 1.657676 -0.628288 2.688795 0.251171 -0.191239 0.160457 0.952632 -1.263971 -0.537233 -0.689167 -0.592149 0.200288
-0.950607 -51.87593 6.721924 -0.862976 0.044275 0.665585 0.675255 -0.821626 0.532407 -2.216583 -0.416242 -2.409476 -0.73001 -1.284003 0.840758
11.04939 -33.87593 8.721924 -0.807703 -2.506891 1.621558 0.021083 -1.047998 -1.79275 -1.310235 -0.738871 4.74431 0.430761 -0.900797 1.198957
9.049393 -33.87593 8.721924 -0.886821 1.139999 0.073392 1.533812 -1.981966 0.020852 -0.937442 2.668401 4.089706 2.460617 -0.993449 1.764919
9.049393 -35.87593 8.721924 -2.423248 0.906517 1.036675 1.860451 -2.69995 2.016565 -2.624921 2.390778 4.020186 1.744965 -1.824445 1.855065
7.049393 -35.87593 8.721924 0.951444 0.476115 1.497187 3.543027 -1.611055 3.458348 -0.280238 1.624946 2.870738 3.352883 -2.445037 2.205756
5.049393 -35.87593 8.721924 4.328646 -3.985603 0.443099 4.348833 -0.143376 3.420877 3.135446 -4.658168 1.424017 5.131732 0.451399 4.024225
7.049393 -37.87593 8.721924 3.337798 0.137287 2.003971 2.278054 2.09664 1.577007 3.638502 0.436446 1.642696 1.836217 2.09929 0.911688
5.049393 -37.87593 8.721924 2.261126 -0.867836 0.923417 2.272147 -0.530123 1.855064 2.122229 -0.108727 1.052261 3.479401 1.082151 1.935869
7.049393 -39.87593 8.721924 1.112081 0.970564 2.178856 0.747496 1.575301 -0.606297 1.5431 0.675962 2.696457 -0.063018 1.954557 -2.081716
5.049393 -39.87593 8.721924 0.265601 -1.169259 0.134944 0.166687 -1.556227 -0.066383 0.883586 -0.029813 2.82629 1.080161 -0.076901 -0.369018
-2.950607 -39.87593 8.721924 -2.130676 0.010698 -2.279493 -0.013172 -2.378962 -0.0575 -1.683314 -0.477945 -0.370177 1.885312 0.396002 0.583989
7.049393 -41.87593 8.721924 0.080444 0.670128 1.437373 -1.089936 1.928957 -0.500761 0.114947 1.085506 1.432064 -0.860685 3.550737 -0.112675
1.049393 -41.87593 8.721924 -1.39556 -1.871912 -1.310814 -1.097059 -2.660327 0.228925 -0.621227 -0.130786 3.804146 1.228672 -1.517649 1.172129
-0.950607 -41.87593 8.721924 0.414301 -0.231485 0.004739 0.741197 0.207038 0.175108 0.181631 1.147639 2.603235 2.552167 1.739897 -0.020563
-2.950607 -41.87593 8.721924 -0.60687 -0.003964 -1.095308 1.412595 -1.961713 0.150287 -0.502807 -0.452776 0.842407 2.730997 0.601055 1.180805
7.049393 -43.87593 8.721924 0.564176 0.422653 0.047456 -0.410134 1.719596 -0.34557 0.768047 2.410397 -0.004593 1.737257 3.211039 -1.203523
1.049393 -43.87593 8.721924 -2.22325 -1.869433 -3.326965 -5.19159 -2.090503 -0.255747 -1.429944 1.275429 1.777714 -1.72145 0.527861 2.349248
-0.950607 -43.87593 8.721924 -0.564054 -1.265888 -1.499368 -2.530346 -0.499097 -0.440171 -0.180764 1.133895 0.920214 -0.337752 1.730957 0.318646
7.049393 -45.87593 8.721924 -0.504562 -1.193622 1.806288 -0.436908 -1.004223 0.073752 -0.837803 -0.282088 -0.22073 1.947539 0.343447 -1.388665
3.049393 -45.87593 8.721924 -0.834701 -2.273758 -1.768469 -3.918201 -2.16696 -1.619552 0.369724 0.371541 0.238946 -0.84115 2.275074 0.101113
1.049393 -45.87593 8.721924 -3.488623 -2.427712 -2.525169 -3.658053 -3.611813 -0.260479 -1.708954 0.366728 1.228934 -1.538661 0.309157 2.814417
9.049393 -47.87593 8.721924 -0.694643 -0.987451 0.554955 0.131166 -0.185092 -0.006502 -1.51396 -1.158767 -0.898402 -0.338831 0.33798 -0.025886
7.049393 -47.87593 8.721924 -0.45298 0.74971 1.199712 0.016472 0.381875 -0.207074 -1.425813 2.038184 -1.100857 0.595925 -0.178269 1.865088
3.049393 -47.87593 8.721924 0.42477 -2.002589 -0.052037 -2.066221 0.811867 -1.257297 0.476694 0.35514 1.17224 0.788824 2.603014 0.801025
-0.950607 -47.87593 8.721924 -0.248074 -0.38323 1.300401 -0.02668 -0.740285 0.588357 0.091664 0.088861 0.321748 0.311677 0.626067 0.795694
11.04939 -49.87593 8.721924 -3.591869 -0.023523 -0.767555 0.398283 -2.135036 1.106363 -4.224678 -1.937243 -1.115009 -0.495692 -1.838422 -1.165015
9.049393 -49.87593 8.721924 -1.588133 -0.907091 -0.339709 1.572278 -0.640781 0.636478 -1.809701 -1.438186 -0.784286 0.606655 -0.383372 -0.189244
7.049393 -49.87593 8.721924 -0.457598 -0.125186 -1.407788 1.55743 -0.042325 0.349606 -0.580295 0.087982 -1.164962 0.966291 -0.099974 0.91497
3.049393 -49.87593 8.721924 0.553705 -2.973742 0.047159 -1.748042 0.63423 -0.46957 1.294709 -1.81823 0.502279 0.893378 4.262356 0.567483
1.049393 -49.87593 8.721924 0.081484 -3.116299 0.470475 -1.723206 0.301358 -0.416193 0.08865 -2.366397 0.345529 -0.517506 1.504202 -0.48065
-0.950607 -49.87593 8.721924 -0.443343 -0.801967 0.220152 -0.569358 -1.312448 -0.878193 -0.241402 -0.072856 1.023607 -0.009817 -0.259419 -0.481123
3.049393 -51.87593 8.721924 2.534238 -1.734393 1.133792 -0.203364 0.125162 -0.698875 1.235409 -0.108784 -1.135128 0.582522 -0.217234 -0.527972
1.049393 -51.87593 8.721924 3.005172 -1.142387 1.387878 0.525065 2.054242 0.242094 1.206315 -1.653891 -2.68613 0.251697 -0.290424 -0.496861
11.04939 -33.87593 10.72192 -2.200329 -0.267947 -0.274508 0.974586 0.028848 0.541786 -3.265344 -0.400038 0.897931 0.645704 1.748606 0.48664
9.049393 -33.87593 10.72192 -1.475033 -0.39425 -2.3592 -1.266864 -2.778289 -2.085501 -0.540817 -1.010178 2.517635 0.157495 0.747965 -1.430922
11.04939 -35.87593 10.72192 -1.36283 -0.52029 -2.506225 1.607965 -0.464324 1.088555 -0.502909 0.55505 -1.724725 2.057385 1.439907 2.201028
9.049393 -35.87593 10.72192 -2.746288 0.092255 -0.734003 0.967776 -3.039584 1.237032 -1.509625 -0.267099 1.405764 1.872644 -0.402719 2.036295
7.049393 -35.87593 10.72192 -0.611885 -2.202514 -0.197767 0.981731 -2.634042 1.653901 -1.562316 -1.996711 2.94536 1.963163 -2.214637 0.824911
5.049393 -35.87593 10.72192 1.117916 -7.682959 -0.048503 1.710352 -0.707567 1.147986 -0.170738 -6.438128 1.854423 2.788273 0.770567 2.807865
11.04939 -37.87593 10.72192 -0.948391 -0.952904 -0.941708 0.160947 -0.799306 0.08363 0.78017 0.339631 -1.580408 0.766801 -0.136603 1.059371
9.049393 -37.87593 10.72192 1.16729 -0.702182 1.053293 1.38027 0.264795 1.06446 2.911773 -0.386443 -0.189866 2.275649 0.09069 1.613228
7.049393 -37.87593 10.72192 -1.715346 -0.880608 2.215013 1.883034 1.154985 2.374199 -1.138149 -0.302797 1.535419 3.145159 0.234307 2.051643
5.049393 -37.87593 10.72192 -1.268517 -3.961839 2.527707 2.317497 -1.498847 1.928642 -0.298798 -3.039465 3.146654 3.718249 0.511376 1.576223
7.049393 -39.87593 10.72192 -0.382976 1.039658 3.195471 1.172631 1.832684 0.456299 -0.365128 1.637174 2.312378 2.493479 0.773438 -2.247186
5.049393 -39.87593 10.72192 -0.187464 -2.477445 1.948524 1.486297 -0.415458 1.314275 0.573535 -1.463161 2.473859 2.646561 1.102875 -0.264411
7.049393 -41.87593 10.72192 -0.103476 0.082311 2.793938 -1.206118 1.0909 0.735321 -1.441532 1.645087 1.426136 1.309604 1.113855 -1.672015
1.049393 -41.87593 10.72192 -1.682708 -3.071829 0.27207 -0.727267 -3.775558 1.582124 -1.165413 -1.265704 1.3772 1.448018 -0.681718 2.025523
-0.950607 -41.87593 10.72192 -2.193723 -2.05294 0.948676 1.797068 -0.317723 2.307442 -2.323265 0.02351 1.785882 3.229799 1.677747 2.143239
7.049393 -43.87593 10.72192 1.582288 -1.626733 2.349765 -2.377402 0.2242 -0.475421 0.241241 -0.487705 -0.166721 0.3237 -1.719253 -1.331937
1.049393 -43.87593 10.72192 0.561214 -1.463474 0.194099 -3.291382 -1.840252 1.584252 0.767614 -0.374217 0.294228 -1.051068 0.558312 2.385951
-0.950607 -43.87593 10.72192 0.445486 -1.228803 0.302993 0.994477 -1.104937 2.043184 0.762293 0.209702 -0.196886 1.742066 1.263306 2.387245
7.049393 -45.87593 10.72192 -0.700993 -1.785783 1.367213 -0.863908 -1.628556 -0.494028 -1.62207 -0.963441 -1.107219 -0.492047 -1.494215 -1.144743
3.049393 -45.87593 10.72192 -0.05714 -2.390873 0.60928 -3.373827 -1.221066 -0.603827 1.238623 -0.773533 2.930481 -1.125004 1.125466 1.604382
1.049393 -45.87593 10.72192 -0.596784 -1.382184 -0.649705 -4.519513 -1.490338 0.380342 0.002966 0.344302 0.824168 -2.798866 0.116297 3.014475
7.049393 -47.87593 10.72192 -1.342886 -1.173611 0.316416 -0.941085 -1.29143 -0.426322 -1.406637 -0.132394 -1.953501 -0.816456 -0.993648 0.110608
3.049393 -47.87593 10.72192 -0.009667 -2.25918 0.74312 -2.93953 -0.582425 -0.475271 0.85826 -0.777085 3.233429 -1.104063 2.193188 1.758089
1.049393 -47.87593 10.72192 1.129904 -1.17228 0.614968 -3.308636 -0.451982 -0.48017 1.493143 0.567294 1.473321 -2.763782 1.584538 1.06029
11.04939 -49.87593 10.72192 -2.684656 -0.398603 -0.623647 -0.374346 -2.155418 1.744167 -2.756008 -1.521738 -1.365207 -1.212962 -0.453946 0.991763
9.049393 -49.87593 10.72192 -1.216921 -0.538454 0.482979 0.026897 -1.235665 0.558918 -1.16755 -1.134291 -1.47515 -1.452382 -0.398349 -0.49815
7.049393 -49.87593 10.72192 -0.068969 -2.086547 1.009441 -0.294305 -1.406787 -0.170539 0.19017 -1.362358 -1.297421 -1.081815 -1.727586 -0.956415
3.049393 -49.87593 10.72192 1.228273 -1.966706 1.91257 -2.148659 -0.022869 -0.141301 2.880592 -0.932171 3.819748 -0.790303 3.440826 1.715149
1.049393 -49.87593 10.72192 1.276648 0.757692 0.312748 -1.891385 0.580197 0.357861 0.881315 1.472262 2.193865 -1.895889 1.631562 1.563413
-0.950607 -49.87593 10.72192 1.997806 1.327914 1.119891 -0.942611 0.299718 -0.087777 2.276811 1.529396 2.959355 -1.53311 1.038739 0.256475
3.049393 -51.87593 10.72192 -0.542702 -3.038278 0.548667 -1.615978 -1.190596 -0.864409 -0.180628 -0.997495 2.64979 0.567971 -1.146357 1.06856
1.049393 -51.87593 10.72192 1.374612 -1.236123 -1.110159 -0.997991 1.493479 -0.069288 0.331566 -0.630847 -0.335229 -0.345782 0.043325 0.795977
-0.950607 -51.87593 10.72192 2.270457 -2.618268 -1.537459 -2.146397 -0.0508 -0.231497 2.74724 -2.292965 2.490137 -2.51243 1.258806 -0.224692
11.04939 -35.87593 12.72192 -2.588143 -0.133777 -1.409697 1.873513 -2.765081 1.711449 -1.422635 -0.135971 -2.599185 1.920332 0.192627 -0.758816
9.049393 -35.87593 12.72192 -4.812176 -0.598163 -0.15105 2.132325 -3.414877 0.14052 -2.948645 -3.162341 0.392957 2.149409 2.242494 -2.363482
7.049393 -35.87593 12.72192 -4.320271 -1.360808 -0.110058 0.184674 0.561604 0.373969 -5.195073 -2.194433 0.967373 -0.153085 2.592999 -2.265977
13.04939 -37.87593 12.72192 -3.135932 -0.866994 -1.757477 -0.209188 -2.955489 1.415848 -1.754836 0.443478 -0.903996 0.472652 -0.012835 1.407073
11.04939 -37.87593 12.72192 -1.572526 -1.180264 -0.899314 0.654498 -2.292759 0.175146 -0.162402 -0.578999 -2.567866 1.814985 -1.089739 -2.53823
9.049393 -37.87593 12.72192 1.850726 -2.946085 -0.056408 1.078171 -1.271902 -0.172638 3.481348 -3.424643 -2.091218 1.868774 0.914584 -2.947207
7.049393 -37.87593 12.72192 -1.483039 -3.118295 -0.546842 -0.071738 -1.095857 0.645793 -0.5148 -1.55775 -0.140665 1.50404 1.683971 0.543977
13.04939 -39.87593 12.72192 -1.495411 0.286805 -0.119357 3.099869 1.149068 2.589544 -0.97328 1.79738 2.895741 3.764243 5.713204 1.296359
11.04939 -39.87593 12.72192 0.849068 1.319343 -1.598068 3.112541 1.263358 0.112861 1.947536 2.529774 1.998973 4.580507 5.884997 -1.323738
9.049393 -39.87593 12.72192 4.273121 -0.380445 -0.453836 3.052404 0.246114 0.858621 5.418674 -0.232654 1.481348 3.648403 2.768903 -1.449391
7.049393 -39.87593 12.72192 -0.653278 -2.454605 -0.215068 1.125538 -0.667025 1.845142 -0.025348 -1.128345 3.918451 3.291386 1.985216 1.359314
5.049393 -39.87593 12.72192 -5.205822 -6.06914 -2.746147 2.478585 -3.401387 2.913538 -3.499106 -4.46953 4.261023 4.599068 3.552702 2.022326
9.049393 -41.87593 12.72192 1.71719 -0.260691 -0.482606 4.931538 3.452615 3.321297 2.196066 -0.195321 6.826873 7.8893 9.901021 -0.968813
7.049393 -41.87593 12.72192 -1.84707 -2.021441 -0.500596 2.837339 1.339282 3.241495 -2.702719 0.458781 7.251984 6.52969 5.611348 0.117069
5.049393 -41.87593 12.72192 -4.321503 -5.244795 -2.321412 2.088948 -3.693552 2.815085 -4.321342 -2.268042 5.49668 6.158465 4.423398 -0.739828
1.049393 -41.87593 12.72192 -3.053791 -7.178658 -2.32294 -2.792562 -2.865175 -0.063628 1.210181 0.36691 3.655674 2.255378 7.927771 5.360569
-0.950607 -41.87593 12.72192 0.718122 -0.949788 2.158954 3.435295 1.913183 3.232746 1.430806 0.831985 2.711871 3.793 4.825759 3.744824
-2.950607 -41.87593 12.72192 -1.709852 -1.065957 -2.059656 1.484115 0.220807 2.940181 -1.19535 1.557359 -1.279217 2.637523 3.832343 4.151467
7.049393 -43.87593 12.72192 0.086854 -4.216205 1.141467 1.305293 1.165531 0.694914 -0.072111 -2.493052 4.32731 2.846953 2.606921 -1.849168
5.049393 -43.87593 12.72192 -1.929605 -4.034776 0.038639 0.667988 -3.628371 -0.454663 -2.176642 -1.442579 1.977484 2.670365 0.124684 -2.1678
1.049393 -43.87593 12.72192 -2.17518 -4.779258 -0.525771 -2.723964 -2.217639 -0.415224 1.787856 0.058829 5.149734 2.050562 5.637475 4.041712
-0.950607 -43.87593 12.72192 2.659861 -0.356451 2.824847 4.027718 0.611294 2.108512 3.746232 1.070402 4.09513 4.874635 3.203145 2.533928
-2.950607 -43.87593 12.72192 2.727031 0.418225 0.498788 3.851532 -0.359059 2.697323 2.670909 2.024969 1.558624 4.782852 3.098481 2.276459
7.049393 -45.87593 12.72192 0.299598 -2.648365 1.334507 0.303186 1.057493 -0.337837 -0.176941 -1.826886 1.161734 0.49305 -0.245196 -1.581219
3.049393 -45.87593 12.72192 -8.065607 -8.302305 -2.754428 -5.576158 -6.595133 -2.277164 -2.887527 -2.562786 7.107767 -0.538664 3.798776 2.588893
1.049393 -45.87593 12.72192 -4.814431 -4.367164 0.271072 -4.774208 -3.296873 -0.8446 -1.652868 1.221388 5.495485 -1.569125 2.08271 4.326782
-0.950607 -45.87593 12.72192 -1.312969 -0.119164 1.717111 1.09024 -2.099797 0.061231 -0.073619 3.477422 5.103453 1.599776 -0.657558 1.918972
11.04939 -47.87593 12.72192 3.242776 -1.130121 2.36691 -1.719282 1.00909 0.150467 1.975757 -1.834316 0.365576 -2.375067 -0.019323 -0.675323
9.049393 -47.87593 12.72192 1.437398 -0.128774 0.853178 -3.687255 0.172175 -0.233675 1.357707 -0.595047 -0.83265 -3.471248 0.5097 -2.572598
7.049393 -47.87593 12.72192 0.256076 -1.770383 1.383206 -1.958375 -0.13454 -1.007892 -0.204294 -1.704108 -1.107089 -1.198328 -1.090386 -3.096858
3.049393 -47.87593 12.72192 -3.200269 -7.965215 -1.433732 -5.361565 -4.233297 -1.696254 0.508946 -3.27229 5.843714 -1.177006 4.084582 2.229079
1.049393 -47.87593 12.72192 -0.676453 -3.233988 1.346111 -4.193319 -1.250302 0.185856 0.194567 1.463914 3.790025 -2.870094 1.772982 3.917566
11.04939 -49.87593 12.72192 2.729533 1.289639 0.564748 -0.082072 -1.041697 1.974782 2.432762 0.178807 -1.353936 -1.092289 0.051144 0.91644
9.049393 -49.87593 12.72192 1.27163 0.375376 0.252234 -1.367609 -1.051652 1.713118 0.555536 -1.753997 -1.933306 -2.873342 -0.160755 0.037227
7.049393 -49.87593 12.72192 0.331916 -1.392398 1.965903 -0.915986 -0.485985 -0.267863 -0.007002 -3.035174 -1.00438 -2.237539 -1.144033 -4.003858
3.049393 -49.87593 12.72192 -0.047954 -7.137712 0.402036 -4.592335 -1.63219 -0.507958 2.437405 -4.412241 4.303448 -2.042236 2.322389 3.723268
1.049393 -49.87593 12.72192 1.604837 -0.118461 1.916078 -1.976525 -0.063528 1.257453 1.109632 1.359249 2.511282 -1.802852 -0.335321 3.633221
1.049393 -51.87593 12.72192 -1.909084 -1.560766 0.004242 -0.772206 -2.128278 0.58954 -2.20149 -0.434151 1.277614 -0.036857 -2.831254 2.906301
-0.950607 -51.87593 12.72192 -0.30783 -2.311893 2.11585 -0.853391 -0.475878 0.658027 -0.390164 -0.99447 4.133307 -0.398921 0.293947 1.887316
11.04939 -41.87593 14.72192 -1.162742 3.822511 -1.606835 5.518115 2.526369 4.601212 -0.546189 5.970297 4.689236 4.968107 8.107975 5.730026
9.049393 -41.87593 14.72192 -1.223321 1.8777 -2.66316 5.106043 3.630411 4.750315 -1.265169 3.272367 4.711259 3.679571 4.864946 5.378505
7.049393 -41.87593 14.72192 -1.235047 -1.505608 -1.361907 2.71041 3.504332 5.494492 -0.683816 1.060654 7.264232 3.395729 3.200598 5.983666
-0.950607 -41.87593 14.72192 1.985536 -4.325281 0.371016 2.133852 2.469115 0.521953 2.454126 -3.532268 1.09868 2.10303 3.368919 0.90667
9.049393 -43.87593 14.72192 0.223431 -0.253111 -0.251644 3.079814 4.069048 2.022616 0.54908 1.56724 5.378441 3.011529 5.883713 1.057973
7.049393 -43.87593 14.72192 0.162137 -2.840952 1.673576 0.547704 3.540139 1.777079 1.511586 1.701429 7.102304 2.897739 5.820646 1.426465
-0.950607 -43.87593 14.72192 1.896898 -0.797499 1.763662 1.432109 3.633103 -0.011857 0.436491 -1.023512 2.114731 1.925299 2.532257 -0.009984
-2.950607 -43.87593 14.72192 -0.20115 -1.032735 -0.116199 1.176306 0.501544 0.723132 -0.479585 0.195217 0.086879 2.49902 1.930552 -0.402835
7.049393 -45.87593 14.72192 -0.38183 -3.198952 1.167905 0.631824 2.105168 -1.082881 -0.600835 -1.874595 2.351046 1.640281 0.675119 -1.311577
5.049393 -45.87593 14.72192 -2.333251 -6.978849 -1.342396 -0.129267 -3.427349 -0.466313 -1.031511 -4.557837 2.380645 2.330181 -0.066722 0.065826
1.049393 -45.87593 14.72192 -5.669259 -7.501349 0.958225 -5.623224 -0.848207 -1.168827 -3.168878 -0.772274 5.252854 -1.066732 4.479155 3.723601
-0.950607 -45.87593 14.72192 -1.695767 0.63589 1.563804 0.043525 1.630207 0.238221 -2.879985 3.368777 2.491912 0.65393 0.896374 0.377896
-2.950607 -45.87593 14.72192 -0.900371 -2.021011 -0.409873 -0.084227 -0.42056 0.008116 -1.119033 -0.418527 0.473893 1.08402 1.113406 -0.467055
9.049393 -47.87593 14.72192 0.996951 -1.393665 1.649037 -2.162179 -0.687819 -0.902549 1.386261 -2.074979 -1.885688 -2.422146 0.139111 -2.170474
7.049393 -47.87593 14.72192 -0.500176 -2.807893 2.828573 -1.676193 -1.087903 -1.724034 -0.351273 -4.95971 -1.045465 -2.686392 -1.394147 -3.783601
5.049393 -47.87593 14.72192 -4.874322 -7.721277 -2.212774 -1.983419 -6.342703 -2.997843 -1.842611 -8.430325 0.606479 -1.447407 1.1113 -5.719344
1.049393 -47.87593 14.72192 -2.764761 -5.482965 1.655734 -3.343478 -1.189457 -0.235996 -1.22206 0.3422 5.266192 -0.634142 3.380306 3.581916
-0.950607 -47.87593 14.72192 -1.863126 0.02805 0.852308 -0.341546 0.30644 0.606292 -3.007884 3.109766 2.201395 -0.569492 -1.272729 0.206442
11.04939 -49.87593 14.72192 3.401847 0.713707 0.735039 -0.525785 -0.543446 0.469632 3.0309 0.389358 -1.682594 -1.555603 -1.198754 -0.758983
9.049393 -49.87593 14.72192 2.848295 -0.739989 0.873088 -1.8226 0.694098 0.933959 2.120495 -1.702979 -1.709638 -2.937542 -0.030575 0.956784
7.049393 -49.87593 14.72192 -0.197591 -3.154693 2.092556 -2.125874 0.263312 -1.044513 -0.124506 -6.261967 -0.178363 -4.535568 0.119812 -3.404023
1.049393 -49.87593 14.72192 -1.362246 -3.344835 1.284754 -1.828549 -2.9811 -0.020475 0.459805 -0.936053 3.771568 -0.754433 0.263094 1.980452
-0.950607 -49.87593 14.72192 1.582303 0.224427 0.803968 -0.024138 0.984288 0.85663 1.424331 0.877177 1.210078 -0.288121 -0.44688 0.028174
1.049393 -51.87593 14.72192 -0.822357 -2.091468 -0.190736 -2.555584 -2.693374 0.452183 -0.140433 0.177356 1.396689 -1.823966 -2.06527 3.258644
-0.950607 -51.87593 14.72192 1.565067 1.675656 0.309996 1.029427 -0.012289 1.327772 1.122615 2.087356 -0.455653 0.924938 -0.01007 1.567247
11.04939 -41.87593 16.72192 -5.374514 -0.29541 -2.135374 0.650977 -0.335568 1.544983 -2.994375 3.379855 0.510076 0.47883 3.002448 5.046883
9.049393 -41.87593 16.72192 -5.173475 -1.397173 -2.748774 1.164508 0.268311 1.443181 -4.017606 1.356997 0.145068 0.017241 2.677294 4.954574
11.04939 -43.87593 16.72192 0.729114 -0.741457 2.538186 -0.389877 2.887705 0.699956 1.329345 1.308935 2.775618 1.332419 4.748519 3.492787
9.049393 -43.87593 16.72192 -0.799264 0.113836 1.743021 1.187683 1.581275 0.50538 -0.270183 3.146818 3.836753 2.110997 3.556859 2.287558
7.049393 -43.87593 16.72192 0.864719 -2.086909 1.21438 -0.320356 1.31789 -0.813485 2.13375 1.741977 4.600045 1.981709 4.036854 0.93178
9.049393 -45.87593 16.72192 1.364556 0.362394 2.065618 0.812973 0.290957 -0.040396 1.317108 1.093485 2.098619 -0.170813 0.689498 -0.032401
7.049393 -45.87593 16.72192 0.764624 -2.633471 0.381627 1.282305 1.506742 -1.068397 1.117997 -0.978183 2.684692 0.76376 3.788037 0.677231
7.049393 -47.87593 16.72192 2.809765 -2.404671 1.076646 0.061432 -0.073865 0.575651 3.171668 -3.608977 -1.279214 -2.046339 0.561522 0.540558
5.049393 -47.87593 16.72192 -1.746977 -9.230255 -1.720641 0.814083 -3.176459 0.539627 0.381565 -7.772842 0.564202 0.746155 1.799368 -0.073942
1.049393 -47.87593 16.72192 -1.474266 -3.631 0.555556 -0.897354 0.130701 -0.36333 -3.437604 0.141409 2.583671 1.027744 1.699133 -0.884239
-0.950607 -47.87593 16.72192 -0.716641 -1.688809 0.825093 0.066897 1.232736 -0.790482 -3.738768 0.217195 1.593506 1.080848 -0.963658 -3.813232
-2.950607 -47.87593 16.72192 1.41898 -3.179576 0.632932 -1.481651 2.157279 -2.05073 -0.386021 -1.939954 1.456452 -0.899804 0.944732 -3.43256
-4.950607 -47.87593 16.72192 -0.603325 -3.10589 -0.771755 -0.754112 0.679915 -1.051858 -2.685198 -2.362882 0.866078 -0.584275 1.06815 -2.456715
11.04939 -49.87593 16.72192 2.777571 1.022126 1.516745 -1.078676 0.05435 -0.329921 3.659037 0.943885 -0.132382 -2.34212 0.743236 -1.250642
9.049393 -49.87593 16.72192 4.649789 0.548415 1.374303 -1.012493 2.31849 1.147098 5.438713 0.484425 0.762156 -2.281644 2.647117 0.321574
7.049393 -49.87593 16.72192 1.036295 -3.415548 1.112606 -0.760072 1.034107 -0.929831 1.411552 -4.676544 -0.041425 -2.419813 0.514373 -1.343181
1.049393 -49.87593 16.72192 -0.018204 -2.543736 2.832563 -0.622424 -0.393944 0.147177 -1.352619 -0.810718 4.349168 -0.089037 0.336077 -1.419577
-0.950607 -49.87593 16.72192 0.899806 -0.707905 0.127763 0.668409 1.179705 0.075555 -2.245671 0.119838 1.31402 -0.051382 -0.513136 -2.038872
-2.950607 -49.87593 16.72192 3.299447 0.582948 0.587601 0.231154 2.985191 -0.097546 1.555208 1.144769 1.078647 -1.720864 1.431922 -2.266767
-4.950607 -49.87593 16.72192 2.343968 0.438749 2.240708 -0.290441 3.316741 0.540668 -0.605887 0.212318 1.638561 -2.037712 0.710655 -3.0215
11.04939 -51.87593 16.72192 2.214209 1.871716 -0.51734 0.103126 0.43965 1.049453 2.292834 1.725055 0.509154 -1.039139 1.433856 0.578151
9.049393 -51.87593 16.72192 2.040326 0.332046 0.001684 -1.336381 1.966315 0.216492 2.438434 0.087531 2.389321 -1.89634 3.021955 0.539311
-0.950607 -51.87593 16.72192 1.987368 -0.042717 0.187294 0.948141 1.005703 1.141191 -0.292916 1.176462 -1.417188 0.50022 0.52914 0.86188
-2.950607 -51.87593 16.72192 2.397162 1.069673 0.294106 1.524974 1.789812 1.273432 1.377638 2.505772 -1.309879 -0.056535 0.60375 -0.43497
11.04939 -43.87593 18.72192 0.591139 0.236158 1.897374 0.819115 1.193045 2.084565 0.787755 1.482229 1.229691 0.663694 1.039172 4.380717
11.04939 -45.87593 18.72192 3.111004 2.808934 4.17518 1.881432 2.444575 1.752689 1.452926 1.689111 2.364854 -0.219821 1.164134 1.074921
9.049393 -45.87593 18.72192 -0.201683 0.651162 4.148815 0.833862 1.322258 1.22833 -2.227757 0.636116 2.416019 -0.100093 -1.930871 1.15185
9.049393 -47.87593 18.72192 1.564962 4.029413 4.330585 1.762924 2.808922 1.759689 -0.868148 2.676735 1.676003 -1.40177 -0.393099 -0.674343
7.049393 -47.87593 18.72192 1.623757 0.410427 3.668287 1.31936 2.037357 1.931517 0.171337 -0.409728 2.21682 -2.205394 0.302112 1.352446
-0.950607 -47.87593 18.72192 -1.395804 -3.370896 0.371533 0.450653 -0.170848 -1.050896 -3.364441 -2.698052 1.663377 1.716408 -0.383034 -3.126706
-2.950607 -47.87593 18.72192 0.118942 -0.899837 -0.949403 0.556256 -0.742872 -1.613712 -0.238355 -0.103843 1.433341 1.725593 -0.707208 -2.74784
11.04939 -49.87593 18.72192 -0.065772 0.803596 0.995253 -0.364515 -1.220236 0.103986 0.596471 0.178076 1.799151 -0.893219 -0.237053 -0.528844
9.049393 -49.87593 18.72192 0.729191 1.174977 1.079672 -1.164225 0.896391 -0.765838 1.246868 2.224811 1.180016 -1.039332 0.953566 -0.730684
7.049393 -49.87593 18.72192 0.521229 -2.063215 0.929291 9.666439e-05 0.914633 -0.954907 0.866506 -0.758205 1.180998 -0.78372 1.03529 -0.440066
-0.950607 -49.87593 18.72192 -1.985039 -3.026241 0.054471 -0.368202 1.837814 0.026034 -3.482938 -2.895937 2.090224 0.015389 1.113302 -1.46314
-2.950607 -49.87593 18.72192 0.156868 0.575797 -1.326882 0.932111 0.916958 0.163569 -0.932897 0.760826 1.365667 -0.375999 1.184655 -1.804396
-4.950607 -49.87593 18.72192 0.511259 -0.990959 -0.158387 0.769222 -0.044454 0.622251 -1.003724 -1.70926 0.810162 -0.700977 0.032949 -1.826781
11.04939 -51.87593 18.72192 1.333879 2.139485 -0.247981 0.427533 -0.696728 1.043077 1.507971 0.223379 0.586097 -1.708903 -0.781726 -0.213959
9.049393 -51.87593 18.72192 2.085182 1.77194 -0.044053 -1.577687 0.563738 -0.914779 2.701216 0.879439 0.612741 -1.824983 0.816588 0.206925
-0.950607 -51.87593 18.72192 -2.795655 -2.43172 -0.144913 -0.866928 1.249049 -0.849995 -3.863173 -2.854389 0.48436 -0.693352 -0.087253 -0.610029
-2.950607 -51.87593 18.72192 -1.730729 -1.703343 -1.671054 0.002486 0.427941 0.210381 -1.985572 -0.424 2.050419 -0.199158 1.714553 -0.782602
11.04939 -43.87593 20.72192 -0.241788 -0.341986 -1.419795 0.538652 -1.188661 1.564091 1.36662 0.819456 0.549036 0.458517 0.216896 2.271315
9.049393 -43.87593 20.72192 -2.995804 -3.06285 -3.476476 -1.373104 -4.391406 0.634687 -1.510192 -1.396584 -2.459658 0.104752 -3.010139 0.749668
11.04939 -45.87593 20.72192 -1.61693 0.892806 -0.549447 1.149966 0.593685 0.673354 -2.247346 0.317797 -1.493936 0.349519 0.847388 -0.240803
11.04939 -47.87593 20.72192 -1.847953 -0.10304 0.389216 1.092319 -1.796201 0.624319 -3.783205 -1.089933 -2.089358 -0.377585 -2.491309 -1.133087
9.049393 -47.87593 20.72192 -1.241952 0.621355 1.513577 -0.395328 -0.687666 0.12634 -2.563534 0.404597 -1.69492 -1.306109 -2.226882 -1.438254
11.04939 -49.87593 20.72192 2.291747 -1.241105 2.078 1.81085 -3.620128 0.290472 1.847733 -2.227185 2.159735 0.358222 -4.663945 -1.429392
9.049393 -49.87593 20.72192 1.117925 -0.558863 1.932596 0.119168 -4.680336 -1.462429 1.340218 0.522783 0.822798 -0.677163 -6.305425 -1.679483
11.04939 -51.87593 20.72192 2.323277 0.586946 0.253438 2.106768 -4.788184 0.654364 3.406323 -0.686423 2.641595 -0.319709 -3.703043 -1.903688
9.049393 -51.87593 20.72192 0.321231 1.308036 0.862928 1.622289 -5.071688 -0.749947 1.416334 1.081535 1.877684 -0.063925 -5.11461 -1.240384
9.049393 -47.87593 22.72192 1.478255 -0.820327 -0.757928 -1.736079 -1.539496 -0.327173 0.498271 -0.938503 -1.098876 -0.683531 -1.838556 -1.230615
9.049393 -49.87593 22.72192 3.793559 -1.567903 1.628298 0.335139 -3.552733 -0.252991 2.78889 -0.783213 -0.353253 0.050633 -7.021044 -1.427397
9.049393 -47.87593 24.72192 1.110484 -0.287406 -1.686383 -0.590934 -0.669233 0.118176 0.025356 -0.938422 -1.223746 0.356185 -1.569083 -1.947937
