5.783875 -24.9621 -12.00858 -1.547753 -0.874115 -0.918979 -0.664391 -0.638361 -0.319655
3.783875 -14.9621 -10.00858 2.219721 2.043106 -1.369177 -0.411345 0.717084 0.539572
3.783875 -16.9621 -10.00858 3.924678 2.585246 1.231934 1.103329 0.143155 -0.187717
3.783875 -18.9621 -10.00858 2.275284 0.535011 2.177636 1.382729 -1.925235 -2.042046
1.783875 -18.9621 -10.00858 -1.015998 -1.553155 -0.501199 -1.850723 0.463163 0.098897
5.783875 -24.9621 -10.00858 -4.464477 -2.908053 -0.267283 0.516503 -1.418307 -0.23771
3.783875 -24.9621 -10.00858 -1.171221 0.002044 0.791493 1.426504 0.478339 1.196599
5.783875 -26.9621 -10.00858 -3.380347 -2.507117 1.123403 1.041146 -2.036744 -1.81082
5.783875 -28.9621 -10.00858 -0.086514 -1.208985 1.569301 0.481531 1.297797 -0.279328
3.783875 -28.9621 -10.00858 -1.455475 -3.013012 0.561439 -0.837694 0.884663 -0.298334
3.783875 -12.9621 -8.008575 -0.144891 -0.655055 -1.957081 -2.802338 -5.719798 -4.854386
-0.216125 -12.9621 -8.008575 -1.582446 0.084398 -2.927165 -1.762319 0.790495 0.755757
3.783875 -14.9621 -8.008575 0.441828 -0.744614 -1.622905 -2.190979 -3.910058 -3.561249
-0.216125 -14.9621 -8.008575 -4.891299 -3.611755 -4.94347 -3.792912 0.640156 0.956828
3.783875 -16.9621 -8.008575 0.854149 -1.857858 1.646683 0.94773 -1.733768 -1.565212
-0.216125 -16.9621 -8.008575 -5.356756 -4.911267 -4.016805 -3.718152 -0.514238 -0.540022
3.783875 -18.9621 -8.008575 -0.761375 -3.038709 2.069539 2.161048 -1.836279 -0.834367
-0.216125 -18.9621 -8.008575 -2.751974 -0.939274 -1.510132 -0.9074 0.102207 -0.305387
3.783875 -20.9621 -8.008575 -2.303418 -1.736823 -1.46913 0.557642 -1.825433 -0.635703
3.783875 -22.9621 -8.008575 1.020495 1.500065 -0.455048 0.26558 1.44111 1.230541
3.783875 -24.9621 -8.008575 3.286993 1.785123 2.221756 0.607472 3.197006 1.878736
3.783875 -26.9621 -8.008575 -0.198934 -1.860925 2.507232 0.934583 2.96565 1.14558
5.783875 -28.9621 -8.008575 0.659734 -1.89961 1.340934 -0.405387 3.766297 1.714555
5.783875 -30.9621 -8.008575 0.455988 0.47352 1.502734 1.347331 2.285512 0.769191
3.783875 -30.9621 -8.008575 0.231302 -0.818523 1.177945 0.294512 1.347767 0.43937
7.783875 -32.9621 -8.008575 -0.398493 0.88946 -0.266671 0.714522 -0.986488 0.25491
5.783875 -32.9621 -8.008575 1.283928 1.401567 0.161717 0.126597 -0.301078 -0.732529
-0.216125 -10.9621 -6.008575 -0.874085 -0.480487 -0.356597 0.932675 -3.617749 -2.174834
5.783875 -12.9621 -6.008575 2.339785 1.763193 4.035522 4.127337 -5.5612 -2.296869
3.783875 -12.9621 -6.008575 -0.664418 -0.181561 0.444625 1.995915 -4.418724 -2.239842
-0.216125 -12.9621 -6.008575 -1.483551 -0.279314 -2.308655 -0.801826 -1.885518 -1.179167
-2.216125 -12.9621 -6.008575 -2.654811 -2.617962 -2.28785 -0.970529 -1.030663 -0.394848
5.783875 -14.9621 -6.008575 4.001065 2.115551 3.678892 2.752611 -1.035009 -0.002698
3.783875 -14.9621 -6.008575 1.725809 1.113362 -0.628136 -0.47962 -1.718314 -1.440863
-0.216125 -14.9621 -6.008575 -4.544425 -2.952088 -4.295157 -2.788626 -1.300221 -0.500045
-2.216125 -14.9621 -6.008575 -3.278257 -2.458464 -4.413768 -3.774544 -1.087893 -0.677024
3.783875 -16.9621 -6.008575 4.148555 2.044311 0.20108 -0.984095 0.873022 -0.439323
-0.216125 -16.9621 -6.008575 -6.597569 -6.388164 -2.985986 -2.486835 -1.775983 -0.86752
3.783875 -18.9621 -6.008575 3.317038 0.957364 2.268993 1.233535 0.854231 0.263456
-0.216125 -18.9621 -6.008575 -4.121045 -3.760595 0.326982 0.77949 -0.435774 0.21324
3.783875 -20.9621 -6.008575 1.231829 0.247583 0.82344 1.162936 1.731763 1.484143
3.783875 -22.9621 -6.008575 0.995775 1.239489 0.136636 1.148731 1.952561 1.734476
3.783875 -24.9621 -6.008575 0.776993 1.726231 0.685337 1.032464 0.286637 1.107243
5.783875 -26.9621 -6.008575 -0.300704 -0.547065 0.157879 -0.544591 2.270891 1.616129
5.783875 -28.9621 -6.008575 0.975154 -0.494915 1.515332 0.954827 4.017738 2.573251
5.783875 -30.9621 -6.008575 0.622654 -1.043215 3.957101 4.096962 3.875146 2.205116
3.783875 -30.9621 -6.008575 -1.168682 -2.106156 2.430691 2.932835 1.544468 1.268589
7.783875 -32.9621 -6.008575 1.364975 0.701373 1.055039 1.584312 0.253789 -0.329189
5.783875 -32.9621 -6.008575 1.25578 -0.573186 2.020914 2.33239 1.463151 0.361014
7.783875 -34.9621 -6.008575 0.67871 0.340436 -0.625365 0.10131 -1.169847 -0.773191
5.783875 -34.9621 -6.008575 2.267966 0.270262 0.355125 0.099653 0.694014 0.513662
5.783875 -36.9621 -6.008575 2.195949 0.41243 1.385773 0.472195 1.123138 1.127987
7.783875 -40.9621 -6.008575 0.44635 -1.403848 0.669273 -0.773247 0.23348 -1.095189
7.783875 -42.9621 -6.008575 -0.839898 -0.482848 -0.328332 -0.316029 1.181477 0.04803
7.783875 -44.9621 -6.008575 -0.142042 -0.13608 -0.756032 -0.958383 1.322751 0.30551
-0.216125 -10.9621 -4.008575 0.340785 3.113841 1.08981 3.712592 -1.545466 -0.01319
-2.216125 -10.9621 -4.008575 -1.099797 -1.623233 -1.886782 -2.682622 -4.338525 -4.015971
5.783875 -12.9621 -4.008575 1.995637 1.230222 1.262316 1.174516 -1.467172 -1.082119
3.783875 -12.9621 -4.008575 -2.302366 -1.707724 -0.971294 0.71338 1.224566 2.347532
-0.216125 -12.9621 -4.008575 0.377405 1.53366 -0.698684 0.419007 -3.930072 -2.102771
-2.216125 -12.9621 -4.008575 -0.381345 -1.530786 -1.58953 -2.293018 -3.928182 -3.059663
5.783875 -14.9621 -4.008575 1.434705 0.556078 2.375228 1.023641 0.420812 0.58705
3.783875 -14.9621 -4.008575 0.372248 0.447783 -0.973538 -0.835887 3.467569 3.056184
-0.216125 -14.9621 -4.008575 -0.806545 -1.187533 -1.794531 -1.793929 -4.522596 -3.362085
-2.216125 -14.9621 -4.008575 0.608495 -0.463237 -1.332453 -1.607389 -1.508799 -0.825184
5.783875 -16.9621 -4.008575 1.42334 -0.321735 0.982465 -1.155147 1.631629 0.931441
3.783875 -16.9621 -4.008575 3.700357 2.849714 -0.315548 -1.373324 3.074501 1.237738
-0.216125 -16.9621 -4.008575 -2.054124 -2.861856 -1.119151 -1.102589 -1.666777 -1.546031
-2.216125 -16.9621 -4.008575 -0.875526 -0.86345 -2.116577 -1.275781 0.232233 0.6383
5.783875 -18.9621 -4.008575 3.264591 1.190052 0.392037 -1.586704 0.705581 -0.416848
3.783875 -18.9621 -4.008575 5.293991 3.321168 2.809599 2.057801 1.455478 -0.229129
-2.216125 -18.9621 -4.008575 -3.147476 -2.495505 -1.448374 0.390491 2.368817 3.120069
5.783875 -20.9621 -4.008575 3.892893 3.951499 2.569089 2.185296 3.272539 1.844986
3.783875 -20.9621 -4.008575 4.15598 2.506867 2.970283 2.872673 3.380708 1.571201
-0.216125 -20.9621 -4.008575 -0.883415 -1.783858 2.409166 1.963211 2.824771 2.720393
-2.216125 -20.9621 -4.008575 -2.430839 -0.697894 0.035813 1.852424 2.183694 3.815381
5.783875 -22.9621 -4.008575 2.78893 4.576736 2.74519 3.999265 4.34722 3.373039
3.783875 -22.9621 -4.008575 0.932046 2.200736 1.769716 3.133188 1.760667 1.853641
-0.216125 -22.9621 -4.008575 2.869916 0.293505 3.354253 1.629505 2.002952 1.270187
-2.216125 -22.9621 -4.008575 2.849526 3.421089 1.86787 1.913602 2.020855 2.870013
5.783875 -24.9621 -4.008575 0.726285 2.556399 -0.163715 0.061495 2.672483 2.954793
3.783875 -24.9621 -4.008575 -0.19475 3.085339 1.242014 2.658126 -0.99452 1.259328
-0.216125 -24.9621 -4.008575 4.811217 2.665879 3.664558 2.824834 2.956331 1.711058
5.783875 -26.9621 -4.008575 1.419629 2.230472 -0.560094 -1.129066 0.94783 1.550265
-0.216125 -26.9621 -4.008575 0.252659 -0.62046 0.401723 0.237768 2.239436 2.277792
5.783875 -28.9621 -4.008575 0.629488 0.242228 0.088916 0.225137 -0.43514 0.872698
5.783875 -30.9621 -4.008575 -0.262352 -2.68473 0.719356 0.186931 1.039427 0.697455
5.783875 -32.9621 -4.008575 -0.937505 -3.877256 -0.496563 -1.449682 1.580079 0.46854
3.783875 -32.9621 -4.008575 -5.382702 -6.971707 -2.734259 -3.057323 1.310598 1.024418
7.783875 -34.9621 -4.008575 2.535473 1.079775 0.669876 -0.201783 0.401713 -0.083352
5.783875 -34.9621 -4.008575 0.170683 -2.478991 -1.041639 -1.908239 2.474755 1.463711
9.783875 -36.9621 -4.008575 1.596957 2.533584 0.703327 1.21 3.74091 4.394429
7.783875 -36.9621 -4.008575 1.901986 1.374489 0.960699 0.514981 2.981158 3.246992
5.783875 -36.9621 -4.008575 1.507541 -1.435646 1.240786 -0.485432 4.399502 3.3139
9.783875 -38.9621 -4.008575 0.643992 0.947668 0.98165 1.290262 2.046243 2.721446
7.783875 -38.9621 -4.008575 1.285527 -0.147844 2.081861 0.812053 2.837976 2.07121
5.783875 -38.9621 -4.008575 2.066946 -1.215237 2.557324 -0.1826 3.763424 1.977052
7.783875 -40.9621 -4.008575 1.817879 0.973643 0.13427 -0.127923 1.2543 -0.50383
5.783875 -40.9621 -4.008575 1.488265 -0.872653 -0.169429 -1.459316 1.341642 -1.15895
9.783875 -42.9621 -4.008575 0.757798 0.282363 0.831161 0.368171 0.774767 0.64063
7.783875 -42.9621 -4.008575 0.409671 0.077172 -0.598978 -0.648985 1.465992 0.454763
5.783875 -42.9621 -4.008575 -0.912783 -1.846042 -0.693079 -1.134763 1.244209 -0.511349
7.783875 -44.9621 -4.008575 1.561208 0.389793 0.283541 0.134644 3.419914 2.04093
5.783875 -44.9621 -4.008575 0.559098 -0.807202 0.446556 -0.791821 3.820322 1.867223
9.783875 -46.9621 -4.008575 1.716642 0.271904 0.71717 -0.708806 1.827572 0.476003
7.783875 -46.9621 -4.008575 2.269045 1.180162 1.825641 1.191491 3.865159 1.645684
5.783875 -14.9621 -2.008575 0.036337 1.754191 0.171837 0.968895 2.121956 2.579026
5.783875 -16.9621 -2.008575 -2.110578 -0.092428 0.537634 1.536549 2.193289 2.547067
-2.216125 -16.9621 -2.008575 2.873355 0.071683 3.585134 4.030865 2.962752 2.055477
5.783875 -18.9621 -2.008575 -1.354129 -0.728614 -0.602238 0.600367 0.732669 1.107358
3.783875 -18.9621 -2.008575 0.949881 1.295312 1.643119 3.2973 2.287136 2.85086
-2.216125 -18.9621 -2.008575 1.095193 -0.240131 0.088594 1.439013 5.771255 4.667131
-4.216125 -18.9621 -2.008575 0.99723 1.446533 -1.769057 0.598755 1.830858 2.388604
5.783875 -20.9621 -2.008575 1.887875 3.722219 1.08803 2.694417 2.504205 3.17677
-2.216125 -20.9621 -2.008575 -0.743448 -0.984865 -1.985661 -2.219362 3.485316 3.419217
5.783875 -22.9621 -2.008575 3.060228 5.605105 1.489647 3.681583 3.146245 3.587229
-0.216125 -22.9621 -2.008575 1.102013 0.543346 3.735572 2.886079 1.46929 1.765411
-2.216125 -22.9621 -2.008575 1.233441 1.683326 1.265992 1.041002 3.95167 3.294526
5.783875 -24.9621 -2.008575 2.291785 4.088849 1.419738 2.179025 4.035213 3.95797
-0.216125 -24.9621 -2.008575 0.774688 0.724855 3.100853 3.395427 -0.259768 0.23213
-2.216125 -24.9621 -2.008575 3.403304 5.823339 3.884151 5.567296 4.703889 4.370588
5.783875 -26.9621 -2.008575 2.890617 3.588988 1.728031 2.224039 2.991442 2.664609
3.783875 -26.9621 -2.008575 1.447066 4.047744 1.576126 3.952007 1.194604 2.224966
-0.216125 -26.9621 -2.008575 -0.477466 -0.633611 0.846154 0.966572 -1.804457 -0.770959
-2.216125 -26.9621 -2.008575 3.491545 5.244034 4.060054 5.663524 2.255717 2.600162
7.783875 -28.9621 -2.008575 0.142721 1.218863 1.895265 3.447678 0.385862 0.524487
5.783875 -28.9621 -2.008575 3.072549 3.907568 1.594586 2.430427 2.059405 1.872652
-0.216125 -28.9621 -2.008575 1.465201 0.694629 -0.862922 -1.515717 -0.401161 -0.471951
7.783875 -30.9621 -2.008575 -2.19159 -1.916991 0.526652 1.066554 -2.210939 -1.302655
5.783875 -30.9621 -2.008575 0.079953 -0.599622 0.178284 -0.196978 2.148077 1.384929
-0.216125 -30.9621 -2.008575 1.28564 0.322002 0.53767 0.570923 -0.333218 -1.531686
7.783875 -32.9621 -2.008575 -2.647367 -4.457988 0.258051 -1.157599 -2.733518 -1.985975
5.783875 -32.9621 -2.008575 -2.53148 -4.600434 0.084019 -0.948254 3.394624 2.196701
9.783875 -34.9621 -2.008575 0.020616 0.00558 0.825639 0.73842 -1.757441 -1.657075
5.783875 -34.9621 -2.008575 -1.204891 -2.152405 0.274844 0.56898 3.694241 3.24443
9.783875 -36.9621 -2.008575 -0.373431 1.227859 0.42139 2.277076 1.734825 3.169626
5.783875 -36.9621 -2.008575 0.854145 0.482415 1.330343 1.84169 4.345459 3.96503
5.783875 -38.9621 -2.008575 1.157215 0.187663 2.97127 1.66477 4.18505 3.294027
-0.216125 -38.9621 -2.008575 0.157455 0.622719 1.581194 1.726363 0.533572 0.789721
5.783875 -40.9621 -2.008575 1.301019 -0.05809 1.23343 0.047169 1.703609 0.100287
-2.216125 -40.9621 -2.008575 0.572441 0.58419 1.87755 2.063009 0.649529 0.657259
5.783875 -42.9621 -2.008575 -0.315974 -1.985987 0.448401 -0.990124 1.816075 0.60627
9.783875 -44.9621 -2.008575 0.530886 1.395761 -0.204913 0.914081 1.924421 1.832731
7.783875 -44.9621 -2.008575 0.96082 0.461299 0.272288 0.823924 1.510998 0.92905
5.783875 -44.9621 -2.008575 2.122874 -0.771278 2.298943 -0.324014 5.842214 2.978006
9.783875 -46.9621 -2.008575 1.572717 1.812693 0.973664 0.625331 2.606011 1.553747
7.783875 -46.9621 -2.008575 1.671671 1.826716 1.630537 2.011871 3.71576 2.819247
5.783875 -46.9621 -2.008575 0.776893 0.846294 1.985975 1.557905 5.236981 3.369239
7.783875 -48.9621 -2.008575 0 0 0 0 0 0
-4.216125 -24.9621 -0.008575 2.222962 2.705377 0.494833 0.565152 5.580825 3.412069
5.783875 -26.9621 -0.008575 1.631472 0.237547 3.122651 3.307414 4.925605 3.0109
-4.216125 -26.9621 -0.008575 0.517699 1.13652 1.134436 1.57932 3.779029 2.570421
-2.216125 -28.9621 -0.008575 1.38848 2.031754 -1.352303 0.781621 1.332789 1.452272
-4.216125 -28.9621 -0.008575 -1.318944 -0.129167 0.142186 2.066365 3.09385 3.067114
7.783875 -30.9621 -0.008575 1.003793 1.593136 0.692916 2.794372 1.272188 0.650737
1.783875 -30.9621 -0.008575 1.859873 2.636868 2.107066 2.99153 1.76662 0.485779
-0.216125 -30.9621 -0.008575 1.098108 0.986793 0.340896 1.194534 -1.096359 -2.094593
-2.216125 -30.9621 -0.008575 0.330684 1.154793 -1.380579 0.277781 0.175881 0.33952
7.783875 -32.9621 -0.008575 -0.648215 -1.031364 1.334876 1.933531 -0.819847 -0.871407
5.783875 -32.9621 -0.008575 2.135904 0.258222 3.925563 2.743085 4.709685 2.034659
1.783875 -32.9621 -0.008575 0.88726 1.130831 0.731209 0.459938 -1.051456 -0.129582
-0.216125 -32.9621 -0.008575 -0.110224 -0.358265 0.150432 0.771247 -1.49781 -0.989071
9.783875 -34.9621 -0.008575 0.809747 0.709411 1.36756 1.683076 -1.262705 -1.491241
7.783875 -34.9621 -0.008575 -1.220864 -1.067567 1.755424 2.210551 -2.334881 -1.641338
-0.216125 -34.9621 -0.008575 0.393128 -0.940877 -0.575793 -0.923733 0.743554 1.777521
7.783875 -36.9621 -0.008575 -0.992345 1.191224 1.329211 2.816838 -2.243732 0.025751
5.783875 -36.9621 -0.008575 -0.238721 -0.983608 1.841417 1.515683 -1.31983 -1.376663
1.783875 -36.9621 -0.008575 0.345023 -0.983004 0.570597 -0.418007 0.695907 1.115387
-0.216125 -36.9621 -0.008575 1.086195 0.35658 -0.243375 -0.736783 0.720717 0.693256
7.783875 -38.9621 -0.008575 -0.540769 1.255076 2.02982 2.738717 0.40091 2.082413
5.783875 -38.9621 -0.008575 -0.286916 -0.058046 2.097723 1.713109 0.644933 1.056651
-0.216125 -38.9621 -0.008575 0.059483 0.46192 -0.409934 0.231095 -1.448909 -0.777225
-2.216125 -38.9621 -0.008575 0.901165 1.08844 1.054606 1.829189 0.27158 0.954288
7.783875 -40.9621 -0.008575 1.046581 1.714931 1.358248 1.98274 2.385447 2.595637
5.783875 -40.9621 -0.008575 0.118888 -0.485963 1.988963 0.998006 0.863078 0.404224
-0.216125 -40.9621 -0.008575 -0.206436 0.122422 -0.583155 -0.006899 -0.000599 1.100048
-2.216125 -40.9621 -0.008575 -0.130469 0.212826 0.167597 0.524633 -0.447244 0.649875
5.783875 -42.9621 -0.008575 -2.762928 -2.374609 -1.411847 -1.086608 -1.050497 -0.730129
-0.216125 -42.9621 -0.008575 0.24473 -0.532799 -0.492611 -1.510723 1.466982 1.094449
-2.216125 -42.9621 -0.008575 -2.897328 -2.93451 -0.422124 -1.394835 -0.457758 -0.436493
9.783875 -44.9621 -0.008575 0.33028 -0.262217 0.870029 0.871694 1.951058 1.330566
5.783875 -44.9621 -0.008575 1.046851 -0.084183 0.695703 -0.735254 1.366067 -0.151427
9.783875 -46.9621 -0.008575 -1.269557 -0.898344 1.454563 1.426843 0.452504 0.739029
7.783875 -46.9621 -0.008575 0.754233 0.742509 2.185834 2.094518 2.372121 2.745085
5.783875 -46.9621 -0.008575 0.695816 -0.295041 1.668569 0.463687 2.587539 2.09153
9.783875 -48.9621 -0.008575 -0.97774 -1.088547 -2.062343 -3.377129 -3.300895 -2.85785
7.783875 -48.9621 -0.008575 1.125316 0.160017 -1.119494 -3.000923 -0.410145 -0.812549
5.783875 -48.9621 -0.008575 0.201968 -1.315237 -2.024647 -3.946415 -2.406421 -2.542413
-2.216125 -50.9621 -0.008575 -0.084177 0.974539 0.372085 0.720919 -1.179665 -0.634463
-4.216125 -30.9621 1.991425 -1.883429 -2.749578 -1.595001 -1.17071 1.452001 0.739566
-0.216125 -32.9621 1.991425 0.778758 1.427287 0.443016 0.487482 -1.274412 0.395675
-2.216125 -32.9621 1.991425 3.252997 2.587893 0.618535 0.796955 1.525118 1.895539
-4.216125 -32.9621 1.991425 0.939604 -0.202254 1.503382 0.929046 2.15915 1.268806
9.783875 -34.9621 1.991425 1.477677 0.987509 1.558396 1.176973 1.925725 0.469331
7.783875 -34.9621 1.991425 1.527644 0.820709 2.552958 1.948795 -0.090313 -0.473201
5.783875 -34.9621 1.991425 3.1877 3.269646 3.926975 4.344329 1.883243 1.992386
1.783875 -34.9621 1.991425 1.143304 0.450487 1.772876 0.36026 -0.433796 0.760242
-0.216125 -34.9621 1.991425 0.315312 0.163045 0.455806 -0.019399 -0.878556 0.474387
9.783875 -36.9621 1.991425 3.483705 2.966684 3.64448 3.223759 2.607209 0.995166
7.783875 -36.9621 1.991425 1.284984 2.591706 1.782699 2.452507 -0.652841 0.23628
5.783875 -36.9621 1.991425 0.578056 0.799074 0.479127 0.784423 -1.073382 -0.516893
1.783875 -36.9621 1.991425 1.664391 0.192071 2.05932 0.470064 0.788491 0.979259
-0.216125 -36.9621 1.991425 0.989962 1.084674 0.669599 0.717123 -1.103079 -0.908675
9.783875 -38.9621 1.991425 1.165655 1.386996 1.839963 2.225678 2.224749 2.739645
7.783875 -38.9621 1.991425 -0.271845 0.55524 -0.197049 -0.212705 0.777228 1.225091
5.783875 -38.9621 1.991425 1.043272 0.689597 0.792717 -0.017764 1.482284 1.629434
1.783875 -38.9621 1.991425 0.79781 0.814676 0.74357 0.785143 0.553193 0.91412
-0.216125 -38.9621 1.991425 0.512338 1.267765 0.269223 1.058997 -1.487787 -0.978481
-2.216125 -38.9621 1.991425 1.046791 1.701474 2.347898 3.305801 0.818674 0.143143
7.783875 -40.9621 1.991425 0.568335 0.95061 0.508314 0.313133 2.901344 3.190076
5.783875 -40.9621 1.991425 2.2281 1.060878 2.788493 1.448218 2.962148 2.200101
-0.216125 -40.9621 1.991425 0.145628 0.595545 -0.796263 -0.288836 2.089515 2.099601
-2.216125 -40.9621 1.991425 0.55815 1.126445 0.026907 0.788439 1.217476 0.79751
7.783875 -42.9621 1.991425 -0.16269 0.593704 0.011191 0.261406 0.809245 1.897203
5.783875 -42.9621 1.991425 -0.285052 -0.923003 0.822066 0.604886 1.510683 1.542056
-0.216125 -42.9621 1.991425 1.094495 1.473072 -0.439891 -0.648513 2.150732 1.864115
-2.216125 -42.9621 1.991425 -1.133908 -0.367274 -1.323608 -1.26151 -0.260629 -0.051177
7.783875 -44.9621 1.991425 0.254624 0.99825 0.073519 0.196962 -1.926576 -0.968738
5.783875 -44.9621 1.991425 1.241939 1.491401 -0.283537 -0.81021 2.077877 1.435628
-0.216125 -44.9621 1.991425 -0.501833 -0.188486 0.030801 0.26477 -1.23108 -0.007066
11.78387 -46.9621 1.991425 -1.601637 -1.704303 -1.147236 -1.976956 -0.535409 -0.516372
9.783875 -46.9621 1.991425 -0.685743 -1.104884 1.803405 0.675877 -1.26445 -0.932999
7.783875 -46.9621 1.991425 0.766554 1.776038 1.423543 1.399972 -2.812748 -2.356324
5.783875 -46.9621 1.991425 1.289116 1.630641 -0.35901 -0.790124 1.59846 1.30504
-0.216125 -46.9621 1.991425 -0.087148 -0.72362 -0.103541 -1.257108 -0.355398 0.548021
11.78387 -48.9621 1.991425 0 0 0 0 0 0
9.783875 -48.9621 1.991425 0.751929 0.842517 -1.809412 -2.631766 -2.610968 -2.741625
7.783875 -48.9621 1.991425 0.808687 1.041843 -0.352195 -0.524528 -2.360491 -2.381761
5.783875 -48.9621 1.991425 1.427313 1.204784 0.489312 0.504255 0.050896 -0.333292
-0.216125 -48.9621 1.991425 0.045611 -0.751167 -1.128075 -2.749427 -0.286974 0.985509
-0.216125 -50.9621 1.991425 -1.551186 -2.850441 -2.671829 -4.344851 0.67742 1.752413
-2.216125 -50.9621 1.991425 -0.382438 -0.893818 -1.805679 -2.062079 -0.987926 0.373812
-2.216125 -52.9621 1.991425 0 0 0 0 0 0
-4.216125 -32.9621 3.991425 -3.746263 -4.774897 -1.281214 -1.882612 -1.119515 -1.577731
5.783875 -34.9621 3.991425 3.385741 5.18162 3.829699 5.955231 6.804182 7.477796
3.783875 -34.9621 3.991425 2.716559 5.261336 1.173769 3.041939 6.008078 7.03455
-0.216125 -34.9621 3.991425 -0.765041 -1.70225 -0.247519 -1.688976 -0.340576 -0.555881
-2.216125 -34.9621 3.991425 1.436857 1.093824 0.307697 0.745982 -0.310029 0.113123
-4.216125 -34.9621 3.991425 1.2027 0.770166 0.227577 0.731243 -0.80261 -0.65454
7.783875 -36.9621 3.991425 1.275936 2.646323 2.919238 4.557217 2.750713 2.72968
5.783875 -36.9621 3.991425 2.52942 4.287977 4.148569 6.656049 7.105833 7.642435
1.783875 -36.9621 3.991425 2.113352 2.220433 1.459645 0.440794 3.461404 3.242134
-0.216125 -36.9621 3.991425 2.129578 3.224063 0.921122 1.361552 0.30804 0.813703
-2.216125 -36.9621 3.991425 3.737057 5.077985 2.661153 4.30125 2.112966 2.716974
9.783875 -38.9621 3.991425 -0.53046 -0.057622 1.305723 2.593667 1.618445 2.190205
7.783875 -38.9621 3.991425 1.126693 2.041204 1.555075 2.683777 1.767715 1.667914
5.783875 -38.9621 3.991425 2.437199 2.369334 3.116924 3.923759 4.569019 4.357097
1.783875 -38.9621 3.991425 1.413721 2.397804 1.443785 2.042626 3.152992 3.241906
-0.216125 -38.9621 3.991425 1.102925 3.508131 1.367726 3.747802 1.239347 2.277036
9.783875 -40.9621 3.991425 -0.109693 1.407659 0.176763 2.091392 1.427748 2.644572
7.783875 -40.9621 3.991425 -0.382402 0.996163 0.155764 1.731387 0.879694 2.777962
1.783875 -40.9621 3.991425 0.247073 0.566918 1.483605 2.839995 2.639108 3.461107
-0.216125 -40.9621 3.991425 1.334518 1.140925 1.008909 2.388759 4.454041 4.835048
-2.216125 -40.9621 3.991425 2.087984 1.836924 1.520631 2.794966 5.875388 5.226488
9.783875 -42.9621 3.991425 1.919933 1.482737 0.899445 0.92001 1.724277 2.243888
7.783875 -42.9621 3.991425 0.705823 0.747115 -0.659277 -0.387511 0.887938 2.506607
-0.216125 -42.9621 3.991425 1.789656 1.88235 1.837331 2.868057 4.094215 4.302277
-2.216125 -42.9621 3.991425 0.03374 0.060036 -0.160012 0.078313 4.726206 4.212668
7.783875 -44.9621 3.991425 1.775262 0.515839 -0.190404 -0.911666 -1.169316 -1.21231
5.783875 -44.9621 3.991425 2.002114 0.701799 -0.79783 -1.878024 2.519018 1.523277
-0.216125 -44.9621 3.991425 -0.160395 0.768676 1.756825 3.444762 -0.461991 0.8154
-2.216125 -44.9621 3.991425 -0.24958 0.34605 -0.29819 0.340918 0.613905 1.050237
5.783875 -46.9621 3.991425 0.716301 -1.887193 -1.424627 -3.837508 0.177984 -1.454152
-0.216125 -46.9621 3.991425 -0.554744 -0.343251 1.44193 1.339507 -0.04096 0.831459
9.783875 -48.9621 3.991425 1.658391 0.861647 1.177745 -0.115997 -0.345328 -1.20434
7.783875 -48.9621 3.991425 0.471795 -0.087868 0.014701 -0.153418 -1.890453 -1.844223
5.783875 -48.9621 3.991425 2.362787 0.902481 0.950375 -0.032519 0.225607 -1.269706
-0.216125 -48.9621 3.991425 0.253314 0.968107 0.64985 0.310888 2.280343 3.694428
9.783875 -50.9621 3.991425 0 0 0 0 0 0
7.783875 -50.9621 3.991425 2.54713 2.141413 0.11056 -0.263502 0.277413 0.406167
5.783875 -50.9621 3.991425 2.405351 1.517 1.661426 1.104237 0.927591 -0.008186
-0.216125 -50.9621 3.991425 0.644904 1.311829 -2.287612 -1.58546 1.204689 1.96521
-2.216125 -50.9621 3.991425 0.029343 1.182461 -1.722279 -1.079429 -0.756281 0.308518
-2.216125 -52.9621 3.991425 1.083773 0.612049 -2.021818 -3.584474 -2.760246 -1.909392
9.783875 -36.9621 5.991425 3.033831 1.212619 2.39277 0.59561 2.983122 2.189047
7.783875 -36.9621 5.991425 2.791384 1.901957 2.749099 1.653954 2.553846 2.019697
5.783875 -36.9621 5.991425 4.301482 4.416323 4.266594 4.400673 6.053271 5.581593
1.783875 -36.9621 5.991425 3.116452 3.590272 2.838869 2.588629 5.257429 4.449338
-0.216125 -36.9621 5.991425 3.295254 4.078728 -0.199782 0.40689 2.334474 1.983047
-4.216125 -36.9621 5.991425 0.703821 1.598974 -1.208477 0.95104 0.238114 1.839238
5.783875 -38.9621 5.991425 6.178732 6.06847 4.012513 4.645431 7.16971 5.009384
1.783875 -38.9621 5.991425 2.335445 5.571846 1.501689 4.249645 5.002142 5.017498
-0.216125 -38.9621 5.991425 3.069809 6.007371 0.989649 4.029099 3.96305 4.075032
-2.216125 -38.9621 5.991425 3.59352 4.947502 2.632546 4.824845 5.414062 5.342436
-4.216125 -38.9621 5.991425 3.362837 3.415777 2.155527 3.243287 3.271297 3.010927
5.783875 -40.9621 5.991425 3.405407 4.411749 2.698308 4.365335 4.312349 3.546255
1.783875 -40.9621 5.991425 2.759013 6.843472 1.623921 6.998461 3.7787 6.184847
-0.216125 -40.9621 5.991425 4.968787 7.904018 4.137606 8.43354 7.366664 9.055566
-2.216125 -40.9621 5.991425 5.814714 6.534722 4.541378 6.417687 8.384318 8.383421
7.783875 -42.9621 5.991425 2.469338 3.258182 2.786628 4.238142 2.770994 4.557486
5.783875 -42.9621 5.991425 -0.292393 1.521848 1.980685 4.487288 2.604075 4.333882
1.783875 -42.9621 5.991425 3.640105 7.297344 1.70132 6.44992 4.223192 6.5321
-0.216125 -42.9621 5.991425 2.657312 5.610757 3.907636 7.918209 5.875806 8.330046
7.783875 -44.9621 5.991425 1.397503 -1.47403 2.288003 0.811976 1.57913 1.598124
5.783875 -44.9621 5.991425 0.503773 -0.690605 1.762738 1.722271 2.539297 3.52398
-0.216125 -44.9621 5.991425 0.117447 1.957956 2.149757 5.215245 1.914066 3.885652
5.783875 -46.9621 5.991425 -0.126091 -4.811862 0.570662 -3.130987 1.236617 -0.074627
3.783875 -46.9621 5.991425 -1.734159 -4.249307 2.220492 -0.656564 0.667029 -0.531081
-0.216125 -46.9621 5.991425 -1.757428 -0.582187 -0.450508 0.108368 0.978462 2.297727
9.783875 -48.9621 5.991425 -0.667809 -2.112556 0.056022 -1.647484 0.696655 -0.15617
7.783875 -48.9621 5.991425 -0.961151 -2.047134 -2.449471 -3.121461 -1.069167 0.415107
5.783875 -48.9621 5.991425 2.774626 -0.961806 0.578124 -3.587206 1.953823 -0.820088
3.783875 -48.9621 5.991425 1.674545 -0.828932 1.933331 -1.242278 2.640681 -0.591301
-0.216125 -48.9621 5.991425 -1.997574 -0.099978 -1.045194 -0.46174 1.791697 3.499629
9.783875 -50.9621 5.991425 5.210533 2.949678 2.273077 -1.233731 1.936734 0.06386
7.783875 -50.9621 5.991425 4.51566 4.132774 -1.683307 -3.332258 0.717133 0.861905
5.783875 -50.9621 5.991425 4.938716 3.197531 1.218816 -2.08334 2.934463 0.00138
-0.216125 -50.9621 5.991425 -1.38905 -0.602226 -1.226486 0.12069 -0.386695 0.497762
-2.216125 -50.9621 5.991425 -1.068586 -1.006936 -0.945283 -0.971969 -0.649358 -0.756987
-4.216125 -50.9621 5.991425 -0.336749 0.448252 -1.445789 -1.318058 0.45095 0.741805
-2.216125 -52.9621 5.991425 0.553769 -1.404106 -1.784331 -4.330256 -2.746602 -2.364465
9.783875 -38.9621 7.991425 3.321129 1.072655 3.403094 1.625149 6.080759 4.414987
7.783875 -38.9621 7.991425 1.365303 0.538833 1.824101 1.319795 3.059382 2.869174
5.783875 -38.9621 7.991425 5.639071 5.155483 4.276267 4.316955 5.630287 4.82261
-4.216125 -38.9621 7.991425 0.714057 0.189609 -1.100981 -0.592741 1.241842 1.162423
11.78387 -40.9621 7.991425 2.47162 1.282196 0.732406 0.14666 3.833843 2.256772
9.783875 -40.9621 7.991425 3.389871 1.780813 2.276518 0.52455 4.846777 2.178811
7.783875 -40.9621 7.991425 3.032957 2.302445 3.031824 2.003927 2.502443 1.450219
5.783875 -40.9621 7.991425 4.790466 3.995934 4.851997 4.223488 6.184386 4.196551
-0.216125 -40.9621 7.991425 3.13665 5.469275 0.787009 3.704585 2.266881 3.075738
-2.216125 -40.9621 7.991425 2.830281 2.254281 1.741536 2.098704 2.293857 1.705844
-4.216125 -40.9621 7.991425 2.993905 1.922601 2.915217 2.621962 2.470365 1.735376
11.78387 -42.9621 7.991425 1.834611 0.632301 0.482703 0.305221 5.771922 4.147471
9.783875 -42.9621 7.991425 3.848417 2.509392 4.300203 3.255316 6.410824 4.816146
7.783875 -42.9621 7.991425 4.841794 4.676577 6.460949 6.365995 6.336559 6.071584
5.783875 -42.9621 7.991425 4.648394 5.301517 7.797043 8.262253 9.297474 7.054573
-0.216125 -42.9621 7.991425 3.08139 5.850523 2.140159 5.827704 2.015572 3.912071
-2.216125 -42.9621 7.991425 1.544007 0.284436 1.953729 1.663129 0.539859 0.43953
11.78387 -44.9621 7.991425 1.239383 0.095232 0.847111 0.627879 3.318749 2.859753
9.783875 -44.9621 7.991425 4.294484 1.111954 2.613692 0.256161 5.64225 4.321624
7.783875 -44.9621 7.991425 5.953762 3.499438 5.914792 4.67924 8.100589 8.113472
5.783875 -44.9621 7.991425 6.506123 5.769536 9.146561 8.683249 12.0213 11.25769
-0.216125 -44.9621 7.991425 2.871865 4.624112 1.778669 4.882451 2.475482 3.935898
9.783875 -46.9621 7.991425 2.150235 -0.947994 -1.245771 -3.904517 3.776098 1.609618
7.783875 -46.9621 7.991425 3.875486 1.270118 1.253072 -0.551018 5.235857 5.447961
5.783875 -46.9621 7.991425 4.631993 1.184753 6.901683 3.748191 8.993851 8.840377
3.783875 -46.9621 7.991425 2.692707 -0.190133 5.610035 3.268488 7.354497 5.55885
-0.216125 -46.9621 7.991425 0.364111 0.812641 0.031586 0.424472 2.887649 3.141063
-2.216125 -46.9621 7.991425 -0.080609 -2.177038 1.160988 -0.361374 2.603243 1.098376
7.783875 -48.9621 7.991425 1.715309 1.887732 -2.172969 -2.723582 1.819038 2.7212
5.783875 -48.9621 7.991425 3.56016 0.608832 3.017132 -1.528834 6.090466 4.800012
-0.216125 -48.9621 7.991425 -1.273798 -0.94922 0.878611 -0.262489 2.645627 2.70473
-2.216125 -48.9621 7.991425 -2.445822 -3.697567 -0.668894 -1.770398 1.513454 0.676867
11.78387 -50.9621 7.991425 3.043508 3.982191 3.015388 4.030653 3.151873 3.689616
9.783875 -50.9621 7.991425 2.943451 3.880608 1.487762 0.932345 3.01142 2.56373
7.783875 -50.9621 7.991425 3.076846 5.362243 -1.520609 -1.37467 1.337832 1.593531
5.783875 -50.9621 7.991425 4.893455 4.578955 1.264943 -2.706505 5.307907 2.425637
-0.216125 -50.9621 7.991425 -1.607833 -0.934448 2.745677 2.570923 1.673514 1.871393
-2.216125 -50.9621 7.991425 0.063899 -0.454277 0.507993 0.18161 -0.039138 -0.440632
-2.216125 -52.9621 7.991425 0.189867 -0.848116 -1.231739 -2.322151 -1.827711 -1.289518
-4.216125 -52.9621 7.991425 2.521663 1.073063 0.264877 -1.262521 1.693349 0.720982
-0.216125 -38.9621 9.991425 0.83672 1.506127 -2.107793 -2.037661 0.021026 0.484959
-2.216125 -38.9621 9.991425 -0.628513 -1.286899 -1.615427 -0.913443 1.708796 1.502218
-4.216125 -38.9621 9.991425 -0.638219 -0.520552 -1.965609 -0.653916 2.298797 2.78195
-0.216125 -40.9621 9.991425 1.625028 1.92905 -0.512343 0.396772 -0.122966 0.719093
-2.216125 -40.9621 9.991425 0.735731 -0.194863 -0.065047 0.368777 0.992625 1.084809
-4.216125 -40.9621 9.991425 0.290826 -0.126641 1.306661 2.382867 3.268898 3.407227
-2.216125 -42.9621 9.991425 0.587253 0.659623 -0.036993 1.109714 -1.106104 0.681915
-4.216125 -42.9621 9.991425 1.766799 2.125685 0.884115 2.387834 1.408241 2.154512
11.78387 -44.9621 9.991425 0.606554 0.147776 0.447588 0.633356 -1.592031 -1.422931
-0.216125 -44.9621 9.991425 1.658515 2.955404 0.891219 2.790595 0.469712 2.881846
-2.216125 -44.9621 9.991425 -0.288425 -0.65587 -1.043224 -0.134561 -1.659339 0.402609
5.783875 -46.9621 9.991425 10.75505 9.383497 8.448365 5.923604 13.55996 10.06068
-0.216125 -46.9621 9.991425 1.453689 1.870849 -0.831213 -0.453599 1.663664 2.003721
-2.216125 -46.9621 9.991425 -0.675774 -2.121994 -1.081184 -1.804058 -0.642495 -0.883896
9.783875 -48.9621 9.991425 0.421817 0.129114 0.357811 -0.277742 2.829359 1.980138
5.783875 -48.9621 9.991425 7.749295 6.47328 4.33532 1.480836 7.254223 5.754207
-2.216125 -48.9621 9.991425 -0.988422 -2.61719 -0.279314 -1.239089 0.750042 -0.567977
9.783875 -50.9621 9.991425 0.668533 1.698888 0.71202 1.597803 2.974135 2.903614
7.783875 -50.9621 9.991425 2.615553 2.089063 0.353276 -0.096585 1.234743 0.614241
-2.216125 -50.9621 9.991425 0.549475 -0.49471 1.181964 0.567876 0.904008 -0.038176
-4.216125 -50.9621 9.991425 1.826455 0.631801 -0.151604 -0.978395 1.186864 -0.275857
11.78387 -52.9621 9.991425 5.799018 6.783637 2.442884 4.717854 4.941391 5.980326
9.783875 -52.9621 9.991425 4.394083 5.317557 2.124051 3.79615 5.204945 4.973235
-2.216125 -52.9621 9.991425 -1.064236 -0.668676 -1.710003 -1.668759 -1.21491 -0.629924
-4.216125 -52.9621 9.991425 0.487319 0.035414 0.672091 0.326577 0.470338 0.595709
-0.216125 -40.9621 11.99142 0.078479 0.636899 -0.619786 -0.347415 -1.736894 -1.691032
-0.216125 -42.9621 11.99142 -0.553524 0.324392 -0.217257 1.214331 -1.546996 -0.055887
-2.216125 -42.9621 11.99142 0.176054 2.387876 -0.753777 1.794451 -1.327459 0.728696
9.783875 -44.9621 11.99142 1.419499 -0.127768 0.742723 0.051587 0.134782 -0.10444
7.783875 -44.9621 11.99142 4.131491 1.033089 3.139128 1.343971 2.77661 1.823007
5.783875 -44.9621 11.99142 9.11749 4.976266 6.539793 2.707397 9.406909 5.968107
-2.216125 -44.9621 11.99142 -2.549197 -0.877233 -1.471996 0.801699 -2.081999 0.281457
9.783875 -46.9621 11.99142 1.251499 0.538605 1.138944 1.057701 2.00294 1.647661
7.783875 -46.9621 11.99142 3.100113 2.022186 1.615918 1.787621 2.219378 1.455444
5.783875 -46.9621 11.99142 7.205465 5.165337 4.787491 2.527315 8.709117 5.604717
-0.216125 -46.9621 11.99142 0.882238 -0.322523 0.129967 -0.653324 0.686685 0.583753
-2.216125 -46.9621 11.99142 -2.928875 -3.384674 -1.040586 -0.667856 -1.674337 -1.085897
7.783875 -48.9621 11.99142 3.204907 2.197114 0.816113 0.435194 1.618069 0.556018
-0.216125 -48.9621 11.99142 1.497219 2.078202 0.720128 1.53077 2.688825 2.721883
7.783875 -50.9621 11.99142 1.574235 0.021695 -0.249406 -1.18574 0.306655 -0.136169
-0.216125 -50.9621 11.99142 0.52282 2.130612 1.271729 1.827979 2.168632 2.48337
-2.216125 -50.9621 11.99142 -0.071038 -0.764521 0.132211 0.186864 0.126368 -0.037663
11.78387 -52.9621 11.99142 6.501114 7.439938 3.145766 4.423742 5.504097 5.488064
9.783875 -52.9621 11.99142 0.379589 -0.706883 -1.370447 -1.243037 0.859907 0.63188
7.783875 -52.9621 11.99142 0.216126 -1.085764 -0.528101 -1.016039 0.566706 0.872637
-2.216125 -52.9621 11.99142 -0.801107 -1.591566 -0.481347 -0.459291 -0.150045 -0.253793
1.783875 -40.9621 13.99142 -1.296278 -0.723176 0.545478 0.693965 -1.330745 -2.852117
-0.216125 -40.9621 13.99142 -1.295808 0.255936 -1.874131 -0.482097 -0.343144 -0.941208
-2.216125 -40.9621 13.99142 -2.137193 -1.14599 -2.478466 -0.579923 0.548766 0.438213
1.783875 -42.9621 13.99142 -1.069755 -1.19202 0.463874 0.188297 -0.63123 -1.33047
-0.216125 -42.9621 13.99142 -2.32639 -0.946083 -1.720898 -1.100082 -1.496855 -1.173354
-4.216125 -42.9621 13.99142 -2.654974 -1.737931 -1.715549 -0.901917 -3.177682 -2.244548
5.783875 -44.9621 13.99142 3.800558 1.833482 1.63702 0.034402 3.022155 1.459451
-0.216125 -44.9621 13.99142 -2.822871 -2.650655 -0.612146 -0.554442 -1.038485 -0.01297
-2.216125 -44.9621 13.99142 -4.175117 -3.656032 -1.240234 -0.788274 -1.666105 -0.497434
5.783875 -46.9621 13.99142 3.766798 1.960127 1.423856 -0.268774 2.948304 0.635991
-0.216125 -46.9621 13.99142 -0.001378 -0.753208 1.065502 1.271083 0.557418 0.7986
-2.216125 -46.9621 13.99142 -1.965273 -2.610798 0.412311 0.650223 -1.832625 -1.761768
9.783875 -48.9621 13.99142 -0.981821 -1.219939 0.169442 0.292058 -0.32007 -0.373797
5.783875 -48.9621 13.99142 1.378497 1.055707 0.347283 -0.774777 2.208603 0.477832
-0.216125 -48.9621 13.99142 0.569642 1.193333 -0.852845 1.031596 0.667111 1.724967
11.78387 -50.9621 13.99142 2.949617 2.509117 1.107202 0.904382 1.276117 0.68082
9.783875 -50.9621 13.99142 -0.175122 -1.100048 0.026923 -0.084869 -1.057114 -0.78107
7.783875 -50.9621 13.99142 0.031264 -0.507105 -0.652866 -0.145412 -0.715583 -0.287374
5.783875 -50.9621 13.99142 0.131155 0.666267 -1.211372 -1.127193 1.120638 0.7597
-0.216125 -50.9621 13.99142 1.009463 1.107706 0.197316 0.477788 0.263727 1.030823
9.783875 -52.9621 13.99142 1.075185 -0.287264 -0.314328 -0.381442 -0.45216 0.415912
7.783875 -52.9621 13.99142 0.65345 -0.42029 -0.592576 -0.388929 0.184157 1.463656
-2.216125 -52.9621 13.99142 1.6991 0.489339 1.498634 1.104297 -0.046409 -0.264896
1.783875 -40.9621 15.99142 0.755097 0.246045 -0.751686 -0.974336 2.268861 -0.301588
-0.216125 -40.9621 15.99142 -1.366543 -0.28876 -2.494647 -1.208015 0.507468 -0.025208
11.78387 -42.9621 15.99142 -1.272704 -1.276568 -0.49744 -0.245187 0.534635 0.981069
9.783875 -42.9621 15.99142 -2.203374 -2.911012 -3.168281 -3.580492 -0.838855 0.387719
7.783875 -42.9621 15.99142 -0.651356 -0.938642 -0.960388 -0.260887 0.462173 1.881716
5.783875 -42.9621 15.99142 -1.799173 -0.938934 0.045853 1.48446 -0.153549 1.646195
1.783875 -42.9621 15.99142 1.469182 0.335762 0.605449 -0.386216 3.567742 -0.116467
-0.216125 -42.9621 15.99142 -0.506042 0.317303 -0.461265 -0.345555 -0.003 -1.254835
-2.216125 -42.9621 15.99142 -3.178329 -2.285364 -1.645934 -1.017471 -1.006009 -0.610765
9.783875 -44.9621 15.99142 -0.879245 -2.039708 -1.984679 -3.309177 -0.418609 -0.155949
7.783875 -44.9621 15.99142 0.964299 -0.119272 -0.843389 -1.568648 2.25166 2.388106
5.783875 -44.9621 15.99142 1.350683 1.142547 0.764565 0.8747 2.720789 3.029847
1.783875 -44.9621 15.99142 3.447551 1.899328 0.981851 0.468502 5.415846 1.672944
-0.216125 -44.9621 15.99142 1.365412 0.390221 0.410869 0.341225 1.367505 -0.739193
-2.216125 -44.9621 15.99142 0.040089 0.00046 0.289583 1.005551 0.697859 0.350179
-4.216125 -44.9621 15.99142 -0.613239 -1.15336 -0.551799 -0.359849 0.341766 0.535292
5.783875 -46.9621 15.99142 2.940926 2.112574 1.644123 0.515103 3.082386 2.425285
-0.216125 -46.9621 15.99142 0.812867 -0.309295 1.024662 0.966768 3.32424 1.26122
9.783875 -48.9621 15.99142 -1.005529 0.195872 0.602125 2.460173 1.574233 2.672489
5.783875 -48.9621 15.99142 0.621582 0.323477 1.230347 0.184019 2.115138 1.552217
-0.216125 -48.9621 15.99142 0.255064 0.734457 -0.02466 0.969313 2.794158 2.524866
9.783875 -50.9621 15.99142 -0.93278 -0.417671 1.084265 2.305063 0.87325 1.447689
7.783875 -50.9621 15.99142 -0.088158 -0.035853 0.908767 1.458406 1.251824 1.069661
5.783875 -50.9621 15.99142 -2.123825 -2.119025 -0.679101 -0.768325 1.167882 0.807294
-0.216125 -50.9621 15.99142 0.834641 0.689933 0.102596 0.154019 1.303831 1.348685
-2.216125 -50.9621 15.99142 -0.208358 0.23722 -0.481968 -0.07082 1.058097 1.042125
-2.216125 -52.9621 15.99142 0.744631 0.806266 0.431366 0.470415 0.662182 0.77935
-0.216125 -42.9621 17.99142 3.655534 3.141859 1.808582 2.235069 3.551582 2.888263
11.78387 -44.9621 17.99142 -0.286813 -0.395087 -0.044566 0.536575 -0.78006 -0.379195
-0.216125 -44.9621 17.99142 7.264518 4.616405 3.462306 2.81771 6.367545 3.341963
-2.216125 -44.9621 17.99142 2.475292 0.97796 1.819808 1.634524 1.961131 0.792963
9.783875 -46.9621 17.99142 1.042358 1.328083 0.781225 2.017284 -0.657114 -0.560927
7.783875 -46.9621 17.99142 1.453335 1.30103 0.624529 0.966451 0.382704 0.277593
5.783875 -46.9621 17.99142 3.045149 2.723776 1.813423 1.918275 2.147539 1.663667
-0.216125 -46.9621 17.99142 4.026928 1.493343 3.434895 1.519288 7.20661 4.131251
-2.216125 -46.9621 17.99142 0.649979 0.038901 1.230996 1.368875 1.257275 0.676109
-4.216125 -46.9621 17.99142 0.936134 -0.752261 2.109757 1.820803 -0.562784 -1.15395
-6.216125 -46.9621 17.99142 0.966062 -0.330758 2.164049 1.37773 -0.299132 -0.761096
9.783875 -48.9621 17.99142 0.742001 3.035203 0.860021 4.027355 1.179824 1.956185
7.783875 -48.9621 17.99142 -0.12605 0.143144 0.628563 1.273743 -0.708389 -0.642105
5.783875 -48.9621 17.99142 1.454527 1.272205 1.122752 1.222448 -0.259678 -0.813891
-0.216125 -48.9621 17.99142 4.022332 3.27822 4.240378 3.053851 8.659654 7.646602
-2.216125 -48.9621 17.99142 1.59226 1.724007 1.141412 1.375498 2.084804 2.295486
5.783875 -50.9621 17.99142 -1.28602 -1.649024 0.058769 0.502934 -0.649996 -1.441027
-0.216125 -50.9621 17.99142 2.812754 2.739414 2.713523 2.08294 5.121264 5.108344
-2.216125 -50.9621 17.99142 1.111474 1.316041 0.728267 0.529903 1.792864 2.362907
-4.216125 -50.9621 17.99142 0.132105 0.062671 -0.154394 -0.768371 1.427493 1.40498
-2.216125 -52.9621 17.99142 -0.328176 0.04689 1.04666 0.394339 1.889155 1.743078
-4.216125 -52.9621 17.99142 -1.515224 -1.807718 -0.726989 -1.449325 0.249345 -0.04183
-2.216125 -46.9621 19.99142 1.420705 0.754879 1.778472 2.370831 1.719283 1.587486
-2.216125 -48.9621 19.99142 4.530979 4.109314 5.918407 5.917932 3.37241 3.274388
-4.216125 -48.9621 19.99142 6.218325 5.378507 5.008513 4.377064 4.248896 3.552049
-6.216125 -48.9621 19.99142 7.382262 5.728827 5.22023 3.98442 4.060076 3.100276
-2.216125 -50.9621 19.99142 4.674977 5.100377 6.650861 6.437816 5.401449 5.297994
-4.216125 -50.9621 19.99142 4.40043 4.434247 4.175959 3.274585 4.616451 3.987282
-2.216125 -52.9621 19.99142 1.470905 1.97474 4.12733 3.994181 4.70985 4.78526
-4.216125 -52.9621 19.99142 0.044581 0.359072 1.793178 1.515948 0.900254 1.123449
-6.216125 -48.9621 21.99142 3.275627 3.129635 2.110689 2.415554 0.539635 0.042929
