-0.056969 -22.93521 3.061222 -2.000647 0.162653 4.778017 9.433151 -2.43287 -1.068473
7.943031 -28.93521 3.061222 0.929634 -1.454794 -5.193995 -1.598692 -4.051445 -3.015736
5.943031 -28.93521 3.061222 1.2088 -2.94901 -0.679566 5.508089 -1.399417 -0.297249
5.943031 -30.93521 3.061222 4.135898 -0.484696 -0.607681 5.628294 -3.655974 -1.378441
5.943031 -32.93521 3.061222 5.941977 1.442156 -3.836074 0.399931 -4.33181 -2.451099
3.943031 -18.93521 5.061222 -0.444737 -1.516278 1.765001 -1.223515 -1.761024 0.659735
3.943031 -20.93521 5.061222 2.884621 2.071275 5.675698 3.676978 3.061353 5.558447
-0.056969 -20.93521 5.061222 -3.227665 -6.66253 -3.899904 -6.735449 -5.473552 -5.868191
3.943031 -22.93521 5.061222 3.445287 2.226722 6.13012 6.968554 5.165418 7.340235
-0.056969 -22.93521 5.061222 -3.822176 -2.882331 -0.414302 0.431137 -0.366184 -2.52161
3.943031 -24.93521 5.061222 -0.767381 -1.543199 1.564941 2.668283 -1.204125 -0.446662
-0.056969 -24.93521 5.061222 -4.788631 0.188838 1.876752 5.78871 1.661928 3.576581
5.943031 -26.93521 5.061222 -1.644977 3.395041 -0.216551 -0.206714 -8.072568 -7.935807
3.943031 -26.93521 5.061222 -1.274037 -2.127009 1.492118 0.117452 -6.252256 -6.895711
-0.056969 -26.93521 5.061222 -4.16613 0.139795 3.048727 7.773322 1.657547 7.649554
5.943031 -28.93521 5.061222 -0.973151 1.56443 1.288244 1.065808 -2.668683 -3.376171
3.943031 -28.93521 5.061222 0.139221 -0.810799 5.817416 4.676442 -3.404254 -4.842182
-0.056969 -28.93521 5.061222 -2.35418 2.915419 2.230711 8.247918 0.254059 5.60648
5.943031 -30.93521 5.061222 -1.820365 -3.272237 2.173966 2.173423 1.661506 -1.278439
3.943031 -30.93521 5.061222 1.533078 3.752109 6.825281 7.464837 -0.262752 -1.016748
-0.056969 -30.93521 5.061222 0.706796 6.548774 1.213915 7.299354 -3.207006 1.099221
7.943031 -32.93521 5.061222 -2.543395 -3.372453 -5.538033 -3.252854 -0.152551 -2.066614
5.943031 -32.93521 5.061222 1.572633 1.720481 1.149671 2.206212 2.162293 -0.302432
3.943031 -32.93521 5.061222 4.503918 9.644275 4.458626 5.730508 3.076875 3.418141
-0.056969 -32.93521 5.061222 4.174209 9.229741 3.547039 8.256198 -0.681664 2.232681
7.943031 -34.93521 5.061222 0.546566 -1.321768 -1.894444 0.706834 0.68962 0.206717
5.943031 -34.93521 5.061222 2.881233 1.658836 1.914672 3.258482 1.606095 0.298702
3.943031 -34.93521 5.061222 4.581464 6.049189 7.614393 6.679974 5.7506 2.640897
7.943031 -36.93521 5.061222 0.005125 -0.342877 -0.084112 1.800547 0.295678 -0.453638
5.943031 -36.93521 5.061222 0.38629 -0.952237 2.298543 6.183858 0.138559 0.636998
7.943031 -38.93521 5.061222 1.060521 2.213873 -2.468046 0.596802 -0.960939 -2.202527
5.943031 -38.93521 5.061222 -2.183604 -4.608141 -2.009196 0.041803 0.324175 -0.702245
5.943031 -40.93521 5.061222 -3.658679 -4.628325 -2.838689 -2.102579 1.241611 -0.414179
3.943031 -18.93521 7.061222 -0.108633 3.37903 -1.377446 -2.311795 -9.705218 -8.429535
-0.056969 -18.93521 7.061222 -2.866448 0.752446 -4.958427 -5.571592 -0.396886 -0.270973
-2.056969 -18.93521 7.061222 -0.694888 0.908376 0.85005 -2.310116 1.897307 2.006385
5.943031 -20.93521 7.061222 0.533872 0.52885 0.099496 -1.347771 0.04755 0.582627
3.943031 -20.93521 7.061222 -1.554065 2.63433 -0.685636 -1.59349 -10.77015 -8.65637
-0.056969 -20.93521 7.061222 -1.360164 2.593417 -3.985765 -5.472497 -3.444324 -4.604185
5.943031 -22.93521 7.061222 -1.953761 -2.213003 0.71043 1.591444 -6.393528 -4.555531
3.943031 -22.93521 7.061222 -1.639833 1.409011 1.90531 0.58898 -8.973302 -5.798682
-0.056969 -22.93521 7.061222 -1.1873 0.589451 -2.664028 -2.787091 -1.413374 -1.375499
5.943031 -24.93521 7.061222 -1.685093 -0.850452 2.213695 4.132004 -7.222931 -5.293314
1.943031 -24.93521 7.061222 -0.162227 0.031138 0.490061 2.136836 -2.119463 1.551436
-0.056969 -24.93521 7.061222 -4.175861 -0.93371 -2.590537 -0.806449 1.385728 5.10465
5.943031 -26.93521 7.061222 1.427179 9.455848 2.408127 5.857145 -3.67965 -0.377677
1.943031 -26.93521 7.061222 1.316861 1.611512 -0.205653 -0.424866 -2.503361 0.696032
-0.056969 -26.93521 7.061222 -3.678548 -1.195059 -1.998953 -1.535924 1.049366 3.374338
5.943031 -28.93521 7.061222 0.091929 7.343763 1.865521 4.607767 -3.827164 -1.112882
3.943031 -28.93521 7.061222 3.311408 4.918067 7.307072 3.84746 -5.017132 -6.062881
-0.056969 -28.93521 7.061222 -0.983934 0.405215 0.834128 1.657265 -0.837494 0.628351
5.943031 -30.93521 7.061222 -3.277261 -2.173851 2.853548 2.1256 -1.592327 -2.763148
3.943031 -30.93521 7.061222 1.068356 3.817164 8.078123 6.118121 -2.250069 -4.727166
-0.056969 -30.93521 7.061222 0.031145 4.939774 2.726725 5.432467 1.228286 3.325954
-2.056969 -30.93521 7.061222 -3.341645 -0.175572 -0.729312 1.118474 3.277645 4.627157
5.943031 -32.93521 7.061222 -0.695232 2.358124 3.269081 2.809152 0.12149 -2.155401
3.943031 -32.93521 7.061222 1.440364 7.659224 4.833716 3.411798 0.631241 -1.185333
-0.056969 -32.93521 7.061222 0.020487 6.046891 2.172578 4.761281 3.816228 5.322124
5.943031 -34.93521 7.061222 0.148272 3.304881 1.780229 3.151031 1.619459 0.384655
-0.056969 -34.93521 7.061222 -0.359957 0.087119 -0.440495 0.289485 0.528181 -0.402342
9.943031 -36.93521 7.061222 1.862651 4.426704 2.473898 2.142795 0.083776 -0.871059
7.943031 -36.93521 7.061222 -3.845071 -3.366416 -1.825119 0.305877 -0.423643 -1.029196
5.943031 -36.93521 7.061222 -1.887885 -0.416699 1.087448 5.358668 2.848834 3.140025
1.943031 -36.93521 7.061222 0.235344 3.033391 1.792404 3.458659 1.447421 1.487198
-0.056969 -36.93521 7.061222 0.590461 1.281897 3.290625 3.637445 1.056578 0.466859
7.943031 -38.93521 7.061222 0.063889 0.473408 -2.032638 0.868152 1.381616 1.937201
5.943031 -38.93521 7.061222 -3.663137 -4.562406 -2.091658 1.622465 1.014864 2.652417
1.943031 -38.93521 7.061222 2.560256 5.95813 1.053935 3.256124 5.213223 5.468362
-0.056969 -38.93521 7.061222 1.500235 5.914947 4.149838 4.319108 2.938216 2.102423
7.943031 -40.93521 7.061222 0.527748 1.294269 0.412692 2.626242 1.923567 2.413367
5.943031 -40.93521 7.061222 -2.411045 -0.341341 -0.972369 1.294121 0.292753 2.246812
7.943031 -42.93521 7.061222 -0.958981 -1.150458 0.260248 2.263169 1.335797 1.835819
5.943031 -42.93521 7.061222 -0.083599 -0.355699 0.279389 -0.308253 0.338836 0.084874
7.943031 -44.93521 7.061222 -3.329673 -3.479192 -1.18287 1.388733 -1.052839 1.309406
3.943031 -18.93521 9.061222 -1.434489 8.814001 -3.909127 1.294662 -11.74974 -8.226487
-0.056969 -18.93521 9.061222 1.342219 11.16137 2.168412 6.707941 -2.092611 1.201993
-2.056969 -18.93521 9.061222 1.037242 5.815346 1.348798 -0.935211 -0.397927 0.29099
5.943031 -20.93521 9.061222 -5.03315 -7.08476 -5.3983 -4.92937 -2.119059 -1.670856
3.943031 -20.93521 9.061222 -1.52788 10.70122 0.139455 5.110309 -13.13176 -9.972397
-0.056969 -20.93521 9.061222 1.869137 9.439667 4.178735 9.04828 -1.584056 0.735553
5.943031 -22.93521 9.061222 -6.868987 -6.711744 -4.799171 -1.321485 -3.953373 -1.327393
3.943031 -22.93521 9.061222 -0.53851 10.64973 3.8707 6.276932 -13.4259 -8.986481
1.943031 -22.93521 9.061222 0.14655 16.65401 -1.737607 7.804259 -20.52512 -13.61492
-0.056969 -22.93521 9.061222 -0.484159 1.622286 2.700366 4.610156 -1.379787 -0.931475
7.943031 -24.93521 9.061222 -3.037629 -4.618699 -0.485586 -2.541428 -1.513883 -3.414373
5.943031 -24.93521 9.061222 -4.511031 -3.730297 -3.475289 0.609845 -2.421666 0.967571
1.943031 -24.93521 9.061222 4.026888 13.92731 -4.331855 1.633729 -9.315364 -2.474348
-0.056969 -24.93521 9.061222 -3.026582 -2.018956 -1.478935 -0.17978 1.62827 4.235348
7.943031 -26.93521 9.061222 -3.30232 -0.170877 -1.599106 -1.451658 -0.505012 -1.787054
5.943031 -26.93521 9.061222 -2.501356 2.938933 -4.360768 0.349395 2.348418 5.808153
1.943031 -26.93521 9.061222 3.849116 11.21517 -5.428311 -1.021521 -3.202217 1.926222
7.943031 -28.93521 9.061222 -3.444607 -0.700869 -4.620738 -5.902809 -2.207175 -3.094248
5.943031 -28.93521 9.061222 -3.629527 2.851684 -5.442143 -0.860562 0.346219 3.871883
7.943031 -30.93521 9.061222 -1.335949 -1.437086 -0.82169 -4.103539 -0.103271 -0.8163
5.943031 -30.93521 9.061222 -1.329816 2.020796 0.645726 0.898258 -0.272251 0.02063
7.943031 -32.93521 9.061222 1.960269 3.78156 2.340617 1.706518 -2.273545 -1.351892
5.943031 -32.93521 9.061222 1.879162 6.349045 4.769181 4.526118 -1.220685 -1.291039
1.943031 -32.93521 9.061222 0.22387 4.771391 -1.488833 -1.904188 -0.949454 -0.772456
-0.056969 -32.93521 9.061222 -1.371016 3.155375 -1.729969 -2.553456 2.347047 2.41493
5.943031 -34.93521 9.061222 0.660203 5.039208 2.426191 1.921234 0.141939 -1.070687
1.943031 -34.93521 9.061222 -2.102355 0.705675 -5.44878 -7.309668 -8.072669 -7.813962
-0.056969 -34.93521 9.061222 -1.749258 -2.728319 -5.568054 -9.544749 -1.517036 -2.100269
9.943031 -36.93521 9.061222 -0.116253 -0.096097 1.230451 -0.762277 -0.596623 -1.680254
5.943031 -36.93521 9.061222 -1.481415 -0.142114 -1.214843 -2.01652 1.380733 0.249776
1.943031 -36.93521 9.061222 -0.956752 0.782667 -1.454399 -1.84189 -8.948845 -8.890746
-0.056969 -36.93521 9.061222 -1.576174 -3.94154 -1.889109 -4.802501 -1.505614 -2.879406
9.943031 -38.93521 9.061222 0.707732 2.225642 1.529004 0.173067 1.817932 0.009256
5.943031 -38.93521 9.061222 -3.107354 -1.519714 -3.810168 -3.679453 -2.750639 -2.551347
1.943031 -38.93521 9.061222 -1.487054 -1.378228 0.732918 0.80616 -1.797433 -2.644098
-0.056969 -38.93521 9.061222 -1.821082 -1.604993 2.964753 0.919333 1.59322 -0.229032
9.943031 -40.93521 9.061222 0.106579 0.484991 2.236689 1.27563 1.418782 -0.73656
5.943031 -40.93521 9.061222 -1.301815 1.133956 -1.893773 -1.836781 -3.536334 -2.461433
1.943031 -40.93521 9.061222 -0.319807 -0.402154 -0.273823 -1.315852 0.965841 -0.038641
9.943031 -42.93521 9.061222 -2.418758 -2.623714 -0.644607 0.107226 -1.714766 -2.777356
5.943031 -42.93521 9.061222 -0.068055 1.026276 -0.617085 0.41538 -2.963271 -1.547578
1.943031 -42.93521 9.061222 -0.290767 0.414445 -2.741012 -4.252995 -1.282968 -0.682283
9.943031 -44.93521 9.061222 -3.976058 -5.290273 -5.172384 -2.87774 -0.147622 -0.130985
7.943031 -44.93521 9.061222 -2.788771 -2.870513 -2.42968 -0.830022 0.24699 0.203833
1.943031 -44.93521 9.061222 -1.134687 1.153022 -3.629228 -3.070058 -1.823159 -0.317124
9.943031 -46.93521 9.061222 -1.525541 -3.386009 -6.212542 -2.974104 0.849342 2.134333
7.943031 -46.93521 9.061222 -0.176903 1.064551 0.250447 1.12731 2.798821 1.254613
1.943031 -46.93521 9.061222 0.713105 3.364789 -2.198757 -1.308433 1.26876 2.452996
-0.056969 -46.93521 9.061222 0.862246 1.904242 0.095386 -2.534828 0.927448 -0.596155
-2.056969 -46.93521 9.061222 0.927456 1.068328 -0.211228 -1.456696 0.574043 0.639716
-0.056969 -48.93521 9.061222 1.705865 2.695675 2.648761 2.750859 0.010654 -0.87092
-2.056969 -48.93521 9.061222 0.189539 0.977621 1.048079 0.766741 -1.71465 -3.272274
-0.056969 -50.93521 9.061222 -0.821578 -0.33658 0.193506 1.480796 0.001541 0.065444
3.943031 -18.93521 11.06122 2.28391 9.05814 -4.454634 -1.301294 -4.886668 -1.622883
-0.056969 -20.93521 11.06122 6.236919 10.47293 3.143142 6.284541 -0.692802 2.800766
-0.056969 -22.93521 11.06122 5.076506 6.194007 8.433537 10.18822 3.913216 3.914235
-0.056969 -24.93521 11.06122 -1.055092 -1.023409 2.383433 4.186731 2.975209 3.25902
5.943031 -28.93521 11.06122 -4.369694 -0.617209 -7.274059 -4.870735 2.686211 4.893467
9.943031 -30.93521 11.06122 -1.796758 0.467733 -0.163512 -0.390719 3.371227 4.405789
7.943031 -30.93521 11.06122 0.417491 5.616718 -2.009247 -1.782366 -0.01948 2.433253
5.943031 -30.93521 11.06122 0.460342 2.01661 -1.310092 -1.610328 2.238379 4.396749
7.943031 -32.93521 11.06122 2.304967 5.508361 3.428779 2.902581 0.398414 1.600741
5.943031 -32.93521 11.06122 2.106201 4.506719 2.741298 1.09638 0.206092 0.388176
7.943031 -34.93521 11.06122 3.748918 4.177724 6.357619 6.418659 3.983065 4.312633
5.943031 -34.93521 11.06122 4.560097 9.180857 3.37038 2.887521 2.508825 3.149274
1.943031 -34.93521 11.06122 -1.278906 7.871574 -6.548027 -4.696666 -2.187536 0.225367
7.943031 -36.93521 11.06122 3.969283 4.65184 6.970882 9.293649 3.937926 5.436016
5.943031 -36.93521 11.06122 4.234725 8.236599 4.121708 4.874098 4.69017 4.534043
1.943031 -36.93521 11.06122 1.005416 8.545102 -0.518063 2.789523 -3.99842 -0.877655
-0.056969 -36.93521 11.06122 -2.657059 -0.257771 -5.095967 -6.333807 -1.406186 -1.050249
5.943031 -38.93521 11.06122 0.205995 3.500608 -0.156878 -0.374308 0.785761 -0.749678
1.943031 -38.93521 11.06122 0.43704 2.768455 2.0646 4.980811 -3.314469 -1.635706
-0.056969 -38.93521 11.06122 -2.505613 0.151129 -0.087227 0.468995 -1.624624 -1.763963
9.943031 -40.93521 11.06122 -2.11176 -2.819415 -0.467475 -2.771772 1.336851 -1.816988
5.943031 -40.93521 11.06122 -1.236998 -0.339311 -1.801065 -3.057962 -2.438558 -3.146139
-0.056969 -40.93521 11.06122 -1.663143 -0.01558 -0.556715 0.465888 -1.994631 -1.260358
5.943031 -42.93521 11.06122 -0.993943 -0.734947 -0.255636 0.398252 -3.912329 -2.399613
-0.056969 -42.93521 11.06122 -2.362174 -1.504767 -0.303256 0.56231 -2.998676 -1.648685
5.943031 -44.93521 11.06122 -1.977284 -1.452155 -1.67279 -0.974586 -2.60975 -0.978885
1.943031 -44.93521 11.06122 -3.122058 -0.117282 -0.657279 1.353253 -0.962746 1.497965
-0.056969 -44.93521 11.06122 -2.819669 -1.104913 0.178593 -0.236685 -0.145686 0.785392
9.943031 -46.93521 11.06122 -1.346073 1.239996 -1.210244 -0.488674 0.730968 -0.021728
7.943031 -46.93521 11.06122 -2.758493 -1.235747 -0.459106 0.499858 -1.826073 -3.151419
5.943031 -46.93521 11.06122 -1.572562 -0.883936 2.858431 3.621271 0.810361 -0.434015
1.943031 -46.93521 11.06122 -0.154324 2.438977 -0.932901 0.572362 0.452024 2.599379
-0.056969 -46.93521 11.06122 -0.531894 -0.772868 0.536189 -2.053733 1.306019 0.714919
-2.056969 -46.93521 11.06122 0.08331 0.978216 0.361363 -0.828627 0.480629 -0.072324
7.943031 -48.93521 11.06122 1.100593 3.554348 0.165044 3.154054 -0.526223 -1.137308
5.943031 -48.93521 11.06122 2.099693 3.247172 2.401674 3.693215 1.731753 0.486634
1.943031 -48.93521 11.06122 1.347121 3.105577 1.017749 2.341412 2.297222 3.672031
-0.056969 -48.93521 11.06122 -0.065131 1.380552 1.375729 1.674238 0.321066 0.564666
-2.056969 -48.93521 11.06122 -0.934312 0.868275 1.239866 1.119573 -0.015793 -0.784153
1.943031 -50.93521 11.06122 2.889018 5.011925 0.287537 2.690618 -0.624061 0.37266
-0.056969 -50.93521 11.06122 -0.080558 3.533183 -0.260786 3.417804 -0.978393 -0.737772
9.943031 -32.93521 13.06122 -3.185217 -2.670164 -0.272968 -0.069078 -0.327197 0.809602
7.943031 -32.93521 13.06122 -2.080272 0.439592 -3.160017 -4.082971 -2.499883 -2.324181
5.943031 -32.93521 13.06122 -2.467657 -1.929412 -2.728379 -5.352489 -2.098962 -3.315623
3.943031 -32.93521 13.06122 0.215646 -3.378954 3.962535 1.883233 -0.965897 -3.070207
9.943031 -34.93521 13.06122 -1.42311 -0.833881 0.455093 1.752449 1.684125 3.291224
7.943031 -34.93521 13.06122 0.789695 1.929245 0.928041 1.8012 1.06632 2.071554
5.943031 -34.93521 13.06122 1.052264 0.672402 -1.281694 -3.357505 1.743158 1.064989
3.943031 -34.93521 13.06122 3.205884 4.78609 -1.219721 -1.869213 -0.619077 -0.930608
-0.056969 -34.93521 13.06122 -0.126084 3.314054 -2.49658 -1.297514 2.36813 2.349538
-2.056969 -34.93521 13.06122 -2.50756 -4.135584 -0.652036 -1.454382 -1.568952 -3.111544
-4.056969 -34.93521 13.06122 -0.657725 -1.486546 0.64334 -0.454209 -3.685709 -5.223378
9.943031 -36.93521 13.06122 0.673597 3.63576 0.54293 1.869285 2.18075 2.922911
7.943031 -36.93521 13.06122 3.324678 7.47818 5.561897 9.431989 3.844495 5.637718
5.943031 -36.93521 13.06122 3.210767 4.808958 2.706631 3.027995 4.408066 3.804632
1.943031 -36.93521 13.06122 5.025681 13.60899 -0.697123 4.203985 3.74369 9.390887
-0.056969 -36.93521 13.06122 -1.864758 1.779623 -0.768371 0.967782 1.407358 3.78474
-2.056969 -36.93521 13.06122 -3.741596 -5.112827 -0.298431 -1.026146 -1.400762 -0.690433
7.943031 -38.93521 13.06122 1.919199 8.095629 4.762114 9.795069 1.962618 3.848814
5.943031 -38.93521 13.06122 1.769571 4.790545 2.616511 3.442213 2.907966 1.835276
-0.056969 -38.93521 13.06122 -3.221168 -0.38661 0.684552 3.770534 -0.494347 2.023562
5.943031 -40.93521 13.06122 -0.65853 0.096903 2.02559 2.187919 1.400233 0.581518
-0.056969 -40.93521 13.06122 -2.928876 -0.991851 0.273046 3.224049 -1.170234 0.440334
-2.056969 -40.93521 13.06122 -2.792798 -0.737541 -1.286261 -1.330889 -0.632033 -0.154024
7.943031 -42.93521 13.06122 -1.329058 0.607345 -0.423712 0.789878 0.474383 0.293558
5.943031 -42.93521 13.06122 -0.789365 -0.382896 2.135317 2.54398 1.126516 0.437659
1.943031 -42.93521 13.06122 -0.941275 -3.81936 3.79207 5.801995 1.059888 -0.384144
-0.056969 -42.93521 13.06122 -0.959566 2.07564 2.199278 3.72537 -0.475622 -1.215187
-2.056969 -42.93521 13.06122 -0.853911 0.928419 0.914287 0.1779 1.843269 0.628989
5.943031 -44.93521 13.06122 -2.332869 -1.125378 -1.048679 -0.338422 0.214788 0.559889
1.943031 -44.93521 13.06122 -0.374316 -0.079083 1.128233 1.558637 2.95234 2.446841
-0.056969 -44.93521 13.06122 0.002895 1.570641 1.749546 1.659175 3.194128 2.073863
9.943031 -46.93521 13.06122 -1.264738 1.323486 -1.932333 -2.198189 -0.799151 -1.537032
5.943031 -46.93521 13.06122 -1.507998 -0.838949 1.951349 4.473951 2.378315 3.305025
1.943031 -46.93521 13.06122 -0.002629 0.589295 0.720994 1.565927 2.013106 2.638974
-0.056969 -46.93521 13.06122 -0.088443 -1.176474 1.753612 0.72298 3.211758 2.161735
9.943031 -48.93521 13.06122 -4.157456 -1.442608 -1.517008 -2.448858 -2.034308 -3.241321
7.943031 -48.93521 13.06122 -2.112004 -0.275576 -3.064324 -2.291921 -1.855467 -2.136467
5.943031 -48.93521 13.06122 -0.586511 1.180974 -0.532963 0.866273 1.560881 2.120251
1.943031 -48.93521 13.06122 0.605815 3.208139 -1.522181 -0.530151 0.879549 1.436316
-2.056969 -48.93521 13.06122 -0.831815 0.500009 1.088196 1.699117 0.904362 0.831931
1.943031 -50.93521 13.06122 2.753844 8.360612 -0.544674 2.659135 0.252074 1.07198
-0.056969 -50.93521 13.06122 1.730843 6.544674 1.517604 5.195095 -0.443129 -0.453593
-2.056969 -50.93521 13.06122 2.407977 8.043787 2.272661 5.193117 -0.077335 -1.600685
1.943031 -52.93521 13.06122 -0.13708 3.982785 -2.531084 1.238855 0.049085 -0.143456
-0.056969 -52.93521 13.06122 -1.99239 2.166512 -1.98191 2.927236 -0.212254 0.105703
7.943031 -30.93521 15.06122 0.40322 -0.172853 -3.016353 -4.817269 -0.602364 -0.140896
5.943031 -30.93521 15.06122 1.343099 1.104689 3.271437 3.219661 1.701674 0.364094
-2.056969 -30.93521 15.06122 -3.299455 -2.039598 -1.77857 -3.711738 1.880804 -1.491286
5.943031 -32.93521 15.06122 -1.73902 -2.8 0.904827 -0.018172 -2.391515 -4.653358
3.943031 -32.93521 15.06122 -1.027635 -6.890748 4.425471 2.253055 -7.692196 -11.58236
-2.056969 -32.93521 15.06122 -2.211546 -3.435992 0.722974 -2.991076 3.861956 -0.644998
-4.056969 -32.93521 15.06122 0.845465 2.737619 0.924553 -0.888141 -0.622962 -2.42005
7.943031 -34.93521 15.06122 2.321721 2.847769 2.138319 2.702984 0.139894 -0.11176
5.943031 -34.93521 15.06122 0.312537 -1.474346 -0.225558 -0.240504 3.84172 2.141416
3.943031 -34.93521 15.06122 0.363003 1.660448 0.77791 2.459602 -2.604694 -3.756981
-2.056969 -34.93521 15.06122 -1.909528 -4.897778 0.85633 -2.076622 1.734315 -1.221064
-4.056969 -34.93521 15.06122 1.822046 1.791737 2.56584 1.208212 -1.427303 -2.018375
9.943031 -36.93521 15.06122 -1.139695 1.489473 1.421715 3.23908 4.451863 5.024481
7.943031 -36.93521 15.06122 2.204386 5.31199 4.419383 6.152512 5.316243 5.328864
5.943031 -36.93521 15.06122 2.542461 4.074917 2.565341 4.349301 7.907739 7.248237
-0.056969 -36.93521 15.06122 -3.458682 1.745889 -2.424519 1.020412 0.901782 2.522132
-2.056969 -36.93521 15.06122 -3.681023 -7.349854 1.423773 -0.234608 0.496758 0.662572
-4.056969 -36.93521 15.06122 0.684174 0.202781 4.109475 3.131224 0.893489 1.70994
9.943031 -38.93521 15.06122 0.594847 5.9578 3.951093 7.749514 4.629866 6.618944
5.943031 -38.93521 15.06122 3.734575 6.9661 3.274521 4.446137 7.418802 7.364599
-0.056969 -38.93521 15.06122 -4.840435 -1.952172 -1.244583 2.258186 1.371569 3.898403
-2.056969 -38.93521 15.06122 -4.172556 -4.699968 -0.000712 -0.761693 0.868342 2.921723
7.943031 -40.93521 15.06122 2.261028 3.19438 5.129246 8.093105 2.994507 4.288255
5.943031 -40.93521 15.06122 2.015617 0.921805 4.026275 3.766039 5.014565 5.086741
1.943031 -40.93521 15.06122 -7.804266 -12.47732 2.038886 4.918966 -10.96525 -8.991699
-0.056969 -40.93521 15.06122 -5.169534 -3.435031 -1.541823 0.989188 1.265005 3.94088
7.943031 -42.93521 15.06122 -0.954108 0.40719 3.080845 6.415178 2.07549 3.285861
5.943031 -42.93521 15.06122 0.244702 -0.060764 4.944635 6.633575 5.187177 5.762685
1.943031 -42.93521 15.06122 -7.553383 -11.00056 -0.802309 2.98135 -2.184157 -0.700576
-0.056969 -42.93521 15.06122 -3.031852 0.714942 0.002901 2.876749 -1.587775 -0.029828
11.94303 -44.93521 15.06122 -2.042059 0.534072 -1.737192 -0.126228 -0.826853 -1.059558
7.943031 -44.93521 15.06122 -2.707968 -0.119699 0.807339 4.9605 2.517877 4.970761
5.943031 -44.93521 15.06122 -0.892623 1.368067 0.813545 3.21213 4.47759 5.44844
1.943031 -44.93521 15.06122 -4.000981 -5.05215 -2.220067 -1.959498 4.367385 5.484688
13.94303 -46.93521 15.06122 -2.726927 2.23995 -3.158853 -2.139891 -4.324328 -5.660499
11.94303 -46.93521 15.06122 -3.460267 -0.451353 -1.984677 -1.773795 -1.442971 -2.458699
9.943031 -46.93521 15.06122 -1.32142 -0.300385 0.453678 1.068789 1.616988 1.153696
7.943031 -46.93521 15.06122 -0.538989 -0.129139 2.307089 4.150412 3.142057 4.111158
5.943031 -46.93521 15.06122 -0.339898 -1.087023 2.555856 4.060749 5.174274 6.006887
1.943031 -46.93521 15.06122 -1.096731 0.252907 -0.266257 0.704769 3.459519 4.651623
7.943031 -48.93521 15.06122 -1.86963 0.052785 -1.082323 -0.112596 -1.577052 -1.486467
5.943031 -48.93521 15.06122 -0.645793 0.911485 0.730891 1.3599 0.076054 1.339706
1.943031 -48.93521 15.06122 0.493938 5.194618 -0.698858 1.224904 1.545455 3.126389
-2.056969 -48.93521 15.06122 0.950759 2.788352 0.701493 0.833037 1.51762 0.509628
7.943031 -50.93521 15.06122 -3.571091 -2.361245 -3.466557 -2.477106 -2.852083 -2.354289
1.943031 -50.93521 15.06122 1.935965 7.537338 0.443983 1.644776 0.591251 0.49782
-0.056969 -50.93521 15.06122 1.183595 3.771285 2.072817 3.969409 1.197542 0.291244
-2.056969 -50.93521 15.06122 1.724071 4.835946 3.340512 5.405976 0.308939 -2.022679
13.94303 -52.93521 15.06122 -1.058075 -0.463482 -7.716233 -7.888532 -8.945374 -9.941792
1.943031 -52.93521 15.06122 -1.258578 2.304228 -3.167313 -1.340207 -3.614632 -4.106213
-0.056969 -52.93521 15.06122 -1.849312 0.863186 -3.824881 -0.291784 -2.915024 -3.074035
-0.056969 -54.93521 15.06122 -5.573302 -5.987999 -10.39788 -8.984252 -6.544479 -4.013677
11.94303 -28.93521 17.06122 0.359208 0.039782 -1.0582 -0.503923 -1.926918 -2.032155
11.94303 -30.93521 17.06122 1.013716 1.980055 0.439855 3.359768 -3.546684 0.344705
9.943031 -30.93521 17.06122 0.325993 0.106468 0.312071 3.056176 -2.543291 1.942191
7.943031 -30.93521 17.06122 2.106302 5.424229 -0.375026 0.227686 0.219699 1.43807
-2.056969 -30.93521 17.06122 -1.552411 1.287222 -3.802661 -4.543895 -1.334106 -4.318516
-4.056969 -30.93521 17.06122 -4.451894 0.13227 -2.565123 0.286678 -3.541967 -3.214121
11.94303 -32.93521 17.06122 3.374003 5.170051 3.034811 4.995265 -1.969644 -0.80135
9.943031 -32.93521 17.06122 2.424798 5.503523 5.110519 8.137221 -2.680335 0.479232
7.943031 -32.93521 17.06122 2.788289 6.609201 6.510204 9.338243 -1.685016 0.622679
5.943031 -32.93521 17.06122 3.426392 4.309706 8.928069 11.94751 -1.852638 -1.514403
-0.056969 -32.93521 17.06122 0.363328 3.236755 -1.952471 -0.682019 -2.245096 -2.311867
-2.056969 -32.93521 17.06122 -1.145873 -0.582751 -2.431722 -6.706669 1.001225 -3.582691
-4.056969 -32.93521 17.06122 -0.715297 1.019685 -1.987648 -3.359056 -1.63043 -3.613239
5.943031 -34.93521 17.06122 4.843967 3.07318 9.862146 11.32498 5.431602 6.076036
3.943031 -34.93521 17.06122 2.746691 3.474259 8.734206 10.00861 -2.771214 -4.345389
-0.056969 -34.93521 17.06122 -1.88385 0.649209 -3.736587 -4.481477 -3.952863 -4.199424
11.94303 -36.93521 17.06122 0.829228 1.61758 3.989976 5.945634 4.521911 3.892173
9.943031 -36.93521 17.06122 0.995335 3.840898 4.951905 7.667212 3.956084 4.594283
7.943031 -36.93521 17.06122 5.501465 8.495244 4.69384 6.085091 6.937272 6.650037
5.943031 -36.93521 17.06122 6.493801 7.559554 9.304087 12.17577 8.982005 11.15613
-0.056969 -36.93521 17.06122 -1.379013 3.149114 -3.651333 -2.230374 -3.335287 -3.178573
-2.056969 -36.93521 17.06122 1.223956 0.140838 3.330141 0.374904 -0.118773 -3.59848
-4.056969 -36.93521 17.06122 2.511758 4.394213 5.00658 5.306777 -1.091912 -2.502162
11.94303 -38.93521 17.06122 -1.627723 0.933424 1.439334 3.805633 4.862606 5.026181
9.943031 -38.93521 17.06122 1.853317 5.552656 5.191062 7.667717 6.836472 8.376709
-0.056969 -38.93521 17.06122 0.276398 3.226123 0.335014 1.796015 1.45375 0.469306
-2.056969 -38.93521 17.06122 2.640199 3.686165 6.541773 4.471792 2.609561 1.093166
-4.056969 -38.93521 17.06122 1.146715 4.235209 5.149596 5.382966 -1.316465 -0.927996
9.943031 -40.93521 17.06122 4.877547 7.946361 7.500458 9.779309 6.612334 7.945382
7.943031 -40.93521 17.06122 6.533142 8.070881 9.31805 11.60262 9.77651 11.7945
5.943031 -40.93521 17.06122 7.456966 8.459867 9.278661 11.63478 7.428215 9.758685
1.943031 -40.93521 17.06122 -8.350514 -5.498166 2.308584 7.067687 -16.92747 -15.49477
-0.056969 -40.93521 17.06122 -1.528649 -0.778404 -0.041639 0.630385 2.496861 2.035578
-2.056969 -40.93521 17.06122 1.200371 3.704793 3.325675 2.585886 2.038266 2.470255
-4.056969 -40.93521 17.06122 1.579404 4.811489 3.916404 3.691738 2.04848 3.27368
7.943031 -42.93521 17.06122 5.959834 10.16365 13.58566 20.00116 8.735697 11.78134
5.943031 -42.93521 17.06122 7.773324 7.768013 17.19155 23.8958 11.31414 14.83943
1.943031 -42.93521 17.06122 -10.50623 -9.353029 -1.791735 4.747626 -7.955202 -4.736623
-0.056969 -42.93521 17.06122 -2.571411 -2.069743 -0.683293 1.023213 -1.606274 -0.330336
11.94303 -44.93521 17.06122 -2.180618 0.964958 -3.623434 -2.20049 0.304444 0.568108
7.943031 -44.93521 17.06122 0.130561 4.108263 3.000798 8.214603 3.28921 6.255045
5.943031 -44.93521 17.06122 6.123705 8.47369 10.8139 16.01431 8.032338 10.53156
1.943031 -44.93521 17.06122 -4.230479 -3.241978 0.135171 2.993517 -0.236116 2.810222
13.94303 -46.93521 17.06122 -1.961139 1.779878 -2.243953 -1.73833 -1.069875 -0.991138
11.94303 -46.93521 17.06122 -2.108264 1.834982 -1.498966 -0.412607 1.701828 1.057251
9.943031 -46.93521 17.06122 -1.193995 1.258344 -0.921485 0.967477 2.059504 0.820113
5.943031 -46.93521 17.06122 0.161609 0.734507 2.857825 5.180107 3.693793 5.559426
1.943031 -46.93521 17.06122 -2.272785 -0.877445 -0.74269 2.383288 1.854848 4.27381
11.94303 -48.93521 17.06122 -0.697458 1.945088 -0.120975 -0.807711 1.603252 0.455704
9.943031 -48.93521 17.06122 -1.062823 1.979064 -2.251176 -1.393907 1.271866 -0.188275
5.943031 -48.93521 17.06122 0.571879 2.584826 2.27723 3.567659 1.476603 2.408726
1.943031 -48.93521 17.06122 -1.509115 1.974262 -1.402359 1.699847 1.876438 2.99754
15.94303 -50.93521 17.06122 -1.17525 7.471215 -3.664691 -0.77922 -2.280794 -1.124291
13.94303 -50.93521 17.06122 0.287659 6.607008 2.038851 2.832675 -0.578905 -0.013455
11.94303 -50.93521 17.06122 -0.069236 4.462546 2.116605 2.83915 -0.239111 0.100476
9.943031 -50.93521 17.06122 -0.904902 2.219431 0.152191 -0.436681 -1.013169 -1.970455
7.943031 -50.93521 17.06122 -3.089007 -1.668025 -3.249086 -2.432442 -1.579767 -2.157406
5.943031 -50.93521 17.06122 -1.534512 1.35637 -0.934906 -0.128847 -0.89891 -0.954951
1.943031 -50.93521 17.06122 0.826303 6.371923 -0.419828 1.565267 1.447322 1.537997
-2.056969 -50.93521 17.06122 1.786035 5.339178 0.661328 3.033995 -1.871407 -3.516722
15.94303 -52.93521 17.06122 -0.783024 6.179082 -2.827953 0.491416 -4.130584 -4.074544
13.94303 -52.93521 17.06122 1.714055 5.264768 5.234003 4.547134 -0.816876 -2.230097
11.94303 -52.93521 17.06122 -1.4375 -0.859159 1.934149 3.579206 -0.45039 0.020391
9.943031 -52.93521 17.06122 -0.27823 -4.230713 5.053344 2.330181 3.1892 3.11759
7.943031 -52.93521 17.06122 -6.126816 -12.80637 -5.34472 -4.738907 -1.09427 1.524545
1.943031 -52.93521 17.06122 -0.395025 3.39662 -2.271861 -0.082791 -0.982392 -0.433662
-0.056969 -52.93521 17.06122 -0.610527 1.386851 -0.119992 2.091096 0.286999 1.016522
-2.056969 -52.93521 17.06122 -2.478287 1.667956 -2.413947 -0.723648 -3.797662 -3.613808
-4.056969 -52.93521 17.06122 -1.261624 1.670491 -1.510624 -1.190379 -3.042289 -3.574174
17.94303 -54.93521 17.06122 -8.881085 -10.75011 -12.00105 -10.69961 -5.25178 -2.1727
15.94303 -54.93521 17.06122 -6.899887 -13.76348 -6.922033 -9.563448 -6.871053 -5.635831
13.94303 -54.93521 17.06122 -3.588414 -9.116115 -1.569022 -8.0706 -3.82976 -5.546839
11.94303 -54.93521 17.06122 -5.291498 -10.81311 -2.678234 -5.281476 -1.141535 -0.30613
1.943031 -54.93521 17.06122 -2.435977 0.49348 -3.241425 -1.193847 -3.575815 -0.42837
-0.056969 -54.93521 17.06122 -0.927641 1.680548 -0.546894 0.626816 -1.68741 -0.529437
-2.056969 -54.93521 17.06122 -2.020183 -0.321186 -1.78676 -1.946329 -2.245455 -3.753836
-4.056969 -54.93521 17.06122 -1.398232 1.063303 -1.294621 -1.948264 -0.844136 -2.631661
17.94303 -56.93521 17.06122 -7.055042 -11.92879 -6.400708 -7.585902 -2.241961 1.47447
15.94303 -56.93521 17.06122 -10.84202 -21.10767 -10.00021 -15.92469 -5.845309 -4.187322
-0.056969 -56.93521 17.06122 -7.388695 -14.29276 -5.758382 -12.72265 -4.895826 -3.46808
-2.056969 -56.93521 17.06122 -9.25194 -22.26247 -10.36074 -15.41652 -6.07468 -4.693956
13.94303 -28.93521 19.06122 0.421313 -1.003244 1.539732 -2.210028 -0.143014 -0.8774
11.94303 -28.93521 19.06122 1.929364 1.12937 -0.168498 -2.767084 -1.237161 -2.301372
13.94303 -30.93521 19.06122 0.679253 0.282033 0.448407 -2.785512 1.870755 1.103748
-6.056969 -30.93521 19.06122 -5.315436 -3.24328 -1.539446 0.166693 -3.69538 -0.962584
-8.056969 -30.93521 19.06122 -3.486393 -1.742974 -0.206052 1.316295 -2.413429 -1.583601
13.94303 -32.93521 19.06122 0.072535 0.915999 -0.361725 -1.197377 -1.574485 0.010501
11.94303 -32.93521 19.06122 -0.570351 2.236669 1.409586 3.857467 -1.785348 0.470912
-2.056969 -32.93521 19.06122 -1.154716 2.03625 -2.294235 -1.45696 -0.036151 -1.495186
-4.056969 -32.93521 19.06122 -1.453813 1.270239 -1.28519 -0.169279 -1.591354 -0.64393
-6.056969 -32.93521 19.06122 -3.285496 -1.053298 -3.993526 -1.047426 -3.769802 0.733808
-8.056969 -32.93521 19.06122 -2.377609 -1.754107 -0.902631 0.800697 -1.150903 0.759836
9.943031 -34.93521 19.06122 0.252369 3.167446 3.260785 7.374792 -3.166416 -1.457739
7.943031 -34.93521 19.06122 0.701883 1.499361 4.000626 6.239818 -4.381913 -3.244458
5.943031 -34.93521 19.06122 0.767132 -2.391834 1.273069 2.404244 -4.450457 -4.49275
-0.056969 -34.93521 19.06122 -4.186057 -3.439654 -2.905535 -3.053405 -4.657865 -3.605504
-2.056969 -34.93521 19.06122 -1.333678 -0.142429 -0.867578 -1.137169 0.156733 -1.977207
-4.056969 -34.93521 19.06122 -0.455224 4.08177 1.347442 4.099136 -2.244642 -2.206095
-6.056969 -34.93521 19.06122 -1.527652 2.092921 0.696191 3.932399 -5.61235 -2.433785
7.943031 -36.93521 19.06122 4.62626 6.923543 5.687901 7.373811 4.674491 5.390351
5.943031 -36.93521 19.06122 6.185782 4.1524 6.311882 7.951007 -0.78096 1.317306
1.943031 -36.93521 19.06122 -3.284572 0.438906 -1.962482 2.125077 -14.53906 -10.33912
-0.056969 -36.93521 19.06122 -1.097574 2.107041 -2.517497 -2.348996 -4.878191 -3.223997
11.94303 -38.93521 19.06122 1.074899 -0.477824 1.398667 1.654548 2.20206 1.922234
9.943031 -38.93521 19.06122 2.706302 2.847099 1.714383 1.239684 3.446002 3.764902
7.943031 -38.93521 19.06122 4.07401 6.213091 2.236118 1.960868 5.362381 5.936604
1.943031 -38.93521 19.06122 -1.840672 3.400874 2.911671 5.717789 -13.38025 -13.46918
-0.056969 -38.93521 19.06122 1.425873 4.416722 2.295234 3.462728 -1.638048 -2.648304
-2.056969 -38.93521 19.06122 2.891358 5.704669 4.639063 4.149029 0.627551 -0.973535
-4.056969 -38.93521 19.06122 0.76338 3.651378 1.668916 2.518644 -3.966703 -3.53984
-6.056969 -38.93521 19.06122 1.129491 1.928646 0.918229 2.735668 -0.273716 0.167865
11.94303 -40.93521 19.06122 2.234044 2.312452 0.160881 -0.165058 1.680535 0.812934
9.943031 -40.93521 19.06122 3.771437 4.135051 0.935964 0.107721 0.437434 0.264308
7.943031 -40.93521 19.06122 4.071274 5.679723 2.896277 3.069238 1.999076 3.965956
-4.056969 -40.93521 19.06122 1.70963 3.576239 2.152338 1.271446 0.412597 -0.542297
-6.056969 -40.93521 19.06122 1.732432 0.540957 2.025678 1.371026 0.454151 -0.427069
9.943031 -42.93521 19.06122 2.146906 4.302606 1.422084 2.755083 -0.592517 -0.543726
7.943031 -42.93521 19.06122 5.89926 6.85227 7.623767 9.982017 0.759582 3.125687
1.943031 -42.93521 19.06122 -5.215886 -8.310326 -1.96108 -0.008111 -8.060338 -9.523347
-0.056969 -42.93521 19.06122 0.198754 -0.490974 -0.832575 -0.827912 -2.621074 -4.544589
-2.056969 -42.93521 19.06122 -0.124172 -0.885534 -2.123271 -1.810708 -3.679198 -4.949154
-4.056969 -42.93521 19.06122 -0.946953 -1.144582 -2.620983 -3.006343 0.236017 -0.423061
7.943031 -44.93521 19.06122 4.467227 8.092902 7.001359 11.70905 2.363842 4.398073
5.943031 -44.93521 19.06122 11.98848 15.12967 19.25152 27.40924 6.637369 11.69507
1.943031 -44.93521 19.06122 -3.116196 -6.355007 -3.247643 -0.88343 -5.60971 -5.328863
-0.056969 -44.93521 19.06122 0.353488 -1.857498 0.852172 3.174991 -3.843812 -2.54417
-2.056969 -44.93521 19.06122 -0.6273 -1.574207 -1.319985 0.871585 -4.679215 -3.79546
-4.056969 -44.93521 19.06122 -2.020908 -1.467293 -3.693018 -3.792422 -2.332483 -3.455466
5.943031 -46.93521 19.06122 4.480429 6.58375 11.61216 16.68599 3.848223 7.570482
1.943031 -46.93521 19.06122 -3.531083 -3.308053 -3.887039 -0.489544 -0.329627 1.347649
7.943031 -48.93521 19.06122 -2.880645 -0.593047 0.216117 3.377655 1.486802 2.734497
5.943031 -48.93521 19.06122 4.093887 4.360819 10.00588 12.55702 7.400493 8.631012
1.943031 -48.93521 19.06122 -4.173597 -2.324583 -0.807296 2.710664 1.772626 1.931728
15.94303 -50.93521 19.06122 -1.800639 0.361046 1.237437 3.133794 -0.621979 -1.423618
9.943031 -50.93521 19.06122 -1.605773 2.254368 -2.848389 -1.725018 -1.175648 -1.266254
7.943031 -50.93521 19.06122 -2.508981 -2.721182 -1.190496 0.347259 1.720692 3.468864
5.943031 -50.93521 19.06122 3.35758 3.617794 7.135347 8.885803 5.463791 6.952674
1.943031 -50.93521 19.06122 -2.659653 0.481297 0.112899 3.50899 3.115246 3.420587
-0.056969 -50.93521 19.06122 -2.993436 -2.014026 -0.12607 2.280204 0.847756 0.166197
17.94303 -52.93521 19.06122 -1.034142 5.555914 -0.080287 3.406027 -2.653472 -3.025688
15.94303 -52.93521 19.06122 0.266851 4.776115 1.873477 4.216354 -1.296652 -2.884209
11.94303 -52.93521 19.06122 -0.837853 4.339057 -0.260052 2.094599 -0.915075 -0.94631
9.943031 -52.93521 19.06122 -0.558112 0.272405 1.349764 1.356518 0.553026 0.047787
7.943031 -52.93521 19.06122 -5.649714 -11.46316 -0.369594 0.279741 2.748758 6.129455
1.943031 -52.93521 19.06122 -2.791708 -0.42842 -2.546619 -0.288204 -0.68468 -0.869631
-0.056969 -52.93521 19.06122 -2.078267 -0.929039 -0.781228 2.259356 -1.390468 -1.193306
19.94303 -54.93521 19.06122 -2.706892 -2.473786 -4.808796 -1.981055 -3.700733 -3.534912
17.94303 -54.93521 19.06122 -4.990759 -7.468437 -4.048021 -4.640606 -1.122478 -1.456891
15.94303 -54.93521 19.06122 -4.143313 -5.979884 -0.960673 -1.587459 0.236418 -0.519138
13.94303 -54.93521 19.06122 0.340821 3.588536 0.855228 0.60056 -0.901292 -2.489658
11.94303 -54.93521 19.06122 -1.135654 1.500465 1.713345 2.600933 1.049775 0.635855
9.943031 -54.93521 19.06122 0.413472 -3.763278 5.977088 5.691447 5.220188 6.087615
1.943031 -54.93521 19.06122 -5.235619 -3.601383 -5.796972 -3.860931 -4.029397 -3.146399
-0.056969 -54.93521 19.06122 -1.131111 2.299824 -2.89649 0.409777 -1.955018 -1.566319
19.94303 -56.93521 19.06122 -4.412755 -11.54924 -7.824602 -7.133397 -1.243748 1.914206
17.94303 -56.93521 19.06122 -6.462306 -13.66116 -6.93585 -9.244657 -0.699992 1.440489
15.94303 -56.93521 19.06122 -9.439503 -16.07941 -8.283264 -10.06092 -2.783674 -1.137883
-0.056969 -56.93521 19.06122 -5.242157 -7.883428 -2.446829 -4.390659 -0.077715 0.151099
-2.056969 -56.93521 19.06122 -4.388847 -9.19077 -0.843603 -0.025141 2.437354 5.176007
-4.056969 -56.93521 19.06122 -0.674166 -1.287645 2.501271 3.326483 1.62262 2.549721
-2.056969 -58.93521 19.06122 -8.903193 -17.09407 -7.826767 -7.428128 -0.619064 4.667729
-4.056969 -58.93521 19.06122 -5.279653 -14.78065 -3.035036 -4.309338 2.117875 7.348777
13.94303 -28.93521 21.06122 0.570618 2.080295 3.244727 3.265182 2.300876 3.099583
11.94303 -28.93521 21.06122 -0.27732 0.263336 0.150139 1.02348 2.688983 3.314478
13.94303 -30.93521 21.06122 -0.344236 1.348486 0.463327 -0.623026 0.931708 0.774835
11.94303 -30.93521 21.06122 0.371438 1.733218 1.631124 2.342375 0.05573 0.522215
-8.056969 -30.93521 21.06122 -2.951546 -2.500626 0.795051 1.51435 1.757742 0.991621
15.94303 -32.93521 21.06122 0.433415 1.574379 -1.583787 -1.449069 0.204484 -0.098186
13.94303 -32.93521 21.06122 -0.563657 1.53757 -0.749565 -0.094284 -1.815322 -1.524114
11.94303 -32.93521 21.06122 -1.311047 -0.530257 1.535693 1.741534 -0.815994 -0.608313
-8.056969 -32.93521 21.06122 -0.593187 -0.622815 -1.113499 -3.087044 2.074373 1.877342
13.94303 -34.93521 21.06122 -0.81084 -0.756661 1.862792 2.79333 -0.413173 -1.358823
11.94303 -34.93521 21.06122 -0.881677 -2.121879 1.810819 0.681611 -0.321491 -2.989525
9.943031 -34.93521 21.06122 -0.87832 -4.132865 1.177069 -0.324127 2.308039 -0.167424
7.943031 -34.93521 21.06122 -0.36991 -2.568879 1.521487 1.158606 3.319238 3.003001
-2.056969 -34.93521 21.06122 2.127927 3.577546 0.239747 -0.848254 -1.087605 -0.525157
-4.056969 -34.93521 21.06122 0.025834 2.152391 1.471616 1.675826 -1.683174 0.105583
-6.056969 -34.93521 21.06122 -0.010649 1.352276 -1.150251 -1.647441 -5.516993 -4.685782
-8.056969 -34.93521 21.06122 2.112548 3.449903 0.769616 -1.118872 -1.754527 -0.883006
9.943031 -36.93521 21.06122 1.244439 1.554658 0.077576 0.759484 1.413724 1.856207
7.943031 -36.93521 21.06122 3.123626 2.922316 3.554989 4.17758 2.844519 2.974581
5.943031 -36.93521 21.06122 3.960595 0.517233 5.352552 6.340619 1.540502 1.323787
1.943031 -36.93521 21.06122 -2.473758 -2.908583 -2.971938 -2.862844 -4.950594 -3.514928
-0.056969 -36.93521 21.06122 0.931491 3.39698 0.401665 -1.924692 -2.63422 -3.509782
-2.056969 -36.93521 21.06122 0.853264 2.456197 0.181453 -0.819544 -1.829408 -2.60127
-4.056969 -36.93521 21.06122 -0.74495 0.580592 2.379467 0.226507 -1.932249 -2.197735
7.943031 -38.93521 21.06122 1.472308 3.127078 1.357821 2.990036 -0.276883 -0.265009
5.943031 -38.93521 21.06122 6.61096 7.150095 7.282636 10.35758 -1.786183 -0.653549
1.943031 -38.93521 21.06122 -2.972242 -2.222671 -1.493654 -0.896319 -6.97564 -7.013769
-0.056969 -38.93521 21.06122 -1.98625 0.515854 -0.316207 -0.149489 -3.35874 -3.878449
11.94303 -40.93521 21.06122 1.378761 3.222287 1.749698 2.502298 -1.220432 -0.838576
9.943031 -40.93521 21.06122 1.459203 4.303059 1.603848 3.48231 -0.215208 1.634248
7.943031 -40.93521 21.06122 1.175203 5.444732 2.079599 5.824787 -0.704461 2.303556
1.943031 -40.93521 21.06122 -2.817363 -2.154022 1.305199 2.002494 -7.186686 -9.361052
-0.056969 -40.93521 21.06122 -0.415201 4.336584 1.187204 4.463344 -2.060108 -1.092437
-2.056969 -40.93521 21.06122 0.471424 3.95454 2.003662 4.396078 -0.552544 -0.020746
-4.056969 -40.93521 21.06122 0.0247 2.01556 0.555778 0.586439 -0.529324 -0.312578
-6.056969 -40.93521 21.06122 -1.883178 -2.263249 -1.41384 -3.013884 -3.236078 -3.59016
11.94303 -42.93521 21.06122 1.807429 6.997251 4.022948 6.712016 0.779997 2.022022
7.943031 -42.93521 21.06122 4.515402 7.509652 6.352583 9.01568 0.498713 3.158363
-0.056969 -42.93521 21.06122 -0.297561 3.152367 1.945101 4.781067 -1.50633 -0.836416
-4.056969 -42.93521 21.06122 0.040112 3.748202 0.704471 2.643306 0.990393 1.488336
-6.056969 -42.93521 21.06122 -1.10673 0.368891 1.023657 0.312797 -2.119879 -3.041257
11.94303 -44.93521 21.06122 3.782876 9.102572 6.591753 8.650701 0.731003 1.099078
9.943031 -44.93521 21.06122 2.606369 7.952372 5.853406 9.239118 0.594032 1.643615
7.943031 -44.93521 21.06122 8.206933 13.86228 11.80275 16.38292 3.507514 5.622529
1.943031 -44.93521 21.06122 -0.329264 -0.887701 1.70415 4.14278 0.065089 -0.035697
-0.056969 -44.93521 21.06122 1.362861 5.732257 2.936448 7.566452 -0.906738 1.028636
-4.056969 -44.93521 21.06122 1.188828 4.685983 0.572277 1.373263 0.190581 -0.22589
-6.056969 -44.93521 21.06122 0.942163 2.917683 2.134638 1.615725 0.310745 -1.727359
11.94303 -46.93521 21.06122 1.10996 5.002873 4.237019 4.893152 1.468482 0.869233
9.943031 -46.93521 21.06122 2.591099 6.093196 4.355161 5.176867 0.293977 0.472882
7.943031 -46.93521 21.06122 7.751723 12.8578 13.28531 15.77599 2.94159 4.857873
1.943031 -46.93521 21.06122 -0.942162 -0.411362 -0.781786 0.353914 1.915607 3.144021
-0.056969 -46.93521 21.06122 0.661485 5.073347 4.560726 8.112135 -0.826058 1.944618
-2.056969 -46.93521 21.06122 0.046262 3.882989 4.470298 7.552495 -0.856748 0.143255
-4.056969 -46.93521 21.06122 0.367273 4.822799 3.843809 6.26047 -0.471614 -0.574962
11.94303 -48.93521 21.06122 2.49831 8.381396 6.595866 10.10141 4.87134 5.428901
9.943031 -48.93521 21.06122 1.14626 5.038034 3.300194 6.055676 1.4766 3.144907
7.943031 -48.93521 21.06122 5.097597 6.861231 11.54819 13.3183 4.704982 8.304998
1.943031 -48.93521 21.06122 -1.883607 -0.674434 3.325521 6.679442 2.278254 4.146475
-0.056969 -48.93521 21.06122 -1.439005 3.466307 6.827029 10.11001 0.85516 3.506867
-2.056969 -48.93521 21.06122 -0.926155 3.186806 5.942616 6.619384 -0.246485 0.468982
11.94303 -50.93521 21.06122 3.541469 10.71596 4.747057 8.308627 5.508054 5.143685
9.943031 -50.93521 21.06122 1.494185 6.942273 -0.460326 2.35066 2.358195 2.614072
7.943031 -50.93521 21.06122 5.380887 3.856803 5.409348 7.998025 7.216104 10.07948
1.943031 -50.93521 21.06122 -1.037442 2.603174 1.686846 5.644597 5.03356 6.90696
-0.056969 -50.93521 21.06122 -1.089701 -0.00806 3.122575 4.825507 1.24321 1.210764
13.94303 -52.93521 21.06122 0.296196 6.339438 0.633812 3.850478 1.607221 1.695131
11.94303 -52.93521 21.06122 -0.082771 5.664539 1.103007 2.484205 1.46792 0.783921
9.943031 -52.93521 21.06122 -0.953051 3.289592 -0.935039 -0.082895 1.822272 1.155823
7.943031 -52.93521 21.06122 1.637862 -2.591377 1.432955 3.597939 7.41419 8.76844
1.943031 -52.93521 21.06122 -3.282641 0.41219 -1.97528 2.177335 -0.110513 1.662842
-0.056969 -52.93521 21.06122 -2.169512 -0.690502 1.062651 5.184993 -0.59225 0.538749
-2.056969 -52.93521 21.06122 0.162872 1.661576 2.190302 2.516386 3.322593 2.695778
15.94303 -54.93521 21.06122 -1.332683 1.020888 1.076499 4.373709 1.448783 2.25051
13.94303 -54.93521 21.06122 -1.201774 2.44475 0.963158 3.442946 0.857555 1.066392
11.94303 -54.93521 21.06122 -1.537404 0.878407 2.542046 3.37256 1.296442 1.65168
9.943031 -54.93521 21.06122 -1.013309 -0.929617 2.395951 4.077556 3.71438 4.83492
1.943031 -54.93521 21.06122 -6.383147 -3.534561 -4.023421 0.060185 -4.120219 -1.924033
-0.056969 -54.93521 21.06122 -2.645313 0.507797 0.088628 4.253867 -0.631204 1.488297
-2.056969 -54.93521 21.06122 2.769209 6.305077 6.910839 9.220245 4.275505 3.927459
19.94303 -56.93521 21.06122 -4.114429 -7.729357 -7.251108 -4.371783 -3.281336 -1.771101
17.94303 -56.93521 21.06122 -1.538728 -2.159759 -0.611292 0.681687 -1.015561 0.20982
15.94303 -56.93521 21.06122 -4.986836 -4.6774 -2.492224 1.509567 -2.336654 0.745931
13.94303 -56.93521 21.06122 -5.109049 -5.129054 -0.568651 0.666945 -2.267425 -1.032701
-0.056969 -56.93521 21.06122 -4.914226 -3.150783 -0.856479 1.259049 -1.036552 -0.249083
-2.056969 -56.93521 21.06122 -3.29789 -3.495357 1.303102 2.67224 0.297704 1.255086
19.94303 -58.93521 21.06122 -4.22826 -12.28191 -4.286649 -4.465893 -2.414037 0.591032
17.94303 -58.93521 21.06122 -2.870637 -4.264041 -1.678035 1.697599 -1.319326 3.398313
13.94303 -30.93521 23.06122 -0.953833 1.349519 2.221256 3.403292 1.900616 1.7077
11.94303 -30.93521 23.06122 1.6584 3.394495 1.822486 4.08867 3.657359 4.599096
15.94303 -32.93521 23.06122 -0.460436 1.976398 2.45546 5.100914 0.222184 -0.095477
13.94303 -32.93521 23.06122 -0.578577 1.68495 2.967766 4.988395 1.281034 0.685812
11.94303 -32.93521 23.06122 0.69794 2.048444 2.130705 3.005891 1.342068 1.242751
9.943031 -32.93521 23.06122 -0.59466 -2.347855 2.103789 3.241992 3.815612 3.210945
-6.056969 -32.93521 23.06122 2.333905 2.244892 4.006049 4.777356 2.419251 1.854275
-8.056969 -32.93521 23.06122 2.122486 3.570981 2.426003 2.597179 2.388348 2.015792
15.94303 -34.93521 23.06122 1.465075 3.591711 2.208584 3.60618 2.637499 1.872511
13.94303 -34.93521 23.06122 0.384893 2.881513 4.1183 5.291733 4.143881 2.926176
11.94303 -34.93521 23.06122 0.425771 2.082957 3.333929 2.58904 1.880027 -0.319913
-6.056969 -34.93521 23.06122 0.533806 2.194162 3.520886 5.63129 -2.629003 -1.746776
-8.056969 -34.93521 23.06122 2.294458 3.076301 4.190622 3.908366 -2.450435 -1.884579
13.94303 -36.93521 23.06122 0.144141 2.610916 0.022639 3.223136 1.707468 2.762828
11.94303 -36.93521 23.06122 0.749499 3.515907 2.555407 4.259899 2.056578 1.130557
9.943031 -36.93521 23.06122 1.303928 5.65583 2.971945 3.92893 5.100701 3.732924
7.943031 -36.93521 23.06122 1.450768 6.19594 2.945877 5.040573 2.237845 1.758046
-0.056969 -36.93521 23.06122 0.905019 4.437908 2.761138 2.010811 0.507 -1.583241
-2.056969 -36.93521 23.06122 1.597485 3.209208 1.050095 -0.032756 0.043531 -0.985914
-4.056969 -36.93521 23.06122 0.67175 1.139823 1.534169 -0.053355 -4.5494 -5.251806
-6.056969 -36.93521 23.06122 0.46422 2.140649 2.109837 2.551447 -3.975161 -4.804583
11.94303 -38.93521 23.06122 0.831234 1.535985 1.924864 2.344085 0.660492 -0.004922
9.943031 -38.93521 23.06122 -0.85761 1.229586 4.585954 5.772955 2.495368 1.966592
7.943031 -38.93521 23.06122 0.319173 3.790657 4.65564 6.620491 1.001323 -0.091127
5.943031 -38.93521 23.06122 3.169967 3.41291 4.639987 4.794544 1.306932 -0.185448
1.943031 -38.93521 23.06122 -3.181187 -3.301556 -0.656769 -1.061748 -2.135882 -3.085592
-0.056969 -38.93521 23.06122 -3.469237 -2.931144 -2.204304 -4.316267 -4.224808 -5.65183
7.943031 -40.93521 23.06122 1.535244 6.749914 4.664644 7.738998 -0.230575 1.396063
5.943031 -40.93521 23.06122 2.559214 5.662778 5.074677 6.322612 1.825907 1.606963
1.943031 -40.93521 23.06122 -2.032782 -2.839389 -0.459492 -2.072249 -1.459536 -7.088135
11.94303 -42.93521 23.06122 2.49577 8.427079 0.973339 3.180776 1.008648 2.360291
9.943031 -42.93521 23.06122 1.866836 8.63284 0.148801 3.594728 -0.931634 2.356469
7.943031 -42.93521 23.06122 1.299264 6.010721 2.12955 4.874224 -0.370002 2.130827
5.943031 -42.93521 23.06122 3.001223 7.460177 3.40031 4.880597 1.077968 2.49063
1.943031 -42.93521 23.06122 -3.823284 -6.627972 -0.172956 0.088503 -2.022804 -4.524169
-0.056969 -42.93521 23.06122 -2.093685 -0.548423 -0.684071 2.230831 -1.964181 -1.743132
-2.056969 -42.93521 23.06122 -1.855551 1.029548 -1.696853 1.073929 -0.998997 0.188788
-4.056969 -42.93521 23.06122 -1.49749 0.34803 -1.74299 -1.206456 -1.069378 -1.754598
-6.056969 -42.93521 23.06122 -1.623461 0.961953 -1.234002 -0.626631 -2.374236 -3.896668
11.94303 -44.93521 23.06122 2.205618 6.149216 2.094723 3.841411 -0.918694 -0.533014
7.943031 -44.93521 23.06122 1.420424 6.478849 0.340719 2.950344 -1.867111 -0.677849
-0.056969 -44.93521 23.06122 -2.00872 1.035498 -0.041071 3.169608 0.632713 0.907355
-2.056969 -44.93521 23.06122 -2.013776 1.642003 -1.521281 0.43824 -1.67959 -0.702698
-4.056969 -44.93521 23.06122 -1.585543 0.316287 -2.304521 -2.76851 -2.367961 -2.953187
-6.056969 -44.93521 23.06122 -1.770426 0.889877 -0.844213 -0.807382 -2.217209 -3.150835
11.94303 -46.93521 23.06122 5.025597 7.195203 3.101667 3.734618 -1.866903 -1.162671
-4.056969 -46.93521 23.06122 -0.843696 0.438613 -0.621147 0.683129 -3.308801 -1.831753
-6.056969 -46.93521 23.06122 -0.661738 -0.18905 0.768921 2.042267 -1.274771 -0.503899
13.94303 -48.93521 23.06122 4.747879 7.994015 2.899472 3.639265 1.966189 0.199771
11.94303 -48.93521 23.06122 7.521622 11.29241 7.910063 9.356937 2.659565 2.058532
1.943031 -48.93521 23.06122 0.485521 1.166962 -1.64245 0.694917 -0.761315 2.845246
-0.056969 -48.93521 23.06122 -0.191588 1.288901 -0.249215 1.168934 -4.767145 -1.965376
-2.056969 -48.93521 23.06122 0.292679 2.736958 -0.112089 0.118412 -3.610146 -2.307347
-4.056969 -48.93521 23.06122 -1.080337 0.580303 -1.667849 -0.084193 -2.089869 -0.026442
13.94303 -50.93521 23.06122 5.350224 8.446884 4.034654 4.687272 2.235581 -0.873179
11.94303 -50.93521 23.06122 8.468424 12.07597 10.54667 10.65084 4.632969 2.818882
9.943031 -50.93521 23.06122 10.15867 17.24291 13.26004 15.88354 8.031719 9.097332
3.943031 -50.93521 23.06122 4.78147 10.33625 -3.911553 3.861217 6.470305 10.45389
1.943031 -50.93521 23.06122 2.819445 7.660443 -0.361956 2.356881 3.686696 5.731509
15.94303 -52.93521 23.06122 2.000189 7.482167 1.595106 4.81407 -1.16534 -2.582642
13.94303 -52.93521 23.06122 3.014551 5.800781 3.959288 4.457328 -0.112714 -2.616629
11.94303 -52.93521 23.06122 4.33499 7.250586 7.753498 6.083504 2.295197 0.043416
1.943031 -52.93521 23.06122 3.738513 8.578752 3.358317 5.585313 3.703603 3.998605
-0.056969 -52.93521 23.06122 2.390789 3.371646 2.975382 4.486577 0.465129 0.293301
15.94303 -54.93521 23.06122 0.317279 3.898333 1.768972 6.098903 -1.288779 -0.473025
13.94303 -54.93521 23.06122 1.476536 3.613863 4.794474 6.382532 -0.509644 -1.411337
11.94303 -54.93521 23.06122 1.199866 3.20283 5.284579 5.882593 1.596776 1.215333
1.943031 -54.93521 23.06122 2.890319 10.47824 7.170206 10.97585 2.622509 3.593553
-0.056969 -54.93521 23.06122 2.804456 6.412534 6.422979 9.033215 3.079041 4.347096
-2.056969 -54.93521 23.06122 4.736805 7.872409 7.917532 8.147664 2.802392 2.224078
17.94303 -56.93521 23.06122 4.608874 9.358948 6.766183 8.126653 2.070441 1.83138
15.94303 -56.93521 23.06122 0.64233 3.485954 4.111092 7.785344 0.187886 1.961623
13.94303 -56.93521 23.06122 -0.019808 2.060798 3.496036 5.895486 -0.069188 0.882365
11.94303 -56.93521 23.06122 -0.499156 1.367786 1.718248 4.03045 0.505172 2.310059
-0.056969 -56.93521 23.06122 0.923685 5.452511 4.470353 7.152863 2.066634 2.203669
-2.056969 -56.93521 23.06122 3.304753 6.846292 5.290259 7.467687 1.259535 1.838665
19.94303 -58.93521 23.06122 -0.768073 -1.94143 3.074841 4.031517 3.090968 4.841988
17.94303 -58.93521 23.06122 0.406953 2.466741 4.613426 7.237172 2.243012 3.287939
15.94303 -58.93521 23.06122 -1.8102 -3.034461 1.666572 4.131087 -0.388005 1.305426
15.94303 -32.93521 25.06122 0.395316 0.286384 2.851378 4.872772 2.051565 1.529137
13.94303 -32.93521 25.06122 -0.447932 -1.675636 1.80242 3.398016 2.495478 3.019652
11.94303 -32.93521 25.06122 -1.27661 -1.480348 -1.039513 0.212501 0.862692 0.637384
-6.056969 -32.93521 25.06122 0.469831 2.258995 3.217078 4.005822 3.204502 1.455628
-8.056969 -32.93521 25.06122 1.636074 4.504586 3.136885 4.337243 3.384879 1.830094
15.94303 -34.93521 25.06122 2.264599 1.460515 2.329905 1.775707 2.557881 1.261918
13.94303 -34.93521 25.06122 1.752488 0.538229 4.921436 4.762034 3.069613 2.322367
11.94303 -34.93521 25.06122 0.747028 1.301511 3.911195 5.030769 2.36969 0.701518
-6.056969 -34.93521 25.06122 0.853412 1.861654 5.560304 9.653946 1.002328 0.774404
-8.056969 -34.93521 25.06122 1.240547 1.701753 3.52112 6.264089 0.762238 0.85141
-10.05697 -34.93521 25.06122 1.198495 1.683638 2.535495 2.981547 3.252 2.267553
15.94303 -36.93521 25.06122 0.002345 1.815457 0.467176 3.337068 1.776638 2.751403
13.94303 -36.93521 25.06122 0.70759 0.237677 1.991396 3.334595 2.345434 2.383543
-4.056969 -36.93521 25.06122 1.723919 5.397336 2.796062 6.867855 0.187126 2.515555
-6.056969 -36.93521 25.06122 2.352067 1.96319 4.532671 8.569499 1.072659 0.988995
-8.056969 -36.93521 25.06122 3.533217 3.171966 2.495755 5.046275 -0.61483 -0.386221
-10.05697 -36.93521 25.06122 2.8984 3.104028 3.448346 4.34278 0.346089 -1.439924
15.94303 -38.93521 25.06122 0.052007 2.250724 2.588433 3.847477 0.632692 -0.715136
13.94303 -38.93521 25.06122 2.188611 4.174214 3.887114 4.388321 3.141745 1.561719
11.94303 -38.93521 25.06122 0.801107 -0.456563 2.658289 2.562644 1.468263 -0.293805
7.943031 -38.93521 25.06122 1.694811 2.946998 5.163103 6.284303 4.721157 1.933998
-0.056969 -38.93521 25.06122 -0.434129 2.818383 2.720795 4.115859 -1.226747 -0.35988
-2.056969 -38.93521 25.06122 0.920581 5.308489 5.160416 8.94679 -0.69357 1.861691
-4.056969 -38.93521 25.06122 -0.4282 3.673108 0.035121 3.142466 -2.701216 -1.322833
-6.056969 -38.93521 25.06122 1.414416 3.221616 1.684756 3.707312 -0.784985 -0.480808
-8.056969 -38.93521 25.06122 1.338572 2.338785 0.732996 3.404337 -1.616053 -1.352655
11.94303 -40.93521 25.06122 0.755602 -0.495323 1.920508 -0.516852 2.665976 1.384834
9.943031 -40.93521 25.06122 2.216572 3.706071 2.376565 1.386799 1.302161 0.02812
7.943031 -40.93521 25.06122 1.734108 4.771935 2.9453 4.461075 1.799209 0.118565
5.943031 -40.93521 25.06122 1.991815 5.299338 5.557771 6.717626 2.684821 1.778304
1.943031 -40.93521 25.06122 -4.267635 -1.978246 -0.161862 1.295861 0.226305 -1.698951
-0.056969 -40.93521 25.06122 1.089703 5.477128 2.833208 5.786228 0.446676 -0.694984
-2.056969 -40.93521 25.06122 0.869605 4.437922 2.903711 6.528894 -0.586506 -0.189356
5.943031 -42.93521 25.06122 3.129389 9.66215 6.891647 9.567032 3.821962 4.72706
7.943031 -44.93521 25.06122 1.002719 6.238431 1.779746 5.167708 -0.502845 0.770855
5.943031 -44.93521 25.06122 2.799232 7.224832 4.69627 6.93966 0.666288 1.750541
1.943031 -44.93521 25.06122 -4.498798 -10.53864 2.015686 2.337955 4.536956 3.495373
-0.056969 -44.93521 25.06122 -3.030966 -5.399475 1.214443 1.659954 2.404083 0.63283
-2.056969 -44.93521 25.06122 -0.248359 2.023297 -1.931988 -1.684685 -0.433389 -1.261389
-4.056969 -44.93521 25.06122 0.815841 2.393712 -2.065542 -3.410395 -0.861821 -2.619655
-6.056969 -44.93521 25.06122 1.961224 4.361786 1.130668 0.121092 -0.784336 -2.444888
11.94303 -46.93521 25.06122 5.443504 12.04908 3.438841 5.119305 2.293898 3.78241
9.943031 -46.93521 25.06122 4.475513 10.83594 2.335335 4.978306 2.188557 4.334375
7.943031 -46.93521 25.06122 2.349816 5.295833 1.215207 1.888994 -0.778954 -0.949037
5.943031 -46.93521 25.06122 0.875022 4.143807 2.938626 4.08332 -2.086594 -2.871422
-4.056969 -46.93521 25.06122 3.220335 5.328514 -0.882577 -0.80299 -1.482864 0.189161
-6.056969 -46.93521 25.06122 2.838035 3.890136 1.019042 -0.020253 0.048437 0.924626
13.94303 -48.93521 25.06122 3.411252 6.631012 0.491056 1.35456 0.524125 -1.240512
11.94303 -48.93521 25.06122 4.10703 7.740891 1.498572 1.862377 0.874791 -1.111073
9.943031 -48.93521 25.06122 3.681509 7.956431 2.977671 3.753673 3.590521 1.488682
7.943031 -48.93521 25.06122 2.879004 6.670356 1.548999 2.360731 0.439192 -0.89122
5.943031 -48.93521 25.06122 2.674927 7.99876 5.242363 6.08959 1.102835 0.158651
1.943031 -48.93521 25.06122 0.579406 2.105772 -1.042655 0.808892 -3.278643 -1.039628
-0.056969 -48.93521 25.06122 0.037548 3.290214 -1.27111 1.936952 -3.697995 -0.672951
-2.056969 -48.93521 25.06122 1.330211 4.282372 -1.149866 0.68478 -2.81881 -1.394613
-4.056969 -48.93521 25.06122 0.740979 2.09389 -0.403497 0.5817 -1.063084 0.223321
13.94303 -50.93521 25.06122 4.407851 6.83987 4.410148 4.181048 0.381579 -3.014361
9.943031 -50.93521 25.06122 2.770655 7.356215 3.052541 3.163629 1.071582 -1.473639
7.943031 -50.93521 25.06122 3.893259 10.32041 3.942097 8.077211 0.175991 0.754983
3.943031 -50.93521 25.06122 3.052793 9.809047 -0.39509 5.733714 2.760352 5.249963
1.943031 -50.93521 25.06122 1.14576 5.890502 -0.114163 4.138042 0.599962 2.22848
13.94303 -52.93521 25.06122 3.392459 7.253505 4.300648 5.00847 -0.939668 -3.30879
11.94303 -52.93521 25.06122 2.998202 6.208733 2.209449 2.352808 -3.248552 -5.590822
9.943031 -52.93521 25.06122 3.051933 8.143925 4.409692 5.94678 1.054687 -0.350519
7.943031 -52.93521 25.06122 6.173068 12.92995 5.896669 12.46394 -0.121677 0.702895
3.943031 -52.93521 25.06122 2.336558 9.1799 -4.349553 1.703676 -1.047767 2.560407
1.943031 -52.93521 25.06122 3.495935 7.697926 2.513063 4.933927 0.866135 0.964275
13.94303 -54.93521 25.06122 1.986058 6.83773 4.230174 6.696473 -2.513932 -2.208835
11.94303 -54.93521 25.06122 2.028355 7.284088 2.741421 5.873 -2.097353 -1.599502
9.943031 -54.93521 25.06122 5.282884 12.8217 6.071763 10.91974 0.271513 0.600791
1.943031 -54.93521 25.06122 6.747145 13.79608 6.403343 7.277537 0.622228 -1.183359
-0.056969 -54.93521 25.06122 5.826402 9.697007 5.866254 6.690182 0.128503 -0.848767
-2.056969 -54.93521 25.06122 5.840733 11.5715 6.622285 8.580202 0.690789 0.05904
17.94303 -56.93521 25.06122 4.828675 7.856617 4.271238 5.081831 -0.713231 -1.356437
15.94303 -56.93521 25.06122 1.826222 4.63449 3.472012 5.810822 -1.521641 -0.581383
13.94303 -56.93521 25.06122 1.471454 4.335185 2.838823 5.127065 -1.270832 0.298686
11.94303 -56.93521 25.06122 1.694276 5.38209 1.539608 5.21286 -0.215155 1.547532
9.943031 -56.93521 25.06122 4.781667 9.782571 4.101045 8.92084 0.458643 2.022
-0.056969 -56.93521 25.06122 2.945463 7.347286 5.275326 6.65283 2.195565 2.154392
17.94303 -58.93521 25.06122 0.218619 1.402952 2.912395 4.107485 -0.255167 0.106343
15.94303 -58.93521 25.06122 1.7045 3.182155 4.482843 5.632376 0.161995 0.411206
-8.056969 -32.93521 27.06122 0.239483 1.799225 1.389527 0.881699 2.944414 1.104914
-10.05697 -32.93521 27.06122 1.635941 2.596191 0.685703 -1.051722 3.538837 2.370299
15.94303 -34.93521 27.06122 1.324415 -0.570918 -1.235948 -2.112433 0.938947 -0.481374
13.94303 -34.93521 27.06122 0.169078 -1.38847 0.938109 -0.218664 1.75616 0.09255
-10.05697 -34.93521 27.06122 1.539533 3.839714 1.738214 1.617726 2.792033 1.090541
17.94303 -36.93521 27.06122 -1.562233 -1.644469 0.186205 1.408572 0.695888 0.19655
13.94303 -36.93521 27.06122 -0.187721 -0.359975 1.67157 0.896627 1.812391 -0.088582
-10.05697 -36.93521 27.06122 4.325188 5.46588 5.039907 5.00883 4.548829 1.818099
17.94303 -38.93521 27.06122 0.897676 1.784658 1.512647 2.453659 3.632443 2.918125
15.94303 -38.93521 27.06122 1.39388 4.098551 1.534735 2.913361 0.733242 -0.056351
13.94303 -38.93521 27.06122 0.351764 1.127602 1.285397 1.329416 0.318446 -1.410422
-4.056969 -38.93521 27.06122 -0.782259 0.047044 2.09538 3.775344 1.28718 1.107137
-6.056969 -38.93521 27.06122 1.820002 3.552514 3.340946 5.752912 1.219788 1.661578
-8.056969 -38.93521 27.06122 1.542146 2.174138 1.862568 3.029477 1.624027 1.342853
-10.05697 -38.93521 27.06122 1.05966 -0.318352 1.842942 2.865596 3.165477 2.620826
15.94303 -40.93521 27.06122 0.763125 -2.213694 0.462498 1.967542 1.784155 2.350172
13.94303 -40.93521 27.06122 -1.071346 -3.733206 0.335504 0.04984 0.89229 -0.2331
11.94303 -40.93521 27.06122 0.895323 -0.33993 3.323441 1.874497 1.263813 -0.053113
7.943031 -40.93521 27.06122 2.323886 4.034435 4.688391 4.403411 5.216746 3.923836
-2.056969 -40.93521 27.06122 0.725118 -0.145427 0.077549 0.782108 -1.094947 -3.591589
-4.056969 -40.93521 27.06122 -0.901607 -0.735134 -3.266456 -2.017036 -3.458455 -4.958097
-6.056969 -40.93521 27.06122 0.236713 -0.366754 -1.237283 -0.581902 -1.08565 -2.532107
-8.056969 -40.93521 27.06122 0.43249 -0.165437 0.055464 0.37763 1.181533 0.150149
13.94303 -42.93521 27.06122 1.273974 2.683864 1.000252 3.232605 -0.912594 -0.717802
11.94303 -42.93521 27.06122 1.681263 3.996862 2.119474 3.001817 0.359408 -0.064618
9.943031 -42.93521 27.06122 2.541708 6.466755 4.859416 6.073905 1.529553 2.179953
7.943031 -42.93521 27.06122 3.296301 6.436487 7.148826 8.774667 3.069563 3.390253
5.943031 -42.93521 27.06122 5.962544 9.554193 10.7003 14.30371 5.286345 7.181394
-0.056969 -42.93521 27.06122 -4.946635 -11.70259 2.216722 3.215691 3.392518 -1.525272
-2.056969 -42.93521 27.06122 0.963328 1.892107 -1.251948 -0.264611 -2.027898 -5.451597
-4.056969 -42.93521 27.06122 0.455806 1.856446 -2.606652 -0.789614 -3.842339 -5.427294
13.94303 -44.93521 27.06122 3.090619 6.029755 1.74366 3.409696 -0.433633 -2.133374
11.94303 -44.93521 27.06122 4.536084 10.35677 3.796708 5.833122 0.094526 -2.724575
9.943031 -44.93521 27.06122 4.305098 8.368398 4.500628 7.001052 -0.569004 -1.652472
7.943031 -44.93521 27.06122 4.477535 4.251923 5.611801 7.695015 0.456194 0.159617
5.943031 -44.93521 27.06122 5.845864 5.571338 8.235094 10.80011 2.781007 3.472515
-0.056969 -44.93521 27.06122 -1.07955 -7.666231 4.204781 2.03891 2.854747 -3.091461
-4.056969 -44.93521 27.06122 3.232979 8.61307 -0.20806 1.562826 -3.368329 -5.277532
-6.056969 -44.93521 27.06122 2.756944 8.115839 1.886416 3.715083 -3.184725 -4.462461
5.943031 -46.93521 27.06122 2.704833 1.475992 5.761476 7.340176 2.729322 2.68213
-4.056969 -46.93521 27.06122 3.75953 8.377721 0.07431 0.139508 -3.340045 -5.981822
-6.056969 -46.93521 27.06122 3.79791 8.196314 2.102324 1.185818 -0.70718 -3.163664
7.943031 -48.93521 27.06122 4.482423 8.038224 3.850664 4.662598 2.996895 1.69141
5.943031 -48.93521 27.06122 2.375464 3.083878 5.521869 5.086302 2.325737 1.578924
-0.056969 -48.93521 27.06122 -0.779963 1.432065 -0.924861 1.019786 -1.306975 -1.341962
-2.056969 -48.93521 27.06122 1.354351 4.651556 0.822241 1.045219 0.040678 -1.821199
-4.056969 -48.93521 27.06122 2.024668 4.214259 1.263973 0.513546 -0.713566 -2.191352
7.943031 -50.93521 27.06122 3.443305 8.887106 1.813204 4.061856 -1.225875 -1.815624
5.943031 -50.93521 27.06122 4.149383 6.725064 6.554482 6.161857 1.83336 0.091386
1.943031 -50.93521 27.06122 0.590434 6.749506 -1.133705 2.443336 -1.386014 -0.338274
-0.056969 -50.93521 27.06122 -0.38677 4.075669 0.257481 1.898989 -1.246099 -2.112035
7.943031 -52.93521 27.06122 3.030327 8.606626 1.591928 5.341592 -2.188302 -2.568799
5.943031 -52.93521 27.06122 4.479038 10.4148 3.020211 4.747035 -1.344659 -1.438781
3.943031 -52.93521 27.06122 2.05211 10.25621 -3.661919 -0.788318 -1.784853 0.258348
1.943031 -52.93521 27.06122 1.6889 6.711227 -0.025323 1.108117 -1.646655 -1.826212
-2.056969 -52.93521 27.06122 -0.079917 3.282283 1.362338 3.132391 -0.772402 -1.583742
9.943031 -54.93521 27.06122 3.709971 9.262673 4.612847 8.236069 0.715353 0.198518
7.943031 -54.93521 27.06122 4.255448 8.533203 6.006843 10.99517 -0.351948 -0.019226
1.943031 -54.93521 27.06122 2.957469 9.474039 2.851801 3.102391 -1.98269 -3.979555
-0.056969 -54.93521 27.06122 1.851265 6.672078 2.730726 3.603599 -1.231072 -2.171901
-2.056969 -54.93521 27.06122 2.404987 8.109072 4.867312 6.129569 0.337397 -0.685707
13.94303 -56.93521 27.06122 0.677052 4.510001 -1.032234 1.586244 -3.328231 -2.834792
11.94303 -56.93521 27.06122 1.389483 5.836079 -0.279109 3.641969 -0.522847 -0.051991
9.943031 -56.93521 27.06122 4.301444 9.373839 3.811046 7.887703 0.704258 1.04941
7.943031 -56.93521 27.06122 3.712327 6.850368 7.542052 12.24906 0.351543 1.799897
11.94303 -58.93521 27.06122 -0.654572 0.591962 -3.059182 0.046091 -2.833157 -1.773708
15.94303 -34.93521 29.06122 -1.122353 -1.09997 -1.888122 -1.340298 1.357359 0.66547
17.94303 -36.93521 29.06122 -1.10572 1.347243 1.799053 1.596794 0.127632 -1.360911
15.94303 -36.93521 29.06122 -1.179799 1.67841 2.284118 1.624828 0.812894 -1.156084
13.94303 -36.93521 29.06122 -0.700254 2.350463 2.876738 1.872862 2.114923 0.470981
-10.05697 -36.93521 29.06122 0.722699 2.562153 2.927097 1.979825 2.973713 0.211917
-12.05697 -36.93521 29.06122 0.453649 1.419118 2.215109 0.626804 2.680083 0.058566
17.94303 -38.93521 29.06122 0.597822 2.211205 1.043143 0.70032 1.292766 -0.562695
13.94303 -38.93521 29.06122 -1.057612 0.641625 -0.919618 -0.618865 0.408177 0.303667
11.94303 -38.93521 29.06122 -0.306268 0.571262 1.624773 3.047521 1.026318 1.066423
-6.056969 -38.93521 29.06122 -1.396967 -1.152841 1.169109 0.489937 -0.856541 -2.610638
-8.056969 -38.93521 29.06122 -1.738983 -2.038422 0.768709 -1.406493 -0.160466 -2.969342
-10.05697 -38.93521 29.06122 -1.417933 -2.240877 -0.151149 -1.061809 0.403614 -1.48636
15.94303 -40.93521 29.06122 1.321747 1.608771 0.838572 1.005502 0.220892 -0.917147
-0.056969 -40.93521 29.06122 -0.182579 0.185355 1.307874 3.704881 -0.230987 -3.156941
-2.056969 -40.93521 29.06122 0.741494 -0.16409 -0.024498 -0.103629 0.255506 -3.288991
-4.056969 -40.93521 29.06122 -0.250259 0.648745 -0.940203 -1.505983 -1.418363 -5.05715
-6.056969 -40.93521 29.06122 -0.870695 -0.790088 -0.165241 -0.655651 -1.522563 -4.545869
15.94303 -42.93521 29.06122 3.421188 7.61163 4.839881 8.119637 2.730191 3.754602
13.94303 -42.93521 29.06122 2.845574 9.067029 4.436667 8.457129 4.142076 4.768906
1.943031 -42.93521 29.06122 -3.198211 -7.086312 0.822243 -0.898026 18.8218 12.78248
-0.056969 -42.93521 29.06122 -1.995231 -6.627666 1.239557 -0.342667 9.701064 3.280373
-2.056969 -42.93521 29.06122 1.028827 -0.14988 0.14227 -0.611718 -0.66505 -4.734428
-4.056969 -42.93521 29.06122 1.085623 2.860559 0.82927 1.441081 -0.614088 -2.822741
13.94303 -44.93521 29.06122 1.807484 5.195217 0.376365 5.576458 1.644282 1.218478
7.943031 -44.93521 29.06122 7.17184 8.612074 7.429691 9.423325 8.484216 8.277852
1.943031 -44.93521 29.06122 0.32285 -5.03521 0.336372 -2.723825 10.30073 7.6632
-0.056969 -44.93521 29.06122 0.321316 -4.212983 2.197279 -0.985766 6.774381 2.46309
-2.056969 -44.93521 29.06122 2.009951 2.33952 3.159204 2.631961 2.658033 0.067568
-4.056969 -44.93521 29.06122 2.885215 7.538754 3.668157 4.536352 2.294842 1.217619
11.94303 -46.93521 29.06122 5.457538 7.851695 3.202234 10.51667 3.460596 2.558716
9.943031 -46.93521 29.06122 8.081589 8.928907 6.496891 10.40043 6.574772 5.824502
7.943031 -46.93521 29.06122 7.50027 6.54625 5.765669 7.358605 10.62213 9.416533
1.943031 -46.93521 29.06122 3.454829 2.155309 0.951018 1.880764 1.130058 0.655777
-0.056969 -46.93521 29.06122 3.172065 1.282516 2.981623 2.164852 2.823421 0.657169
-4.056969 -46.93521 29.06122 2.821865 6.244008 4.584181 4.465994 3.905622 0.801643
-6.056969 -46.93521 29.06122 1.801366 5.097168 2.986035 2.635544 3.002851 0.2009
9.943031 -48.93521 29.06122 8.54231 9.871478 7.531085 12.62696 6.588734 7.941559
7.943031 -48.93521 29.06122 7.243352 6.977419 5.382307 4.532088 10.70389 8.376727
5.943031 -48.93521 29.06122 4.696818 3.260219 4.74591 3.890485 5.965747 4.551035
-2.056969 -48.93521 29.06122 1.404879 2.951589 4.377139 4.805667 4.247911 2.259983
-4.056969 -48.93521 29.06122 2.001513 1.880634 4.005828 4.021224 3.231551 0.813761
7.943031 -50.93521 29.06122 4.908631 6.508857 4.699871 5.913937 4.835124 3.685912
5.943031 -50.93521 29.06122 3.702465 1.260987 5.553738 4.386564 7.967893 4.829439
1.943031 -50.93521 29.06122 1.314476 10.13799 0.522553 6.382203 -0.499895 1.333048
-0.056969 -50.93521 29.06122 0.815108 5.694082 2.375659 5.356966 0.521857 1.296305
-2.056969 -50.93521 29.06122 0.283995 4.515821 2.52577 3.768876 0.685124 -0.180167
7.943031 -52.93521 29.06122 2.51332 3.250805 4.566282 7.110132 2.35992 2.659988
1.943031 -52.93521 29.06122 1.695692 5.926559 1.153173 1.951438 0.695455 0.256301
7.943031 -54.93521 29.06122 4.39045 3.34901 7.990985 11.80171 2.817934 3.658986
1.943031 -54.93521 29.06122 2.295288 4.711527 2.33185 1.874309 -0.653681 -2.950874
-0.056969 -54.93521 29.06122 1.222214 2.262737 1.356912 1.831838 0.376082 -0.875097
9.943031 -56.93521 29.06122 8.4408 14.37462 10.34236 15.0872 6.894968 7.156141
7.943031 -56.93521 29.06122 5.117369 4.834257 9.937189 11.76052 2.785152 2.011736
9.943031 -58.93521 29.06122 1.433525 -0.125471 3.220786 3.445497 3.58999 3.784957
17.94303 -36.93521 31.06122 0.484859 3.788397 1.213129 1.808255 1.341327 0.628444
15.94303 -36.93521 31.06122 0.950907 2.969778 2.227293 1.186752 2.690239 0.914609
13.94303 -36.93521 31.06122 1.380788 2.716723 2.309545 0.750517 2.631541 0.222963
-10.05697 -36.93521 31.06122 1.334417 3.189513 3.643063 3.32562 2.264346 0.250555
-12.05697 -36.93521 31.06122 0.286161 1.566634 4.097427 3.14984 1.044134 -0.180647
17.94303 -38.93521 31.06122 1.532765 2.82175 1.428723 0.827708 2.700815 0.392013
15.94303 -38.93521 31.06122 1.150368 1.309017 0.527692 -0.814483 2.16539 -0.201984
13.94303 -38.93521 31.06122 0.180089 0.795734 -0.542505 -0.58923 3.420006 1.522979
11.94303 -38.93521 31.06122 1.136619 4.996699 2.145174 4.647524 4.355628 2.703104
-6.056969 -38.93521 31.06122 1.31931 3.93874 3.149179 5.51287 2.600999 2.906499
-8.056969 -38.93521 31.06122 1.824786 3.128219 3.482648 5.427311 2.06302 0.686368
-10.05697 -38.93521 31.06122 0.048505 -0.706416 0.736567 0.182337 -0.386572 -1.990148
15.94303 -40.93521 31.06122 0.150678 0.833618 0.125777 -0.714892 0.96978 -1.215368
13.94303 -40.93521 31.06122 0.968659 3.135403 1.375442 0.183488 2.122174 -0.034463
11.94303 -40.93521 31.06122 3.354021 6.776485 5.716401 4.750934 3.985999 0.8675
-0.056969 -40.93521 31.06122 -1.441189 -5.027961 2.465526 0.300985 -1.620368 -4.983572
-2.056969 -40.93521 31.06122 3.075169 2.684114 3.886326 1.403667 2.638771 -1.306312
-4.056969 -40.93521 31.06122 1.760602 3.384345 3.530307 1.677575 2.146198 -1.795675
-6.056969 -40.93521 31.06122 -0.763805 0.397986 2.405278 1.998356 -0.228467 -3.224145
13.94303 -42.93521 31.06122 0.126168 2.955864 3.793525 2.690722 3.305285 2.020118
1.943031 -42.93521 31.06122 -0.68477 0.574663 -2.453834 -7.309604 15.75297 11.48282
-0.056969 -42.93521 31.06122 -0.062592 -2.346383 1.013898 -2.931063 8.372065 3.265738
-2.056969 -42.93521 31.06122 1.056547 -0.826077 2.859585 1.120232 0.645276 -2.927281
13.94303 -44.93521 31.06122 -2.109731 -0.115698 -1.231767 0.48228 2.085257 1.954007
1.943031 -44.93521 31.06122 0.51961 0.975837 -1.701672 -4.715333 5.046777 3.451467
-0.056969 -46.93521 31.06122 1.365063 1.311928 0.98376 0.695512 -0.256881 -1.65284
-2.056969 -46.93521 31.06122 1.321425 2.792729 2.880594 3.890188 3.413302 1.947304
-4.056969 -46.93521 31.06122 2.556331 2.679104 3.690363 2.91465 3.439633 0.873265
-0.056969 -50.93521 31.06122 0.013737 0.545722 -0.788027 -1.714085 -0.290095 -3.938328
9.943031 -56.93521 31.06122 11.04918 16.7748 9.462129 17.75089 5.453277 7.678347
15.94303 -36.93521 33.06122 2.783289 4.889723 3.406129 2.321771 4.919789 3.452031
13.94303 -36.93521 33.06122 2.482561 4.641288 3.086684 2.666807 3.379031 2.025829
15.94303 -38.93521 33.06122 2.199106 4.16768 2.251215 1.288118 3.96992 2.415497
13.94303 -38.93521 33.06122 1.407116 2.702967 3.537791 2.519387 4.016844 1.606166
-10.05697 -38.93521 33.06122 2.690297 3.684158 2.761604 1.958209 4.553618 3.770777
15.94303 -40.93521 33.06122 -0.058451 3.180831 -0.040786 -1.687121 0.350228 -1.621187
13.94303 -40.93521 33.06122 0.142566 2.061209 1.394136 -0.071862 -0.158544 -3.06345
-2.056969 -40.93521 33.06122 4.760539 8.962879 9.257791 10.11285 5.389515 3.871017
-4.056969 -40.93521 33.06122 3.045299 9.378822 7.504725 8.085422 4.39081 2.837835
13.94303 -42.93521 33.06122 0.720551 2.541422 3.265794 0.619353 0.523237 -3.16255
-0.056969 -42.93521 33.06122 6.236684 9.569787 11.33907 13.04685 11.80905 12.12696
-2.056969 -42.93521 33.06122 4.208614 7.197914 9.718777 11.16781 4.712992 3.419596
-4.056969 -42.93521 33.06122 1.808307 5.294254 5.712695 6.317357 1.465675 0.715101
1.943031 -44.93521 33.06122 8.333999 10.83185 7.801519 9.129283 11.52287 14.7383
-0.056969 -44.93521 33.06122 6.887541 9.338512 9.278291 9.955695 8.010772 9.273133
-2.056969 -44.93521 33.06122 5.3268 7.924347 9.098575 9.065444 2.866918 1.989519
-4.056969 -44.93521 33.06122 4.327333 7.457278 8.883037 8.045456 2.301005 0.279451
-0.056969 -46.93521 33.06122 6.831349 8.786886 8.831826 9.957698 5.486697 6.284353
-2.056969 -46.93521 33.06122 5.499056 9.081423 8.178914 9.422591 6.382189 6.546406
-4.056969 -46.93521 33.06122 3.562897 7.32303 4.992553 5.340242 3.603774 2.126546
15.94303 -38.93521 35.06122 0.649059 3.092494 2.679129 0.735562 3.197203 1.972905
13.94303 -38.93521 35.06122 0.238126 1.959722 4.167738 2.371043 1.734466 0.457101
13.94303 -40.93521 35.06122 0.177868 2.040049 4.818995 3.834866 0.463336 -1.324776
13.94303 -42.93521 35.06122 1.488497 4.458096 4.325063 3.613316 1.77325 -0.359941
13.94303 -38.93521 37.06122 -0.007133 0.607566 2.586673 2.179089 0.676364 0.868188
13.94303 -40.93521 37.06122 1.323936 1.141262 4.06811 2.884338 -0.220196 -1.918918
13.94303 -42.93521 37.06122 1.999587 1.875312 5.183441 3.888343 2.240609 0.310452
