-4.872887 -16.52558 15.93115 0.542743 -1.645428 0.203209 -2.481308 0.504128 -1.620656 0.922858 0.159582 1.571684 -2.032389 2.095807 -0.728167
-6.872887 -16.52558 15.93115 1.638519 -3.297202 -0.509184 -3.243405 0.039579 0.079966 -0.066596 -2.594369 0.980298 -2.307307 2.685881 -2.451795
-6.872887 -18.52558 15.93115 -0.489343 -3.339974 -0.921212 0.150022 -1.292771 0.582565 -0.300522 -2.648706 0.410439 -0.897737 0.413736 -1.826181
7.127113 -20.52558 15.93115 1.713151 -4.561718 0.914136 -1.428655 0.670736 -2.005825 -2.41468 -3.657326 1.285386 -3.181211 0.96945 -1.992325
-2.872887 -14.52558 17.93115 0.037907 -0.645257 1.11158 1.213148 0.514136 -1.348839 -4.582247 -0.645122 -0.202758 -2.509577 -1.310982 1.369094
-4.872887 -14.52558 17.93115 0.594341 -1.942397 2.557167 -1.354858 2.729806 -2.610394 -0.332089 -2.761354 2.692118 -2.160638 1.116537 -2.095088
-6.872887 -14.52558 17.93115 3.965358 -1.75131 4.205621 -0.125041 3.45084 -0.807009 2.209528 -2.8155 1.979679 0.774378 3.461943 -1.943222
-2.872887 -16.52558 17.93115 -1.058615 -2.922125 -1.025006 -2.539007 -0.977311 -2.194758 -3.545904 -2.540576 -0.942869 -3.406521 -1.802461 -0.971718
-4.872887 -16.52558 17.93115 -0.418728 -2.923485 0.366018 -3.782786 1.936628 -3.710356 -1.424814 -4.862037 1.575699 -3.562936 0.322428 -2.298217
-6.872887 -16.52558 17.93115 2.476684 -2.13047 2.480203 -0.659208 3.843043 -2.075798 0.104887 -2.833494 1.517937 0.365624 3.167687 -0.195108
7.127113 -18.52558 17.93115 3.219505 -4.512155 2.658284 0.97332 3.190918 -1.744378 -0.733359 -1.703497 0.698378 -1.27599 0.099025 -1.43817
5.127113 -18.52558 17.93115 1.508074 -4.547607 -0.043141 -0.669283 2.917114 -2.312387 0.59436 -0.618344 -0.158773 -2.739824 0.422448 -2.874398
3.127113 -18.52558 17.93115 -1.713366 0.267974 0.060355 0.777531 3.186126 -0.680571 -0.796888 1.326581 -0.714033 -1.106398 -0.997526 -3.409719
-2.872887 -18.52558 17.93115 -0.042498 -3.746401 -3.275674 -1.570805 -2.071524 -2.897902 -2.789361 -1.627072 -0.435626 -3.004339 -2.982238 -2.864939
-4.872887 -18.52558 17.93115 0.165564 -2.206343 -1.864321 -2.883591 -0.118642 -1.641166 -2.792095 -3.297822 0.20787 -2.725014 -1.049342 -1.12753
-6.872887 -18.52558 17.93115 0.530316 -1.132649 0.645263 0.73474 0.734338 -0.020678 -2.332201 -3.002235 -0.201836 0.107637 0.697574 1.553863
9.127113 -20.52558 17.93115 -1.00919 -2.607116 -1.470565 -1.878993 -0.230964 -1.131339 -3.041111 -4.117064 -1.877632 -3.148384 -2.079432 -2.217702
7.127113 -20.52558 17.93115 2.875362 -2.581007 -0.113913 -1.523315 2.524592 -3.721725 -2.384752 -1.758669 -0.153476 -4.021415 0.15211 -2.242348
5.127113 -20.52558 17.93115 1.599127 -1.754678 -3.199764 -1.8097 0.660013 -3.500339 -2.74237 -0.594486 -1.070655 -3.915341 -0.767704 -5.232479
3.127113 -20.52558 17.93115 -3.598862 3.13767 -3.240938 1.068382 -1.669016 1.471969 -2.743752 1.305636 -2.628365 -1.576247 -1.826727 -6.594807
1.127113 -20.52558 17.93115 -2.110735 3.738581 -2.571855 -0.193933 -0.601493 4.810246 -2.615655 2.002971 -2.577806 0.454099 -2.594559 -4.999186
-2.872887 -20.52558 17.93115 0.917129 -2.114204 -1.577301 -1.488179 1.20229 -3.10331 0.509889 -0.244775 -0.165655 -2.826393 -1.231571 -2.555254
-4.872887 -20.52558 17.93115 -0.106634 -1.0295 -1.09928 -1.024878 -0.071883 0.057093 -0.172674 -0.203188 0.128562 -1.398998 -0.512497 -1.616746
9.127113 -22.52558 17.93115 0.048226 -0.861988 -2.027155 -1.501457 -1.236926 1.063856 -2.302212 -5.32971 -0.157549 -3.282791 -1.363276 -3.661415
7.127113 -22.52558 17.93115 -0.774242 -1.140097 -1.953567 -1.76657 1.396696 -2.009644 -3.046894 -3.302524 -0.832644 -2.796658 -1.344246 -2.579259
5.127113 -22.52558 17.93115 -0.610574 0.789724 -1.836441 -0.705832 -0.787452 -1.072617 -3.452238 -1.389141 -1.398112 -2.026581 -0.91261 -3.779007
3.127113 -22.52558 17.93115 -4.172379 2.797882 -3.332824 1.330319 -4.386982 2.460565 -3.14343 -1.108951 -2.225173 -1.158796 -2.021988 -4.077049
1.127113 -22.52558 17.93115 -2.538169 1.296133 -3.70022 -0.612262 -2.607199 4.641425 -2.870118 -1.724625 -3.791835 -0.556342 -0.908273 -3.902493
-4.872887 -22.52558 17.93115 -0.0424 -0.523944 -1.780685 -2.539909 0.03363 -1.217198 1.294193 -1.615247 0.105992 -1.842747 -0.788321 -3.990236
5.127113 -24.52558 17.93115 -0.053319 -0.383827 2.00924 1.215878 0.531671 1.244175 -0.05528 -2.681875 1.417333 -2.101197 1.04851 -3.116481
3.127113 -24.52558 17.93115 1.089617 -1.203222 1.833831 -0.440533 -1.107385 1.079792 -0.638684 -2.741302 2.392393 -1.713511 1.525214 -3.712542
1.127113 -24.52558 17.93115 1.833971 -4.811884 0.58623 -1.51782 -0.19166 0.672206 -1.286973 -4.164719 0.128792 -3.144767 2.441135 -4.581523
3.127113 -26.52558 17.93115 3.208984 -3.199493 2.713389 1.375057 1.584198 3.349992 -2.548896 -3.653449 2.413271 -4.526664 0.304556 -4.359889
-2.872887 -12.52558 19.93115 3.375319 0.171493 2.869807 1.869811 -1.368089 -0.367448 0.156848 1.784494 0.312886 0.743392 -0.523123 0.790585
-2.872887 -14.52558 19.93115 0.529612 0.673837 2.159662 1.355775 -2.828302 -1.66434 -2.904385 -0.549562 -1.118878 -1.313136 -1.829491 1.01822
-0.872887 -16.52558 19.93115 0.773869 3.397456 2.826517 0.996477 -4.611315 1.252702 -0.442927 -1.408286 2.515835 -0.915817 2.117543 0.039083
-2.872887 -16.52558 19.93115 -1.412444 3.106785 0.840428 0.615359 -4.080638 -0.266265 -3.552386 -1.423123 -1.023308 -2.791363 -1.688656 0.439282
5.127113 -18.52558 19.93115 1.976469 -2.634759 1.459428 -3.03018 1.219551 0.473945 -1.06076 -0.908717 -2.046649 -2.758822 -1.596981 -2.157588
3.127113 -18.52558 19.93115 -1.620097 0.465943 -1.966824 -1.307775 1.746091 0.190781 -3.723939 0.967837 -0.236842 -1.809794 -1.213862 -1.013079
-0.872887 -18.52558 19.93115 2.296674 0.907736 -0.258853 1.076798 0.48735 -0.952434 -0.004045 -1.223199 2.544544 -0.369165 1.341669 -3.445299
-2.872887 -18.52558 19.93115 1.276921 1.30169 -1.030017 0.277425 -1.59891 0.628575 -2.374418 0.841187 1.448923 -1.755355 -1.165871 -1.447432
-4.872887 -18.52558 19.93115 -0.738441 0.416104 -0.138449 -0.294752 -0.484869 1.411572 -2.845778 -1.438804 1.169767 -1.152841 -1.684099 -1.153552
3.127113 -20.52558 19.93115 -1.829032 1.865315 -1.219484 4.756689 -1.869111 0.625829 -4.221895 -0.272185 -1.274899 0.029823 -1.866078 -2.603759
1.127113 -20.52558 19.93115 -1.664303 3.526017 -1.269143 4.303095 -1.221702 1.738871 -3.499066 0.333602 -0.110424 0.780235 -0.743397 -1.367763
-2.872887 -20.52558 19.93115 0.957428 -1.093783 -0.648655 -1.181004 2.641371 -1.751663 0.288059 -1.820882 1.412983 -1.80944 -0.742262 -2.620019
-4.872887 -20.52558 19.93115 -0.168452 -0.898295 -0.584299 -3.17251 0.446224 -0.745332 -1.022326 -1.789469 0.974089 -1.817509 -0.553866 -2.943084
-6.872887 -20.52558 19.93115 0.849927 -1.278295 0.510305 -1.276773 -1.943048 0.467335 -2.464309 -1.783309 0.02147 -1.777332 -0.691796 -3.747546
9.127113 -22.52558 19.93115 1.050775 -2.497218 0.573174 -0.814989 0.03128 -2.056819 -1.684401 -4.769713 -1.115707 -3.827867 -1.759098 -1.747967
7.127113 -22.52558 19.93115 -0.892918 0.669727 0.289383 0.134664 0.835652 -1.758996 -4.111822 -2.286801 -2.835927 -2.361759 -3.486101 -0.474583
1.127113 -22.52558 19.93115 -0.664468 2.860498 -2.105826 3.790481 -1.260655 2.070433 -3.733232 -1.501123 -1.486366 1.240301 -1.016236 -0.663197
-2.872887 -22.52558 19.93115 0.577273 -0.792065 1.982112 -3.616195 3.410192 -1.408897 -0.552176 -5.196336 -0.733132 -2.386133 -1.498263 -3.240031
-4.872887 -22.52558 19.93115 1.033856 -1.60534 1.105826 -5.627194 1.507824 -2.44124 -0.617957 -1.680774 -0.785173 -2.743919 -1.762223 -4.299651
-6.872887 -22.52558 19.93115 0.95314 -1.495924 -1.022168 -2.846331 -0.809014 -1.15091 -2.633718 -0.772269 -1.161487 -3.188516 -1.131121 -5.203217
9.127113 -24.52558 19.93115 -0.056668 -0.133404 -0.914308 -1.770761 1.405178 0.784213 -0.97977 -5.254293 -2.533529 -3.151659 -1.503592 -4.06198
7.127113 -24.52558 19.93115 -1.293919 1.24152 0.382591 0.745957 1.663292 0.101237 -3.484108 -1.433778 -2.090582 -1.661857 -1.586911 -3.732327
5.127113 -24.52558 19.93115 1.210058 1.461237 4.06479 2.503604 2.096363 2.635023 -1.107946 -0.732681 0.316964 0.72953 0.19532 -2.293015
3.127113 -24.52558 19.93115 2.05628 0.729202 4.727924 1.999644 1.082483 2.959968 -1.925024 -2.383846 -0.129584 1.581487 -0.074701 -0.658891
1.127113 -24.52558 19.93115 1.223557 0.655635 1.361167 2.601159 -1.057993 1.127553 -3.539826 -2.956207 -0.098497 0.775534 -0.143002 -0.850138
-2.872887 -24.52558 19.93115 0.297842 -0.978637 3.275723 -0.808756 1.739229 -0.135081 -1.007882 -5.883662 0.539344 -2.618211 -0.081323 -4.84023
-4.872887 -24.52558 19.93115 0.338367 -0.467887 0.992648 -4.453195 1.338641 -1.687113 -1.291252 -3.515356 -0.686733 -4.175069 -0.568849 -5.97788
9.127113 -26.52558 19.93115 1.191986 -1.714637 0.494844 -3.4908 1.986414 -0.304702 -1.63203 -3.498606 -2.43099 -3.941122 -2.372818 -4.184275
7.127113 -26.52558 19.93115 0.395568 1.552425 1.6212 1.577958 1.456354 1.965502 -2.335051 -0.306947 -0.579336 -1.885892 -0.829998 -3.596537
5.127113 -26.52558 19.93115 2.380399 2.229026 1.901923 3.338006 1.445536 3.833426 -1.4132 -2.63361 1.919281 -0.537529 -0.414478 -2.604866
3.127113 -26.52558 19.93115 2.98243 -0.360543 3.104251 2.576376 2.683776 3.365468 -1.596471 -4.043166 1.218022 -0.687484 -0.640517 -1.4082
1.127113 -26.52558 19.93115 2.493032 -0.505823 4.187227 0.498078 1.151858 3.478766 -2.301053 -4.154986 1.835163 -1.262058 0.077468 -1.247236
-4.872887 -26.52558 19.93115 -1.263285 -1.633756 -0.594366 -3.391831 -0.485169 -1.573252 -1.949555 -4.009546 -0.411498 -3.403248 0.763891 -4.459392
5.127113 -28.52558 19.93115 0.369607 -1.433219 0.392324 1.857754 1.516565 0.573145 -1.442114 -4.030435 1.255587 -2.716589 0.721335 -3.539845
-0.872887 -14.52558 21.93115 -2.805185 1.52913 -0.265769 4.181489 -3.748962 5.167734 1.955191 5.348185 0.82687 1.996697 1.292353 1.463463
-2.872887 -14.52558 21.93115 -2.331653 0.277242 -2.287124 2.089675 -5.7029 2.032836 -3.498619 -1.08072 0.036621 -0.258805 -1.498154 1.282115
-4.872887 -14.52558 21.93115 -1.59221 0.692073 -1.212803 0.018579 -2.592765 -2.262085 -0.379959 -4.303284 0.509612 -1.718887 -3.624527 1.866361
-0.872887 -16.52558 21.93115 -2.450982 1.901646 -0.908878 2.712317 -2.984028 4.539293 1.289613 -1.311388 0.503046 0.394185 2.513251 -4.593181
-2.872887 -16.52558 21.93115 -2.162538 1.852486 -0.563774 0.434344 -3.40996 2.432994 -2.26297 -4.339221 0.019103 -1.136435 -0.024611 -1.157982
-4.872887 -16.52558 21.93115 -0.545193 1.148141 2.192077 0.864901 -1.245238 1.385448 -1.35452 -4.877176 -0.406152 -0.860516 -2.746702 2.199402
7.127113 -18.52558 21.93115 1.098365 -1.962716 -0.21146 -0.038147 -2.261084 2.246061 -1.628525 -1.082373 -1.543565 -2.314079 -1.393388 -1.518822
5.127113 -18.52558 21.93115 1.058197 -0.999515 0.251125 0.661371 -1.450794 0.603137 -1.067626 -4.329647 -2.136106 -2.948623 -2.080816 -2.487924
-0.872887 -18.52558 21.93115 -2.596238 -3.101493 -1.821889 -4.406946 -0.016165 0.386511 -0.29099 -4.921985 -0.315868 -3.102896 0.705181 -8.212281
-2.872887 -18.52558 21.93115 0.763021 0.160174 -0.686213 -3.642806 0.006932 0.481704 -1.171069 -0.949938 1.640793 -2.513075 -0.531531 -2.688611
-4.872887 -18.52558 21.93115 1.24805 1.151179 0.37961 0.10631 1.613323 1.86384 -3.355596 -1.061577 -0.218281 0.690998 -1.73374 1.394344
7.127113 -20.52558 21.93115 1.030205 -1.488655 0.972825 0.981211 -1.610157 3.565833 -3.262932 0.054711 -3.351739 -3.288369 -3.046035 -2.574511
5.127113 -20.52558 21.93115 1.958255 -1.706589 2.960985 0.070095 -1.21606 3.066486 -0.241851 -4.829813 -1.493431 -3.582034 -1.312698 -2.50562
3.127113 -20.52558 21.93115 1.650933 -0.087825 2.21914 1.070787 1.517037 0.853623 -1.952676 -2.415621 0.445406 -3.439657 -1.22295 -2.437123
-0.872887 -20.52558 21.93115 -2.109244 -3.404218 -2.455343 -2.063356 0.900292 0.021963 -0.047874 -5.109406 -1.154281 -3.025542 -1.148514 -3.522804
-2.872887 -20.52558 21.93115 1.467121 -0.693332 0.503937 -1.995543 2.934631 -0.046462 1.374434 -2.793571 2.539508 -2.314745 -0.453944 -1.406155
-4.872887 -20.52558 21.93115 1.671206 0.606637 -0.960195 -1.433486 2.175239 -0.028256 -1.47491 -1.32164 0.329758 -0.518271 -0.392704 -0.892482
-6.872887 -20.52558 21.93115 2.092819 -0.128519 -1.131394 -1.17187 -2.444939 0.106224 -3.301233 -0.449152 -1.175674 -0.915222 -1.441869 -3.752981
5.127113 -22.52558 21.93115 1.969857 -0.726307 4.720714 0.274581 0.39842 2.835662 0.875236 -5.068878 -0.805821 -3.028752 -0.402549 -3.5527
3.127113 -22.52558 21.93115 0.741024 0.157356 2.166527 -0.568358 2.12816 1.992979 -0.117831 -2.770137 0.218341 -1.723071 -0.852208 -2.485301
-2.872887 -22.52558 21.93115 -0.629718 -2.498441 2.691353 0.534501 3.84131 -0.299302 0.129895 -6.396306 -0.087077 -2.049245 -1.120121 -2.344534
-4.872887 -22.52558 21.93115 0.584415 -1.584408 0.54135 -2.59785 2.254157 -1.288736 -0.220731 -3.284879 -0.978905 -2.799602 -1.629091 -3.355117
-6.872887 -22.52558 21.93115 0.554802 -1.4377 -1.540373 -3.500504 -1.639203 -0.653462 -2.433093 -2.239968 -1.871825 -3.370691 -2.020659 -4.576408
3.127113 -24.52558 21.93115 -1.353583 -3.609519 1.40595 -2.542449 2.5284 1.211688 -1.493282 -5.809692 -1.452822 -0.269066 -0.153095 -1.017138
1.127113 -24.52558 21.93115 -3.237604 -0.188386 -1.878243 -0.124644 0.797711 0.977493 -4.115687 -5.110614 -1.021573 -2.237644 -1.722119 -0.829387
-4.872887 -24.52558 21.93115 -0.418458 -2.360748 0.960112 -1.840436 0.988514 -1.514542 -0.672313 -4.44031 -0.342055 -3.584777 -1.828846 -6.107972
-6.872887 -24.52558 21.93115 -0.355122 -3.520364 0.456211 -3.672121 -0.073088 -2.650834 -1.870449 -3.814867 -1.724733 -2.622889 -1.805303 -3.96423
11.12711 -26.52558 21.93115 0.097296 -0.303363 -1.12234 -4.192129 -0.163467 0.856433 -1.137701 -3.217902 -0.059851 -3.8105 -0.123935 -3.054613
9.127113 -26.52558 21.93115 0.38961 -0.25237 -0.297299 -3.666425 2.000091 -0.268662 -0.631443 -5.031462 0.196879 -2.335239 -1.069237 -2.990746
7.127113 -26.52558 21.93115 0.449988 0.361316 1.071598 1.160217 3.571649 2.473846 -1.409696 -2.095331 0.865863 -2.215267 -1.805136 -3.069715
1.127113 -26.52558 21.93115 1.076531 -2.076355 3.585553 -0.804843 3.495392 0.756746 -0.206518 -5.644837 1.311609 -1.638151 -0.030454 -1.362805
9.127113 -28.52558 21.93115 -0.217819 -3.698325 0.192992 -4.060009 0.713438 -1.101404 -3.204702 -5.653358 0.189063 -3.899656 -1.052527 -2.132015
7.127113 -28.52558 21.93115 -0.50217 -0.408096 1.07895 -0.172399 1.223371 0.924858 -2.11951 -4.846948 0.614421 -2.045337 -0.815015 -3.413412
5.127113 -28.52558 21.93115 1.353681 -1.614526 0.807363 0.325545 2.349314 -0.450162 -0.134298 -5.759824 2.167625 -1.421593 -0.254352 -5.100423
3.127113 -28.52558 21.93115 -0.129325 -3.359725 0.730673 -0.558576 3.323964 -0.817352 -0.496637 -5.345571 0.919857 -2.037527 -1.271863 -2.558059
1.127113 -28.52558 21.93115 -0.227896 -2.962654 1.670906 -2.848123 1.924026 1.392751 -1.345354 -3.936414 0.101744 -1.520246 -1.182341 -1.92398
7.127113 -30.52558 21.93115 -0.246459 -3.951437 -0.249986 -2.619481 -0.059715 -0.919711 -1.054008 -7.589223 0.369241 -4.073149 -0.208073 -4.756296
-2.872887 -14.52558 23.93115 -3.024817 -1.134715 -2.275067 -0.596518 -1.638418 1.096459 -2.736305 -2.461258 -0.105266 -1.770998 -0.678272 -1.640539
-4.872887 -14.52558 23.93115 -0.742227 -0.280086 -1.839776 1.130901 1.174396 -2.030348 0.664174 0.505699 1.811624 -0.896895 -0.44412 1.964159
-2.872887 -16.52558 23.93115 -2.911707 -2.07554 -2.890862 -0.033703 -0.533236 0.440402 -0.918934 -6.830556 0.279929 -2.20478 -0.788916 -3.386429
-4.872887 -16.52558 23.93115 0.781108 -0.051088 -0.1843 0.953189 2.134094 -0.751979 1.502273 -1.796872 1.348035 -2.095602 -0.424508 1.439718
-6.872887 -16.52558 23.93115 2.959134 -0.450174 1.410372 0.414633 2.505843 -1.183088 1.358097 -2.226749 2.44632 -2.242946 -0.175583 0.437823
-0.872887 -18.52558 23.93115 -10.36113 -4.774426 -8.068349 -8.015301 -5.726054 -2.80536 -2.358056 -13.50234 -3.656913 -4.283224 -4.333059 -12.0605
-2.872887 -18.52558 23.93115 -2.899626 -4.320322 -4.218857 -6.297163 -0.53662 -1.425418 -0.42211 -9.883367 1.725563 -5.542415 -2.146462 -5.019167
-4.872887 -18.52558 23.93115 2.374877 -1.723716 -1.977393 -1.012688 2.256725 0.34232 -0.456193 -2.923314 1.664996 -3.053866 -0.939245 0.099894
-0.872887 -20.52558 23.93115 -10.5169 -6.988549 -12.5856 -8.321325 -5.218276 -3.43766 -3.689716 -14.21877 -4.603379 -6.599794 -2.135051 -6.377789
-2.872887 -20.52558 23.93115 -2.700987 -4.45134 -4.956607 -7.976257 1.46262 -1.688519 0.559865 -12.94014 1.433873 -5.515831 -1.054275 -3.740335
-4.872887 -20.52558 23.93115 1.61868 -3.03155 -2.122933 -0.696816 1.366609 -0.555583 0.170989 -4.306121 1.229783 -2.019203 -0.787022 -1.354654
5.127113 -22.52558 23.93115 3.075294 0.025605 2.832661 0.087846 0.120956 1.618222 1.311065 -5.783058 0.189922 -3.276108 1.289471 -3.143383
-2.872887 -22.52558 23.93115 -2.282901 -4.212216 -4.906325 -3.990401 3.169126 -1.716801 -0.73652 -11.10095 -0.482474 -2.778287 0.015114 -2.712453
-4.872887 -22.52558 23.93115 0.022088 -3.333868 0.22302 -1.5637 2.517744 -3.077718 0.073476 -3.297391 -0.388949 -1.848014 -0.785415 -2.002944
-6.872887 -22.52558 23.93115 0.362322 -2.391284 -0.177412 -2.251885 0.46472 -2.307539 -0.436331 -2.781738 -1.046929 -2.376692 -0.011106 -1.199662
-8.872887 -22.52558 23.93115 -0.497752 -3.954537 0.703983 -1.961501 -0.843227 -2.560534 -0.105081 -2.343041 -0.730353 -3.344585 0.117288 -2.872802
5.127113 -24.52558 23.93115 1.388525 -1.932317 1.552295 -0.865652 2.774038 1.195441 -1.145508 -6.267939 -1.093955 -4.426614 0.107086 -5.61675
3.127113 -24.52558 23.93115 -3.070921 -2.88842 -1.080012 -1.450633 -0.061781 1.996235 -3.55324 -6.582885 -2.877781 -3.850799 -0.48792 -3.994133
-0.872887 -24.52558 23.93115 -2.986517 0.778431 -10.25085 -3.683563 -2.962111 4.391607 -3.734741 -7.082182 -2.783967 -1.127887 -0.494689 -2.222798
-2.872887 -24.52558 23.93115 -0.879748 -2.245355 -5.199139 -3.601268 -1.075759 -1.137482 -2.269522 -4.607605 -0.30328 -2.608844 -1.181613 -2.518297
-4.872887 -24.52558 23.93115 0.288876 -3.357951 0.425116 -1.891313 0.575376 -3.148907 -1.191921 -3.745314 0.459787 -3.064046 -1.66438 -4.050478
-6.872887 -24.52558 23.93115 0.272271 -1.694835 0.964604 -1.111929 -0.918577 -1.633231 -1.652181 -3.460396 -2.048438 -3.408589 -0.945691 -4.665922
-8.872887 -24.52558 23.93115 -0.028737 -2.970991 2.152982 -2.136774 -0.241084 -2.371291 -1.202388 -4.414331 -1.772664 -5.127396 -0.288082 -4.869186
3.127113 -26.52558 23.93115 -1.731802 -2.324909 1.351305 -2.095805 2.288419 -0.882149 -3.159451 -6.277397 -2.814932 -3.800955 -1.720336 -2.914829
1.127113 -26.52558 23.93115 0.992362 -3.57901 2.90036 -1.183587 5.734637 -0.56667 0.449832 -7.566727 0.364359 -2.965654 0.897491 -3.027202
9.127113 -28.52558 23.93115 -0.313282 -1.748575 -0.299859 -1.628888 0.808014 -0.768119 -2.840345 -2.853187 -0.780581 -1.349651 -0.531519 -1.721592
3.127113 -28.52558 23.93115 -1.040404 -2.722929 1.251898 1.170328 2.035454 -2.293265 -0.977512 -3.176361 -1.659526 -2.293871 -1.926925 -2.270666
1.127113 -28.52558 23.93115 -1.362181 -3.554938 0.735325 -0.901131 2.681108 -1.280681 -1.131817 -4.045854 0.440637 -2.595658 -0.640701 -3.681223
9.127113 -30.52558 23.93115 -0.426693 -2.747864 -1.642969 -1.16917 -0.071355 -0.034935 -1.676501 -3.937575 -2.114179 -3.372408 -1.069712 -1.562859
7.127113 -30.52558 23.93115 -0.326793 -2.637438 -0.858759 -2.334044 0.106013 0.265099 -1.90471 -6.587448 -0.88444 -4.727193 -1.20459 -2.833247
5.127113 -30.52558 23.93115 -0.165887 -3.444821 1.072889 -2.921039 0.863522 -1.177602 -1.510177 -5.817472 0.216418 -4.30533 -1.030246 -4.531851
3.127113 -30.52558 23.93115 -1.782702 -4.459887 -0.571332 0.273065 -0.44532 -1.241504 -1.545197 -3.598099 -0.922204 -1.979364 -2.226777 -2.878742
1.127113 -30.52558 23.93115 -2.184583 -3.987386 -0.587329 -1.09741 -1.867509 -1.087229 -1.419832 -7.410491 -0.901737 -2.7215 -1.447726 -3.946075
3.127113 -32.52558 23.93115 -0.940838 -4.762817 -0.422229 -1.69737 -0.170737 0.126184 -3.283889 -3.045828 -0.324451 -1.124212 -2.154273 -2.101321
1.127113 -32.52558 23.93115 -2.231484 -5.720775 -0.501919 -1.345229 -0.803082 -0.883499 -3.447062 -8.692782 -1.212038 -1.996039 -1.625577 -3.896879
-2.872887 -18.52558 25.93115 -4.053618 -2.164982 -2.255495 1.827353 2.328581 1.597656 0.050035 -4.71845 1.412925 -4.612087 -1.45005 -0.681014
-4.872887 -18.52558 25.93115 1.653342 -2.251486 -0.231636 -0.425183 -0.058237 0.689574 -0.79164 -1.622082 0.865002 -1.634439 0.543972 0.13622
-2.872887 -20.52558 25.93115 -3.643162 -5.055342 -2.886764 -3.478021 5.62529 -1.076478 1.464619 -13.43876 4.371732 -13.09925 0.235178 -2.054363
-4.872887 -20.52558 25.93115 1.014278 -4.015023 -1.196851 -1.659633 -0.884441 0.780536 -1.225623 -5.23352 1.171352 -2.595889 0.003709 -1.631533
-2.872887 -22.52558 25.93115 -3.810335 -7.015428 -7.443312 -9.450739 3.633987 -3.008577 -0.088536 -17.26494 5.244104 -11.03802 -0.80937 -4.587002
-4.872887 -22.52558 25.93115 0.328084 -5.216725 0.098851 -1.126077 0.491544 -3.187641 -2.269251 -7.042329 0.338635 -2.374642 -0.145775 -2.467322
5.127113 -24.52558 25.93115 0.233923 0.255537 0.536153 -1.595276 1.634161 1.394797 0.107874 -3.131896 -0.349596 -3.274449 0.395626 -4.382676
-2.872887 -24.52558 25.93115 -1.940844 -3.288841 -9.416751 -7.196324 -2.87066 -1.091617 -0.778219 -10.63046 4.474428 -4.224252 -1.37399 -3.536731
-4.872887 -24.52558 25.93115 0.715879 -4.563308 -0.039846 -0.717749 0.456042 -4.201893 -2.089685 -6.731413 0.782456 -2.79172 -0.539636 -1.734894
-6.872887 -24.52558 25.93115 0.818931 -3.555601 -2.006101 0.254758 -1.458871 -2.569848 -2.340148 -6.051455 -1.68095 -1.459181 -0.197005 -1.22888
-8.872887 -24.52558 25.93115 0.757262 -2.09283 0.060603 -0.719582 -0.288612 -2.252373 0.493517 -6.68765 -0.725447 -0.700199 -0.94579 0.052604
-10.87289 -24.52558 25.93115 -0.162461 -1.340135 0.983026 0.910886 0.366819 -2.647889 -0.09461 -4.609093 0.437535 -0.133562 -1.61733 2.549608
5.127113 -26.52558 25.93115 0.358046 -1.502255 -0.413149 -2.591957 1.250587 -0.760669 -1.274752 -4.959033 -0.034204 -3.587621 -0.976667 -2.861502
3.127113 -26.52558 25.93115 -0.305058 -2.318258 -0.508325 -0.241852 -0.067426 1.006242 -3.742146 -6.536996 -2.258154 -5.446286 -2.59758 -5.953434
-2.872887 -26.52558 25.93115 -0.066703 -1.061662 -6.474101 -1.969336 -4.161717 0.311283 -1.026341 -5.066566 1.796355 -1.438829 -0.357352 -1.749716
-4.872887 -26.52558 25.93115 0.753067 -1.503015 -1.070902 0.956235 0.194938 -2.206211 -1.253178 -4.737003 0.385586 -2.299717 -1.190834 -1.116227
-6.872887 -26.52558 25.93115 0.004226 -0.960366 -2.632659 -0.136659 -1.350257 -0.886912 -3.147271 -3.649027 -1.657657 -2.901121 -2.120604 -1.661621
-8.872887 -26.52558 25.93115 0.247435 -1.74068 -1.125829 -2.559975 -1.254407 -0.673249 -1.684079 -5.206054 -0.481792 -3.574282 -1.43694 -2.349718
3.127113 -28.52558 25.93115 0.136709 -5.650359 0.265412 1.551899 -0.321557 -2.120275 -3.204462 -1.636323 -2.085508 -5.3914 -3.130425 -4.654783
1.127113 -28.52558 25.93115 -1.015606 -6.439349 -2.563305 -0.312419 0.285827 -1.329759 -4.07613 -4.33156 -1.119673 -6.12453 -3.004379 -7.563537
9.127113 -30.52558 25.93115 -0.480266 -0.095052 -0.629732 -0.547642 -0.292427 -1.055375 -1.471313 -3.355641 -2.130759 -1.931172 -1.490534 -1.184071
7.127113 -30.52558 25.93115 0.387712 -0.68429 -1.058382 -1.977989 -0.374814 1.601859 -2.013903 -3.497591 -1.122123 -2.814702 -1.518989 -1.016792
5.127113 -30.52558 25.93115 -0.701311 -1.839516 -0.97244 -3.219382 -0.960053 -0.16498 -2.144765 -3.100763 0.490417 -2.747695 0.020839 -2.251741
1.127113 -30.52558 25.93115 -3.246447 -4.384902 0.035938 -0.9478 -0.657921 -1.092274 -4.785329 -7.204006 -2.230396 -4.471071 -3.015424 -5.632504
5.127113 -32.52558 25.93115 -1.613406 -2.138328 -3.012424 -3.057216 -1.331216 1.85968 -3.384733 -3.465558 -1.346505 -3.085065 -1.82147 -2.59892
3.127113 -32.52558 25.93115 -0.326328 -2.606965 -1.258 -2.097062 1.040781 0.526253 -3.104552 -1.79206 -0.701872 -1.928347 -1.967002 -1.203568
1.127113 -32.52558 25.93115 -2.136705 -5.800842 0.775093 -3.271691 0.817333 -0.078261 -3.629201 -8.085546 -0.633743 -5.041789 -1.697499 -4.888216
-4.872887 -20.52558 27.93115 0.438245 -2.136496 0.1563 -0.930211 -1.101751 0.974408 -2.529524 -3.05276 -0.319716 -2.135026 0.479291 -1.394513
-2.872887 -22.52558 27.93115 -3.945547 -4.894005 -4.39077 -4.602253 -0.783298 0.108102 -1.721853 -11.9742 1.502904 -14.21839 -1.15177 -4.749115
-4.872887 -22.52558 27.93115 -0.089557 -3.167518 0.376121 -0.147762 -0.265029 -0.657508 -2.518532 -4.73609 -0.605281 -2.683686 -0.641128 -1.571999
-0.872887 -24.52558 27.93115 -1.990837 -1.052494 -7.761607 -18.23734 -3.940566 7.487636 1.861356 -16.41524 6.081099 -7.107775 2.119627 -5.979229
-2.872887 -24.52558 27.93115 -3.22652 -2.707705 -5.573787 -8.000738 -5.115544 0.044283 -2.618678 -8.876378 1.27464 -3.814638 -2.126147 -3.474315
-8.872887 -24.52558 27.93115 0.856019 0.517947 -0.650565 -1.013688 1.097268 -2.079084 0.633828 -4.646918 0.67782 0.542461 -1.334934 0.358427
-10.87289 -24.52558 27.93115 -0.736361 -0.172444 -0.873241 0.367634 0.915238 -2.432922 -0.433007 -3.870335 0.50043 0.023842 -1.824058 0.46988
7.127113 -26.52558 27.93115 -0.9702 0.658697 -0.583584 0.098753 -1.441232 0.186179 -1.274141 -0.612297 1.62738 -1.410908 0.136884 1.031455
5.127113 -26.52558 27.93115 -0.184978 -1.634442 -1.650339 -1.878836 0.584988 -1.125361 -0.395602 -1.824973 1.544235 -2.249326 0.046735 -1.611193
-0.872887 -26.52558 27.93115 0.798196 -1.327773 -4.034933 -8.247673 -7.376854 -0.065691 6.145308 -9.464845 5.674718 -1.312382 4.907837 -2.775611
-2.872887 -26.52558 27.93115 -1.434146 -0.780022 -2.971735 -1.340055 -4.288914 -1.969835 -1.469429 -5.021234 1.664776 -0.938765 0.577326 0.252505
-4.872887 -26.52558 27.93115 -0.568846 -0.430872 -2.569809 0.615337 0.300294 -2.718864 -1.566857 -2.792439 1.430186 -1.742848 -0.298134 0.359393
-6.872887 -26.52558 27.93115 -0.805924 0.279978 -2.620607 -0.666688 -1.343617 -0.889468 -2.496489 -2.619438 0.085848 -1.590979 -1.480152 -0.482102
-8.872887 -26.52558 27.93115 1.027592 0.35455 -0.071354 -1.387918 0.909334 -2.055717 -0.959681 -3.772546 0.572182 -1.174609 -1.304923 -0.698623
-10.87289 -26.52558 27.93115 1.296161 -0.670436 1.698553 -2.037624 1.779938 -2.346097 0.173299 -4.402869 0.453627 -3.271845 -0.553689 -1.883305
5.127113 -28.52558 27.93115 -0.46187 -1.158348 -1.610063 -2.392571 -0.370483 -0.789959 -1.593102 -4.326813 2.061516 -3.193474 -0.960936 -2.693969
3.127113 -28.52558 27.93115 0.656366 -3.858382 2.577712 -1.077751 3.493855 2.240312 -0.354008 -5.87775 1.131707 -8.195895 -0.734774 -3.964654
1.127113 -28.52558 27.93115 -0.234977 -5.864932 1.258901 -3.900882 2.672983 2.774264 -2.396773 -10.41876 0.106541 -9.988115 -2.606287 -7.349834
-2.872887 -28.52558 27.93115 -0.61269 -1.541003 -0.636617 1.18964 -0.79057 -1.571993 -0.935857 -4.094021 -0.206045 -0.895072 -0.224414 -1.36695
-4.872887 -28.52558 27.93115 -0.869848 -0.690244 -2.628303 1.844665 1.421006 -1.822418 -1.621946 -0.149847 0.243619 -1.058208 -1.844738 -0.730364
11.12711 -30.52558 27.93115 -1.264079 -0.679144 0.354114 0.702386 -0.014534 -1.618405 -1.722957 -2.698639 0.140341 -1.375494 -0.321085 -1.177431
9.127113 -30.52558 27.93115 -0.244283 0.086639 -0.146247 -0.962051 0.395775 -0.967741 -1.203202 -3.087003 -0.22637 -0.820387 -0.558738 -1.667271
3.127113 -30.52558 27.93115 -1.093164 -1.488112 1.398284 -0.537693 0.301902 -0.626903 -1.952826 -5.151182 -0.072116 -3.830142 -0.901607 -2.838923
1.127113 -30.52558 27.93115 -1.704542 -2.595696 0.93958 -0.84799 2.088417 1.291461 -6.668483 -8.414556 -1.329214 -6.30007 -3.214098 -5.725913
7.127113 -32.52558 27.93115 1.758488 -2.325064 1.208596 -1.90579 -1.282482 0.608197 -1.420991 -5.133307 -0.263075 -1.643195 -0.883999 -3.545004
5.127113 -32.52558 27.93115 0.137716 -2.203073 0.756352 -0.451068 -1.386679 -0.173576 -1.692871 -3.966334 -0.215098 -0.336789 -1.478352 0.003348
3.127113 -32.52558 27.93115 -0.594483 -2.628916 -0.920104 -0.508886 0.212342 -1.565484 -2.818725 -3.457263 -0.291503 -1.097896 -1.636744 0.488999
1.127113 -32.52558 27.93115 -0.056644 -2.162497 1.159256 0.405211 0.344217 -0.172486 -4.071795 -5.290834 -0.4812 -3.987951 -2.313182 -3.280101
3.127113 -34.52558 27.93115 0.317349 -1.64113 -0.315952 0.518922 -0.517173 -0.018676 -1.452161 -2.167644 -0.085103 -0.227485 -0.805665 0.72341
1.127113 -34.52558 27.93115 0.304968 -2.841522 1.054154 0.070226 -0.930926 -0.186303 -1.750051 -2.842042 -0.384681 -2.714488 -1.253825 -2.051083
-4.872887 -22.52558 29.93115 -0.993945 -3.611001 -0.741131 -0.843772 1.639731 -0.716434 -1.102971 -4.799975 -1.532961 -3.824395 -0.836721 -1.691477
-2.872887 -24.52558 29.93115 -3.739617 -4.371135 -1.921589 -3.696012 3.406964 0.304386 -4.75541 -6.024549 -4.226657 -5.397343 -3.546018 -3.971133
-4.872887 -24.52558 29.93115 -0.058654 -0.454981 -1.952328 0.715014 1.404729 -1.355813 -2.313991 -5.740067 -1.001051 -3.089007 -0.202544 -2.002715
7.127113 -26.52558 29.93115 0.979406 -2.044525 0.973882 0.174103 2.321706 -0.61087 -0.912061 -2.745122 0.921163 -4.024726 0.18087 -1.324436
-0.872887 -26.52558 29.93115 -2.456408 -2.586478 0.986198 -6.039436 1.344896 0.165568 -0.905863 -1.287978 0.566402 -1.031028 1.502811 1.152961
-6.872887 -26.52558 29.93115 0.153673 0.871506 -1.035338 0.131585 -0.322028 -0.461371 -2.012317 -0.309598 -0.052079 -0.90546 -0.539652 -0.287262
-8.872887 -26.52558 29.93115 0.092483 -0.194333 1.42918 -0.65769 2.021829 -1.369403 -0.722118 -1.331672 -0.183831 0.573952 -0.628243 -0.863287
-10.87289 -26.52558 29.93115 1.20808 -0.942319 3.022141 0.26851 1.838339 -0.749512 2.085075 -0.567138 0.294604 0.332779 0.765541 0.504956
-12.87289 -26.52558 29.93115 1.164499 -1.238781 2.321307 1.255067 2.222126 0.276209 1.627327 -0.088231 0.158641 0.273612 0.621982 1.829073
7.127113 -28.52558 29.93115 -0.223581 -3.303478 0.250461 -2.008063 -0.152128 0.048989 -2.164345 -5.539158 -1.598606 -5.248404 0.535963 -3.250835
5.127113 -28.52558 29.93115 0.738816 -4.132578 0.196543 -1.855685 3.020675 0.726329 -2.882987 -6.658702 -0.673804 -4.657588 -0.418195 -3.944478
3.127113 -28.52558 29.93115 0.480291 -1.680591 3.010864 -1.143817 8.49032 5.167521 -2.485202 -5.986798 -2.117974 -8.104182 1.569378 -2.90677
-0.872887 -28.52558 29.93115 -1.684343 -0.853155 0.919935 -1.33997 0.873347 0.471111 -1.304521 -4.340629 0.315359 -2.455145 0.437611 -2.402215
-2.872887 -28.52558 29.93115 -1.092065 -1.167791 0.940346 0.02578 1.707728 -0.872371 -0.205752 -2.398761 1.244051 -0.635629 0.529073 0.601654
-4.872887 -28.52558 29.93115 -0.815493 -1.83528 -1.456917 -1.811727 1.970292 -1.531695 -1.330038 -1.311515 -0.291209 -1.05985 -1.680834 -0.18346
-6.872887 -28.52558 29.93115 -1.819822 -0.462095 -0.758371 -2.769139 1.541957 -0.41012 -1.782424 -0.93824 -1.082031 -1.914297 -2.018144 -0.689286
-8.872887 -28.52558 29.93115 -1.474646 0.599201 0.68103 -2.928963 1.938714 -0.705943 -0.943996 -0.830777 0.981467 0.01524 -1.372337 0.078014
13.12711 -30.52558 29.93115 -0.254407 -1.084131 0.045399 0.655701 0.571744 0.15211 -0.935012 -0.813524 0.300246 -0.415986 0.345114 -2.015021
11.12711 -30.52558 29.93115 -0.206468 -0.517272 -0.425191 -0.399528 0.066919 -0.459181 -1.020925 -0.620249 1.222491 -0.666585 1.194135 -0.596403
5.127113 -30.52558 29.93115 -0.559645 -0.87882 1.269748 -2.39623 1.005223 0.628567 -2.288442 -4.13271 -0.175316 -2.576319 -0.393253 -3.175922
3.127113 -30.52558 29.93115 -0.218368 -1.434358 1.455298 -2.788868 4.387854 2.169735 -4.0249 -6.114752 -2.082413 -4.916641 0.654281 -2.817885
1.127113 -30.52558 29.93115 -0.563993 -1.784195 0.581901 -3.111305 5.356815 4.689887 -6.584824 -8.950893 -2.989529 -9.301546 -0.692223 -7.096471
-2.872887 -30.52558 29.93115 -1.763194 -2.726801 0.004004 -2.091844 0.159286 -0.702967 0.131737 -4.096663 0.341784 -1.533251 -0.166679 -1.309705
-4.872887 -30.52558 29.93115 -0.626863 -2.325153 -0.414629 -2.762001 0.943739 -1.152398 -0.257757 -3.806892 -0.037544 -1.904379 -0.46885 -1.919926
13.12711 -32.52558 29.93115 0.028962 -1.64292 0.561236 -1.743798 1.920506 -0.577047 0.846268 -0.504162 -0.28439 -1.486554 0.094995 -2.603426
11.12711 -32.52558 29.93115 0.2749 -2.212477 1.419725 -1.444393 1.022542 -0.659337 0.016822 -0.38318 0.713826 -1.229765 0.369737 -1.706949
9.127113 -32.52558 29.93115 -0.473713 -1.862014 0.259895 -2.301217 0.700561 -1.431723 -1.823556 -1.835093 -0.450153 -2.273242 -1.418485 -2.45323
7.127113 -32.52558 29.93115 -0.55099 -0.617539 1.047841 -0.988986 -0.649514 -0.718593 -0.434132 -3.708149 -0.870444 -1.05622 -1.427058 -2.42011
3.127113 -32.52558 29.93115 0.591294 0.488295 1.033341 0.834756 2.639786 0.58206 -2.844783 -1.590645 -0.672204 0.195403 -0.77951 1.544846
1.127113 -32.52558 29.93115 0.581997 0.21985 2.48844 0.912598 3.887677 3.122705 -5.346931 -5.270108 -1.636726 -3.494517 -2.206774 -4.378565
11.12711 -34.52558 29.93115 -0.376172 -0.672353 0.826144 1.438093 1.507676 1.032199 -1.314994 -2.985283 -0.312766 -0.647905 -0.473084 -0.606396
9.127113 -34.52558 29.93115 -0.22219 -1.844123 -0.473549 -1.226088 1.78702 -0.606972 -1.554468 -2.642655 -1.148037 -1.907383 -0.965761 -0.750056
7.127113 -34.52558 29.93115 0.300662 -0.18709 1.268208 -0.848366 1.052471 -1.088249 -0.29972 -4.131555 -0.592696 -0.689649 -0.0484 -0.479212
5.127113 -34.52558 29.93115 -0.060453 0.639928 0.904692 1.046375 -0.559574 0.876448 -0.678827 -1.889126 0.980136 0.5938 -0.349792 1.128441
3.127113 -34.52558 29.93115 0.549719 1.890277 -0.63201 0.489929 -0.23952 0.83504 -0.295247 0.257915 0.648987 1.754228 -0.154023 1.69741
1.127113 -34.52558 29.93115 1.195204 -0.217668 1.601106 1.340823 0.04413 -0.086414 -1.225243 -0.981574 0.413379 0.433678 -0.863666 -0.587121
5.127113 -36.52558 29.93115 0.929201 0.798898 2.709911 1.834602 0.916697 0.445546 -0.006809 -1.425301 1.088749 0.386864 -0.633009 -0.112245
3.127113 -36.52558 29.93115 0.699136 0.46285 0.897418 0.962309 0.582945 -0.150494 0.07882 -2.224353 -0.564162 0.292059 -0.687858 -0.028171
-4.872887 -22.52558 31.93115 -0.816726 -1.901243 0.942206 -0.519661 0.856758 -2.121191 -0.088392 -2.404203 -0.150211 -1.983853 -0.986279 -0.631009
-0.872887 -24.52558 31.93115 -0.386566 -4.019683 5.023508 4.185543 4.339719 0.178724 -1.251249 -2.119625 -6.569544 -7.304281 0.498254 0.76108
-2.872887 -24.52558 31.93115 -2.1481 -2.578807 -0.143984 -1.377446 1.119744 -0.747169 -2.175435 -7.424361 -2.560166 -6.244813 -2.19137 -4.924383
-4.872887 -24.52558 31.93115 -0.617062 1.017543 -0.180471 1.634303 -0.582716 -1.074448 -0.552781 -5.139375 -0.992622 -1.274081 -1.007216 0.556433
-0.872887 -26.52558 31.93115 -2.018708 1.058705 0.09815 -0.831085 0.752495 0.473013 -2.518203 -0.155884 -0.870065 -0.439587 0.330094 2.028236
-2.872887 -26.52558 31.93115 0.040619 0.881595 0.025392 0.152181 0.907781 -0.630939 -1.026858 -1.268124 1.801564 -1.143661 0.696375 1.299719
-8.872887 -26.52558 31.93115 0.305541 -1.260891 1.749009 -2.058001 2.346783 -1.0283 1.045068 -1.567437 -0.746608 -0.826272 0.269524 -1.090989
-10.87289 -26.52558 31.93115 0.549105 -1.322076 2.227659 0.935614 1.758091 -0.046711 1.515764 0.465642 -0.330495 0.186457 0.580236 1.193402
-12.87289 -26.52558 31.93115 0.816295 -0.098385 1.130075 2.318279 1.12122 0.670127 0.659245 0.362449 -0.714988 -0.105881 0.746166 3.791064
-14.87289 -26.52558 31.93115 0.04932 -0.859538 0.062892 0.741465 -0.986653 -0.212167 -0.744031 -0.678492 0.897172 -0.526435 0.538495 2.002717
5.127113 -28.52558 31.93115 2.090555 -2.487768 2.659799 -1.310811 2.655794 0.638926 -0.526609 -4.448726 -0.633718 -3.757485 1.160487 -1.423983
3.127113 -28.52558 31.93115 1.379287 -1.354702 3.128428 -0.523332 4.40254 2.213974 -0.710921 -2.614373 -2.356621 -5.080485 1.225738 -1.83428
-0.872887 -28.52558 31.93115 -1.754668 -0.07851 -0.255325 0.55056 0.528472 -0.249257 -1.053533 -2.887401 -2.097332 -2.089783 0.370838 -0.603273
-2.872887 -28.52558 31.93115 -0.764625 -0.911602 -0.418056 -0.514145 1.395342 -0.815478 -0.793742 -1.674485 -0.20784 -1.837118 0.357102 1.097423
-4.872887 -28.52558 31.93115 -0.809832 -1.690048 0.481637 -2.352629 1.557735 -1.324885 -1.503202 -2.704925 -1.19249 -1.432656 -0.297677 0.855683
-6.872887 -28.52558 31.93115 -1.370387 0.140402 1.038732 -1.903196 1.552147 -0.474493 -1.574421 -1.418132 -2.552054 -2.273411 -1.33094 0.989645
-8.872887 -28.52558 31.93115 -0.483712 -0.671037 1.434046 -2.968999 2.30575 -0.813888 0.624528 -1.585062 -0.096147 -2.569566 -0.400441 -0.247206
-10.87289 -28.52558 31.93115 1.55976 -0.852777 1.654157 -0.83525 2.855356 -0.979025 2.251915 -0.719254 1.034528 -2.136158 0.410362 -0.470233
-14.87289 -28.52558 31.93115 0.411996 -0.365757 1.585453 1.064894 0.804714 -0.800889 0.426862 -0.563949 0.841549 0.385721 0.498619 1.802736
5.127113 -30.52558 31.93115 0.549849 -0.951976 0.75051 -1.293831 0.888083 1.282084 -1.368363 -2.370088 -1.358525 -2.346158 0.816138 -0.352231
3.127113 -30.52558 31.93115 1.305198 -0.57472 1.563626 -1.609811 4.993575 2.827536 -3.22976 -3.284327 -2.977566 -3.480684 1.008007 -0.088862
3.127113 -32.52558 31.93115 2.242989 2.10542 2.184793 2.163004 4.74343 2.698014 -0.396049 1.394614 -0.836375 0.431873 0.593656 2.911402
1.127113 -32.52558 31.93115 -0.337357 -0.193336 2.706015 1.142353 6.570683 4.041835 -5.510984 -2.273727 -3.341591 -4.775744 -1.574974 -5.307003
13.12711 -34.52558 31.93115 0.066647 1.242101 -0.498247 1.353012 1.053708 1.896559 -1.03652 -0.407363 -0.679726 -1.165882 -0.458107 -1.041303
11.12711 -34.52558 31.93115 0.372425 1.317636 0.632784 1.574913 2.288258 0.444986 -1.377461 -0.241177 -0.217196 -0.91084 -0.342093 -0.892282
9.127113 -34.52558 31.93115 0.264974 0.289626 1.802934 0.301476 3.46068 -1.086574 -1.134533 0.14463 -0.711146 -0.30714 0.14041 -0.390319
3.127113 -34.52558 31.93115 1.390527 2.489359 0.293304 1.77791 1.40295 1.950767 1.257939 2.094612 0.637039 1.937114 0.601854 2.807605
1.127113 -34.52558 31.93115 1.755017 1.456369 2.817522 2.207348 4.349804 2.69205 -1.171059 1.130172 0.16683 -1.365884 0.522658 -0.296647
13.12711 -36.52558 31.93115 -0.263617 1.094315 -0.370156 0.037313 1.651008 2.644448 -1.794125 -4.118983 -1.319114 -4.187118 -0.746515 -3.531055
11.12711 -36.52558 31.93115 0.774342 1.914027 0.498615 1.314938 1.56368 1.567122 -0.933425 -1.318631 -0.85184 -2.203406 -0.775031 -1.74953
9.127113 -36.52558 31.93115 0.958957 -0.897277 1.80262 0.896604 2.065519 0.460468 -1.355103 0.523875 -1.307248 -2.278927 -0.947645 -0.616422
7.127113 -36.52558 31.93115 2.022266 -0.067729 2.192883 0.483033 2.477014 -0.784045 -0.00201 1.401395 -0.660655 -1.152753 -0.270684 -0.118537
5.127113 -36.52558 31.93115 0.419542 -0.145911 1.906763 1.451195 0.205889 -0.011333 0.058046 1.2517 0.501101 1.719888 -0.4826 0.384387
3.127113 -36.52558 31.93115 0.415447 0.166479 0.623545 0.437834 0.07053 0.288833 1.017266 1.037871 0.165037 1.832101 -0.955959 2.156465
-8.872887 -24.52558 33.93115 -1.431446 -0.003195 0.000522 -1.314888 -0.024489 -1.057041 -1.019228 -1.114669 -1.220795 -0.540467 -0.809587 -0.882302
-10.87289 -24.52558 33.93115 -2.01319 -1.056342 -0.975434 -0.749274 0.622651 -0.652632 -0.922101 -0.424292 0.118663 -1.087128 -1.053924 -0.22296
-12.87289 -24.52558 33.93115 0.026863 -2.064282 -0.739351 0.471643 0.467185 -0.923936 -0.028763 0.548975 -0.103863 -1.726393 -0.144911 0.054898
-14.87289 -24.52558 33.93115 0.682957 -3.464167 -1.039049 -0.759469 -0.689598 -1.099149 -0.202628 -2.325056 0.233695 -1.342963 0.109825 0.327203
-4.872887 -26.52558 33.93115 -0.475329 -2.205219 -1.424014 -0.310712 0.093746 0.192353 -0.495067 -3.290634 -0.812348 -1.27643 -0.439914 0.66899
-6.872887 -26.52558 33.93115 -0.007521 -1.332332 -0.271026 -2.483015 0.120173 -1.592873 -1.010173 -3.240616 -2.0012 -1.49993 -0.675646 -0.817876
-8.872887 -26.52558 33.93115 0.717243 -0.800509 0.505859 -3.238006 1.016174 -2.072144 0.614952 -1.355719 -0.285652 -1.167642 0.2635 -2.289136
-10.87289 -26.52558 33.93115 -0.279494 -1.355955 0.043516 -0.915893 0.53086 -1.677684 0.457476 -0.59287 0.536137 -0.217816 0.168759 -1.384843
-12.87289 -26.52558 33.93115 -0.009866 -0.894414 -0.339552 0.250995 -0.333419 -1.194386 -0.236632 -0.827538 -0.316607 -0.98352 0.548811 0.184924
-14.87289 -26.52558 33.93115 0.273415 -1.915656 0.29173 -1.499507 -1.142876 -1.412787 -0.375338 -1.371093 0.293444 -1.314759 0.928867 0.248289
5.127113 -28.52558 33.93115 1.96236 -1.701869 0.070801 -2.686881 0.109583 -0.519784 -0.193002 -2.682056 0.389593 -3.196793 -0.012514 -0.866075
3.127113 -28.52558 33.93115 1.827954 -2.681766 1.316334 -1.083995 0.624191 -1.365004 -0.099563 -0.085575 -0.396167 -2.044037 -1.311922 -1.908603
-2.872887 -28.52558 33.93115 -0.925074 -1.309078 -2.448457 -1.915254 -0.741561 -0.882836 -1.394727 -2.466799 -0.538074 -3.513658 -1.040513 -1.993087
-4.872887 -28.52558 33.93115 -1.328591 -1.651232 -1.474271 -2.359875 -0.291039 0.366105 -2.271691 -4.23771 -0.529149 -3.390786 -0.754985 -1.409758
-6.872887 -28.52558 33.93115 -0.84415 -0.900411 0.11915 -3.435743 0.57997 -2.360717 -1.683212 -4.221315 -0.917395 -3.418603 -0.433431 -2.497198
-8.872887 -28.52558 33.93115 -0.464116 -0.234508 1.157515 -2.812242 2.121908 -2.354914 0.662304 -3.11677 0.43253 -3.592683 0.193098 -3.193127
-14.87289 -28.52558 33.93115 0.193141 0.362054 1.762479 0.489594 0.176569 -0.726115 1.002715 -0.08637 1.290526 0.285767 1.175683 -0.121389
5.127113 -30.52558 33.93115 1.020407 -0.774552 0.452393 -0.289025 1.058938 1.403112 -0.088886 -0.722843 -0.271269 -2.023472 0.740922 0.541834
3.127113 -30.52558 33.93115 2.06681 -0.281721 1.18148 0.037792 1.943795 0.848995 -0.329442 0.955043 -0.693376 -1.967967 -0.040791 0.701327
11.12711 -32.52558 33.93115 1.028762 0.966167 1.567694 2.593703 2.502602 0.694354 0.344574 1.156681 0.289335 -0.182374 -0.311721 -0.292161
9.127113 -32.52558 33.93115 0.357863 1.188432 2.107781 1.549885 1.582644 -1.417216 1.012708 -0.457558 0.296206 0.579012 -0.458161 0.211316
7.127113 -32.52558 33.93115 -0.266313 -0.616604 1.495817 1.099141 1.350426 -1.795724 0.677172 -0.9065 0.082325 -0.715403 -0.144589 0.263483
3.127113 -32.52558 33.93115 1.158164 0.906386 0.444552 0.821068 1.517149 0.374164 1.297247 0.663022 -0.245656 -1.68807 -0.425986 1.324937
1.127113 -32.52558 33.93115 0.113299 0.619416 0.590299 -0.689681 1.21973 1.27503 -0.791538 -1.582016 -1.157925 -4.072551 -0.954537 -3.63687
11.12711 -34.52558 33.93115 0.688214 1.30788 1.045402 2.230773 1.305232 1.099677 -1.007837 1.031372 0.391111 -1.374913 -0.529186 -0.909121
9.127113 -34.52558 33.93115 -0.349606 1.880736 2.217619 1.325709 1.899603 0.264117 0.005785 1.175933 1.108869 -0.216334 0.870443 0.78993
7.127113 -34.52558 33.93115 0.271919 1.274227 2.298133 1.453627 3.004206 -1.232398 0.314405 1.820818 1.115192 0.325646 0.732002 2.539055
3.127113 -34.52558 33.93115 -0.244107 0.536983 0.329015 1.058632 0.310041 0.299712 1.144717 0.272763 -0.43744 -0.049635 -0.477962 3.059334
1.127113 -34.52558 33.93115 1.678221 3.427654 1.422389 -0.54474 2.819863 3.783554 0.348655 -0.000724 -0.039455 -3.579108 1.054514 0.345072
11.12711 -36.52558 33.93115 2.279224 2.45582 2.130953 2.757789 2.523025 3.039145 -0.74374 0.721812 0.346889 -1.759711 -0.309935 -0.683079
9.127113 -36.52558 33.93115 0.95578 0.467196 1.905036 1.36867 1.705829 1.697654 -0.551516 1.731861 -0.154804 -2.114455 0.032722 -0.582282
7.127113 -36.52558 33.93115 0.922358 0.820683 1.027138 0.873457 1.64841 0.184874 -0.254267 2.790852 -0.522113 -0.822879 -0.006845 0.608055
5.127113 -36.52558 33.93115 -0.03914 -1.311401 1.106369 1.968587 0.291216 -0.4383 -1.078126 0.50418 -1.330583 0.619456 -0.239191 1.375457
3.127113 -36.52558 33.93115 0.16581 -0.223656 1.369913 0.293159 0.371345 0.793516 -0.345152 0.340875 -0.415048 0.858391 0.124232 2.018918
1.127113 -36.52558 33.93115 2.782884 1.814116 2.746276 -0.361054 3.032655 4.50876 -1.714024 2.32321 -0.181355 -2.592452 0.600087 -1.318574
5.127113 -38.52558 33.93115 -0.636984 -1.379618 1.029563 1.348772 1.739508 1.530424 -1.731668 0.258022 -1.345578 -0.266645 0.266533 0.554315
3.127113 -38.52558 33.93115 -0.418375 -0.869709 0.461161 0.827188 1.563158 1.859996 -2.096559 -0.659051 -1.028883 -0.445792 0.522354 0.098471
-10.87289 -22.52558 35.93115 -0.296345 -0.568958 -0.378666 -2.240729 0.326214 -0.227482 -0.7019 -0.233004 -0.704902 -2.158553 -1.309322 -2.065985
-12.87289 -22.52558 35.93115 0.880487 -1.503504 -0.047473 -1.791646 0.81749 -0.739013 0.020936 0.135224 -0.893283 -0.562972 0.133079 -0.517555
-6.872887 -24.52558 35.93115 0.175833 -0.231657 0.970525 -0.22781 -0.374133 -1.59813 -0.160975 -2.459213 -0.960124 -0.434606 -0.110624 -0.380949
-8.872887 -24.52558 35.93115 -2.383988 -0.852678 -0.220309 -1.797103 -0.25175 -2.429986 -1.516011 -1.877429 -1.72947 -1.336745 -0.613193 -2.350509
-10.87289 -24.52558 35.93115 -2.637182 -2.635095 -1.505917 -2.566739 0.655805 -2.34448 -1.879944 -1.625984 -0.563981 -2.713487 -1.127988 -3.0985
3.127113 -26.52558 35.93115 -0.464701 -0.240869 -0.106032 2.388308 1.507933 -1.153765 0.923089 -1.176003 -1.899417 -0.708104 -0.167255 -1.062941
-6.872887 -26.52558 35.93115 -0.064477 -1.82239 0.046564 -2.440126 0.543217 -1.472706 -0.234162 -2.928031 0.033427 -1.111721 0.212513 -1.512112
3.127113 -28.52558 35.93115 -0.196821 -3.106231 -0.336768 -1.144918 -1.028069 -0.944628 0.06678 -1.459135 -1.268977 -1.46599 -0.712844 -2.247076
1.127113 -28.52558 35.93115 -2.893109 -3.148274 -2.860668 -2.170693 -4.277496 -1.594907 -1.530627 -4.926244 -0.732991 -1.198507 -2.368969 -2.952
3.127113 -30.52558 35.93115 1.128464 -1.972941 1.624874 -0.277827 0.205321 0.872832 0.299884 0.628987 0.512083 -1.588563 0.010153 -1.019644
1.127113 -30.52558 35.93115 -2.827751 -3.477845 -2.950541 -3.132958 -3.469331 -1.741128 -1.474806 -4.451929 0.449902 -2.168453 -1.917487 -3.821672
9.127113 -32.52558 35.93115 1.536595 0.262983 2.749222 1.958101 1.770445 0.162542 0.645464 0.840236 0.531656 1.149248 -0.183954 0.320645
7.127113 -32.52558 35.93115 0.096537 -0.412831 2.949263 1.467696 1.916432 -1.955491 0.467254 0.492613 1.064859 0.567787 0.374099 1.037236
5.127113 -32.52558 35.93115 0.993802 -1.184224 2.339252 0.468796 2.365192 0.11183 1.310757 1.040102 1.507058 -1.172357 -0.071359 0.365299
3.127113 -32.52558 35.93115 1.375203 -1.431169 1.845433 -0.751054 0.919888 1.098201 0.492868 -0.520454 0.889454 -1.896953 -0.347349 -0.974935
1.127113 -32.52558 35.93115 0.053291 -2.828643 -0.335171 -3.12626 -0.465463 -0.504972 -0.099049 -3.375118 1.933529 -2.199151 -1.22658 -3.264487
9.127113 -34.52558 35.93115 1.853281 0.414339 1.950251 2.186847 2.839617 0.373921 0.010105 0.827753 1.606742 -0.262408 -0.167196 0.482802
7.127113 -34.52558 35.93115 1.54675 0.597724 3.172282 2.384088 3.222331 -0.513979 0.568793 1.827789 2.545071 0.211376 0.251496 2.961322
5.127113 -34.52558 35.93115 1.249282 -1.196472 1.903505 0.887788 1.817807 0.65729 0.773904 -0.006614 0.719125 -0.776554 -0.757725 2.10615
3.127113 -34.52558 35.93115 0.180356 -0.510063 1.016531 -0.541092 0.250508 1.772006 0.296922 -1.622524 0.273315 -1.127668 -0.55193 1.549522
1.127113 -34.52558 35.93115 1.0413 0.672854 0.005443 -2.126112 0.851724 2.662492 -0.273326 -2.313719 1.133059 -2.542568 -0.443549 -0.064229
5.127113 -36.52558 35.93115 1.153772 -0.541882 1.698121 0.814604 1.247871 0.794625 -0.265286 -0.366316 0.130805 -1.64053 -0.062785 1.703509
3.127113 -36.52558 35.93115 0.58131 -0.546411 0.811403 -0.399027 1.388809 2.021606 -1.692859 -1.687792 0.643209 -2.244227 0.456989 -2.369433
1.127113 -36.52558 35.93115 2.328677 -0.189199 0.865265 -1.565738 2.296059 4.109718 -3.798816 -1.251241 -0.136372 -5.128556 0.081155 -5.288546
-12.87289 -22.52558 37.93115 0.734048 -1.254943 0.179905 -1.621012 1.553283 0.258963 0.219515 -0.471064 -0.938751 -0.808548 1.287268 -0.157404
-12.87289 -24.52558 37.93115 -1.699022 -3.579688 -0.67766 -2.971732 0.205823 -0.944758 -0.822408 -3.984734 -0.861884 -3.291727 -0.193126 -3.207812
3.127113 -26.52558 37.93115 -2.837212 -3.851907 -2.036568 -0.067537 1.341532 1.517459 -1.254673 -5.541455 -3.035688 -4.499097 0.046953 -4.75693
3.127113 -28.52558 37.93115 -2.190035 -3.19771 -1.141451 0.562511 -1.962544 1.128551 -0.765794 -2.888899 -2.841621 -4.126966 -0.094344 -4.664347
1.127113 -28.52558 37.93115 -2.579218 -4.683248 -1.091328 -2.885144 -0.957903 0.505236 -2.174812 -5.755619 -2.630621 -5.655615 -1.057285 -7.562584
3.127113 -30.52558 37.93115 -0.070325 -0.584096 0.624553 0.638876 -1.751737 0.59665 -0.471793 -0.948119 -1.055918 -2.287933 0.545972 -1.879743
1.127113 -30.52558 37.93115 -1.618328 -4.434167 -2.568715 -3.423293 -2.262228 -1.672516 -0.696647 -5.462953 -0.804844 -3.791657 -0.123634 -6.707329
7.127113 -32.52558 37.93115 -0.245943 -0.198991 2.578347 2.24485 1.376817 -0.116251 0.627165 1.031727 -0.218527 0.003101 1.197476 0.312533
5.127113 -32.52558 37.93115 0.276269 -0.325898 2.05056 0.932252 -0.533626 -0.158366 1.214292 1.847985 0.693884 -1.538289 0.371265 0.154858
3.127113 -32.52558 37.93115 1.281278 -0.213517 1.319089 -1.293756 -0.878251 -0.773437 -0.404586 -1.210904 0.216226 -1.738224 0.232364 -1.449764
1.127113 -32.52558 37.93115 -0.636865 -3.219274 -1.658937 -3.223291 -0.59803 -1.777544 -0.723051 -4.913335 1.129813 -1.286535 -0.078788 -4.809254
7.127113 -34.52558 37.93115 1.508372 -0.609115 3.380925 2.298476 3.419174 0.759686 0.574929 1.282013 1.62732 -0.154463 0.457494 1.914947
5.127113 -34.52558 37.93115 1.557995 -0.76503 3.151013 1.053979 1.736734 1.095246 0.744748 1.649698 0.875232 -1.012249 -0.128476 0.825885
3.127113 -34.52558 37.93115 0.056371 -0.759417 1.084001 -0.612168 0.571472 1.312641 -0.823986 -1.254313 0.182001 -1.708185 -0.983151 -1.604248
5.127113 -28.52558 39.93115 -1.322823 -0.570294 -0.416534 0.570535 -0.375991 0.796848 -0.291309 0.729073 -0.946509 -0.824231 1.16691 -0.2926
3.127113 -28.52558 39.93115 -0.354544 -0.063682 -0.901032 0.540022 -0.660175 1.086202 0.463486 -2.817074 0.735868 -3.502409 1.754223 -3.91533
5.127113 -30.52558 39.93115 -1.37855 0.262772 0.651588 2.73627 1.180345 0.132888 -0.501759 0.435724 -1.603457 -1.365184 1.015253 -0.237342
3.127113 -30.52558 39.93115 0.55176 0.440928 -0.872939 1.884566 -1.024951 -0.201878 0.575087 -3.58604 0.219204 -2.327484 2.389572 -1.054243
1.127113 -30.52558 39.93115 3.186803 -6.681078 -1.374096 -4.102813 -2.525503 -2.322241 -0.638893 -5.953493 3.036124 -7.548563 -0.125484 -12.75758
7.127113 -32.52558 39.93115 0.870016 0.74922 2.332458 3.945386 3.051312 1.936334 0.340494 -0.286364 -1.353087 0.051269 0.963205 -1.785621
5.127113 -32.52558 39.93115 -0.302928 -0.065975 1.272375 2.705857 0.708407 -0.128462 0.262944 -0.684578 -0.378721 -1.556588 0.909231 -0.359223
3.127113 -32.52558 39.93115 -0.740879 0.662456 -1.341463 1.343209 -1.0196 -0.853809 -0.868436 -4.270644 -0.283835 -2.729484 1.249278 -1.2662
3.127113 -30.52558 41.93115 1.724741 1.603446 2.232635 0.075277 2.092484 0.140349 2.086703 -0.854447 1.918328 -1.812639 2.484718 0.596281
