1.396561 -28.20225 12.79171 1.409313 2.764958 -0.055208 -1.601877 0.160337 2.008446 -0.190502 2.199195 -1.145908 0.263125 0.251246 1.734653
-0.603439 -28.20225 12.79171 4.346902 5.471259 0.759441 2.426805 3.689334 2.271013 0.052528 1.615523 0.649267 1.02006 2.493726 2.549682
-2.603439 -28.20225 12.79171 2.967557 8.432574 2.295009 6.113341 4.900302 2.195697 -3.026536 2.2674 0.133714 4.078531 6.804018 2.408993
1.396561 -30.20225 12.79171 0.418568 2.246465 0.46777 -0.435205 0.585678 0.21184 0.23977 1.871009 -0.127833 0.917678 0.282405 2.043501
-0.603439 -30.20225 12.79171 3.252044 5.036139 1.581285 0.293279 1.614798 2.078448 1.278711 1.09441 2.172713 -0.917864 1.489147 1.004639
-0.603439 -32.20225 12.79171 0.983048 1.907512 1.110764 -1.056896 -0.172145 -0.108379 0.563068 -0.168542 0.773528 -0.45229 0.331124 -0.049257
-10.60344 -24.20225 14.79171 -0.419409 5.37579 2.726872 6.334643 -0.286291 1.335384 -2.276121 2.112421 0.134929 2.70415 0.291811 0.447313
-0.603439 -26.20225 14.79171 2.415378 2.475466 6.821221 3.877082 3.964915 -0.009433 1.706195 -3.895902 1.057291 -0.086057 3.324797 -0.065791
-2.603439 -26.20225 14.79171 6.494601 3.040723 12.92455 6.180576 5.465205 2.101763 2.834488 -12.30497 7.01372 -4.171612 4.422082 -3.737873
-10.60344 -26.20225 14.79171 -1.855833 9.075372 1.175733 5.716605 -0.976147 4.183444 -3.120419 2.935141 -3.065201 1.72434 -2.195567 1.487735
1.396561 -28.20225 14.79171 -1.717032 3.49693 -0.841615 2.958599 -2.299676 4.505358 -2.040674 2.273171 -2.806824 0.439475 -1.999408 2.538493
-0.603439 -28.20225 14.79171 3.406276 2.648646 5.676535 2.781629 3.322511 1.894299 1.423777 -3.014159 0.210801 -0.462397 2.092595 1.258548
-2.603439 -28.20225 14.79171 8.910312 1.349827 11.83627 2.365254 8.840528 -4.312909 4.002974 -11.0602 3.180118 -4.032566 6.789004 -2.138471
1.396561 -30.20225 14.79171 -1.051697 4.1164 1.323683 1.827022 -1.547399 2.131896 -0.621392 1.43591 -0.426341 2.179821 -1.427657 1.966026
-0.603439 -30.20225 14.79171 1.239965 2.927732 3.421339 1.643898 0.5099 1.651556 0.01097 -0.112095 -0.307677 -0.524987 -0.126443 0.738667
-2.603439 -30.20225 14.79171 4.372287 1.9254 5.731757 1.727692 3.166239 -3.94739 1.927534 -3.955805 -1.236592 -0.972911 4.057631 -0.881694
1.396561 -32.20225 14.79171 -0.621736 1.419784 4.138547 1.301502 0.130834 0.207846 0.087062 2.936924 1.82609 2.205408 -0.24451 1.66388
-0.603439 -32.20225 14.79171 -0.472682 1.156366 3.146524 1.894665 -0.804451 -2.355584 -0.094197 1.725944 0.475339 0.159023 -0.649425 -0.847057
-2.603439 -32.20225 14.79171 -0.974247 2.671597 2.520612 2.257248 -2.167907 -2.875753 -0.783178 0.91914 -0.712589 1.412177 1.536887 -0.521085
1.396561 -34.20225 14.79171 -1.614905 2.58636 -1.203556 1.769358 -1.425784 3.263194 -1.539657 1.683156 -0.280541 2.073457 -1.942837 0.893386
-0.603439 -34.20225 14.79171 -1.048534 1.320337 -0.193779 1.571876 -0.213071 -1.834898 -1.622191 1.719421 -0.541343 0.584881 -2.523892 0.02833
-2.603439 -34.20225 14.79171 -0.450489 3.264879 1.143583 2.167888 -0.370396 -2.782166 -0.69757 1.428554 0.417889 1.353968 1.212009 0.529458
-0.603439 -36.20225 14.79171 -0.275678 1.119069 2.100026 0.825507 2.279738 0.974412 -0.554352 1.724878 -2.552068 0.171392 -0.162681 -0.398113
-2.603439 -36.20225 14.79171 0.479529 1.644008 1.938249 1.848423 1.539845 -0.923372 0.533737 0.648686 -1.080778 -0.121785 1.994105 -0.677127
-4.603439 -24.20225 16.79171 0.918195 3.364907 -3.901468 3.699319 -1.154754 4.152451 -2.739109 1.782471 -2.689122 -0.712649 -3.467955 -1.33331
-6.603439 -24.20225 16.79171 -0.553054 2.948939 1.087471 3.097858 0.555279 1.758601 -0.714823 1.235193 1.792718 0.154445 -1.398838 1.246149
-8.603439 -24.20225 16.79171 -0.768211 0.496649 1.284419 1.639644 -0.333313 -2.053488 -1.855507 0.095277 1.036891 0.760287 -1.067643 0.342591
-10.60344 -24.20225 16.79171 -0.11647 1.153657 2.118103 1.118405 -0.70725 -2.49922 -1.703048 -0.500281 1.440934 1.3309 0.740817 0.652369
-0.603439 -26.20225 16.79171 -1.421368 5.096365 4.190447 4.599306 0.384385 1.383888 1.192285 -0.607402 -0.949695 -0.319317 -0.095125 1.125169
-2.603439 -26.20225 16.79171 1.368062 1.428023 5.72519 3.910294 -0.5875 0.893108 4.146152 -6.181474 -2.531537 -1.515151 0.822703 -0.031306
-4.603439 -26.20225 16.79171 3.060197 3.96081 1.639869 3.170417 1.217569 4.429297 -2.912598 -0.846315 -1.218603 -1.114827 0.893011 -0.144478
-6.603439 -26.20225 16.79171 1.684097 4.18064 1.884976 1.349025 -0.303236 4.359179 -0.474256 1.20568 1.946888 1.154343 0.816808 1.822316
-8.603439 -26.20225 16.79171 0.368479 1.842415 0.707677 -0.298835 -0.684483 1.616191 0.62147 -1.163999 0.766242 -0.429574 1.44908 1.231942
-10.60344 -26.20225 16.79171 -0.888373 2.421569 1.887968 1.721716 -0.255597 2.430525 -0.988059 -0.130102 0.17658 0.319096 1.469375 0.769051
-0.603439 -28.20225 16.79171 -0.962738 3.428881 3.75061 3.682209 -0.083831 1.731707 2.781686 -2.772673 -0.169217 -1.459488 0.033033 -0.078783
-2.603439 -28.20225 16.79171 3.646202 -1.789483 9.909244 0.506517 4.372687 -4.201004 7.353352 -11.66528 -0.193549 -4.927997 2.705458 -1.891977
-4.603439 -28.20225 16.79171 5.022378 2.058517 2.294628 1.252648 6.233059 -2.29219 1.614752 -7.07463 -0.972769 -4.602802 0.083802 -0.177875
-6.603439 -28.20225 16.79171 1.826581 2.579757 -2.620757 0.138306 3.726031 -1.637353 1.017999 -1.456333 -1.34247 -2.354242 -1.840219 1.664028
-8.603439 -28.20225 16.79171 -0.555239 3.087937 -1.501223 -0.008683 -0.730618 2.807662 0.18832 -1.21995 -1.701078 -0.436153 0.295265 1.746089
-10.60344 -28.20225 16.79171 -1.073697 3.181277 1.678892 2.261837 -0.878501 3.858461 -0.186128 -0.770977 -2.442397 -0.007235 0.512537 1.127684
-0.603439 -30.20225 16.79171 -1.560837 4.291828 1.922136 3.971974 0.150854 2.807316 0.392844 -0.051931 0.423855 -0.846029 -0.52255 0.383017
-2.603439 -30.20225 16.79171 -0.060568 2.359163 5.805518 1.429968 2.557478 -2.254625 3.31641 -7.71479 -0.34636 -2.628259 1.154509 -0.469581
-2.603439 -32.20225 16.79171 -3.38237 2.128952 1.063492 1.78442 -1.886286 -1.500842 -0.719903 -0.621484 -1.120902 -0.381629 -0.658253 -0.576921
1.396561 -34.20225 16.79171 -2.592963 0.500206 -1.695369 3.018915 -1.221696 1.355132 -2.224406 1.220673 -0.551276 0.637327 -3.226435 0.615233
-2.603439 -34.20225 16.79171 -1.631284 0.858159 1.712235 -0.232259 0.265301 -2.259271 -0.239977 1.693769 -0.090606 1.847196 0.451229 -0.481185
3.396561 -36.20225 16.79171 -0.579708 1.493751 2.084389 -0.445887 -0.80845 0.328913 -1.467115 -1.479485 -1.553548 -0.384276 0.18553 0.411003
1.396561 -36.20225 16.79171 -0.984197 0.221588 0.422669 0.11532 -0.383428 1.374685 -1.895331 -0.339374 -1.729926 0.283414 -1.420039 0.105453
-0.603439 -36.20225 16.79171 0.021444 -1.539412 2.941274 -2.196053 1.816913 0.199962 -0.464111 0.579463 -0.769069 0.469043 -0.340696 -0.700983
-2.603439 -36.20225 16.79171 -0.073247 -0.908482 4.263101 -2.43366 1.415465 -1.779585 1.707878 1.105824 0.595785 -0.963431 2.629206 -0.792149
1.396561 -38.20225 16.79171 -0.915847 2.584581 1.317829 0.143307 0.6447 1.710179 -1.593586 -0.092023 -0.670141 1.0024 0.011942 0.062013
-0.603439 -38.20225 16.79171 -0.626281 0.827801 1.751862 -0.636584 0.897463 0.153113 -0.3446 0.369831 -1.312879 0.783601 -0.513807 -0.131101
-2.603439 -38.20225 16.79171 -0.337638 -0.794358 2.377143 -0.835565 0.06451 -1.330531 0.478812 1.075624 -1.560763 -0.447463 0.296088 -0.469824
-4.603439 -24.20225 18.79171 -0.466172 2.497261 -1.445263 2.133292 -0.026492 1.135156 -1.130612 -1.149064 -2.123726 -3.693785 -0.764581 -1.225382
-6.603439 -24.20225 18.79171 -0.081449 4.072635 1.952904 4.407871 1.923124 2.339536 -0.373727 1.001604 1.177878 -0.611116 -2.159111 1.500466
3.396561 -26.20225 18.79171 2.803491 0.689738 4.605642 -1.714139 0.684339 0.670228 -1.881579 -0.382442 -0.418908 0.931657 1.183898 0.799484
1.396561 -26.20225 18.79171 0.383132 3.538308 3.220515 2.344314 -0.769962 1.162622 -3.276432 0.39226 -1.532413 -1.690214 -0.580965 1.005527
-0.603439 -26.20225 18.79171 -0.261009 7.368649 -0.964414 6.736532 1.089203 3.225689 -2.114336 -0.100913 -1.727326 2.534764 -0.86474 2.370956
-4.603439 -26.20225 18.79171 0.937313 1.724121 -2.02747 1.777622 -0.147673 2.151022 -2.771487 -1.011152 -1.646978 -2.991935 0.838283 -0.21353
-10.60344 -26.20225 18.79171 -0.625204 -1.276368 3.938152 -0.486956 1.007442 0.594925 -0.145597 0.043998 -0.487853 1.362283 1.275106 0.749339
3.396561 -28.20225 18.79171 1.644205 1.761818 5.316411 -0.722967 1.771105 0.934962 -2.864388 -0.834689 -3.251742 0.452672 -1.44609 -0.820728
1.396561 -28.20225 18.79171 -1.467818 4.603864 1.764523 1.119481 0.017079 3.139564 -3.235488 -0.411996 -4.206449 -1.782284 -2.339843 -0.025325
-0.603439 -28.20225 18.79171 -1.620137 6.813492 -1.924675 5.207777 0.327095 3.426627 1.645322 -2.508328 0.363812 2.072849 -0.288761 0.29374
-4.603439 -28.20225 18.79171 0.523273 3.008268 -4.796612 3.037055 -0.02667 0.777299 -1.300344 -2.707159 0.808088 -1.317009 -3.370929 0.921521
-6.603439 -28.20225 18.79171 -1.858995 -0.020765 -4.696072 -0.800462 -1.472962 0.697399 -0.218815 -0.425185 1.200994 -2.783891 -3.522114 -0.056158
-8.603439 -28.20225 18.79171 -1.020606 0.964928 0.097537 -0.576841 -0.577639 3.971371 1.495341 0.304742 0.097777 -1.128317 0.878339 0.381833
-10.60344 -28.20225 18.79171 -0.580072 0.419322 2.957846 2.189944 1.80875 1.881206 1.507383 -0.745115 -0.171078 -0.21731 2.402668 0.163224
-12.60344 -28.20225 18.79171 -1.124717 -1.501037 1.020162 1.170304 -0.126218 0.387418 0.551595 -0.176102 -1.082778 -0.038718 1.397914 -1.477922
3.396561 -30.20225 18.79171 -0.237327 3.520416 5.163771 1.711267 1.181819 1.387844 -2.224059 -0.688897 -3.305296 -0.609094 -1.001352 0.609523
1.396561 -30.20225 18.79171 -1.104542 6.067435 1.319827 3.599179 -0.998775 5.026402 -2.441107 0.064649 -3.90862 -1.430215 -0.737115 0.57891
-0.603439 -30.20225 18.79171 -0.413074 5.148824 -0.4443 5.05361 0.424921 3.63524 0.672797 0.495078 1.592323 0.57599 0.829205 0.483763
-4.603439 -30.20225 18.79171 -1.427783 4.951058 -1.29903 3.888571 -2.51605 1.19912 4.315727 -4.247405 1.087742 0.449789 -3.283816 1.112021
-6.603439 -30.20225 18.79171 -1.852336 1.67838 -1.884305 -0.463216 -3.496959 -0.961727 4.124683 -2.309279 -0.131189 0.720189 -1.470763 0.43083
-8.603439 -30.20225 18.79171 -0.362787 1.620112 0.445819 0.084175 -0.903067 0.60163 0.286101 0.05262 0.333966 0.282873 -0.296314 0.196647
-10.60344 -30.20225 18.79171 -0.226933 0.955709 2.280008 1.173624 0.844633 -0.00205 -0.238048 -1.038711 -0.445217 -1.932714 -0.058999 -0.020623
-14.60344 -30.20225 18.79171 -0.301476 -0.661091 2.205169 -1.131264 1.871465 -0.74174 -1.708648 -0.184167 -2.56562 -0.636304 0.122016 -2.38519
1.396561 -32.20225 18.79171 -1.809783 5.823966 1.145793 4.193785 -0.320138 3.420409 -3.080639 0.225896 -1.458325 0.375914 -2.223034 -0.090699
-0.603439 -32.20225 18.79171 0.387212 2.045645 1.521648 4.519813 0.432478 2.6807 -1.456786 2.334644 1.973613 0.607055 0.584536 -0.109066
-2.603439 -32.20225 18.79171 -1.455666 0.638975 0.310698 3.659227 -1.117056 -0.29052 0.801365 0.187184 2.447494 -1.042217 0.791528 -0.061242
-6.603439 -32.20225 18.79171 0.017199 -0.273185 2.698879 -1.248761 -4.690659 3.022178 4.896857 -2.543226 0.723842 5.51034 2.252542 -0.600386
-2.603439 -34.20225 18.79171 -0.656048 1.527411 1.144768 0.351198 -0.016297 0.340652 0.133213 0.591621 0.292966 1.073825 0.503582 1.050044
-8.603439 -34.20225 18.79171 -0.898151 4.206192 3.91338 3.265336 -0.314694 4.667161 0.432379 -0.785206 -0.224898 1.01454 1.966257 -0.028208
3.396561 -36.20225 18.79171 0.858272 0.849418 3.003101 -0.464847 1.058112 0.045684 1.561206 -0.157149 1.155838 0.257891 1.485513 -0.015766
-2.603439 -36.20225 18.79171 0.974807 0.791434 3.117453 -1.168714 -1.16555 -1.291348 0.734777 0.475583 0.002879 0.592091 1.271104 0.635589
-4.603439 -36.20225 18.79171 -0.549415 1.525743 1.587268 -0.733018 -3.846752 1.291194 0.320521 0.712072 -3.663155 2.109626 1.042343 -0.188835
-2.603439 -38.20225 18.79171 0.398957 -0.041277 2.099421 -1.610748 -0.479274 -2.964774 0.113451 0.637311 -1.948047 -1.138166 -0.13666 0.108263
-6.603439 -22.20225 20.79171 0.398731 1.751895 3.37268 1.02309 2.420475 -0.609067 1.316966 -0.667029 1.943074 -2.096213 0.81672 -1.876651
-6.603439 -24.20225 20.79171 -0.787107 1.051746 2.849676 2.325688 3.698971 3.205773 0.288869 -1.153949 1.413677 -1.387409 0.010143 0.199706
-8.603439 -24.20225 20.79171 -1.149172 0.02433 -0.622018 -1.193705 -0.994158 1.784765 -2.084937 -0.519121 -1.308998 0.040954 -1.289391 -0.751999
1.396561 -26.20225 20.79171 1.658585 1.825336 2.863198 0.374558 2.267986 0.923851 1.854867 -1.055486 0.749159 -2.604614 2.191339 -0.193105
-4.603439 -26.20225 20.79171 0.019608 -1.771995 -4.711201 0.483688 -1.760334 -0.723523 -0.968552 -4.251118 -1.43322 -3.610943 0.054201 -2.60879
-6.603439 -26.20225 20.79171 -1.382873 -0.998339 -1.536082 1.531148 -1.917138 1.03465 -0.60589 -2.61323 -1.399765 -1.739927 -1.134635 -1.498857
-8.603439 -26.20225 20.79171 0.428893 0.776148 1.12183 -0.978653 -0.00477 2.158744 -0.604683 -0.438514 -2.383335 0.077765 0.134068 -1.772732
3.396561 -28.20225 20.79171 0.767941 -1.226207 4.168563 -0.822613 -0.192464 -0.746119 -0.635657 -1.854227 -2.665614 -2.253745 -0.157118 -2.716973
-4.603439 -28.20225 20.79171 -0.721588 -2.755869 -6.592034 2.898609 0.116424 -1.030797 0.023043 -2.878561 -0.27824 -0.731991 -2.144629 -2.591604
-6.603439 -28.20225 20.79171 -0.923228 -0.547494 -3.188878 0.693713 -2.073233 0.463449 -1.18151 -0.903168 -1.512324 -0.441082 -3.500533 -1.259926
5.396561 -30.20225 20.79171 -2.02267 0.59715 0.985128 1.048966 -0.196307 0.741466 -1.054036 0.034832 0.065058 -1.302022 -1.161019 0.428313
3.396561 -30.20225 20.79171 0.262051 0.614694 5.727303 -0.044212 1.493057 -0.190508 -1.546247 -1.25633 -3.437587 -2.396374 -0.156736 -0.879509
-4.603439 -30.20225 20.79171 0.929679 0.974477 -2.147249 4.872565 1.048043 -0.622463 0.102129 -2.78303 0.561509 0.536487 -0.095431 -0.792391
-6.603439 -30.20225 20.79171 0.841068 3.063116 -2.081737 2.278774 1.382396 0.054336 -0.293723 -1.399491 0.46359 1.111852 -0.297378 0.090689
-10.60344 -30.20225 20.79171 0.701936 1.268295 2.295436 -0.899328 1.647856 -0.439522 0.239412 -0.191885 2.394126 -0.342025 1.864096 1.679836
-12.60344 -30.20225 20.79171 0.795961 -0.281623 0.505415 -0.811743 0.670194 -0.675585 0.504005 0.169752 1.124911 -1.318947 0.521272 -0.210892
-14.60344 -30.20225 20.79171 0.455086 0.20042 -0.468064 -2.197909 -0.044283 -1.04751 -0.053028 -1.026692 -0.379172 -0.84897 0.216444 -1.573212
3.396561 -32.20225 20.79171 0.871844 4.566062 5.097578 1.557297 2.475728 2.023932 -1.693975 1.026457 -1.992779 -0.244562 1.480269 0.573084
1.396561 -32.20225 20.79171 0.374581 3.562564 3.649747 2.974161 -0.088591 3.268335 -3.04877 -0.815435 -2.435176 0.359939 -0.650627 0.14122
-0.603439 -32.20225 20.79171 1.2323 1.299614 2.073068 3.992273 -0.508515 -0.095399 -1.05289 0.375663 1.94623 -0.089054 2.206084 0.096097
-4.603439 -32.20225 20.79171 1.522351 -0.555384 0.88298 4.386041 1.41253 -0.647732 3.813277 -2.013618 0.919796 1.418195 2.813407 -1.156952
-6.603439 -32.20225 20.79171 1.542033 1.973082 2.270049 2.199232 0.698318 1.148434 3.351018 -0.566665 1.084934 1.410837 3.896805 0.662929
-8.603439 -32.20225 20.79171 0.533537 1.030947 2.161605 0.923904 0.78772 0.076943 1.095414 -1.461855 1.645318 -0.964076 1.601773 1.115905
-10.60344 -32.20225 20.79171 0.802105 1.301379 2.775665 1.072185 -0.45534 2.577196 0.689143 -0.569168 1.818215 -3.237116 1.088016 1.975852
-12.60344 -32.20225 20.79171 0.775744 -0.884035 1.414018 -1.893146 0.214881 -0.074415 0.784884 -0.869641 0.871798 -2.856621 0.926764 0.806418
-14.60344 -32.20225 20.79171 0.268672 -1.028318 -0.287285 -2.754052 -0.142542 -1.474363 -0.54129 -1.155509 -0.086269 -1.623182 0.202571 -0.676172
1.396561 -34.20225 20.79171 1.201723 4.654362 3.698246 2.296383 2.137197 2.836486 -0.422333 0.228713 0.264798 1.360753 -1.282217 1.038727
-0.603439 -34.20225 20.79171 1.143708 3.275028 1.753538 2.461792 0.910074 0.59823 -0.69882 0.920289 0.313302 0.556497 0.576448 1.259786
-2.603439 -34.20225 20.79171 -0.428397 0.902126 -3.144353 2.319167 0.066891 -1.032856 -3.594172 -1.183911 -2.98013 -0.091296 -1.463139 -0.53726
-6.603439 -34.20225 20.79171 1.414565 2.353541 4.465823 0.361981 1.895271 2.701709 3.672444 0.409147 0.357664 0.900411 4.214381 0.227098
-8.603439 -34.20225 20.79171 -1.161041 1.58239 2.025567 1.136512 1.06391 2.676285 -0.060039 -0.746613 0.516332 -1.496115 1.332449 0.540576
-10.60344 -34.20225 20.79171 -0.855672 0.966057 0.115667 1.416593 -0.252442 3.68696 -1.757903 -1.063061 -0.75536 -2.664873 -0.84762 0.87624
-12.60344 -34.20225 20.79171 0.676363 -0.119236 1.179473 -0.203902 -0.217001 0.834568 -1.604333 -0.571485 -0.655588 -1.555168 -0.091242 0.019363
-14.60344 -34.20225 20.79171 0.701834 -0.157242 1.858289 -1.18809 -1.105911 -0.965824 -1.511329 -0.336638 0.105094 -0.573529 -0.113974 -0.52926
-0.603439 -36.20225 20.79171 2.252943 5.889115 1.614794 4.042761 1.047073 3.631046 0.34407 1.490556 -0.04715 1.498032 0.81678 1.873289
-2.603439 -36.20225 20.79171 0.908777 3.196116 -1.560937 -0.037441 -1.498323 2.194467 -3.99015 0.785879 -4.474213 -0.319403 -1.996893 0.503319
-4.603439 -36.20225 20.79171 -0.252525 4.644763 0.202535 0.868079 -0.249057 3.326064 -1.90997 1.054269 -5.528418 -0.410871 -1.139765 -1.26715
-2.603439 -38.20225 20.79171 0.413554 2.646643 0.175775 -1.432837 0.448503 1.004586 -0.746694 1.448879 -1.83624 -1.40425 0.287125 0.700999
-8.603439 -24.20225 22.79171 -1.475579 -0.898097 0.024689 -2.609285 -0.274483 -1.834873 -0.819821 -0.495627 -0.738181 0.596529 0.636385 -1.125064
-6.603439 -26.20225 22.79171 1.017694 -1.44551 -1.438143 -0.030979 1.44363 -3.445157 -1.943997 -3.94496 -1.710378 -2.008888 -1.072879 1.271031
-8.603439 -26.20225 22.79171 3.021361 1.279654 5.584106 -1.261043 0.984356 0.833656 2.267337 0.144305 -1.728054 0.764498 1.446361 -1.074924
-4.603439 -28.20225 22.79171 -2.310536 -0.393069 -4.212013 2.218892 1.132768 0.123334 1.54366 -3.84888 -4.333731 -1.706842 0.057371 -1.369789
-6.603439 -28.20225 22.79171 -0.873457 0.229695 -2.407451 1.167276 -0.453856 0.048926 -1.209325 -0.338824 -6.440503 -0.840132 -3.601948 0.041501
-8.603439 -28.20225 22.79171 4.464718 5.307699 9.491853 1.173587 3.612378 4.615235 4.970115 3.398781 -1.683231 2.038975 1.988775 1.177389
5.396561 -30.20225 22.79171 -2.832732 -2.878038 -2.17562 -3.885861 -0.257367 0.112719 -0.226575 -1.951084 0.064123 -1.503138 -1.213989 -0.515655
3.396561 -30.20225 22.79171 -1.222386 -2.525032 -1.057186 -3.281969 0.00804 -0.517043 -0.309834 -1.832571 -1.234388 -1.755957 1.09205 -0.108655
-4.603439 -30.20225 22.79171 1.176187 2.789423 1.518079 1.3148 3.095495 1.336712 -0.830125 -2.553613 -3.860219 -1.937494 1.696243 -0.212187
-6.603439 -30.20225 22.79171 -1.82501 1.580269 -1.938352 -1.755735 2.74665 1.784059 -1.661575 0.291462 -4.419265 -0.051151 -2.144803 0.655483
5.396561 -32.20225 22.79171 -1.544375 0.04508 0.27742 -1.174485 0.064834 1.837595 0.148466 0.857484 -0.874769 -1.463347 -0.720887 1.037748
3.396561 -32.20225 22.79171 -1.177597 2.463723 0.767502 0.426504 -0.36003 3.163718 -1.602623 1.189154 -2.598162 -1.503404 -0.897599 1.207229
-4.603439 -32.20225 22.79171 3.116349 4.556491 3.023169 5.319458 3.761144 2.790055 0.290709 -1.462173 -2.589559 -2.329869 1.335845 -0.062876
-6.603439 -32.20225 22.79171 -0.090286 1.143283 -0.972904 0.589203 0.45779 3.273727 -2.470104 0.593205 -2.653627 -2.364639 0.93631 1.38114
-14.60344 -32.20225 22.79171 1.122668 0.221236 -0.671948 -2.908104 1.094801 -0.467133 0.189353 -0.660253 0.802495 -0.928802 0.25709 0.557559
3.396561 -34.20225 22.79171 -0.981296 4.972287 2.378827 1.775866 -0.500815 4.318894 -0.779973 1.705013 -1.595124 -0.421099 -1.405834 0.46263
1.396561 -34.20225 22.79171 -0.081535 3.871982 2.057852 1.608901 1.018844 3.830709 -0.338527 0.688837 -0.346773 -0.148684 -1.531816 1.311145
-0.603439 -34.20225 22.79171 -0.445855 1.556018 0.852509 1.838808 0.236109 0.666985 -1.327736 1.162361 -0.180989 0.082137 0.801217 1.130424
-4.603439 -34.20225 22.79171 2.043181 4.650422 -1.302666 2.795114 6.54139 2.124141 -1.057819 0.240037 -4.22593 -1.851133 -2.142624 0.588064
-6.603439 -34.20225 22.79171 0.754631 1.197933 -0.00213 -0.707375 2.876544 2.55633 -0.868495 1.532174 -2.011714 -3.288002 1.353798 0.621804
-8.603439 -34.20225 22.79171 -1.321109 -0.222333 -0.006261 -0.499962 -0.4058 2.382062 -2.131327 0.359685 -0.916002 -1.765332 -0.173314 1.089541
-10.60344 -34.20225 22.79171 0.184602 1.167996 -0.009996 2.346502 -0.277918 2.38627 -0.583263 -1.020932 -1.266935 -1.306042 -0.195706 0.958236
-12.60344 -34.20225 22.79171 1.496034 2.135378 -0.713039 1.615371 0.080991 2.627347 -0.207741 0.22534 -0.240493 0.121352 0.83588 0.821104
-14.60344 -34.20225 22.79171 0.780761 2.211061 -1.000887 0.281504 -0.869601 2.622961 0.001378 0.913429 1.311058 0.913096 -0.472011 1.035852
1.396561 -36.20225 22.79171 0.284434 3.683531 0.861031 1.417963 1.131117 3.462442 0.163678 0.277604 -0.481933 -0.630666 -0.995093 0.93675
-0.603439 -36.20225 22.79171 0.612284 2.118573 0.154521 0.794149 1.299725 1.677139 -1.609886 0.767286 -1.305779 -1.100348 -1.289102 0.171448
-2.603439 -36.20225 22.79171 1.155228 3.025166 -2.414138 -0.913659 0.704095 3.403743 -4.541517 2.431736 -3.42474 -0.828813 -3.547268 0.34529
-6.603439 -36.20225 22.79171 0.674142 0.275966 0.832065 2.85346 5.650517 3.23759 -0.092554 -0.782964 0.033619 -2.457019 0.251467 -1.026049
-8.603439 -36.20225 22.79171 -0.560999 2.464205 1.135557 2.464919 0.813332 3.086618 -0.338992 -0.76542 -0.729664 -1.709132 0.315596 0.136054
-10.60344 -36.20225 22.79171 -0.471997 3.488606 0.297865 3.231871 -0.041954 2.942536 -0.27521 -0.02875 -0.728676 -0.725435 0.132569 0.586728
1.396561 -38.20225 22.79171 0.648504 4.07564 0.645007 3.527946 -0.764005 2.688295 -0.026647 0.853619 -1.361636 0.41108 -0.615099 1.226662
-0.603439 -38.20225 22.79171 0.776781 3.521129 0.447866 1.319191 -0.510595 1.517117 -1.787614 0.530301 -1.945923 -1.635922 -1.481128 0.032678
-2.603439 -38.20225 22.79171 0.699712 2.343564 0.007116 -1.030168 0.567289 1.572408 -1.086727 0.414312 0.071258 -1.033886 -0.127588 0.712005
-8.603439 -28.20225 24.79171 4.398413 -0.568458 1.547266 -1.232089 4.379221 2.327053 2.620641 -0.073984 0.081803 -1.403887 -0.019807 -1.214621
3.396561 -30.20225 24.79171 -1.294928 -3.043245 -2.271661 -2.758035 0.745132 -2.10269 -0.175104 -0.490998 -0.851609 -1.899286 1.127338 0.06997
1.396561 -30.20225 24.79171 -0.660778 0.131119 -0.510019 -2.343972 -0.184622 -0.689631 -0.60366 -0.991666 -1.51158 -0.820171 0.920705 -0.769963
-6.603439 -30.20225 24.79171 -4.848726 2.784026 -7.518833 -1.105489 -0.822297 -1.163977 -1.343371 -1.798767 -2.382901 -0.136385 -1.881995 -0.24545
-8.603439 -30.20225 24.79171 -2.446595 -0.535541 -0.854598 -3.989259 1.38855 -1.129038 -1.477361 -0.557104 -2.093309 -1.244553 -1.096035 -0.187454
5.396561 -32.20225 24.79171 -0.890181 0.92163 1.354712 0.241768 -0.16451 2.320464 -0.265255 0.345274 -1.356104 -2.564651 1.151543 -0.796752
3.396561 -32.20225 24.79171 -1.370334 3.160728 1.828776 0.207101 0.268742 1.782605 0.179185 0.532082 -2.140059 -2.024605 0.688977 -0.728144
1.396561 -32.20225 24.79171 -0.621005 2.401073 1.40805 0.233522 0.402694 2.228891 0.37227 0.389306 -1.57848 0.711274 0.693503 -0.073367
-6.603439 -32.20225 24.79171 -1.737735 2.150055 -1.685032 3.301846 -2.369058 5.042719 -4.46361 -2.292482 -1.278918 -3.926852 0.383895 -1.277213
-8.603439 -32.20225 24.79171 -2.684403 -1.383855 -0.73986 -1.386609 -0.186955 0.015133 -4.200565 -1.074021 -1.946759 -3.381007 -0.644471 -1.030092
-14.60344 -32.20225 24.79171 0.557849 1.817854 0.299324 -0.473496 0.958724 -0.769769 0.480528 0.316292 1.347541 0.390146 2.054069 0.509497
5.396561 -34.20225 24.79171 -1.821214 3.243145 2.512629 0.353146 0.471574 2.332506 -2.097194 0.471195 -1.111578 -0.423066 -0.716088 -1.689905
3.396561 -34.20225 24.79171 -2.311616 5.668988 2.518527 0.663227 0.472436 4.28556 -0.706121 0.740597 -2.205358 -1.085791 -0.553183 -0.290905
-6.603439 -34.20225 24.79171 1.776386 0.642798 0.673274 0.144675 -0.910883 7.106258 -2.123176 1.045171 -0.158234 -3.924142 -1.619002 -2.664537
-8.603439 -34.20225 24.79171 0.245779 0.035144 1.676681 0.045893 0.387501 2.655656 -2.580441 0.314775 -1.02661 -1.421878 -1.284447 -1.020684
-10.60344 -34.20225 24.79171 -0.021043 0.157703 1.945908 0.550262 0.825959 -0.477571 -0.152185 -0.143747 -1.404038 0.026706 -0.216315 -1.169024
-12.60344 -34.20225 24.79171 -0.280376 2.339264 0.603734 1.53298 0.039295 1.335733 -0.350664 0.219328 -0.501976 0.942497 1.20418 -0.43843
3.396561 -36.20225 24.79171 -0.857484 2.375489 -0.261349 -0.150988 0.24443 2.789357 -0.881208 0.894155 -1.350491 0.08289 -0.912232 0.107372
1.396561 -36.20225 24.79171 -1.136748 2.915109 -0.596633 -1.609096 0.170045 3.275037 0.866155 0.960937 0.085719 -0.476045 -0.859472 0.432124
-0.603439 -36.20225 24.79171 -0.163325 2.308939 0.089022 -2.410442 1.148456 -0.087721 0.166621 1.321744 0.12076 0.318954 -0.266844 0.11459
-6.603439 -36.20225 24.79171 4.737315 0.986311 1.946552 3.003872 4.839688 4.597686 2.661786 0.170855 4.815485 -0.811117 0.581716 -1.7317
-8.603439 -36.20225 24.79171 0.805139 1.561582 0.711879 1.947892 1.756277 2.676884 -0.643445 -0.644216 0.06717 -0.301659 -0.830361 -0.649479
-10.60344 -36.20225 24.79171 -0.622337 1.429526 -0.413271 0.270749 0.729263 0.855972 -0.444224 -0.592229 -1.394062 0.078007 -0.957773 -0.812633
1.396561 -38.20225 24.79171 -1.33768 2.823596 -0.773399 0.735866 -1.425828 1.46713 1.641788 0.774676 -0.193548 0.833403 -0.371484 0.796216
5.396561 -32.20225 26.79171 -0.881192 2.16282 0.083657 1.921359 -1.68421 1.342672 -1.915078 -1.096882 -0.69401 -1.811611 -0.690882 -1.654808
3.396561 -32.20225 26.79171 -1.816021 4.238435 0.535522 3.33037 -1.48824 -0.169656 -0.895663 -0.386789 -1.472404 -1.53426 -0.755047 -1.426715
-6.603439 -32.20225 26.79171 -1.314368 3.691287 0.066356 1.657559 2.324378 4.207779 -3.450849 -3.549966 -2.510104 -3.042449 0.57745 -2.253224
-8.603439 -32.20225 26.79171 -1.142731 -1.845459 0.821003 -2.975249 0.591807 -0.418483 -3.768978 -1.531564 -3.802161 -4.047513 -1.625537 -2.055388
-10.60344 -32.20225 26.79171 -0.788507 -2.201256 -0.0638 -3.72911 -0.167729 -1.697095 -1.09678 0.039098 -1.97438 -1.679048 -0.54495 -1.09956
-12.60344 -32.20225 26.79171 0.197123 0.16416 0.128882 -1.261721 0.555001 -1.656879 0.30288 -0.077853 -0.64288 1.308989 0.912974 -0.01027
-14.60344 -32.20225 26.79171 -0.184639 0.430439 -0.768238 0.527994 0.095539 -1.41926 -0.067193 -0.724954 -0.104339 0.776794 0.662411 0.093544
-16.60344 -32.20225 26.79171 -0.538221 -0.283069 -0.412802 -0.497983 -1.375562 -2.038937 -0.206201 -1.013644 1.035273 -0.600445 0.202711 -0.480522
-18.60344 -32.20225 26.79171 -0.203684 -0.212282 0.502379 0.815618 -2.226914 -1.225441 -0.265278 -1.58219 0.869521 -0.553436 0.170191 -1.431225
-20.60344 -32.20225 26.79171 0.755733 1.629642 1.632003 2.039659 -0.507424 0.039442 0.678832 -0.627999 1.346681 1.042839 0.601145 -0.309646
5.396561 -34.20225 26.79171 -0.705462 2.936987 1.785001 1.486589 0.322609 1.229449 -1.907938 -0.274007 -0.991481 -0.990763 -0.672122 -1.528333
-6.603439 -34.20225 26.79171 0.452626 1.437216 -0.144826 -3.306061 2.130129 5.904183 -0.613073 0.566506 -1.202534 -2.905326 -0.484069 -3.781086
-8.603439 -34.20225 26.79171 1.08008 1.195069 0.780675 -1.743391 2.01004 2.094567 -1.829704 -0.083836 -2.143822 -0.716999 -1.023411 -1.264745
-10.60344 -34.20225 26.79171 0.310803 -1.760307 0.542829 -2.025198 0.917386 -1.466531 -0.280029 -0.248445 -1.074653 -0.480855 -0.449672 -1.168025
-12.60344 -34.20225 26.79171 -0.621048 -0.932743 -0.543998 -0.356726 0.384105 -1.793022 -0.674531 -0.150574 -1.466501 -0.142136 0.309559 -0.029652
-20.60344 -34.20225 26.79171 0.423372 0.27965 1.987519 0.088635 -0.811137 0.042675 0.885434 -0.067299 -0.751104 -0.181652 1.1506 -0.726013
5.396561 -36.20225 26.79171 -0.620306 1.778058 1.053589 0.938356 0.452179 0.999959 -0.840477 0.953449 -0.177069 1.188977 0.537923 0.444939
3.396561 -36.20225 26.79171 -0.796422 1.230861 -0.535922 0.117346 0.132135 0.816591 -0.203307 0.687086 -0.423518 -0.354545 -0.628487 -0.293178
-8.603439 -36.20225 26.79171 0.951918 3.681743 -0.696778 1.299054 1.546853 1.741943 -0.637879 0.509176 -0.247209 0.809465 0.056152 0.358928
-10.60344 -36.20225 26.79171 -0.02046 -1.398489 -0.970756 -2.284929 0.596996 -0.695249 -0.440242 -0.904951 -1.107493 -0.902472 -0.556032 -1.28757
5.396561 -32.20225 28.79171 -0.163799 1.903411 1.981986 1.18984 0.321694 2.196146 -1.050362 -2.45381 -1.47144 0.18503 -0.38872 -0.876958
3.396561 -32.20225 28.79171 -0.801348 1.768717 1.810389 1.129413 -0.23 0.022872 -0.910142 -2.578246 -0.45921 -1.881344 -1.066891 -2.521975
-8.603439 -32.20225 28.79171 0.454718 0.336635 2.9728 -2.72818 -0.005764 -0.756381 -1.445601 -1.692748 -1.645455 -2.260235 -0.734783 -1.29781
-10.60344 -32.20225 28.79171 -0.403852 0.915136 0.838957 -2.663193 0.210533 -0.978528 -0.754672 0.019904 -0.640991 -0.819029 -0.292883 -0.353523
-16.60344 -32.20225 28.79171 -0.130566 1.217258 0.441291 -0.125903 0.570161 -0.046655 0.694143 0.547698 0.902784 0.212791 0.397732 0.773678
-18.60344 -32.20225 28.79171 -0.534924 0.18219 0.754877 -0.167026 -0.472966 1.10777 0.135051 -0.250364 0.894602 0.322895 -0.031922 -0.409042
5.396561 -34.20225 28.79171 0.173078 2.145196 3.226066 2.208891 0.950202 0.948972 -1.428458 -1.082295 -2.036123 0.526696 -0.518251 -1.123649
-8.603439 -34.20225 28.79171 -0.548845 2.130983 0.795958 -2.286658 -0.351512 1.455139 -2.179398 -0.711126 -2.798502 -0.462496 -1.373935 -1.391904
-12.60344 -34.20225 28.79171 -1.414338 0.162413 0.44245 -1.256772 0.462106 -0.384248 -0.506788 0.800332 0.34426 -1.217289 -0.209495 -0.358465
-14.60344 -34.20225 28.79171 0.864332 -0.13752 1.720199 1.570928 1.001384 -0.280069 1.352834 1.054716 0.714964 -0.869896 1.877752 -0.103313
-16.60344 -34.20225 28.79171 1.099093 -0.868141 1.409032 1.624295 -0.174925 0.177268 0.952663 0.58759 0.458046 -0.082473 2.006236 -0.293311
-18.60344 -34.20225 28.79171 0.126974 -0.428545 0.160521 0.304443 -1.331337 1.77585 0.071012 0.923351 -1.174812 0.968016 0.412684 0.058594
-20.60344 -34.20225 28.79171 -0.048557 -0.081612 1.544865 -0.261883 -0.455077 1.267568 -0.0944 0.145714 -1.052387 -0.653418 -0.585193 -0.332035
5.396561 -36.20225 28.79171 -0.441972 0.904624 1.459241 1.933279 0.053365 0.924855 -0.604095 0.397391 0.37758 0.256027 0.021278 -0.006843
3.396561 -36.20225 28.79171 -1.009443 1.739635 0.632211 3.093648 -0.221315 1.153496 0.171135 0.182767 -0.904535 -0.393235 -0.372469 -0.604797
-8.603439 -36.20225 28.79171 -0.218555 3.106082 -0.871878 -0.49051 -0.34476 1.494251 -1.581615 0.172592 -1.075949 -0.001131 -0.899327 -0.15937
-10.60344 -36.20225 28.79171 -0.474991 -1.350457 -1.606598 -3.557551 0.455401 -0.913461 -1.070079 -0.42225 -0.659692 -0.980844 -1.154331 -1.347363
-12.60344 -36.20225 28.79171 -0.51534 -0.704687 -0.249499 -3.771833 0.499121 -0.363902 -0.559502 0.179852 -0.114439 -0.908402 0.232974 -0.645164
-14.60344 -36.20225 28.79171 1.033112 0.878219 1.567381 0.056201 -0.098318 0.837222 -0.236881 0.713112 0.938772 -0.165057 1.103983 0.346728
-16.60344 -36.20225 28.79171 1.369159 1.450088 2.656517 2.138499 0.124628 1.030377 0.40964 0.769581 0.279074 0.018458 1.134472 -0.13942
-10.60344 -38.20225 28.79171 0.393419 1.089494 -0.875326 -1.141279 -0.533388 -0.818213 -0.661897 -0.211001 -1.809202 -0.704926 -0.477011 -0.393395
-12.60344 -38.20225 28.79171 0.714868 1.234861 -0.101542 0.884271 0.280058 0.817595 -1.014295 -1.039671 -1.89644 -0.134064 0.021268 -0.173409
3.396561 -30.20225 30.79171 -1.583356 0.330963 -0.011134 0.345362 -1.556472 -0.079092 -1.361392 -1.398618 -1.366974 -1.21472 -0.926092 -1.864604
5.396561 -32.20225 30.79171 -0.693829 3.015967 2.436887 0.111739 0.538256 3.360625 -2.217204 -2.150696 -2.512696 -0.256568 -0.129814 -1.260844
3.396561 -32.20225 30.79171 -1.312307 1.21664 0.897697 -1.277571 0.385717 -0.27865 -2.638281 -2.535394 -2.247048 -1.98151 -1.073847 -2.983047
-18.60344 -32.20225 30.79171 0.552987 0.938803 2.595767 0.314927 -0.466014 1.282715 -0.402825 0.131592 -0.083848 0.55815 0.803036 0.253947
5.396561 -34.20225 30.79171 -0.055379 1.475909 3.823489 1.799423 1.091098 1.947005 -2.222172 -1.114476 -3.045233 0.017933 -0.661873 -1.732334
-14.60344 -34.20225 30.79171 0.57647 3.23059 1.402086 3.040586 0.710859 2.258108 1.164307 1.370198 0.902532 -0.399529 0.738654 0.842421
-16.60344 -34.20225 30.79171 0.112999 3.708508 2.720456 3.313758 -0.373287 2.544177 0.06577 1.12114 -0.367359 0.411743 0.496034 0.48522
-18.60344 -34.20225 30.79171 0.173245 2.592474 2.018868 1.532423 -0.555308 2.944974 -0.317174 1.536868 -1.099472 1.262182 0.998119 0.78569
-12.60344 -36.20225 30.79171 -0.581732 0.766832 0.203434 -0.150147 1.662216 1.934295 0.583442 -0.642201 -0.063236 -0.062215 -0.081496 0.269323
-14.60344 -36.20225 30.79171 0.895068 4.027404 3.189643 3.329921 0.696717 3.816717 -0.194943 0.35714 1.389747 0.333301 0.380126 0.654538
-16.60344 -36.20225 30.79171 1.011093 3.839933 4.718886 2.960007 0.368167 3.002156 0.001277 0.587361 0.00745 0.704939 0.478653 0.671368
-12.60344 -38.20225 30.79171 -0.134581 0.606118 -1.092092 1.701933 0.396773 2.14993 0.055716 -0.727468 -0.553191 -0.574402 -0.693365 -0.658805
-14.60344 -38.20225 30.79171 0.839741 3.788892 1.75353 4.06769 0.005839 4.939503 -1.471148 0.855966 0.105034 0.135582 -0.8549 0.294793
7.396561 -32.20225 32.79171 1.329113 1.244824 1.634828 -0.191722 1.01339 1.796597 -1.088915 -0.88338 -1.624808 1.277018 0.192112 0.863594
5.396561 -32.20225 32.79171 -0.015931 0.478743 1.765393 -1.771609 0.575038 0.649202 -1.814894 -2.70024 -2.011022 -0.71368 -0.293359 -0.391264
-16.60344 -32.20225 32.79171 0.115173 4.73549 1.049183 4.912171 1.041421 2.508524 -0.549466 0.428005 -0.577754 1.013602 1.015053 2.007251
-18.60344 -32.20225 32.79171 1.39641 2.985274 3.510729 2.154058 1.231355 2.058518 0.173916 0.214073 -0.191721 0.152342 1.707683 0.778307
5.396561 -34.20225 32.79171 -0.693852 -0.262824 1.154188 -0.789518 -0.208818 -0.543751 -2.747623 -1.391223 -2.775579 -1.160263 -1.943224 -0.820679
-14.60344 -34.20225 32.79171 0.203814 2.832735 0.715668 2.606668 1.05899 2.172874 0.512674 1.426488 0.415888 0.150579 0.097675 1.393874
-16.60344 -34.20225 32.79171 -0.281865 4.118672 2.391213 3.869522 0.970957 2.280301 -0.438622 0.683413 -1.035733 -0.303426 0.579385 1.219204
-18.60344 -34.20225 32.79171 0.54002 3.560818 3.090773 2.096395 1.188777 2.636087 -0.187397 0.593906 -0.676909 -0.243384 1.692254 0.742284
-12.60344 -36.20225 32.79171 -1.132542 0.447344 -1.523921 -0.773669 0.252845 1.421444 -0.310159 0.272728 0.247595 0.833248 -0.985567 0.30786
-14.60344 -36.20225 32.79171 -0.080944 3.169697 1.233802 2.176964 0.780484 4.344778 -0.555777 1.042731 1.17948 0.687726 0.018929 0.984716
-12.60344 -38.20225 32.79171 -0.596828 -0.802822 -1.098198 -0.358657 -0.222788 1.428999 -1.776231 -0.217981 -0.615363 0.519452 -0.478401 -0.027408
5.396561 -30.20225 34.79171 1.621685 0.809213 0.655276 0.454796 -0.417474 -0.124753 0.74924 -0.610464 0.25363 -0.043721 0.837206 0.072839
-16.60344 -30.20225 34.79171 0.092103 -0.293636 0.118688 -0.382921 -0.709176 1.559464 -2.496146 0.307617 -3.326131 -0.374523 -0.8007 0.299249
7.396561 -32.20225 34.79171 1.44003 -1.16451 0.57974 -0.739316 0.049534 -1.092473 -0.623238 -0.957194 -1.993192 -1.053598 -0.03333 -1.282824
5.396561 -32.20225 34.79171 1.099956 -0.946672 1.240941 -2.232269 0.17593 -1.755347 -0.980756 -0.808492 -1.669396 -1.34208 0.012101 -0.926157
-16.60344 -32.20225 34.79171 -0.708903 0.941283 -0.26285 1.753604 0.404294 1.396371 -1.876674 0.445722 -2.948743 0.723249 -0.049186 0.926851
-14.60344 -34.20225 34.79171 0.658983 1.800822 0.221077 1.967768 0.364159 0.784459 -0.510076 0.943949 -0.401608 0.93265 -0.755764 1.076584
-16.60344 -34.20225 34.79171 0.196198 0.845421 1.879743 1.29725 0.966954 0.282443 -0.061269 0.104236 -0.698522 -0.529004 0.697836 0.127364
-14.60344 -36.20225 34.79171 0.893448 0.837818 0.399437 -0.39577 -0.315069 1.09284 -0.202279 0.166882 0.653071 0.863158 -0.322553 -0.841353
-14.60344 -34.20225 36.79171 1.159774 1.331104 -0.489168 1.40041 0.115626 -0.054061 0.079154 0.553319 -0.158455 -0.371218 0.495232 0.721828
