5.755859 -27.44363 -38.25788 6.124495 7.936494 8.259621 5.063735 4.741666 6.742362 3.067441 4.822102 4.139995 1.323907 2.030536 7.570469
7.755859 -29.44363 -38.25788 5.371288 8.688569 1.676431 3.216681 4.330125 5.526803 4.102837 3.366764 0.048157 -1.466854 2.72504 0.572955
5.755859 -29.44363 -38.25788 4.420829 6.729184 4.00762 3.717626 3.475902 4.94265 2.368263 3.744354 1.535036 -0.638643 2.370963 4.423841
5.755859 -27.44363 -36.25788 3.109416 18.09131 1.820973 4.336235 0.039038 5.043442 -1.194583 16.2716 -1.910059 1.362289 -1.511772 6.009665
3.755859 -27.44363 -36.25788 3.575937 11.31451 -1.470853 4.970178 1.462582 5.347003 2.656316 4.867634 -3.419756 -2.395573 -0.421578 3.783128
7.755859 -29.44363 -36.25788 1.749759 12.78427 0.19385 0.647853 1.785457 2.008077 -3.007144 12.86264 -2.138175 -1.717477 -0.13646 -0.232772
5.755859 -29.44363 -36.25788 4.048735 15.89201 2.143732 4.631246 0.105734 5.321201 0.348354 14.47932 -0.966534 1.939189 -2.790942 9.215158
7.755859 -31.44363 -36.25788 1.586071 10.95238 0.703572 1.495201 1.924097 1.955134 -0.997416 12.0058 -2.197677 -0.066679 -1.133261 6.233002
5.755859 -31.44363 -36.25788 5.902448 12.5253 2.742224 4.158264 2.589311 4.148945 3.687549 12.03462 -1.344499 3.495401 -1.920938 9.670712
9.755859 -27.44363 -34.25788 -0.608361 13.74729 0.702192 7.191791 -1.117416 3.641294 -0.243031 4.745014 1.282588 1.903708 -3.191548 -1.19693
7.755859 -27.44363 -34.25788 -0.148537 9.977203 -0.256531 4.242427 -1.203137 2.098473 0.626249 7.886947 1.44667 2.202655 0.131645 -1.288719
5.755859 -27.44363 -34.25788 1.192787 14.95649 2.647469 5.736527 -2.640883 2.638971 1.707384 12.1557 1.94399 2.059526 -2.405109 1.558039
-6.244141 -27.44363 -34.25788 -2.224934 5.349522 0.156648 1.013402 -0.693813 3.639728 -0.802893 4.363616 1.052678 1.192692 2.555199 5.50016
5.755859 -29.44363 -34.25788 2.415133 18.62108 1.628402 8.973365 -1.850409 5.227158 1.425289 16.02405 0.632741 5.46996 -3.609523 5.933669
3.755859 -29.44363 -34.25788 8.540972 6.081313 1.435686 3.985253 0.36186 3.389991 8.476678 5.895058 0.126954 0.811435 -1.628181 5.285444
-4.244141 -29.44363 -34.25788 2.508593 7.046634 2.129832 4.914292 0.424165 3.52561 1.596666 7.702184 0.66962 6.783127 2.009237 2.195545
9.755859 -31.44363 -34.25788 1.364922 3.081957 -2.439552 1.626667 -3.116272 2.512059 3.311433 2.678426 -0.230976 0.211199 -3.637381 1.507588
7.755859 -31.44363 -34.25788 -3.050141 6.895128 -4.48038 5.143762 -2.164698 3.166736 -3.252884 7.242263 -4.392333 3.429049 -2.104792 3.836577
5.755859 -31.44363 -34.25788 0.16524 18.847 -1.015612 9.813007 -0.51464 5.22902 -1.392129 17.28075 -3.756238 7.639287 -2.299629 6.264776
-2.244141 -31.44363 -34.25788 4.079345 4.054017 4.808232 5.822229 -0.371146 3.302861 2.323031 2.546936 3.719668 5.033422 -1.075333 6.432966
-4.244141 -31.44363 -34.25788 1.839164 1.930501 2.187587 4.33479 -0.832519 2.888984 2.073315 2.424744 3.055329 6.431952 2.223045 4.830442
-6.244141 -31.44363 -34.25788 3.61722 7.528823 1.48184 5.485439 1.146869 7.792624 2.133595 6.533762 0.359909 5.943548 1.902998 4.995908
9.755859 -33.44363 -34.25788 3.453703 2.78895 0.121511 1.276606 -1.572463 1.762839 4.49674 -0.16809 -2.093288 1.023716 -3.363259 0.696214
7.755859 -33.44363 -34.25788 -2.673662 3.809407 -2.402253 2.430669 -1.07514 2.540399 -2.147284 0.357755 -3.785305 1.094476 -0.716666 2.226047
5.755859 -33.44363 -34.25788 -2.754302 15.52858 -1.026441 6.042043 0.172349 5.738556 -2.159847 12.45599 -3.294945 2.622987 0.063463 2.594557
-4.244141 -33.44363 -34.25788 2.540813 2.823725 2.252571 6.24752 -1.156472 4.225939 5.21919 0.569943 5.099334 4.901836 0.839261 7.45331
-6.244141 -33.44363 -34.25788 3.309206 2.082248 2.027708 1.511894 -1.108128 5.357859 5.214074 -0.541705 2.788909 -1.277878 -0.722555 3.47096
13.75586 -27.44363 -32.25788 3.382144 0.643553 4.246932 1.477963 1.212776 2.535159 0.916678 -0.590922 3.187344 0.084623 -0.712569 0.580508
11.75586 -27.44363 -32.25788 3.669582 10.20498 3.088068 6.939585 1.192817 1.719347 4.567025 5.957029 2.044916 4.249296 -0.352457 -2.056385
-4.244141 -27.44363 -32.25788 -2.944703 -1.234784 -1.527311 -4.490597 -2.294321 2.574119 -1.353503 -2.939965 -2.233879 -7.287515 -3.728055 0.835236
-6.244141 -27.44363 -32.25788 -6.422482 2.034106 -1.035706 -2.329062 -4.276976 2.057441 -4.959532 1.682139 0.133068 -2.259491 -1.619884 0.59825
11.75586 -29.44363 -32.25788 4.323607 5.540819 3.948678 4.816526 4.092531 -1.362012 6.153343 1.39987 2.407988 2.362888 1.275645 -2.760557
9.755859 -29.44363 -32.25788 1.171652 4.871763 0.042796 8.952128 -2.444072 4.031415 3.713187 3.435058 0.112142 6.735229 -2.749732 1.631096
7.755859 -29.44363 -32.25788 3.362403 9.54664 4.350632 8.736567 0.759837 3.493598 4.194398 9.126712 6.425961 8.742864 1.210154 1.075923
5.755859 -29.44363 -32.25788 4.078431 16.33378 7.314813 13.02668 1.804909 3.478241 4.236685 12.82783 9.955251 9.201002 0.565727 0.507271
-2.244141 -29.44363 -32.25788 1.613047 5.459923 2.176444 4.572948 1.392853 3.529998 -1.605117 0.673955 0.32898 1.194766 -1.292107 -3.696182
-4.244141 -29.44363 -32.25788 0.938824 7.659796 2.640731 2.132849 0.239618 5.350333 0.695674 3.89232 2.129079 -0.730798 -2.283799 -0.780192
-6.244141 -29.44363 -32.25788 -1.983389 6.264492 1.211078 1.705866 -1.643703 3.465564 -1.978223 6.050396 0.210673 2.053846 -1.521712 1.119184
5.755859 -31.44363 -32.25788 1.546183 24.36507 4.722551 15.43002 1.889144 5.928284 2.044482 19.86054 6.875962 12.25856 1.241187 2.550953
-0.244141 -31.44363 -32.25788 -0.784039 8.710587 1.399448 2.315364 1.123201 3.968166 -0.205402 7.410442 1.623087 1.336171 -0.617508 4.340899
-2.244141 -31.44363 -32.25788 1.758822 8.968503 3.822297 8.135864 2.2698 4.375392 -0.270868 7.304644 3.439726 3.95944 0.126999 2.651938
-6.244141 -31.44363 -32.25788 2.190957 6.479154 3.064321 3.309914 0.386286 5.694014 0.857116 4.963835 1.301008 2.50112 0.601037 3.151199
9.755859 -33.44363 -32.25788 2.631349 10.25425 1.016052 9.026644 0.622746 6.760685 2.51268 6.548207 -1.996801 6.249944 -0.762373 3.309544
7.755859 -33.44363 -32.25788 2.136364 13.19871 1.630509 10.82659 0.987469 5.65294 1.371639 9.035481 -0.946823 7.931765 0.586599 1.907212
5.755859 -33.44363 -32.25788 -0.248707 21.03129 1.420642 11.02733 -0.628477 6.326383 0.718445 17.11896 0.151988 8.163392 0.155964 3.674888
-0.244141 -33.44363 -32.25788 -0.23234 11.60938 0.008966 2.438475 2.478711 4.814316 0.114387 10.91897 -0.502039 2.037736 1.295269 3.673693
-2.244141 -33.44363 -32.25788 2.353036 8.796142 2.160879 6.019366 2.833281 1.225706 1.700653 7.090642 2.356735 3.458743 1.976192 0.806633
-8.244141 -33.44363 -32.25788 1.538438 8.107015 0.810532 2.298162 1.048135 5.437928 2.307107 5.18148 2.007353 0.126312 1.77158 1.928124
11.75586 -35.44363 -32.25788 1.603035 4.56402 0.958458 2.529897 1.569828 3.007618 -0.314873 -1.455388 -0.737724 -1.334248 -0.033016 3.714422
9.755859 -35.44363 -32.25788 2.287224 10.54464 -0.771354 8.270394 1.348674 6.640684 1.94904 4.320498 -2.416402 2.389493 0.269616 4.869132
7.755859 -35.44363 -32.25788 5.392862 13.89985 0.693109 8.601482 0.309985 7.732324 5.135026 9.341076 -1.900338 3.541969 -0.424931 4.050945
5.755859 -35.44363 -32.25788 2.830973 17.68122 1.310067 10.54711 -2.430328 8.01633 2.081495 17.13196 -1.616076 6.788716 -2.939625 8.114791
-6.244141 -35.44363 -32.25788 5.919094 3.902482 1.939132 2.475182 1.748423 6.101749 6.370741 2.319267 2.917062 1.314117 2.973623 6.5142
-6.244141 -37.44363 -32.25788 7.917447 5.8502 4.436584 4.301106 1.013696 8.085901 7.565263 4.867118 2.831842 3.059111 -0.445865 8.912558
11.75586 -27.44363 -30.25788 2.12346 3.128837 -1.272231 1.646712 -1.212747 0.053805 -0.499175 6.184141 -1.154895 3.773201 -0.905958 -0.515775
13.75586 -29.44363 -30.25788 0.565122 5.73139 2.063344 -0.154005 0.083368 2.865367 -2.565663 7.839557 0.676481 -0.520065 0.104751 3.98937
11.75586 -29.44363 -30.25788 0.13334 3.091499 0.235134 2.296405 -0.089729 0.612796 -1.230225 5.86149 -0.045904 3.9724 -0.315589 2.989313
-0.244141 -29.44363 -30.25788 -1.42614 -3.088787 -1.009851 -1.703649 1.431574 -3.356997 -0.463998 -0.560425 0.252123 -0.341929 3.897465 2.432258
-4.244141 -29.44363 -30.25788 -0.957154 1.904516 -1.328126 -1.931152 0.689546 2.491029 -0.420123 -0.13885 0.748401 -2.290486 1.858644 0.422221
11.75586 -31.44363 -30.25788 0.053658 12.32969 3.544312 5.579707 1.0061 6.541758 -0.677287 12.27547 2.479699 3.379322 0.044156 4.084521
9.755859 -31.44363 -30.25788 -0.474514 1.327641 0.179215 1.872204 -1.497431 2.536901 0.257855 3.789143 -0.705015 0.980398 -0.197285 -0.784146
7.755859 -31.44363 -30.25788 2.35891 3.263183 0.576745 3.883637 2.559301 1.903978 1.519158 7.709731 1.199117 2.609022 4.862476 -0.32674
5.755859 -31.44363 -30.25788 4.687414 11.06736 1.475472 6.643728 2.909849 2.794143 4.184575 11.84958 3.591566 3.908922 5.434695 0.707237
-0.244141 -31.44363 -30.25788 0.169749 6.841992 -0.359018 -0.22748 0.583649 3.309284 1.482239 6.171906 1.046131 0.076499 2.606463 4.266517
-2.244141 -31.44363 -30.25788 -0.862203 3.20634 0.505049 1.719932 0.648071 3.030768 -0.734645 1.851258 2.421851 -1.101753 1.550786 1.409012
-4.244141 -31.44363 -30.25788 -0.827726 2.759944 1.876213 2.55313 0.810573 4.832936 -1.598942 -2.788873 1.614038 -1.265226 1.644369 1.579265
-6.244141 -31.44363 -30.25788 -0.728844 5.877323 0.25954 4.518995 -0.140139 5.932867 -1.559901 0.212637 -0.623997 0.364427 0.965451 3.586283
7.755859 -33.44363 -30.25788 -0.004514 7.315392 3.672521 5.450754 2.146443 3.822361 -0.200104 7.106421 2.731899 2.291881 2.709045 -0.542264
5.755859 -33.44363 -30.25788 1.555272 12.8775 1.545035 7.706793 1.06015 3.921258 2.24256 9.608261 1.82978 3.183996 2.255106 -0.19694
-0.244141 -33.44363 -30.25788 1.722753 9.386176 1.309075 2.84929 1.557531 2.369355 4.563174 5.93861 3.748982 1.581039 4.337345 -3.506948
-2.244141 -33.44363 -30.25788 2.712288 6.577829 2.311713 3.284453 2.317589 1.681675 3.69927 2.269773 3.558256 0.117004 2.79837 -2.866657
-4.244141 -33.44363 -30.25788 3.818401 1.683917 2.636945 4.183998 1.690153 3.587644 3.704253 -3.466466 4.570663 -0.287495 0.959677 0.088502
-6.244141 -33.44363 -30.25788 2.333553 3.712357 0.973269 3.722253 0.028124 6.706445 2.555348 -1.193433 2.372158 -1.286448 1.180448 3.425407
-8.244141 -33.44363 -30.25788 0.371831 7.383835 -0.490048 3.424555 0.244162 4.969829 0.680498 2.525008 0.805146 -1.21949 1.259167 1.177272
11.75586 -35.44363 -30.25788 4.813599 7.545889 4.533374 4.32068 1.323959 4.236209 4.144577 4.23383 3.44627 -2.010705 -2.181225 0.702147
9.755859 -35.44363 -30.25788 2.580502 10.98609 3.346998 7.330179 0.627162 6.916284 3.631189 5.265056 3.792012 0.171785 -2.604725 -2.246363
7.755859 -35.44363 -30.25788 1.696725 15.2226 4.830428 8.438926 -0.785855 8.879622 2.907391 10.05071 3.995113 3.046836 -2.422034 0.90275
5.755859 -35.44363 -30.25788 2.681697 19.43629 4.07672 10.00228 -2.940024 10.35023 4.334971 16.13302 3.394907 2.863379 -2.210272 7.084599
3.755859 -35.44363 -30.25788 -2.296684 5.633471 0.614964 3.501838 -4.770309 3.003302 -1.393477 6.366577 1.715898 -1.149097 -2.340872 0.797909
-0.244141 -35.44363 -30.25788 1.988202 7.955451 2.75476 1.003919 2.401938 3.066628 3.613903 6.727871 2.744157 -0.640116 3.842711 -1.365713
-2.244141 -35.44363 -30.25788 1.787804 8.661783 2.312499 2.335432 2.484086 3.112248 2.678117 7.818931 3.614392 1.25628 3.340183 -0.044014
-4.244141 -35.44363 -30.25788 3.14716 6.983529 1.868902 3.761721 1.857896 1.410795 1.946797 5.600731 4.75296 3.148772 1.776035 -0.06022
-6.244141 -35.44363 -30.25788 3.513882 5.106018 2.078717 1.753385 1.07587 2.3809 2.938329 2.848587 3.038338 1.057597 2.558043 0.266575
-8.244141 -35.44363 -30.25788 1.120106 7.013971 1.043101 1.060194 0.787725 2.825773 1.048782 3.360593 0.362247 -0.071924 2.665406 0.011159
11.75586 -37.44363 -30.25788 2.589322 9.071054 2.202163 2.581419 1.813999 3.500609 1.219208 5.005659 0.04675 -1.6653 -0.872199 0.166007
9.755859 -37.44363 -30.25788 2.69612 11.66166 2.704586 4.489882 2.162646 6.81797 3.217724 6.082886 1.527442 -0.393444 -1.926492 -0.248075
7.755859 -37.44363 -30.25788 3.853561 8.1054 3.307688 4.995131 0.560749 5.985507 4.159039 3.62008 3.116622 1.703751 -2.496198 0.749714
5.755859 -37.44363 -30.25788 3.416934 15.15544 4.582146 9.0301 -2.212397 10.30828 3.232328 10.62822 3.025937 3.712239 -2.346741 6.734116
-2.244141 -37.44363 -30.25788 1.92805 5.574899 0.94284 1.07665 2.188573 4.010968 0.877286 7.115389 0.547966 0.239773 1.752154 4.241863
-8.244141 -37.44363 -30.25788 3.092078 6.534745 2.289752 1.202191 -0.788686 3.547693 2.26126 5.476345 0.115452 0.350615 -0.612577 3.175434
-4.244141 -39.44363 -30.25788 4.400143 9.795647 0.353425 5.308863 1.884499 6.921027 3.991139 8.491317 -1.217861 4.250492 0.279305 6.560124
-6.244141 -39.44363 -30.25788 4.328485 11.27988 1.061599 5.279266 0.952761 6.317159 3.659348 9.727712 0.298627 6.33361 -0.578785 4.875992
-6.244141 -41.44363 -30.25788 4.055911 10.32054 1.485302 3.880928 2.50292 6.601749 1.852531 9.337273 1.643476 5.371158 -0.572028 9.472329
-0.244141 -29.44363 -28.25788 1.549476 -2.574509 -1.332518 -2.889174 0.690738 -4.577352 0.971943 4.9068 -1.673003 -0.046146 2.570751 7.100835
13.75586 -31.44363 -28.25788 1.486194 8.254602 -0.519078 -1.278477 0.007654 2.099411 -0.400517 10.30494 0.686491 -0.265778 1.098597 8.081369
11.75586 -31.44363 -28.25788 1.459539 2.559178 0.344616 -4.873268 -1.392053 0.144429 0.368192 5.640552 1.604936 -4.519933 -0.50056 4.247901
-0.244141 -31.44363 -28.25788 2.763543 -1.092609 -1.202723 -5.960435 -1.337597 -1.317576 2.439008 2.521096 -1.107195 -0.549775 -1.853472 6.250386
-2.244141 -31.44363 -28.25788 -0.908953 -2.378326 -0.775962 -6.0314 -1.492846 -1.357239 -0.639446 2.762177 -0.469356 -1.816606 -1.939249 5.375863
13.75586 -33.44363 -28.25788 2.051987 11.73648 -0.988233 3.223382 -0.114524 5.7509 -0.927009 12.64888 -3.180035 0.135609 -0.762981 9.769777
11.75586 -33.44363 -28.25788 6.18747 6.17394 1.656245 -0.803056 -0.810309 3.632488 3.894295 6.485576 0.749436 -2.054347 -2.915583 8.894239
9.755859 -33.44363 -28.25788 3.928548 3.118593 0.04547 -0.249802 -1.090658 1.075058 4.020694 5.10994 1.32485 0.190364 -1.740813 0.882121
7.755859 -33.44363 -28.25788 1.742586 6.094171 1.018034 2.995655 1.533403 3.822501 2.112141 6.235063 0.776569 4.685114 1.239721 2.595655
5.755859 -33.44363 -28.25788 0.841612 10.09043 0.680646 7.582377 0.574929 5.848715 2.117474 7.668858 -1.231363 5.98571 0.624819 5.573936
-0.244141 -33.44363 -28.25788 0.738526 -2.738319 -1.791777 -1.340032 -0.429617 -2.068566 1.975132 -1.843349 1.563204 1.893043 2.493672 0.797332
-2.244141 -33.44363 -28.25788 1.936773 0.523387 0.623445 -0.36834 0.566174 -0.724871 2.258182 0.087578 2.118233 -0.27662 1.862002 -1.107193
7.755859 -35.44363 -28.25788 3.819465 11.8886 4.137712 7.863242 -0.759548 9.257731 4.373756 8.426503 3.909797 7.549869 -1.743443 4.380559
5.755859 -35.44363 -28.25788 2.47835 17.32423 3.054609 12.01877 -3.809867 11.77676 3.749173 13.47044 2.433469 8.875964 -2.322085 9.069559
3.755859 -35.44363 -28.25788 -0.229599 10.10639 0.462392 12.10793 -5.183251 8.3368 -1.97815 9.229526 1.285711 6.683415 -2.84691 9.183879
1.755859 -35.44363 -28.25788 -0.877341 0.80964 -1.064243 2.853733 -1.734243 3.538565 -2.172338 1.46804 1.122999 -0.632274 2.11821 4.487443
-0.244141 -35.44363 -28.25788 0.128514 3.308404 1.666925 2.213068 1.821573 2.437583 0.438233 1.769628 2.341832 0.435447 4.725799 0.775856
-4.244141 -35.44363 -28.25788 2.047418 2.30437 1.413665 3.210093 0.634035 1.947587 0.993427 1.30169 2.503771 2.519219 1.731623 0.749192
-6.244141 -35.44363 -28.25788 1.673581 -0.014458 2.614342 1.758354 0.83032 1.90352 0.243936 -0.807931 1.683334 1.056982 2.039014 2.398594
11.75586 -37.44363 -28.25788 7.104971 11.90203 3.124619 6.607529 4.647636 4.738727 7.110737 9.224307 2.114595 4.501658 2.096584 3.284415
9.755859 -37.44363 -28.25788 8.137402 14.76879 2.110773 8.590109 5.10498 7.523374 9.674894 10.32514 2.634402 5.909109 2.373682 4.87782
7.755859 -37.44363 -28.25788 6.808383 8.577093 3.417894 7.429879 2.296898 6.621695 7.348306 4.439717 3.380777 4.886966 0.818308 1.730127
5.755859 -37.44363 -28.25788 4.511181 16.12344 4.415858 13.88285 -1.746034 10.03382 5.150429 9.56419 3.514878 9.351868 -1.552253 3.670093
3.755859 -37.44363 -28.25788 2.087937 11.15358 2.414726 11.79678 -0.134651 7.587277 3.254366 6.162091 3.817395 7.302048 0.818708 6.271074
-0.244141 -37.44363 -28.25788 1.992431 6.989841 3.284961 5.051907 2.547667 4.765887 1.958049 3.31996 3.190655 0.404673 3.395731 -1.960402
-2.244141 -37.44363 -28.25788 2.951773 3.00577 3.7841 3.36621 3.083624 3.048919 0.662008 3.740921 4.139522 -0.129938 3.143979 0.667398
-4.244141 -37.44363 -28.25788 3.105081 3.387508 5.121434 4.325877 1.994199 2.803655 1.524037 3.989276 4.400252 2.002932 1.487318 0.087328
-6.244141 -37.44363 -28.25788 1.928734 4.380041 3.830217 3.620739 1.189286 4.084568 1.392808 3.900403 3.242221 2.092218 1.604054 0.183424
11.75586 -39.44363 -28.25788 4.357352 9.958744 1.377855 5.274024 2.269836 4.134663 4.168529 7.370154 1.352098 3.211217 0.32485 2.668838
7.755859 -39.44363 -28.25788 3.024975 8.938852 1.620626 5.999092 3.265207 4.771715 4.342832 3.281536 2.271252 1.905737 3.317397 -0.14272
5.755859 -39.44363 -28.25788 2.224589 13.10745 3.150693 10.02572 -0.009965 5.852754 3.420073 6.521237 1.839112 6.176317 -0.707513 -0.595746
-4.244141 -39.44363 -28.25788 5.83897 3.475632 5.711968 3.642092 3.319518 4.080478 4.635706 1.28629 3.800602 1.768897 1.484105 0.342399
-6.244141 -39.44363 -28.25788 3.26521 8.160241 3.095015 5.612237 2.340628 5.336295 3.152633 6.039889 2.677303 3.44121 1.254994 -0.470145
-0.244141 -31.44363 -26.25788 -1.637484 -2.656837 0.199189 -1.2068 -1.267132 -2.759812 -2.80144 -0.147795 0.451011 1.84638 -1.391087 2.680038
-2.244141 -31.44363 -26.25788 -3.14474 -1.867354 0.069462 -3.351992 -1.368811 -1.686262 -3.372597 2.54554 -1.93728 -1.695491 -1.589307 2.339041
13.75586 -33.44363 -26.25788 0.42685 6.081359 -1.9881 -2.099019 -1.677758 3.286091 -0.098487 10.22091 -1.301948 -1.340658 -0.169544 8.439842
7.755859 -33.44363 -26.25788 3.282407 5.560922 -1.030792 1.694432 -0.010841 3.316642 4.086952 7.579597 -0.154449 5.132031 1.266512 6.754372
-0.244141 -33.44363 -26.25788 -1.841814 -2.979632 -2.538675 -1.176783 -2.34888 -2.721208 -1.390113 0.429039 0.926541 4.055098 -0.067408 6.945542
-2.244141 -33.44363 -26.25788 -0.80677 2.692345 -0.83369 -0.824193 -0.299776 -2.37957 -0.788693 8.201598 -1.441118 2.673656 -0.091399 3.961081
13.75586 -35.44363 -26.25788 -0.173449 5.12449 -3.333968 -0.608647 -0.336061 2.071875 -1.866521 6.604454 -1.731859 0.939864 1.907603 7.117613
11.75586 -35.44363 -26.25788 4.404684 3.142229 -1.318461 -0.767456 -0.549241 2.159756 2.865771 3.81617 0.03243 2.059215 1.376434 8.975709
9.755859 -35.44363 -26.25788 4.696571 9.360143 -0.921411 2.039758 -1.274147 3.387048 4.612587 9.556984 0.516309 4.678771 -0.477462 9.586323
7.755859 -35.44363 -26.25788 2.786472 7.248992 -1.072086 3.044737 -1.509738 3.764512 1.203536 8.890121 0.027589 6.145591 -0.225745 7.156152
5.755859 -35.44363 -26.25788 1.950483 13.19342 -1.400776 6.536872 -4.28962 5.501947 -0.334348 14.13872 -1.531016 7.417247 -2.478359 11.20496
1.755859 -35.44363 -26.25788 -0.453649 -0.531292 -4.444968 -1.071245 -2.36432 0.327099 -0.729199 4.46547 -2.564145 1.604773 2.603513 6.542756
-0.244141 -35.44363 -26.25788 -1.169817 -0.122066 -2.830252 -0.558197 -1.386652 0.934407 -1.859063 0.889237 -0.671834 2.036345 2.227097 7.807844
-6.244141 -35.44363 -26.25788 0.523724 0.208635 0.27765 -0.665907 -0.674238 0.500104 -0.888319 3.650474 0.262216 1.653206 0.968202 7.938702
5.755859 -37.44363 -26.25788 3.236832 11.91655 1.481083 9.664495 -2.543303 5.95514 1.088207 8.463519 1.000032 6.363388 -1.239254 5.513667
3.755859 -37.44363 -26.25788 2.906082 8.070533 -1.511121 3.848356 0.044346 3.760899 4.823509 7.782015 0.281869 1.340914 3.859301 5.168732
1.755859 -37.44363 -26.25788 2.67604 2.382688 -0.897395 0.78793 0.552712 2.030164 5.469945 5.488145 0.127886 1.351963 5.041355 5.301987
-0.244141 -37.44363 -26.25788 -0.360278 -1.252511 -1.411622 0.216823 -0.635221 1.917625 0.525039 -0.888307 -0.285576 0.743162 3.938346 3.542476
-2.244141 -37.44363 -26.25788 0.383322 -4.070778 -2.755688 -0.152983 -0.151108 1.762048 -0.054139 -1.423645 -2.05285 0.237748 3.450868 5.766436
-4.244141 -37.44363 -26.25788 2.629059 0.618996 -0.290398 2.473683 0.511256 1.189841 1.298387 2.446234 -1.621934 2.376732 1.907745 2.808663
-6.244141 -37.44363 -26.25788 1.979405 2.856469 0.757498 1.981045 0.28368 1.22548 1.105918 3.176718 0.999837 2.493385 2.317875 2.715569
11.75586 -39.44363 -26.25788 4.930251 11.51594 -0.979096 7.882867 -0.055377 5.992121 3.966805 8.750248 0.05198 5.600972 0.495583 5.970292
9.755859 -39.44363 -26.25788 6.419386 11.60875 1.902155 7.437891 0.959558 3.405198 5.50312 7.711596 2.304767 4.031542 3.451534 -0.409991
7.755859 -39.44363 -26.25788 4.353361 5.333008 2.023916 5.001896 0.392585 2.450752 4.927449 2.593875 2.816156 1.553826 3.615737 -2.689649
5.755859 -39.44363 -26.25788 3.320062 8.847932 2.415986 8.197697 -1.733902 5.132871 3.790091 4.064329 1.844216 4.648786 -0.230542 2.311939
-0.244141 -39.44363 -26.25788 2.403749 1.714444 1.727706 2.207106 0.153173 1.581159 3.43749 -0.527727 3.732503 1.742113 3.369551 0.392817
-2.244141 -39.44363 -26.25788 3.457655 -0.466252 2.155307 0.293527 1.845657 1.079682 2.0782 -2.78043 3.013688 -0.910447 3.165642 1.569634
-4.244141 -39.44363 -26.25788 3.925756 4.344235 2.655998 5.407154 3.194774 5.400777 1.723149 -1.329571 1.200823 3.262718 2.933792 1.177516
-6.244141 -39.44363 -26.25788 3.573285 7.085685 1.192747 6.670279 1.642293 4.860085 2.405109 2.132661 0.007684 4.207686 2.159269 0.129979
9.755859 -41.44363 -26.25788 2.994485 4.456967 3.822716 2.572444 1.243263 2.282532 2.509231 1.040939 2.724252 -0.227576 2.874018 -2.726884
7.755859 -41.44363 -26.25788 1.47549 6.716242 3.845143 3.522551 1.184079 1.048232 2.449656 2.850871 4.593723 -1.139453 4.589835 -4.400492
-0.244141 -31.44363 -24.25788 -2.525821 -4.575122 -0.905738 -1.468555 -0.696388 -0.996205 -3.50498 -2.946683 2.085615 -0.684481 2.533194 -1.295446
-0.244141 -33.44363 -24.25788 -1.32058 -3.325811 -1.91519 -0.882938 -2.213927 -0.913989 -0.498032 -2.237316 0.717978 1.867157 1.184483 2.532578
-2.244141 -33.44363 -24.25788 -1.40577 3.092881 -1.786574 -0.849282 -1.474996 -3.074919 -1.374781 5.800738 -1.056407 -0.934838 1.294705 -2.688315
13.75586 -35.44363 -24.25788 2.738367 1.500989 -3.000992 -1.826818 -0.839434 -0.035301 2.447339 8.414518 0.58527 5.403752 3.211249 7.857802
11.75586 -35.44363 -24.25788 3.153893 -0.507752 1.288918 -3.44075 0.01252 0.312422 3.690448 2.683866 2.407523 -0.160558 2.716489 5.368998
7.755859 -35.44363 -24.25788 6.309479 3.495627 2.369214 -1.828128 1.374465 0.985904 6.451623 5.69122 3.542668 -0.339571 1.413774 5.132436
5.755859 -35.44363 -24.25788 4.944427 6.795353 1.530756 1.918631 -1.473799 1.592398 2.315048 12.69747 0.655173 4.980875 -1.487228 12.85973
1.755859 -35.44363 -24.25788 1.90109 -1.930184 -1.490572 -0.600191 -0.443109 -1.164398 1.873099 1.225618 -0.8266 3.640269 1.777513 3.2899
-0.244141 -35.44363 -24.25788 1.289614 -2.52671 -0.908887 0.196074 -1.006528 -0.056108 0.532636 -0.577074 0.015163 3.069114 -0.367534 5.646396
11.75586 -37.44363 -24.25788 4.482821 4.963344 -2.353549 0.802226 -1.29079 0.480562 4.895223 9.157308 0.325177 3.693653 1.828585 7.673806
9.755859 -37.44363 -24.25788 6.365088 7.13676 -0.756273 1.081703 -0.953342 0.607648 6.969989 9.146978 3.313461 2.394681 1.267194 7.101071
7.755859 -37.44363 -24.25788 9.440153 3.150101 0.562766 -0.88179 -0.348239 0.960623 10.39829 8.682714 4.519535 -1.351939 0.626655 5.800947
5.755859 -37.44363 -24.25788 7.220127 8.164141 2.506507 2.996783 -0.610749 0.262558 5.944348 15.88147 2.688468 6.528512 -1.030047 11.17232
3.755859 -37.44363 -24.25788 5.223515 6.124282 -0.468337 -1.384135 0.232921 -1.992777 6.47099 15.551 0.642409 3.990313 2.909772 9.973102
1.755859 -37.44363 -24.25788 1.708111 0.279156 -2.50177 -2.011502 -1.074795 -2.050753 4.358057 8.112115 -0.925937 3.683841 2.353322 7.14509
-0.244141 -37.44363 -24.25788 -1.605919 -3.019898 -2.709792 -0.933625 -3.066379 -1.173162 0.184102 2.602661 -1.058258 3.707076 -0.158037 6.309331
-4.244141 -37.44363 -24.25788 4.990428 -0.793599 1.538406 -0.892972 1.309459 -2.633903 6.581309 4.013562 2.104869 0.325945 2.81258 0.405163
-6.244141 -37.44363 -24.25788 1.698216 4.675787 -0.835722 0.558438 -1.715221 -2.217928 1.663669 8.91603 -0.048005 4.418148 -1.340423 4.275855
5.755859 -39.44363 -24.25788 4.782995 7.641004 1.159229 3.175736 -2.349569 2.320799 5.935127 11.67294 3.016068 4.414227 -2.394929 11.2316
3.755859 -39.44363 -24.25788 1.688392 4.905681 -3.875617 1.547803 -1.383372 0.028748 2.888279 9.814719 -0.420774 5.165117 0.810006 9.975664
1.755859 -39.44363 -24.25788 -0.050339 2.427198 -3.700987 -1.779302 -1.666368 -1.502758 2.256293 9.110148 -0.244407 3.445369 1.723857 7.107836
-0.244141 -39.44363 -24.25788 -0.637054 -0.479617 -1.288645 -0.529001 -3.016516 -1.17679 1.709212 4.36341 2.191993 2.813571 0.02624 4.009951
-2.244141 -39.44363 -24.25788 3.080666 -3.972275 0.255085 -1.329818 0.074815 0.182901 4.795279 -0.571845 2.143023 0.192574 1.726415 4.708007
-4.244141 -39.44363 -24.25788 3.154166 0.810755 0.661138 1.164193 2.367637 0.357538 3.652982 0.45054 1.064398 3.014369 2.807166 -0.084614
-6.244141 -39.44363 -24.25788 2.414904 1.362965 -1.120818 1.158291 -0.205482 -1.181094 2.713036 2.675014 -0.953824 4.401737 -0.562644 0.259592
7.755859 -41.44363 -24.25788 -1.461024 5.960527 1.989455 3.965919 -2.073192 1.868554 0.66455 3.94885 4.346335 0.584338 -0.845664 1.093279
5.755859 -41.44363 -24.25788 3.367446 11.58035 -0.920542 7.316251 -2.091537 5.383483 5.534538 8.88613 1.902795 4.02917 -1.109113 6.212517
-0.244141 -41.44363 -24.25788 -0.169638 5.282008 0.042651 2.806605 -1.210603 4.488125 2.000604 7.963631 3.386108 1.579686 0.882129 3.979396
-2.244141 -41.44363 -24.25788 1.292443 4.229889 -0.045608 2.151089 0.249176 4.080046 4.34206 5.69322 1.292576 0.394973 1.735342 5.405803
-4.244141 -41.44363 -24.25788 2.662429 7.961113 0.051035 2.848919 1.342568 2.269114 4.305888 6.947186 -0.421957 2.147792 2.163754 1.693925
-6.244141 -41.44363 -24.25788 2.827041 1.994653 0.623038 1.771961 1.294387 0.293708 3.899339 1.458853 0.050096 2.602342 0.928001 0.600294
7.755859 -43.44363 -24.25788 -0.026603 13.7908 3.447833 7.116338 0.600124 5.159604 0.306741 8.777044 4.12915 3.637108 0.306155 0.07842
5.755859 -43.44363 -24.25788 3.436898 20.63248 1.149004 10.58882 0.407722 6.457418 3.609879 17.00288 1.941648 5.551725 0.907744 2.430244
-0.244141 -31.44363 -22.25788 -0.932467 -8.674911 -1.407363 -5.878354 -0.605295 -4.710064 -2.580419 -6.948071 3.401805 -7.445247 1.767353 -8.536655
-0.244141 -33.44363 -22.25788 -2.665493 -2.422506 -2.41168 -2.791859 -2.595859 -0.966979 -0.768262 -2.88252 0.398205 -4.615263 0.953429 -4.832543
13.75586 -35.44363 -22.25788 4.930649 6.128232 -1.824063 0.847975 -1.643411 1.024718 3.390747 5.684989 0.917856 3.163576 2.571479 1.786757
11.75586 -35.44363 -22.25788 6.467375 -1.744778 1.77652 -1.224186 -0.002046 2.379878 5.701787 -7.466808 1.787189 -5.490125 1.000129 -6.084454
-0.244141 -35.44363 -22.25788 0.84595 3.039816 1.865599 -0.668678 0.823092 0.042093 0.891239 6.456922 1.628056 -0.010603 1.926126 3.966816
-2.244141 -35.44363 -22.25788 1.864057 -0.043656 0.714986 -1.077123 -1.807771 -2.101273 2.33808 5.213486 0.476564 0.676809 1.398181 1.69803
-4.244141 -35.44363 -22.25788 0.609052 1.451251 -1.996564 0.889467 -4.352179 -3.459895 2.872181 6.741765 -0.88375 2.249881 2.023691 -0.22074
-6.244141 -35.44363 -22.25788 -1.45008 9.064384 -1.489815 3.11873 -2.821168 0.265105 -0.783432 8.634886 -0.321182 -0.514791 0.6627 -1.057032
13.75586 -37.44363 -22.25788 10.02007 2.754139 2.236379 -1.380285 0.484103 0.144086 10.03712 5.801044 2.81239 0.268249 2.997631 3.222704
11.75586 -37.44363 -22.25788 7.63249 1.210893 0.343814 -0.276867 1.007085 2.552267 9.491575 0.262221 0.646921 -2.548517 3.311941 -0.251889
9.755859 -37.44363 -22.25788 4.258366 -3.093806 -3.291507 -1.54035 0.08607 -1.021555 5.87495 1.574167 -2.291192 1.152 2.529376 6.354306
7.755859 -37.44363 -22.25788 6.683865 4.455539 0.059659 0.524392 -0.700381 2.319353 7.181954 17.94795 2.008059 5.671349 -0.299216 17.56572
5.755859 -37.44363 -22.25788 8.763259 12.04369 4.468321 5.398057 0.116397 3.42827 7.212444 25.87838 3.716351 15.86463 -1.040209 18.49938
3.755859 -37.44363 -22.25788 7.118976 8.541023 2.188339 0.008526 1.959887 -1.646557 6.136561 18.05289 2.678596 7.058687 3.569518 11.09835
1.755859 -37.44363 -22.25788 1.696655 4.91697 -0.962719 -3.276965 0.216098 -3.119908 0.843658 15.5047 1.636585 3.617947 4.691564 9.806102
-0.244141 -37.44363 -22.25788 -0.402873 6.420579 0.432106 -2.278492 -0.688073 -1.732314 -1.354121 16.72644 2.00256 3.052366 2.969365 8.73173
-2.244141 -37.44363 -22.25788 2.213758 1.509312 0.268594 -2.207963 -0.950137 -3.061647 3.039472 11.63509 1.870499 1.719531 4.358617 6.433889
11.75586 -39.44363 -22.25788 10.5128 2.730914 3.058934 -1.11468 3.565431 1.06955 10.25726 4.677058 0.202581 -2.068262 5.756787 -1.219639
5.755859 -39.44363 -22.25788 6.610688 15.42514 3.876223 4.52582 -1.763122 2.377995 6.571939 31.95679 3.732947 17.4611 -3.366738 25.96032
3.755859 -39.44363 -22.25788 5.812361 8.478509 1.044537 -0.078535 0.842142 -1.562563 6.396845 21.51717 2.877728 9.167394 2.170523 16.28512
1.755859 -39.44363 -22.25788 1.435185 2.231025 -2.00362 -6.297819 -1.163426 -4.673247 1.694895 16.59219 2.067987 3.346132 2.691922 9.163115
-0.244141 -39.44363 -22.25788 1.164885 5.258198 0.665355 -4.194193 -1.967027 -2.33713 0.680109 16.84866 3.284291 3.180002 1.413389 6.920053
7.755859 -41.44363 -22.25788 -0.263035 8.293029 3.138346 2.718941 -1.792675 -1.092245 0.29723 14.96367 4.038022 6.791973 -5.943789 9.48192
5.755859 -41.44363 -22.25788 2.853761 14.31521 0.19089 5.252035 -2.425667 3.888195 4.312255 24.82996 1.41507 14.79567 -4.07657 22.04868
3.755859 -41.44363 -22.25788 5.065 4.858288 -0.647748 -0.039774 0.845803 1.417214 5.827768 14.77645 0.501578 8.071422 2.183723 16.01188
1.755859 -41.44363 -22.25788 2.627951 -0.695504 0.014791 -5.117849 0.168603 -2.961593 3.945507 8.340076 1.877803 0.39362 1.843865 4.175382
-0.244141 -41.44363 -22.25788 -0.215175 3.294964 0.862301 -3.166382 -2.881816 0.599954 1.267452 9.894464 2.40437 1.198692 -2.387236 4.87223
-2.244141 -41.44363 -22.25788 2.007169 10.65655 0.898687 2.192516 -2.187164 2.567547 1.974261 15.61966 0.073297 6.058313 -2.49985 10.04629
-4.244141 -41.44363 -22.25788 3.398795 9.045673 1.104452 2.678162 -0.741164 1.480232 3.062339 13.56668 -0.934544 7.961073 -1.29057 10.69421
-6.244141 -41.44363 -22.25788 0.106872 2.330662 1.160729 1.405229 -1.341915 -0.844533 2.013405 5.989305 1.023276 6.797436 -0.898212 8.836612
7.755859 -43.44363 -22.25788 -1.180744 11.01209 2.325507 5.260015 -0.281022 2.301361 -0.461323 13.76307 3.286364 6.007943 -2.170343 6.856414
-6.244141 -43.44363 -22.25788 2.909077 -1.638218 2.464101 3.285025 1.17259 2.408563 3.788901 1.30656 1.79487 8.165631 -0.355334 9.33675
-0.244141 -35.44363 -20.25788 -0.979314 -0.3949 2.351033 -5.534272 0.420764 -2.567437 -0.686746 3.352444 4.962253 -5.928023 3.987265 1.984809
-2.244141 -35.44363 -20.25788 2.659081 -5.791382 3.149014 -0.97738 -0.591704 -2.586628 0.646138 -5.25332 3.825954 0.433556 1.462209 -0.526881
-4.244141 -35.44363 -20.25788 5.559212 -9.977423 1.214897 0.444093 -2.387046 -3.103507 4.594438 -8.337115 2.459256 4.528195 -1.12499 -4.124928
-6.244141 -35.44363 -20.25788 2.915048 1.173286 0.176987 2.848489 -2.317122 -0.670394 4.273298 1.199474 1.226321 3.784123 -0.679272 -3.478493
9.755859 -37.44363 -20.25788 -1.20409 -3.516031 -7.434447 0.14891 0.07514 1.324293 0.458905 -0.00268 -6.747335 2.332565 4.972407 8.767052
7.755859 -37.44363 -20.25788 -2.095784 -0.462653 -6.415205 1.455007 -4.410568 3.683155 0.316573 10.71097 -3.201926 5.376112 1.169891 15.75738
-0.244141 -37.44363 -20.25788 -7.256999 2.329424 -3.459154 -4.611752 -4.575843 -2.276101 -6.130689 9.682353 3.642078 -3.004613 3.968768 5.48812
-2.244141 -37.44363 -20.25788 -2.875649 -1.272672 -0.883826 -0.837247 -3.28328 -2.616601 -1.281811 1.623734 4.334805 -1.534834 2.80438 -0.262114
-4.244141 -37.44363 -20.25788 1.292022 -4.898836 -2.085732 -2.675662 -2.099792 -3.397488 4.065615 -4.62986 1.489878 -3.628631 1.615706 -6.401212
-6.244141 -37.44363 -20.25788 2.035483 0.292225 -2.072291 0.284519 -1.795443 -1.4926 4.01944 0.935153 -0.703059 0.575416 0.770216 -5.414016
13.75586 -39.44363 -20.25788 8.242014 -0.460602 3.429219 3.427078 1.513084 0.823776 5.17378 2.748906 0.224068 5.809773 3.457011 1.218897
11.75586 -39.44363 -20.25788 8.518339 5.953861 4.928124 2.957226 3.474826 3.812037 6.709662 8.050344 1.226773 4.746806 5.430249 3.486598
9.755859 -39.44363 -20.25788 4.301768 5.669204 -1.350659 3.840871 1.563811 3.287452 4.517008 9.570925 -3.655173 8.844658 4.475713 10.19877
7.755859 -39.44363 -20.25788 2.661404 8.388391 -1.422844 3.000453 -1.450048 1.618694 3.621363 17.29103 0.386511 8.821232 1.532459 13.63428
5.755859 -39.44363 -20.25788 6.6191 19.0437 2.696247 3.051166 -4.148913 -0.047946 8.6011 37.85798 5.069686 14.57277 -0.265767 21.94398
3.755859 -39.44363 -20.25788 8.089776 7.589839 1.590944 -0.871652 -1.202489 -2.384565 7.525653 22.71978 3.157782 9.061977 5.499713 16.77585
1.755859 -39.44363 -20.25788 3.237392 0.402396 -1.965013 -4.666036 -1.187475 -1.325958 0.779218 8.984376 2.553629 2.457873 8.182069 8.297037
-0.244141 -39.44363 -20.25788 0.625622 0.05218 -1.103433 -3.875892 -2.441084 -1.658344 0.401253 7.056161 3.414125 -0.252018 4.964825 3.556033
-4.244141 -39.44363 -20.25788 0.404531 4.127767 -0.467452 -0.8754 -1.341595 -1.251049 3.891327 5.459661 2.729648 -2.061507 3.878586 -1.293041
-6.244141 -39.44363 -20.25788 1.199395 4.150108 -0.565896 1.95933 -0.508402 0.706396 3.319824 6.24541 1.01326 0.970657 2.880646 0.835072
11.75586 -41.44363 -20.25788 7.369907 10.38816 5.703919 6.09586 0.106971 1.237358 5.140793 19.96858 2.01615 13.18337 3.683774 10.07099
9.755859 -41.44363 -20.25788 5.686826 9.80453 5.46798 5.98946 1.465308 2.237242 4.838571 18.96115 3.841475 14.31517 2.668328 14.85646
5.755859 -41.44363 -20.25788 6.724249 28.862 4.205719 5.365652 -2.672585 -1.869257 9.079988 55.15848 6.681788 25.45662 0.814306 33.89851
1.755859 -41.44363 -20.25788 6.48155 -0.912744 1.681455 -2.126359 1.575945 -1.15511 4.848668 8.342263 2.342898 3.787812 6.738454 6.982129
-0.244141 -41.44363 -20.25788 2.951597 -0.703123 1.275499 -3.492409 0.383644 -1.520394 4.178327 4.838715 1.540608 0.237607 3.809131 2.624896
7.755859 -43.44363 -20.25788 1.953235 13.26774 4.312177 1.838953 0.449179 -2.021891 2.991635 26.50966 5.407692 12.21465 2.862104 19.59247
5.755859 -43.44363 -20.25788 4.43938 28.92684 3.004504 7.996174 -0.581937 2.035765 3.958105 52.47445 4.216465 27.83457 1.83878 33.65096
1.755859 -43.44363 -20.25788 4.022276 -1.231879 1.841586 -0.274781 0.566595 -1.169883 3.634015 10.46286 1.717708 5.691225 3.140408 10.75506
-0.244141 -43.44363 -20.25788 1.829496 -0.795271 0.360806 -0.862149 0.677748 -3.284082 4.23131 5.781318 -0.510713 3.080357 2.66985 4.204501
-2.244141 -43.44363 -20.25788 1.591028 3.726104 0.355628 -0.294521 -1.494898 -0.743824 4.080776 5.09545 1.528196 1.583494 2.242302 4.739308
13.75586 -39.44363 -18.25788 3.832628 1.218663 1.552485 1.122902 0.328689 0.813619 2.623463 4.239312 1.744676 0.974684 4.016867 1.966279
7.755859 -39.44363 -18.25788 4.041022 7.823503 2.269739 4.409426 0.261656 5.171857 4.649406 12.61756 1.852312 5.596836 1.092521 6.784682
-0.244141 -39.44363 -18.25788 0.363473 -4.146436 -2.482992 -5.355524 -1.913026 -4.798152 0.869484 -2.778801 2.324971 -4.008696 3.048019 -3.041213
-2.244141 -39.44363 -18.25788 0.384405 0.308393 -0.018372 -1.434906 -1.771557 -1.370391 0.688828 0.261866 1.540849 -0.955074 1.240976 0.017008
-4.244141 -39.44363 -18.25788 2.061662 0.711401 -0.231322 -0.350643 -1.673483 -0.411645 3.626105 0.499982 1.294757 -2.55817 1.616709 -1.471387
-6.244141 -39.44363 -18.25788 1.254206 1.258194 -0.457834 -0.048132 -1.636349 0.049176 2.70245 2.278902 1.730409 -1.594223 1.094242 -1.860793
-8.244141 -39.44363 -18.25788 1.290376 1.773102 0.25469 -0.01881 -0.420284 -0.873272 2.089586 2.255277 0.519281 -0.321071 1.943073 -2.432555
13.75586 -41.44363 -18.25788 2.85589 4.409778 1.486241 2.864089 -1.868345 1.993943 3.058147 8.448545 0.402487 3.976547 3.985307 4.662556
11.75586 -41.44363 -18.25788 3.030539 12.52992 2.922499 5.583221 -2.245409 3.464953 3.261961 19.20808 3.148342 8.526606 6.063586 10.65141
9.755859 -41.44363 -18.25788 2.563959 12.47203 3.5955 7.659561 -1.540769 3.889811 3.098799 23.17227 4.770824 13.15855 3.928337 15.85842
7.755859 -41.44363 -18.25788 4.064303 10.66933 4.991177 4.950657 0.130844 2.5667 5.313173 20.88532 6.107566 8.700253 2.263761 10.3826
5.755859 -41.44363 -18.25788 4.488626 22.87983 2.680998 6.648799 -4.998616 0.936084 8.352735 42.40825 3.912328 14.54643 -1.415092 20.55992
1.755859 -41.44363 -18.25788 3.266474 -1.605475 -2.044311 -7.668802 -1.320236 -6.320464 6.028069 2.587889 4.58 -5.296083 6.457119 -2.504757
-0.244141 -41.44363 -18.25788 1.735502 -1.866464 -0.689667 -5.230762 0.969311 -4.275701 4.014303 -1.679075 1.545799 -5.115538 5.479016 -3.005095
-4.244141 -41.44363 -18.25788 3.352727 1.429233 1.3897 0.349848 -1.225189 1.037974 5.351102 -0.582964 1.319165 -1.724312 2.002719 -0.508713
11.75586 -43.44363 -18.25788 3.474654 13.2441 4.172384 6.939131 -2.223876 3.105633 3.766476 20.95284 4.880108 10.89162 6.037945 11.70131
9.755859 -43.44363 -18.25788 2.777469 14.30756 2.82204 5.08098 -2.328937 -0.513157 5.108318 30.82094 6.853539 13.28927 8.069072 18.71628
7.755859 -43.44363 -18.25788 3.397442 13.77165 3.279338 3.089085 -2.231008 -2.513069 6.658391 27.10356 7.211034 9.750422 5.788904 13.03789
5.755859 -43.44363 -18.25788 4.658601 32.58891 2.465542 7.980163 -6.425294 -0.494051 9.953183 55.14385 7.94487 21.38709 2.276036 27.21017
1.755859 -43.44363 -18.25788 4.946715 -0.156244 0.803802 -2.898875 -0.671358 -3.314313 7.708047 6.099236 4.349249 0.635195 7.078649 4.559397
-0.244141 -43.44363 -18.25788 2.849454 -1.966832 0.133201 -3.352595 0.956582 -3.494329 6.10352 1.551825 1.562415 -1.639804 5.065397 1.645415
-0.244141 -45.44363 -18.25788 6.818765 4.692717 2.044779 0.580045 1.815104 -2.058515 8.183525 11.23914 1.337746 4.415162 3.373862 7.814272
13.75586 -39.44363 -16.25788 5.225132 -1.354895 3.352251 -1.421605 1.905166 -0.482453 4.254275 1.669884 3.546147 0.3152 3.152376 1.165715
13.75586 -41.44363 -16.25788 4.834963 -1.202487 4.062976 0.213961 1.151564 1.398064 4.099191 0.816771 2.04565 0.676769 2.43894 0.572455
11.75586 -41.44363 -16.25788 6.095707 4.418251 5.640808 1.422318 1.80034 2.844205 4.527078 8.994562 4.161069 2.375979 4.709095 4.751637
-0.244141 -41.44363 -16.25788 2.941929 3.860327 2.418682 -0.492117 0.407325 -3.057618 5.720788 1.869275 3.166702 1.631029 3.95555 -3.420601
-2.244141 -41.44363 -16.25788 4.051277 4.288574 3.629306 2.99448 -0.339185 1.226987 4.723933 1.122287 3.192937 2.048955 1.986339 1.439956
-4.244141 -41.44363 -16.25788 3.124585 1.64503 3.431529 1.942453 -1.382897 1.68059 4.327005 -0.410926 4.878263 -0.538998 1.818397 3.0994
-6.244141 -41.44363 -16.25788 3.842418 1.756624 3.512449 1.277309 -0.373437 1.610256 4.105369 -0.516934 3.954275 -0.450823 1.524601 1.616929
11.75586 -43.44363 -16.25788 6.816265 1.578597 5.396753 -0.021092 0.787511 1.927751 6.804882 3.729247 4.74789 -2.303574 3.145331 -0.12725
7.755859 -43.44363 -16.25788 1.368171 2.482616 1.062693 -0.999097 -2.218771 -1.893206 1.234512 6.681311 2.333041 -3.412678 0.454763 -3.180771
5.755859 -43.44363 -16.25788 1.249864 15.49545 -1.460926 8.251346 -5.591547 4.500549 2.55746 21.5078 -1.074326 8.283216 -2.834615 9.562706
-0.244141 -43.44363 -16.25788 3.30942 -4.379372 1.347757 -3.804009 0.641123 -4.157708 6.825088 -3.121 4.129825 -3.213776 3.783383 -6.392783
11.75586 -45.44363 -16.25788 7.534333 0.72848 3.122013 0.229136 -0.775644 1.686453 8.145638 0.688733 3.439141 -0.429789 1.170792 1.807384
9.755859 -45.44363 -16.25788 6.46795 1.683065 2.864059 -1.809839 -1.342079 -1.215704 8.120691 1.7055 4.280838 -3.440107 1.05649 -1.727
7.755859 -45.44363 -16.25788 2.821089 4.955782 0.688629 -2.066999 -2.923783 -4.00566 4.51501 8.417313 2.745494 -0.853651 1.731667 1.195114
9.755859 -45.44363 -14.25788 7.121106 -2.352638 5.298496 -5.416069 1.519263 -1.912317 7.186241 -2.797348 4.669044 -6.327578 2.727411 -3.325956
