-3.865776 -21.61497 17.47455 2.257636 0.999624 0.200492 0.163734 3.649636 -4.063441 1.716828 3.5704 1.802735 2.045473 3.151463 -2.730327
-5.865776 -23.61497 17.47455 0.450529 -1.18256 -0.894803 -0.356892 0.240723 -2.417232 3.112992 -0.013452 0.376963 1.386132 1.294984 -2.26207
8.134224 -19.61497 19.47455 -2.215042 -2.661165 0.60707 -0.491188 1.901069 0.020862 -0.180622 -0.619032 3.865298 1.383977 4.394555 2.217516
10.13422 -21.61497 19.47455 2.78172 -3.127258 1.853212 -1.24932 -0.944082 -1.264744 2.771573 -2.658071 2.930872 -1.946599 0.168381 0.63208
-1.865776 -21.61497 19.47455 1.631627 0.981847 2.197404 -0.786135 1.093044 -2.152666 2.713169 0.929408 2.383612 -3.485514 1.069147 -0.166523
-3.865776 -21.61497 19.47455 3.237109 2.478443 1.75595 -2.483775 4.750249 -5.265304 2.159764 1.43821 1.653529 -2.532247 4.131669 -3.214622
-7.865776 -21.61497 19.47455 1.502072 -1.852394 2.314874 -1.289486 0.691593 -2.870785 1.646581 -0.377993 1.023366 -0.059643 2.52225 0.362064
-1.865776 -23.61497 19.47455 2.92841 0.884706 1.736388 0.548535 0.846983 -0.274904 3.4581 1.175922 2.38738 -0.321357 -0.040239 2.019202
-3.865776 -23.61497 19.47455 1.349704 -0.342455 -2.408467 -1.961937 1.936894 -4.467135 3.581801 -0.069044 -0.391639 -2.194546 2.883611 -2.664526
-5.865776 -23.61497 19.47455 -0.484175 -1.581119 -1.509223 -2.204621 0.063079 -3.751831 2.897203 -0.895977 -0.64145 -2.242928 2.433841 -2.185289
-7.865776 -23.61497 19.47455 2.557178 -2.526817 2.223163 -0.88818 0.684489 -2.227406 4.65255 -1.931497 1.69807 0.171305 2.194221 0.634479
-7.865776 -17.61497 21.47455 -2.921338 -1.47641 -0.180173 1.265711 -0.39809 0.092296 -2.40743 -0.028493 -0.724682 -0.731385 -0.271719 -0.380437
10.13422 -19.61497 21.47455 -0.813811 -2.073219 -4.254956 -0.386891 0.256907 -2.093829 1.065195 -1.257161 -2.825997 -0.383341 0.649179 -0.240216
8.134224 -19.61497 21.47455 -2.1685 -2.574081 -3.932689 -0.853166 -0.156536 -1.334258 -1.951647 -1.130768 -3.553228 0.327422 0.406913 0.728664
-3.865776 -19.61497 21.47455 1.860558 2.583065 3.597842 4.283952 1.068144 1.548698 2.438859 1.528609 0.631489 3.945506 0.225679 2.079075
-5.865776 -19.61497 21.47455 0.895372 2.086315 2.656578 3.528971 1.014179 1.454606 4.525462 1.121413 2.93433 -0.760808 2.013392 0.091149
-7.865776 -19.61497 21.47455 1.522331 -0.438315 4.226314 3.346372 1.83744 0.530539 4.168325 -1.136737 5.087683 0.01163 4.287148 -0.643919
10.13422 -21.61497 21.47455 -1.441629 -3.1104 -4.162436 0.07758 -2.49044 -0.138276 0.563251 -2.066297 0.110674 -0.791332 -0.401263 1.829099
8.134224 -21.61497 21.47455 -3.617265 -1.936265 -2.992398 0.438252 -1.640076 0.202695 -1.874634 -1.218597 -1.313641 -0.109985 -0.132078 1.666097
-3.865776 -21.61497 21.47455 2.599333 2.505342 3.876685 2.076131 2.791925 0.870029 2.29493 1.947997 2.359386 1.94298 2.853353 1.315441
-5.865776 -21.61497 21.47455 2.547746 0.587149 1.619615 0.551423 3.367273 0.495231 1.617931 1.428574 1.953779 -0.036739 5.497978 2.029989
10.13422 -23.61497 21.47455 -1.861742 0.368062 -2.092356 0.179063 -2.506838 -0.380752 0.483445 1.522873 0.103911 -1.414069 -0.959064 -0.597281
-1.865776 -23.61497 21.47455 1.612783 -0.885053 0.456123 1.716558 -0.54243 1.215709 0.857481 -0.68985 -1.16783 -0.801408 0.39568 2.144606
-3.865776 -23.61497 21.47455 0.461161 1.283569 2.112184 0.06877 3.22588 0.841899 1.5211 1.032653 2.596418 -1.080938 5.585068 1.821072
10.13422 -25.61497 21.47455 -3.186073 1.537262 -1.541367 -0.949613 -0.009866 -2.647216 -0.885509 1.57109 -1.541264 -1.089256 0.802021 -1.900727
-3.865776 -25.61497 21.47455 0.857607 0.293033 1.300471 -0.164624 2.937459 1.583525 2.491771 -0.477091 1.858774 -1.038815 6.57429 4.505844
-5.865776 -19.61497 23.47455 1.736414 0.242498 0.799374 0.899066 0.95364 1.559676 7.231349 -1.645949 2.737931 -2.493338 3.167655 -0.731588
-7.865776 -19.61497 23.47455 1.644301 -1.561191 2.444697 1.346551 1.165223 1.107585 5.967421 -3.945789 4.235675 -0.526534 4.305256 0.366278
-9.865776 -19.61497 23.47455 0.656362 -2.154795 -0.038107 1.831804 -1.411849 -0.173767 4.378561 -4.137948 0.513972 -0.828484 0.780789 0.90873
-11.86578 -19.61497 23.47455 0.345965 -2.734946 -1.4964 -2.147547 -0.156183 -1.577303 1.858545 -2.282558 -3.233825 -3.153346 -1.176345 0.321694
10.13422 -21.61497 23.47455 -0.643708 -0.654142 -1.162847 -1.32422 -0.358122 -2.107864 2.809633 1.966445 1.198816 -0.770939 0.127333 -1.647441
8.134224 -21.61497 23.47455 -2.859263 -2.451265 -2.160294 -0.207449 -0.384764 -0.431648 -0.633838 -0.172005 -0.543843 -0.868375 0.171828 0.807343
6.134224 -21.61497 23.47455 -2.372851 -2.894607 -0.784104 0.964612 0.094645 2.318617 -1.870888 -2.931844 0.02993 -1.230793 0.593561 3.2292
-3.865776 -21.61497 23.47455 0.619879 1.176324 -1.317897 2.939826 -1.290487 2.329159 4.834846 1.269101 -0.594944 3.181843 1.742318 2.259528
-5.865776 -21.61497 23.47455 1.71418 1.441263 -0.37741 0.328331 1.850648 2.429443 4.358543 0.886396 2.407056 0.245165 4.864176 2.189076
-7.865776 -21.61497 23.47455 2.258071 1.005888 1.760922 1.135161 2.015267 1.429379 5.842451 -0.29475 4.696503 0.081111 4.958049 1.952264
-9.865776 -21.61497 23.47455 1.426729 0.468151 1.458803 3.641364 0.716537 0.817451 5.375553 0.130016 3.124725 3.077744 2.536058 2.298943
-11.86578 -21.61497 23.47455 0.307187 -1.126337 1.722924 0.346855 0.192614 -0.846915 3.928475 -0.459483 1.534785 0.223057 -0.559093 1.177869
10.13422 -23.61497 23.47455 -0.091688 -0.577255 -0.685826 -0.660176 -0.03503 -1.153895 0.061567 1.61411 0.905039 -0.658101 -1.298807 -1.489216
8.134224 -23.61497 23.47455 -3.101503 -3.104981 -1.312503 -0.733141 -0.046901 1.047435 -0.382099 -0.637492 2.37298 -0.625411 0.051683 1.882567
6.134224 -23.61497 23.47455 -1.531813 -1.961626 0.109063 0.485631 -0.053432 3.866292 -1.065297 -1.351242 1.526929 -1.501498 1.461166 4.895932
-3.865776 -23.61497 23.47455 3.421715 -0.870623 0.187619 1.691292 0.350718 1.539755 6.218915 0.292074 1.929246 1.906098 1.921164 4.346553
-5.865776 -23.61497 23.47455 2.828449 0.856198 0.878235 -1.735928 2.755997 0.573599 4.318162 2.173812 3.654468 1.034929 4.070781 4.127944
-7.865776 -23.61497 23.47455 2.458193 1.243591 -0.963708 -0.125035 1.806947 -0.225446 6.609131 1.740042 3.542518 0.284615 6.191697 2.292389
-9.865776 -23.61497 23.47455 1.804646 2.706532 0.188432 2.755052 0.335291 1.349996 4.693672 3.715305 3.067586 1.953802 3.398794 2.996702
10.13422 -25.61497 23.47455 -1.470564 -0.126418 -0.929684 -0.085963 2.553513 -1.887209 -3.469051 1.321689 -0.890755 0.328896 1.139809 -0.027421
8.134224 -25.61497 23.47455 -0.743317 -1.943189 -0.148958 -0.635441 3.489588 0.807085 1.007789 0.720814 2.44954 2.172012 2.789384 2.410613
6.134224 -25.61497 23.47455 1.830827 -2.134107 2.372084 -0.390642 1.980155 2.071351 3.257851 0.18024 4.058457 2.307238 3.342894 4.134975
-3.865776 -25.61497 23.47455 3.838759 -1.451052 2.712074 1.553241 0.834003 1.886893 3.930429 -0.341807 5.018179 1.459442 2.384097 3.739182
-5.865776 -25.61497 23.47455 3.466251 -1.648611 1.136885 -0.265101 3.628927 1.674927 5.337816 -0.274571 3.674494 1.084983 4.001378 4.300299
10.13422 -27.61497 23.47455 -1.629984 0.835264 -1.702337 -0.246353 2.781084 -2.489256 -3.901456 2.128325 -3.636571 -0.171522 0.294796 -0.423081
-3.865776 -27.61497 23.47455 0.594262 0.024275 2.096513 1.152878 0.331621 2.239367 -2.063008 -0.379896 2.342593 0.746272 2.661626 2.649846
-5.865776 -27.61497 23.47455 0.352369 -0.36199 1.408597 0.627028 1.077057 2.023404 -0.016186 -0.869433 1.327482 -0.924879 0.605775 2.023935
-9.865776 -19.61497 25.47455 2.356632 -2.033048 -0.366032 1.41177 0.015866 -0.989413 3.244796 -3.047787 -1.589341 2.578656 0.449591 0.087995
-11.86578 -19.61497 25.47455 1.443792 -1.63267 -0.251791 -2.038214 1.022929 -2.233557 0.753426 -1.00876 -2.710204 -0.792343 -0.56435 0.684117
-5.865776 -21.61497 25.47455 0.662014 0.332182 -1.380271 -1.990809 0.177958 0.394527 2.326195 -1.206856 1.054131 -0.919399 2.095327 1.322934
-7.865776 -21.61497 25.47455 1.580038 -0.497238 -0.855609 -0.124216 0.962457 -0.45295 3.509791 -1.117442 1.023048 0.064328 2.228709 0.009605
-11.86578 -21.61497 25.47455 -0.396176 -2.563998 -0.185347 -0.17049 -1.460571 -0.699791 2.908644 -1.236502 0.428191 0.057523 -0.492841 1.07434
-13.86578 -21.61497 25.47455 -2.154258 -1.461389 2.244323 -0.645308 0.618238 -0.3125 1.992572 -1.185272 4.159906 -0.917463 1.875143 1.172155
-3.865776 -23.61497 25.47455 0.831225 -1.284686 -2.519186 -0.05121 -1.227093 -2.821965 4.367118 0.136118 0.538736 2.457905 3.210793 0.002602
-5.865776 -23.61497 25.47455 2.643495 -0.013247 -1.727963 -2.384158 1.956637 -1.054163 3.092478 0.309372 0.632149 -1.199892 2.991476 1.955663
-7.865776 -23.61497 25.47455 2.380931 -0.063773 0.816517 0.14778 3.013281 -0.079977 4.838778 0.60959 3.290758 -0.27576 5.46741 0.638249
-9.865776 -23.61497 25.47455 2.918808 -0.079676 1.802245 2.146391 1.391426 1.178533 6.742754 1.902252 3.140041 2.451062 3.139419 3.197168
-11.86578 -23.61497 25.47455 0.549809 -1.776992 1.293587 1.149265 -0.261307 0.930568 3.400388 -1.229993 1.744937 -0.834629 -0.170915 2.405592
10.13422 -25.61497 25.47455 -1.339393 0.715576 -1.122102 -0.164955 0.673883 0.115856 -2.331825 1.135565 -0.375671 -2.811716 -0.170395 -0.541001
8.134224 -25.61497 25.47455 -1.44604 0.728582 -1.868145 1.572753 1.693143 1.854059 -0.772979 0.041629 -0.550588 -0.818734 0.090802 -0.123386
6.134224 -25.61497 25.47455 -1.615941 0.311004 0.339103 1.393034 0.470495 2.256009 -1.699879 0.413759 1.210126 0.977879 -0.952309 1.672959
-3.865776 -25.61497 25.47455 2.467767 -2.414847 -0.087646 1.812855 -0.457612 -0.048731 2.420884 -1.219125 2.105112 1.232842 -0.0454 0.477021
-5.865776 -25.61497 25.47455 0.763792 -1.400202 0.164859 -0.174717 1.463401 0.193276 2.243637 -0.670242 2.615088 -1.347083 2.830579 1.624705
-7.865776 -25.61497 25.47455 1.096668 -1.403634 -0.149763 1.012464 1.857854 1.650222 2.629998 -0.97263 1.108368 1.056888 2.947821 3.506765
10.13422 -27.61497 25.47455 -3.620893 1.124925 -3.085337 1.209315 0.32537 -0.827713 -2.9165 2.41 -2.907244 0.541418 -0.373176 1.122018
10.13422 -21.61497 27.47455 2.147644 0.112922 1.220647 0.209928 1.772457 -1.259439 -0.053584 -0.790295 1.789024 1.38134 0.995042 -0.019659
-11.86578 -21.61497 27.47455 -2.703839 -1.759999 -1.912074 1.075315 -2.573083 -1.541017 -1.582386 -1.852692 -2.14818 -2.074779 -1.580706 -1.852814
-13.86578 -21.61497 27.47455 -4.445441 -0.583158 -1.16205 0.676525 -2.223577 -0.226686 -1.994558 -2.195434 -0.040681 -2.008901 -0.692546 0.198562
-15.86578 -21.61497 27.47455 -3.737902 0.504369 -0.494032 -1.245403 -1.678967 0.370094 -1.978819 -0.516968 -0.181577 -2.706563 -0.366926 0.255543
10.13422 -23.61497 27.47455 3.276804 0.565232 1.326367 0.279102 3.163953 0.034494 -1.772785 0.274256 1.341002 -0.790334 0.252439 -0.231362
8.134224 -23.61497 27.47455 3.127259 -0.471427 0.879551 0.514982 3.639133 0.246522 -0.691152 -1.659219 1.284297 -0.405066 1.868397 -0.901929
-7.865776 -23.61497 27.47455 1.761374 -0.602462 -1.468393 1.025295 2.272006 0.96621 0.123701 -0.366022 -0.820531 1.220731 3.305367 0.34581
-9.865776 -23.61497 27.47455 2.455403 -0.249543 0.631146 1.677403 2.019156 0.915131 3.013372 0.499821 0.048693 0.489144 3.021033 0.818258
-11.86578 -23.61497 27.47455 -0.441346 -0.286472 -0.026018 1.343076 -0.056628 -0.219078 1.494197 -0.866331 1.008921 -0.880746 1.949378 -0.353876
-13.86578 -23.61497 27.47455 -4.006581 -0.385204 -2.082924 0.827467 -0.810632 0.696992 -2.657732 -1.090183 -1.48243 -1.233556 1.380455 0.206494
10.13422 -25.61497 27.47455 1.077859 -1.490245 0.455979 0.542125 1.636012 0.168433 -2.174035 0.207581 -0.379633 0.279066 -1.270981 0.634412
8.134224 -25.61497 27.47455 2.410403 -1.446301 -0.140918 -0.054797 3.485632 -0.425547 -0.880383 -1.835743 -0.979451 -2.054526 -0.710656 -1.262304
6.134224 -25.61497 27.47455 0.432112 -0.587262 -0.128183 -0.390541 2.223662 -0.155974 -2.854564 -0.574137 -1.456672 -0.913788 -1.376146 -1.121749
-5.865776 -25.61497 27.47455 0.976607 0.312735 1.918337 -0.24144 0.62687 -0.759647 0.593483 -0.5348 2.169655 0.604854 3.056384 -0.42357
-7.865776 -25.61497 27.47455 2.122891 0.300447 2.127637 1.55706 2.555476 1.338531 0.93009 -0.637038 1.146964 0.810622 4.695091 0.446043
-9.865776 -25.61497 27.47455 3.665037 0.884994 2.434571 1.019801 3.920683 1.414334 3.472936 0.156259 1.684141 -0.43055 5.727175 2.074548
-11.86578 -25.61497 27.47455 -1.671457 0.194555 -1.423702 0.997331 -0.406074 2.23945 0.114762 -0.235261 0.540627 0.541907 2.687447 1.977157
-13.86578 -25.61497 27.47455 -2.581514 -1.064986 -3.00112 1.064869 -1.374126 3.348854 -1.607753 -0.587427 -1.325194 -0.27873 0.66342 2.184393
10.13422 -27.61497 27.47455 -1.558689 -1.49619 -0.091927 1.318911 0.403333 -0.287621 -1.49642 0.028244 -1.602002 2.419455 -1.499556 0.96894
8.134224 -27.61497 27.47455 1.951104 -0.825294 0.960018 1.836459 2.514166 0.420256 0.243062 -1.124503 -1.024596 -0.677087 -2.760976 0.762662
6.134224 -27.61497 27.47455 1.963187 -0.850945 0.839539 1.866156 1.88319 1.530477 -2.884088 -1.763819 -1.679472 0.741374 -3.931541 1.036056
4.134224 -27.61497 27.47455 -0.287285 -1.759234 1.111869 -0.246039 -0.139205 -2.107022 -4.725319 -1.083086 -1.103126 1.168086 -2.440786 -1.319169
-7.865776 -27.61497 27.47455 1.202498 -0.044684 0.565717 -0.339522 2.394656 0.150255 -0.402609 -1.083368 0.084876 -1.403979 5.429317 0.662871
-9.865776 -27.61497 27.47455 1.47756 -0.508507 0.46348 -0.807279 3.695535 0.828088 2.536617 -0.4858 0.201153 -2.384477 5.670388 2.102532
-11.86578 -27.61497 27.47455 -1.249161 -1.594258 -0.366387 2.220126 0.751092 3.631307 -1.103583 0.025048 0.599532 2.551039 2.512494 2.943863
8.134224 -29.61497 27.47455 2.006403 0.340363 4.106991 2.989789 2.278425 0.495561 -0.068219 0.244529 1.716826 1.741955 -2.337041 1.225929
6.134224 -29.61497 27.47455 3.875237 1.579224 4.078001 2.996504 1.54589 1.372406 -1.475548 -0.719914 0.803293 -0.016124 -3.735002 0.70546
4.134224 -29.61497 27.47455 1.294516 0.110777 2.275582 1.879494 -0.790919 -0.680634 -3.067512 -1.815092 -0.127181 0.458226 -2.686342 -1.109125
2.134224 -29.61497 27.47455 1.424963 -0.481041 1.590953 1.270476 -0.983054 -0.601403 1.144364 -2.92869 0.55203 0.282378 -0.689323 -1.155599
2.134224 -31.61497 27.47455 4.090509 2.066529 2.58418 0.538693 2.94593 -0.084867 1.177124 -0.709424 0.448107 -2.453501 1.311264 -2.174058
12.13422 -21.61497 29.47455 1.939763 -0.481173 -3.712515 0.127191 0.504377 -0.280626 -1.305287 0.067407 -4.066926 1.554204 0.107088 -0.51159
10.13422 -21.61497 29.47455 1.404861 -1.371005 -1.015658 0.536661 0.565209 1.192523 -1.620436 -1.626612 -0.284614 0.58621 0.440022 1.547081
8.134224 -21.61497 29.47455 0.314706 -1.480059 0.666973 1.020575 1.595821 0.538134 -0.52035 -1.914537 1.151143 0.907199 3.521727 0.144486
-13.86578 -21.61497 29.47455 -2.287724 -0.402694 -1.085352 -0.635806 -3.61985 -0.412779 -2.213876 -0.630193 -2.472057 -1.960228 -4.644567 1.700818
10.13422 -23.61497 29.47455 2.840917 0.888428 -1.910184 -0.465567 0.470557 1.956189 -1.238361 0.776525 -1.72818 -2.38364 -0.074761 -0.589635
8.134224 -23.61497 29.47455 1.325732 0.593304 -0.255838 0.056782 1.605874 1.40166 -2.096182 -0.661013 -0.086146 -0.830027 2.523591 -0.38695
-13.86578 -23.61497 29.47455 -1.531741 -0.176643 -1.061291 -1.196774 -1.838253 -0.3876 -0.404166 0.887681 -0.757915 -0.329689 -2.111043 2.228891
-15.86578 -23.61497 29.47455 -2.948827 -1.098243 1.273671 -3.361191 -2.017929 -0.015634 -2.570566 0.603891 0.771609 -1.893859 -0.06633 2.239326
10.13422 -25.61497 29.47455 2.84641 -1.227565 -2.303281 1.710264 -0.017858 2.524068 0.177498 -2.791615 -4.454083 -1.166592 -2.600728 -1.431342
8.134224 -25.61497 29.47455 1.28702 -0.52612 -0.010935 -0.269977 0.312522 1.411312 -2.327703 -2.688172 -1.310952 -2.79357 -1.222988 -1.554486
6.134224 -25.61497 29.47455 -0.46297 -0.25744 -0.872176 -0.379247 -0.795412 0.59997 -2.967661 -1.543792 -1.796356 -1.026563 -2.510627 -1.978224
4.134224 -25.61497 29.47455 -1.779477 -0.562993 -0.96198 0.157318 0.89422 -0.347692 -2.446513 -0.468613 -1.207303 0.694863 -0.555324 -2.286277
-9.865776 -25.61497 29.47455 7.683007 1.234096 2.470132 1.837163 3.59569 1.163817 10.15949 0.671145 4.983262 -0.335545 7.035052 0.677191
-11.86578 -25.61497 29.47455 1.051297 1.466418 -1.126544 1.256783 0.979893 1.786955 2.953422 1.602004 1.070046 1.94809 3.083501 0.726359
-13.86578 -25.61497 29.47455 -0.905757 -0.223701 0.158651 -0.874408 0.270905 0.349297 0.194689 1.354681 0.991369 1.177857 1.583476 1.69558
-15.86578 -25.61497 29.47455 0.162067 -1.125661 1.424998 -3.244291 1.145644 -0.097202 0.630166 0.484614 2.21621 -1.949302 1.351547 2.987254
8.134224 -27.61497 29.47455 1.521294 -2.891419 1.697224 0.552839 0.295008 2.010046 -0.165526 -4.143952 -0.184271 -2.570888 -3.708799 -0.516867
6.134224 -27.61497 29.47455 1.551313 -1.490486 1.837947 -0.836679 -0.515536 0.795313 -1.94837 -2.027967 -0.299578 -3.557774 -5.094542 -0.572416
4.134224 -27.61497 29.47455 0.710497 -0.961681 0.33415 -0.555011 -0.751626 -1.929207 -2.414564 -0.690865 -2.557083 0.445117 -5.084006 -2.134155
2.134224 -27.61497 29.47455 0.431294 1.534808 1.820746 2.556787 0.862169 1.169132 -1.638675 0.546105 -0.677521 4.354567 -1.731292 0.63069
-5.865776 -27.61497 29.47455 2.997589 -0.342373 0.890742 -0.226452 3.91518 1.884914 1.754559 -0.928608 1.087344 0.456597 5.843758 2.278719
-7.865776 -27.61497 29.47455 7.204244 0.670769 0.307293 2.072252 6.152658 1.901684 8.672903 0.766172 1.731394 0.498699 10.72109 0.489301
-9.865776 -27.61497 29.47455 7.549161 1.132784 0.638943 3.787137 7.452975 2.922931 11.10779 0.854385 2.390548 0.317549 10.18885 0.493077
-11.86578 -27.61497 29.47455 1.329878 0.623933 0.399067 3.468612 3.918895 2.766604 2.074076 0.749942 1.703581 3.724665 4.863631 -0.633369
-13.86578 -27.61497 29.47455 0.389724 -0.916528 0.628701 0.664135 1.568881 1.482731 1.3823 -1.366976 2.212029 1.993957 2.572646 1.034032
6.134224 -29.61497 29.47455 5.790489 -0.303959 5.11954 0.075592 3.372143 1.92368 2.617595 -2.027546 1.5436 -4.147474 -0.377852 2.01186
4.134224 -29.61497 29.47455 5.244417 0.64202 2.932493 0.133213 0.729868 -0.96032 1.387414 -0.843618 -2.332794 -2.060181 -3.197794 -0.042958
2.134224 -29.61497 29.47455 3.593135 1.049238 3.089987 1.449171 1.457906 -1.101414 1.862229 -0.211928 -0.943835 2.538145 -0.616944 -1.791082
-3.865776 -29.61497 29.47455 4.005021 -0.525497 2.388049 -1.808004 4.868341 -0.05882 1.013091 -2.805984 -0.334019 -5.217613 5.108269 0.685355
-5.865776 -29.61497 29.47455 4.315645 -0.739762 0.524015 -1.151796 5.64625 1.537863 2.701995 -1.736374 -0.34864 -2.971606 7.299617 1.669099
-7.865776 -29.61497 29.47455 6.750344 -1.129053 0.509266 0.239167 6.398237 2.094872 8.882596 -0.290289 1.995029 -1.305833 9.712091 1.732442
-9.865776 -29.61497 29.47455 4.871371 -0.558346 0.896323 3.397756 6.739516 4.773683 6.600543 0.856057 1.356883 0.776678 7.799329 3.375378
-11.86578 -29.61497 29.47455 1.942348 -0.408202 1.686181 3.069603 4.630292 2.588747 2.112621 0.236787 1.915244 2.376695 3.616878 0.35546
4.134224 -31.61497 29.47455 7.365897 1.828776 4.975275 -0.347783 3.123646 -0.427867 2.772462 -1.757369 0.637202 -4.993232 1.172513 0.260496
2.134224 -31.61497 29.47455 5.872974 0.637348 2.01546 -0.424139 4.248301 -1.666029 -0.219039 -0.889987 -2.376153 -2.225454 0.187385 -2.034697
-3.865776 -31.61497 29.47455 3.670304 0.830654 4.101534 -4.359871 5.767266 -1.84061 0.022537 -1.584644 0.832093 -8.431058 5.726636 -0.529996
-9.865776 -31.61497 29.47455 3.134841 -1.464357 1.722872 1.34213 5.370185 3.359083 3.952535 0.713318 1.73187 1.387052 6.832725 3.659904
4.134224 -33.61497 29.47455 3.966631 0.843771 3.590129 -0.886855 1.339736 0.426009 0.500728 -1.560302 1.764196 -4.152686 0.604899 0.352023
12.13422 -21.61497 31.47455 3.135394 -0.919991 -3.150692 -1.436183 0.796217 -2.307194 -1.108077 0.890792 -4.405122 0.743392 -0.662114 -0.895159
10.13422 -21.61497 31.47455 2.177917 0.854532 -2.084801 0.609279 0.286404 -0.179697 -0.971964 1.464027 -1.580603 1.661629 -1.139494 0.034689
12.13422 -23.61497 31.47455 1.82909 0.095944 -1.153489 0.722756 -0.861981 -0.660253 -0.216998 -0.672898 -0.117812 0.419848 -0.759436 -1.62894
10.13422 -23.61497 31.47455 1.378991 2.875878 -0.246685 0.315725 -1.44241 0.961676 0.274294 1.058873 2.475206 -1.846423 -0.456856 -0.203537
8.134224 -23.61497 31.47455 -0.670067 0.239883 2.085922 -0.636337 0.195208 -0.487138 -0.131605 -0.499596 4.415053 -1.030064 3.743949 -0.128075
10.13422 -25.61497 31.47455 0.977466 3.402536 0.609254 1.673386 -1.412786 3.462412 1.556701 -0.933432 3.067736 -3.441619 -0.764034 -0.691107
8.134224 -25.61497 31.47455 -1.293758 0.948411 2.744093 -0.623601 -0.693023 1.370726 -0.600445 -0.724714 5.628078 -3.358557 1.709161 -0.996897
6.134224 -25.61497 31.47455 -0.707249 -1.689228 -0.700933 -0.678964 -0.797468 0.530921 -0.136083 -1.354063 0.954744 -0.591466 1.078512 -0.706524
4.134224 -25.61497 31.47455 0.834592 -1.408475 -1.805 1.044601 1.427842 0.651999 0.970724 -1.340966 -1.671097 1.584389 0.364403 0.062604
-13.86578 -25.61497 31.47455 0.072572 -0.189642 -0.107563 -2.147238 -1.379221 -0.698787 0.979751 0.356057 -0.073694 0.370663 -0.965001 3.558402
4.134224 -27.61497 31.47455 2.413754 0.867498 -1.125897 0.858026 0.562597 -0.279327 0.504892 0.774471 -4.520562 0.968168 -3.548489 -2.119805
2.134224 -27.61497 31.47455 2.964984 2.07803 1.99525 3.930515 2.842927 2.398553 2.101471 0.400349 -1.020284 4.922029 0.157367 0.982855
-13.86578 -27.61497 31.47455 1.414506 -0.262624 0.689921 -1.072317 0.165709 -0.400741 2.748683 -1.177763 1.564363 0.344862 1.011568 1.929181
4.134224 -29.61497 31.47455 6.099047 -0.689618 2.356866 -0.855105 2.721205 -0.253432 1.379188 -1.510737 -4.165573 -1.870965 -1.231591 -0.347791
2.134224 -29.61497 31.47455 6.117335 0.262348 2.583137 1.038951 3.667643 0.82761 2.404409 -1.382879 -2.696795 2.876749 0.108465 0.869108
-3.865776 -29.61497 31.47455 1.677212 0.645381 3.365841 -0.517924 0.637348 1.435307 1.097947 -1.887336 2.947736 -3.417139 1.525682 0.447266
-9.865776 -29.61497 31.47455 3.107369 0.710851 0.448294 3.788943 4.252578 2.386207 4.12926 1.176139 1.014634 -0.355082 4.640605 -1.196033
-11.86578 -29.61497 31.47455 1.430986 0.092736 1.117874 2.673923 1.725662 1.487052 3.974699 0.536959 2.573934 0.388513 2.08224 0.993819
4.134224 -31.61497 31.47455 7.70431 -2.356225 4.570506 -2.133993 5.047479 -0.277866 2.319617 -3.879834 -0.614633 -2.903391 2.564465 1.953477
2.134224 -31.61497 31.47455 6.634127 -3.118733 2.21166 -2.224582 4.979514 -0.58781 -0.20192 -3.637159 -1.741042 -1.129602 1.778579 1.852964
-3.865776 -31.61497 31.47455 1.988083 -0.083891 3.030748 -1.229633 0.610932 0.738524 2.558635 -0.84039 3.058038 -3.599428 2.120414 1.402344
-5.865776 -31.61497 31.47455 3.453099 -0.367505 1.460632 -0.709637 1.304849 0.807549 4.360781 0.287367 2.455365 -1.61816 2.826544 1.114393
-7.865776 -31.61497 31.47455 3.541456 -1.038463 0.33652 -0.083011 3.662106 0.929187 3.616833 1.338031 1.629944 0.340832 5.364758 0.686898
-9.865776 -31.61497 31.47455 1.415892 -0.389291 0.352733 2.088013 4.207751 2.451134 3.059994 1.152015 0.984261 -0.161272 5.68804 1.513968
-11.86578 -31.61497 31.47455 0.040122 -0.797513 -0.206444 2.248307 1.918123 2.074543 3.280312 0.524564 1.016458 0.848857 3.035292 2.803825
-3.865776 -33.61497 31.47455 2.642958 1.957816 2.145771 -0.752862 -0.207169 1.026109 5.574052 1.646701 4.604642 -4.336112 4.579691 0.63224
-5.865776 -33.61497 31.47455 4.699548 -0.704307 3.59851 -1.235741 0.243001 -0.288398 5.965429 0.900574 6.186228 -2.014105 5.03741 1.112864
-7.865776 -33.61497 31.47455 4.108263 -1.331178 1.892666 -1.76943 3.608826 -1.00771 4.488698 1.222069 2.315774 -0.669129 5.990415 1.398782
-9.865776 -33.61497 31.47455 2.293068 -0.34468 0.576399 -0.211542 4.748204 -0.616688 4.568572 0.742167 0.729464 -0.634851 6.963079 0.847885
-3.865776 -35.61497 31.47455 0.49933 4.466544 0.210419 3.175505 -3.73762 2.777529 5.804092 4.257977 5.004284 -1.992415 5.182352 2.094589
12.13422 -25.61497 33.47455 0.166351 0.569785 2.249708 0.982323 1.782587 0.357472 0.643799 -0.754887 3.76804 1.65495 2.614975 -0.21529
10.13422 -25.61497 33.47455 -0.307682 0.599127 3.292352 0.395425 0.901866 1.119756 0.237383 -0.652524 6.026235 0.185111 0.964231 0.931282
8.134224 -25.61497 33.47455 -1.959718 -1.911974 4.139998 -1.627949 0.869644 -0.382555 -0.797119 -0.842087 6.345941 -1.752688 1.575813 0.722736
6.134224 -25.61497 33.47455 -0.162763 -2.472026 2.602354 -0.71851 0.643821 -0.240883 -1.1618 -0.877151 2.158807 -0.490368 0.958355 0.948005
10.13422 -27.61497 33.47455 0.489091 -0.121293 0.066717 1.638484 0.554471 3.110243 1.084216 -2.807823 1.761249 -1.305592 0.01092 1.564024
8.134224 -27.61497 33.47455 0.476703 -1.873348 1.743655 -0.967538 0.007394 1.509039 1.214957 -3.646107 3.039907 -4.079146 -1.761326 1.302575
6.134224 -27.61497 33.47455 2.548094 -1.899503 2.062443 -1.148964 1.571445 -0.058197 0.397691 -1.929393 0.65683 -5.139552 -0.376696 -0.943092
4.134224 -27.61497 33.47455 2.320537 2.08943 0.511517 1.318801 1.387782 2.50464 0.272729 -0.014389 -2.329878 -2.268034 0.354192 -1.233191
10.13422 -29.61497 33.47455 1.239774 -0.444756 -3.141247 1.696208 0.83998 4.259389 1.299562 -3.754049 -2.377396 -2.41622 0.652825 2.264482
8.134224 -29.61497 33.47455 1.911795 -1.607872 -0.90194 0.564593 -0.044804 3.433366 2.554827 -4.161373 -0.212572 -2.897541 -1.036465 2.913586
6.134224 -29.61497 33.47455 3.1452 -1.897618 1.400031 0.024584 1.786058 2.563232 1.861273 -3.499753 0.121 -4.66118 0.642774 0.546866
4.134224 -29.61497 33.47455 3.938956 0.73363 1.217333 1.246251 3.184335 5.461084 0.628592 -2.374293 -3.839683 -3.985127 2.732924 0.848882
10.13422 -31.61497 33.47455 0.135859 -0.739215 -3.457271 0.336691 0.814048 2.751282 0.278689 -3.480153 -3.513273 -2.189505 0.831107 2.352113
8.134224 -31.61497 33.47455 -0.347235 -1.048604 -2.704263 -0.443252 -0.243085 1.306581 -0.462046 -2.213906 -3.14967 -1.006636 0.293748 2.11617
6.134224 -31.61497 33.47455 1.476442 -0.705662 -0.126882 0.360164 0.441393 1.915843 1.401787 -2.149125 -1.631283 -0.530659 1.485541 1.055695
4.134224 -31.61497 33.47455 4.457201 -1.039974 1.061628 0.645796 2.55297 3.446242 1.650888 -3.492496 -2.588176 -2.137872 2.664156 0.965121
-9.865776 -31.61497 33.47455 1.102214 -0.018448 2.471249 2.010112 0.899526 2.183642 0.473959 0.143157 2.546735 -0.364682 0.44081 1.739401
-3.865776 -33.61497 33.47455 6.128885 -0.426432 8.630635 -0.063143 6.330263 2.951461 8.743678 0.072746 9.733631 -1.837617 6.572143 2.445756
-5.865776 -33.61497 33.47455 8.096002 0.293995 10.07606 -0.007719 6.11728 3.644889 9.270019 0.963771 11.31648 -0.710351 5.484745 3.319612
-7.865776 -33.61497 33.47455 6.546738 1.921445 7.106925 0.525626 3.970733 2.651471 6.079391 2.228597 7.284706 0.039095 2.860733 3.197245
-9.865776 -33.61497 33.47455 4.611772 2.186482 5.816827 0.784797 3.330688 1.706189 4.391317 2.343154 4.612437 -0.907568 2.002527 1.906257
10.13422 -27.61497 35.47455 1.995337 -1.39732 2.262001 -0.728272 1.879341 0.495145 3.365566 -3.204032 2.002023 -1.687309 1.538926 -0.661731
10.13422 -29.61497 35.47455 4.237064 -0.97196 1.734022 0.875266 3.285823 2.579924 5.475633 -3.440732 0.494401 -1.857511 3.453265 0.395652
