7.755859 -15.44363 -40.25788 -0.594124 -2.251098 -2.049873 -3.37093 -0.316247 0.461437
1.755859 -15.44363 -40.25788 1.966447 1.973578 -0.697454 0.064313 -1.728967 -2.10291
-0.244141 -15.44363 -40.25788 -2.574857 -1.799491 0.398387 0.516976 -0.976363 -2.231487
7.755859 -17.44363 -40.25788 -1.432801 -3.439999 1.829616 0.873481 0.239702 1.12211
1.755859 -17.44363 -40.25788 -1.498294 1.914615 0.335886 2.303847 -1.907729 -1.627919
-2.244141 -17.44363 -40.25788 6.236345 10.48442 2.838763 4.67194 0.868106 2.341924
7.755859 -19.44363 -40.25788 -3.751388 -6.159796 4.828546 4.296248 -0.581844 -0.477247
5.755859 -19.44363 -40.25788 1.705993 -2.933858 5.640797 4.167952 -1.902012 -3.064855
-2.244141 -19.44363 -40.25788 3.149853 3.491019 2.05766 2.436358 0.428037 1.643891
-2.244141 -21.44363 -40.25788 -0.15252 -2.019443 1.731119 1.769783 -0.952519 -0.500065
-2.244141 -23.44363 -40.25788 -0.879889 -1.4218 1.732324 2.365951 -2.779301 -2.214425
11.75586 -15.44363 -38.25788 0.229649 1.128924 1.177434 0.722918 0.909186 0.495126
9.755859 -15.44363 -38.25788 2.874815 6.047052 0.41845 0.203472 1.735821 0.955781
7.755859 -15.44363 -38.25788 2.87072 4.70437 -2.099775 -0.898152 -0.214522 -0.909835
1.755859 -15.44363 -38.25788 2.846824 1.323577 -0.320599 1.430393 1.263278 1.155895
11.75586 -17.44363 -38.25788 -0.693128 1.358441 0.378799 1.562551 -0.679028 -0.684105
9.755859 -17.44363 -38.25788 1.298886 6.373599 -0.986555 0.409962 0.590419 0.775569
7.755859 -17.44363 -38.25788 3.562869 7.216078 -2.8846 -1.371728 -0.192807 -0.158803
-0.244141 -17.44363 -38.25788 -0.072101 -0.476459 -0.223256 -0.256803 -0.298536 -1.439004
-2.244141 -17.44363 -38.25788 5.378058 4.699997 1.543403 0.807854 1.600115 1.088499
9.755859 -19.44363 -38.25788 -0.548236 2.709343 -2.540493 -1.182078 -0.232596 0.336045
7.755859 -19.44363 -38.25788 1.191162 0.922207 -1.878154 -1.085047 -0.580907 -0.520814
-0.244141 -19.44363 -38.25788 -1.056893 -1.590665 2.196268 2.260725 -1.724634 -1.31866
-2.244141 -19.44363 -38.25788 3.421098 3.608664 2.308148 3.671223 0.593087 2.764141
9.755859 -21.44363 -38.25788 -0.240859 -1.282976 -3.008556 -4.079849 -0.155634 -0.540616
7.755859 -21.44363 -38.25788 0.762338 -3.645864 0.696567 0.680078 -1.304896 -1.632158
5.755859 -21.44363 -38.25788 3.73495 -5.162119 0.849804 -0.624752 -2.078067 -3.452609
-2.244141 -21.44363 -38.25788 2.280232 5.396914 3.797367 6.650177 -0.770444 2.903775
-4.244141 -21.44363 -38.25788 0.711335 3.242905 2.575475 2.434996 0.791908 3.185671
7.755859 -23.44363 -38.25788 5.026569 1.91754 3.420601 3.443323 0.027386 0.657563
5.755859 -23.44363 -38.25788 5.504802 0.550837 3.961983 2.768629 -0.469863 -0.997534
3.755859 -23.44363 -38.25788 2.278492 -2.656413 0.638313 -1.627208 -0.191775 -1.123212
-2.244141 -23.44363 -38.25788 2.147084 3.613309 6.902721 7.696603 0.622031 3.946744
-4.244141 -23.44363 -38.25788 3.177555 3.620063 5.603044 3.455468 1.660899 2.647132
7.755859 -25.44363 -38.25788 7.278517 8.303456 4.211739 4.876999 2.869427 4.812011
5.755859 -25.44363 -38.25788 5.778768 5.341913 7.016681 6.923867 2.991173 4.227343
-0.244141 -25.44363 -38.25788 -2.350615 -0.033608 5.943758 7.914087 0.850188 3.275907
-2.244141 -25.44363 -38.25788 1.127942 -0.197178 8.548467 7.968673 3.017144 5.779616
7.755859 -27.44363 -38.25788 4.846219 9.545746 2.970336 4.53804 4.574869 7.414711
5.755859 -27.44363 -38.25788 4.396133 8.683876 7.667807 10.15196 4.578947 7.854879
11.75586 -15.44363 -36.25788 1.180156 -0.140128 4.630263 3.043486 3.896444 2.883508
-0.244141 -15.44363 -36.25788 0.422205 -0.669388 0.46652 0.664648 -0.180577 0.876467
-2.244141 -15.44363 -36.25788 1.276383 1.405695 1.221735 2.07349 -2.745996 -3.459144
-4.244141 -15.44363 -36.25788 -0.195997 -3.22163 0.586187 1.500249 -3.168949 -4.177821
11.75586 -17.44363 -36.25788 1.84629 0.769118 5.185159 3.049263 4.086354 3.345378
9.755859 -17.44363 -36.25788 2.917526 4.411001 7.368399 6.793174 5.241626 6.044398
-0.244141 -17.44363 -36.25788 1.705105 -1.324894 1.09289 0.229957 0.892992 1.401469
-2.244141 -17.44363 -36.25788 1.171081 0.476686 2.278442 4.039589 -1.257822 -1.007978
11.75586 -19.44363 -36.25788 1.349274 1.260146 2.018242 -0.068986 1.611211 1.703417
-0.244141 -19.44363 -36.25788 -1.515774 -4.639998 1.96541 3.434988 -0.47535 0.477317
11.75586 -21.44363 -36.25788 -0.489299 0.599973 -2.114513 -4.388359 -0.823183 -0.581878
9.755859 -21.44363 -36.25788 -0.168021 3.284816 -0.420121 -1.069223 1.413958 1.5691
7.755859 -21.44363 -36.25788 0.283146 0.081275 0.535401 0.257088 1.124513 1.44568
1.755859 -21.44363 -36.25788 -2.710509 1.111298 2.740489 3.577573 0.583265 0.66558
11.75586 -23.44363 -36.25788 -1.855918 -2.492633 -3.795257 -7.486173 -1.260939 -1.746468
9.755859 -23.44363 -36.25788 1.603888 1.279561 -0.142874 -1.741387 1.207504 0.856397
7.755859 -23.44363 -36.25788 2.812737 1.222233 0.790806 0.454835 0.529182 1.115206
5.755859 -23.44363 -36.25788 2.557014 -1.09773 -0.139156 -1.534971 -2.174715 -3.160571
1.755859 -23.44363 -36.25788 -1.521155 1.327128 0.420038 0.503473 0.117555 -0.952096
-0.244141 -23.44363 -36.25788 -1.729259 -0.108341 1.270613 3.245686 -1.664942 -1.02476
-2.244141 -23.44363 -36.25788 4.780112 6.947549 4.107838 7.100991 1.190319 4.638623
-4.244141 -23.44363 -36.25788 4.25169 1.645785 3.436044 1.083804 0.783715 1.061369
7.755859 -25.44363 -36.25788 4.712494 3.93311 0.740588 0.074922 1.451909 2.792234
5.755859 -25.44363 -36.25788 3.209272 -1.327839 0.415553 -2.67761 -0.281848 -0.806636
-0.244141 -25.44363 -36.25788 -3.698822 -7.51864 0.051898 0.946872 -2.24701 -2.658176
-4.244141 -25.44363 -36.25788 2.861057 -2.404963 2.034577 0.66236 1.87307 1.768061
-2.244141 -27.44363 -36.25788 1.011268 -5.635676 5.024778 5.553013 0.390866 1.347233
-4.244141 -27.44363 -36.25788 1.625051 0.831455 1.376971 3.272186 2.81448 4.511786
-2.244141 -15.44363 -34.25788 -1.513907 2.582837 -3.516275 -0.511879 -4.26754 -4.441673
11.75586 -17.44363 -34.25788 1.194213 2.333249 2.744121 1.519117 0.889352 -0.115533
-2.244141 -17.44363 -34.25788 -3.487893 -1.43642 -4.986365 -1.406351 -4.165561 -4.568526
-4.244141 -17.44363 -34.25788 -0.178711 -0.032602 -0.690013 -0.073829 -0.08392 -1.018087
13.75586 -19.44363 -34.25788 -0.917666 1.803786 2.141171 1.732417 0.989561 2.733249
11.75586 -19.44363 -34.25788 2.186765 3.334641 4.517892 3.460885 1.650118 2.141021
9.755859 -19.44363 -34.25788 2.497921 5.054021 2.179378 1.877799 1.743838 1.233707
-0.244141 -19.44363 -34.25788 -0.933581 -4.352644 -2.46963 -3.446952 -2.108087 -2.116441
-2.244141 -19.44363 -34.25788 0.927215 4.00773 -2.503067 0.43509 -1.174296 -0.257009
-4.244141 -19.44363 -34.25788 3.283558 4.396406 0.738323 1.329863 3.414889 3.73346
13.75586 -21.44363 -34.25788 0.959018 8.557364 3.216139 6.743572 1.970235 6.254299
9.755859 -21.44363 -34.25788 3.599507 8.820698 1.533375 1.560852 1.144104 0.510304
1.755859 -21.44363 -34.25788 0.032893 6.89434 5.712654 7.991943 0.126485 1.05538
-0.244141 -21.44363 -34.25788 1.477489 3.776449 1.578634 3.128511 -1.171125 -0.62204
-2.244141 -21.44363 -34.25788 6.301628 11.76583 0.60781 3.628978 1.068992 3.588472
13.75586 -23.44363 -34.25788 3.976489 9.513399 3.96279 5.749206 2.536909 5.942755
11.75586 -23.44363 -34.25788 -2.444742 0.322114 4.005478 3.762049 -0.473115 1.22806
9.755859 -23.44363 -34.25788 2.988963 6.054762 2.97373 3.552221 1.66508 1.783709
7.755859 -23.44363 -34.25788 1.017958 0.52136 0.479392 0.148254 1.223549 0.311195
1.755859 -23.44363 -34.25788 2.425824 13.36381 6.686436 9.118767 -0.162012 0.032286
13.75586 -25.44363 -34.25788 4.602688 6.682353 3.955938 4.238942 1.596194 3.088893
11.75586 -25.44363 -34.25788 -3.707493 -1.227524 3.131287 3.450034 -1.555156 -0.304914
9.755859 -25.44363 -34.25788 2.162865 3.510726 3.435293 4.823671 0.856714 2.077121
7.755859 -25.44363 -34.25788 0.370658 -4.384887 0.542587 -1.370216 -0.075511 -1.014706
5.755859 -25.44363 -34.25788 -2.268719 -8.364796 1.783358 -0.579677 -3.015018 -5.003752
1.755859 -25.44363 -34.25788 4.182702 7.313292 3.920574 4.218511 0.110437 -1.083435
-0.244141 -25.44363 -34.25788 3.251625 3.867493 0.634073 1.759877 0.232772 0.317919
-2.244141 -25.44363 -34.25788 3.994191 3.553089 0.687432 2.798537 1.850122 3.483662
-4.244141 -25.44363 -34.25788 2.902925 2.71696 2.663854 3.217095 1.180742 2.052526
11.75586 -27.44363 -34.25788 -2.027887 1.892374 2.177413 4.364886 -0.805937 0.768764
9.755859 -27.44363 -34.25788 -0.255284 1.084656 0.962562 2.288458 -0.848658 -0.004048
7.755859 -27.44363 -34.25788 -1.267798 -7.236476 -0.574717 -3.194067 -1.351912 -2.382138
1.755859 -27.44363 -34.25788 5.869238 2.928386 0.984271 -0.663753 0.567331 -1.8758
-0.244141 -27.44363 -34.25788 2.728442 1.198492 0.228867 1.309882 -0.276487 -0.35117
-4.244141 -27.44363 -34.25788 1.463199 7.287342 1.169547 5.96787 0.270564 2.732348
-6.244141 -27.44363 -34.25788 -2.14119 2.256963 0.223964 2.97653 -0.680967 0.531434
-2.244141 -19.44363 -32.25788 2.182117 6.639842 -0.571005 3.634164 -0.199265 1.078027
-4.244141 -19.44363 -32.25788 5.151042 10.04198 -0.349665 4.960454 0.782488 2.764161
-6.244141 -19.44363 -32.25788 4.358184 10.36133 -3.859673 1.490728 -0.934231 2.022553
13.75586 -21.44363 -32.25788 4.578504 13.20907 2.192549 6.790927 1.845157 4.550076
11.75586 -21.44363 -32.25788 3.143472 7.327203 0.815302 2.559348 1.522481 3.073257
9.755859 -21.44363 -32.25788 1.829593 2.215164 -1.446483 -2.484744 0.524745 -0.505565
-0.244141 -21.44363 -32.25788 -1.658701 2.924132 -2.134286 0.766298 -3.067171 -2.492113
-2.244141 -21.44363 -32.25788 1.202905 6.010815 -2.226312 1.685819 0.840491 2.071245
-4.244141 -21.44363 -32.25788 5.024562 10.63515 -1.456178 3.68179 0.957746 2.948163
-6.244141 -21.44363 -32.25788 3.838767 9.630001 -3.531349 1.741568 -2.044037 -0.266216
13.75586 -23.44363 -32.25788 4.860326 9.088857 3.887449 6.92451 3.160315 5.833368
11.75586 -23.44363 -32.25788 1.96183 5.351692 2.376716 3.341892 1.965043 3.852295
1.755859 -23.44363 -32.25788 -8.078362 4.930993 1.56801 5.820293 -5.734055 -4.356823
-0.244141 -23.44363 -32.25788 -2.507544 0.706559 -2.991 -0.050338 -3.051885 -2.938986
-2.244141 -23.44363 -32.25788 -0.035762 -0.389908 -4.132798 -2.656885 0.045088 0.19034
13.75586 -25.44363 -32.25788 4.926645 5.187054 3.944823 5.199507 1.667848 2.843833
1.755859 -25.44363 -32.25788 -5.240641 5.020328 3.009298 7.78334 -2.651791 -0.723918
13.75586 -27.44363 -32.25788 2.708524 3.400095 3.877537 6.273621 0.948198 2.197131
11.75586 -27.44363 -32.25788 2.862225 6.056217 2.858768 5.474557 0.991249 3.049467
1.755859 -27.44363 -32.25788 1.159468 3.633685 3.845774 6.131258 0.639436 1.383469
-0.244141 -27.44363 -32.25788 3.005618 4.73384 0.681522 1.063121 0.56997 0.439204
-2.244141 -27.44363 -32.25788 2.331758 2.312248 -1.696346 -2.120431 0.775225 -0.163552
-4.244141 -27.44363 -32.25788 -3.532348 -1.642041 -1.64992 -0.04224 -2.251787 -2.42089
-6.244141 -27.44363 -32.25788 -6.856853 -4.2147 -1.181221 0.290552 -4.366272 -5.095779
-0.244141 -29.44363 -32.25788 -0.630422 -1.501004 1.995375 1.689448 0.944497 0.844211
-2.244141 -21.44363 -30.25788 1.885903 10.0602 0.682586 7.513764 1.483734 4.348539
-4.244141 -21.44363 -30.25788 4.05688 12.86077 0.126259 7.00398 0.098186 3.783975
-6.244141 -21.44363 -30.25788 3.425143 11.44619 -0.327575 5.354544 -2.339042 0.472778
13.75586 -23.44363 -30.25788 0.179403 3.748208 0.782798 3.599915 1.43412 3.157623
-0.244141 -23.44363 -30.25788 -1.882558 3.402082 -3.634626 0.68396 -3.572038 -2.279651
-2.244141 -23.44363 -30.25788 1.517879 7.862119 -2.279772 2.733734 -1.642901 0.022004
-4.244141 -23.44363 -30.25788 3.170888 12.35337 0.630752 6.361518 -1.050303 1.417655
13.75586 -25.44363 -30.25788 1.512588 2.044739 -0.719009 0.045041 -1.55566 -1.794107
1.755859 -25.44363 -30.25788 -6.890327 9.002219 -1.670153 6.930068 -2.552955 2.130897
-0.244141 -25.44363 -30.25788 0.091199 5.141621 -5.548697 -2.336246 -3.302433 -2.506028
-2.244141 -25.44363 -30.25788 2.696517 3.664204 -5.023448 -4.220248 -2.772332 -3.347206
1.755859 -27.44363 -30.25788 0.540932 15.12423 0.251465 7.897781 1.258031 5.227806
-0.244141 -25.44363 -28.25788 1.998851 7.400576 -3.918394 -0.973549 -1.2096 0.400173
-2.244141 -25.44363 -28.25788 2.086896 8.480494 -6.129017 -3.68101 -1.859877 -0.902368
