-1.816635 -26.02399 -15.12604 0.921161 3.855052 5.415785 3.839116 3.781008 0.283111 -0.870833 0.926735 -0.294322 -5.080787 2.60645 0.875006
-1.816635 -16.02399 -13.12604 -2.009563 0.7237 -1.557181 -0.152806 2.756807 -3.627554 -1.695441 2.441288 -3.14193 -2.138499 1.527721 0.140303
-5.816635 -18.02399 -13.12604 -0.458919 0.545549 1.98018 -0.232141 5.104857 2.611953 0.957323 5.483798 -4.691535 0.448273 2.035215 1.899367
-7.816635 -18.02399 -13.12604 2.054053 1.371976 2.798868 -1.359031 4.682186 3.267583 0.669592 6.128799 -6.235305 0.70996 0.831989 0.633405
-1.816635 -22.02399 -13.12604 -3.795832 -13.02771 0.9996 -1.3464 1.488287 -5.474986 0.763569 -0.531354 1.012761 -0.210523 7.248885 -0.896262
-1.816635 -24.02399 -13.12604 -0.017664 -10.35492 6.515116 0.270584 5.736805 -5.261816 1.317626 -2.537234 -0.831911 -3.149408 4.710117 1.88361
0.183365 -26.02399 -13.12604 1.872721 -4.406905 5.559879 -0.913461 6.130534 -2.781229 -1.382372 -8.225258 -3.821849 -10.49022 -1.291757 -2.320011
-1.816635 -26.02399 -13.12604 -0.8946 0.507157 6.181113 2.293868 5.512063 -2.682668 -1.060256 -4.74915 -2.168864 -7.994563 2.700772 -3.003321
0.183365 -28.02399 -13.12604 2.947547 3.335632 8.276655 2.899809 5.830099 1.439652 0.272527 -4.532965 -3.891552 -7.769125 0.073945 0.521993
0.183365 -30.02399 -13.12604 1.814429 -0.137662 5.705631 -2.039999 7.585847 0.062754 -1.167984 -6.64184 -4.865534 -6.285086 2.081022 -1.868793
0.183365 -32.02399 -13.12604 0.127603 0.598913 1.995083 -2.401187 5.271395 -0.524224 -3.515061 -7.270112 -6.608389 -6.013998 1.62729 -5.052785
-1.816635 -32.02399 -13.12604 2.053211 0.177762 4.714622 -1.846026 5.150208 2.570472 0.697417 -1.554435 -1.660018 -3.632744 1.782507 -2.994106
4.183365 -40.02399 -13.12604 -5.577043 26.32775 -0.090972 9.156938 3.898237 9.245435 -3.62111 21.14298 -4.739276 8.928251 5.655384 11.01852
2.183365 -40.02399 -13.12604 -1.605125 13.02323 1.992929 5.468879 2.658006 1.205449 -2.51471 11.66308 -4.494133 1.368453 2.030532 6.950181
0.183365 -40.02399 -13.12604 1.80639 7.057321 5.005493 5.604457 3.104711 -0.321886 -1.232462 4.869091 -1.980162 -0.151913 -1.067726 4.177467
-1.816635 -12.02399 -11.12604 -0.667805 8.454837 -5.060987 0.9713 -1.853153 -2.266626 0.1298 5.937613 0.771695 3.025341 0.98003 1.781555
-1.816635 -14.02399 -11.12604 1.267882 2.658163 -5.360199 -0.2487 -1.409179 -1.601071 2.304282 3.54973 1.378711 1.999672 4.097591 0.999179
-1.816635 -16.02399 -11.12604 2.878555 0.237201 0.157888 -0.003571 -0.309484 -0.213292 1.611441 2.229463 -2.462063 -0.108707 2.851866 -4.982811
-5.816635 -16.02399 -11.12604 1.539943 6.089978 0.214485 -0.309471 4.715161 2.585787 -0.390961 2.95658 -1.707195 -1.42555 0.539138 -7.070248
-1.816635 -18.02399 -11.12604 0.948553 1.194106 0.358351 4.744074 -0.023889 -0.118223 2.090562 -1.221297 -2.547639 -0.057763 1.170006 -6.168924
-5.816635 -18.02399 -11.12604 -0.364846 2.253027 -5.114669 -0.845527 1.292567 2.713624 1.690817 -0.08535 0.056204 -0.13329 1.67588 -3.320137
-7.816635 -18.02399 -11.12604 -3.700456 -0.569282 -2.743379 -4.393247 2.78841 -0.931871 2.404295 0.136642 -2.247067 -2.310688 1.222952 0.38826
-1.816635 -20.02399 -11.12604 -6.361635 -3.919376 -3.535725 2.71709 -2.636193 -0.456229 1.274905 1.588879 -1.400181 -0.361547 1.32286 -4.184536
-7.816635 -20.02399 -11.12604 -2.098657 -1.300575 0.291394 -5.666294 3.118832 -2.296934 2.405383 0.254167 -0.43338 -3.571967 3.292294 0.224783
-1.816635 -22.02399 -11.12604 -3.534954 -6.108293 -2.873255 1.448273 -1.042277 0.278486 1.765623 3.830817 -0.248155 -0.09161 4.478054 -2.43533
-7.816635 -22.02399 -11.12604 -1.424721 1.808799 5.729736 -1.272949 3.08602 -1.305187 3.750578 4.172112 0.322748 -0.876464 4.734452 -1.890313
-1.816635 -24.02399 -11.12604 -1.108171 -1.659512 -1.494428 3.181353 -0.093536 1.533034 1.632901 4.985767 -1.916021 0.100537 2.676644 1.407115
-7.816635 -24.02399 -11.12604 -6.896818 5.151717 -0.133399 2.059016 -2.216164 0.531136 1.123813 6.939931 -0.259675 0.931872 -0.374473 0.592171
-1.816635 -26.02399 -11.12604 -2.351704 0.874841 0.676905 2.332085 0.036929 0.515864 2.3282 0.924514 0.249454 -0.215603 -0.438121 -4.544217
-1.816635 -28.02399 -11.12604 -2.182308 7.515044 -0.757415 3.3131 1.502574 5.46911 2.025823 4.184465 -1.844861 1.495176 -1.705264 -1.017166
2.183365 -30.02399 -11.12604 4.423207 0.836834 7.727838 -1.903711 6.091757 -0.735227 -0.825893 -4.418638 -1.938954 -3.744858 1.276971 -3.636883
-1.816635 -30.02399 -11.12604 0.233932 4.751166 0.664324 0.556869 0.552289 3.966732 2.158451 3.941136 -1.855331 1.518141 1.765111 -1.084486
2.183365 -32.02399 -11.12604 3.170954 4.381239 6.092094 -2.331513 3.549631 1.486819 -1.859314 -1.977908 -2.128485 -2.231219 -0.767381 -5.84434
0.183365 -32.02399 -11.12604 1.52084 4.123468 1.935272 -2.366343 3.987971 5.146469 -0.526804 -2.870845 -4.587021 -3.613829 0.951651 -6.812195
-1.816635 -32.02399 -11.12604 1.568786 1.05013 1.04935 -2.369347 0.500643 3.189566 2.85589 4.116792 -1.883589 -1.256513 3.492169 -3.980433
2.183365 -34.02399 -11.12604 1.403875 2.343735 4.080126 2.462945 3.707255 2.88228 -1.885811 1.700354 -1.993647 -1.451228 -1.360588 -0.511472
0.183365 -34.02399 -11.12604 2.775104 4.759606 3.261573 2.877355 5.70316 5.402401 -0.109722 -1.576452 -4.467047 -2.725615 -1.223669 -3.135845
-1.816635 -34.02399 -11.12604 0.867667 -2.100278 0.131596 -0.523399 -0.026953 1.263314 1.214858 0.889401 -3.642049 -3.323802 0.656491 -2.930117
2.183365 -36.02399 -11.12604 -2.804842 -1.039882 -1.203045 -0.051828 -0.272914 1.157876 -2.127277 -1.369171 -2.768528 -1.082965 -0.979143 -0.16046
0.183365 -36.02399 -11.12604 -1.855412 0.136288 1.489533 2.702721 4.109814 1.482899 -2.10919 -4.192605 -3.509618 -4.673424 0.196014 -5.073989
-1.816635 -36.02399 -11.12604 -1.160324 -4.554688 0.148289 1.684371 1.499457 -2.905743 -0.454691 -1.748419 -3.47126 -2.222283 0.331213 -1.798679
2.183365 -38.02399 -11.12604 -2.752178 0.292281 1.957319 -3.930918 1.781803 -0.043661 -1.543758 1.523916 -2.195064 -1.942019 0.231452 -2.536763
0.183365 -38.02399 -11.12604 -0.457954 3.46001 3.06603 5.475453 3.913803 3.464824 -1.802198 -1.62059 -2.218535 -3.403951 1.437421 -0.934945
4.183365 -40.02399 -11.12604 -7.767805 -1.607357 -1.025174 0.677812 3.042306 -1.114864 -4.029528 -0.695826 -6.59071 -4.030907 -3.906841 -1.859341
2.183365 -40.02399 -11.12604 -5.461484 -0.956673 -0.2335 -1.799347 1.535724 0.572338 -3.033132 3.572536 -4.332916 -0.825159 -1.969028 -1.676173
0.183365 -40.02399 -11.12604 1.92994 3.235867 3.710437 2.125876 4.565435 -0.590065 -1.523523 -0.500096 -3.537798 -3.201831 -0.596064 0.418365
0.183365 -42.02399 -11.12604 0.043673 1.280865 5.285203 0.349633 2.538725 -0.83258 -1.787113 2.131145 -4.481287 0.184098 -4.541735 0.903846
-1.816635 -42.02399 -11.12604 0.911494 -4.400484 1.771508 0.37557 1.109026 -4.635134 0.526518 -2.647673 -3.363351 -3.379612 0.520019 2.125638
0.183365 -44.02399 -11.12604 -1.492554 -2.144786 0.340183 0.291208 0.043484 -1.166748 -0.405447 2.940886 -3.800781 2.0719 -1.790298 3.195257
-1.816635 -44.02399 -11.12604 -0.511706 -3.281021 2.579731 1.629281 0.670838 -0.936508 -1.058109 0.480266 -3.550121 0.804744 0.034531 4.457281
-1.816635 -14.02399 -9.126041 3.495645 -0.985101 2.959761 2.209156 2.270873 0.069888 2.870062 1.998729 1.931155 0.28658 5.06331 2.673219
-7.816635 -14.02399 -9.126041 -2.99089 1.079097 -2.135198 4.324732 1.928517 2.680972 2.421754 2.907185 -0.802005 0.275455 1.068503 -1.167239
-1.816635 -16.02399 -9.126041 6.699008 -2.354058 0.744871 4.754939 1.29858 3.534901 0.003837 4.063393 1.042031 0.210707 4.322919 -2.721313
-5.816635 -16.02399 -9.126041 1.334885 0.894593 -6.378542 0.71114 2.711919 -0.196312 0.960951 2.170095 2.368558 -3.122303 1.984271 -4.719963
-7.816635 -16.02399 -9.126041 -5.348206 0.452735 -10.31729 -0.778288 1.933978 -1.450164 2.300382 4.48869 -1.811539 0.007495 -0.004067 -1.557894
0.183365 -18.02399 -9.126041 5.638633 -1.33694 3.748806 -1.130589 0.860804 4.803033 0.078504 2.695407 -3.834468 -3.668065 1.732184 -1.586867
-1.816635 -18.02399 -9.126041 0.532382 -1.650376 -4.159136 6.335167 -1.382265 2.54646 -0.8918 2.261187 -3.093847 0.328729 1.41358 -0.781408
-7.816635 -18.02399 -9.126041 -5.683859 -2.089228 -9.559518 -4.953804 -1.04501 -4.914845 1.760291 1.233394 0.154803 -2.090962 -0.436964 0.300697
0.183365 -20.02399 -9.126041 1.227859 0.626856 0.897878 0.88776 0.847073 7.439939 0.070538 5.585853 -7.631433 -1.004642 -2.412243 3.674049
-1.816635 -20.02399 -9.126041 -5.218331 -1.525656 -3.849516 4.524428 -2.929928 3.628474 0.443566 2.957926 -3.512917 1.203713 0.086436 3.190725
-7.816635 -20.02399 -9.126041 -4.629926 -3.786286 -4.481684 -4.95821 -2.739651 -6.146664 1.362291 -0.34315 2.574202 -4.974196 0.991888 1.930658
-9.816635 -20.02399 -9.126041 -5.414434 2.766272 -7.370293 0.096099 -2.684613 -0.224517 1.42241 7.087718 2.01449 0.127694 2.164068 3.663631
0.183365 -22.02399 -9.126041 -1.308389 3.31024 -0.519304 2.224319 0.572632 6.027216 0.419786 5.48085 -3.226952 1.515249 1.865273 -0.028373
-1.816635 -22.02399 -9.126041 -4.391469 -2.473806 1.151061 2.851592 -0.196648 3.031238 2.154703 5.248527 -0.157102 -0.416843 5.054271 -0.003987
-7.816635 -22.02399 -9.126041 -2.138344 -0.772015 0.453887 -1.924703 -1.277906 -6.570488 2.864534 0.26274 2.974181 -1.808305 2.283597 0.722585
-9.816635 -22.02399 -9.126041 -4.259699 2.146174 -5.586449 -1.383526 -0.279041 -1.297499 2.174364 5.970458 1.485933 0.968245 0.460629 -0.40472
0.183365 -24.02399 -9.126041 -0.305202 1.412797 2.126351 4.252534 3.376391 2.220239 2.074909 0.606333 1.556878 1.040261 6.357016 3.59073
-1.816635 -24.02399 -9.126041 -1.397006 -2.764544 -1.143769 1.15501 -1.140298 0.799647 2.323087 3.133297 0.58359 -2.185249 3.81502 2.507399
-9.816635 -24.02399 -9.126041 -3.953191 -1.648136 -2.680199 0.620165 -0.895893 -0.376023 0.220762 2.402529 0.346771 -0.237927 -0.71381 -0.646768
-1.816635 -26.02399 -9.126041 -5.721727 -3.896702 -3.008366 1.41169 -2.569902 0.259999 2.765904 1.118125 2.481591 0.12388 3.508978 0.53097
-7.816635 -26.02399 -9.126041 -2.448854 2.741904 -1.836519 0.342831 1.356761 2.094167 0.628544 5.734293 1.483 -1.087143 3.517136 -2.911891
-9.816635 -26.02399 -9.126041 -0.543938 1.68519 -2.292763 1.171651 -0.178433 1.47446 -0.087085 3.253884 0.44536 -0.427429 3.429068 0.134524
-1.816635 -28.02399 -9.126041 -6.282813 0.27126 -2.657938 0.373123 0.297609 2.126194 0.595292 2.235452 -0.14652 -1.303325 -0.03295 -0.22938
-7.816635 -28.02399 -9.126041 -2.636745 -0.315185 0.123906 1.436206 2.548038 1.308748 0.865389 3.944875 2.290298 0.774934 4.149536 -3.610595
-9.816635 -28.02399 -9.126041 0.141438 1.255617 1.789135 3.281148 2.428517 0.738805 1.239833 4.331737 1.104404 2.303712 3.883523 -1.093901
0.183365 -30.02399 -9.126041 2.971502 -0.456714 1.438523 0.598715 0.797552 -0.170457 -0.024804 -0.597528 -0.505273 -2.532049 4.221044 -2.772159
-1.816635 -30.02399 -9.126041 -1.600028 1.668269 -1.010876 0.968221 0.013107 0.873828 -0.786641 -0.046114 -2.301685 -3.45547 0.156368 1.377912
-7.816635 -30.02399 -9.126041 -1.300426 -0.404239 0.98039 3.000954 1.917905 2.911085 1.782174 4.39477 3.465591 3.733246 5.338639 -2.42109
-9.816635 -30.02399 -9.126041 -0.555812 2.590614 3.59229 4.108106 1.984166 0.638496 0.698196 7.364083 4.179797 3.737281 2.416677 0.595905
0.183365 -32.02399 -9.126041 2.092796 3.645582 0.000973 0.818886 0.659446 2.377434 2.272999 1.604991 0.011085 -1.326836 3.528793 -2.440928
-1.816635 -32.02399 -9.126041 1.134116 1.725746 -0.99947 0.292773 -2.489241 1.409702 1.786825 2.941858 -1.836618 -1.907177 1.381423 1.044132
2.183365 -34.02399 -9.126041 0.037932 -0.072066 -0.214904 1.97187 -0.480387 1.568783 -0.091763 0.967508 0.156728 -0.681429 -3.857456 -0.535439
0.183365 -34.02399 -9.126041 1.476537 2.203143 1.163208 3.459864 0.866236 4.190349 2.38088 1.226355 1.135091 -0.856857 -0.010222 -1.204168
-1.816635 -34.02399 -9.126041 0.794933 -2.934389 0.137218 2.242657 -2.354725 -0.852047 2.557522 1.998871 0.387991 -0.897465 0.803815 0.558776
2.183365 -36.02399 -9.126041 -2.248383 3.030429 -4.865592 1.223769 -1.752684 3.390625 -2.724883 0.37168 1.65042 1.086993 -3.2758 1.342561
0.183365 -36.02399 -9.126041 -1.668862 4.266555 -0.021287 1.074761 0.928281 3.791373 -0.389536 -0.890012 1.784909 -1.869722 -1.821945 -2.887298
-1.816635 -36.02399 -9.126041 -0.719123 -4.698535 1.083712 1.668602 0.747403 -1.721817 1.769424 -0.006416 -0.169474 -0.239902 -0.602345 0.060746
0.183365 -38.02399 -9.126041 -4.556237 4.505558 -0.834266 3.674611 0.987927 3.389549 -2.346133 -1.577967 -2.00579 -3.22878 -1.551276 -1.579441
-1.816635 -38.02399 -9.126041 -4.173853 -2.720341 0.633196 4.355303 1.56584 -0.898531 0.260016 1.830591 -2.514801 -1.221227 -0.284619 0.582892
2.183365 -40.02399 -9.126041 -3.676097 -0.358211 -0.701583 -0.940066 1.645574 5.109159 -2.535238 5.838158 -3.007483 2.299572 -3.007238 -3.930173
0.183365 -40.02399 -9.126041 -3.220866 0.647676 -0.544803 2.087623 1.831598 1.169448 -2.065716 -0.081525 -3.913932 -2.662987 -0.59328 -0.423881
-1.816635 -40.02399 -9.126041 -2.198417 0.017961 0.03472 3.124604 1.62758 -0.380195 -0.559221 2.691499 -2.744891 -2.065278 1.628263 4.370912
0.183365 -42.02399 -9.126041 -1.919757 0.266872 1.859575 -0.866837 1.805161 1.147876 0.240828 3.515162 -2.109709 -0.368258 -2.137276 -0.568702
-1.816635 -42.02399 -9.126041 0.284128 0.690127 0.21412 2.54907 0.778252 -1.609135 0.525267 0.188627 -1.435839 -0.658693 1.272007 1.922426
0.183365 -44.02399 -9.126041 -2.825944 3.54377 0.876473 0.834199 1.704324 3.036062 0.720975 7.421443 -1.824741 5.589121 0.933868 2.494907
-1.816635 -44.02399 -9.126041 0.43861 2.808095 2.097161 4.408421 1.015383 1.218585 -0.144598 4.116462 -1.472337 3.556374 2.03908 3.335272
0.183365 -46.02399 -9.126041 -1.130318 2.859723 -0.873556 0.812074 0.199493 2.601363 3.897532 3.68136 1.893063 6.784543 6.488001 5.323111
0.183365 -14.02399 -7.126041 8.278457 -3.785199 8.042508 2.648211 2.329666 -1.578173 2.552415 -0.359544 6.346384 0.35029 0.749114 -2.146271
-1.816635 -14.02399 -7.126041 2.865237 -4.662743 8.981349 2.812143 4.045444 -5.679585 0.088691 1.901703 3.077716 -2.133144 2.827626 -3.52107
-7.816635 -14.02399 -7.126041 -4.051054 -1.357807 -9.853809 1.232453 -1.707719 -3.431379 0.401558 -1.020728 1.380495 -0.678794 -0.754539 -1.12699
0.183365 -16.02399 -7.126041 8.657925 -7.067372 6.854954 5.422778 5.366513 -1.229066 1.974581 -0.609215 5.705296 -0.52748 5.422398 -0.049642
-1.816635 -16.02399 -7.126041 0.795981 -2.428476 2.997485 6.882512 3.237997 -0.100761 -1.322055 6.20662 2.271611 -1.974058 4.37253 -3.745251
-7.816635 -16.02399 -7.126041 -0.627369 -3.472426 -8.57738 -3.368816 2.392146 -6.294488 0.007527 0.437875 -0.18825 -2.981305 1.752411 -2.226166
0.183365 -18.02399 -7.126041 7.837315 -0.906563 2.617976 8.274632 2.030006 3.502805 0.691405 3.977484 -1.580945 0.620196 3.271449 4.170403
-7.816635 -18.02399 -7.126041 -0.965755 -0.944647 -4.300879 -3.627359 1.026864 -7.211851 -1.1828 0.896641 -1.076609 -3.17613 0.606263 -0.150308
-9.816635 -18.02399 -7.126041 2.140264 -0.181442 -1.992052 2.908109 -0.839153 -2.245914 -1.380129 -0.502707 -1.196422 -2.852865 0.529417 1.310408
0.183365 -20.02399 -7.126041 1.82188 6.138054 -0.500635 5.966146 -1.911822 4.754308 -0.069654 6.461962 -6.295335 0.542235 -0.570148 4.426917
-7.816635 -20.02399 -7.126041 -3.026361 -1.585857 -3.545017 -3.602752 -1.00331 -7.198479 -0.935804 -1.349861 2.415723 -5.528673 -0.728301 -0.040958
-9.816635 -20.02399 -7.126041 -3.855253 -0.074688 -4.802782 0.07986 -2.538105 -2.156661 -0.289575 0.525783 1.138807 -3.294219 -0.045485 -0.93017
-9.816635 -22.02399 -7.126041 -5.212647 3.309114 -3.203627 0.369467 -1.375029 0.364477 -0.542363 4.41502 -1.092579 0.396163 -3.705752 -0.544107
0.183365 -24.02399 -7.126041 2.693178 7.78474 1.932292 7.717941 4.264717 5.895411 1.467505 2.758679 1.215408 1.246416 7.509448 6.125089
-9.816635 -24.02399 -7.126041 -7.004511 0.430564 -5.349007 3.291814 -0.196774 2.704903 -0.435114 4.640244 -0.335704 1.099447 -4.268391 1.348324
2.183365 -26.02399 -7.126041 0.528769 7.55825 1.036625 6.45428 1.494019 3.813029 1.771538 3.112472 -2.015337 0.917648 0.889332 2.452669
0.183365 -26.02399 -7.126041 3.86184 4.929123 2.640222 7.106186 4.994579 5.571902 2.31253 2.811675 1.931917 1.075964 6.496552 5.331076
-1.816635 -26.02399 -7.126041 -2.278931 2.4205 -0.672216 4.97725 -0.661133 1.544366 -0.532843 1.145236 0.537819 -0.064412 3.13407 0.960761
-9.816635 -26.02399 -7.126041 -4.844926 4.216557 -0.389785 4.234685 0.693127 3.132192 -1.201741 2.992928 1.462262 1.406584 1.475694 3.784681
-1.816635 -28.02399 -7.126041 1.363995 2.388997 1.478773 3.244756 3.170558 3.681442 0.209855 4.226285 -1.40619 -2.270745 4.232459 -0.615503
-9.816635 -28.02399 -7.126041 1.318791 4.369915 3.810377 6.768546 5.073874 2.733397 0.3478 3.805748 1.514203 1.892164 1.714085 3.381457
0.183365 -30.02399 -7.126041 4.861035 2.121071 2.928786 2.057658 2.30781 1.990688 1.045645 2.633769 -1.828335 -1.781217 5.568961 -0.565617
-1.816635 -30.02399 -7.126041 6.60921 6.27178 3.644041 3.887466 5.826475 5.540127 0.98118 4.661904 -2.678197 -1.060347 3.708587 0.198236
-9.816635 -30.02399 -7.126041 2.895649 2.448869 5.468665 6.406183 3.121585 2.569539 1.141761 4.225062 3.047317 0.820975 2.960581 2.291023
0.183365 -32.02399 -7.126041 0.161288 6.300457 1.138879 5.286192 1.025869 4.014205 0.493083 7.296098 -0.924205 0.472426 2.683094 -0.929671
-5.816635 -32.02399 -7.126041 2.041533 -0.91318 -0.457431 2.951119 0.767694 1.169882 0.612039 -1.294731 -3.187302 -1.254856 3.409268 -0.325228
-7.816635 -32.02399 -7.126041 0.177651 -1.109959 1.333809 4.892156 3.743578 4.652434 2.019478 2.165288 -0.248545 -0.923064 1.034385 1.706079
-9.816635 -32.02399 -7.126041 1.754754 1.564071 3.049427 5.800838 2.054384 2.76712 2.398866 5.231676 3.234088 0.537182 3.94445 2.277046
0.183365 -34.02399 -7.126041 -1.436147 3.476213 0.209598 7.160181 -1.327976 3.684442 0.515696 3.55244 -0.134898 1.331395 -0.249875 -0.504031
-1.816635 -34.02399 -7.126041 0.0981 0.949021 4.610819 4.467827 -1.097669 -0.931283 0.250175 2.89715 1.2991 -1.815363 1.366242 1.443102
-5.816635 -34.02399 -7.126041 -0.058239 3.330529 -1.593648 4.106356 0.455704 -0.24688 0.773771 2.694264 -1.558798 -1.838524 4.095314 1.094382
-7.816635 -34.02399 -7.126041 1.043514 1.009132 1.461373 6.216801 3.846321 3.046609 1.998719 3.941981 0.511001 -3.167775 1.83553 2.418823
0.183365 -36.02399 -7.126041 -1.701709 3.818156 0.929834 1.395431 -0.68484 4.393786 -0.228143 2.851751 0.335419 0.400097 -0.951663 -2.230778
-1.816635 -36.02399 -7.126041 -0.660242 2.182849 5.431031 2.897847 -0.619696 2.967431 1.523494 4.746581 1.494087 0.076815 1.638142 0.639441
-5.816635 -36.02399 -7.126041 3.337463 5.346027 1.169303 3.843185 0.624318 0.584583 0.328277 3.46543 1.920387 -1.058841 3.375257 1.32105
-7.816635 -36.02399 -7.126041 3.548334 3.300915 4.617887 6.284801 1.675492 1.538251 0.297025 4.04396 1.669261 -3.348999 2.324252 4.039584
-9.816635 -36.02399 -7.126041 1.30784 1.286649 3.043528 1.492348 -0.845759 -0.831544 0.58132 4.477442 -1.473176 1.06708 1.760068 0.10304
0.183365 -38.02399 -7.126041 -5.511415 2.141425 -0.105693 0.410949 -0.342404 2.875498 -1.72112 2.114242 -1.091451 -0.65089 -1.974993 -2.80578
-1.816635 -38.02399 -7.126041 -3.935104 -0.543104 4.690688 3.307408 0.133547 1.7669 1.714453 3.572875 0.375388 1.602664 0.842062 0.056747
-7.816635 -38.02399 -7.126041 -1.617878 3.415521 1.591962 5.674152 1.049305 2.201424 -0.179206 1.620342 0.66932 -0.700031 -0.849956 3.233685
-9.816635 -38.02399 -7.126041 -0.311822 -0.221187 0.813331 -0.170601 -0.706761 -1.495644 -1.181675 1.508782 -2.021374 -2.615545 -1.459258 1.194703
0.183365 -40.02399 -7.126041 -3.128643 0.904079 -0.95547 1.10386 0.00483 3.673622 -1.164057 4.347439 -1.71915 1.699597 0.639786 -0.430312
-1.816635 -40.02399 -7.126041 1.156438 0.562886 3.333955 4.572054 1.410122 1.868835 -0.469488 7.779149 0.18984 2.964086 2.260313 1.703145
-7.816635 -40.02399 -7.126041 -4.427163 7.538591 -1.333665 6.542827 -1.473145 4.456213 0.344776 5.587126 0.563032 1.744019 0.683941 3.949389
2.183365 -42.02399 -7.126041 -2.736749 6.056211 1.665165 0.10951 1.954085 4.203644 1.059511 8.841307 -0.036775 -2.296771 2.630175 -1.940708
0.183365 -42.02399 -7.126041 -2.516509 3.372231 -2.271031 -0.955505 0.698176 3.884704 0.116507 3.981376 0.079826 -1.579501 0.039974 -0.800553
-1.816635 -42.02399 -7.126041 3.515291 5.99182 -0.798108 3.701014 1.688067 2.415181 -1.38329 7.343519 -0.202379 2.904964 0.833348 0.148115
-5.816635 -42.02399 -7.126041 -4.529651 12.14307 -0.715086 8.474402 0.391537 2.738475 -1.952813 5.825489 -2.090365 -0.626187 -2.960513 2.78775
-7.816635 -42.02399 -7.126041 -5.367033 6.108212 -3.986347 4.440055 -3.053468 1.816718 0.586476 6.021173 -0.268224 -1.965945 -0.167904 1.356593
2.183365 -44.02399 -7.126041 -6.474523 3.692241 -2.754581 5.990314 -0.811649 1.233786 0.019139 5.244816 2.010004 -2.351727 2.079806 3.418262
0.183365 -44.02399 -7.126041 -5.535666 4.678996 -3.223329 0.979059 -0.398955 4.03481 0.325526 5.645021 0.437945 1.765346 1.380225 1.471942
-1.816635 -44.02399 -7.126041 1.948592 5.82976 0.257591 3.411297 1.499046 1.160404 -0.713138 4.08033 0.061016 1.772456 1.334983 2.859458
-7.816635 -44.02399 -7.126041 -5.867793 4.799604 -4.896965 4.253351 -3.285084 1.163009 1.149575 4.229779 0.37289 -2.418389 0.668469 0.535858
0.183365 -14.02399 -5.126041 5.623639 -0.998323 4.359069 7.491691 1.679901 -0.682611 -0.174228 3.824612 2.746453 2.11437 -1.667271 -1.260964
-7.816635 -16.02399 -5.126041 2.172788 -0.965788 -4.530977 1.534164 -1.484146 -6.285775 -2.585332 -4.416313 0.190365 -2.453371 1.39621 -2.399471
-9.816635 -20.02399 -5.126041 0.242263 -0.630866 -1.227469 3.060619 -1.469138 -4.28784 -2.364902 -1.9656 -0.741947 -0.289381 -0.690424 -3.360654
2.183365 -26.02399 -5.126041 3.187414 -0.644905 0.418094 2.430902 0.718612 -1.332293 1.920263 -0.965602 -1.25519 -2.125961 0.6494 -2.819128
0.183365 -26.02399 -5.126041 5.528607 2.13713 3.908773 3.861834 3.023461 1.831334 2.147332 -3.748942 2.071516 -1.197932 5.524948 3.110514
-9.816635 -26.02399 -5.126041 0.339851 1.082555 -0.288557 2.765247 3.491742 0.676043 -0.472785 -1.045475 -0.021496 -0.28873 2.386712 3.072085
-11.81664 -26.02399 -5.126041 6.839818 2.333763 1.528626 3.513329 2.704772 0.296009 -0.446152 -3.487895 -1.787184 -2.160752 2.683996 0.894424
0.183365 -28.02399 -5.126041 3.085466 1.329618 2.989004 4.339745 2.095089 4.534551 0.566676 -2.414617 -0.000265 -3.790038 2.215194 -0.112715
-1.816635 -28.02399 -5.126041 7.170293 1.674966 3.561511 3.651471 3.68203 2.920939 -0.554373 0.081682 -0.375407 -3.653583 3.371745 -0.698923
-9.816635 -28.02399 -5.126041 2.722956 2.561878 3.116505 2.900378 2.757293 -0.405938 -0.216553 -0.501558 -0.497925 -0.304042 -1.143826 5.085984
-11.81664 -28.02399 -5.126041 0.681154 5.367516 4.245071 0.847676 2.560938 2.321781 0.682757 1.15726 -0.653113 -0.369091 1.741719 4.461804
0.183365 -30.02399 -5.126041 2.509694 0.450254 1.859819 3.027798 1.844616 1.833876 -0.231543 -0.411581 -2.220941 -4.401303 1.008355 -2.452286
-1.816635 -30.02399 -5.126041 8.371938 3.810561 5.487838 1.720881 4.708091 2.284312 1.843733 0.735881 -0.860993 -2.601156 3.146212 -1.336255
-11.81664 -30.02399 -5.126041 3.067228 4.339002 5.107485 3.499682 2.177916 -0.806403 1.64288 3.184917 0.604149 -0.198238 3.687557 2.283274
0.183365 -32.02399 -5.126041 -2.149248 4.397527 0.884737 5.829538 0.822922 3.60136 -0.895029 4.128603 -2.055107 -0.007705 -0.02537 -0.484208
-1.816635 -32.02399 -5.126041 0.479077 5.518599 3.428061 4.148088 2.893014 2.497319 1.325129 3.368386 0.345851 -0.786506 1.439727 -0.688361
-9.816635 -32.02399 -5.126041 1.900463 -3.971884 2.254429 3.116076 -0.523002 0.687618 0.845987 3.151487 -0.219059 -3.036374 2.724202 3.704797
-11.81664 -32.02399 -5.126041 5.556611 -1.02423 4.119989 3.845078 1.951205 -3.379607 2.574886 0.658828 2.223238 -1.51653 4.117349 1.817462
0.183365 -34.02399 -5.126041 -4.601945 6.280429 1.203551 8.117707 0.191174 4.538523 -0.689907 6.033776 -0.928341 0.480101 -0.543377 0.642913
-1.816635 -34.02399 -5.126041 -1.633729 10.62373 2.057341 5.628552 1.090684 -0.349797 0.70765 4.871153 1.045674 -1.289157 2.188934 0.802387
-7.816635 -34.02399 -5.126041 1.451879 1.284307 2.839642 6.724672 1.882663 2.125158 0.693342 3.864052 1.688599 -4.490052 2.510761 6.810892
-9.816635 -34.02399 -5.126041 1.070962 -0.859625 1.567171 5.318259 0.052627 1.944918 1.943039 6.261599 1.576835 -1.642279 1.511803 5.763486
-1.816635 -36.02399 -5.126041 0.372971 9.534851 3.072599 3.602967 0.046721 1.236138 1.185675 6.82723 0.192671 0.727582 2.537152 3.251233
-5.816635 -36.02399 -5.126041 3.951814 5.612182 1.905523 7.127224 0.295835 -0.145672 -0.322738 5.510321 3.188615 1.397797 4.243049 2.895154
-7.816635 -36.02399 -5.126041 1.822323 -0.355638 5.260285 9.692867 1.022628 -0.100773 0.302863 3.096901 3.260942 -3.841362 2.629415 4.447276
-1.816635 -38.02399 -5.126041 -1.57773 6.246689 4.028263 3.77057 -0.51717 3.68177 1.255162 8.703878 0.570622 4.04648 1.054303 2.969064
-7.816635 -38.02399 -5.126041 -0.156653 -1.348852 2.319015 4.81214 1.687955 -0.175939 -0.135724 0.909689 3.367425 -2.611024 1.409023 1.697181
-9.816635 -38.02399 -5.126041 1.761899 2.575574 3.016175 0.542992 3.382043 0.264369 1.007716 1.109187 1.620182 -2.161421 0.913148 2.331654
-1.816635 -40.02399 -5.126041 0.382251 5.316513 3.569648 6.423612 0.866745 0.849002 0.521315 8.530531 2.110198 2.875498 3.739594 2.812335
-7.816635 -40.02399 -5.126041 -1.385855 4.369702 -0.52791 5.739185 1.459732 2.2931 -0.401426 4.719308 0.956363 -0.892605 0.342876 3.02067
-9.816635 -40.02399 -5.126041 -0.558715 7.082454 -0.622066 4.986919 3.474265 2.643007 0.424396 6.357571 0.264669 0.003489 2.591064 3.641027
2.183365 -42.02399 -5.126041 -1.668906 6.920625 1.123112 4.570145 -0.833943 0.466949 0.686249 8.512656 0.866908 -0.48432 3.541952 -0.543502
-1.816635 -42.02399 -5.126041 1.264171 10.12369 -1.467354 7.309822 0.146742 2.007917 -1.481187 10.53846 0.911353 1.204215 1.742024 2.651126
-5.816635 -42.02399 -5.126041 -5.395099 4.896255 -1.483845 9.322354 1.236877 1.648061 -2.883252 6.923311 -1.894892 0.738103 -1.286685 3.246261
-7.816635 -42.02399 -5.126041 -5.297375 2.877998 -4.030031 7.013726 -0.40144 -0.42518 -0.779642 4.994626 -1.411475 -0.991196 -2.41032 2.210056
2.183365 -44.02399 -5.126041 -5.748691 8.94731 -2.627541 8.273011 -3.589404 -0.723533 -0.681234 7.956342 2.048524 -1.361472 2.256889 0.200503
0.183365 -44.02399 -5.126041 -3.361131 10.19325 -4.02909 8.110229 -2.686943 0.402705 -1.1034 6.836051 1.411397 1.311568 1.305466 3.933028
-1.816635 -44.02399 -5.126041 1.403937 5.63703 -0.234482 5.55799 0.564434 -2.607602 -1.190391 2.730731 0.504488 -1.625425 0.731961 5.333343
-3.816635 -44.02399 -5.126041 0.38218 1.773747 0.470099 5.189624 0.571483 -1.884532 -0.910355 0.741145 -0.792762 -3.188089 1.58654 3.134545
-5.816635 -44.02399 -5.126041 -3.701166 3.444576 -1.493156 6.150754 -0.865461 0.237342 -0.376372 4.571517 -1.953368 -1.232251 -1.179289 1.340922
-7.816635 -44.02399 -5.126041 -4.630589 7.104949 -4.842889 7.709954 -2.775556 0.24653 0.554753 9.507213 -0.324162 -0.17038 -1.227503 0.468895
-9.816635 -44.02399 -5.126041 -4.56485 8.864654 -3.212766 7.039135 -1.18665 3.523621 -0.245509 9.884278 0.857372 3.611807 1.970137 -0.790813
2.183365 -46.02399 -5.126041 -6.599694 6.667458 -2.457881 6.194455 -3.512569 1.307504 -0.581077 1.130313 -0.272424 -0.754828 2.162205 0.942499
0.183365 -46.02399 -5.126041 -4.298985 3.513045 -2.238752 3.969755 -2.437376 -0.434403 -1.190142 -1.641174 -1.328264 -0.735366 0.426818 1.984518
-1.816635 -46.02399 -5.126041 -1.61511 -8.764524 2.099839 -0.525557 -1.457281 -10.70654 -1.629422 -11.97571 -2.555669 -9.919497 -1.087145 5.042681
-9.816635 -46.02399 -5.126041 -0.537951 3.545492 -0.010643 2.748241 0.866773 -0.008915 1.984635 3.68389 1.318415 -2.200926 3.291733 2.27963
-15.81664 -46.02399 -5.126041 -2.163689 -2.232713 -2.427084 0.14944 -1.821074 -1.649092 -0.095225 -1.599492 -3.751836 -2.392361 0.946043 -0.198851
2.183365 -48.02399 -5.126041 -4.589897 4.788388 -3.485717 4.804009 -2.559961 3.441535 -0.741625 -0.36584 -1.480884 0.481277 1.726925 -2.368017
0.183365 -48.02399 -5.126041 -3.265339 3.025862 -1.409201 3.398507 -2.239637 0.064772 -1.184761 -2.967219 -2.383636 -1.851663 0.01141 1.997921
-1.816635 -48.02399 -5.126041 -5.345791 -8.580277 0.569566 -2.831405 -3.413869 -12.57097 -1.74192 -17.00554 -4.955718 -13.49601 -6.305408 7.355993
-9.816635 -48.02399 -5.126041 -2.165961 -0.54269 1.459899 -1.630267 3.018 -5.852915 1.106024 -5.604633 0.098308 -7.177836 0.695541 1.102286
-11.81664 -48.02399 -5.126041 1.201664 -5.164281 2.785787 -1.404739 2.984637 -5.83858 1.675596 -2.073313 -0.718974 -6.474627 1.362256 2.537352
-13.81664 -48.02399 -5.126041 3.385993 -9.682927 3.146862 -4.498797 2.349189 -7.34909 1.100358 -9.979786 0.04668 -7.563056 1.382898 1.661662
0.183365 -50.02399 -5.126041 -8.389556 -2.871081 -1.910957 -3.813098 -5.990138 -5.733265 -0.660875 -11.45885 -6.543895 -7.604532 -6.925617 4.832399
-11.81664 -50.02399 -5.126041 1.862589 -5.624903 3.801227 -3.32496 0.499906 -4.792299 2.017587 -5.098954 -0.25244 -3.551566 1.835212 1.292894
-13.81664 -50.02399 -5.126041 0.751199 -5.298033 0.054546 -0.863468 0.855918 -2.78285 0.647929 -6.14608 1.137918 -3.596348 -1.272016 1.823025
2.183365 -30.02399 -3.126041 0.330425 -1.693848 0.124335 2.233066 1.41715 -0.535617 0.549032 -7.624303 -2.720631 -7.440956 0.692706 -6.986243
0.183365 -30.02399 -3.126041 1.645285 0.039235 -0.225197 5.485276 -1.084168 -2.489964 -0.147715 -6.114253 -2.476797 -7.351674 -2.941951 -9.069331
-1.816635 -30.02399 -3.126041 4.981174 3.245273 2.380676 1.34073 0.573517 -1.807546 1.313361 -2.819103 -0.639566 -4.710703 0.643626 -2.625999
2.183365 -32.02399 -3.126041 -0.195784 -4.383691 2.480523 1.994903 0.650067 0.251027 -0.052527 -5.942568 -3.834477 -2.829635 0.911489 -2.285896
0.183365 -32.02399 -3.126041 -1.220382 0.27884 0.577747 6.244981 -0.823537 -2.803347 -0.34102 -6.82127 -4.580889 -2.747908 -2.359852 -3.388588
-1.816635 -32.02399 -3.126041 -0.209824 0.674585 0.851904 2.588747 0.695987 -4.872541 1.362064 -3.606197 -2.402431 -1.414373 1.965331 -1.48107
-11.81664 -32.02399 -3.126041 5.119298 -3.73474 5.616876 3.354125 2.809025 -2.684055 2.75676 -2.604409 3.131734 -3.520563 5.799261 3.594974
2.183365 -34.02399 -3.126041 1.567602 -0.920416 4.356979 4.042149 2.419484 4.876629 0.974244 1.959058 -0.176016 0.988052 -0.029551 0.091858
0.183365 -34.02399 -3.126041 -3.370377 4.783402 0.132627 11.38698 0.885619 3.707655 -0.227814 2.781346 -1.103033 0.727845 -2.204467 2.01466
-1.816635 -34.02399 -3.126041 -2.297215 7.702241 -1.043265 8.607059 1.642251 -0.924544 1.06481 1.542156 -1.733278 0.516343 1.26262 -0.844251
-7.816635 -34.02399 -3.126041 -1.068692 0.652509 4.862566 6.564009 -2.05255 0.724058 0.93099 -4.090022 1.383931 -4.312034 0.657776 4.415513
-9.816635 -34.02399 -3.126041 3.040019 2.104361 3.856479 7.071665 -1.349717 3.745926 1.677935 -0.033017 3.029342 -3.447978 2.456385 5.680656
-11.81664 -34.02399 -3.126041 3.094019 -1.947482 3.708108 5.128912 1.644157 0.666257 1.504595 0.918736 3.509266 -1.432878 3.678735 3.799186
2.183365 -36.02399 -3.126041 4.192725 0.687375 4.986205 4.215258 4.247615 2.996584 1.909194 -1.860033 3.380549 -1.82295 1.602091 0.280512
0.183365 -36.02399 -3.126041 -1.29998 5.418624 1.49226 8.147571 1.221821 2.910169 -0.38485 1.168592 2.600258 -0.70921 0.534472 2.328628
-1.816635 -36.02399 -3.126041 0.920738 6.168003 -0.554734 6.110766 0.123953 -1.084671 0.622917 -0.770051 -0.34589 -1.075302 1.044164 0.68207
-7.816635 -36.02399 -3.126041 0.650858 1.177059 5.938467 6.571907 -0.588455 0.003103 0.193717 -1.087185 2.318067 -2.130313 2.353552 2.94629
-9.816635 -36.02399 -3.126041 3.229831 7.010804 4.585968 6.712406 2.097064 3.315324 1.25253 1.393134 4.100468 -1.389323 3.675835 3.555492
4.183365 -38.02399 -3.126041 2.411127 6.837104 5.710943 9.123441 1.05919 3.413902 0.857988 -2.24966 -0.01611 1.439428 -3.457079 -0.418955
2.183365 -38.02399 -3.126041 3.294804 5.773011 4.488202 7.47192 3.026808 1.437442 0.370844 -0.054882 -0.343566 3.00627 1.435693 0.145335
0.183365 -38.02399 -3.126041 0.281019 9.869518 2.414802 8.696122 -0.102142 2.26022 -0.312915 2.757545 -0.23414 3.777166 0.302316 -0.293408
-1.816635 -38.02399 -3.126041 1.606915 4.42631 1.039045 5.391407 -1.766181 -0.262392 1.152718 0.089753 -0.718596 1.386666 0.658738 0.32235
-5.816635 -38.02399 -3.126041 2.71836 -0.883958 4.667793 5.063829 1.211348 -5.372587 -0.649847 0.280352 -0.663663 -0.886087 1.805908 3.037875
-7.816635 -38.02399 -3.126041 1.403498 -0.532763 4.449362 3.641083 1.293233 -1.214437 -0.687325 1.631257 2.608414 -1.423794 1.218892 0.41566
-1.816635 -40.02399 -3.126041 1.833019 2.956788 2.143285 7.780879 -0.189023 -2.375436 1.502248 -2.341875 2.683525 -0.290452 4.927872 0.713931
-5.816635 -40.02399 -3.126041 3.676385 -0.160809 3.452002 4.265821 2.157802 -3.592893 -0.551188 -0.596528 -0.20871 -0.208441 1.647562 0.558403
-7.816635 -40.02399 -3.126041 2.465114 -1.179493 3.111721 3.273986 3.222592 -1.166707 -0.516464 1.348134 1.18145 -1.940931 0.923303 -0.182059
-1.816635 -42.02399 -3.126041 -0.165686 9.041321 0.046807 4.518333 -0.133274 2.633237 1.115243 3.847454 4.849524 0.095159 5.896466 2.863328
-5.816635 -42.02399 -3.126041 2.061175 3.575569 1.909289 2.384714 2.338912 1.687925 0.574193 -0.355954 0.6619 1.221989 3.877077 -0.256551
-7.816635 -42.02399 -3.126041 1.380279 -0.618738 -0.337272 1.745616 2.219739 -0.652902 0.185545 -0.59979 0.820116 -1.364035 1.424366 -0.562397
2.183365 -44.02399 -3.126041 -1.240661 2.001927 0.726206 3.532966 0.636985 1.716435 -0.116268 4.753435 0.372715 -1.308417 4.037284 -1.336999
-1.816635 -44.02399 -3.126041 1.63966 7.546741 0.793779 3.883779 0.738783 2.232095 -0.647763 3.701865 -0.421226 -0.082835 2.74314 4.630561
-3.816635 -44.02399 -3.126041 -0.935277 2.027003 1.276815 1.249349 0.259855 0.844054 -0.502702 -2.234795 -2.848145 -2.78617 1.332156 3.640192
-5.816635 -44.02399 -3.126041 -0.810435 4.064903 1.073044 2.084711 0.669982 1.523978 1.050972 1.763151 -0.729696 2.119074 1.659455 2.285462
-7.816635 -44.02399 -3.126041 -0.945371 4.419522 -1.653034 2.271268 0.67219 -0.316681 0.666386 1.601385 1.1619 -0.339167 1.582408 1.387488
-9.816635 -44.02399 -3.126041 -0.56427 6.445826 -1.788097 4.133921 1.522232 1.151292 -0.143574 1.470035 0.733109 1.444214 2.865427 -0.78318
2.183365 -46.02399 -3.126041 -7.104614 -8.195144 -4.207171 -0.21971 -3.180399 -2.915752 -2.689263 -6.701854 -3.736024 -5.950982 -2.397931 -1.716697
0.183365 -46.02399 -3.126041 -2.75044 -0.159621 -3.940073 1.03724 -2.79234 -2.090953 -2.948955 -3.370133 -4.394998 -4.52181 -1.505275 -2.350181
-1.816635 -46.02399 -3.126041 0.331364 -4.225348 1.232213 3.187087 -1.753639 -4.728191 -3.020537 -7.834501 -5.094435 -6.949429 -2.514958 2.052918
-3.816635 -46.02399 -3.126041 1.638599 -5.840021 4.190931 1.060224 -2.070905 -6.127884 -1.714931 -7.593688 -5.957647 -8.806821 -3.589178 1.327412
-7.816635 -46.02399 -3.126041 2.246289 4.343217 0.545108 1.332802 1.457258 -1.200372 2.855455 1.891954 0.791937 1.127822 3.064891 -0.641702
-9.816635 -46.02399 -3.126041 -2.810399 4.048944 -1.12948 0.922233 0.478307 -0.486038 0.955539 1.839454 0.499655 -0.51343 1.8994 -2.805591
-11.81664 -46.02399 -3.126041 -2.652218 1.439865 -1.758669 -0.297562 -0.059813 -2.243581 0.098941 -0.074164 -0.238083 -1.246478 0.533682 -0.872616
4.183365 -48.02399 -3.126041 -6.863151 -4.459046 -5.098081 -1.473038 -2.988176 -2.200626 -0.847716 -6.225651 -2.040793 -3.542661 -4.87817 -1.946422
2.183365 -48.02399 -3.126041 -6.595022 -7.884591 -5.16253 -1.44999 -3.472569 -3.844837 -4.32376 -10.36231 -4.175233 -7.309649 -4.62162 -3.142678
0.183365 -48.02399 -3.126041 -3.653872 -1.792895 -1.684148 0.668065 -4.808064 -4.134849 -5.64738 -10.33605 -6.924499 -8.040219 -5.694642 -3.362251
-1.816635 -48.02399 -3.126041 -5.54354 0.432444 -0.04042 3.007955 -4.974639 -7.610099 -5.296323 -9.470946 -8.127545 -7.985107 -9.578639 1.945151
-9.816635 -48.02399 -3.126041 -1.826251 -3.392975 2.208529 -5.183229 1.506148 -5.579058 0.312367 -5.799006 -1.44643 -3.844648 -0.104782 -4.066479
-11.81664 -48.02399 -3.126041 0.170451 -4.972914 1.739309 -3.306145 0.919038 -7.624278 0.412348 -4.768484 -0.609412 -5.202947 1.120162 0.023953
2.183365 -50.02399 -3.126041 -8.832999 7.853508 -6.206169 5.253277 -3.729841 4.623682 -0.698334 3.024887 0.644947 -1.138734 -2.309759 2.146098
0.183365 -50.02399 -3.126041 -5.23476 6.969316 -2.40544 4.867686 -6.103842 -1.939587 -3.603869 -3.320249 -4.44746 -4.788018 -8.956221 3.527611
-9.816635 -50.02399 -3.126041 1.893064 -7.294971 7.655478 -3.786999 3.026484 -5.991202 -1.3017 -8.152475 -3.433037 -5.084948 -0.271206 -0.957845
-11.81664 -50.02399 -3.126041 3.030787 -5.399016 5.222297 -2.424996 1.717499 -5.7949 -0.058125 -6.452232 -1.083516 -4.451464 3.01386 0.815896
-13.81664 -50.02399 -3.126041 0.729353 -2.795964 1.503755 1.949901 0.440167 -3.338758 -0.511856 -2.308894 -1.194298 -3.671347 0.742581 3.980533
-15.81664 -50.02399 -3.126041 0.42979 -1.226028 -0.593787 2.567891 0.353872 0.071516 -1.163152 -0.467929 -3.341227 -3.326282 -2.700066 2.118961
-9.816635 -52.02399 -3.126041 0.558038 -5.604735 8.27035 -2.118248 2.070764 -3.604747 -2.720882 -6.392822 -4.68149 -4.626723 1.523372 1.141286
-11.81664 -52.02399 -3.126041 2.124711 -4.626669 4.623799 -0.36396 1.569913 -3.270994 -0.78294 -5.888273 -2.134512 -2.83737 4.185038 0.980519
-13.81664 -52.02399 -3.126041 1.630094 -5.162616 0.282089 0.331975 -0.161986 -3.993823 -0.120675 -5.043031 -1.147277 -3.284273 2.987044 2.846788
0.183365 -36.02399 -1.126041 -0.045489 3.100022 -1.84386 8.610357 -0.195155 1.826445 -0.945173 -5.020106 0.533713 -3.993524 -3.130963 -0.291369
-7.816635 -36.02399 -1.126041 3.825655 0.091457 5.65018 1.541999 1.245696 -3.967818 -0.136355 -6.805939 0.780858 -3.693145 1.671625 2.507906
-9.816635 -36.02399 -1.126041 2.980028 -0.837566 3.414976 1.636412 1.474144 -0.787009 0.44938 -3.58036 1.328919 -5.728193 1.858457 0.272625
-11.81664 -36.02399 -1.126041 -3.02634 0.258585 1.075548 6.889958 -1.760213 0.655599 -1.66478 0.326888 -1.048827 -2.170971 0.370341 2.421682
4.183365 -38.02399 -1.126041 6.743772 -1.878209 4.615496 5.863987 2.384614 -7.433123 1.338715 -14.21595 -0.68589 -5.308347 -2.93992 2.554391
0.183365 -38.02399 -1.126041 0.488681 3.716128 1.473219 9.219706 -1.25908 -1.90425 -0.120601 -9.198118 -0.774972 -5.834067 -0.714798 0.08112
-1.816635 -38.02399 -1.126041 0.640342 2.686647 -2.044761 10.56526 -2.620993 -2.94503 -0.082796 -12.29241 -3.853137 -1.739914 -4.412882 2.700627
-5.816635 -38.02399 -1.126041 5.288785 5.383599 5.061585 9.973247 1.879466 -1.925856 -0.624364 0.13452 -1.863023 -0.067593 1.555725 8.44581
-7.816635 -38.02399 -1.126041 3.775588 2.670067 4.876657 4.096764 2.810373 -0.516079 -2.144473 -3.230521 0.111457 -2.802541 -0.518048 3.277179
-9.816635 -38.02399 -1.126041 3.686646 -0.372942 2.775662 1.162246 3.586405 -0.522151 -0.098403 -1.848951 0.67418 -4.190021 3.422228 -0.052937
-11.81664 -38.02399 -1.126041 -1.512707 -2.205985 2.579361 3.826952 0.437559 0.34896 -0.167787 -2.290272 -1.172753 -1.509179 1.946414 -2.028141
4.183365 -40.02399 -1.126041 5.571519 -2.243128 6.489773 5.565968 2.162642 -9.159293 -0.221028 -15.15656 -2.959432 -6.778501 -5.719413 0.28196
2.183365 -40.02399 -1.126041 2.577125 -2.730363 5.293586 5.627141 0.324583 -7.960963 -2.472296 -14.72974 -4.006245 -8.046969 -6.197554 1.145122
0.183365 -40.02399 -1.126041 4.714161 4.10194 4.150336 10.96622 -1.740108 -6.72928 -0.997227 -13.42134 -1.736549 -5.760231 -1.581791 -0.041844
-1.816635 -40.02399 -1.126041 3.638087 6.469301 2.233551 12.3458 -1.185228 -4.223331 0.771222 -10.85722 0.779406 -0.709659 1.795001 0.727756
-5.816635 -40.02399 -1.126041 4.527878 7.291927 3.662233 8.497857 1.837221 0.42089 1.259451 2.046543 -0.568718 0.823954 2.22204 4.868147
-7.816635 -40.02399 -1.126041 4.374564 4.473694 2.427428 6.072546 3.042933 4.465719 -0.991033 1.774013 -0.180826 0.353753 0.633886 2.18981
-9.816635 -40.02399 -1.126041 3.620402 0.870004 0.963534 1.643684 2.801235 3.047926 -0.723197 0.700613 -0.948695 -1.318933 1.585041 2.224801
-11.81664 -40.02399 -1.126041 1.172101 -1.211048 1.247171 2.099683 1.546231 0.398559 0.240228 -1.04223 -0.482627 -0.787377 1.589539 -2.095525
0.183365 -42.02399 -1.126041 5.414628 10.45212 1.702518 8.391484 1.073272 0.466256 -0.284572 -0.061299 0.492144 1.508302 1.904792 0.30856
-1.816635 -42.02399 -1.126041 5.826916 13.71963 4.346976 8.075881 3.393954 1.724328 2.797639 2.75221 5.624861 2.175813 6.532717 -1.227371
-5.816635 -42.02399 -1.126041 3.708399 3.857199 2.549215 3.467648 0.841475 0.777678 1.838027 -1.917455 1.350037 -1.830882 4.920916 0.116271
-1.816635 -44.02399 -1.126041 3.333203 4.94618 0.811335 5.980299 1.504107 2.589099 -0.957829 3.001078 -1.875781 0.214783 -0.281464 2.216383
-3.816635 -44.02399 -1.126041 -1.446643 2.645295 -0.894434 4.705526 -1.965881 0.376879 -1.519413 -3.016233 -4.386497 -3.718553 -2.030359 3.23737
-5.816635 -44.02399 -1.126041 -4.076034 1.988405 -2.29763 2.398824 -3.561969 0.989818 0.566882 -0.869491 -1.406068 -0.502653 0.03962 2.459891
-7.816635 -44.02399 -1.126041 0.563596 0.694435 1.459976 1.383481 0.812598 -1.303998 0.756481 -3.617027 1.387046 -3.534365 2.516528 -0.477388
-9.816635 -44.02399 -1.126041 -0.210735 1.45136 1.147485 4.284873 0.80401 -1.021929 -0.320847 -1.068236 1.660877 -1.612038 4.080266 -3.621118
0.183365 -46.02399 -1.126041 -3.228005 -4.928203 -3.355955 -0.969101 -0.419901 -3.128016 -2.519387 -6.838699 -4.043117 -4.899451 -2.869997 -0.442866
-1.816635 -46.02399 -1.126041 0.529051 -11.6517 -1.022826 0.061777 0.145515 -7.231457 -3.310072 -12.41694 -6.83594 -6.807362 -5.557049 3.65435
-3.816635 -46.02399 -1.126041 0.611968 -9.981672 1.266823 -3.117892 -1.396467 -5.722988 -2.255051 -11.29565 -6.928777 -8.73858 -6.586032 3.577237
-5.816635 -46.02399 -1.126041 -2.777565 -0.899118 -1.991946 -1.64959 -2.530025 -0.272595 2.228361 -1.271433 0.151814 0.091329 -1.182401 1.180167
-7.816635 -46.02399 -1.126041 -2.467999 0.84911 -2.541164 -0.873822 -0.911694 -1.154639 1.495726 -0.892213 0.886621 -1.799965 -0.693452 0.172887
-9.816635 -46.02399 -1.126041 -3.672939 2.021078 -3.477264 1.027529 -1.763958 -0.625368 -1.501081 0.359041 -0.52816 -0.951011 -2.166057 -0.234193
-11.81664 -46.02399 -1.126041 -2.831207 1.855869 -3.024445 0.238589 -1.353654 0.322935 -0.814363 -0.365059 -1.414607 -0.164117 -2.07745 0.549767
2.183365 -48.02399 -1.126041 -8.206201 -6.927752 -6.355548 -1.99437 -3.726279 -2.272121 -4.613789 -11.71915 -5.877025 -8.16911 -5.283339 -0.390502
0.183365 -48.02399 -1.126041 -4.968504 -7.832495 -5.200555 -0.687151 -5.326397 -6.688498 -5.855149 -16.2108 -6.435633 -10.84678 -7.759166 -0.499286
-1.816635 -48.02399 -1.126041 -5.985516 -7.747027 -4.271732 1.112527 -4.704592 -12.45065 -4.73087 -14.01863 -9.234703 -11.04263 -10.9506 1.573954
-7.816635 -48.02399 -1.126041 -8.008164 3.703474 -3.587566 -3.940089 -5.287739 0.363063 0.453529 -3.131541 -2.380901 -2.825511 -3.270265 -3.385518
-9.816635 -48.02399 -1.126041 -3.653842 -3.006204 -3.082992 -4.01549 -1.451215 -2.375753 -0.934458 -6.264966 -2.992662 -3.724624 -3.543556 -2.336561
-11.81664 -48.02399 -1.126041 1.45659 -2.216191 0.938881 -2.302357 -0.027105 -1.917539 -1.111592 -5.677517 -1.735631 -2.649946 -2.416865 -0.458338
4.183365 -50.02399 -1.126041 -4.667734 24.7483 -3.235957 16.61003 -1.893337 14.25677 2.650226 17.02635 2.418209 7.995218 1.025161 1.747579
2.183365 -50.02399 -1.126041 -7.47668 20.18496 -6.322344 13.14412 -2.43294 13.25525 -0.927108 15.27952 1.108643 5.80566 -2.528863 3.236105
0.183365 -50.02399 -1.126041 -1.955378 3.253474 -5.620883 3.621213 -3.958196 -4.141108 -3.66192 -7.699681 -4.647514 -5.248447 -8.814568 3.542717
-7.816635 -50.02399 -1.126041 -8.482856 2.751469 -2.185147 -2.406081 -6.6667 -4.782151 -2.294149 -8.540006 -3.957494 -4.163628 -5.931283 -3.757093
-9.816635 -50.02399 -1.126041 -1.33818 -2.781049 2.106534 -1.750303 -1.202936 -3.181141 -1.38905 -6.940074 -4.081578 -4.727929 -3.069196 -4.190225
-11.81664 -50.02399 -1.126041 4.195517 -2.822479 5.573483 -2.70781 1.437716 -1.368996 -1.34385 -4.399814 -2.211742 -4.962541 0.432759 -0.456037
2.183365 -52.02399 -1.126041 0 0 0 0 0 0 0 0 0 0 0 0
-9.816635 -52.02399 -1.126041 -1.944578 -4.970926 4.389464 -1.190144 -3.185941 -3.686227 -2.478858 -8.180929 -4.409769 -6.227426 -1.387625 -4.571846
-11.81664 -52.02399 -1.126041 3.940153 -6.696337 6.384375 -1.540028 1.039563 -2.819576 -1.128992 -4.206427 -2.827925 -5.990045 2.176912 1.370286
-13.81664 -52.02399 -1.126041 3.475838 -7.983736 3.23344 -2.965972 -1.428769 -6.575582 -1.441656 -6.301529 -4.216986 -8.118489 2.469705 4.072908
-9.816635 -54.02399 -1.126041 -4.064521 -6.659304 2.920919 -2.903516 -4.587632 -2.738125 -3.252257 -7.820179 -4.243004 -7.272846 -0.302123 -3.762712
-11.81664 -54.02399 -1.126041 2.720501 -9.746088 5.535394 -1.470909 0.319842 -4.758554 -1.066174 -4.71052 -2.733651 -5.177782 2.778225 3.359522
-7.816635 -38.02399 0.873959 2.760915 4.315492 4.413484 3.977746 0.928355 0.915156 -2.606331 -0.23291 -0.220571 1.714019 2.559403 0.331553
4.183365 -40.02399 0.873959 4.445369 -0.578806 4.095357 5.335546 4.600048 1.594653 0.745825 -5.259441 1.745958 0.603738 3.343338 1.441251
-5.816635 -40.02399 0.873959 1.190462 1.669595 2.493469 3.927489 2.842397 -3.934202 0.347497 -4.38222 -1.524344 -1.743208 0.71514 -0.659113
-7.816635 -40.02399 0.873959 3.404922 0.313033 1.054104 3.795319 1.165658 0.4064 -0.765704 -0.695954 -2.627713 0.845155 -0.068904 -2.780155
-11.81664 -40.02399 0.873959 -1.894371 1.236725 2.090643 7.367479 -0.263039 -0.779709 -0.311592 -2.565394 -0.50939 -1.020631 0.450994 -1.129001
-13.81664 -40.02399 0.873959 -1.953331 -6.616566 2.778869 5.074085 0.157584 -3.732787 -0.646764 -5.796039 1.14207 -2.919137 -1.612326 -0.667856
4.183365 -42.02399 0.873959 5.911418 6.985366 3.859091 7.051751 5.273991 3.135441 1.816321 -0.846823 1.947033 1.399169 3.199011 -1.539615
2.183365 -42.02399 0.873959 4.393456 5.582429 1.569071 5.452568 3.56053 -1.605518 1.379453 -0.276335 0.893799 0.980198 2.924098 -1.45988
0.183365 -42.02399 0.873959 7.461208 6.851825 0.811971 5.283528 3.304742 -0.528896 0.214967 -0.38707 -1.049289 1.909738 3.202118 -0.704834
-1.816635 -42.02399 0.873959 8.530865 7.972887 3.715013 3.927825 5.199521 -0.442903 1.681405 -4.634795 -0.477139 0.012692 2.664191 -2.331918
-5.816635 -42.02399 0.873959 0.539267 -4.9104 3.898509 2.557918 2.935226 -3.648099 0.625718 -10.28776 -1.791631 -6.849948 -0.224803 -1.932561
-7.816635 -42.02399 0.873959 4.493248 -10.92451 6.070273 3.140895 3.696745 -3.918249 0.91725 -10.46109 -1.170135 -7.298199 2.412617 -5.238286
-9.816635 -42.02399 0.873959 3.275132 -6.552773 4.857343 7.837311 1.356077 -2.931311 0.537658 -7.724128 -1.343932 -3.97246 1.573959 -4.58878
-11.81664 -42.02399 0.873959 0.973797 2.38696 4.294124 14.57963 0.331764 1.817264 0.857341 -4.523769 1.548656 -1.23686 0.536553 -0.362307
2.183365 -44.02399 0.873959 1.756728 6.18903 0.352192 9.012018 3.193911 -1.92264 3.836683 3.547352 3.998579 2.280676 4.42523 -2.524669
0.183365 -44.02399 0.873959 2.429735 4.788051 -0.251019 7.238337 2.383813 -1.021754 0.78946 1.513987 3.595169 2.74332 2.763505 -0.51855
-1.816635 -44.02399 0.873959 8.292171 2.708557 2.369954 8.683944 3.956375 -0.00154 -0.29653 -2.786523 0.972048 0.41033 -0.553223 1.30925
-5.816635 -44.02399 0.873959 -3.029736 2.345176 1.214197 7.398539 -1.75443 1.160935 0.803546 -4.421381 -0.405274 -2.514426 -1.842075 -0.537735
-7.816635 -44.02399 0.873959 3.573448 -2.547124 4.127525 3.964123 2.148099 -0.906986 0.43618 -7.275693 0.064907 -5.548651 2.807757 -6.044406
-9.816635 -44.02399 0.873959 1.740977 -4.319024 2.762566 5.52121 0.640608 -2.079776 -0.952253 -6.316538 0.153085 -1.588433 2.154475 -5.931099
0.183365 -46.02399 0.873959 -1.356509 -0.945868 1.332168 5.907222 0.001221 -2.050599 -2.230826 -3.290571 -0.259631 -2.544863 -1.464007 3.87695
-1.816635 -46.02399 0.873959 1.556889 -4.050329 1.642401 9.277171 0.121356 -3.263031 -3.070976 -5.624724 -2.90799 -2.030989 -3.948417 6.454213
-3.816635 -46.02399 0.873959 0.738307 1.870821 1.852768 12.36995 -0.960957 -0.235483 -0.252118 -2.162179 -0.808534 -0.266899 -4.276212 8.0171
-5.816635 -46.02399 0.873959 -1.110408 10.33616 0.867706 6.696173 -1.60003 4.421371 2.969688 2.765401 3.766941 4.573241 0.310497 1.001851
0.183365 -48.02399 0.873959 -1.054239 -6.520291 0.231219 4.135917 -4.129619 -2.7405 -3.945167 -8.570556 -3.416143 -8.742377 -3.015253 1.80688
-1.816635 -48.02399 0.873959 -1.490647 -7.240662 0.462469 5.186067 -3.887781 -5.610937 -3.233201 -5.735353 -5.241236 -6.770949 -4.911096 2.16495
-5.816635 -48.02399 0.873959 -1.285783 10.7016 4.123604 1.184036 -4.094211 5.699693 1.449475 2.274559 2.283303 1.218047 -1.67364 2.549694
-7.816635 -48.02399 0.873959 -5.207961 3.659988 -1.38642 0.917793 -4.142682 0.792884 0.450547 -4.132767 0.855943 -2.475207 -3.262208 -1.460161
2.183365 -50.02399 0.873959 -5.498279 6.452353 -3.472068 5.343341 -3.476681 4.595862 -2.317302 2.626572 -4.87094 1.254931 -4.909989 -0.89913
0.183365 -50.02399 0.873959 0.030558 -0.593009 -0.846719 1.957695 -4.480299 -0.377627 -2.575635 -2.301535 -4.577833 -3.156409 -3.675543 3.950339
-7.816635 -50.02399 0.873959 -1.151346 3.244848 3.314111 4.61677 -2.483112 -2.182229 -1.193491 -2.593184 0.480688 -2.364858 -4.704237 0.689401
4.183365 -52.02399 0.873959 0 0 0 0 0 0 0 0 0 0 0 0
2.183365 -52.02399 0.873959 0 0 0 0 0 0 0 0 0 0 0 0
-7.816635 -52.02399 0.873959 -5.139611 -4.447376 -3.037494 1.047485 -3.634903 -3.52198 -1.995498 -5.05906 0.199326 -1.274253 -6.035994 -4.364724
-9.816635 -52.02399 0.873959 -4.943328 -3.138099 0.553827 1.549817 -4.115844 -3.564173 -0.88645 -2.735043 0.325299 -0.17869 -5.225252 -3.073289
-9.816635 -54.02399 0.873959 -6.391925 -2.458095 -0.94459 1.380202 -4.581347 0.427785 -0.160965 -2.523237 0.364175 -0.842248 -6.017551 -2.346201
-11.81664 -54.02399 0.873959 -0.664595 -7.890517 0.74454 -0.034609 -2.311317 -3.608126 0.378749 -3.519922 -0.460673 -0.229595 -3.81056 2.114048
-9.816635 -56.02399 0.873959 -4.59958 2.272064 1.036982 0.217967 -2.609009 3.848233 -0.34345 -0.376944 0.659323 -0.583321 -3.127577 -1.157035
-11.81664 -56.02399 0.873959 -0.519585 -4.618326 2.8836 -0.788736 -0.832606 -2.486704 -1.397018 -2.511419 -1.260095 0.569454 -3.096231 4.285017
2.183365 -42.02399 2.873959 0.986886 3.800965 -1.513384 6.565153 1.042638 -0.732855 0.70759 3.257276 -1.684686 -1.07865 2.464458 0.908185
0.183365 -42.02399 2.873959 4.053928 3.605461 0.685839 7.208998 1.165777 0.718574 -0.352672 0.532177 -3.434265 -0.876684 2.793323 0.655385
-7.816635 -42.02399 2.873959 3.55422 2.783764 6.429322 8.267572 3.106323 2.021641 0.50857 0.350241 -0.759546 -0.817401 3.686506 -1.801885
-13.81664 -42.02399 2.873959 1.248519 4.689607 4.201355 10.14983 0.59647 4.396684 -0.103661 4.538368 1.668539 2.779932 1.137922 2.616871
2.183365 -44.02399 2.873959 0.337437 5.006458 -1.007199 10.17157 0.582697 -0.322241 1.96417 1.49597 1.7977 4.161715 0.095539 -1.086959
0.183365 -44.02399 2.873959 1.361017 2.891592 -1.039285 9.229887 0.845348 -1.034091 -0.318628 0.416781 1.0431 3.708511 -0.438967 -1.594922
-1.816635 -44.02399 2.873959 6.210354 3.750712 0.798706 12.44708 1.824334 0.549797 -1.735112 -2.589536 -0.132614 -0.150246 1.488092 0.179079
-5.816635 -44.02399 2.873959 0.745721 9.412099 4.848405 9.547215 -1.839453 4.713053 0.077725 -3.12141 0.10663 -0.230737 1.122085 0.773963
-7.816635 -44.02399 2.873959 3.628657 3.057711 3.929679 6.196139 1.1066 2.742699 -0.792089 -4.101325 -1.502155 -3.897841 2.881315 -2.480209
-9.816635 -44.02399 2.873959 0.985112 1.481944 3.05715 7.803333 0.055292 1.745194 -0.138571 -1.871188 -0.557693 -0.348357 1.429422 -4.536351
-11.81664 -44.02399 2.873959 -0.088351 1.39334 4.827613 11.44399 0.735397 2.2454 1.199859 2.937383 2.766914 -0.064815 0.866191 -1.263587
-13.81664 -44.02399 2.873959 -0.57212 -0.270248 3.218324 9.119933 0.232935 3.232399 0.884536 5.321604 2.084779 1.459806 1.335038 2.559006
2.183365 -46.02399 2.873959 0.631019 3.542265 2.601847 8.602579 1.193789 0.246365 -0.042017 -3.889539 -0.751856 -1.925463 -1.825372 -0.483038
0.183365 -46.02399 2.873959 1.532922 1.464164 0.808114 9.246539 0.795933 -2.016067 -2.080404 -4.319374 -2.125757 -2.023212 -4.315521 0.234081
-1.816635 -46.02399 2.873959 1.283529 -0.893746 -1.673942 17.28727 -1.36625 -4.284615 -5.814568 -6.775711 -4.527821 -3.487649 -5.220247 3.01533
-5.816635 -46.02399 2.873959 -2.951995 5.365726 1.169567 7.416185 -5.333818 0.299041 -0.079149 -4.644642 3.891184 -2.418878 -2.877236 2.29844
-7.816635 -46.02399 2.873959 -3.06102 -0.057977 -2.709022 3.533504 -2.071085 0.415627 -1.745354 -6.993096 1.02581 -5.109317 -3.662008 -2.501281
-9.816635 -46.02399 2.873959 -4.550725 1.311616 -0.905235 8.464331 -2.219802 -1.788935 -2.416616 -2.548904 1.284395 -1.025174 -5.08907 -0.573361
-11.81664 -46.02399 2.873959 -2.232437 0.654066 2.433349 8.716572 -1.372074 -3.11355 -0.540328 1.962816 2.588385 -0.602635 -3.332094 -0.548897
-13.81664 -46.02399 2.873959 -1.687986 -4.737462 2.780928 5.041371 0.102002 -3.222982 0.123963 3.611511 1.854771 -1.908422 -0.328167 -0.622233
2.183365 -48.02399 2.873959 0.327252 -1.717983 3.109084 1.772204 -0.836368 2.86532 -4.160268 -7.39049 -7.043293 -8.516398 -2.556176 0.165973
0.183365 -48.02399 2.873959 0.153105 0.298482 1.995018 6.410228 -1.790962 -0.948164 -4.834878 -8.098994 -4.969828 -9.396251 -4.663139 3.499203
-1.816635 -48.02399 2.873959 -1.825253 1.905116 0.376503 10.12327 -2.494996 -3.632016 -5.976327 -8.308724 -3.962363 -3.446441 -7.150297 3.828447
-5.816635 -48.02399 2.873959 -8.251778 4.087515 3.328438 8.328631 -8.639732 -4.874598 -1.256618 -4.545416 4.28335 -2.966677 -8.455573 7.43105
-7.816635 -48.02399 2.873959 -9.24655 -0.569125 -1.820479 6.51807 -5.458189 -6.503433 -2.01485 -8.25385 1.081268 -5.551782 -10.68467 2.339387
-9.816635 -48.02399 2.873959 -9.280478 -0.552505 -2.870711 6.002867 -3.635794 -8.337549 -3.467529 -3.933017 0.124457 -3.121094 -10.7246 2.120265
-11.81664 -48.02399 2.873959 -3.471792 2.545194 0.846932 6.092658 -2.994659 -3.240176 -1.319798 0.841228 2.650056 -0.430976 -3.83112 1.248571
6.183365 -50.02399 2.873959 0.784321 0.526072 6.914351 -1.842798 1.24807 2.54483 2.007558 0.47964 -3.876593 -0.852978 2.090414 -1.012068
4.183365 -50.02399 2.873959 -2.696057 -3.672543 5.35072 -3.608017 -2.148873 -1.791427 -1.779368 -5.272497 -6.942991 -3.975886 -0.245319 -5.258193
2.183365 -50.02399 2.873959 -1.073526 -2.742394 3.540576 0.509871 -2.991357 -0.890224 -3.531686 -5.862634 -6.32843 -6.967519 -2.822495 -1.196343
0.183365 -50.02399 2.873959 0.385944 -1.652689 1.779891 3.525152 -3.609174 -2.792663 -3.753118 -5.556938 -3.38178 -7.885391 -5.312788 6.992124
-7.816635 -50.02399 2.873959 -6.612536 1.63969 1.723789 9.370399 -4.8242 -7.155764 -4.257969 -6.55594 -0.88297 -4.92674 -10.76376 5.228745
-9.816635 -50.02399 2.873959 -7.311034 -3.39326 0.725005 4.962241 -3.510866 -10.09707 -3.55501 -4.591807 -0.421104 -4.295227 -8.619752 -0.246617
-11.81664 -50.02399 2.873959 -3.29533 -2.092121 -0.018807 4.268338 -3.917665 -4.982677 -0.676331 -1.64639 2.374047 -1.51602 -0.565084 -1.37614
4.183365 -52.02399 2.873959 -6.664822 -0.628048 3.29706 0.362921 -1.75295 -4.290578 -1.093486 -3.91745 -1.420358 -3.357517 -0.592225 -1.073213
2.183365 -52.02399 2.873959 -3.00405 -1.536226 3.098746 3.786966 -2.013846 -2.508081 -2.404145 -0.639729 -2.294881 -2.359378 -3.721687 -0.273009
0.183365 -52.02399 2.873959 -1.874205 1.60116 -0.631846 3.874165 -3.192596 0.80352 -2.704711 2.054955 -3.807626 -1.623539 -5.968524 5.675987
-7.816635 -52.02399 2.873959 -2.914484 4.120926 0.218286 5.204811 -2.767343 1.64134 -1.706474 -0.52835 0.648527 1.110126 -7.375591 -1.268765
-9.816635 -52.02399 2.873959 -4.637643 1.368658 -0.747745 3.04347 -4.254556 -4.041634 0.281881 -1.199829 2.364459 -1.490901 -5.453402 -2.40388
4.183365 -54.02399 2.873959 0 0 0 0 0 0 0 0 0 0 0 0
2.183365 -54.02399 2.873959 0 0 0 0 0 0 0 0 0 0 0 0
-7.816635 -54.02399 2.873959 -1.371244 -0.102185 0.041014 -0.416848 -2.810677 2.987088 0.504681 -2.773675 1.613155 0.444433 -2.348904 -5.029478
-11.81664 -54.02399 2.873959 -1.071233 0.892341 -2.558435 1.613115 -3.316782 -2.063029 2.108795 1.536925 1.995395 3.002247 0.132507 -0.062904
-9.816635 -56.02399 2.873959 -2.716746 2.439713 2.92368 -3.614209 -3.637055 0.716306 1.075456 -3.449679 2.322268 -1.005015 -1.190451 0.106732
-11.81664 -56.02399 2.873959 -3.340689 -3.674179 -0.803155 -1.620154 -3.295902 -2.965291 -0.122104 -0.8821 0.377147 0.878141 -2.01576 -0.130881
4.183365 -46.02399 4.873959 1.72852 6.064998 1.231187 3.227128 -0.908098 1.706291 1.783523 -0.158969 0.708007 2.499329 1.119165 0.153997
2.183365 -46.02399 4.873959 2.122564 9.459244 2.622732 5.797499 -0.119186 3.948283 1.174769 2.015996 -0.538137 3.464726 0.061195 0.606616
-9.816635 -46.02399 4.873959 -3.836071 2.93962 -0.337388 2.120809 0.030269 -0.705855 -0.272511 -2.014328 0.16934 0.240103 -3.641297 -3.320774
-11.81664 -46.02399 4.873959 -1.782442 4.020646 1.556874 3.980094 -0.054634 -0.599551 1.657185 1.187293 -0.440199 0.739221 -2.788502 -3.865653
-13.81664 -46.02399 4.873959 -1.993581 -0.818628 1.676876 1.759853 -0.047879 0.227395 1.688433 2.027771 0.848439 0.741361 -1.549181 -2.383536
4.183365 -48.02399 4.873959 0.881999 -0.012433 2.049678 -3.777276 -0.952047 -1.791193 0.122842 -2.186098 -1.837807 -0.513492 -1.480829 -1.181343
2.183365 -48.02399 4.873959 1.547399 5.979654 2.870529 1.853213 -1.130768 0.759764 -1.112629 -0.426038 -1.354826 -1.979122 -1.277958 1.88902
0.183365 -48.02399 4.873959 1.18955 9.332192 4.651255 7.00106 0.703765 3.207839 -4.439626 -1.322135 -4.082646 -4.414866 -1.533194 5.948916
-13.81664 -48.02399 4.873959 1.344644 0.610936 4.359349 1.765695 0.327186 1.834672 1.543708 1.784162 3.474926 0.561955 0.113156 -3.416007
2.183365 -50.02399 4.873959 -1.443169 3.11624 2.489444 2.477695 -1.638911 -1.069997 -2.210555 -1.166583 -1.432962 -3.227179 -3.556319 2.318182
0.183365 -50.02399 4.873959 0.626216 4.727483 2.430304 5.756288 -0.458654 2.152682 -6.203927 1.430545 -3.89975 -2.249969 -3.752811 8.983228
-11.81664 -50.02399 4.873959 0.021465 -0.953003 1.005402 2.588899 -2.797173 -2.576953 -0.911355 -1.882487 0.012286 -0.746242 -4.595251 -2.752943
4.183365 -52.02399 4.873959 -1.41061 9.783795 3.956486 3.806697 -0.903345 1.718307 0.310216 3.385351 -0.25141 2.763757 2.924747 1.360003
0.183365 -52.02399 4.873959 1.804281 11.0342 2.172195 9.941582 -1.880959 2.763805 -3.537715 5.526173 -2.836316 1.475489 -2.449126 7.603293
-7.816635 -52.02399 4.873959 -0.78605 8.079783 2.927358 4.526803 -3.639625 2.618013 -1.994951 -0.93671 0.12691 1.108692 -2.985877 2.552521
-9.816635 -52.02399 4.873959 -0.960192 1.15853 -0.607866 0.89407 -3.315999 -4.496943 0.949616 -3.062785 2.778096 1.040214 -1.590798 -0.090449
4.183365 -54.02399 4.873959 -0.610035 7.923132 3.684029 3.098856 -1.736415 3.474994 -1.255228 2.049644 -2.233809 1.672469 1.237327 3.424958
2.183365 -54.02399 4.873959 0.785661 3.748228 4.770601 5.009213 -0.97935 1.330404 -2.49947 0.367014 -2.366905 -2.306526 -2.888106 4.47233
0.183365 -54.02399 4.873959 -0.072749 8.336618 2.186572 8.783929 -3.587488 2.573361 -2.669925 2.504412 -4.14467 -1.424802 -2.427824 6.433747
-7.816635 -54.02399 4.873959 0.541728 -3.131901 3.897287 -1.363181 -2.588749 0.5507 -0.622675 -7.725145 0.602833 -4.827594 -0.409593 -1.655989
-9.816635 -56.02399 4.873959 0.95342 -0.118714 0.790828 -2.467387 -1.172693 -1.091427 0.389769 -3.310712 0.974706 -2.613974 0.798373 0.567957
-11.81664 -56.02399 4.873959 0.176027 5.430013 0.005789 2.222051 -1.503669 0.749066 1.001364 2.381348 2.50167 4.353946 0.918866 2.607097
2.183365 -48.02399 6.873959 0.928272 4.206914 2.10694 4.094285 -2.323386 -0.770556 1.824377 1.569526 1.481791 0.384265 -0.531471 0.279322
-11.81664 -48.02399 6.873959 0.167563 1.227378 2.236094 0.946316 0.287797 -2.017835 1.185954 -1.579591 -0.670386 -0.06012 -2.807669 -0.039508
2.183365 -50.02399 6.873959 1.189333 1.631583 0.982907 2.970656 0.436612 0.087249 1.135006 2.071546 0.795159 -0.447399 -2.192731 0.483503
0.183365 -50.02399 6.873959 2.207156 -2.304018 1.046135 2.884281 1.887692 0.530702 -2.512393 -1.338774 -3.61392 -4.417157 -2.14252 2.381776
-7.816635 -50.02399 6.873959 1.242409 -3.05962 -1.482515 2.357462 -2.384245 -5.264561 0.585385 -4.700421 -1.036018 -1.062638 -1.751726 1.442518
-9.816635 -50.02399 6.873959 0.86669 1.011764 -0.433759 2.51136 -1.709367 -1.952983 1.482242 1.796769 0.895608 2.142743 -3.623784 1.873377
-11.81664 -50.02399 6.873959 -0.757561 -1.904437 0.841801 2.750809 -1.13774 -3.677235 0.845884 -0.801051 0.6428 -0.63525 -4.152217 1.579285
4.183365 -52.02399 6.873959 2.916461 1.308686 2.052649 0.886021 3.278045 -0.51197 1.202747 0.746258 -0.466688 -0.457299 1.974442 -1.699846
2.183365 -52.02399 6.873959 3.726376 -1.590267 1.925624 2.762048 2.406097 -0.504254 1.285103 -0.991826 -0.612744 -1.635134 -0.515933 0.125174
0.183365 -52.02399 6.873959 4.199017 -0.25741 2.67222 6.555965 1.811276 -0.009807 -2.223711 -3.423394 -4.791821 -4.954756 -0.786913 2.110929
-7.816635 -52.02399 6.873959 -0.728193 2.145516 1.924402 1.681528 -1.270919 0.342881 -0.653829 -5.246924 0.427129 -0.733736 -0.784685 2.794516
-9.816635 -52.02399 6.873959 0.488013 0.864776 -0.104497 3.866704 -2.140278 -0.585443 2.009747 0.034669 3.212242 1.306871 -0.614519 2.547167
4.183365 -54.02399 6.873959 3.761961 -3.263385 4.034168 0.091704 2.574949 -0.368111 -0.190696 -4.869467 -3.694741 -2.17768 1.279892 1.994108
2.183365 -54.02399 6.873959 3.291327 -5.721094 5.081842 3.805118 1.600945 -1.859574 -1.37524 -5.526779 -5.623719 -3.329078 -3.181416 1.501634
-7.816635 -54.02399 6.873959 -2.617515 1.494214 2.230589 -0.360882 -1.274865 2.03764 -1.681029 -7.366919 -1.081877 -1.546295 -1.386048 0.302672
-9.816635 -54.02399 6.873959 1.928761 3.030241 -0.304182 0.765849 -0.153023 -0.185698 0.77082 -2.159794 2.576584 -0.949775 0.254091 0.963002
-11.81664 -54.02399 6.873959 3.682933 4.429529 1.020979 2.442286 1.227942 1.619839 1.297948 1.943206 3.140086 -0.955267 0.162452 4.150683
-11.81664 -56.02399 6.873959 2.306868 6.17803 2.488422 6.166742 -1.134439 1.048265 1.307293 1.630057 2.418297 -0.289653 -0.538757 6.266847
6.183365 -48.02399 8.873959 3.466714 2.66933 0.043852 3.539129 1.2821 -0.761058 1.651028 -1.125519 -0.540187 -2.08505 2.23077 -1.34479
4.183365 -48.02399 8.873959 3.878214 -1.995948 1.281009 1.206648 -1.435467 0.20533 0.973361 -4.670753 0.336659 -3.454789 0.723697 -2.095632
2.183365 -48.02399 8.873959 5.130267 7.050623 2.416717 4.602152 -2.55048 5.399424 1.932133 4.332434 2.992225 1.894726 2.320967 -1.433159
0.183365 -48.02399 8.873959 6.06493 0.407725 1.643239 3.084328 0.796025 2.556131 2.446237 0.508627 3.346346 -1.78266 1.997471 -7.744599
-9.816635 -48.02399 8.873959 -0.386608 -3.061044 0.492235 0.311252 -0.445958 -0.460341 1.812485 -0.336027 0.934545 -2.237761 -0.550581 -3.422605
4.183365 -50.02399 8.873959 2.207858 0.869357 0.429593 2.305967 -0.311227 0.950168 0.205209 1.571216 -1.142711 0.702423 -0.981624 -1.465694
2.183365 -50.02399 8.873959 4.694186 6.112764 3.032198 4.627948 -0.889425 6.214152 2.784879 7.105422 3.16707 4.629432 1.822196 0.227023
0.183365 -50.02399 8.873959 5.080367 2.511777 3.32171 4.045682 1.227122 4.048214 2.477667 2.71184 3.433668 -0.906 2.172509 -3.128445
-7.816635 -50.02399 8.873959 2.336865 -6.587903 -1.802111 0.788776 -0.901016 -3.679264 2.065039 -4.102841 0.496174 -2.766627 -1.067487 -0.343042
-9.816635 -50.02399 8.873959 1.24499 -1.121284 0.349759 5.326972 -0.910835 -0.854048 2.406567 4.626658 3.215864 3.051212 -0.904341 1.147528
4.183365 -52.02399 8.873959 2.279701 1.699027 0.678366 3.574729 -0.217673 1.631799 1.035627 4.129541 0.293893 2.252548 0.631413 -0.605463
2.183365 -52.02399 8.873959 1.113105 2.499248 2.847959 6.102726 -0.971639 4.185706 3.353175 5.96149 1.934513 5.883894 1.454198 -2.057646
-7.816635 -52.02399 8.873959 1.25212 -0.720744 0.050818 4.521828 -0.958468 -3.056705 0.282365 -2.123708 0.280262 0.158472 -1.794287 2.701496
4.183365 -54.02399 8.873959 2.773772 1.102775 2.458929 4.318336 0.853359 1.307272 1.988782 2.075338 2.493527 0.823478 3.443685 1.556029
2.183365 -54.02399 8.873959 -0.777883 -0.512918 2.262068 7.742028 -0.588132 0.905672 1.627839 1.463648 -0.983581 3.126375 -0.821205 -3.276507
-7.816635 -54.02399 8.873959 -0.212382 2.941846 -0.634473 4.424419 -0.905222 -1.779518 -1.344784 -2.756608 0.486266 0.707368 -0.800375 0.797015
-9.816635 -54.02399 8.873959 2.877935 5.995451 1.043937 4.29332 -0.713671 -0.968067 -0.116885 5.450751 1.971945 4.410714 -1.206621 0.293621
-11.81664 -54.02399 8.873959 3.233913 2.523438 0.534069 4.151527 1.63695 -2.322116 1.227108 5.419886 0.481187 1.390652 -1.245671 0.604928
2.183365 -48.02399 10.87396 6.168024 1.636979 2.529583 2.223679 -2.989975 4.949063 1.329333 -3.809663 3.634678 -6.057609 2.750639 -7.468654
0.183365 -48.02399 10.87396 5.987243 0.143047 2.046382 2.122363 1.216594 1.418559 2.542544 -0.556973 3.327908 -3.657485 1.980807 -6.831039
4.183365 -50.02399 10.87396 2.412903 -1.012101 2.556823 3.215803 -0.632787 1.889156 1.335808 -1.722093 -0.328118 -1.570414 -0.826765 -3.056937
2.183365 -50.02399 10.87396 4.617739 4.959643 4.560028 2.131946 -1.725759 6.236056 2.224511 -0.078428 3.739425 -1.324248 4.584451 -6.239884
-7.816635 -50.02399 10.87396 -0.564176 -2.795306 0.5425 2.725891 1.799548 0.319584 0.896593 1.842666 1.149181 0.268203 0.908158 -2.151553
-9.816635 -50.02399 10.87396 -1.092456 -0.037837 2.306728 4.443088 0.586872 0.334219 1.929863 4.409161 4.260349 2.738552 1.898487 -0.397532
-11.81664 -50.02399 10.87396 -2.161093 -0.395283 0.80812 5.27017 -2.290126 -0.555155 1.810119 2.899252 4.479048 -0.974758 1.905735 -0.396265
-7.816635 -52.02399 10.87396 1.087842 3.785464 0.339534 6.699076 -0.023962 0.684205 0.667083 4.027965 1.507471 2.67115 0.876719 0.480277
-9.816635 -52.02399 10.87396 -0.102965 4.167675 0.811163 5.049527 -1.242616 1.018411 0.201269 4.857408 1.060034 1.87548 -1.026737 0.840534
-9.816635 -54.02399 10.87396 0.674578 4.45949 0.826374 5.772495 -1.26337 -0.747861 0.30537 3.186695 2.026269 1.097529 0.571853 1.442653
-11.81664 -54.02399 10.87396 -0.62812 -1.255703 -4.498033 5.029989 0.483354 -4.313668 1.08502 -0.082242 -0.109993 -2.559521 -1.143868 0.728635
