-7.616104 -40.94678 -7.688007 -2.988633 -0.170382 3.759678 0.630044 -0.592889 2.816705 -1.43705 1.287563 -1.422686 0.422688 -1.100953 1.918771
-5.616104 -42.94678 -7.688007 -1.797332 -0.397063 0.615092 3.378547 2.606875 3.085738 -1.129875 -1.939446 -0.706312 0.791226 -1.039965 -0.81723
-7.616104 -42.94678 -7.688007 0.870104 1.666162 4.631723 1.946973 1.743977 2.344952 -0.482148 -0.99401 -0.914538 0.104968 0.153003 -0.130051
-7.616104 -44.94678 -7.688007 1.229988 -1.651211 0.952235 1.835573 1.488574 -0.050611 -0.768777 -3.604261 -0.010314 -1.428392 -0.300222 -1.87265
-5.616104 -40.94678 -5.688007 -4.450469 -0.838689 -1.034566 -0.879831 -2.905505 0.268316 -1.454988 0.218951 -0.795932 0.46753 -1.083635 0.146258
4.383896 -42.94678 -5.688007 -1.118705 -1.604691 -0.278138 3.370822 -0.741095 2.563898 -1.436893 -1.052623 -0.752722 -2.133907 -1.200649 -0.48196
-5.616104 -42.94678 -5.688007 -2.743001 -0.704561 -3.264752 1.011063 0.527835 0.762561 -1.678427 -2.179914 -0.235432 -0.576634 -1.199548 -0.679497
-7.616104 -42.94678 -5.688007 -1.245323 1.07596 -0.693924 2.686275 3.005302 1.594139 -0.512033 -1.069558 -0.811636 -1.929009 -0.442387 0.756798
-3.616104 -44.94678 -5.688007 -1.654884 0.230157 -2.666204 -1.223811 -1.794636 0.209669 -0.130624 -1.713218 -0.395019 -0.366126 -1.304165 -0.526828
-5.616104 -44.94678 -5.688007 0.804745 -2.245337 -2.571812 0.077741 1.963341 0.200251 -1.48404 -3.428869 -0.218986 -2.094251 -2.276856 -1.238496
-7.616104 -44.94678 -5.688007 -1.184071 -3.514978 -0.713197 1.046949 1.963494 1.279275 -1.268561 -3.960235 -0.098324 -2.934736 -1.543523 -1.25196
-1.616104 -46.94678 -5.688007 -4.419412 -0.794542 -3.409274 1.902439 -2.84451 3.220634 -0.940358 -0.180913 -1.254875 0.394825 -2.4858 0.35535
-3.616104 -46.94678 -5.688007 -1.642732 -1.503051 -3.098654 2.497072 -1.175371 -0.106881 -0.195162 1.479134 -0.35042 1.529933 -0.60775 1.370819
-7.616104 -46.94678 -5.688007 -0.962202 -5.04559 1.183771 1.372728 1.212432 2.751005 -2.871219 -5.973461 1.420025 -2.764467 -1.926061 -3.296193
-7.616104 -48.94678 -5.688007 -2.743296 -7.900201 1.672184 1.08996 -0.344031 1.304675 -3.602945 -6.41298 1.719261 -3.478756 -1.634147 -2.629298
-7.616104 -50.94678 -5.688007 -3.14338 -7.154914 0.935738 -0.538663 0.05624 -1.219139 -3.484167 -4.698018 0.424441 -3.233275 -1.671585 -3.852055
6.383896 -42.94678 -3.688007 -2.004421 0.428679 2.662362 0.357117 -0.222004 0.940311 -0.865493 -1.891918 -0.920761 0.357951 -0.255225 -0.265843
4.383896 -42.94678 -3.688007 -1.345802 -0.190823 -1.413532 3.661595 0.296017 1.638061 -0.22509 -0.191275 -2.122997 -1.069387 -0.188632 1.300823
6.383896 -44.94678 -3.688007 -2.959793 1.58587 1.899949 3.568883 2.335521 -0.021126 -0.485755 -1.021746 0.690313 -0.075067 0.951412 0.305724
4.383896 -44.94678 -3.688007 -3.289708 1.444705 -2.799018 4.133739 0.843234 1.920539 -1.588507 -0.712195 -1.858129 -0.978052 0.351671 2.969318
-7.616104 -44.94678 -3.688007 -2.455856 -0.7754 -0.396313 0.528674 2.253766 1.511802 -0.78792 -1.801494 -1.583942 -2.320216 -0.597709 0.738381
6.383896 -46.94678 -3.688007 0.281311 -1.078209 0.630742 5.470442 3.765691 -0.861039 -0.030095 0.049047 1.869815 0.091912 0.358562 -0.820592
4.383896 -46.94678 -3.688007 -4.48827 -1.293785 -2.369677 3.711491 0.475579 1.348796 -1.953925 -0.612823 -0.71228 -0.038827 -0.826619 1.054056
-1.616104 -46.94678 -3.688007 -8.347684 -2.417392 -3.187447 3.754666 -3.259926 4.109356 0.367583 0.66476 -2.07223 -0.214637 -2.946973 -1.652018
-3.616104 -46.94678 -3.688007 -4.729958 -2.288933 -2.573956 2.178758 -1.531223 0.208802 -0.617898 1.708315 -0.992253 1.737012 -2.006413 -1.124285
-5.616104 -46.94678 -3.688007 0.165718 0.051823 -0.20995 0.184069 2.040576 -1.182804 -1.121781 -1.525406 -0.937332 -0.237055 -0.609831 -1.731751
-7.616104 -46.94678 -3.688007 -0.178878 1.920107 2.360704 1.011127 2.330991 0.568644 -0.278874 -3.132124 -0.71827 -1.370413 -1.172167 -0.726847
-9.616104 -46.94678 -3.688007 0.441335 0.467937 3.287325 1.107806 1.267009 -0.314474 0.068749 -1.724086 -0.081424 -0.723362 -0.317827 -0.849527
4.383896 -48.94678 -3.688007 -3.964442 -5.640918 -1.350416 0.327433 -1.705989 0.232985 -1.96802 -3.726223 -1.202236 -0.074147 -1.662992 -1.062183
-3.616104 -48.94678 -3.688007 0.64002 -6.109578 1.745933 1.724351 -0.980848 -3.241969 -0.338909 0.061136 -0.751932 0.062721 -0.389418 -1.032505
-5.616104 -48.94678 -3.688007 -1.395208 -3.641565 2.304607 1.700855 -0.119717 -0.765448 -0.451612 -2.884712 -0.380972 -1.162892 -1.175877 -1.435805
-7.616104 -48.94678 -3.688007 -3.317522 -2.047221 3.062072 2.306507 -0.745679 1.791335 -1.614319 -4.462724 -0.122146 -1.81455 -2.133472 -2.288484
-9.616104 -48.94678 -3.688007 -2.212881 -2.60848 2.089655 1.01265 -0.457883 0.164732 -1.251998 -2.488462 -0.308534 -1.678456 -1.232696 -2.066688
-9.616104 -50.94678 -3.688007 -2.79792 -6.853131 1.854534 -1.465994 -0.673167 -2.850515 -2.429822 -3.847829 -0.472117 -1.789046 -1.712353 -4.2141
-7.616104 -52.94678 -3.688007 -3.220693 -6.339871 0.692084 -1.885477 -1.856934 -1.813164 -4.190043 -5.451716 -0.057948 -2.428548 -1.391142 -2.912381
-9.616104 -52.94678 -3.688007 -0.49228 -5.752584 1.835527 -0.966533 -0.842049 -0.56647 -2.362085 -3.313552 0.595885 -0.829474 -0.691395 -2.183393
8.383896 -42.94678 -1.688007 -2.641937 -1.563168 -0.471804 -0.778666 2.168833 1.277394 -2.531475 -5.839451 -1.262142 -0.292703 -2.699036 -3.218137
8.383896 -44.94678 -1.688007 -1.845605 -3.566468 -0.805119 -1.409314 0.062313 -0.233717 -2.785115 -4.858309 -1.314454 -1.046999 -3.034235 -2.362371
6.383896 -44.94678 -1.688007 -4.316949 -0.726936 -1.568157 0.465333 -0.145322 -1.497585 -2.383161 -1.758882 -0.881995 -0.749885 -0.424765 -0.190997
-3.616104 -44.94678 -1.688007 -3.431372 -4.548026 0.277756 0.633454 -0.651412 1.183018 -0.678536 -1.801305 -0.319546 -2.616019 -2.318816 -3.643196
8.383896 -46.94678 -1.688007 -1.971409 -4.935964 -0.544195 0.405155 0.064025 -1.832301 -3.839938 -4.499362 -0.884992 -1.857836 -3.613352 -4.02591
6.383896 -46.94678 -1.688007 -0.037898 -2.524838 -1.934811 0.114869 1.699783 -3.170547 -1.938356 -1.624127 0.147555 -0.928322 -0.827866 -1.849325
-3.616104 -46.94678 -1.688007 -5.245451 -5.749504 1.531472 -1.771038 -1.978398 -3.843006 -2.13567 -4.494922 0.023277 -1.931313 -2.215724 -5.552932
-5.616104 -46.94678 -1.688007 -3.009221 -2.136747 2.242158 -0.45921 -1.251085 -1.147035 -1.702845 -2.852069 -1.655086 -1.664302 -1.136962 -3.76728
6.383896 -48.94678 -1.688007 0.393395 -4.017867 0.670571 0.450278 1.27366 -2.069756 -2.656969 -2.962759 -0.376403 -0.810517 -2.096444 -4.151122
4.383896 -48.94678 -1.688007 0.02187 -4.355595 0.611673 -0.575039 1.770114 -1.463335 -1.41992 -1.316113 -0.788556 -0.896459 -1.258149 -2.411928
2.383896 -48.94678 -1.688007 -2.017633 -5.842359 -0.098122 -4.32219 0.089788 -1.981268 -3.490379 -3.644858 -3.258422 -2.91159 -1.41712 -3.511126
-5.616104 -48.94678 -1.688007 -6.127332 -4.883579 1.772415 0.523372 -2.484484 -3.20251 -3.978489 -8.723973 -5.28022 -3.703382 -4.6063 -8.608253
-7.616104 -48.94678 -1.688007 -3.874198 -4.552449 2.65892 -1.614777 -2.0564 -0.452135 -2.38464 -5.279126 -2.730186 -2.612059 -2.860044 -5.545902
-9.616104 -48.94678 -1.688007 -2.035306 -5.342775 2.010812 -4.490736 0.556413 -0.05351 -1.241422 -2.528873 -1.875418 -1.52131 -0.646775 -1.996152
4.383896 -50.94678 -1.688007 0.65946 -6.731966 1.344239 -3.567784 -1.759884 -4.423124 -4.607305 -6.729089 -3.734597 -1.630275 -2.71599 -3.636996
2.383896 -50.94678 -1.688007 1.46401 -0.21049 0.400788 -6.000377 -2.146057 -1.435295 -3.329356 -4.831203 -4.061638 -1.028013 -0.573588 -2.687966
0.383896 -50.94678 -1.688007 -2.142965 2.339951 -2.279112 -3.521479 0.986777 2.127768 -2.003967 -2.02204 -3.362234 0.075922 0.12528 -1.534328
-7.616104 -50.94678 -1.688007 -5.496223 -5.473177 -0.218528 0.376302 -2.093961 2.275451 -4.854881 -5.418959 -3.073189 -3.507745 -3.859797 -6.042167
-9.616104 -50.94678 -1.688007 -1.689133 -5.715869 1.03685 -3.268778 0.006504 0.029022 -1.75344 -3.148954 -0.886553 -1.900078 -0.944726 -2.684707
-7.616104 -52.94678 -1.688007 -4.640768 -2.944982 -1.115028 -0.064999 -0.584534 1.926789 -3.066813 -3.90054 -1.106112 -1.659254 -1.435338 -2.964021
-9.616104 -52.94678 -1.688007 -1.660128 -3.786633 0.597175 -0.163574 -0.196566 1.019795 -1.692465 -2.633883 -0.437938 -0.060662 -0.677511 -1.225768
-5.616104 -54.94678 -1.688007 -1.282264 -4.559933 -0.649002 -0.803487 -0.477073 -1.768678 0.174149 -1.098401 -0.265247 -0.742023 -0.536891 -3.068989
-7.616104 -54.94678 -1.688007 -0.905767 -3.237154 0.353695 -1.245593 -0.517637 1.132635 -1.084258 -1.98058 0.712677 -0.222572 -0.318186 -1.415179
-9.616104 -54.94678 -1.688007 0.054878 0.477399 1.738537 1.853456 -0.508453 2.883243 -1.299781 -0.569759 0.177149 0.865865 -0.612324 -0.188265
-5.616104 -56.94678 -1.688007 -3.549909 1.092597 -0.861418 0.890577 -2.188035 0.247821 -1.060576 -1.227421 -1.054723 -0.263314 -1.2168 0.22562
-7.616104 -56.94678 -1.688007 -0.120193 0.568494 0.390825 -0.630315 0.465284 1.987117 -1.937822 -1.927247 -0.455626 -0.402583 -0.623786 1.127591
10.3839 -42.94678 0.311993 -1.378808 -1.822642 0.60391 -1.113281 3.479852 -0.590993 -1.79984 -4.392684 -1.72853 -2.161953 -2.550387 -3.538955
8.383896 -42.94678 0.311993 -3.911663 -2.864215 -1.912513 -2.975021 4.123685 0.945524 -3.638355 -5.566485 -4.157614 -3.23233 -3.547124 -3.232323
10.3839 -44.94678 0.311993 -2.926255 -4.532309 3.184348 -2.655649 5.885684 -0.941219 -3.254082 -7.520355 -2.250773 -3.485312 -2.640241 -5.242865
8.383896 -44.94678 0.311993 -5.318072 -4.622193 -1.00928 -2.558727 3.074957 0.702211 -4.174404 -6.660834 -6.005107 -3.885976 -4.004422 -4.601971
-3.616104 -44.94678 0.311993 -5.805699 -3.399781 -0.652915 0.517965 -0.920289 -1.420115 -0.986526 -1.541821 -1.78586 -1.192215 -2.409027 -7.485435
-5.616104 -44.94678 0.311993 -3.751691 -1.200931 -0.291317 0.998732 -0.724305 3.184558 -1.851167 -0.263947 -0.846389 -0.212751 -0.289263 -1.963013
-7.616104 -44.94678 0.311993 -4.418108 -2.655656 1.194097 -0.054881 0.180821 1.65162 -2.402027 -1.098361 -2.037592 0.460173 -0.545079 0.07662
10.3839 -46.94678 0.311993 -5.271967 -4.70602 4.242192 -1.200499 4.55094 -0.551082 -5.540554 -8.658596 -4.331169 -3.968819 -3.76916 -7.348008
8.383896 -46.94678 0.311993 -6.903731 -4.981892 -1.248478 -1.805664 1.545691 -1.184731 -5.762392 -8.036524 -6.52705 -4.571095 -5.217776 -7.271185
6.383896 -46.94678 0.311993 -1.326816 -1.394106 -1.084208 -2.436935 0.413036 -1.621265 -1.802649 -1.085693 -2.370037 -1.828249 -1.953942 -2.356816
-3.616104 -46.94678 0.311993 -4.920654 -5.869764 -0.06294 -3.194961 -4.152713 -5.249673 -1.566669 -5.48511 -0.177926 -2.522819 -1.465638 -7.169092
-5.616104 -46.94678 0.311993 -6.386374 -2.238593 -0.157141 -0.113139 -2.679042 -0.450142 -2.146962 -3.214842 -1.19165 -2.34446 -1.967058 -4.557991
-7.616104 -46.94678 0.311993 -7.83603 -2.122998 2.035216 -1.421577 -1.35895 -0.734289 -2.582449 -2.997283 -2.966425 -1.403864 -2.589123 -2.490004
-9.616104 -46.94678 0.311993 -6.309149 -1.836319 0.484734 -2.305919 -0.380948 -0.517291 -1.290949 -1.744426 -2.436057 -0.689346 -1.130063 -0.145052
10.3839 -48.94678 0.311993 -5.030439 -3.424215 4.44153 3.832765 2.892722 -1.923584 -4.391323 -7.951534 -3.432673 -2.386961 -3.807131 -8.200333
8.383896 -48.94678 0.311993 -7.606132 -2.667634 -0.619666 2.185317 0.557624 -1.397269 -6.34802 -9.144081 -5.68868 -3.780711 -6.807511 -8.683698
-5.616104 -48.94678 0.311993 -8.622614 -1.794724 0.681757 0.352107 -4.706455 -3.542981 -7.127645 -9.631296 -6.307945 -5.088284 -5.633452 -11.11177
-7.616104 -48.94678 0.311993 -7.697503 -3.524517 0.338304 -2.602484 -2.754524 -3.096623 -5.510157 -6.110263 -5.560491 -4.079952 -4.336087 -7.536363
8.383896 -50.94678 0.311993 -5.273948 -1.705904 0.865859 6.30343 1.904394 0.539003 -5.239547 -8.204743 -4.368836 -2.335562 -5.207124 -7.325361
6.383896 -50.94678 0.311993 -6.635951 -2.807693 -0.905778 3.465501 0.116426 -2.665333 -6.321262 -7.326163 -6.118783 -1.695872 -5.558474 -6.612619
4.383896 -50.94678 0.311993 -3.567203 -5.142194 -2.392992 -1.997205 -2.268421 -5.286154 -5.94528 -6.849646 -5.97609 -2.048981 -4.715881 -5.464298
2.383896 -50.94678 0.311993 -1.087321 0.824355 -1.102293 -0.691993 -2.67334 -0.663163 -4.070836 -3.436523 -3.208119 -1.335241 -2.290221 -3.857543
-5.616104 -50.94678 0.311993 -11.09427 -5.818436 -5.290672 0.991842 -4.193609 -3.413634 -10.18707 -11.02468 -7.608835 -6.157275 -6.491785 -14.06474
-7.616104 -50.94678 0.311993 -5.980446 -2.735025 -2.832724 0.365273 -0.890001 -1.662439 -5.496013 -3.866493 -4.56519 -3.28391 -3.893229 -5.565651
2.383896 -52.94678 0.311993 0.538728 -0.691777 0.275103 1.672023 0.366238 2.561158 -2.55521 -2.5238 -0.230394 -2.224098 -0.584043 -1.482042
-5.616104 -52.94678 0.311993 -7.19659 -2.873443 -4.354791 1.328377 -1.304435 -0.345559 -2.763988 -3.157373 -2.167496 -2.296309 -2.796746 -5.088512
-7.616104 -52.94678 0.311993 -4.836195 0.053122 -2.173697 1.601595 -0.009095 0.874038 -1.600433 -0.848874 -1.518812 -0.903866 -2.132305 -1.748984
-3.616104 -54.94678 0.311993 -3.024826 -7.935055 2.23798 2.354568 0.482078 -3.027484 -3.641214 -5.065012 -1.177349 -2.807056 -1.663287 -6.432045
-5.616104 -54.94678 0.311993 -0.96301 -4.487081 2.335162 1.503539 0.815687 -0.849246 0.023559 -1.7414 -0.817663 -0.080943 -1.043823 -2.305067
-7.616104 -54.94678 0.311993 0.206078 -1.24083 2.633113 0.074492 0.111293 1.208772 0.32019 -1.085186 0.135066 0.663384 -0.858397 0.262108
-3.616104 -56.94678 0.311993 0.850149 -2.069243 3.929211 3.057015 -0.213291 0.594252 -1.569675 -1.000693 -0.588725 -0.609397 -0.313218 -1.171452
-5.616104 -56.94678 0.311993 0.920084 -1.09327 3.74179 1.57687 0.845225 -0.173479 -0.120918 -1.556716 -0.454182 0.64269 -0.868159 -0.758476
-7.616104 -56.94678 0.311993 3.258498 -1.607412 2.598393 -0.626309 1.213752 -0.070458 -0.924192 -1.870617 0.547621 -0.364788 -0.209385 0.365
-5.616104 -58.94678 0.311993 4.787194 1.988262 4.799616 3.34603 0.537003 2.239481 -1.039896 -1.622929 2.159713 -0.787772 -0.194743 1.791664
-7.616104 -58.94678 0.311993 6.443442 -0.89218 3.990582 1.071623 0.529726 1.163175 -1.615918 -2.899177 1.804148 -0.836821 0.107821 1.340342
10.3839 -46.94678 2.311993 -4.010147 -3.76252 3.88553 -0.790551 0.657889 -3.627048 -3.666364 -5.023075 -3.242403 -0.75486 -3.31857 -4.571858
-9.616104 -46.94678 2.311993 -5.051569 0.274636 -0.743952 -2.317458 -1.528174 -0.529339 -1.304496 -1.800209 -1.25384 0.15083 -1.606889 0.078186
-11.6161 -46.94678 2.311993 0.638589 -0.482929 0.684723 -2.083708 1.813541 0.118745 0.383937 0.325399 -0.033731 0.150843 -0.179046 2.126646
10.3839 -48.94678 2.311993 -3.064942 -6.45668 2.705921 -0.511758 0.356016 -4.944388 -2.752139 -5.776812 -2.89392 -2.594511 -4.237459 -5.947646
8.383896 -48.94678 2.311993 -4.619324 -3.235313 -0.146207 -0.032029 -0.901043 -3.979905 -2.972585 -3.88165 -2.933033 -2.643987 -4.112245 -2.916307
-9.616104 -48.94678 2.311993 -5.436564 0.7458 -4.417472 -2.050655 -4.417152 -0.876161 -2.615577 -1.594237 -1.449946 -1.071075 -2.498255 -2.732995
-11.6161 -48.94678 2.311993 -2.711282 -1.035652 -1.104997 -2.551384 -0.029271 -1.236932 -0.588427 -0.545254 -0.022379 0.122326 -1.366607 -0.694467
10.3839 -50.94678 2.311993 -2.544984 -4.347699 -1.809648 1.871086 -1.648128 -2.409734 -1.308182 -3.695709 -0.320116 -1.55318 -1.637127 -2.519033
8.383896 -50.94678 2.311993 -5.382551 -1.74411 -0.398874 3.989825 -0.101358 -3.109115 -1.399155 -3.164113 -1.851513 -0.758227 -3.055643 -2.475366
2.383896 -50.94678 2.311993 -2.554857 1.193751 -1.695588 0.724054 -1.730572 -4.035993 -4.236348 -5.518451 -3.133846 -0.82751 -1.297341 -5.893438
-5.616104 -50.94678 2.311993 -4.936368 -2.521275 -1.512868 -0.395757 0.193708 0.153322 -5.513894 -3.749004 -4.540011 -2.21857 -2.413759 -4.101281
-7.616104 -50.94678 2.311993 -1.53779 -1.420157 -2.932413 -0.181038 -1.015194 -1.184492 -3.42034 -2.37574 -3.353769 -2.627682 -2.416364 -3.302094
-9.616104 -50.94678 2.311993 -2.092788 2.016345 -5.536942 -1.756251 -2.52031 -2.232433 -2.184511 -1.935045 -1.958051 -1.150798 -1.659183 -1.890147
-11.6161 -50.94678 2.311993 -4.780313 0.750538 -3.775777 -2.113334 -2.128949 -1.055246 -2.182867 -1.931904 -0.707658 0.265614 -1.929363 -2.856214
8.383896 -52.94678 2.311993 -3.236649 -6.310757 1.771554 1.094932 -1.851909 -1.573136 -2.334946 -3.480972 -2.317291 -0.316929 -3.271267 -3.942507
6.383896 -52.94678 2.311993 -0.980605 -4.251993 2.746842 2.329085 -1.195534 0.087508 -3.099206 -5.04892 -3.742248 -1.729057 -3.340736 -3.637454
4.383896 -52.94678 2.311993 -0.519867 -2.870226 2.09055 2.40504 -0.153057 1.787481 -3.057593 -5.022305 -2.379913 -3.07788 -1.933824 -3.742067
2.383896 -52.94678 2.311993 -2.625674 -1.931899 -1.7764 1.563717 -1.224694 1.19658 -3.025934 -3.521233 -2.266351 -1.903165 -1.549948 -1.945964
0.383896 -52.94678 2.311993 -6.257857 -0.720954 -6.132576 0.68146 -1.152597 -0.399585 -4.479906 -3.75801 -3.754828 -1.261176 -4.115858 -2.354607
-5.616104 -52.94678 2.311993 -8.444396 -2.405766 -0.641363 0.329623 -1.295098 0.860276 -5.00561 -3.168838 -1.425551 -0.99023 -2.726051 -2.825596
-7.616104 -52.94678 2.311993 -4.535086 -0.919883 -1.67761 0.039519 -0.610771 -2.919881 -2.625758 -3.20885 -2.258856 -1.647906 -1.73204 -2.415293
-9.616104 -52.94678 2.311993 -3.154495 1.666649 -1.08958 -0.936746 -1.661157 -2.770015 -2.633956 -3.543568 -3.441665 -1.981346 -1.835622 -1.755786
-11.6161 -52.94678 2.311993 -6.515494 -2.12157 -2.142368 -2.306767 -4.787 -2.814109 -4.25351 -4.345357 -3.652797 -1.864179 -3.393459 -4.876536
-3.616104 -54.94678 2.311993 -9.532193 -8.011361 2.809632 2.091536 -1.115324 -5.992866 -7.029413 -10.12684 -2.730279 -5.552539 -3.495999 -12.1341
-5.616104 -54.94678 2.311993 -5.412382 -4.79211 2.62888 -1.113518 -1.086832 -3.057828 -4.41491 -5.86088 -2.504152 -1.328784 -2.432668 -4.809522
-7.616104 -54.94678 2.311993 -2.569712 -0.899325 1.006605 -0.10492 -0.750043 -1.389158 -2.773854 -4.269974 -3.352373 -1.46925 -1.486265 -1.318019
-9.616104 -54.94678 2.311993 -4.459463 -1.610926 0.516219 0.91039 -1.4933 -1.703352 -4.182651 -4.875814 -4.228576 -2.190377 -2.317623 -2.674755
2.383896 -56.94678 2.311993 -0.437773 3.320233 0.666231 -2.500465 -1.900727 -0.287495 0.752535 -1.303082 0.020278 -0.686869 -1.1494 -0.821743
-3.616104 -56.94678 2.311993 -0.72371 -8.736382 3.540856 2.14553 2.978161 -6.696416 -4.287113 -7.203715 -2.97402 -2.943491 -1.636795 -6.854926
-5.616104 -56.94678 2.311993 -0.50242 -8.190488 4.307694 1.363606 2.384883 -4.262809 -5.605089 -7.443236 -4.740412 -1.913312 -2.641722 -5.728498
-7.616104 -56.94678 2.311993 1.473353 -3.478151 2.473919 1.180045 1.654368 -3.649988 -6.544211 -7.242976 -5.626161 -2.339671 -1.904744 -3.392309
-9.616104 -56.94678 2.311993 -1.209816 -2.776865 1.68198 2.454792 1.030867 -2.224198 -6.575963 -6.560481 -6.30521 -2.04318 -3.336676 -3.610884
-11.6161 -48.94678 4.311993 1.236164 -2.754359 2.461819 -4.283075 -0.249561 -0.131152 1.336073 -1.902181 0.38007 -0.746445 0.677884 0.947027
10.3839 -50.94678 4.311993 -5.340767 -2.476982 -0.226773 -0.186107 -0.751649 -1.624965 -2.025117 -3.504771 -2.648756 -1.091241 -2.602545 -3.049068
-11.6161 -50.94678 4.311993 -1.193444 -1.353348 -2.427863 -2.939683 -1.321954 0.882853 0.341809 -2.102582 -0.341548 0.233208 -0.062631 -0.513312
-13.6161 -50.94678 4.311993 -1.444625 1.54363 1.299578 1.067048 -0.768816 1.391434 0.010962 -1.415698 -0.065808 -0.229966 -0.263981 -1.211005
10.3839 -52.94678 4.311993 -5.076998 -3.320323 -0.084258 -0.51303 -0.406479 -1.03188 -3.351233 -3.750266 -2.685212 -0.875052 -2.687371 -3.811647
8.383896 -52.94678 4.311993 -4.459037 -1.82473 -0.044775 -0.00016 0.306764 -1.254271 -1.68872 -3.238941 -2.722093 -0.621684 -3.695997 -3.624913
2.383896 -52.94678 4.311993 -3.115832 1.58546 -0.349977 -0.536337 -1.660793 0.940653 -2.575008 -1.693684 -1.809079 0.478336 -0.793521 -0.319688
-7.616104 -52.94678 4.311993 -1.50385 0.680891 -1.310607 -0.452924 0.086049 -0.837487 -3.323548 -3.414866 -2.942672 -1.211911 -0.69839 -2.017833
-13.6161 -52.94678 4.311993 -2.780507 -2.694555 0.733702 -0.735426 0.666376 -0.412661 -1.356638 -3.481086 -1.307954 -0.472699 -1.155134 -2.977005
8.383896 -54.94678 4.311993 -5.116077 -3.760085 1.381268 -1.304766 -1.43031 0.09858 -2.399105 -4.449526 -2.119034 -0.939199 -3.551376 -5.097856
6.383896 -54.94678 4.311993 -2.798493 -2.714581 -0.171394 0.080583 -0.85599 0.315879 -3.0944 -5.044201 -3.761527 -0.646057 -3.029759 -3.69628
4.383896 -54.94678 4.311993 -2.540961 -2.713463 -0.425524 1.396371 -0.780386 -0.79602 -3.73127 -3.972865 -4.591062 -1.919071 -3.138265 -2.154037
2.383896 -54.94678 4.311993 -3.882738 0.061754 -0.136114 -1.317899 -0.799582 -1.93272 -1.359699 -1.538053 -3.274907 -1.398594 -1.753973 -0.388293
0.383896 -54.94678 4.311993 -4.823437 -0.589066 -1.186005 1.801488 1.0176 -0.69197 -1.339179 -2.82409 -2.758226 -1.935513 -1.919803 -1.004261
-11.6161 -54.94678 4.311993 -5.104842 -1.019048 -3.584416 -3.313195 -2.916429 -1.325192 -4.386683 -5.721233 -4.654304 -2.673183 -1.816826 -4.710143
2.383896 -56.94678 4.311993 2.47173 2.652097 2.105768 0.150899 2.162187 -1.642218 0.23385 -2.064195 -1.978845 -1.624055 -1.640434 0.491589
0.383896 -56.94678 4.311993 2.755012 1.508558 2.58225 4.379563 3.035189 2.088964 -0.198634 -0.915638 -1.382192 -1.464488 -1.268537 2.220623
-5.616104 -56.94678 4.311993 -5.018409 -6.520836 1.181942 5.01745 -3.41471 -2.121708 -9.873448 -12.81259 -8.421024 -5.82927 -3.716493 -10.07254
-7.616104 -56.94678 4.311993 -1.900275 0.238221 1.656014 6.675048 -1.91462 2.790066 -8.477331 -9.039609 -9.937339 -4.62148 -2.945442 -4.904007
-9.616104 -56.94678 4.311993 -3.637684 3.444347 0.321813 3.365764 -1.472968 3.496433 -7.606462 -6.824771 -9.301347 -4.478585 -3.121544 -3.266668
-11.6161 -56.94678 4.311993 -3.996788 3.072855 -3.332146 -1.226809 -2.241589 1.929455 -4.734301 -3.435178 -5.183993 -3.416277 -2.160234 -1.131556
-7.616104 -58.94678 4.311993 0.962528 -2.798904 3.669835 8.883018 -1.765833 1.383781 -7.847771 -8.873081 -7.985466 -4.300343 -3.572024 -6.266134
-9.616104 -58.94678 4.311993 1.53286 -0.900294 2.224936 4.863707 1.484939 4.067663 -4.686044 -4.552792 -6.439378 -3.884706 -2.48887 -2.683024
-7.616104 -60.94678 4.311993 1.898152 -4.607656 3.414662 6.526845 -0.50366 0.823791 -3.390344 -4.724682 -2.81757 -2.875251 -2.206828 -3.864668
10.3839 -52.94678 6.311993 -1.315175 0.094312 0.414565 0.302317 1.461216 -0.20094 -2.247348 -2.370968 -2.512504 -0.997723 -1.784259 -1.00513
8.383896 -52.94678 6.311993 -2.09769 -0.158178 -0.267705 1.544567 1.052686 0.504244 -0.897099 -2.141476 -2.467073 -1.152525 -1.99 -2.933794
8.383896 -54.94678 6.311993 -0.421387 -1.851735 0.494834 -0.162751 0.309705 0.958969 -2.145843 -3.520827 -1.792755 -1.72917 -2.970266 -4.942958
-11.6161 -54.94678 6.311993 -8.613059 -3.952713 -3.386982 -6.109984 0.546432 -3.745461 -2.915629 -6.036792 -4.2084 0.364645 -1.561622 -5.344035
6.383896 -56.94678 6.311993 -0.718095 -0.727571 2.140579 4.326919 0.985124 1.597522 -2.353381 -4.692153 -1.473312 -0.890173 -2.120377 -5.897719
4.383896 -56.94678 6.311993 0.444644 -0.77426 -1.479747 4.702299 0.529802 -1.98938 -3.59835 -5.526423 -3.883686 -1.736485 -3.51222 -6.258951
2.383896 -56.94678 6.311993 2.812311 -1.407576 2.239979 0.575563 0.554867 -1.916573 -1.013511 -4.663932 -1.950458 -3.042071 -1.481299 -3.984599
0.383896 -56.94678 6.311993 3.687697 3.20976 4.819243 4.964353 1.588002 2.08039 -0.320128 -2.007605 -1.140876 -2.550102 -0.542791 0.431185
-9.616104 -56.94678 6.311993 -4.774418 0.246979 -2.356299 -0.431372 -0.854122 3.18137 -4.507465 -2.867364 -6.815052 -2.217378 -2.495744 -2.505082
2.383896 -58.94678 6.311993 2.498615 -4.82981 3.399523 1.189004 -0.03903 -6.130182 -1.242944 -6.588194 -0.57832 -2.559939 -2.819026 -5.012584
-7.616104 -58.94678 6.311993 3.118926 3.670877 0.220203 6.201325 -4.871901 -0.502232 -4.350955 -2.711845 -3.99659 -3.737895 -1.952084 -3.820177
10.3839 -54.94678 8.311993 -4.643246 -3.536657 -0.312831 -0.081296 0.382578 0.229711 -1.996826 -1.387277 -1.123828 -0.288243 -2.121565 -2.60148
8.383896 -54.94678 8.311993 -1.434025 -2.178163 -1.729304 1.534796 0.464535 -0.269644 -1.127208 -2.014207 -0.235471 -0.480619 -2.010228 -3.23878
8.383896 -56.94678 8.311993 -3.807222 -0.914143 -0.444953 1.9889 0.879885 1.827513 -4.225065 -4.012036 -2.987117 -0.982808 -4.016455 -3.507468
6.383896 -56.94678 8.311993 2.249265 3.734331 0.103481 5.43347 1.612986 2.429253 -3.220534 -1.75673 -0.99118 -0.671949 -2.057204 -1.666551
2.383896 -56.94678 8.311993 7.498287 2.778205 1.388628 -1.109643 -1.225439 1.018274 -2.626061 -2.541617 -0.264392 -4.59901 0.221649 -2.141159
6.383896 -58.94678 8.311993 5.579907 4.881798 4.003725 7.090728 1.65325 1.226885 -5.600231 -2.121938 -1.755712 -3.1591 -3.089598 -1.530207
4.383896 -58.94678 8.311993 5.720606 3.088315 1.852943 6.079157 -1.834339 1.048765 -7.49615 -4.184091 -2.803521 -4.536059 -4.875492 -2.899993
2.383896 -58.94678 8.311993 4.610318 2.973656 0.817262 2.458797 -4.675309 0.824724 -5.62035 -4.285216 -1.249224 -5.672063 -3.086029 -2.547212
6.383896 -60.94678 8.311993 2.36512 3.404541 2.203734 5.81975 1.017894 0.343628 -3.918334 -4.20985 -2.251496 -4.372844 -2.938362 -3.247457
4.383896 -60.94678 8.311993 -1.830677 -1.720021 1.357388 6.165309 -1.539963 0.488493 -8.338569 -9.992627 -5.507552 -6.219666 -6.464412 -8.063897
2.383896 -60.94678 8.311993 -5.955665 -7.810108 0.620104 2.684436 -4.771158 -2.834003 -9.392472 -12.43897 -7.079441 -5.426363 -6.223029 -10.69763
6.383896 -62.94678 8.311993 2.299231 -2.204103 0.91416 2.138212 1.959696 0.103725 -1.170324 -5.000032 -0.612446 -2.685605 -2.099383 -3.47534
4.383896 -62.94678 8.311993 1.374172 -3.642644 1.681084 1.24233 4.441469 0.815109 -3.158106 -8.255453 -3.257405 -3.83184 -3.820043 -5.652076
4.383896 -64.94678 8.311993 0.641742 -1.922543 0.495169 1.078111 0.146383 0.857032 -0.297093 -3.951856 0.124931 -1.879032 -1.545479 -5.131442
8.383896 -54.94678 10.31199 -3.663866 2.821524 -0.95883 4.514953 0.659079 1.868318 -0.393259 -0.962403 0.970318 -0.316712 -0.806515 -3.023728
8.383896 -56.94678 10.31199 -5.980594 3.918965 -2.874134 4.109887 -0.850851 2.821947 -1.815566 -1.525612 -0.885065 0.011332 -2.230481 -0.41191
8.383896 -58.94678 10.31199 -1.745237 2.875265 -1.558668 -0.80632 -1.135149 2.468053 -2.612663 -2.60948 -2.160933 -1.753333 -0.94841 0.382854
8.383896 -60.94678 10.31199 -0.016583 0.595378 -0.196442 -2.452781 -1.840667 1.002163 -1.707997 -2.66212 -2.3018 -3.162709 -0.563943 -1.73889
6.383896 -62.94678 10.31199 1.942636 -1.078178 -0.078978 0.936994 0.902746 2.148111 -1.945408 -5.184884 -2.443211 -2.91987 -2.105456 -1.604951
6.383896 -64.94678 10.31199 1.257885 -2.294796 2.214186 1.76124 -0.056507 2.587436 0.356292 -2.195241 1.464248 -0.826959 -0.724993 -2.210257
4.383896 -64.94678 10.31199 0.5969 -1.703153 2.044265 1.465296 0.873504 1.231358 -0.193804 -3.569293 0.253553 -0.684285 -0.885981 -2.52054
8.383896 -56.94678 12.31199 1.281373 -0.194233 3.097924 2.083646 0.513359 1.521919 -0.058112 -1.805841 1.328787 -0.859346 1.002495 -0.75027
8.383896 -58.94678 12.31199 1.308607 0.15122 0.497777 -2.298297 0.064597 1.895384 -0.219963 -2.105873 -0.474062 -0.534109 1.105806 0.496102
6.383896 -58.94678 12.31199 0.656443 -1.786869 -0.387284 -2.570267 -0.927411 1.987987 -0.994593 -2.98885 -1.712881 -0.836518 0.809108 -0.306703
4.383896 -58.94678 12.31199 -0.782284 -1.925603 -0.860967 -2.216143 -2.086021 2.68326 -2.207606 -3.818278 -1.970899 -0.905056 -0.749463 -2.370276
6.383896 -60.94678 12.31199 -0.571768 -0.665135 -2.620293 -1.716321 -1.732494 0.049348 -1.477258 -1.899356 -1.844775 -0.689838 -0.212548 0.491825
4.383896 -60.94678 12.31199 -1.956857 -1.272753 -1.718597 -0.469118 -1.069162 -0.593295 -2.400014 -1.739259 -1.991318 -0.207322 -1.600804 -1.025109
6.383896 -62.94678 12.31199 -1.806036 -0.895766 -2.629562 -0.212315 -0.434159 -1.150727 -1.4019 -2.845756 -1.40257 -1.317286 -1.235544 -0.770816
4.383896 -62.94678 12.31199 -2.255764 -1.467713 -1.834197 0.571442 -0.548727 -1.525262 -2.332872 -3.250751 -2.872284 -0.705036 -1.803464 -1.655513
4.383896 -64.94678 12.31199 -0.520326 -0.869924 0.499903 2.229155 0.024474 1.500751 0.072117 -2.189302 0.327305 -0.426705 -0.904729 -1.09002
