4.121635 -30.2395 2.009449 -1.922287 -2.370135 3.191674 2.888998 -0.447608 -1.295882
2.121635 -30.2395 2.009449 -0.827733 -0.824429 1.982155 0.437802 -2.079455 -2.702874
16.12164 -30.2395 4.009449 -2.65984 0.281862 0.686081 1.901957 1.325093 3.014132
4.121635 -30.2395 4.009449 0.034955 -0.697913 -0.402633 -0.343517 -0.326753 -0.578418
2.121635 -30.2395 4.009449 -0.860846 -1.130392 -0.757621 -0.055229 -0.121102 0.014686
4.121635 -28.2395 6.009449 -2.641293 -2.469367 -1.990064 -0.597049 -1.875011 -2.179983
2.121635 -28.2395 6.009449 0.752939 -0.355258 -1.253093 1.638269 3.277483 2.893217
0.121635 -28.2395 6.009449 4.161182 1.635086 0.927616 1.306879 6.253093 4.675245
18.12164 -30.2395 6.009449 -0.617464 -1.716303 5.081725 3.113284 1.039841 1.527575
16.12164 -30.2395 6.009449 0.704368 0.242059 2.974941 1.922099 -0.497461 -0.104239
14.12164 -30.2395 6.009449 1.620791 0.661231 1.464561 1.491769 -0.885126 -1.607896
12.12164 -30.2395 6.009449 2.625166 1.013876 -0.09112 0.015122 -0.980539 -1.302501
4.121635 -30.2395 6.009449 1.421975 -1.015125 -2.051546 -3.042421 -0.776 -2.696353
2.121635 -30.2395 6.009449 2.387203 -0.721054 -1.655833 -1.72973 2.904414 1.090663
18.12164 -32.2395 6.009449 -4.294586 -4.359041 3.73449 2.559718 0.556472 0.864802
16.12164 -32.2395 6.009449 1.464201 1.122464 3.520328 2.369072 -0.25221 -0.468742
14.12164 -32.2395 6.009449 3.751216 2.678624 2.396462 2.529882 1.340116 -0.45465
12.12164 -32.2395 6.009449 8.042682 4.274878 3.075738 1.422901 5.777637 2.662914
18.12164 -34.2395 6.009449 -2.368816 -3.016702 1.440565 0.972804 0.58601 -0.393152
16.12164 -34.2395 6.009449 0.21122 0.900077 2.413943 1.63158 0.956132 0.50866
14.12164 -34.2395 6.009449 2.799185 3.276417 2.4261 2.478 1.501041 0.813459
12.12164 -34.2395 6.009449 6.281625 3.406475 2.791678 0.548404 6.412553 2.989307
-3.878365 -26.2395 8.009449 6.199323 2.821553 7.007166 4.519389 3.081694 1.627854
16.12164 -28.2395 8.009449 0.575965 -0.338669 -2.100185 -2.078185 -1.224638 -2.260295
14.12164 -28.2395 8.009449 1.679843 1.358257 1.10618 1.403539 -0.998582 -0.982013
2.121635 -28.2395 8.009449 4.020223 0.86738 2.428173 -0.53566 4.750104 4.275856
0.121635 -28.2395 8.009449 8.079666 2.050979 3.749593 -1.296636 4.761178 3.233028
-1.878365 -28.2395 8.009449 7.922277 2.22875 4.707524 0.475786 3.571888 1.876279
-3.878365 -28.2395 8.009449 5.202189 1.850673 4.563987 2.570129 1.901633 0.406357
14.12164 -30.2395 8.009449 3.960006 1.428118 1.347579 0.861684 0.692924 -1.203714
12.12164 -30.2395 8.009449 0.577114 -0.980211 -0.430852 0.536878 1.932711 0.58067
4.121635 -30.2395 8.009449 0.596648 -3.190154 2.130658 -1.479086 1.198142 -0.842818
2.121635 -30.2395 8.009449 4.14917 -0.317896 3.880164 0.113395 4.387212 2.728809
0.121635 -30.2395 8.009449 5.39005 1.904697 4.498098 0.981595 2.534365 1.168729
-1.878365 -30.2395 8.009449 3.556426 1.370278 3.336605 1.172173 1.352056 0.657931
18.12164 -32.2395 8.009449 -2.379907 -3.133424 3.453409 3.191446 -1.114526 -0.902415
14.12164 -32.2395 8.009449 4.845831 2.522229 2.210679 1.759499 0.980801 -0.849383
12.12164 -32.2395 8.009449 3.998363 1.372623 1.520041 0.740228 3.56922 0.948253
2.121635 -32.2395 8.009449 2.870414 0.026789 3.359474 0.576992 1.959969 -0.414971
0.121635 -32.2395 8.009449 2.769329 2.186504 3.14087 1.71121 -0.318597 -1.597714
14.12164 -34.2395 8.009449 3.082498 2.549618 1.298966 0.872228 0.061925 -0.739535
12.12164 -34.2395 8.009449 4.56986 3.035173 0.792242 -1.005198 2.434508 0.117252
18.12164 -26.2395 10.00945 -2.117903 -3.720148 -0.919186 -3.120881 -0.171727 -2.027699
-3.878365 -26.2395 10.00945 1.108733 -1.093493 3.127292 0.210727 -1.823374 -3.047297
-5.878365 -26.2395 10.00945 -0.136508 -2.053929 2.616927 -0.064334 -1.625909 -2.917926
18.12164 -28.2395 10.00945 -0.899657 -3.380385 0.05321 -2.173279 -0.616488 -2.947993
0.121635 -28.2395 10.00945 0.659243 -1.615779 -1.287742 -3.701932 1.607568 0.384638
-1.878365 -28.2395 10.00945 0.917112 -2.206908 1.252422 -3.020531 0.846603 -1.361418
-3.878365 -28.2395 10.00945 1.683056 -1.42832 1.838754 -2.032373 -0.770889 -3.251727
-5.878365 -28.2395 10.00945 0.503605 -0.874609 -1.171084 -2.160406 -1.574332 -3.346756
16.12164 -30.2395 10.00945 3.738094 -0.903296 1.335119 0.221474 0.514197 -2.049498
14.12164 -30.2395 10.00945 2.33309 -1.110121 2.853519 1.636895 2.031267 -0.129672
2.121635 -30.2395 10.00945 0.429528 -0.525562 -0.976647 -2.179247 2.233876 1.326597
0.121635 -30.2395 10.00945 2.548686 0.77893 -0.685941 -2.571268 0.524407 -0.728414
14.12164 -32.2395 10.00945 4.138215 0.74619 3.447701 2.085778 2.595479 1.043917
12.12164 -32.2395 10.00945 2.467313 0.506872 2.260071 0.821078 -0.643151 -2.362682
2.121635 -32.2395 10.00945 -0.347844 -0.903431 1.950147 0.614885 0.908414 0.373412
0.121635 -32.2395 10.00945 3.060665 2.909538 2.467011 1.004341 -1.787821 -2.755134
-1.878365 -32.2395 10.00945 1.045364 1.189764 0.661397 -0.64854 0.690301 -0.693439
12.12164 -34.2395 10.00945 5.119862 2.39693 1.814975 -0.431833 0.006473 -2.457034
0.121635 -34.2395 10.00945 2.126614 0.57452 0.37491 0.646921 1.563162 -0.118368
-1.878365 -34.2395 10.00945 1.333582 0.746675 1.148598 0.825425 2.054906 1.042045
-3.878365 -34.2395 10.00945 2.27642 0.573177 0.562225 0.7058 0.934487 -0.380189
-1.878365 -36.2395 10.00945 -0.50841 0.538484 2.322582 0.459436 2.150052 2.304656
-3.878365 -36.2395 10.00945 -1.481251 -0.392673 0.820352 -0.273402 -2.009929 -1.086264
-1.878365 -38.2395 10.00945 -2.779933 -0.368289 -0.083264 -0.944227 -0.522796 0.474486
-3.878365 -38.2395 10.00945 -1.663621 0.096067 0.916439 0.590709 0.198543 1.109998
-5.878365 -26.2395 12.00945 0.320863 0.687525 -3.703831 -4.051349 -0.82111 -1.173799
18.12164 -28.2395 12.00945 -0.093903 -0.87423 -0.956343 -1.256339 -0.639081 -1.318643
-1.878365 -28.2395 12.00945 -1.892923 -2.149648 -0.956894 -3.512583 -0.3245 -1.089594
-3.878365 -28.2395 12.00945 -2.435184 -2.665982 -1.576656 -4.115616 -2.36292 -2.8529
-5.878365 -28.2395 12.00945 0.415 0.756814 -5.831813 -4.589517 -1.976254 -2.900769
18.12164 -30.2395 12.00945 2.101388 1.018417 0.459584 -0.283354 -1.276789 -1.43943
0.121635 -30.2395 12.00945 1.230836 -1.089493 -0.960494 -2.063117 0.618587 -0.624802
-1.878365 -30.2395 12.00945 0.406801 -1.321956 0.352215 -2.335272 -0.076619 -1.122632
-3.878365 -30.2395 12.00945 0.473533 0.097756 -1.194033 -2.081466 1.005021 0.396511
-5.878365 -30.2395 12.00945 2.433002 1.705602 -3.121369 -2.784091 2.61756 1.279371
18.12164 -32.2395 12.00945 4.542474 1.794809 1.096391 -1.448283 -1.521076 -2.593597
16.12164 -32.2395 12.00945 3.069683 0.729734 0.742434 -1.228227 3.204265 2.421094
14.12164 -32.2395 12.00945 2.46403 1.463368 1.19696 0.165113 2.098025 2.381395
0.121635 -32.2395 12.00945 -0.348218 -0.169212 1.105885 0.189764 -2.143626 -2.346883
-1.878365 -32.2395 12.00945 0.435353 0.42058 -0.47887 -1.253126 -1.711314 -3.194105
-3.878365 -32.2395 12.00945 2.29407 1.795981 -1.936898 -2.229192 2.148959 1.007459
-5.878365 -32.2395 12.00945 3.419114 1.739513 -1.24576 -0.994099 4.61833 3.603695
18.12164 -34.2395 12.00945 3.055573 -0.463377 -0.008068 -1.456725 -0.109662 -1.966794
16.12164 -34.2395 12.00945 0.746105 -0.2264 -0.672692 -1.068507 3.967903 3.971775
14.12164 -34.2395 12.00945 1.982712 2.111877 0.672849 0.568217 2.652024 3.681875
12.12164 -34.2395 12.00945 4.930512 3.44882 2.264326 0.674792 0.474863 -0.018991
2.121635 -34.2395 12.00945 0.754588 0.84392 1.580761 1.657133 0.410589 1.254404
0.121635 -34.2395 12.00945 -0.160288 0.832117 0.490938 0.86603 0.022676 0.7781
-1.878365 -34.2395 12.00945 0.692038 1.518943 0.23689 -0.387107 0.360093 0.723293
14.12164 -36.2395 12.00945 0.85713 -0.674988 3.201723 1.706521 4.295021 3.496007
12.12164 -36.2395 12.00945 2.833429 -0.929217 5.610856 -0.100686 0.799076 -0.495116
0.121635 -36.2395 12.00945 -1.369117 -1.977109 1.078043 -0.508437 2.629069 2.169885
-1.878365 -36.2395 12.00945 -1.597003 -0.567287 1.811936 -0.170464 0.612563 1.398142
-3.878365 -36.2395 12.00945 -0.884213 -0.77577 -0.551256 -1.699015 -2.423602 -2.045202
-1.878365 -38.2395 12.00945 -2.657725 -0.366804 0.965207 0.992481 -0.595273 0.326305
-3.878365 -38.2395 12.00945 -1.536882 -0.19197 -0.292558 0.473297 -0.246783 0.107675
-5.878365 -38.2395 12.00945 -1.706834 -1.349772 -0.516645 -0.780294 -0.938979 -1.317123
-3.878365 -40.2395 12.00945 -0.897564 -0.694027 -1.104692 -1.284721 0.4496 0.169688
-5.878365 -40.2395 12.00945 0.497806 -0.39295 -1.253598 -0.680788 0.271049 0.054319
-5.878365 -42.2395 12.00945 -0.408219 -1.656758 -2.881411 -2.283519 0.681069 0.539366
-5.878365 -28.2395 14.00945 0.971176 -0.329189 -1.467895 -0.739537 -0.13692 -1.73875
-7.878365 -28.2395 14.00945 2.611986 0.916087 0.259174 1.126462 -0.099567 -0.913606
20.12164 -30.2395 14.00945 -2.375569 -2.438354 -4.001366 -1.439509 -2.268359 -2.605842
18.12164 -30.2395 14.00945 2.580426 1.493767 -5.069092 -2.329684 -1.136656 -2.071642
-7.878365 -30.2395 14.00945 5.6305 2.759789 0.229696 -0.047283 0.421529 -0.430707
20.12164 -32.2395 14.00945 -1.859364 -1.016278 -1.966648 -1.730745 -2.581295 -2.336243
-3.878365 -32.2395 14.00945 -0.182127 0.596717 -4.806211 -3.720985 -0.124524 -0.879655
-5.878365 -32.2395 14.00945 3.483025 1.372933 -1.341925 -2.826576 2.14263 1.034748
-7.878365 -32.2395 14.00945 5.426655 2.102733 1.234419 0.396645 1.670533 0.77459
20.12164 -34.2395 14.00945 1.201979 0.668849 1.899383 1.23906 0.358573 0.248371
18.12164 -34.2395 14.00945 0.679912 -0.122733 -5.305325 -4.134464 0.42008 -0.258389
16.12164 -34.2395 14.00945 0.027991 -2.480798 -6.279845 -4.374713 3.033833 0.800738
2.121635 -34.2395 14.00945 0.336456 0.872431 -0.140143 0.224801 0.062999 0.960712
0.121635 -34.2395 14.00945 -2.812414 -0.920803 -0.925238 -1.149345 -2.474203 -1.203148
-1.878365 -34.2395 14.00945 -4.941127 -2.625424 -3.37788 -3.381469 -2.25582 -1.798956
-3.878365 -34.2395 14.00945 -2.400014 -1.970121 -5.363346 -4.004321 -0.300781 -0.522507
-5.878365 -34.2395 14.00945 -0.799532 -0.79692 -4.192258 -2.848529 1.416961 1.271208
18.12164 -36.2395 14.00945 -3.241656 -1.12188 -2.487532 -0.153482 1.456162 2.406842
16.12164 -36.2395 14.00945 -1.981173 -1.727209 -4.634628 -2.163805 1.815323 1.498925
14.12164 -36.2395 14.00945 -0.908019 -4.301136 -1.890294 -3.30439 4.529262 1.48035
12.12164 -36.2395 14.00945 -1.596469 -5.682188 0.994834 -3.830138 4.491708 1.669654
2.121635 -36.2395 14.00945 -1.257526 0.372491 -0.818422 -0.656317 0.907594 0.856799
12.12164 -38.2395 14.00945 0.423629 -1.425825 -0.054346 -1.565224 2.449306 1.325341
2.121635 -38.2395 14.00945 2.956299 3.13336 -2.561869 -2.353067 2.215769 1.957244
0.121635 -38.2395 14.00945 -1.12188 -0.539623 -3.096479 -1.545876 2.94654 1.847437
12.12164 -40.2395 14.00945 -0.264511 -0.388244 -2.803058 -1.862423 0.157279 -0.100561
10.12164 -40.2395 14.00945 0.680948 0.355696 -2.467049 -2.121571 -0.797495 -0.824059
2.121635 -40.2395 14.00945 0.733235 1.13171 -2.629674 -2.422783 0.575643 1.431205
0.121635 -40.2395 14.00945 -2.785707 -0.89456 -2.812901 -1.404649 2.614296 3.035509
-1.878365 -40.2395 14.00945 -2.316612 0.436906 -1.264596 0.220987 1.533614 2.257936
-3.878365 -40.2395 14.00945 -3.46749 -0.346983 0.539709 1.534575 -1.222796 0.616813
-5.878365 -40.2395 14.00945 -5.907155 -3.576307 -0.963138 0.239368 -1.673511 0.034624
12.12164 -42.2395 14.00945 0.348514 -1.026495 2.621801 0.704891 -0.69743 -1.423203
-3.878365 -42.2395 14.00945 -3.153056 0.809458 -2.410227 -0.327498 -2.12148 1.236286
-5.878365 -42.2395 14.00945 -5.010845 -2.365542 -2.234889 -1.312737 -1.976841 0.620055
-5.878365 -44.2395 14.00945 -0.679928 -1.11885 -1.006176 -2.04579 0.208267 1.142369
-5.878365 -46.2395 14.00945 0.129515 -0.722942 -0.639019 -2.476144 2.340824 2.863775
20.12164 -32.2395 16.00945 -6.138534 -3.474175 -0.829338 -0.723678 -1.28925 -0.131017
-7.878365 -32.2395 16.00945 1.557467 -0.79032 -0.524533 -2.429582 1.21727 -0.047988
22.12164 -34.2395 16.00945 0.60119 -0.145066 0.867932 -0.692168 1.285962 0.814759
20.12164 -34.2395 16.00945 -1.866692 -0.116544 0.43686 -0.105969 -0.130535 0.742757
16.12164 -34.2395 16.00945 -0.8737 -2.434689 -3.64602 -3.854716 -1.463448 -2.859755
4.121635 -34.2395 16.00945 3.815211 -0.096726 4.139904 0.7241 2.918209 0.293858
2.121635 -34.2395 16.00945 0.330091 0.274446 0.119245 -2.963877 -1.465314 -1.703992
0.121635 -34.2395 16.00945 -1.480754 -0.517132 -2.74151 -4.411139 -2.77603 -2.163696
-1.878365 -34.2395 16.00945 -4.979489 -3.17158 -4.358316 -5.22662 -0.719563 -0.048899
-3.878365 -34.2395 16.00945 -2.743454 -1.542866 -5.182646 -4.44069 2.102895 2.298744
-5.878365 -34.2395 16.00945 0.218635 0.604976 -4.525563 -3.084572 2.272104 1.688122
-7.878365 -34.2395 16.00945 0.543228 -1.517059 -2.277002 -2.454756 3.254586 1.338835
20.12164 -36.2395 16.00945 -1.239577 -1.287114 -1.797559 -1.740728 1.188351 0.174021
18.12164 -36.2395 16.00945 -4.618228 -1.838137 -4.25801 -2.802376 -0.139619 0.835645
16.12164 -36.2395 16.00945 -4.141019 -1.618781 -3.939742 -2.932873 -0.696378 0.865939
14.12164 -36.2395 16.00945 0.276238 -0.491903 -1.258568 -4.591663 1.310692 1.313883
4.121635 -36.2395 16.00945 -4.070282 -0.489338 -0.360819 -1.62362 0.128458 1.532143
2.121635 -36.2395 16.00945 -1.225834 1.664658 -0.318622 -2.468553 -2.263393 -0.933431
0.121635 -36.2395 16.00945 0.233012 1.402562 -3.415228 -4.142408 -1.059754 -0.369568
-1.878365 -36.2395 16.00945 -4.042002 -1.294064 -3.262967 -3.478366 -0.670968 0.221559
-3.878365 -36.2395 16.00945 -1.235825 0.169425 -0.525031 -0.961292 0.162945 0.60264
-5.878365 -36.2395 16.00945 0.926557 0.247453 -0.419811 -0.747871 0.490139 -0.222419
18.12164 -38.2395 16.00945 -5.242296 -3.817713 -3.228132 -3.752817 -2.411706 -2.025661
16.12164 -38.2395 16.00945 -4.594011 -2.563907 -3.467421 -3.330677 -4.289361 -2.593452
14.12164 -38.2395 16.00945 -2.817014 -1.488749 -0.589914 -2.778921 -1.419138 -0.413677
12.12164 -38.2395 16.00945 -1.01722 -2.191103 0.1143 -2.783748 2.51971 0.858557
10.12164 -38.2395 16.00945 -0.587278 -0.541179 0.139979 -0.726192 -0.486837 -1.143467
2.121635 -38.2395 16.00945 0.642221 1.128387 -1.183661 -2.42256 -1.389606 -0.895316
0.121635 -38.2395 16.00945 1.115008 1.028458 -1.897366 -2.380285 2.406279 2.598433
-1.878365 -38.2395 16.00945 -1.527683 0.290949 -0.512897 -0.536973 0.966479 1.986624
-3.878365 -38.2395 16.00945 -1.601549 -0.075067 0.837043 -0.508151 -0.258659 0.500001
10.12164 -40.2395 16.00945 -2.081135 -1.467592 -3.04405 -3.033881 -2.59811 -3.551864
0.121635 -40.2395 16.00945 -0.709677 -1.14975 -1.005978 -1.719689 4.483142 2.969166
14.12164 -42.2395 16.00945 0.026777 -0.911947 -1.651165 -1.439845 -1.475561 -2.867415
12.12164 -42.2395 16.00945 -4.073848 -2.224293 -4.644764 -1.443065 -3.019068 -3.660831
10.12164 -42.2395 16.00945 -4.3481 -1.714627 -3.563665 -1.961233 -1.880104 -1.947932
0.121635 -42.2395 16.00945 -0.920373 -1.381344 -1.0964 -0.656506 1.503111 0.5156
-1.878365 -42.2395 16.00945 -1.443268 -0.189686 -2.41664 -1.382278 0.230917 0.662829
-3.878365 -42.2395 16.00945 -2.461898 0.489665 -1.483216 1.188484 -0.811799 0.536737
-1.878365 -44.2395 16.00945 0.285702 -0.089118 -3.219792 -2.310192 0.214489 0.274078
-3.878365 -44.2395 16.00945 -1.452608 -0.07181 -3.072585 -0.611216 1.371239 1.305676
-5.878365 -44.2395 16.00945 -2.894763 -0.59372 -1.85992 -0.654838 -0.85461 -0.507372
-3.878365 -46.2395 16.00945 0.397504 0.106884 -3.350462 -2.457279 3.111478 2.323137
-5.878365 -46.2395 16.00945 -2.415884 -1.265301 -3.383878 -3.129016 0.625353 0.361599
22.12164 -32.2395 18.00945 0.874152 -0.512021 0.589513 -0.06405 2.171972 0.42337
22.12164 -34.2395 18.00945 -0.885682 -1.082806 -1.164834 -1.041413 0.723705 0.371061
22.12164 -36.2395 18.00945 -1.342771 -1.185727 -2.347091 -0.613499 1.882295 1.351448
20.12164 -36.2395 18.00945 -2.757641 -2.550983 -2.2813 -1.685493 -0.658809 -2.246106
2.121635 -36.2395 18.00945 1.71549 -2.043745 -5.404929 -8.39 6.966105 2.185721
0.121635 -36.2395 18.00945 2.561642 -0.445345 -2.436465 -4.416456 1.960635 -0.90552
-1.878365 -36.2395 18.00945 -1.991895 -1.113836 -1.16656 -2.433894 -2.010125 -2.38186
-3.878365 -36.2395 18.00945 -0.729831 1.111233 -1.955966 -1.868227 -0.856806 -0.593283
20.12164 -38.2395 18.00945 -5.71003 -4.797917 -3.263018 -3.911653 -1.697082 -3.218723
18.12164 -38.2395 18.00945 -6.491917 -6.860764 -4.262113 -4.872384 -0.425727 -2.589133
4.121635 -38.2395 18.00945 -4.975143 -3.866832 -8.333854 -9.349162 5.767915 3.484487
2.121635 -38.2395 18.00945 -1.468832 -2.393502 -6.034949 -6.607934 3.371972 0.916072
18.12164 -40.2395 18.00945 -6.62524 -3.845775 -5.423435 -3.883084 0.209183 -0.049507
14.12164 -40.2395 18.00945 -0.54661 -2.210763 -1.26642 -3.572294 1.650769 -0.490764
12.12164 -40.2395 18.00945 -0.831341 -3.217371 -3.112087 -4.908456 -0.013292 -2.494267
10.12164 -40.2395 18.00945 -2.199166 -1.234199 -3.906394 -5.586438 0.031471 -0.295677
14.12164 -42.2395 18.00945 -1.738311 -0.247665 -4.401206 -3.673001 -0.650353 -0.607589
12.12164 -42.2395 18.00945 -5.260434 -1.771104 -7.458156 -5.021024 -3.954597 -2.178781
-3.878365 -46.2395 18.00945 -1.74835 -1.344095 -2.735895 -2.231509 1.707052 0.826781
20.12164 -36.2395 20.00945 -0.78533 -0.553021 -3.010404 -1.897766 -1.276125 -1.920829
20.12164 -38.2395 20.00945 -2.027571 -0.276293 -2.449609 -2.056746 -2.005157 -1.69004
18.12164 -38.2395 20.00945 -2.286153 -1.656313 -3.524479 -4.221543 -0.890182 -0.68176
18.12164 -40.2395 20.00945 -1.286808 0.406441 -2.637898 -2.429727 0.395148 2.060526
16.12164 -40.2395 20.00945 -0.335777 0.70142 -1.766095 -2.830734 0.427735 1.859479
16.12164 -42.2395 20.00945 -0.955225 0.042746 -1.799793 -2.229883 -1.089899 -0.37572
14.12164 -44.2395 20.00945 -4.642996 -3.256749 -4.636141 -3.971925 -3.533028 -3.680115
16.12164 -40.2395 22.00945 -0.120916 -0.065041 1.912017 0.740887 -0.446779 0.538421
