-11.65807 -27.63215 16.23487 -3.670609 -0.268698 2.309356 1.161746 0.825173 -1.667749 -1.786386 0.199094 9.822038 5.497129 2.880599 1.860139
10.34193 -23.63215 18.23487 8.265882 4.890012 6.145447 6.725296 12.42543 2.60242 5.380317 9.380944 3.077086 8.879488 10.40099 4.490211
8.341934 -23.63215 18.23487 10.38678 1.525058 7.185369 8.161036 19.40281 3.397654 5.096178 8.791533 0.959214 11.51613 15.25476 7.392049
-11.65807 -23.63215 18.23487 2.83539 -2.197767 0.190003 -1.26639 4.420325 0.093289 5.854121 -1.134325 2.77988 -1.435959 4.682673 0.354762
-13.65807 -23.63215 18.23487 0.002644 -3.227531 -0.457388 -0.833711 1.147717 -0.443286 2.449837 -0.65049 3.919594 -0.635842 1.054646 -0.618918
10.34193 -25.63215 18.23487 7.912405 2.013869 10.18724 5.682859 15.61604 1.787298 1.35431 7.380111 6.857909 7.884332 10.03703 3.749752
8.341934 -25.63215 18.23487 7.003453 1.130046 9.125473 5.08514 17.38981 3.730047 4.999514 7.475688 8.016446 7.703205 13.52047 7.498717
6.341934 -25.63215 18.23487 0.188514 -1.361597 3.299481 4.693936 8.829495 2.570341 -1.396709 2.165444 4.130107 7.304446 5.879362 2.702152
4.341934 -25.63215 18.23487 -5.125694 -1.096157 -0.204261 1.2287 3.507228 -0.830612 -3.516541 1.179224 1.293468 5.289354 1.253235 -0.214242
-11.65807 -25.63215 18.23487 -1.061487 -2.233804 -0.097011 0.448244 4.840771 -2.061784 -0.077574 -2.126984 4.393998 -0.082014 6.012395 0.432925
-13.65807 -25.63215 18.23487 1.025001 -2.325733 2.20086 -0.522555 7.575359 -1.499401 2.181118 -2.411723 6.266277 1.255058 9.645418 -0.969632
10.34193 -27.63215 18.23487 3.568375 -0.807352 9.182142 3.790141 11.96164 -1.00256 -3.69444 3.641314 5.345815 7.270741 6.657296 1.403894
8.341934 -27.63215 18.23487 2.115519 1.988558 8.865473 4.497604 10.26151 3.694196 -0.925286 3.79079 10.09858 5.17676 4.944219 5.536321
6.341934 -27.63215 18.23487 -0.324398 1.981079 2.810506 3.367118 5.159448 5.022796 -2.508699 0.843992 3.838082 3.860066 0.99206 5.242996
-11.65807 -27.63215 18.23487 -4.844219 -3.447073 -1.306272 1.748891 1.184987 0.17572 -2.734303 -5.026885 5.975139 2.228015 3.394357 2.31556
-13.65807 -27.63215 18.23487 1.254333 -1.894806 4.165613 0.727549 6.254954 -0.699189 1.734536 -0.890839 8.929302 4.212993 8.618472 1.975963
-9.658066 -29.63215 18.23487 -0.657701 -0.278208 -1.413007 4.086893 5.699779 -0.442298 2.571274 1.342371 2.518839 5.693435 4.863462 1.289765
-11.65807 -29.63215 18.23487 2.816879 -1.81414 -1.26336 1.294041 2.498671 -0.866867 4.165473 -5.145462 3.057435 0.66587 2.82421 0.56193
-13.65807 -29.63215 18.23487 2.325495 1.660663 1.617348 1.754172 3.555872 -1.085888 2.518016 1.310463 5.166802 2.233261 4.491248 0.332655
12.34193 -23.63215 20.23487 6.158321 -1.060448 5.658327 2.293798 6.819703 2.781471 5.281905 -0.222172 6.575368 1.873359 4.936826 3.027853
10.34193 -23.63215 20.23487 7.036619 0.160006 6.327775 5.259654 8.82406 2.195931 6.036989 4.162539 6.633256 7.722319 5.835522 3.459781
-13.65807 -23.63215 20.23487 3.894885 -2.615122 1.728828 0.175567 -0.531982 -1.197804 7.183111 0.043044 3.885327 0.826957 0.813969 -1.107473
12.34193 -25.63215 20.23487 4.881092 0.154373 7.225808 3.501081 10.9686 -0.586681 4.867874 -0.364872 6.62442 2.201195 7.697514 0.144754
8.341934 -25.63215 20.23487 15.29253 2.179851 12.86205 3.921171 15.71703 3.832717 16.26238 5.540805 12.84208 5.002645 10.70412 4.870471
6.341934 -25.63215 20.23487 5.38605 1.682321 5.821477 0.681036 8.000731 0.331592 4.271897 3.040228 6.473692 0.723469 3.923263 -2.416516
4.341934 -25.63215 20.23487 0.655272 -0.15674 1.449865 0.516135 5.216979 -1.037842 1.132108 2.902475 1.736268 1.286876 1.445225 -1.592667
-13.65807 -25.63215 20.23487 2.951416 -0.752022 4.389685 0.910757 4.126299 1.351243 4.147846 1.25134 6.289806 1.245962 6.42019 1.030188
-15.65807 -25.63215 20.23487 -1.940667 0.821375 3.685065 -0.8195 4.908019 0.727035 -3.363554 4.137492 4.931535 -0.122335 5.506611 0.739574
12.34193 -27.63215 20.23487 4.113724 0.428464 5.810281 5.561009 15.16996 -0.646821 2.557626 4.345343 3.916345 6.739904 12.04901 1.668736
10.34193 -27.63215 20.23487 15.35974 1.859041 11.78827 7.129606 23.16648 1.163908 12.05412 7.268065 9.672335 9.512827 16.51778 2.468145
8.341934 -27.63215 20.23487 14.14921 3.222142 12.4025 4.178896 16.42955 2.345311 11.86086 5.514728 12.75066 3.811159 10.5793 2.301505
6.341934 -27.63215 20.23487 5.288126 2.494489 3.785361 1.204412 7.157928 2.968967 0.733534 2.104035 2.195784 0.142023 1.526707 1.578236
-15.65807 -27.63215 20.23487 2.374962 -1.891014 5.585342 -0.478135 6.937289 0.278797 0.772231 1.122483 6.884421 3.25132 7.039928 3.812465
12.34193 -29.63215 20.23487 3.845953 0.379199 4.487448 3.848179 10.9389 2.197719 2.119853 7.682611 3.870944 6.069996 9.128148 4.239581
10.34193 -29.63215 20.23487 12.13251 1.200095 8.969126 4.43428 18.13379 0.199703 9.445163 5.396113 7.236818 4.605934 14.58964 0.524888
8.341934 -29.63215 20.23487 10.57613 4.776686 4.0999 4.267085 14.43375 0.673131 7.320306 2.910215 4.839779 1.62375 12.25296 -0.793616
6.341934 -29.63215 20.23487 7.058479 4.99436 2.384399 4.208674 8.912213 2.804063 5.239542 2.635756 1.968073 1.671641 6.94847 2.234861
-11.65807 -29.63215 20.23487 0.097005 -4.322109 1.02393 -0.122978 3.57605 -2.17197 1.265105 -5.414804 4.982322 2.065605 3.600708 -0.899732
-13.65807 -29.63215 20.23487 -0.719416 -3.950341 -0.043505 -0.633908 2.722676 -2.211025 -0.78501 -3.716836 5.676113 2.986872 2.716585 -0.155643
-15.65807 -29.63215 20.23487 2.010113 -1.943617 2.444022 1.071607 3.697148 -0.984937 0.685397 -1.716751 5.569221 3.466488 3.549322 2.10116
-13.65807 -31.63215 20.23487 -1.599518 -1.39878 -3.474481 0.824334 3.53663 -0.253613 -1.364073 -1.727082 0.955417 -0.254931 2.563052 -2.56396
-13.65807 -23.63215 22.23487 2.420563 -1.878225 0.966303 0.413256 -0.762734 -2.966402 1.826413 0.275633 2.358356 0.955737 -0.384286 -0.770049
14.34193 -25.63215 22.23487 0.730877 0.671119 1.985862 1.178863 -0.009172 0.442156 0.020107 0.846244 2.693656 1.070343 0.425765 1.045749
12.34193 -25.63215 22.23487 2.448757 2.975671 6.053473 3.565489 7.582137 1.084162 -0.151828 3.402067 2.965845 4.247921 3.072271 1.858199
-13.65807 -25.63215 22.23487 4.866237 -1.923265 2.5875 1.455418 4.425102 2.37942 3.895128 0.201705 3.30114 1.553897 3.94437 2.448551
-15.65807 -25.63215 22.23487 1.480467 2.857707 2.805388 2.072158 5.140127 0.312104 -0.015518 5.0385 4.96192 0.64001 4.56396 0.84648
14.34193 -27.63215 22.23487 2.146632 -0.119867 6.169532 1.011736 2.207993 0.490695 1.16987 2.65742 4.614941 1.995732 -0.635457 1.200612
12.34193 -27.63215 22.23487 3.017817 2.148853 6.918389 4.588122 10.66993 3.361742 -0.417169 8.024677 3.547755 6.809233 4.235026 5.459675
-11.65807 -27.63215 22.23487 0.689183 -2.123173 -0.741225 0.579297 2.596872 2.452832 -0.621186 -2.114973 1.345675 3.262341 0.9141 1.936004
-13.65807 -27.63215 22.23487 3.081417 -3.272504 1.181955 0.300026 5.353969 2.874684 2.184955 -2.836117 2.49662 1.691776 3.223918 3.374462
-15.65807 -27.63215 22.23487 1.75215 -0.842449 2.507688 0.047582 7.329827 -0.796598 1.354611 0.739935 3.831002 -0.497196 5.74567 1.233116
14.34193 -29.63215 22.23487 1.853806 1.015126 5.634461 -0.920324 3.095617 1.422533 -0.126521 3.626421 4.764775 1.033613 -0.124353 4.630527
12.34193 -29.63215 22.23487 3.401848 -1.554924 6.260785 2.31348 9.775537 0.955724 1.400192 6.482093 5.210662 5.272342 4.658493 4.722945
10.34193 -29.63215 22.23487 6.136472 -1.581967 8.154775 2.61103 14.04794 -0.282379 5.234289 4.680009 6.922284 2.949695 8.907846 1.877568
8.341934 -29.63215 22.23487 6.078891 2.835026 1.115113 4.333298 10.74361 1.716303 3.513429 1.821102 -0.080308 1.772079 8.762819 2.135594
6.341934 -29.63215 22.23487 3.283759 7.03621 -0.654236 7.000956 4.116696 5.746623 -0.535835 3.476941 -1.929446 2.38405 2.311384 5.809435
-9.658066 -29.63215 22.23487 0.543843 1.035557 -0.213524 2.466486 5.306801 -0.466921 2.331094 0.818484 -0.039838 3.138676 4.59386 0.438692
-11.65807 -29.63215 22.23487 -1.583854 -2.378717 0.74401 0.226377 3.319247 -1.711124 0.00347 0.19478 3.103363 3.394778 2.485484 -1.416004
-13.65807 -29.63215 22.23487 -1.326264 -2.513996 -1.808703 -0.809184 2.713331 -0.939523 0.880421 0.417409 0.403147 1.674914 1.054431 -0.554856
-15.65807 -29.63215 22.23487 1.448993 1.69108 0.813193 -0.148341 4.023883 -0.551934 2.643097 3.762196 1.860822 -0.665642 2.314132 -0.327477
10.34193 -31.63215 22.23487 5.913893 -1.641643 6.188464 1.650987 11.69891 0.433044 8.212933 4.10516 6.214398 1.36449 8.351853 -1.048404
8.341934 -31.63215 22.23487 4.16774 2.059384 3.578319 5.230988 12.56275 1.42708 3.932302 4.682882 3.059446 3.452153 11.15662 1.202684
6.341934 -31.63215 22.23487 0.109636 4.859643 3.079575 6.293902 6.177047 1.71081 -1.563366 10.51544 2.123061 3.950863 5.325603 2.501801
-7.658066 -31.63215 22.23487 2.96684 -3.197671 -0.718571 0.434846 3.463732 -1.604956 5.072613 -2.379255 0.475025 2.233963 0.12528 -1.459273
-9.658066 -31.63215 22.23487 -3.103748 -1.877261 -0.453247 -0.208144 -0.654469 -0.328629 0.718641 0.988159 3.293725 1.543038 -1.33992 1.185982
-11.65807 -31.63215 22.23487 -2.232846 -3.115928 -0.876188 -1.162612 0.415653 -2.481695 1.958098 3.60844 1.983308 1.431313 -0.193844 -1.030159
-13.65807 -31.63215 22.23487 -2.732298 -1.212797 -5.116039 0.227562 1.412911 0.859944 -0.691506 3.227882 -3.500515 0.190186 -0.330904 -0.500278
-9.658066 -33.63215 22.23487 -2.419307 -3.457346 -0.41854 0.508789 -1.002256 -1.563463 -0.834463 1.541379 2.43149 3.282451 -2.664762 1.832137
-11.65807 -33.63215 22.23487 -1.099402 -4.999029 -0.897071 0.112904 -0.868001 -2.478029 0.785829 0.596087 2.200765 2.749067 -2.431688 -0.325408
-13.65807 -33.63215 22.23487 -0.912623 -1.615326 -3.057686 0.892279 3.280161 0.789757 -1.506056 0.406943 -1.754227 0.434615 0.736071 0.463867
-11.65807 -23.63215 24.23487 0.263736 1.525973 -0.333349 -0.763194 2.256185 0.584493 1.334724 3.787644 -0.545388 1.028732 1.70679 1.812764
-13.65807 -23.63215 24.23487 0.838254 0.942049 0.036965 0.308563 -1.272888 -2.065051 1.445244 -0.166915 2.37992 1.45679 0.022558 -0.814483
-11.65807 -25.63215 24.23487 6.670465 1.468213 3.857828 -0.758103 6.72675 2.523971 6.04397 3.708893 2.223424 0.547582 2.984092 2.735583
-13.65807 -25.63215 24.23487 2.505618 -1.670746 0.414117 -0.342239 4.209398 0.27542 1.678078 -0.140138 2.284125 0.956798 2.967453 1.154397
-15.65807 -25.63215 24.23487 0.683277 2.134979 0.840438 1.393177 3.06951 0.002084 -0.434018 2.156378 2.450246 1.365379 3.881137 1.372509
14.34193 -27.63215 24.23487 3.023915 -1.270295 4.079861 1.871646 0.008308 1.984987 2.390217 1.430084 5.789223 2.717909 -2.686395 2.958084
12.34193 -27.63215 24.23487 2.527175 3.319465 3.77669 2.365539 3.294559 4.154631 -1.437409 6.190006 1.833636 2.61213 -2.280445 3.582236
-11.65807 -27.63215 24.23487 7.620812 0.068867 4.861546 0.316688 8.091813 2.0261 3.575083 2.843016 3.566678 2.427433 1.251468 3.014416
-13.65807 -27.63215 24.23487 0.583088 -3.370569 -0.377447 -0.264184 4.722219 0.502388 -0.776563 -0.865768 2.150373 0.979307 0.724637 1.858601
-15.65807 -27.63215 24.23487 -2.159214 0.042343 -1.877972 -0.737971 3.140236 -0.004618 -1.282135 0.944309 -0.937603 -0.347249 1.936683 -0.367206
14.34193 -29.63215 24.23487 4.786912 -1.761232 5.678945 -0.315759 1.583647 -0.165343 4.812049 0.867252 5.558274 2.765432 -1.859949 2.498347
12.34193 -29.63215 24.23487 2.559323 -0.130058 5.169973 1.458852 5.261044 0.599011 -0.78547 5.22563 2.561936 4.372215 -2.975418 2.12934
-7.658066 -29.63215 24.23487 7.101221 2.030539 1.051926 2.304543 5.762713 0.428176 5.744121 2.583287 -1.948282 2.100418 -0.888442 -0.531967
-9.658066 -29.63215 24.23487 1.830915 0.612041 0.873051 0.0656 5.705864 -2.466875 0.82517 3.313772 -0.666559 1.61085 1.568742 -0.690194
-11.65807 -29.63215 24.23487 0.134355 -0.392282 1.837845 0.558237 3.62008 -1.801839 -0.722377 4.120398 2.31383 3.774137 0.078733 0.05169
-13.65807 -29.63215 24.23487 -2.826483 -1.582138 -1.742899 0.309835 -0.611325 -0.396527 -1.853668 2.754122 -0.62763 2.094939 -3.242083 -0.267892
12.34193 -31.63215 24.23487 1.755684 -1.634175 4.849855 -0.201527 4.888124 -0.844994 0.333822 3.207457 3.367638 3.45452 -0.776255 0.754567
10.34193 -31.63215 24.23487 4.770861 -1.498129 9.887545 0.60532 15.4758 1.422947 -0.265004 5.702186 2.392913 1.963552 6.48156 2.996758
8.341934 -31.63215 24.23487 9.19538 1.294138 9.538054 5.026436 21.43421 4.648429 0.905681 7.624568 -0.954467 4.721052 11.12567 5.535598
6.341934 -31.63215 24.23487 4.7596 3.102137 7.067017 7.209893 16.54272 6.457338 -3.113229 11.0818 -1.154 5.809886 8.431552 6.65371
-5.658066 -31.63215 24.23487 3.650981 -1.018027 -0.731949 -0.03331 1.392683 -2.87085 3.212657 -1.038328 -1.604673 2.640156 -1.872262 -2.588581
-7.658066 -31.63215 24.23487 3.548534 -1.812812 -0.14884 -0.834667 2.858068 -2.966388 3.18345 -1.984848 -0.647254 1.600804 -1.981946 -0.962794
-9.658066 -31.63215 24.23487 -0.88936 -2.412376 1.269882 -1.396867 2.444537 -2.189461 -0.163575 1.724151 2.918362 2.096587 -0.038134 0.429958
10.34193 -33.63215 24.23487 6.421133 0.154427 5.774965 1.422989 8.429693 -0.916404 5.348305 2.784344 2.648111 1.823012 6.71451 -2.047846
8.341934 -33.63215 24.23487 5.498576 -0.053964 4.928007 4.142736 8.957344 1.045445 3.263673 1.807851 2.82464 2.562226 5.144703 -0.755819
6.341934 -33.63215 24.23487 4.471727 -1.924807 4.65818 2.584398 11.06975 0.488728 -2.127881 2.790247 0.642294 4.241791 3.671862 -0.942907
-5.658066 -33.63215 24.23487 -0.343706 -1.812777 -4.4218 1.071312 1.244411 -3.446023 0.28185 -0.038089 -3.949461 4.167829 -0.755318 -1.244587
-7.658066 -33.63215 24.23487 -0.745512 -4.79852 -2.634087 -0.296335 1.710841 -5.12895 -1.027326 -2.907308 -1.471625 2.427944 -0.463823 -2.378575
-9.658066 -33.63215 24.23487 -1.103978 -2.901155 0.411332 0.961798 0.443296 -2.491034 -1.457071 0.732877 1.691918 4.445896 -1.123711 -0.52559
-11.65807 -33.63215 24.23487 1.361376 -3.201931 -0.997943 2.114801 0.872307 -1.30614 2.156376 -0.246584 1.196538 4.901668 0.597964 0.187266
-13.65807 -33.63215 24.23487 -0.24235 0.072328 -2.136068 1.273414 2.300107 -0.934545 0.455012 2.549018 -0.506903 0.655599 2.106997 -1.169588
8.341934 -35.63215 24.23487 0.312001 -1.113517 0.211532 0.865365 2.152035 0.488895 0.330218 1.440149 0.536946 1.575973 1.217961 -1.61786
6.341934 -35.63215 24.23487 -1.370085 -3.471516 -1.696219 -0.531275 3.347419 -1.395657 -2.527252 0.295948 -1.77646 2.383052 1.130379 -1.914084
-3.658066 -35.63215 24.23487 -5.842454 -1.036139 -5.69159 2.466666 -1.067828 -2.814333 -1.896455 2.035197 -1.508989 3.697526 -0.390045 -0.296233
-5.658066 -35.63215 24.23487 -5.876691 1.73959 -5.039036 2.689565 -0.021356 -1.093221 -5.114165 2.611886 -3.958468 3.877866 -1.97317 -0.513385
-7.658066 -35.63215 24.23487 -3.550721 -1.97447 -4.436385 1.716851 -0.8064 -1.138799 -4.158233 -1.69773 -4.54755 2.010059 -2.625595 -0.84386
-9.658066 -35.63215 24.23487 -5.571603 -1.993387 -4.498671 2.224208 -3.524135 -1.3724 -6.375411 -1.145907 -2.628848 3.730772 -4.282917 0.015739
-7.658066 -37.63215 24.23487 -1.031223 0.151886 -0.79507 2.634381 -0.442212 1.911679 -0.723966 1.071385 0.23312 3.005929 -2.685986 2.374939
-13.65807 -23.63215 26.23487 -0.071547 4.348604 -0.90685 1.691496 -0.485528 1.923906 2.025844 3.580587 1.411691 2.825876 1.623117 1.285065
-15.65807 -25.63215 26.23487 -1.245875 1.034828 1.526763 2.052591 -0.238279 1.413828 -2.08707 0.778784 3.027768 3.410004 -0.622355 4.32983
14.34193 -27.63215 26.23487 -0.842763 -0.797666 0.429191 1.03114 2.585611 2.821666 -0.041633 0.336296 0.371971 2.063822 0.264782 4.562548
12.34193 -27.63215 26.23487 1.298436 3.161483 -0.117803 0.699858 3.398577 3.505248 -1.178811 3.652911 -2.256863 -1.134566 -0.205404 2.060427
-11.65807 -27.63215 26.23487 3.726569 0.513563 5.419585 2.293101 5.352782 3.46857 0.438006 4.543536 3.061808 2.722886 -1.202802 4.276996
-13.65807 -27.63215 26.23487 0.600046 -3.638778 3.567667 -0.194423 4.490273 -1.152597 -2.814375 0.864745 4.787397 1.08412 -1.209556 3.156234
-15.65807 -27.63215 26.23487 -0.401583 -0.427226 1.608152 0.663118 2.718244 -1.719606 -0.825246 0.429099 3.281298 2.202423 -0.707597 1.172676
14.34193 -29.63215 26.23487 2.237197 0.472909 0.400151 0.85729 4.915756 3.299581 3.365323 2.136758 0.875403 1.968429 4.573482 3.677651
12.34193 -29.63215 26.23487 4.282475 2.855408 1.902984 1.720878 7.48033 2.819427 1.038309 3.374231 0.656653 2.208972 3.378797 1.851387
10.34193 -29.63215 26.23487 5.762112 1.868157 6.359977 0.911623 10.08576 2.298065 0.680485 4.608079 2.133009 -1.233041 2.395416 3.080433
8.341934 -29.63215 26.23487 6.507435 -0.499831 6.380865 2.158561 13.99213 1.610355 3.633116 5.02457 3.356499 3.440186 10.21093 3.183941
-9.658066 -29.63215 26.23487 0.016944 2.664551 -0.035576 0.795682 2.086454 -1.611476 -2.408032 5.371278 -0.718148 2.274637 -1.763266 -0.532791
-11.65807 -29.63215 26.23487 2.748095 2.694234 1.881457 0.596083 3.666254 0.615669 0.382865 5.70241 1.478945 2.388128 0.544234 2.718783
-13.65807 -29.63215 26.23487 1.49413 -0.869146 2.048812 0.035443 0.225245 -0.949255 -0.770002 3.058803 3.026264 2.438292 -2.947359 2.191811
12.34193 -31.63215 26.23487 2.239068 0.689777 2.601487 0.419719 4.399046 0.722641 0.869786 2.799065 2.011118 2.291098 1.324269 1.903893
10.34193 -31.63215 26.23487 4.939799 1.614928 6.052102 1.393647 9.061265 1.55143 2.626057 7.018104 3.287072 0.36241 2.872089 3.304603
8.341934 -31.63215 26.23487 8.071766 2.372364 7.376016 1.897638 12.96087 2.439002 7.899019 6.950699 2.601627 1.218984 6.478368 3.624604
6.341934 -31.63215 26.23487 8.837155 4.774822 7.05573 4.924646 13.12004 4.32364 8.797112 8.819938 3.425412 3.691994 6.386343 5.273884
-5.658066 -31.63215 26.23487 1.660779 0.774385 -0.913519 -2.467304 -0.49996 -3.554632 -0.598987 0.9263 -1.140236 -3.035628 -1.844824 -4.448503
-7.658066 -31.63215 26.23487 1.191278 -2.681756 -0.324865 -3.347992 1.222313 -3.854263 -1.107898 -1.497059 0.222742 -1.959101 -0.523031 -0.849812
-9.658066 -31.63215 26.23487 0.650604 -0.525062 1.438352 -2.486734 4.272524 -1.952045 -0.997755 1.950412 3.359064 0.686265 2.094046 -0.576861
10.34193 -33.63215 26.23487 2.746033 1.19688 2.976877 -0.015277 4.955703 2.874381 3.576331 5.159238 3.689913 0.027842 3.523608 4.119647
8.341934 -33.63215 26.23487 7.590331 2.175834 5.530489 0.168315 6.719557 2.595481 5.920997 3.852855 4.139451 -2.07275 3.136443 2.800226
-3.658066 -33.63215 26.23487 -1.042642 1.629621 -1.156622 -0.767398 2.664875 -2.37298 0.693437 1.047423 0.101939 -1.683469 2.433212 -3.622093
-5.658066 -33.63215 26.23487 2.026606 1.123768 -1.599455 -2.133111 -0.084898 -3.22865 1.278758 0.910258 -3.016047 -2.986566 -2.154765 -2.936196
10.34193 -35.63215 26.23487 1.074266 1.703013 1.608357 0.814574 2.594074 2.062111 0.74176 5.874527 1.415792 1.208772 1.013799 2.237719
8.341934 -35.63215 26.23487 3.128775 0.40865 2.151869 -1.00455 2.979713 1.122109 2.4423 4.616476 1.584353 -0.17368 0.724555 1.456331
6.341934 -35.63215 26.23487 3.78555 -2.028757 2.816688 -1.699792 6.545021 -1.587712 0.664902 3.475436 2.817666 1.516857 4.275159 0.899557
-3.658066 -35.63215 26.23487 -2.642547 1.718661 -1.801994 1.900099 -0.934142 -2.382388 0.366238 2.799734 0.787337 1.397767 0.505521 -0.374368
-7.658066 -35.63215 26.23487 3.710063 -0.967959 0.573659 -0.78885 0.705479 -0.171552 2.749672 0.713791 -0.176752 0.595474 0.332704 0.377487
-9.658066 -35.63215 26.23487 2.933043 0.944001 0.148988 -0.006914 -0.507652 -0.516299 1.095981 0.039677 0.466813 0.930667 -1.014618 -0.015559
-11.65807 -35.63215 26.23487 2.524229 -1.880508 1.055454 -1.4532 -0.63914 -1.325301 0.784782 -1.870428 2.934136 -0.076384 -0.224762 -0.227927
-13.65807 -35.63215 26.23487 1.405086 -1.503454 1.104592 -1.618804 0.517153 -1.592767 0.282529 1.453582 1.41453 -1.395815 -0.170651 -0.627212
12.34193 -37.63215 26.23487 1.095126 -1.214094 1.979617 0.457857 1.517676 -2.255128 -0.342007 1.481535 1.252698 1.80772 -0.311405 -0.214569
10.34193 -37.63215 26.23487 3.121966 -1.159002 1.291101 0.580046 3.152859 -2.223678 1.476591 2.073719 2.879503 2.012123 1.376929 -1.142553
8.341934 -37.63215 26.23487 1.920396 -1.324075 0.374655 -0.919003 3.120156 -1.208115 0.899626 2.764232 3.457841 1.350507 1.862202 0.564565
-3.658066 -37.63215 26.23487 -2.248242 0.312285 -0.292979 1.377431 -0.844677 -4.067014 0.754656 2.277667 2.4309 4.542948 0.967971 -2.137809
-5.658066 -37.63215 26.23487 -1.071501 1.190203 -0.68655 0.880756 -2.919388 -0.553015 -0.999265 2.237092 -0.210359 4.012712 -3.760486 0.626084
-7.658066 -37.63215 26.23487 5.882138 -0.237922 2.817626 0.396354 1.064699 -0.551668 6.559794 1.896185 4.547256 2.902518 -1.171553 0.275989
-9.658066 -37.63215 26.23487 4.11536 -0.580184 0.846375 -0.918769 0.948519 -1.185203 4.32339 0.711883 3.748549 0.115241 -0.024645 -1.413612
12.34193 -39.63215 26.23487 2.228915 0.320071 1.732892 0.932055 1.702936 -0.064119 0.992414 3.730221 1.890354 0.833102 -0.226242 1.159976
10.34193 -39.63215 26.23487 -0.500019 0.179026 -0.33704 0.30712 2.343656 -2.958892 -3.067807 3.162181 4.156644 1.426559 1.14749 -1.069544
-5.658066 -39.63215 26.23487 0.92406 0.243186 -1.637576 -0.246287 -0.498959 -2.257217 2.134161 3.275009 0.760051 3.108812 -1.966285 0.303727
-7.658066 -39.63215 26.23487 3.715737 1.611501 1.319023 1.379535 0.382357 -2.024203 5.150732 3.765299 5.556878 4.139612 -1.101105 -1.311599
-15.65807 -27.63215 28.23487 4.407386 -1.7567 7.097387 -4.01368e-05 10.1022 -2.786245 2.914296 2.253252 5.992842 1.257964 6.060468 0.022782
12.34193 -29.63215 28.23487 1.280922 0.26967 1.308183 1.000447 4.622871 2.425719 -0.172888 -0.011873 0.800362 0.271624 3.131696 1.095226
10.34193 -29.63215 28.23487 5.773045 1.079358 3.094857 1.198504 6.61904 1.668324 1.479091 1.403954 1.977465 -0.816018 4.616487 1.243584
8.341934 -29.63215 28.23487 5.770172 -0.782621 3.478485 1.124935 10.91393 0.618681 4.854065 4.112606 3.521639 2.784065 12.10972 1.773463
6.341934 -29.63215 28.23487 5.213204 -1.934301 3.906744 0.139141 10.51674 -0.662552 5.747875 5.685549 5.297381 0.382238 9.672269 4.072224
4.341934 -29.63215 28.23487 1.645189 2.750394 -0.342818 -0.408182 4.219735 0.620637 1.920681 6.802912 2.734311 -0.17878 2.385457 3.936164
-11.65807 -29.63215 28.23487 3.051106 -0.584355 1.954229 -1.37413 3.833654 -1.801852 2.775779 1.496706 4.027204 1.569979 2.288521 1.340688
-13.65807 -29.63215 28.23487 4.285587 -3.116538 3.430768 -0.113646 6.381586 -3.230677 1.582981 1.728791 3.444837 3.80215 2.610038 1.382588
-15.65807 -29.63215 28.23487 5.201303 -4.012016 5.734684 -0.611964 9.405653 -3.983746 3.93676 1.589807 5.060251 3.255218 6.100654 -0.458586
8.341934 -31.63215 28.23487 3.569538 0.013372 1.871479 0.130366 7.927295 -0.360883 5.32281 4.312507 1.749281 0.118033 4.915945 2.673415
6.341934 -31.63215 28.23487 3.221351 -0.947497 1.318964 0.724629 6.81944 -2.156504 6.515605 5.87309 1.712687 0.640367 4.368026 3.645921
4.341934 -31.63215 28.23487 0.041251 3.515737 -2.022562 1.732777 0.95081 1.588302 1.318452 6.200644 -0.175074 1.045348 0.321463 4.080407
-7.658066 -31.63215 28.23487 -0.542459 -0.718461 -1.570777 -3.793578 1.245871 -2.369759 -3.843783 0.82297 1.569358 -4.162467 -0.030246 -1.651356
-9.658066 -31.63215 28.23487 -0.478593 -0.122693 -0.592705 -3.431266 2.359349 -1.770849 -1.141981 2.666919 3.969619 -2.174107 0.329665 1.299581
-11.65807 -31.63215 28.23487 1.828016 0.143986 -0.096698 -1.865888 2.535482 -0.205683 1.963304 2.955196 2.668865 -0.370607 -0.398285 1.674652
-13.65807 -31.63215 28.23487 5.719123 -2.738457 0.863622 -0.67455 4.862638 -2.3973 4.050489 0.548296 2.554347 1.216215 2.674146 -0.4655
8.341934 -33.63215 28.23487 4.056289 2.302407 0.438975 0.467962 4.35951 0.286933 4.230088 5.757188 0.133496 -1.580055 1.43413 0.118958
6.341934 -33.63215 28.23487 3.960376 2.90896 0.614133 2.936504 7.388266 2.038754 4.090438 6.841779 0.688466 2.461778 4.334043 3.048812
4.341934 -33.63215 28.23487 -1.451189 4.083476 -0.765113 5.15449 3.841598 4.686795 -3.057811 5.394448 -0.117904 3.768249 0.964137 2.855169
-3.658066 -33.63215 28.23487 1.548502 -2.28795 -1.410925 -1.39079 5.347565 -2.395395 1.769431 -1.380174 2.361586 -1.3614 6.38875 -3.622696
-5.658066 -33.63215 28.23487 2.77574 -3.061758 -1.809013 -4.905793 2.622821 -2.733158 -0.269406 0.897596 -2.11546 -4.708271 0.874453 -1.605846
-7.658066 -33.63215 28.23487 2.578106 -2.070445 -2.222414 -4.920121 -0.338452 -1.290513 0.622744 2.93039 -2.003273 -3.661838 -0.617607 0.574039
-9.658066 -33.63215 28.23487 -1.003656 0.317772 -2.912564 -2.759758 -2.779053 0.126944 -1.178575 5.242458 -0.033023 -2.24897 -4.282031 3.271457
-11.65807 -33.63215 28.23487 -0.298529 -0.451721 -0.817924 -1.393544 -0.815397 0.916522 -1.110093 1.772977 2.461507 -1.642787 -3.882574 2.544137
10.34193 -35.63215 28.23487 0.958954 2.618055 -0.369459 -0.096997 3.184092 0.372387 1.778579 6.219751 -0.068551 -0.303162 1.035317 -1.755987
8.341934 -35.63215 28.23487 3.279146 0.911313 0.570296 -0.673819 3.031723 -0.910218 4.074574 4.686627 0.80388 -0.927384 0.69079 -1.311753
6.341934 -35.63215 28.23487 1.351849 -1.23646 -0.361667 -0.255226 4.517926 -0.397875 0.639541 3.236282 0.668373 0.624876 4.993214 0.984052
-1.658066 -35.63215 28.23487 -1.614744 -0.067968 1.728895 0.826977 2.945661 0.214292 0.468956 -0.147169 4.009947 1.927707 3.037788 4.145195
-3.658066 -35.63215 28.23487 0.469418 -1.463877 -1.059295 0.604892 3.344402 0.194295 1.348498 -1.153777 2.54177 1.083719 5.052022 2.839303
-5.658066 -35.63215 28.23487 1.780436 -2.957794 -2.079326 -3.980322 0.71072 -1.389994 0.088794 0.928674 -1.345834 -2.512429 -1.031373 1.543144
12.34193 -37.63215 28.23487 -0.31898 0.281656 0.068958 -1.205147 2.835855 -1.173715 -1.615379 3.492393 1.724792 -0.171623 1.2734 -0.199521
10.34193 -37.63215 28.23487 2.136501 0.055233 -2.589671 -1.322012 1.745909 -0.894154 1.455379 5.32536 0.232704 -0.281551 -1.94535 -0.778308
-1.658066 -37.63215 28.23487 0.588792 1.270435 1.217042 -0.021998 1.228142 -0.343883 3.110378 5.616502 2.640593 2.684123 1.730272 3.360991
-3.658066 -37.63215 28.23487 2.353833 1.861959 -0.074327 2.051301 2.907451 -0.242041 3.163531 3.064037 1.365626 3.035159 3.517971 2.983261
-9.658066 -37.63215 28.23487 2.480523 -0.749714 2.841199 -1.488636 2.970748 -0.117101 1.033113 1.019973 4.201869 1.377299 3.078491 1.781392
-11.65807 -37.63215 28.23487 0.86873 -2.144333 2.470776 -2.618784 2.683412 -0.603846 -0.768398 0.68526 3.821618 -1.065352 2.384935 1.809635
12.34193 -39.63215 28.23487 0.964591 1.102327 -1.922016 0.110339 2.380774 -0.381627 0.208232 4.574225 0.047294 0.325812 1.603035 2.29853
10.34193 -39.63215 28.23487 1.223732 -0.22522 -4.049462 -1.169994 0.628923 -0.680149 0.484953 5.377141 0.612979 -0.371358 -1.720515 0.599105
-3.658066 -39.63215 28.23487 3.366274 1.398806 0.704191 1.192621 1.797816 1.261666 3.814707 4.013425 2.090414 3.159298 -0.333008 5.070614
-5.658066 -39.63215 28.23487 1.40389 -0.507082 -0.336735 -0.639698 -0.111113 -0.414636 0.579163 0.962137 1.654314 1.014172 -2.984597 2.892604
-7.658066 -39.63215 28.23487 1.414011 -0.566492 1.087576 -0.47415 -0.788923 -1.908053 0.690739 0.195242 3.671463 1.513157 -2.688013 -0.291899
-9.658066 -39.63215 28.23487 0.578033 -0.490075 1.377271 -0.24605 0.206383 -0.129664 -0.843151 -0.023687 4.206754 1.732661 -0.358327 1.402125
-11.65807 -39.63215 28.23487 -0.509283 -1.672069 1.476739 -1.92017 1.556429 1.287228 -1.582919 0.310005 2.614166 -0.918233 -0.053953 2.620533
-3.658066 -41.63215 28.23487 0.434274 -2.50498 -0.771844 -0.793732 0.225563 -0.15797 -0.872651 0.973406 0.686979 1.634131 -2.115304 4.998838
-5.658066 -41.63215 28.23487 -1.789453 -2.955991 -3.317285 -1.367664 -0.946345 -1.577565 -3.007341 1.127593 -0.702797 1.308526 -3.917604 2.618284
6.341934 -29.63215 30.23487 6.665123 0.197019 4.176143 0.365309 8.122101 2.319181 7.203353 2.635403 5.582273 0.889983 7.815913 3.672499
-15.65807 -29.63215 30.23487 4.254331 -4.426987 4.203187 -0.645968 11.28723 -2.562111 3.091252 0.449806 3.748684 1.186273 6.840946 0.028478
6.341934 -31.63215 30.23487 4.30518 -0.804361 4.001612 -0.339441 9.01341 -0.166241 6.411287 3.901219 3.804448 0.181776 7.539171 5.428186
-13.65807 -31.63215 30.23487 2.885417 -2.964383 -0.849342 -0.716895 5.700666 -1.905288 1.56001 2.485634 0.984874 -0.242341 2.034754 -0.615462
-15.65807 -31.63215 30.23487 3.74516 -3.710536 1.498208 -0.883753 8.960975 -0.786065 2.343415 -0.464165 2.162862 0.812169 5.9498 1.232445
-9.658066 -33.63215 30.23487 -0.988255 -4.914696 -5.722491 -4.811654 -2.577532 -3.680656 3.930442 3.951282 -3.28084 -1.654738 -5.872965 3.981585
-11.65807 -33.63215 30.23487 -1.583005 -6.0007 -4.460194 -4.355201 -1.337841 -5.410657 1.263088 2.139906 -1.130895 -1.343568 -4.876223 1.615661
-13.65807 -33.63215 30.23487 1.707618 -0.787933 -0.299313 -1.697221 4.93955 -2.149895 1.439282 4.566091 3.425388 -0.296658 3.021835 -0.531034
10.34193 -35.63215 30.23487 2.566763 0.117459 -0.37243 -0.897077 4.117585 0.218485 2.349807 2.68632 0.456639 -0.266843 2.928596 -2.110863
8.341934 -35.63215 30.23487 2.468679 0.681871 1.461135 1.048159 3.597183 0.190759 2.570654 2.506339 2.982106 0.744591 2.508476 -1.64619
6.341934 -35.63215 30.23487 0.363642 0.735436 0.261171 1.900786 3.307749 0.994026 0.825116 2.893852 1.908181 0.719983 2.820244 -0.467495
-3.658066 -35.63215 30.23487 1.560812 -2.343192 -2.755642 -1.053396 4.620264 -0.462207 4.104589 1.229364 3.689326 1.685468 5.930851 3.442903
-5.658066 -35.63215 30.23487 3.423887 -5.108243 -1.941151 -5.120582 1.758061 -3.884172 4.114005 1.269396 -0.031978 -2.157142 -0.810012 0.558938
-7.658066 -35.63215 30.23487 5.331275 -6.09374 1.15342 -4.193088 2.835115 -7.544711 8.664894 0.401826 2.064287 -1.293549 0.412098 -3.207026
-9.658066 -35.63215 30.23487 1.998838 -4.595311 -1.739377 -2.687855 2.859423 -4.259041 8.601691 4.197153 2.490231 2.054608 3.346954 2.036375
-11.65807 -35.63215 30.23487 0.881749 -5.281613 -1.164999 -1.465107 0.602249 -4.508289 6.159616 1.273285 3.329914 2.762318 1.443614 0.780039
12.34193 -37.63215 30.23487 0.926448 0.691632 0.630165 -0.206938 1.542878 0.3261 0.419292 1.107602 3.559624 -0.292363 0.940727 0.097455
10.34193 -37.63215 30.23487 1.649749 -0.249029 -1.223931 -0.75979 1.313147 1.056626 1.062448 2.76656 2.200691 -0.850384 -0.143932 1.314157
8.341934 -37.63215 30.23487 3.420503 -2.676797 0.470082 -1.53614 1.922063 0.246907 2.486521 2.509078 1.534187 0.00091 -0.03373 1.400927
-1.658066 -37.63215 30.23487 3.745999 -1.339693 1.418996 -0.152647 6.755222 -2.056357 5.324759 1.844863 4.396467 1.659474 6.971241 -0.16116
-3.658066 -37.63215 30.23487 1.494889 0.825652 -0.652697 1.664261 5.676131 -1.127279 4.124194 2.898504 3.731058 2.788702 5.259881 1.560758
-5.658066 -37.63215 30.23487 -0.877418 -0.967551 0.062668 -0.954402 0.379271 -3.832631 0.177572 1.08284 2.975929 0.134319 0.126293 -0.597389
-7.658066 -37.63215 30.23487 2.253842 -3.029362 4.186604 -1.249551 3.376425 -6.91838 3.570589 0.564677 5.930498 0.98453 3.376059 -2.459155
-1.658066 -39.63215 30.23487 4.102852 -2.752525 2.318483 -1.668322 5.434373 -1.811854 5.196618 0.206718 5.543028 0.460563 4.52421 0.339337
-3.658066 -39.63215 30.23487 2.096367 -0.26119 0.044959 0.817693 3.424345 -0.994296 3.932729 1.741532 3.216095 1.954254 1.567618 2.786894
-5.658066 -39.63215 30.23487 -1.411164 -1.526305 -1.536982 -0.772208 -2.896284 -1.610507 -0.169201 -0.548092 1.858436 -0.656481 -4.568917 0.679679
-9.658066 -39.63215 30.23487 1.061025 -0.520361 0.281292 0.455201 2.380145 -1.042751 0.280504 0.14511 2.379562 0.709613 2.509454 1.380593
-11.65807 -39.63215 30.23487 -0.731229 1.463204 -0.109273 0.038705 1.137368 2.382832 -1.950539 2.980906 2.07366 -0.695914 0.946222 3.602866
-3.658066 -41.63215 30.23487 0.799791 -3.94992 -1.717765 -0.612316 2.1548 -2.26871 2.85461 -0.735373 3.233114 1.52591 0.990527 2.491212
-5.658066 -41.63215 30.23487 -1.938639 -3.49584 -3.641656 -1.005905 -1.652912 -1.630473 -1.444823 -1.501081 -0.175581 0.498485 -4.266633 0.079122
-7.658066 -41.63215 30.23487 0.335719 -1.700391 -2.042341 -1.035755 0.105522 -0.421169 1.99718 -0.763979 -0.485842 -0.851279 -1.55346 -0.736625
-9.658066 -41.63215 30.23487 1.590093 -0.346915 -0.87867 -0.844911 2.27229 -1.844188 1.988177 -0.007886 0.994674 -0.203616 0.716973 -1.511677
-11.65807 -41.63215 30.23487 -0.56985 1.487937 -1.189434 0.456069 1.539187 0.252394 -0.747656 1.260381 1.9701 0.694565 0.17812 0.441773
-13.65807 -33.63215 32.23487 -1.742342 -0.177575 -3.5826 -1.002274 5.006481 -1.674394 -1.476375 4.384845 -0.338261 -0.390148 4.835408 -0.819294
8.341934 -35.63215 32.23487 1.171077 0.685672 0.957921 1.140404 2.605246 1.866577 0.273055 0.61491 0.431219 0.151366 0.91264 1.072219
8.341934 -37.63215 32.23487 0.694989 -1.842755 -0.706532 0.519579 2.243452 1.754505 2.173343 -0.356546 -0.174675 1.065994 0.420389 2.39462
-3.658066 -39.63215 32.23487 3.034433 -1.233196 3.324574 1.0846 5.273945 0.989934 3.757504 -0.301003 5.689487 1.784148 3.181474 5.083137
-5.658066 -39.63215 32.23487 -0.654412 0.234428 0.210043 -0.723488 0.320148 0.902789 -0.66117 1.386201 1.651004 -0.900733 -0.947328 2.487611
-3.658066 -41.63215 32.23487 -0.011971 -1.188999 -0.375605 2.338563 2.457669 0.498598 2.945016 -1.905667 6.05412 3.664057 1.322337 4.571907
-5.658066 -41.63215 32.23487 -0.325401 -0.921623 -1.691978 -0.314854 0.095097 0.337279 0.017024 -1.325706 0.967649 0.490625 -2.614672 1.559713
