1.202591 -2.702507 6.016354 -0.913712 2.511838 1.275317 3.54034 2.384896 1.380365 -0.023038 0.861606 -2.194595 -0.536946 -0.198106 3.839499
1.202591 -2.702507 8.016354 -0.983895 3.024378 -0.06034 -0.318289 1.068456 -3.460855 1.032347 -0.538665 -0.732125 -2.631215 -0.671729 2.615732
5.202591 -6.702507 8.016354 2.353663 -3.951029 3.754357 -2.725736 0.490606 -1.979208 -0.706104 -1.828466 -0.021524 -2.139828 -1.893213 -4.836591
-0.797409 3.297493 10.01635 -0.321483 -3.665031 -0.247511 -2.095598 -0.044369 -8.52379 -0.262627 -4.151438 -1.806292 -6.284956 -0.898979 -5.04408
-2.797409 3.297493 10.01635 2.708894 -1.169279 1.163468 -1.772253 0.830171 -3.350116 -0.197321 -3.941782 1.366194 -0.491902 0.194771 -3.415837
-0.797409 1.297493 10.01635 -1.809812 -4.569819 1.318031 -6.020647 2.280072 -13.66743 0.565458 -3.660095 0.56634 -9.530909 4.316001 -4.479257
-0.797409 -0.702507 10.01635 0.017578 -6.742741 0.823057 -4.875572 2.152581 -10.90592 -1.281446 -5.764599 0.315213 -10.58741 0.818112 -2.711247
7.202591 -2.702507 10.01635 0.561989 6.38458 3.732812 6.692854 1.304025 0.259305 -0.584751 2.215701 0.962765 -1.236246 -1.981188 3.153139
5.202591 -2.702507 10.01635 0.569706 5.145829 5.3509 0.437491 0.124747 -1.781817 -2.00243 -4.309218 2.451466 -1.965641 -1.601277 1.252446
1.202591 -2.702507 10.01635 0.167608 -5.165491 -2.723209 -4.311639 -0.683928 -7.399376 1.625625 -5.4814 2.128636 -1.48728 -0.167469 1.008118
-0.797409 -2.702507 10.01635 3.103453 -7.310175 0.063111 -2.697961 -0.035588 -4.178414 -0.495161 -6.540035 1.375206 -7.527746 -1.815203 -0.56758
5.202591 -4.702507 10.01635 1.766019 2.79307 3.351418 -0.995193 1.325981 -1.931615 -0.350162 -5.697324 3.026227 -5.711492 -3.289392 -0.965182
3.202591 -4.702507 10.01635 0.175265 -0.549469 1.386557 -7.179308 -0.553913 -2.318485 -0.245245 -6.744281 0.655798 -2.683005 -1.95692 -0.723152
-0.797409 -4.702507 10.01635 2.548012 -5.669895 -0.329752 -1.576019 0.967318 0.902835 -1.051235 -3.613047 -0.225532 -2.088248 -1.547619 1.713109
-2.797409 -4.702507 10.01635 1.208992 0.207929 3.998495 1.844927 0.989234 2.829289 -1.983122 -1.651466 -0.933615 -1.12411 -1.559396 1.827901
5.202591 -6.702507 10.01635 1.478355 -0.846204 2.180061 -3.531339 0.397831 -2.753029 0.480607 -6.423594 -0.901998 -7.758282 0.106258 -3.993718
3.202591 -6.702507 10.01635 0.278458 -2.671843 1.413824 -9.284068 0.698503 -2.65437 1.181498 -7.027094 -0.349837 -3.569351 1.29037 -2.705211
-0.797409 -6.702507 10.01635 2.638611 -3.015514 0.433914 -0.47169 0.161438 3.436233 -0.0432 0.186502 -0.400953 2.344327 0.529424 2.864562
7.202591 -8.702507 10.01635 -0.551363 -1.325297 -2.811993 0.441273 -0.514414 0.249988 -0.648168 -3.324647 -2.761719 -4.449583 0.05392 -4.164469
5.202591 -8.702507 10.01635 1.106145 -1.926582 1.306966 -3.970465 2.13952 -2.343847 -0.510534 -4.723561 -1.21227 -5.682488 2.453638 -5.920212
7.202591 -10.70251 10.01635 1.410302 -1.771047 -1.457183 1.456745 0.945686 2.396937 0.193686 -1.488978 -1.23885 -0.751973 1.260187 -4.226119
-0.797409 1.297493 12.01635 -2.548903 0.729842 0.931094 -8.537903 -0.465866 -7.066193 1.699479 0.269168 0.319994 -2.599344 1.421161 -0.957601
-2.797409 1.297493 12.01635 0.009616 4.398225 0.061121 -0.819643 2.931082 -2.271213 0.450431 -0.422504 2.597194 -0.300687 1.547868 -2.830245
5.202591 -0.702507 12.01635 -0.042357 -7.438671 3.907276 -3.521698 -1.032081 -4.371704 -1.923479 -5.955127 -2.353686 -8.015837 -1.318979 -2.749639
-0.797409 -0.702507 12.01635 -0.526355 -1.901203 2.834333 -6.003227 1.377094 -5.792257 1.388376 -5.121352 0.401165 -1.148598 2.334123 1.667271
-2.797409 -0.702507 12.01635 -1.164996 5.395261 0.212869 -0.422768 1.70147 -1.460433 -0.697167 -3.691332 -0.235297 -2.454926 0.290525 -2.15074
7.202591 -2.702507 12.01635 2.849171 -2.705172 2.491212 -1.613623 -0.38859 0.304919 0.354362 -1.476026 0.451894 -3.904218 -2.027901 -2.642279
5.202591 -2.702507 12.01635 0.917784 -4.185588 4.98204 -2.906629 -0.4073 -1.094768 0.080665 -4.368118 0.498134 -6.796022 -2.08076 -1.992741
-0.797409 -2.702507 12.01635 1.467965 -6.363911 1.913357 -1.52613 2.541949 -1.523275 1.722085 -7.469595 0.917467 -1.181441 -0.274086 1.155141
5.202591 -4.702507 12.01635 1.154457 -1.55312 1.971275 -1.971079 0.36131 0.79451 1.577029 -3.513306 1.727698 -4.827823 -1.467159 -0.874138
3.202591 -4.702507 12.01635 1.501711 0.190005 1.865156 -2.62009 -1.202155 -0.106509 -0.34428 -4.262103 -2.311778 2.335202 -2.683329 2.758718
-0.797409 -4.702507 12.01635 0.651216 -9.57134 -0.450735 0.366165 1.440581 2.024667 0.828217 -4.800531 -0.219977 -1.987842 -1.715413 -1.61545
-2.797409 -4.702507 12.01635 1.803613 -3.389072 2.859531 -1.340158 1.045241 1.578757 -1.200665 -1.759083 -1.216995 -2.71713 -1.620726 -3.358328
7.202591 -6.702507 12.01635 0.838052 -1.461095 -0.623557 1.769428 -0.119627 1.201479 0.332581 -3.813987 -0.653988 -6.610974 -0.203622 -2.718561
5.202591 -6.702507 12.01635 1.696695 -0.272337 0.803191 -2.148103 1.245297 -0.171099 1.627084 -4.790829 -0.210324 -3.992316 0.228634 -0.73225
3.202591 -6.702507 12.01635 -0.155477 -0.99514 -0.125104 -5.767173 -1.391249 -1.781456 -0.13877 -5.78064 -2.57316 1.28722 -1.01116 1.88044
-2.797409 -6.702507 12.01635 -1.730018 -4.854186 -0.941037 -0.955853 -1.404247 2.241272 -3.439753 0.040086 -1.751923 -0.752453 -2.879757 -3.146952
7.202591 -8.702507 12.01635 2.365498 -0.509818 -1.98481 1.688507 1.324236 1.019438 -0.890518 -4.919798 -1.011733 -4.998637 -0.575178 -2.760493
5.202591 -8.702507 12.01635 3.276137 0.055056 1.926878 -3.066193 2.819764 -2.839468 0.668129 -5.805962 0.116501 -3.177032 1.471684 -1.713122
3.202591 -8.702507 12.01635 0.998298 -2.687554 -0.497104 -7.836685 0.908868 -4.877789 -1.023952 -5.482102 0.37662 -2.391235 0.190326 -1.643216
7.202591 -10.70251 12.01635 2.462379 1.873129 -0.769938 3.357016 2.937637 2.306114 -0.584951 -3.352372 -0.028078 -0.041764 0.59164 -2.509912
-0.797409 -12.70251 12.01635 4.115968 4.386856 5.544631 1.611999 3.240692 1.783752 2.478719 2.719181 3.572607 0.735745 -0.416997 -0.165469
1.202591 -14.70251 12.01635 -1.165052 3.037619 3.323328 0.196982 -1.013465 2.432148 1.502042 3.564884 0.67755 1.475431 -2.707398 -1.072118
-0.797409 -14.70251 12.01635 4.388139 2.427634 6.560722 -0.23422 2.709328 0.609004 3.254888 1.160522 3.348947 -1.332428 -1.292653 -2.225642
-0.797409 5.297493 14.01635 -1.508012 1.973587 1.058054 -0.805335 -3.178172 1.358201 -2.282779 -2.138882 0.720251 -3.50373 -1.289716 -1.936445
-0.797409 1.297493 14.01635 -2.539789 -0.281358 -0.675452 -9.880918 -3.96226 -0.844826 -1.382708 3.431745 -1.894935 -4.108833 -0.096388 -4.429563
-2.797409 1.297493 14.01635 -3.901241 -1.569377 -1.660969 -5.042851 0.533525 -2.534891 -1.383044 1.582624 -0.079058 -1.221017 2.463663 -4.233738
7.202591 -0.702507 14.01635 -1.610235 -3.45654 -1.731409 -1.435923 0.09683 -0.703017 -2.266718 -2.649642 -2.489108 -3.1392 -2.719693 -6.276284
5.202591 -0.702507 14.01635 -1.063022 -4.367674 4.883489 -0.674264 -1.23717 -1.120975 -2.836522 -3.42792 -2.046027 -3.170628 -2.687568 -4.381305
-2.797409 -0.702507 14.01635 -1.664058 -0.345386 0.861484 -4.911035 1.184503 -0.263218 -1.520892 -0.764616 -1.712929 -2.626534 -0.258757 -6.506474
5.202591 -2.702507 14.01635 0.054273 -2.177489 3.434974 -0.132688 -1.122004 0.481272 -0.008668 -2.805287 -0.634649 -3.80541 -2.72486 -5.290332
-0.797409 -2.702507 14.01635 -3.466695 -0.49509 0.248425 -2.085754 1.895539 2.607098 0.173122 -2.469681 -1.274913 -0.698995 -3.995054 -0.895649
-2.797409 -2.702507 14.01635 -1.371491 -0.574141 0.132559 -4.099116 2.187241 0.82553 -2.074585 -0.900883 -2.977417 -2.761299 -0.993642 -5.147092
7.202591 -4.702507 14.01635 0.647652 -3.285403 -0.482068 -1.583031 1.93159 1.334308 1.413856 -2.870646 2.005804 -6.088326 -0.632401 -5.419029
5.202591 -4.702507 14.01635 -1.887254 0.169017 -1.40499 1.300903 -0.678958 1.515589 0.26147 -3.244632 0.065263 -4.213346 -2.268425 -4.120617
3.202591 -4.702507 14.01635 -1.876552 1.535701 3.138805 4.705059 -1.867683 1.903314 0.10438 -3.002602 -1.356064 -2.895691 -1.633716 -0.577412
-0.797409 -4.702507 14.01635 -3.832198 -0.665341 -2.253333 1.112696 0.081453 4.962048 -0.132606 -1.674492 -2.062542 -0.54472 -5.307004 -1.518552
-2.797409 -4.702507 14.01635 -0.945826 -1.376606 -2.335041 -2.659556 -0.76996 1.453938 -1.294106 0.395682 -2.592194 -1.335167 -2.700266 -2.593441
5.202591 -6.702507 14.01635 -1.437498 0.971943 -2.679364 2.331498 -0.114876 0.61762 -0.131721 -5.171169 -1.114197 -4.892615 -2.74712 -1.648731
3.202591 -6.702507 14.01635 -3.007168 1.258582 1.31195 2.417169 -1.88321 -1.112329 -0.838929 -4.300358 -1.73242 -5.455411 -2.894429 1.982091
-0.797409 -6.702507 14.01635 -2.449531 0.039353 -6.32181 2.322831 -2.92662 4.48874 -3.528777 -0.000182 -4.275192 -2.277718 -5.321632 -3.145823
-2.797409 -6.702507 14.01635 -4.760152 -0.508975 -4.34015 1.143698 -4.567194 2.181787 -2.365112 0.520602 -4.773577 -0.350378 -4.443861 -2.129996
7.202591 -8.702507 14.01635 3.793906 -1.70876 1.400119 -0.017555 1.497744 -0.924088 -1.239859 -4.346925 -0.427431 -3.451563 -3.629991 -2.153975
5.202591 -8.702507 14.01635 2.536855 0.653163 0.717601 0.909551 1.596223 -2.419195 0.388787 -6.469341 -0.461868 -5.678968 -1.957523 -0.400207
-0.797409 -8.702507 14.01635 0.514721 2.166465 -4.263042 1.828469 -1.391967 2.207204 -4.862435 0.568939 -3.465737 -2.678174 -5.156478 -2.599108
9.202591 -10.70251 14.01635 5.191687 3.846898 7.073102 2.299692 2.928362 3.458432 -2.361572 0.904622 -0.246039 2.400825 -4.022457 -0.016993
7.202591 -10.70251 14.01635 6.032559 0.617061 3.972433 -1.48457 3.016774 -3.021261 -2.29593 -3.029589 0.262901 -1.684968 -3.544398 -1.988677
5.202591 -10.70251 14.01635 2.785519 0.360741 1.98771 -2.19871 2.320141 -5.279334 -0.371716 -4.56975 0.671155 -5.110806 -0.290151 -0.682898
1.202591 -10.70251 14.01635 0.486685 -2.334733 0.337415 -5.294948 -2.214474 -3.776501 -2.058949 -1.2814 -1.000294 -3.048896 -2.466282 -2.628567
-0.797409 -10.70251 14.01635 0.396144 4.401247 1.447034 0.601781 0.275769 1.080776 -2.44191 0.598875 -1.041589 -0.262086 -1.357221 -0.25406
9.202591 -12.70251 14.01635 4.845276 6.123861 7.13839 2.422754 3.46962 3.448585 -2.113082 -0.076075 -1.640359 0.649463 -3.937227 2.625123
7.202591 -12.70251 14.01635 4.306886 2.228822 4.874448 -1.712803 2.688759 -2.088694 -1.276153 -0.662061 -0.701609 -1.25955 -2.447411 -1.948373
1.202591 -12.70251 14.01635 0.587263 -1.817377 2.605133 -5.660466 -0.694797 -1.155476 1.618078 -0.743505 0.872536 -0.75306 -0.456099 -2.760269
9.202591 -14.70251 14.01635 4.633458 4.886654 5.992803 2.07344 2.384931 2.999514 -1.031257 -1.270211 -1.711894 -2.116842 -1.961285 2.983412
1.202591 -14.70251 14.01635 -1.616655 -2.189334 1.603536 -6.423474 -0.617424 -1.19987 0.421925 -0.931955 1.087617 -2.747088 -1.342179 -3.705166
-0.797409 -14.70251 14.01635 1.946679 -2.473547 4.653066 -5.263155 2.046741 -3.221813 0.540168 1.677109 2.475607 -1.318057 -3.022634 -2.56112
-2.797409 -14.70251 14.01635 5.557563 1.01157 5.90109 1.060377 2.517299 -0.356061 0.947075 -0.705922 1.623149 -0.541196 -4.104896 -2.07793
1.202591 -16.70251 14.01635 -2.01556 -3.631782 1.500071 -5.829973 -0.838589 -3.527958 -1.786452 -2.562345 0.65897 -5.363647 -3.155617 -4.009562
-0.797409 -16.70251 14.01635 2.976628 -5.779762 5.042168 -5.100273 1.909887 -5.081419 -0.265249 0.111944 1.288143 -2.768229 -4.163925 -4.101756
-2.797409 -16.70251 14.01635 7.081177 -1.538657 6.018022 0.615543 2.719326 -1.411852 0.827443 -1.122898 1.027569 -2.511539 -3.646973 -2.755325
1.202591 -18.70251 14.01635 1.839188 -1.422279 5.157188 2.267856 1.429415 -1.324075 -1.247606 -1.578583 1.09162 1.371166 -2.550203 -0.596012
-0.797409 -18.70251 14.01635 6.922407 -3.579785 8.250078 0.620339 3.862534 -3.041622 -0.099992 -1.00528 1.352966 -0.603073 -4.536829 -3.158512
-2.797409 -18.70251 14.01635 6.828233 -2.48176 4.803786 0.781113 3.640499 -1.31482 -0.976878 -0.88468 0.464753 -2.955752 -3.041815 -2.695867
-2.797409 1.297493 16.01635 -1.04756 -3.612603 0.656977 -3.465674 1.933805 -4.791131 -0.924591 0.570257 -0.456085 -0.940747 3.206779 0.517705
-2.797409 -0.702507 16.01635 0.38225 -1.134122 -0.81935 -1.680587 1.117993 -1.04686 -1.619297 -1.168535 -1.209072 -1.078131 1.99339 -0.338625
-4.797409 -0.702507 16.01635 -0.39828 0.663778 -2.460604 -0.685388 -1.024759 4.286617 -2.606944 1.344987 -3.490641 0.44581 1.124324 0.185453
9.202591 -2.702507 16.01635 -1.882334 -0.39634 1.806494 -3.74896 1.763867 -2.6525 -2.022514 -0.633565 -2.056658 -0.027111 -1.684249 -0.415119
7.202591 -2.702507 16.01635 -1.326023 2.977219 1.62755 -1.505644 1.79592 2.076393 -2.00163 0.560282 -0.821846 2.765301 -2.593492 -2.394203
5.202591 -2.702507 16.01635 2.138398 7.71444 1.818618 3.869841 -0.127263 5.518162 -2.829008 0.557785 -1.007652 1.39016 -3.72281 -1.842886
-2.797409 -2.702507 16.01635 -2.609666 1.153308 -2.767696 0.237694 0.294505 0.982798 -2.423265 -1.292987 0.0812 -2.143731 -0.52583 -0.076671
-4.797409 -2.702507 16.01635 -1.785419 1.862476 -2.407096 0.360103 0.037299 5.340527 -2.210139 3.241876 -2.114956 1.439547 0.174517 0.978286
9.202591 -4.702507 16.01635 -0.392547 -2.964721 -1.874659 -6.057667 0.727313 -2.836833 -1.308134 -3.085263 0.38407 -1.842679 -4.038689 -1.744734
7.202591 -4.702507 16.01635 -2.171995 0.171738 -0.821305 -3.42823 0.232813 0.502239 -0.139934 -0.558078 0.046443 0.197475 -3.232467 -2.222436
5.202591 -4.702507 16.01635 -2.322731 6.329419 -0.981739 2.857539 -0.754341 4.036942 -1.267505 0.903613 -0.951285 1.293194 -3.204981 -0.986928
-2.797409 -4.702507 16.01635 -5.535316 2.323122 -3.584411 0.144248 -0.465524 -0.575292 -3.719178 0.416664 -2.072189 -1.608744 -4.116389 0.889816
-4.797409 -4.702507 16.01635 -2.439681 0.132555 -1.684869 -0.124462 0.053193 -0.260996 -2.329727 3.367604 -0.390632 0.220067 -2.331464 0.914991
9.202591 -6.702507 16.01635 -1.49184 -4.248971 -3.168103 -4.044625 -0.553897 -1.31594 -1.513853 -3.817578 2.318512 -3.263007 -3.215855 -2.63804
7.202591 -6.702507 16.01635 -3.944559 -2.318192 -4.862578 -1.677452 -0.175285 -0.183658 -1.172413 -1.796083 0.372232 -3.554088 -1.13998 -2.634239
5.202591 -6.702507 16.01635 -4.239854 3.644761 -1.033463 3.60367 0.656487 2.660536 -1.744586 -0.043653 -0.471932 0.119613 -0.38642 0.737793
-0.797409 -6.702507 16.01635 -0.889959 4.480062 -1.27352 1.405809 -1.489328 6.543343 -3.26892 2.226773 -2.937964 -2.398676 -4.252198 -1.237988
-2.797409 -6.702507 16.01635 -3.302629 3.379189 -1.587785 -0.335895 -3.460782 -0.170763 -3.294715 1.969224 -4.774992 -0.454344 -3.452904 1.350382
-4.797409 -6.702507 16.01635 -3.472676 1.472075 -4.043245 1.150901 -1.670898 -2.347279 -4.183439 1.935514 -1.86523 1.0006 -3.752646 1.020302
9.202591 -8.702507 16.01635 -0.561627 -4.039896 0.863177 -1.240936 -0.138832 -0.732133 -0.507967 -2.622557 3.078101 -3.128692 0.528882 -3.568459
7.202591 -8.702507 16.01635 -0.976649 -3.572403 -1.569788 0.686907 1.003339 -1.865112 -1.801716 -2.345233 0.773828 -5.369127 -0.671756 -3.882964
5.202591 -8.702507 16.01635 -1.600685 1.208945 -0.477174 3.597092 0.861718 0.727049 -2.005327 -1.813634 -0.734543 -2.384274 -1.017495 0.860394
-0.797409 -8.702507 16.01635 2.074308 3.660875 -4.625551 -0.0725 -1.369538 4.188665 -4.011208 4.730922 -0.275785 -2.64694 -3.147971 -2.032448
-2.797409 -8.702507 16.01635 -1.73832 2.592108 -1.546183 -0.510356 -2.758841 0.629945 -1.7424 1.808159 -2.831463 -0.15515 -1.501624 0.25228
-4.797409 -8.702507 16.01635 -3.698843 2.245672 -5.072889 0.602802 -3.400798 -2.041415 -3.563111 0.202239 -1.683119 2.314633 -4.155291 0.581025
7.202591 -10.70251 16.01635 2.005591 -2.93016 1.308558 0.708901 0.781789 -3.909377 -1.59051 -1.969494 -0.212544 -5.335885 -0.953915 -5.138392
5.202591 -10.70251 16.01635 -2.277319 0.382811 -1.737246 1.225625 -0.563351 -1.33441 -2.58114 -2.371189 -2.086231 -4.912125 -1.714612 -1.702379
-0.797409 -10.70251 16.01635 -0.309967 2.429472 -3.775368 -0.436442 -0.831161 1.195772 -1.791688 3.12708 2.329958 -1.035928 0.599656 -0.78204
-2.797409 -10.70251 16.01635 -2.483087 0.027978 -2.270462 -0.89762 -1.435179 -0.875783 -0.160622 0.568701 -0.048819 -0.344986 -0.852468 -0.625354
-4.797409 -10.70251 16.01635 -2.143044 -0.656382 -2.941479 -3.296268 -3.461677 -3.196576 -0.735708 -0.500467 -0.112341 1.696327 -2.081838 -0.627288
9.202591 -12.70251 16.01635 4.06356 3.658704 2.30225 1.926268 0.706511 3.2538 0.093334 -2.533179 -0.931305 -3.765002 -1.388568 -0.277438
7.202591 -12.70251 16.01635 2.842264 -1.60618 2.528907 -1.232792 -0.036081 -3.338599 -0.651983 -2.01845 -2.159591 -5.741811 -2.40691 -4.416216
5.202591 -12.70251 16.01635 -3.176564 -0.432885 -2.497942 -1.998972 -1.235725 -2.303091 -2.271992 -1.583842 -3.707894 -5.440074 -1.097975 -4.33113
1.202591 -12.70251 16.01635 -0.997981 -0.003845 -0.280225 -2.913038 0.295874 1.893833 3.145265 -3.706915 -0.475374 0.141026 -0.353782 -1.535571
-0.797409 -12.70251 16.01635 -2.163236 0.795343 -1.748034 -1.089199 1.05766 -0.276976 0.208934 -0.168904 2.874606 0.357708 0.830093 0.103001
-2.797409 -12.70251 16.01635 -1.858552 -1.685091 -1.723234 -1.312476 -1.223294 -2.427663 0.217508 0.000694 0.754746 -0.5229 -1.521943 -1.178646
9.202591 -14.70251 16.01635 5.355194 4.389424 3.32418 1.895189 1.022348 3.447993 -0.875442 -4.436606 -1.854538 -6.179441 -2.319021 2.420097
7.202591 -14.70251 16.01635 3.201653 -0.999606 2.276767 -1.827073 -0.35522 -0.574814 -0.553945 -2.318847 -2.651241 -5.288562 -1.99618 -1.302566
5.202591 -14.70251 16.01635 -2.051214 -2.435008 -2.042802 -2.939197 -0.84571 -1.655608 -0.981176 -0.550392 -3.308237 -3.272045 0.565573 -4.200915
1.202591 -14.70251 16.01635 -1.297403 -2.003311 -0.410847 -4.741557 1.167092 0.589943 3.486049 -4.877896 0.609633 -1.935971 -0.532522 -3.664511
-0.797409 -14.70251 16.01635 -2.02767 -2.325528 -1.630274 -2.675199 1.424423 -1.422611 -0.614069 -1.498327 1.349965 -1.099828 -1.480396 -2.328514
9.202591 -16.70251 16.01635 5.380738 1.757852 4.107947 0.666238 1.753811 -1.26909 -1.570009 -3.221835 -0.398198 -3.408328 -1.06523 0.846152
7.202591 -16.70251 16.01635 2.946318 -0.093466 1.099574 -0.684522 0.129153 0.018364 -0.842334 -1.257454 -1.597762 -1.227945 0.654092 0.691233
1.202591 -16.70251 16.01635 -2.766936 -2.790724 -3.083219 -3.880225 -1.371782 -1.350198 -1.776346 -3.573906 0.461549 -5.378385 -1.425082 -3.687968
-2.797409 -16.70251 16.01635 2.422005 -3.624218 1.693299 0.570903 -0.4537 -3.175043 1.930753 0.445642 0.989713 -3.691814 -0.172789 -3.481685
9.202591 -18.70251 16.01635 3.54962 1.301 3.925667 0.350364 2.427911 -2.255256 0.06263 -0.552041 0.976562 0.875697 0.841098 -0.868914
1.202591 -18.70251 16.01635 -1.098163 -0.188336 -2.498903 0.280954 -0.784159 -1.45438 -3.405685 -0.48104 0.040519 -2.3192 -1.770213 0.575758
-0.797409 -18.70251 16.01635 0.330243 -1.080636 0.348921 0.44655 -0.276413 -3.034022 0.421055 1.713784 0.736062 -2.460932 -0.864302 -1.020454
-2.797409 -18.70251 16.01635 2.40631 -4.423468 1.272455 0.976974 0.306006 -3.614701 1.372703 -0.468843 0.432242 -4.279594 -0.325595 -3.151196
-4.797409 -18.70251 16.01635 2.599317 -3.565759 3.198408 0.724126 1.593264 -2.511117 0.340032 -2.182943 0.586884 -2.532656 -0.577721 -2.906193
1.202591 -20.70251 16.01635 1.897814 2.417881 0.26664 4.058303 2.035511 1.398164 -1.204272 2.17574 0.291363 3.510309 -0.879986 3.427486
-0.797409 -20.70251 16.01635 2.517879 -0.561413 2.816943 0.680443 1.226775 -1.163313 1.575755 1.738689 1.989517 -1.147824 0.383522 -0.503285
-2.797409 -20.70251 16.01635 0.885077 -1.924862 0.728739 0.423902 0.604228 -2.243448 -0.009779 -2.003143 0.597508 -3.483559 0.007578 -2.748621
7.202591 -2.702507 18.01635 -0.178759 -0.642685 3.402143 -1.583714 0.75796 2.821527 -1.2564 0.644648 -0.12524 0.76902 -2.103944 -1.538985
-2.797409 -2.702507 18.01635 -2.662257 1.357739 -3.035858 1.969696 -1.240631 1.595223 -1.577884 -0.715972 0.875623 1.436448 -2.697414 3.283512
-4.797409 -2.702507 18.01635 2.165643 2.139977 -0.247375 2.948011 0.902297 2.961058 0.220924 3.018871 -0.030679 5.96488 -2.205226 5.241781
9.202591 -4.702507 18.01635 0.980216 -3.814181 0.699151 -5.026499 2.602152 -2.459962 -1.685122 -1.145644 -1.622564 -1.622667 -5.153071 -0.270015
7.202591 -4.702507 18.01635 -1.061529 -2.9796 0.041698 -3.872233 -0.792812 2.582922 -0.352401 -0.753217 -1.685962 -0.223587 -2.142899 -2.175863
-2.797409 -4.702507 18.01635 -4.670589 1.928984 -2.489238 2.280445 -1.18592 2.76323 -2.92161 0.289758 -0.010198 1.709872 -4.751984 3.345237
-4.797409 -4.702507 18.01635 1.583091 -1.599739 1.529556 2.397716 1.929939 0.441711 -0.78834 5.108232 0.34307 4.321997 -2.328754 3.211754
9.202591 -6.702507 18.01635 0.494725 -4.023906 0.07505 -3.65721 0.266186 -0.615784 -1.012832 -1.030724 -1.090136 -0.814175 -6.400693 0.407963
7.202591 -6.702507 18.01635 -1.230665 -2.888402 -1.070228 -1.977245 -2.106689 3.240437 -1.163451 -1.379318 -2.145699 -2.142489 -2.267213 -2.310397
1.202591 -6.702507 18.01635 3.80436 -0.528645 4.631331 -2.799553 2.307462 2.780558 -2.711332 -3.730577 -1.693762 -1.633904 1.166776 -2.995747
-0.797409 -6.702507 18.01635 0.653947 0.582961 0.742909 -2.695574 1.374386 2.633402 0.378026 -1.178875 0.044762 -1.489966 -1.051675 -0.918888
-2.797409 -6.702507 18.01635 -1.466293 1.169825 -0.862244 -0.938633 -1.111524 2.385523 -2.443266 2.087157 -2.303202 1.673455 -3.364682 2.662056
-4.797409 -6.702507 18.01635 1.368124 -2.619577 1.598306 0.104496 0.550559 -1.462335 -2.4153 4.005238 -1.677181 1.479698 -3.589545 0.483965
9.202591 -8.702507 18.01635 -1.449016 -2.877484 -1.041869 -0.021475 0.792264 0.068679 -1.778951 -0.429227 1.425781 -1.478056 -1.474955 -0.36486
7.202591 -8.702507 18.01635 0.693603 -2.174606 -0.225418 2.18377 -0.499923 2.2854 -2.36553 -1.446625 -0.907996 -3.802768 0.532002 -3.188225
-0.797409 -8.702507 18.01635 1.20493 0.210923 -1.261336 -2.213293 0.007036 4.807654 1.217577 3.729006 1.1155 1.031588 -0.847938 0.451045
-2.797409 -8.702507 18.01635 0.054102 -0.736654 -0.121729 -5.122756 -0.908414 1.443385 -1.582658 2.920922 -2.045916 1.452852 -2.135783 1.538864
-4.797409 -8.702507 18.01635 1.711156 -1.146179 1.100512 -2.614889 -0.314125 -1.384216 -3.094821 0.979281 -1.400687 1.183571 -3.618207 -0.695287
9.202591 -10.70251 18.01635 0.036362 -1.370705 -2.824202 1.572086 0.534461 0.012983 -0.389165 -0.45489 1.864384 -2.183635 1.959384 -2.738569
7.202591 -10.70251 18.01635 3.395925 -1.691162 0.482676 4.319101 1.01564 -0.37796 -0.353471 -2.078551 0.037875 -3.958037 2.010684 -4.4039
5.202591 -10.70251 18.01635 1.45684 0.575901 0.857037 4.1311 -0.040724 2.499359 -1.461225 -2.409246 -0.422715 -1.621931 -0.466795 -1.235598
-0.797409 -10.70251 18.01635 -0.881446 -0.907268 -1.952971 0.424465 -2.214703 3.267663 1.606858 4.07272 3.329492 2.253113 0.14727 0.272663
-2.797409 -10.70251 18.01635 -0.604953 -3.125716 0.025743 -4.991404 -0.055266 -0.049048 -0.490969 0.676481 -0.182569 -0.461906 -0.168031 -0.278105
-4.797409 -10.70251 18.01635 2.728756 -1.05183 1.468986 -4.027861 -0.165761 -1.506457 -2.219047 -1.032127 -0.881246 2.463076 -1.127763 -0.822
5.202591 -12.70251 18.01635 -0.028145 0.452147 -1.059717 2.13944 -0.139027 -0.016997 -1.134059 -3.898154 -0.393105 -2.58727 -1.262685 -2.389585
3.202591 -12.70251 18.01635 -0.945653 1.51341 -3.01337 2.491866 -2.325142 3.87103 -3.764358 -4.491462 -2.127392 -2.114648 -4.682889 1.693373
-2.797409 -12.70251 18.01635 0.37559 -4.114534 0.861265 -1.760471 1.510395 -1.982526 0.361613 -0.863478 0.742291 -1.366967 1.319705 -1.165777
-4.797409 -12.70251 18.01635 3.684058 -1.138822 2.093441 -2.673696 -0.011869 -1.930143 -0.923266 -0.020783 -1.549121 3.064358 1.278408 -0.721861
5.202591 -14.70251 18.01635 -1.015106 -1.022083 -0.844788 0.810445 -1.062785 -0.415064 -1.575754 -3.380075 -0.27788 -2.029305 0.076732 -3.057169
-0.797409 -14.70251 18.01635 -0.648351 -0.530767 -0.528896 0.46543 0.847464 0.427278 -0.616539 -0.745367 2.390001 -0.112416 0.738693 -1.075393
-2.797409 -14.70251 18.01635 1.33563 -2.802607 0.090676 1.579633 0.908888 -2.848847 -0.103388 -0.168046 -0.209118 -0.689587 -0.217131 -1.787779
-4.797409 -14.70251 18.01635 3.588133 -0.573924 1.486898 1.470446 -1.01327 -2.222564 -0.079551 1.82305 -0.592855 1.359731 1.469685 -1.932725
9.202591 -16.70251 18.01635 2.899633 -1.479016 1.402912 -0.905162 -0.287736 -1.381704 -1.333668 -4.050714 -0.314777 -3.443558 -1.310528 -1.958739
7.202591 -16.70251 18.01635 2.155832 -0.60825 2.015829 1.336245 0.053762 0.37449 -1.099734 -1.916228 -0.146009 -1.603726 0.382297 -0.695415
5.202591 -16.70251 18.01635 -2.029429 -0.333854 -2.05837 3.157016 -1.565558 1.471614 -1.989119 0.458518 -1.16702 0.103858 -1.75197 -0.941608
1.202591 -16.70251 18.01635 -1.427383 3.418855 0.343977 0.172152 -2.319369 4.561508 -3.347366 0.938321 -1.116193 -4.426936 -4.224861 -2.273711
-0.797409 -16.70251 18.01635 -0.270663 1.162046 0.556038 -0.822644 -0.462729 2.17411 -1.076101 -0.323968 -0.062739 -2.629291 -1.58211 -2.573526
-2.797409 -16.70251 18.01635 1.730524 -1.262731 0.598025 2.52082 -1.135312 -1.843193 1.18442 -0.680549 0.28316 -1.864791 0.015892 -3.364096
11.20259 -18.70251 18.01635 -0.867944 -1.481642 0.708407 -3.325557 -0.631522 -1.812889 -0.435111 -0.400141 0.264455 -1.949455 -1.037318 -3.054878
9.202591 -18.70251 18.01635 2.157295 -0.242823 3.285334 0.380264 0.706651 -2.212666 1.102875 0.872478 1.239595 -0.10034 -0.863926 -1.686458
7.202591 -18.70251 18.01635 0.679922 0.030511 1.75421 0.20411 1.025638 -1.159682 1.084223 1.885422 0.374714 0.608378 0.366791 1.515678
5.202591 -18.70251 18.01635 -0.898875 1.367088 -0.317233 0.975772 -0.805814 -1.33943 -0.244143 2.150633 -0.056655 1.403229 -1.854788 1.601526
1.202591 -18.70251 18.01635 -0.824353 1.405015 -1.65161 -0.392153 -1.819879 2.782595 -2.957196 0.789884 -0.73602 -6.557389 -3.733997 -3.847238
11.20259 -20.70251 18.01635 1.267044 -0.524953 2.81941 -2.113009 0.807001 -2.656671 0.543105 -0.780825 0.5409 -1.189374 -0.696679 -1.746715
1.202591 -20.70251 18.01635 1.833545 -2.102896 -2.898206 -3.805908 0.941563 -0.717365 -0.886969 0.040922 -0.180817 -4.841917 -0.356921 -1.202438
-0.797409 -20.70251 18.01635 2.632632 -1.7544 0.677114 -2.486 0.602335 -1.788972 2.653863 -0.946446 1.399722 -4.723995 2.324734 -1.509759
-2.797409 -20.70251 18.01635 1.554013 -2.521969 0.140899 -0.909755 -0.763458 -1.811015 1.419196 -2.07853 0.746715 -4.990039 2.168781 -3.242264
-0.797409 -6.702507 20.01635 0.208377 -3.534884 -2.38074 -3.289785 0.086438 -3.810872 -1.200968 -4.389019 0.802512 -0.222242 1.158434 -3.332841
-2.797409 -6.702507 20.01635 -1.38535 -0.70928 -1.951721 -1.37097 0.533285 1.073748 -1.119967 -2.226967 0.611338 1.113936 0.92941 -0.669764
9.202591 -8.702507 20.01635 1.602211 0.928084 3.604028 0.229856 2.253477 3.687256 0.233501 1.601599 -1.352767 2.174479 -1.187909 2.005315
7.202591 -8.702507 20.01635 1.716673 0.88593 1.938759 1.084835 -0.484795 4.880129 1.411484 1.21487 -0.471078 0.490261 1.288784 -0.34939
1.202591 -8.702507 20.01635 -0.051779 -2.060406 -2.84452 -2.854325 3.006214 0.667233 0.411857 -4.943825 -0.613006 -3.105902 1.924053 -2.638204
-0.797409 -8.702507 20.01635 -1.298444 -2.662217 -4.599617 -2.208959 -0.597874 -0.952623 -0.614378 -1.296616 -0.853599 2.282603 -0.726853 -1.49105
-2.797409 -8.702507 20.01635 -0.498895 -1.093096 -1.889855 -1.684034 1.201499 -0.062118 -0.885767 -0.24423 0.714445 1.806317 -0.72355 -2.131866
-4.797409 -8.702507 20.01635 1.150136 -0.007348 1.976347 0.504656 2.024995 -0.334875 -0.928629 -0.808934 1.419296 -0.861907 -1.275318 -1.724952
11.20259 -10.70251 20.01635 -1.85134 -0.59592 -0.312511 -1.347088 -0.079433 -1.479843 -1.072537 0.472296 0.134709 2.405206 -0.259392 -0.240952
9.202591 -10.70251 20.01635 1.946173 0.298027 1.592822 0.39815 2.20807 1.261133 -1.822949 0.267607 0.350383 0.885382 0.075422 -0.064333
7.202591 -10.70251 20.01635 3.770361 -0.16736 1.580811 2.163109 0.517613 2.724888 0.224859 0.267238 0.595443 0.357955 2.44886 -0.966398
1.202591 -10.70251 20.01635 1.613152 -2.783293 -1.677585 -0.79377 2.769003 2.395324 0.224031 -2.524412 0.157778 -1.542412 0.262928 -0.690704
-0.797409 -10.70251 20.01635 -2.328645 -1.924544 -2.73457 0.43249 -1.538542 1.865489 -0.133591 1.402539 0.050839 2.165833 -2.231349 -0.085192
-2.797409 -10.70251 20.01635 -1.382762 -0.471414 -1.76251 -0.713935 0.099529 0.505576 0.644221 0.159743 0.14463 0.813611 -1.642853 -1.615754
-4.797409 -10.70251 20.01635 1.330798 -0.08321 0.868966 -0.063813 0.894099 -1.83497 -0.429319 -3.47832 0.978156 -1.186562 0.094545 -1.106793
11.20259 -12.70251 20.01635 0.838877 -2.125687 -1.373374 -2.317431 0.762253 -1.489635 -1.127715 -1.026861 0.368478 2.222368 -1.026665 -3.744276
9.202591 -12.70251 20.01635 1.623048 -0.72753 -0.619443 -1.053351 0.610687 0.19839 -2.276145 -1.582509 -0.354553 -0.274215 -1.696366 -3.552224
7.202591 -12.70251 20.01635 2.229105 -1.06034 -0.084201 0.2185 0.34603 -1.616058 0.101722 -2.110892 -0.462304 0.110182 -0.39256 -2.089758
5.202591 -12.70251 20.01635 0.120396 0.645034 -1.760743 0.938684 1.285482 -0.776425 0.895853 0.283707 1.533126 2.434775 -1.475046 -0.190524
-0.797409 -12.70251 20.01635 -0.236278 -1.397855 -0.53717 2.116604 0.423992 0.675232 -1.15723 0.520625 2.826149 0.904291 -1.839304 -0.442238
-2.797409 -12.70251 20.01635 0.649815 0.198262 -0.415435 1.836013 1.485332 0.933497 -0.059664 -0.107196 -0.398026 0.737582 -1.351958 0.109793
-4.797409 -12.70251 20.01635 2.857096 1.094166 1.976339 0.637582 0.177708 0.152567 -1.454565 -2.743079 -1.551113 1.465327 -0.488837 0.749313
9.202591 -14.70251 20.01635 0.578462 -2.3264 0.058421 -1.060624 -0.230823 2.141506 -1.801811 -3.504586 -1.145609 -2.616785 -3.617441 -2.830533
7.202591 -14.70251 20.01635 0.314554 -1.468782 0.014865 0.013186 -0.395405 -0.699056 -0.975828 -3.324529 -1.088638 -1.267114 -3.461276 -1.937632
5.202591 -14.70251 20.01635 -1.201587 -0.12296 -3.168327 1.348431 1.21531 -2.936426 -2.320188 -0.512986 1.132462 2.867013 -3.388492 -0.538015
-0.797409 -14.70251 20.01635 -0.445388 -0.850434 -0.636001 0.772656 1.950107 -1.330912 -1.919011 -0.709813 2.630089 -0.15323 -0.568216 0.025402
-4.797409 -14.70251 20.01635 3.892161 2.743786 2.015575 2.289843 1.112216 2.027313 -1.789874 0.983595 -2.964603 3.34703 -0.054897 2.432076
-6.797409 -14.70251 20.01635 2.713405 3.430984 2.422936 2.600702 -0.070103 1.103345 -2.001426 1.20777 -1.58157 4.128347 0.476024 1.747378
5.202591 -16.70251 20.01635 -1.787415 -1.099898 -3.073485 2.203369 0.508703 1.222561 -2.939976 -1.56916 -0.30289 2.350136 -2.652199 -0.475814
3.202591 -16.70251 20.01635 -4.368525 0.91776 -6.918179 1.812185 -1.304265 2.507845 -6.071662 0.631404 -1.434446 0.31045 -1.824425 -0.778933
-0.797409 -16.70251 20.01635 -0.996642 0.672464 -1.437274 0.246106 1.761065 1.196259 -2.145325 0.95282 0.033817 -1.746228 -1.550479 1.582284
-2.797409 -16.70251 20.01635 1.653706 1.80639 -0.118532 2.432181 2.08972 1.019014 -0.304785 -0.098559 -0.431621 0.007902 0.431003 1.11889
-4.797409 -16.70251 20.01635 3.621224 2.218675 -0.170483 4.122753 1.666478 2.203524 -0.04041 1.65259 -2.169866 2.017535 0.786386 1.338062
9.202591 -18.70251 20.01635 1.787535 -1.238658 2.862978 2.647517 -1.373064 2.418795 -0.318612 -0.975531 0.207649 -1.355734 -0.441487 -0.431297
5.202591 -18.70251 20.01635 -1.214617 0.05086 -1.50091 2.243563 -0.451271 0.658615 -1.452839 -0.188399 -1.747809 2.524008 -1.954777 1.048369
3.202591 -18.70251 20.01635 -2.084581 1.505054 -3.212587 2.398708 -1.911908 3.027683 -4.972353 1.676637 -1.956682 0.460637 -1.71543 -0.580667
1.202591 -18.70251 20.01635 -1.267379 1.37548 -1.413425 2.874452 -0.927356 3.579438 -4.209013 2.684342 -0.898148 -2.708681 -1.652009 -0.663355
-0.797409 -18.70251 20.01635 0.947005 1.596649 -0.441945 2.009619 1.590365 1.814529 -1.266679 1.761102 -1.27335 -1.470349 -1.527071 0.218676
-2.797409 -18.70251 20.01635 2.177063 0.531381 -1.826351 0.697528 0.350997 0.827926 0.749947 -1.080179 0.372498 -3.69373 0.75342 -0.532966
-4.797409 -18.70251 20.01635 2.611515 -0.587692 -1.061839 2.71105 0.467437 1.538299 0.952409 -0.523381 -0.63599 -2.30305 0.28876 -0.120973
11.20259 -20.70251 20.01635 1.391259 3.074017 0.506667 1.532506 -1.086909 3.185179 0.065048 -1.042506 0.208258 0.843504 -1.589571 0.61197
9.202591 -20.70251 20.01635 1.38126 2.433595 1.379119 4.173109 -0.871036 1.79912 1.196113 -0.147741 -0.913067 0.25133 -0.973702 1.431475
7.202591 -20.70251 20.01635 1.028394 2.579062 2.068268 4.868181 -0.701083 0.508363 1.238024 1.076582 -0.904038 0.131312 -0.896855 2.698747
5.202591 -20.70251 20.01635 0.347577 1.13322 1.398285 1.923332 -0.720066 -0.896588 -0.535361 -1.070112 -1.234566 -1.008236 -1.503388 0.29509
1.202591 -20.70251 20.01635 3.081973 0.647955 0.2704 -1.343349 0.455303 1.353241 -2.156115 1.135317 0.091313 -2.995533 0.612702 -0.670123
-0.797409 -20.70251 20.01635 3.131516 -0.446968 1.274262 0.055783 2.25282 -1.096555 0.225115 0.183357 -0.479386 -2.627348 1.989047 0.565621
11.20259 -22.70251 20.01635 0.929387 2.445151 0.814367 1.091559 -0.975362 2.058559 -1.303592 -0.737792 -0.759683 0.63824 -2.615358 0.870014
5.202591 -22.70251 20.01635 1.002905 1.494738 2.668354 0.186737 0.317847 -0.505175 -0.884062 -0.922532 -0.5576 -1.273543 -1.116831 0.158368
1.202591 -8.702507 22.01635 -5.714538 -2.798471 -5.720539 -4.786159 0.468328 -4.915386 -4.54724 -7.025163 -1.998699 -3.656518 -3.468949 -3.978108
-0.797409 -8.702507 22.01635 -2.418086 -2.691036 -2.498171 -1.073101 -1.231192 -2.153694 -2.33674 -3.352636 0.05953 -0.537194 1.29496 -3.630396
9.202591 -10.70251 22.01635 1.486647 0.68688 1.406779 -1.632041 2.821921 3.057212 0.252721 -0.078516 3.296206 1.409201 1.554495 2.039724
7.202591 -10.70251 22.01635 1.946514 1.095121 1.604296 0.249485 2.259158 3.775821 0.282689 1.042175 3.063422 2.001919 2.569455 0.712567
1.202591 -10.70251 22.01635 -2.89319 -3.459834 -4.752636 -2.170863 -2.908669 -2.696725 -3.828254 -3.934292 -2.981812 -1.777112 -3.05641 -2.48824
-0.797409 -10.70251 22.01635 -2.138583 -0.435302 -2.72411 -0.195443 -3.678123 0.54379 -1.333806 0.737307 -0.425762 0.318942 -1.876357 0.124218
11.20259 -12.70251 22.01635 1.190748 0.655034 2.151567 -1.874671 2.825516 -0.991091 1.569608 -1.179591 2.880986 0.126076 -0.51638 -1.869029
9.202591 -12.70251 22.01635 0.794348 -0.003955 1.283486 -0.703433 1.981516 0.824099 0.560224 -0.242535 2.884629 1.01775 -0.915592 -0.697237
7.202591 -12.70251 22.01635 0.803131 -1.646988 0.110598 -0.635929 1.46015 -1.259016 -0.037594 -1.933122 0.814271 -0.510888 -0.151821 -1.424243
5.202591 -12.70251 22.01635 -0.716503 -1.231488 -3.090478 0.034871 0.857262 -1.397866 0.169319 -1.136349 -0.432801 -0.791664 -1.838017 -0.953175
1.202591 -12.70251 22.01635 -0.219463 -3.042247 -2.622993 -0.58195 -0.813797 -2.473998 -3.069275 -3.63824 -1.595907 -0.435789 -1.922513 -1.91236
-0.797409 -12.70251 22.01635 0.390073 0.130387 -1.492985 1.962619 -2.116663 0.585095 -2.473179 1.03433 1.557485 0.395362 -3.132403 0.602402
-2.797409 -12.70251 22.01635 0.577227 0.910153 0.357015 1.918326 0.124975 1.118697 -0.520809 2.076483 1.445357 0.930741 0.25463 0.905175
-4.797409 -12.70251 22.01635 -0.987315 -0.736695 -0.756 -0.211037 0.5654 -0.382133 -0.381704 -0.843262 -0.531876 -0.394671 -0.602195 -1.257598
11.20259 -14.70251 22.01635 2.179261 -1.546256 1.09863 -2.024843 2.393062 0.445588 1.330106 -2.051381 1.062504 -2.662561 -1.306023 -3.562888
9.202591 -14.70251 22.01635 0.474499 -1.121061 0.511966 1.103632 1.085311 3.191599 -0.146706 -0.43227 0.14204 -3.553184 -0.684631 -2.384869
7.202591 -14.70251 22.01635 1.592156 -0.940831 0.747961 1.065006 0.414769 0.097588 0.81768 -1.109067 0.146412 -2.368986 0.147642 -1.13531
5.202591 -14.70251 22.01635 1.069701 0.91756 -1.738381 1.262752 0.654656 -0.680882 -0.381048 -1.449181 -0.978125 -0.981185 -3.100626 -0.000473
-0.797409 -14.70251 22.01635 1.38349 -2.482329 0.300736 -1.378337 0.975475 -1.85642 -2.65022 -1.081982 0.651724 -0.758109 -2.598162 -1.91517
-2.797409 -14.70251 22.01635 0.812715 -0.891102 1.691024 0.856511 0.781684 1.28215 -0.91741 0.89338 0.417356 1.865507 -0.702773 -1.079149
-4.797409 -14.70251 22.01635 2.665787 0.654974 0.87563 -0.248479 1.450146 0.753497 0.311595 0.647266 -0.130983 2.044117 -0.955307 0.020968
-6.797409 -14.70251 22.01635 0.221684 2.781451 -0.085378 -1.388607 -0.625906 -0.766243 0.046245 0.369124 -1.627929 1.219283 -0.790732 0.859587
11.20259 -16.70251 22.01635 1.112941 -1.642809 -0.267673 0.085469 1.595309 1.522365 -0.58938 -2.051365 -1.687828 -2.868732 -1.877457 -1.563709
9.202591 -16.70251 22.01635 -0.947638 -0.895824 -0.846812 3.775279 -0.77967 4.908794 -1.949846 0.064089 -1.861327 -2.058016 -2.27652 -0.411019
7.202591 -16.70251 22.01635 0.326338 0.360195 0.67246 2.226594 -0.640482 4.088311 -0.319879 0.673376 0.094155 0.676729 -0.958625 0.137968
5.202591 -16.70251 22.01635 1.425187 0.218008 0.332867 -0.723705 0.200767 1.45325 -0.213122 -1.578954 0.035462 -0.818901 -0.750434 -1.696184
-0.797409 -16.70251 22.01635 -0.460983 -3.29869 -0.313765 -4.305875 1.496124 -1.116103 -2.514002 0.137235 -3.158173 -2.14504 -3.445899 -1.42532
-2.797409 -16.70251 22.01635 0.633607 -0.689769 -0.164247 -0.932143 -1.326419 1.056697 -1.091957 0.757688 -1.599916 1.404259 -1.938913 -1.700375
-6.797409 -16.70251 22.01635 1.532834 0.56319 0.813843 -0.811098 0.702103 -0.542657 -0.026963 2.01097 -1.958141 2.419073 -1.065759 2.224915
9.202591 -18.70251 22.01635 -0.385615 -1.339163 0.136574 1.242151 -1.255708 4.444548 -3.217749 -0.206324 -1.13452 -1.262871 -2.81219 -0.744706
7.202591 -18.70251 22.01635 -0.780995 -1.218429 0.01595 0.159209 -1.373609 0.278987 -1.492918 0.198469 -0.636007 0.390157 -1.754723 -0.605856
5.202591 -18.70251 22.01635 0.017815 -1.191335 0.623672 -0.404119 0.275793 -1.17229 -0.354629 -1.258177 -0.097434 -1.306449 1.414043 -1.679354
-2.797409 -18.70251 22.01635 0.170586 -1.005472 -2.774595 -0.913174 -2.699244 0.754187 -1.903443 0.664838 -2.470802 -0.323418 -2.93521 -0.371366
-4.797409 -18.70251 22.01635 2.794908 -2.164764 -1.360016 -0.790769 0.518002 0.207058 -0.852141 1.313052 -1.967323 0.714294 -1.156198 0.836186
-6.797409 -18.70251 22.01635 4.305106 -1.580877 1.873495 0.621499 2.550272 1.95071 -1.109477 1.679313 -1.87397 0.974926 -0.715967 -0.32283
5.202591 -20.70251 22.01635 0.057141 0.625361 -0.076352 4.346385 -0.036293 -1.827557 -0.310417 -0.570273 -0.514917 -1.965365 1.517936 0.966921
9.202591 -12.70251 24.01635 -0.837316 -0.10715 -0.199026 0.850545 1.111679 -0.012449 0.403053 0.260228 1.604799 1.229973 -1.441491 1.817582
7.202591 -12.70251 24.01635 -0.111503 -2.221766 -0.894931 1.026969 0.86366 -0.283523 -0.382092 -0.325352 1.521412 -1.166291 0.45534 -0.300617
5.202591 -12.70251 24.01635 0.309709 -0.853338 -1.20029 1.555217 -0.049077 -0.44019 0.185783 -0.617091 0.951127 -1.917093 0.61248 0.213536
-0.797409 -12.70251 24.01635 -1.441571 1.54836 -1.185583 1.472846 -2.181362 -0.231622 -3.660594 0.473958 -2.280875 -0.286822 -3.321135 -0.262749
11.20259 -14.70251 24.01635 0.188906 -0.124299 -0.555307 -0.730293 0.624563 -1.235544 -0.694545 -0.273653 0.376888 -1.244641 -1.631706 -2.469201
9.202591 -14.70251 24.01635 -1.236736 1.35691 -0.1061 1.116909 0.350469 2.557025 -0.619722 -0.094199 1.665481 -1.631538 -1.094436 -1.02909
7.202591 -14.70251 24.01635 0.766498 -0.69587 -1.085848 0.044995 0.524103 0.823639 0.089618 -0.164702 1.263891 -0.748926 1.257597 -1.644068
5.202591 -14.70251 24.01635 2.059593 -0.232908 -0.148223 -0.91649 1.880575 -0.658742 0.300021 -0.972609 1.16227 -1.752819 -0.120686 0.471431
1.202591 -14.70251 24.01635 -4.078197 -4.953925 -0.601903 -6.450652 -0.142037 -2.364598 -1.470839 -3.824354 -3.418904 -3.267901 -5.113429 -5.551383
-0.797409 -14.70251 24.01635 -1.085933 -1.555104 -0.608447 -1.961528 -1.059276 1.876244 -4.736931 -1.335564 -2.469309 -1.657467 -2.640999 -2.797628
-2.797409 -14.70251 24.01635 0.453535 0.868461 1.341659 -0.855154 -1.97001 1.547172 -1.651425 0.830386 0.31163 -0.992416 -0.145678 -2.034823
-4.797409 -14.70251 24.01635 1.002056 0.096118 0.147531 -2.001098 -1.384329 0.524526 -0.402391 1.666849 0.692854 -0.880962 -0.829432 -1.363805
-6.797409 -14.70251 24.01635 -1.028704 0.17923 -0.955239 -3.361862 -0.115801 0.463835 0.224263 2.012033 -0.94549 -0.108273 0.489467 -0.382175
13.20259 -16.70251 24.01635 -0.166277 -3.346304 -1.199876 -5.960342 -0.000176 -3.472166 1.114138 -2.227201 -0.829216 -3.953884 1.686345 -3.189472
11.20259 -16.70251 24.01635 -0.525151 -1.886736 -0.575699 -0.754809 -0.520721 0.248076 -0.329939 0.007016 -0.611031 -2.515127 1.154801 -2.31969
9.202591 -16.70251 24.01635 -3.275972 -0.207087 -1.76667 1.785943 -1.647201 2.503922 -2.026268 -0.055653 -0.056147 -2.099399 -0.195552 -1.440189
7.202591 -16.70251 24.01635 -0.070816 -0.149128 -1.07497 -1.381686 -0.327764 1.556463 -0.413309 -0.965753 0.668462 -1.596329 0.469608 -2.792024
5.202591 -16.70251 24.01635 2.963602 -1.146212 1.147161 -3.961893 1.367355 0.587485 0.122302 -1.818859 0.916077 -4.19275 -0.340211 -3.644995
3.202591 -16.70251 24.01635 1.66952 -3.712749 0.68769 -8.226127 0.229836 -3.807147 2.276005 -3.724271 0.487232 -6.631246 -1.447589 -4.921984
-0.797409 -16.70251 24.01635 -1.426086 -1.066655 0.300266 -3.460879 0.047552 0.970698 -4.591612 0.059564 -3.390201 -1.900368 -2.586082 -2.619348
-2.797409 -16.70251 24.01635 -0.203442 0.313762 0.848633 -2.05983 -1.772567 -1.686863 -1.377627 1.10279 -1.201555 -0.272457 -1.079962 -1.648825
-4.797409 -16.70251 24.01635 1.917158 -0.987351 1.912338 -1.47548 -0.024119 -1.513782 -0.63486 2.986264 0.022168 0.588476 -1.026926 0.69961
-6.797409 -16.70251 24.01635 -0.126176 -0.278116 -0.409692 -2.648886 -0.395856 1.284398 -0.71708 2.840834 -0.884595 0.572665 -1.416124 0.701993
13.20259 -18.70251 24.01635 0.486481 -1.984635 1.2215 -1.039219 0.985234 -1.844578 -0.642589 -2.926043 -1.011117 -4.120286 1.051472 -2.923591
11.20259 -18.70251 24.01635 1.116031 -0.959263 1.133951 2.850213 0.4043 1.78449 -0.568617 -0.999514 -2.006007 -3.453934 -0.165643 -1.739703
9.202591 -18.70251 24.01635 0.014269 -3.145601 -0.6335 -1.03353 -1.040997 -0.176607 -0.947786 -0.149412 0.213815 -3.612172 -0.794041 -2.607768
7.202591 -18.70251 24.01635 -0.944849 -2.842916 -0.492163 -3.266417 -1.534206 -2.815522 -0.745757 -1.475348 0.5131 -4.096162 -1.672617 -4.593602
5.202591 -18.70251 24.01635 1.440168 -0.12864 1.247991 -1.854098 -0.599936 -0.95496 -0.672054 -2.458574 0.675548 -6.293719 -0.848298 -4.447935
-0.797409 -18.70251 24.01635 -0.037829 0.925933 1.167385 0.625744 0.584478 2.127108 -3.259977 -0.484534 -3.268811 0.029262 -2.933911 -1.972006
-2.797409 -18.70251 24.01635 -0.351434 -0.228529 -0.94719 -1.657306 -0.997332 -1.441206 -1.356244 0.688977 -2.666376 -0.676487 -2.285343 -0.574833
11.20259 -20.70251 24.01635 1.626141 0.7175 2.198181 3.14998 0.486706 3.786887 -3.059097 -4.124444 -2.253564 -3.03503 -3.47561 -2.24264
5.202591 -20.70251 24.01635 0.533059 3.44617 0.62206 2.928102 -0.856318 -0.722412 -1.272885 -0.866189 0.301785 -3.689465 0.394881 -0.90804
-0.797409 -20.70251 24.01635 1.315988 -1.621814 1.667033 0.680354 0.882948 -1.285859 -1.404095 -2.594471 -1.650138 -3.077614 -3.351751 -2.688364
1.202591 -12.70251 26.01635 -5.147865 1.425444 -0.286293 0.882336 -3.276881 0.776253 -3.505624 3.218056 -5.520319 -0.090997 -6.933316 -0.33581
-0.797409 -12.70251 26.01635 -2.670221 3.353699 -1.473996 3.814738 -1.787618 -0.514905 -2.392584 3.453129 -2.788344 1.765357 -2.650268 2.509439
11.20259 -14.70251 26.01635 3.036982 -0.214826 -0.839855 -1.341984 0.412042 -0.213593 -0.64997 -0.20341 0.343874 -2.275018 -0.504487 -1.58826
5.202591 -14.70251 26.01635 -1.317815 -0.132479 0.879056 2.381793 1.058257 -3.046297 1.395548 -1.712766 2.2064 -0.103714 -0.361594 0.253028
3.202591 -14.70251 26.01635 -3.676288 -0.168428 -2.524735 0.426641 -2.147238 -0.448302 1.233693 1.872784 -2.05608 0.331029 -4.33423 2.053717
-0.797409 -14.70251 26.01635 -1.734096 0.271202 -0.077433 -0.207017 0.275405 0.502391 -1.436605 0.052588 -1.606847 -2.338992 1.448549 -0.116304
13.20259 -16.70251 26.01635 1.606682 -3.402173 -1.181986 -4.921241 0.472144 -3.152332 0.68398 -1.17699 -1.122507 -4.026823 0.704115 -2.773657
11.20259 -16.70251 26.01635 2.381632 -0.298346 -1.737009 -1.736439 1.154976 0.369427 0.337502 2.699978 1.562077 -0.466653 1.400597 -0.46895
9.202591 -16.70251 26.01635 -0.567793 0.741386 -1.815114 -0.644012 -0.87435 2.463836 -0.98419 1.436402 1.824813 0.482867 0.752369 0.032332
7.202591 -16.70251 26.01635 -0.226754 -1.651292 -1.463546 -0.852966 -0.499161 -0.134519 0.030808 -0.754154 0.754542 -1.889193 -0.725402 -2.255808
5.202591 -16.70251 26.01635 0.38505 -0.488837 2.098477 -0.358985 1.778904 0.888302 0.711348 -0.741176 1.376559 -2.74325 -1.111341 -1.96737
3.202591 -16.70251 26.01635 -0.194214 -2.058073 -0.480017 -3.376509 -0.670103 0.230818 -0.290997 1.14457 -0.597589 -2.704561 -2.977967 -0.495194
1.202591 -16.70251 26.01635 -2.288239 -4.960801 -0.711205 -4.916306 0.563933 -0.422959 -2.175147 0.627595 -1.910117 -2.963255 -2.867351 -3.226166
-0.797409 -16.70251 26.01635 -1.036734 -0.564356 2.752764 -2.42505 2.532319 0.502273 -1.144527 -1.117258 -1.432479 -2.143203 2.988257 -1.684079
-4.797409 -16.70251 26.01635 1.470937 -3.287523 2.445472 -0.753163 0.609807 -0.463193 -0.578409 -0.811062 0.840919 0.370577 -1.78341 -0.693757
-6.797409 -16.70251 26.01635 -0.827424 -0.90736 -1.389477 -0.918165 -0.743336 0.969918 -2.841794 0.292837 -0.186388 -0.255292 -3.424415 -1.289884
13.20259 -18.70251 26.01635 0.696177 -2.572571 1.11784 -1.605007 -0.414893 -2.548146 -0.147356 -1.031388 -1.198644 -3.768011 0.876822 -2.245376
9.202591 -18.70251 26.01635 1.69859 -2.457885 -1.147332 -3.578072 -0.343735 -1.524155 0.150104 0.122854 0.485298 -1.999733 0.649126 -1.936085
7.202591 -18.70251 26.01635 -0.282466 -2.930918 -2.28362 -2.155576 -1.203255 -1.468235 -0.8316 -1.401541 -0.045753 -3.905654 -1.717596 -3.75972
5.202591 -18.70251 26.01635 1.000088 -1.179002 0.981606 -1.332172 0.629636 0.701528 -0.991972 -0.943899 -0.019766 -5.802061 -2.597775 -3.993113
1.202591 -18.70251 26.01635 0.875665 -1.60224 1.972432 -2.176052 1.059134 0.170147 -2.636689 -1.101193 -0.943839 -3.042741 -0.43835 -3.415697
-0.797409 -18.70251 26.01635 -0.661512 0.505675 1.874154 0.62393 1.974528 1.098315 -2.768003 -1.016975 -1.257538 -0.323102 1.446007 -1.142159
-2.797409 -18.70251 26.01635 0.561949 -1.478953 1.732059 -0.379449 1.288756 -0.956769 -1.303626 -1.556729 -1.550081 -0.79316 -0.725158 -0.947439
-4.797409 -18.70251 26.01635 0.791693 -2.260495 1.982392 -3.125757 -0.031426 -1.952695 -0.776007 -0.928157 -0.991031 -0.762057 -1.499778 -2.940871
-6.797409 -18.70251 26.01635 -0.342666 -1.100325 -1.651777 -2.73958 -1.673082 -0.749257 -2.259197 -0.007365 -1.093005 -1.144456 -1.698856 -2.977087
-8.797409 -18.70251 26.01635 -1.189008 -0.968494 -1.573522 -2.07812 -0.858819 0.866497 -1.986862 -1.316852 -1.011013 -2.167367 1.183846 -2.262006
9.202591 -20.70251 26.01635 4.18152 -1.539884 0.00693 -3.70005 0.564038 -0.814916 0.620752 -2.036423 0.112023 -3.072491 -1.120678 -2.683984
7.202591 -20.70251 26.01635 0.697036 -4.155143 -1.369849 -3.01062 -0.155092 -3.755641 -0.663478 -2.309119 -0.606945 -4.419718 -2.544769 -2.834431
5.202591 -20.70251 26.01635 0.458686 -1.103345 1.018173 -0.797306 0.107086 -0.74887 -2.353425 -1.710631 -1.34898 -6.06429 -3.473467 -2.090276
1.202591 -20.70251 26.01635 0.925051 0.151174 1.324462 -1.032899 -0.131692 1.307299 -3.246459 -0.870273 -1.600302 -4.946618 -3.768494 -2.569626
-0.797409 -20.70251 26.01635 0.142913 -0.424854 1.404449 1.232952 0.444621 -0.156211 -1.189145 -0.190719 -0.160486 -1.919516 -0.652612 -1.593299
-2.797409 -20.70251 26.01635 0.716664 -0.98269 -1.631696 0.550911 0.357973 0.313758 0.453239 -0.273769 0.80236 -1.692391 0.003171 -1.927304
-4.797409 -20.70251 26.01635 1.256027 -0.516004 -2.125807 -1.525574 -0.022152 0.939372 -0.258007 0.033092 -0.220314 -1.669556 0.16938 -2.075424
-6.797409 -20.70251 26.01635 0.559791 -0.308668 -1.886218 -1.140309 -1.239193 0.574008 -0.706423 -0.754772 -0.627806 -0.660453 0.825949 -2.186496
-8.797409 -20.70251 26.01635 0.348483 -0.558582 -1.368031 0.375832 -2.316945 0.115046 -1.240652 -2.037044 -0.994409 -0.12377 0.590347 -2.734654
-0.797409 -22.70251 26.01635 0.626926 -2.655741 0.528884 -1.312872 -0.14721 -2.18374 -0.172266 -0.745398 -0.61771 -2.477319 -0.220865 -3.342727
-2.797409 -22.70251 26.01635 0.307875 -1.48372 -0.728239 -0.00022 -0.608173 -0.6806 0.189479 -0.268408 -0.108234 -2.713951 -0.588149 -1.583865
-4.797409 -22.70251 26.01635 0.112116 -2.08903 -1.269161 -1.336021 -0.54404 -0.444272 -0.487674 -1.314586 0.076929 -4.615222 -0.45372 -1.768519
13.20259 -16.70251 28.01635 0.499184 -4.310129 -1.994197 -3.513602 -0.708788 -2.434487 -0.94429 0.006391 -1.094395 -1.408023 -1.41863 -1.076513
11.20259 -16.70251 28.01635 0.939418 -2.144381 -1.042601 -2.860305 -0.469205 -1.316144 -0.599937 0.930757 0.678149 1.207262 0.299834 -0.47854
7.202591 -16.70251 28.01635 -0.562646 -0.38913 -1.555814 -0.009926 -0.403813 0.135572 0.032891 -2.58516 -1.318024 -1.241202 -0.734567 -0.146714
5.202591 -16.70251 28.01635 -1.550249 0.80648 0.094395 1.158196 -0.402101 1.894688 0.851546 -1.640489 -1.393203 -0.267551 -0.526546 0.750692
-0.797409 -16.70251 28.01635 -1.138986 0.151903 -0.306358 -2.6305 2.16123 1.884958 -0.289399 -2.737931 -0.069605 -1.22194 2.98052 -0.4651
13.20259 -18.70251 28.01635 0.764558 -2.682638 -0.28002 -1.888059 -1.149514 -1.318826 -0.041886 0.172388 -1.061144 -0.522297 0.132775 -1.433689
11.20259 -18.70251 28.01635 1.731986 -3.495426 -0.169532 -2.097176 -0.785682 -3.07453 1.749205 -0.285637 0.368763 -0.139689 1.662268 -2.945897
9.202591 -18.70251 28.01635 0.328047 -1.930479 -0.326894 -1.583232 -0.138966 -1.429486 2.25432 -1.276942 1.261017 -1.283419 0.658712 -2.078957
5.202591 -18.70251 28.01635 -0.176086 0.536377 -0.463138 2.008462 0.541402 1.997166 -0.506958 -0.290098 -1.466801 -2.988509 -1.48608 -0.756178
3.202591 -18.70251 28.01635 2.028947 -2.412568 -0.827686 -0.085939 0.170904 0.150968 -2.412568 -0.508636 -2.417508 -4.018539 -1.865523 -3.300112
1.202591 -18.70251 28.01635 2.271219 -1.146185 0.958002 0.361695 1.580135 1.103229 -1.241938 -0.197484 0.785264 -2.473003 1.533864 -2.823312
-0.797409 -18.70251 28.01635 0.178512 1.711475 1.003456 1.670594 1.658716 2.603315 -0.876574 -0.418917 -0.972599 -0.013887 2.180306 -0.091575
-6.797409 -18.70251 28.01635 -0.049729 1.058729 -1.231247 0.109358 0.546517 0.242962 -0.643299 0.543093 -1.00527 -1.848802 0.747357 -0.900833
13.20259 -20.70251 28.01635 2.123005 -1.436605 0.70731 -2.014012 -1.908172 -1.20301 0.529663 -0.632384 0.023078 -1.048191 -0.001866 -3.349852
11.20259 -20.70251 28.01635 1.868907 -2.730563 0.437787 -2.148319 -2.137245 -1.837346 1.310131 -1.145247 -0.245275 -1.046459 0.16243 -4.229134
9.202591 -20.70251 28.01635 -0.315204 -0.978214 -0.601666 -1.390237 0.079718 0.168044 1.544961 -1.934849 -0.102491 -2.666022 -0.628785 -2.266018
7.202591 -20.70251 28.01635 -1.81207 -1.744505 -1.821064 0.163007 2.011052 -0.824226 -0.478534 -1.90927 0.072873 -2.011273 -1.645562 -0.345736
5.202591 -20.70251 28.01635 -0.071167 -0.696135 0.180576 0.943207 1.721408 1.254503 -2.008515 -1.632758 -1.46566 -1.564371 -2.609641 -1.849711
3.202591 -20.70251 28.01635 1.178248 -0.233034 0.21473 -0.619881 0.001698 1.860867 -2.796558 -2.190654 -1.33928 -3.332119 -3.453943 -3.971221
1.202591 -20.70251 28.01635 -0.104856 -0.022061 1.684439 0.720723 -0.262185 1.022722 -2.102729 -0.984302 0.27494 -2.407274 -1.020976 -2.085895
-0.797409 -20.70251 28.01635 -0.933775 0.011298 1.258544 1.734237 -0.696719 0.014649 -1.193647 -0.66437 0.193536 0.238183 0.810587 -1.293658
-4.797409 -20.70251 28.01635 1.642523 -0.070242 -1.689084 0.389996 1.34705 0.863541 -0.625515 -1.305544 -0.280471 -1.592752 2.205982 -0.694622
-6.797409 -20.70251 28.01635 0.355386 0.186304 -1.432983 -0.296464 -0.642983 -0.503624 0.225357 -0.67391 -0.60173 -1.893437 2.757428 -0.189248
9.202591 -22.70251 28.01635 0.631196 -0.404907 -0.058976 0.090119 0.45322 1.913105 -0.275596 -0.428271 -0.489913 -2.725156 -0.52263 -2.544202
-0.797409 -22.70251 28.01635 -0.574999 -2.183538 -0.06568 -2.184758 -1.946814 -2.193431 -0.652278 -1.160848 -0.488736 -2.271334 0.62417 -3.37852
-2.797409 -22.70251 28.01635 0.773763 -1.633234 -0.44649 -1.025842 -0.922467 -1.340317 -0.221823 0.135553 -0.222698 -1.123774 -0.005116 -1.550426
-4.797409 -22.70251 28.01635 0.247192 -2.269483 -2.246729 -1.169567 -0.118226 -1.022437 -0.910468 -1.781049 -0.335987 -2.92311 0.996868 -1.309178
-6.797409 -22.70251 28.01635 -1.093547 -2.048993 -3.04869 -1.992387 -1.544576 -1.77356 -0.59324 -2.054763 -0.54401 -2.992626 0.137041 -2.131396
7.202591 -16.70251 30.01635 -1.702116 -0.66253 -2.312743 -0.018115 -1.259727 -0.785892 -0.491026 -2.695793 -0.841143 -0.932784 -1.031522 -0.034805
5.202591 -16.70251 30.01635 -1.738979 -0.980714 -1.595289 0.062708 -0.992655 -0.927235 0.323563 -1.702672 -0.612271 -1.254335 1.095399 -0.360066
-2.797409 -16.70251 30.01635 -0.427962 -0.423175 0.397651 -3.356218 -0.834056 0.560977 0.48837 -2.366429 -0.935553 -1.834839 -0.058284 -0.487541
-4.797409 -16.70251 30.01635 -0.829844 -0.126982 -0.174176 0.072893 -0.135669 0.880559 0.309148 1.057973 -0.066245 -1.022512 2.573795 1.438484
7.202591 -18.70251 30.01635 -2.409743 -1.999012 -1.284791 -1.437835 -1.090072 -0.965342 0.387448 -2.905449 1.309066 -2.849126 -1.049361 -2.855806
5.202591 -18.70251 30.01635 -1.63023 -1.815706 -1.90972 -0.995135 -0.818013 -1.580081 -0.255974 -1.136869 -1.214273 -3.461458 -0.719924 -2.547408
1.202591 -18.70251 30.01635 2.279417 -0.619828 1.13473 0.54937 1.757202 -0.299083 -1.024209 -1.7252 1.272086 -2.067079 2.010858 -2.504501
-0.797409 -18.70251 30.01635 0.084575 2.530042 1.045412 -0.437501 -0.46478 1.017816 -1.144623 -1.336148 -1.200356 -0.238927 0.824161 -1.112154
-2.797409 -18.70251 30.01635 -0.387217 -0.737417 0.774456 -1.098625 -1.002771 -0.042521 -0.120704 -3.333652 -1.936319 -0.835657 -0.31941 -1.563333
-4.797409 -18.70251 30.01635 -0.034142 0.785061 0.278792 1.461584 -0.186895 0.517682 -0.476954 -1.343061 -1.403407 -1.218417 1.34065 1.009318
13.20259 -20.70251 30.01635 3.374941 0.56461 -0.868856 0.599801 -0.169238 0.549811 0.413593 -0.288468 0.26525 0.901582 -0.047187 -1.25593
11.20259 -20.70251 30.01635 1.346356 -1.888542 -2.307604 -1.381048 -2.107745 -1.521881 0.322889 -1.822514 -1.073918 -1.582473 -0.066583 -2.540362
9.202591 -20.70251 30.01635 -1.44737 -2.565883 -0.018159 -2.136806 -1.238707 -1.534517 0.634506 -3.749055 -0.036608 -2.344697 -0.080743 -2.904815
7.202591 -20.70251 30.01635 -1.700257 -3.158357 -0.026964 -1.467546 0.431142 -2.122266 -0.502322 -3.930292 -0.160189 -3.498354 -0.463891 -2.565057
5.202591 -20.70251 30.01635 -0.102014 -3.154198 0.067506 -2.040794 0.975456 -1.429569 -1.834659 -3.745668 -1.898524 -3.823302 -1.276743 -4.387913
3.202591 -20.70251 30.01635 0.192313 -2.291409 -0.139178 -1.375085 0.311175 0.423734 -1.403447 -2.896582 -1.649316 -2.755177 -1.745161 -4.579165
1.202591 -20.70251 30.01635 0.344187 -2.139933 1.640479 -0.083532 1.07377 -0.144778 -1.211673 -1.868701 0.370621 -0.71994 0.655164 -1.411474
-0.797409 -20.70251 30.01635 -1.965307 -1.363552 0.38152 -0.196648 -0.814314 -1.295198 -1.297215 -2.172743 -0.362825 -0.116203 0.21067 -1.540647
-2.797409 -20.70251 30.01635 0.085961 -2.450399 0.324249 -0.61719 -0.594314 -2.180197 -0.058453 -1.933926 -0.374077 0.077469 0.451548 -1.765375
-4.797409 -20.70251 30.01635 0.613396 -1.514726 0.043712 0.301177 0.302162 -1.282312 -0.578677 -1.897295 -1.648027 -0.946296 0.858296 0.444038
-6.797409 -20.70251 30.01635 -0.390927 0.493046 -0.1259 1.839535 -0.836824 -1.549121 0.269489 -0.083454 -1.11778 -0.765227 1.293602 2.186508
-8.797409 -20.70251 30.01635 -0.497943 0.415806 -0.829112 2.520653 -0.639685 -0.252359 -0.14953 0.905964 0.387222 1.200461 0.195902 1.883842
11.20259 -22.70251 30.01635 -0.447581 0.248076 -2.607003 1.167597 -2.329711 1.0245 -1.631055 1.210422 -1.758749 -2.239812 -0.703975 -0.803891
9.202591 -22.70251 30.01635 -1.059082 -2.49017 -1.589234 -0.579305 -1.333804 -0.958167 -0.845809 -0.274193 -1.715009 -2.803264 0.36344 -2.071289
7.202591 -22.70251 30.01635 -0.502538 -2.377919 0.137087 -0.640207 0.004955 -0.639278 -0.017657 -3.132789 -1.631619 -0.779654 0.339808 -2.592798
5.202591 -22.70251 30.01635 1.119658 -1.801698 1.293709 -0.132288 0.4151 0.547921 -2.936237 -4.403733 -3.328351 -2.051129 -2.095372 -3.157748
-0.797409 -22.70251 30.01635 -2.948632 -0.775553 -1.815915 -1.410743 -1.748699 -1.094333 -0.280677 -1.403129 -1.155335 -0.787896 -1.840975 -0.277666
-2.797409 -22.70251 30.01635 -1.372721 -1.109562 -1.589214 -0.604988 -1.730632 -1.753445 -1.160127 -0.272015 -0.961897 0.178076 -2.374183 0.834052
-4.797409 -22.70251 30.01635 -1.57292 -1.8753 -1.276586 0.50305 -0.769241 -1.48241 -1.975026 -1.120447 -1.778666 -1.41119 -1.061529 0.698886
1.202591 -16.70251 32.01635 3.602894 1.471686 -1.243552 1.08689 -0.40996 2.082749 -1.578914 -1.918909 0.459462 -2.704511 -0.584357 -2.921076
-0.797409 -16.70251 32.01635 0.815306 1.16804 0.159439 -3.336064 0.807694 -0.547339 -0.589638 -1.673837 1.857149 -1.978353 0.375358 -2.839296
-2.797409 -16.70251 32.01635 0.945906 -0.066287 0.258059 -2.53643 0.717701 0.035977 -0.016423 -0.535383 -0.131758 -2.170208 -0.160119 -2.155156
-4.797409 -16.70251 32.01635 0.551928 0.964265 0.316063 1.098461 -0.531959 2.244918 -0.189399 0.725065 0.263258 -1.982052 0.965108 -0.593939
7.202591 -18.70251 32.01635 0.656529 -0.560427 0.102008 -1.382832 -1.506684 -2.085379 -0.654569 -1.456541 0.630289 -3.049478 -0.62202 -3.747788
3.202591 -18.70251 32.01635 2.233724 -0.689649 -0.855978 -0.778641 1.61059 -0.844589 0.200332 -1.273769 -0.795495 -2.346961 -1.006259 -3.278134
1.202591 -18.70251 32.01635 4.139584 1.870858 -0.354579 1.434702 2.075585 0.717249 -0.177706 -0.159948 0.509003 -1.815529 0.251179 -2.339091
-2.797409 -18.70251 32.01635 -0.747129 2.012821 -1.003589 -0.365006 -0.403687 0.900058 -1.242162 -1.26916 -2.403033 -1.062447 -2.105702 -2.039476
-4.797409 -18.70251 32.01635 2.170271 1.422129 -0.4898 1.485913 -0.100876 1.718279 -0.356176 -0.720943 -0.869573 -2.215511 0.133237 -1.051697
-6.797409 -18.70251 32.01635 3.371964 0.597146 1.083169 0.76845 0.283576 -0.126074 0.443282 1.862371 0.06585 -0.604481 0.983312 -0.500799
13.20259 -20.70251 32.01635 3.248544 -0.086666 -1.276734 1.127006 0.257523 1.910505 -1.163358 -2.016917 -0.76512 -2.32988 -0.091483 -1.116111
11.20259 -20.70251 32.01635 1.61097 -0.153518 -2.317935 -0.592745 -0.745566 -1.400554 -1.131848 -2.731111 -0.479121 -2.520947 -0.038975 -2.175852
7.202591 -20.70251 32.01635 0.234195 -1.643665 -0.065685 -1.994716 -0.882128 -3.67044 -1.049485 -3.300739 -1.029606 -4.760446 -1.122483 -4.464416
5.202591 -20.70251 32.01635 1.711691 -0.845179 0.145556 -2.355802 0.776557 -2.771711 -1.421356 -3.12209 -2.124855 -3.31874 -0.077982 -3.428129
1.202591 -20.70251 32.01635 2.825489 -1.470418 1.835219 0.824311 1.325723 0.011709 -0.003379 -1.963726 -0.496285 -0.527583 -0.07389 -2.090222
-4.797409 -20.70251 32.01635 2.590632 -1.038823 0.546296 0.538997 1.387002 -0.590127 0.511149 -0.161892 -0.557328 -1.51004 2.061214 1.123705
-6.797409 -20.70251 32.01635 0.972028 -1.563934 -0.557622 -0.128723 0.603497 -2.32366 0.921741 0.275667 -0.050084 -1.67642 0.274565 0.718256
-8.797409 -20.70251 32.01635 0.427402 -0.739666 -1.223807 1.391056 -0.223331 -1.610261 0.526604 -0.185609 0.380416 0.133067 -1.269488 1.073904
9.202591 -22.70251 32.01635 0.522691 -1.418486 -0.529616 -0.596869 -0.272579 -1.502274 -0.103595 -1.851768 -1.741059 -3.457412 0.726991 -2.42013
7.202591 -22.70251 32.01635 0.353401 -0.808897 -0.414779 -1.181691 0.487099 -3.115149 -0.669045 -2.568097 -1.883651 -2.186373 0.459627 -3.305158
5.202591 -22.70251 32.01635 0.565543 0.215139 1.097649 -0.478951 0.77331 -1.781797 -2.280775 -3.025952 -1.995619 -1.982708 -0.044522 -1.905453
7.202591 -24.70251 32.01635 -0.927794 0.096439 -0.665418 0.798707 -0.165097 0.357325 -0.848353 -2.184482 -1.439288 -1.699407 -0.736796 -2.030382
5.202591 -24.70251 32.01635 0.091222 0.633582 0.108022 1.18627 0.58386 0.474574 -1.507229 -2.928299 -1.43276 -2.138752 -1.205213 -1.986939
-4.797409 -14.70251 34.01635 1.279811 -0.062165 -1.868676 0.038432 1.290219 1.367568 -1.161383 0.201112 -1.246917 0.662656 -1.271089 -1.625142
-2.797409 -16.70251 34.01635 0.671008 0.890012 -2.026161 0.093991 0.698693 2.367157 -1.162282 0.872283 -0.230472 -0.296903 -0.436979 -0.533898
-4.797409 -16.70251 34.01635 0.391655 -0.026859 -1.297752 0.856781 1.094517 2.965465 -1.081972 1.060677 -0.058706 0.359464 -0.997698 -0.985858
15.20259 -18.70251 34.01635 0.823598 -2.133637 0.703519 -1.069481 -0.475951 -0.223982 -1.44995 -0.254257 0.530623 -1.203787 0.821757 -0.270656
13.20259 -18.70251 34.01635 -0.154377 -1.388736 -1.258212 -1.024288 -1.101009 0.181741 -2.373451 -0.16861 -0.250176 1.112174 0.107647 -0.315112
7.202591 -18.70251 34.01635 -0.165816 0.723839 -1.614785 -1.265095 -1.409284 1.169677 -1.321548 -1.315051 -0.766889 -0.251422 -0.212893 -1.559547
-2.797409 -18.70251 34.01635 0.246463 1.579246 -1.838814 0.772313 0.156232 2.268715 -2.320818 -0.513467 -1.316764 0.548268 -1.059396 -1.402405
-4.797409 -18.70251 34.01635 2.351872 -0.351092 -0.557391 0.291363 1.444731 1.749458 -1.119334 0.437773 -0.752696 0.260832 0.019414 -1.789677
13.20259 -20.70251 34.01635 -0.305021 0.149164 -1.413705 0.00961 -0.180465 2.229189 -1.969495 -1.380618 -1.298432 -1.780263 0.358508 -0.713501
11.20259 -20.70251 34.01635 -0.59352 0.903527 -1.83416 -0.732992 -0.003394 0.270535 -1.302516 -0.690651 -0.256302 -0.92203 -0.172374 -1.016734
9.202591 -20.70251 34.01635 -0.916258 0.424326 -0.790901 -1.019523 -0.627419 -0.235697 0.008143 -1.03037 0.068501 -1.437013 -1.120968 -1.797762
5.202591 -20.70251 34.01635 0.747785 -0.351569 -1.586283 -1.316962 0.830801 -1.246553 -2.529215 -2.253564 -2.276746 -2.220356 -1.385828 -3.274225
-6.797409 -20.70251 34.01635 1.117372 -0.812403 -0.646561 -1.128057 1.841507 -0.347079 -0.064437 0.441905 1.442764 -1.277363 0.117227 0.787794
-8.797409 -20.70251 34.01635 0.032218 -0.409152 0.152551 -0.408019 0.467565 -0.994522 2.105475 -0.465601 1.545334 -0.593474 -0.054996 0.747392
7.202591 -22.70251 34.01635 0.869377 0.335785 -1.104712 -1.272872 -0.167115 -1.310986 -0.550999 -0.686594 -2.024996 -2.325498 -0.442869 -2.389989
5.202591 -22.70251 34.01635 0.537267 0.608614 -0.065686 -0.328464 0.650554 -1.167767 -2.836061 -1.24644 -1.365596 -1.081546 -0.809082 -2.672451
7.202591 -24.70251 34.01635 -1.287442 1.012007 -1.790324 -0.356893 -0.886617 0.94438 -2.02745 -0.379394 -1.690041 -2.079834 -1.77945 -0.869695
-4.797409 -16.70251 36.01635 -0.325074 -1.247567 -0.283914 -0.202119 0.205915 -0.154166 -0.879675 -1.249083 0.382184 0.192436 -1.671748 -1.610914
15.20259 -18.70251 36.01635 0.003819 -0.665547 1.467737 0.72074 -0.83387 -0.083496 0.588324 -0.14315 0.697789 0.144555 1.650525 1.248311
13.20259 -18.70251 36.01635 -0.535179 -1.502457 -0.929681 -1.887706 -0.885254 -2.005763 0.231787 -1.03855 0.588202 -0.232209 0.899918 0.099636
5.202591 -18.70251 36.01635 0.554037 -1.96235 -1.707404 -1.85148 0.236297 0.246575 -2.160793 -3.475762 -2.057758 -3.283379 -0.619818 -2.464594
-4.797409 -18.70251 36.01635 -0.501181 -1.577711 -0.046111 -1.641286 1.004948 -1.45254 -1.008076 -0.461266 -0.594814 0.423071 0.718043 -1.784476
15.20259 -20.70251 36.01635 -0.199668 0.831921 0.189642 -0.231958 -0.606386 1.67389 -0.315538 0.649075 0.054064 1.225352 0.056505 0.516907
11.20259 -20.70251 36.01635 -0.426042 -0.408422 0.538257 -2.612638 -0.087378 -0.443368 2.292799 -0.221963 0.76814 -1.438184 2.122511 0.724825
9.202591 -20.70251 36.01635 -1.495537 -0.264338 0.316495 -0.764276 -0.24197 -0.505834 1.718036 -1.027161 0.531868 -0.938522 0.735459 -0.57173
5.202591 -20.70251 36.01635 1.481247 -2.692286 -1.994835 -0.465082 1.555298 -1.791937 -1.830556 -3.127608 -1.930383 -1.473603 -1.530133 -2.916097
7.202591 -22.70251 36.01635 1.829532 0.116145 -0.738331 -0.736527 1.509097 -1.815475 1.275261 0.098626 -0.775736 -0.286229 -0.474983 -0.478448
5.202591 -22.70251 36.01635 1.323784 -0.536125 -0.080228 0.673785 1.47041 -0.865939 -0.604883 -0.172969 -0.391209 1.142645 -0.17929 -1.377057
3.202591 -22.70251 36.01635 -0.887743 -0.972184 0.847835 1.64336 1.607921 0.660575 -3.078186 -0.690852 -0.622441 -0.368492 0.031656 -1.570288
7.202591 -24.70251 36.01635 0.352438 2.100212 -0.689927 -0.158041 0.60856 -0.033176 0.192927 1.963902 -0.078066 0.196675 -0.879436 2.125089
-4.797409 -16.70251 38.01635 0.813414 -2.651308 -0.324157 -2.535928 -0.785355 -2.723808 -0.678293 -2.688118 0.57151 -0.630585 -0.687218 -1.679747
5.202591 -18.70251 38.01635 0.477559 -0.720889 -0.188507 -1.939605 0.837229 -1.299408 -3.155371 -1.196309 -1.406808 -2.717037 -1.723386 -2.206133
-4.797409 -18.70251 38.01635 0.017086 -3.130826 0.12418 -2.904996 -0.793275 -4.400778 -0.180959 -2.364792 0.229941 -1.135154 0.326923 -1.655942
15.20259 -20.70251 38.01635 0.44722 1.848845 0.980791 -0.235541 -0.652446 1.088129 -0.857992 0.098155 -0.863681 0.909374 -2.808162 1.218547
13.20259 -20.70251 38.01635 -0.932914 1.901271 -0.21218 -1.559271 -1.015286 -0.82799 0.15339 -0.251023 -0.285372 -1.515868 -2.100408 0.770304
11.20259 -20.70251 38.01635 -1.12452 1.264876 -0.096925 -2.081976 -1.775914 -1.620797 0.081214 0.271778 -0.320863 -1.072766 -0.102574 1.31548
5.202591 -20.70251 38.01635 0.622098 -2.611168 0.22129 -0.94856 1.250558 -3.852831 -1.334679 0.251316 -1.198122 -1.587273 -0.958285 -0.821697
3.202591 -20.70251 38.01635 1.518344 0.435549 -0.473259 -1.502933 1.805293 -1.505424 -3.50025 0.563624 -0.919092 -1.645275 -1.456827 -0.255552
15.20259 -22.70251 38.01635 0.849904 1.022354 0.044012 -0.696334 0.036528 -0.152916 -1.125824 0.312708 -0.108835 -1.197549 -1.442527 -0.095937
13.20259 -22.70251 38.01635 0.273797 2.072519 0.153057 -0.094643 0.936506 -0.284191 0.547092 0.108643 0.588778 -1.093534 -0.274578 0.894198
11.20259 -22.70251 38.01635 -1.015183 0.718524 0.323771 -0.338496 0.259123 -1.294135 1.166478 -0.034651 0.254647 -0.305089 0.180147 1.443619
9.202591 -22.70251 38.01635 -0.365604 -0.80575 0.241333 -1.226263 0.423762 -3.693608 0.35496 -0.799284 -0.710162 -0.232488 -0.149231 -1.124703
7.202591 -22.70251 38.01635 0.097254 0.175348 0.2537 0.386975 0.620681 -4.191792 0.820163 1.442707 -0.391945 0.418611 -0.537238 -1.421326
5.202591 -22.70251 38.01635 0.92688 -0.80948 1.652508 -0.540229 1.242181 -2.368148 0.577348 1.419071 -0.006468 0.413883 0.40061 -0.870178
3.202591 -22.70251 38.01635 0.770529 0.291406 1.125802 -0.576251 1.819809 -0.356902 -1.476651 0.384848 -0.077855 -2.83933 0.558855 -2.112252
7.202591 -24.70251 38.01635 1.499266 1.813599 0.985721 -0.104189 1.274666 -1.777141 1.366188 2.117683 0.971511 0.554899 -0.688268 0.748021
5.202591 -24.70251 38.01635 1.455908 0.439271 2.699357 -0.000486 1.709908 -0.395032 1.43582 1.451909 1.335206 1.491441 1.098445 -0.920291
13.20259 -16.70251 40.01635 1.655252 1.02501 -0.754942 1.783197 -0.122927 0.596244 -0.034776 0.471624 0.433314 -0.371133 0.470993 -0.33599
11.20259 -16.70251 40.01635 1.065638 0.664077 -0.110457 2.712 -0.730637 0.359169 0.080988 0.99035 1.022812 -0.09244 -0.096517 0.056407
13.20259 -18.70251 40.01635 -0.523055 3.511978 0.753965 1.925399 -1.294851 0.502954 -0.899561 0.173786 -0.899182 0.926031 -0.02489 0.8111
11.20259 -18.70251 40.01635 0.162638 2.315259 -0.669397 1.415567 -0.955769 0.549775 -1.79159 0.884274 0.55715 0.724057 0.763474 0.543529
5.202591 -20.70251 40.01635 2.009601 1.061313 2.111516 0.661413 1.749733 -0.073608 -1.053446 2.585756 -0.663291 -1.57629 0.889653 -0.210683
3.202591 -20.70251 40.01635 1.206622 1.331094 0.197603 -0.872851 1.433717 0.133958 -1.912323 0.846721 -0.060599 -0.967622 -0.782956 -0.463078
13.20259 -22.70251 40.01635 0.386116 2.558648 1.237967 2.211055 0.254414 -0.116254 -0.415904 3.410301 0.351796 1.136244 0.877677 2.300616
11.20259 -22.70251 40.01635 0.270292 0.961909 0.828426 1.209664 0.87451 -2.234532 -0.157175 3.270023 0.221687 1.398648 1.049959 2.111915
7.202591 -22.70251 40.01635 0.420293 0.441631 0.353211 1.06775 0.007156 -0.33523 -1.796861 0.79915 -0.74664 0.861057 -0.477506 -1.102555
5.202591 -22.70251 40.01635 2.252087 1.731012 2.447809 -0.069047 0.895524 0.674936 -0.482217 1.552784 1.140669 -0.132033 0.998175 -0.906723
13.20259 -24.70251 40.01635 0.361791 1.299399 0.367785 0.389137 0.901225 0.250062 0.402471 3.391866 -0.480805 0.431351 0.964574 1.499112
11.20259 -24.70251 40.01635 -1.514266 0.124223 0.053823 1.113893 -0.211334 -2.345094 -0.162287 2.386204 -1.087304 -0.48101 -0.988153 1.272016
9.202591 -24.70251 40.01635 0.45414 -0.219469 1.329014 0.583787 0.131619 -3.880294 -0.804978 0.831118 -1.309585 -0.769891 -2.805738 0.373922
7.202591 -24.70251 40.01635 1.971686 0.999599 2.042695 0.547988 0.686941 -2.255468 -0.906277 0.865552 -0.623263 -0.26917 -2.413787 -1.307727
5.202591 -24.70251 40.01635 2.647851 1.289405 3.214382 -0.374319 1.061758 0.322252 0.271435 0.145856 1.180739 -0.866179 -0.580253 -2.794721
13.20259 -16.70251 42.01635 0.567398 0.511845 -0.129615 1.15481 -0.915516 -0.917665 1.002967 0.958039 -0.320159 -0.011337 0.641627 0.472226
11.20259 -16.70251 42.01635 0.81338 1.496147 0.519897 1.57158 -0.557426 1.381311 1.282291 0.555518 -0.155141 0.511597 0.4906 1.661804
11.20259 -18.70251 42.01635 1.842768 1.933034 0.263619 0.795715 0.61493 0.920893 0.767936 0.221191 0.990741 1.669055 2.140579 1.166366
9.202591 -18.70251 42.01635 2.04733 -0.09753 0.639682 -0.376168 2.043849 -0.94374 0.515822 -0.217875 1.176769 -0.483075 2.283703 0.137404
11.20259 -20.70251 42.01635 1.604392 1.933758 0.44717 0.127731 0.821654 -0.649042 0.129159 1.44199 0.863441 1.0068 3.426426 -0.767513
9.202591 -20.70251 42.01635 0.258131 0.59909 -0.085105 -1.437201 0.121303 -0.371279 -0.227084 -0.338266 0.469035 -1.929112 2.786708 -0.551544
7.202591 -20.70251 42.01635 -0.512076 -0.918692 -1.15476 -0.253118 -0.647576 0.772111 -0.397644 -1.598736 -0.081182 -1.033481 2.086525 0.084566
5.202591 -20.70251 42.01635 2.007082 0.379308 0.566332 1.377264 1.209583 0.292482 0.500612 -0.115141 0.018276 -0.833606 1.069834 0.273478
11.20259 -22.70251 42.01635 1.521254 3.135187 -0.723602 1.335365 1.098475 -0.592405 -0.862054 3.384429 -0.020504 1.192069 3.931416 0.91873
9.202591 -22.70251 42.01635 -1.193422 1.564053 -1.613032 -0.003795 -0.188014 -0.326056 -1.756567 0.474783 -0.738586 -0.662463 3.026798 0.826732
7.202591 -22.70251 42.01635 0.331829 0.369986 -1.122686 0.459548 -0.224915 1.234486 -0.990235 -0.347198 0.36772 0.368974 1.540803 0.657624
5.202591 -22.70251 42.01635 3.502408 0.947812 0.22249 0.874467 1.197462 1.426687 0.237861 -0.010124 1.482037 0.238647 1.744466 0.22311
11.20259 -24.70251 42.01635 0.535043 2.756973 -0.529198 0.828216 0.23919 0.625228 -1.170834 3.589409 0.684392 0.632254 2.062312 1.365185
9.202591 -24.70251 42.01635 0.563278 2.050215 0.889406 1.689164 1.058422 -0.537594 -0.640144 1.036569 0.682349 -0.334172 1.510244 0.826864
7.202591 -24.70251 42.01635 2.408515 0.345034 2.032149 2.166517 1.518799 -0.64212 -0.619033 -0.037101 0.418544 -0.197486 0.639865 -0.150614
7.202591 -22.70251 44.01635 1.58023 -0.498187 0.683612 -1.011487 -0.425866 -0.070107 -0.032174 -1.003991 -0.391452 -3.983084 0.012469 -1.058301
