-2.797409 -20.70251 16.01635 0.885077 -1.924862 0.728739 0.423902 0.604228 -2.243448 0.894857 0.078281 0.131232 3.907461 0.59665 0.505173
-2.797409 -20.70251 18.01635 1.554013 -2.521969 0.140899 -0.909755 -0.763458 -1.811015 0.134818 -0.443439 -0.605816 4.080284 -2.932239 1.431248
-4.797409 -20.70251 18.01635 -0.01569 -3.188851 0.51532 -1.225644 -1.49486 -2.624629 -0.461812 -0.416546 1.589555 5.196282 -1.14299 1.113818
1.202591 -22.70251 18.01635 1.812715 -3.209822 -2.196668 -2.978408 2.236833 -1.564888 0.869251 -1.872 -2.511215 -0.204764 -0.853737 -2.502455
-0.797409 -22.70251 18.01635 -0.377937 -2.420422 0.323132 -2.639056 -0.22156 0.285782 -1.48858 -0.152127 -1.378558 0.540456 -2.940015 1.469717
-2.797409 -22.70251 18.01635 0.036715 -2.234677 0.762107 -1.868182 -0.854895 -0.299491 0.118452 0.004971 -0.105697 2.662507 -2.995142 2.188266
-4.797409 -22.70251 18.01635 0.723116 -3.160664 0.528804 -2.802575 -0.202485 -2.418472 0.885454 -1.936614 -0.059973 3.189867 -3.497784 0.019846
-4.797409 -24.70251 18.01635 1.476886 -2.768991 1.225365 -1.728388 0.710265 -1.013703 0.978339 -3.185439 -0.748562 0.782967 -3.502478 -0.104824
-4.797409 -26.70251 18.01635 0.774409 -0.356058 3.004374 -0.086351 0.397133 0.28101 0.775696 0.388933 2.211584 -0.874948 -1.879045 0.930635
11.20259 -22.70251 20.01635 0.929387 2.445151 0.814367 1.091559 -0.975362 2.058559 2.232979 3.182942 1.574051 0.453319 1.639996 1.188545
1.202591 -22.70251 20.01635 4.168582 -1.978096 -1.254028 -2.360651 0.219145 0.370822 5.303747 1.545815 -0.724671 1.625887 -2.902668 1.515917
11.20259 -24.70251 20.01635 1.643961 0.637004 1.431893 0.884399 -0.729417 1.626572 3.808285 1.3029 2.265595 2.538763 0.779051 3.463989
1.202591 -24.70251 20.01635 1.942337 -0.770441 -0.732061 -1.304325 -0.593543 0.509145 2.279869 4.27547 0.227273 2.020968 -3.208742 2.835822
-0.797409 -24.70251 20.01635 0.978012 -0.239698 0.023571 0.975203 0.883261 0.002314 0.740394 3.906531 0.038086 4.199838 -1.957267 3.223328
-2.797409 -24.70251 20.01635 0.050621 -1.2615 -0.246093 -0.933676 0.679211 -0.224015 1.94436 1.881798 0.66419 2.045824 -1.344114 1.34475
-4.797409 -24.70251 20.01635 0.418709 -0.009752 0.010128 -1.06512 0.432317 0.04327 2.95159 0.210367 -0.856348 0.847646 -2.141679 -1.120754
1.202591 -26.70251 20.01635 0.494672 0.029762 0.688148 -2.925219 -0.801352 0.688237 1.393412 2.697028 1.426249 -0.298666 -2.745581 3.610976
-0.797409 -26.70251 20.01635 1.045683 0.236615 0.564467 -2.396592 -0.420654 -0.643697 1.338551 2.133154 0.735848 0.814289 -2.495235 2.088632
-2.797409 -26.70251 20.01635 -0.632395 -0.471271 -0.104174 -1.992215 -1.459534 -0.010776 0.568785 2.164419 1.408958 1.179255 -3.560955 2.78744
-4.797409 -26.70251 20.01635 0.728232 0.810181 0.669672 -0.334829 -0.448725 0.689343 1.802482 2.052941 0.175169 0.740931 -1.988292 1.789839
-0.797409 -28.70251 20.01635 0.352773 -0.514224 0.737347 -3.22781 -0.893238 -1.415474 0.683704 0.335955 1.543611 0.129911 -3.524043 1.642677
-4.797409 -28.70251 20.01635 -2.069766 1.627526 -0.374717 1.078134 -1.595493 -0.154558 -0.147897 1.07813 0.706359 0.127038 0.058822 1.490832
-6.797409 -28.70251 20.01635 -1.440791 2.475975 -0.261002 1.394084 -0.574389 0.280829 0.185474 1.715565 -0.744167 -0.324805 1.764423 0.842924
-4.797409 -30.70251 20.01635 -0.422481 0.199907 0.084103 1.847147 -1.069322 -2.315651 2.112059 0.022873 1.650571 1.272727 0.691802 -0.409207
1.202591 -20.70251 22.01635 2.900239 2.418661 1.978602 2.981909 1.197107 2.831124 7.493675 4.161252 3.614947 4.389539 5.641784 2.204329
11.20259 -22.70251 22.01635 1.412625 3.280569 1.71064 3.348372 0.289402 3.604745 2.099986 2.034613 2.523314 -0.360693 1.066174 1.255046
9.202591 -22.70251 22.01635 1.374747 2.624581 0.817104 5.219278 0.099112 1.99794 0.816229 1.583246 1.540427 3.008421 0.526272 0.939696
5.202591 -22.70251 22.01635 0.789712 1.270989 -1.802699 2.935665 -0.160949 0.083445 0.714388 0.845428 -1.641388 3.923488 -1.099664 -2.747864
1.202591 -22.70251 22.01635 5.283313 -0.016462 1.33536 2.186516 3.127135 2.372159 6.521378 2.916713 1.806635 3.667519 1.936479 1.955873
-0.797409 -22.70251 22.01635 4.083588 -1.297587 3.383271 1.848151 2.707846 1.018661 4.767659 1.275054 4.052914 4.482131 2.113671 0.464507
13.20259 -24.70251 22.01635 2.638145 2.020371 -0.478237 3.858087 -0.644803 1.795835 3.775191 -0.224808 0.330947 -0.489046 0.872572 -0.027393
11.20259 -24.70251 22.01635 1.288195 2.399611 -0.854769 4.05509 -0.303809 2.027426 2.849287 0.885224 -0.192509 2.256135 -0.086247 2.4567
9.202591 -24.70251 22.01635 1.424602 3.742032 0.683598 6.436237 0.253931 3.704456 2.012686 2.59228 1.597869 5.478072 -0.791302 3.562338
7.202591 -24.70251 22.01635 0.608906 3.642837 0.557646 4.472996 -0.364705 2.515574 1.081225 2.387777 0.955178 3.923479 -0.504515 -0.009905
5.202591 -24.70251 22.01635 0.979969 1.472216 -0.242853 0.134225 -0.621614 0.695859 1.317014 -0.60028 -0.10064 -0.185339 -0.704561 -3.0907
1.202591 -24.70251 22.01635 3.286357 -1.996551 0.583071 1.195833 1.28133 2.373208 3.136618 -0.315063 1.925856 1.488368 0.274399 3.528428
13.20259 -26.70251 22.01635 0.764191 0.957854 -1.844925 1.192495 -1.428584 1.508012 1.525763 2.620808 -1.15629 0.708402 0.146648 2.694417
11.20259 -26.70251 22.01635 1.101859 1.246931 -1.349652 1.976653 -0.577152 3.136302 1.822485 1.839568 -0.817549 1.717094 -0.200584 3.270974
1.202591 -26.70251 22.01635 3.05441 -1.462644 1.789443 -1.875362 -1.124033 2.129584 4.555658 0.58603 5.419813 -3.359052 0.657979 2.576258
1.202591 -28.70251 22.01635 4.950366 -2.670386 2.180747 -1.549141 -0.740542 2.538389 5.66338 0.00283 2.502138 -1.323154 -3.468348 5.810159
-0.797409 -28.70251 22.01635 2.480154 -2.485906 1.84109 -0.697027 -2.065259 -0.729559 3.4054 -1.879854 2.316995 2.170229 -2.679904 1.438985
-2.797409 -28.70251 22.01635 -1.008207 -0.418913 0.606237 -0.278691 -1.206242 -1.252825 -0.317888 -0.093457 1.959754 3.71599 -0.766429 -0.267313
-4.797409 -28.70251 22.01635 -1.96926 2.09619 -0.644431 0.750447 -0.960315 1.957546 -0.390857 2.43113 0.372661 3.063793 0.638709 2.607289
-6.797409 -30.70251 22.01635 1.260162 0.005059 -0.892247 -1.018479 -0.424801 -0.727562 3.64607 -0.880648 0.345143 0.532879 -0.084562 0.568085
-4.797409 -32.70251 22.01635 1.717841 -0.580778 0.256907 -1.22393 -1.599705 -1.557329 4.769308 1.227789 1.39732 0.97933 -0.546035 1.329205
9.202591 -20.70251 24.01635 3.132737 -1.138805 2.178645 -0.362479 -0.065345 0.451532 3.339473 0.095059 0.812443 2.295755 2.00995 2.538968
7.202591 -20.70251 24.01635 1.396524 -1.928744 0.797647 -1.790017 -1.02099 -3.612732 1.04921 -1.74332 0.02788 0.710576 -0.231985 -0.929212
5.202591 -20.70251 24.01635 0.533059 3.44617 0.62206 2.928102 -0.856318 -0.722412 1.805944 4.312358 0.320275 6.617567 -1.251199 0.185628
7.202591 -22.70251 24.01635 1.874246 -0.218581 0.821446 -0.277439 -0.58575 -0.247522 1.574903 0.166895 -0.120229 0.980575 0.526885 0.298599
5.202591 -22.70251 24.01635 0.858631 1.701717 -1.534886 -0.120109 -0.566328 0.243168 1.652651 2.159019 -1.444531 0.557889 -0.944546 -1.127261
1.202591 -22.70251 24.01635 2.010969 0.108549 -1.443775 -0.981227 2.119963 1.152992 2.442178 2.692333 -0.519054 1.528881 3.25689 2.939375
-0.797409 -22.70251 24.01635 0.589405 -1.963289 1.184246 0.431528 2.367742 -1.38324 0.133648 0.920899 2.368935 3.667337 2.629012 -0.336388
5.202591 -24.70251 24.01635 -0.623356 -0.968224 -0.179404 -3.222993 -1.47129 -0.18462 0.180084 -1.320946 0.056345 -3.310682 -0.312037 -0.981459
1.202591 -24.70251 24.01635 -0.274073 -0.080713 -0.650191 0.150202 0.836195 3.237917 1.013455 -0.089287 1.141746 -0.17786 1.032624 3.39515
-0.797409 -24.70251 24.01635 -0.923298 -1.253118 0.106217 2.006378 -0.437519 1.124368 0.486431 -1.499394 3.547068 2.530352 1.857705 0.5827
-2.797409 -24.70251 24.01635 0.247995 -0.319851 2.058675 2.605384 -0.301985 1.242842 0.985634 0.231561 4.685926 5.127942 1.917157 0.985777
-4.797409 -24.70251 24.01635 0.309676 -0.467111 0.612059 1.95885 -0.447742 2.106402 1.070791 0.472364 0.949458 5.356445 2.038982 2.832935
13.20259 -26.70251 24.01635 0.118243 3.139593 -1.54926 2.203879 -0.776558 1.143603 -0.023944 5.25093 -0.397535 2.890426 -0.601376 3.427309
11.20259 -26.70251 24.01635 0.493094 0.37244 -1.589384 3.864078 0.428139 3.144918 0.447592 2.565979 -0.615969 5.148343 1.182245 6.879084
9.202591 -26.70251 24.01635 0.977705 1.035599 0.452791 5.935066 0.538017 4.075782 0.139545 0.584543 1.505059 7.670407 1.371972 4.421349
7.202591 -26.70251 24.01635 -0.458754 -0.61714 1.44216 2.330993 0.660252 2.049447 -1.204253 -2.719956 3.166042 2.339886 1.219841 0.742435
5.202591 -26.70251 24.01635 0.271956 -0.61599 1.003361 -0.565379 0.932966 -0.290592 -1.552713 -3.106765 2.95757 -2.294915 0.033793 -0.081562
1.202591 -26.70251 24.01635 -0.540265 -2.325039 -0.766456 -1.892589 -2.464248 2.09797 3.347141 0.508881 5.059086 -3.271474 3.839693 3.064641
-0.797409 -26.70251 24.01635 -2.965632 -2.953097 -0.721029 1.41836 -3.832322 1.88067 0.440048 -0.169697 4.804994 1.901599 1.928541 4.242312
-2.797409 -26.70251 24.01635 -1.021911 -1.820243 0.499432 2.453816 -0.964272 1.965458 0.405328 0.511192 3.460125 4.319464 0.68971 3.992951
-4.797409 -26.70251 24.01635 -1.374021 0.53586 -0.971392 1.210804 -0.880364 2.292499 -0.201421 3.008978 0.66059 3.39962 0.402118 4.065462
13.20259 -28.70251 24.01635 -0.728598 0.36974 -1.530547 -2.669316 0.329381 1.078266 -1.110283 2.119644 -1.166963 -0.657488 -0.535915 3.24789
1.202591 -28.70251 24.01635 2.154923 -3.516069 1.395843 1.486146 -0.171077 1.709084 4.314037 0.477912 3.731154 1.525543 1.854285 4.797032
-0.797409 -28.70251 24.01635 0.606188 -0.910132 1.022406 3.952528 -1.295067 1.452248 1.092051 1.694357 1.905704 5.858748 0.717027 3.053575
-0.797409 -30.70251 24.01635 2.428415 2.028516 3.236561 5.11412 0.555191 3.842316 1.835897 2.276628 1.906807 4.075592 -0.073521 3.025638
-2.797409 -30.70251 24.01635 0.575002 1.523459 1.737097 2.352209 0.819999 0.387602 0.059739 1.245202 2.651774 3.328197 1.532897 0.25297
-4.797409 -30.70251 24.01635 -0.472157 0.301379 -0.689154 -1.070961 -0.177427 -0.942313 1.022531 -0.324368 2.28739 1.387669 1.053394 0.164052
-4.797409 -32.70251 24.01635 1.916504 -0.500821 -0.180723 -1.082745 -0.717913 -0.644823 4.098058 0.127042 2.487209 0.957236 1.006771 1.436974
9.202591 -20.70251 26.01635 4.18152 -1.539884 0.00693 -3.70005 0.564038 -0.814916 3.560768 0.496539 -0.105093 -0.627559 1.684716 1.869068
11.20259 -22.70251 26.01635 7.375392 -1.717232 4.587485 -0.251294 2.136727 2.079157 10.01279 1.947458 6.112416 4.003626 4.419711 8.054398
9.202591 -22.70251 26.01635 4.45101 -1.182804 2.068965 -1.098235 0.724597 2.074315 4.566229 1.592798 2.518895 2.911705 1.230107 6.606667
7.202591 -22.70251 26.01635 1.103368 -1.50299 0.021988 -1.548627 0.605351 0.490838 0.415921 1.420897 0.166441 3.068071 1.963381 2.921072
11.20259 -24.70251 26.01635 6.242609 -1.64105 3.299436 3.072517 2.859385 1.392853 11.50792 1.937189 5.07028 9.125556 7.148323 8.307754
9.202591 -24.70251 26.01635 5.392118 -1.482596 3.264272 3.093849 2.388448 1.444986 9.273577 1.794219 4.47847 8.800614 8.041604 5.91744
7.202591 -24.70251 26.01635 -0.30229 0.150049 0.420408 0.783394 -0.847238 2.248214 1.318336 1.712211 1.692747 3.628168 2.881473 4.315737
5.202591 -24.70251 26.01635 -2.469291 0.553013 -0.5875 -1.639407 -0.597377 1.456655 -0.554624 2.328471 0.197058 -0.124683 2.100802 3.88551
5.202591 -26.70251 26.01635 -1.20734 0.631566 0.316304 -0.103384 -0.455073 -0.089839 0.730922 1.271938 4.475015 0.826706 3.197231 2.235145
1.202591 -26.70251 26.01635 2.34696 -3.426341 2.686682 -2.321067 0.415229 -0.526204 4.535926 2.881958 5.58274 2.884078 3.963062 6.187224
-0.797409 -26.70251 26.01635 -0.592076 -4.702768 -0.167041 -3.405149 -2.080476 0.187846 1.811203 0.614367 2.106719 2.440383 -0.112511 6.747227
-2.797409 -26.70251 26.01635 -0.4775 -3.416853 -1.572552 -0.894406 -0.903758 -0.532005 0.755942 -1.518103 -0.296846 1.206713 -1.601313 3.230699
13.20259 -28.70251 26.01635 -1.882214 -0.955281 -1.231437 -3.055326 -0.741635 0.157835 -2.736989 0.933869 0.164421 1.035208 -0.775679 3.954148
11.20259 -28.70251 26.01635 -2.572119 -2.455514 -1.462026 -2.319781 -1.406602 0.600646 -4.719201 1.840353 -0.749171 2.149907 -0.184358 6.720093
9.202591 -28.70251 26.01635 -1.71445 0.000626 -0.395332 1.01963 -2.234221 2.576433 -1.371615 2.616226 1.931182 6.367975 0.958109 8.533792
7.202591 -28.70251 26.01635 -2.617462 1.441855 -2.420759 2.253687 -2.638134 1.443076 -0.337929 2.69449 0.995243 5.359264 0.771055 3.915181
5.202591 -28.70251 26.01635 -1.1192 1.852121 -1.261554 0.138341 -1.186514 1.361986 -1.185473 1.723841 1.048142 -1.686865 -0.815995 1.93976
1.202591 -28.70251 26.01635 -0.154469 -1.992336 1.239687 -0.667911 0.253796 0.238903 -0.329573 2.21755 3.186572 0.570491 1.699703 3.479047
-0.797409 -28.70251 26.01635 -1.068939 -0.184468 -2.302035 1.174589 -0.643225 1.165849 -1.72616 2.756468 -0.925437 3.09752 0.67308 4.29485
13.20259 -30.70251 26.01635 -1.226973 0.004878 -0.777684 -1.348866 -0.000409 0.938648 -1.616976 -0.067099 0.755885 -0.565056 1.0919 3.730449
11.20259 -30.70251 26.01635 -2.612966 -2.470021 -1.172241 -4.107233 -0.89959 -1.936876 -3.836597 -2.347342 -0.054727 -4.283454 0.754451 1.945474
1.202591 -30.70251 26.01635 2.201427 -3.56459 4.053187 0.299062 0.617076 -0.245462 -0.039562 -3.297888 4.588097 -2.701935 1.194871 0.319156
-0.797409 -30.70251 26.01635 0.881494 -1.978791 0.02654 0.824682 -0.153741 0.56093 -3.920377 0.382393 0.93612 0.095832 -0.44873 0.964274
-2.797409 -30.70251 26.01635 1.50091 -1.307103 1.610907 0.153859 0.651054 -0.052364 -1.539742 -0.232904 2.752047 -0.295512 2.859695 0.637895
-4.797409 -30.70251 26.01635 1.829497 -2.28653 3.079644 -2.641012 0.639449 -2.325628 1.804752 -1.777171 4.363453 -1.321099 3.229673 -0.51927
-4.797409 -32.70251 26.01635 1.219785 -2.881971 1.468097 -2.255386 -0.121023 -0.248588 0.905554 -1.873136 3.407019 -0.70739 1.746845 2.083604
11.20259 -24.70251 28.01635 4.863233 -2.125837 3.11702 1.073602 2.862034 1.627455 10.2432 0.197057 4.07463 4.914023 7.466458 6.479309
7.202591 -24.70251 28.01635 1.196737 -0.789612 1.16926 0.83025 0.850822 2.05383 2.891718 2.661824 3.028812 3.448079 3.968996 6.021401
5.202591 -24.70251 28.01635 -0.979865 -0.781018 0.005604 0.658321 -0.313861 1.929402 1.154761 2.595912 1.110421 3.027155 3.312559 5.502249
-2.797409 -24.70251 28.01635 -0.679536 -2.087422 -3.97006 -1.891606 -1.277965 -1.235039 1.137812 -0.983965 -2.291259 0.321805 0.851149 0.566516
11.20259 -26.70251 28.01635 2.291215 -1.315579 1.480005 2.634875 0.443034 4.025759 5.218945 2.449847 1.069505 7.894034 3.254602 8.677427
9.202591 -26.70251 28.01635 6.119255 -1.330901 2.262251 4.782364 1.361224 4.540478 11.43232 2.19733 4.124015 12.47362 6.044949 11.154
7.202591 -26.70251 28.01635 3.696481 -0.892977 -0.74216 2.943945 -0.418056 2.670987 9.420537 2.565236 3.59406 8.060727 6.388208 8.188285
5.202591 -26.70251 28.01635 0.08811 -0.864012 -0.555612 2.008455 -1.076582 2.367725 4.281905 -0.191552 2.922155 4.773346 3.90235 5.563671
3.202591 -26.70251 28.01635 3.312542 -3.744937 2.672392 0.171449 1.511283 -1.264634 6.387671 -0.596405 5.251376 3.959069 5.091572 4.136448
1.202591 -26.70251 28.01635 4.506283 -4.769047 4.131112 -2.977121 2.49088 -2.052421 7.761384 -0.14188 6.169815 -0.317031 4.897144 3.763332
-0.797409 -26.70251 28.01635 0.8052 -2.973534 -0.652934 -3.878926 -0.014399 -0.719199 3.908359 -1.15211 0.781072 -2.753466 0.717856 3.022171
-2.797409 -26.70251 28.01635 -0.711545 -2.966897 -4.095293 -1.276054 -0.847669 -1.06907 2.160717 -1.007646 -1.76085 1.315154 1.193969 2.783959
5.202591 -28.70251 28.01635 -1.876358 1.779217 -2.010062 -0.386336 -1.833671 2.027328 0.552596 -0.05566 0.222624 0.29839 -0.141127 3.56386
3.202591 -28.70251 28.01635 -0.15506 -0.869787 1.472029 -0.103399 -0.94801 0.879979 0.778828 -0.957329 3.542259 -0.474438 0.685892 2.598788
1.202591 -28.70251 28.01635 -0.065329 -2.09428 -0.801893 -3.127902 -0.881482 -0.907273 1.029184 0.335114 0.825786 -2.156546 -0.957457 1.329101
-0.797409 -28.70251 28.01635 -2.449263 -1.377525 -4.617732 -3.095389 -1.37838 -1.251344 -0.201555 -2.551064 -3.046998 -2.843459 -2.464701 -0.433359
7.202591 -30.70251 28.01635 -0.207326 1.77715 -1.929647 1.194437 -1.349888 1.346624 1.002226 2.067422 -1.259351 2.985569 0.44526 4.09839
5.202591 -30.70251 28.01635 -0.020025 -0.536559 -1.264565 -2.147863 -0.74077 -1.707234 0.286771 0.183728 -0.261697 -1.118173 0.74782 1.686098
1.202591 -30.70251 28.01635 1.747244 -4.59857 0.667309 -2.392846 -0.047023 -1.296229 1.748983 -2.659868 1.987416 -3.218875 0.461773 2.079651
-0.797409 -30.70251 28.01635 -0.247517 -3.452486 -1.802287 -2.492471 -0.326352 -2.430738 -1.103958 -2.533951 0.124903 -2.134696 -1.065878 -1.882218
-2.797409 -30.70251 28.01635 0.225394 -0.943754 1.365349 -0.862344 0.171117 -1.078711 -0.596239 -0.516803 1.754231 -0.992694 0.625775 -0.871151
11.20259 -32.70251 28.01635 0.457145 -2.379693 1.359175 -2.580948 -0.33648 -1.347754 2.168715 -2.199263 2.520265 -0.384001 0.414338 -0.462216
9.202591 -32.70251 28.01635 1.326702 -0.968393 0.203495 -1.605105 0.09778 0.053637 3.885348 -0.941695 1.713488 0.783774 1.292735 1.285357
7.202591 -32.70251 28.01635 0.355097 -1.465922 -1.127262 -2.687427 -0.151765 0.450812 1.586712 -0.092325 -0.638845 -1.047362 -0.016602 3.198395
5.202591 -32.70251 28.01635 0.562613 -1.693613 -1.475457 -2.287055 0.294068 -2.069281 1.327198 -0.055274 -1.449235 -1.461352 0.01102 1.267952
-0.797409 -32.70251 28.01635 -0.564947 -2.733531 0.443452 -1.036536 -0.372256 0.847242 0.034178 -0.793193 1.072994 0.039614 1.467608 2.019408
-2.797409 -32.70251 28.01635 0.731535 -0.425984 1.5027 -0.470698 0.098543 0.619312 -0.663751 0.846931 1.060006 -0.529523 0.09398 1.103881
-4.797409 -32.70251 28.01635 0.805684 1.123126 -0.658807 0.284211 -1.081759 1.303071 0.355509 2.589281 -0.46041 0.921852 -1.295586 3.108442
11.20259 -34.70251 28.01635 1.300622 -1.386661 -0.842148 -4.388875 -0.221365 -1.16892 3.706176 -2.237842 0.326767 0.555224 -0.576457 1.18499
9.202591 -34.70251 28.01635 -0.05647 -0.803692 -2.432191 -5.265582 -0.587495 -1.908769 3.718988 -1.309281 -0.61263 -0.79929 -0.598311 3.513254
7.202591 -34.70251 28.01635 -1.052497 -1.267637 -1.713467 -5.481561 -1.039722 0.109383 1.780641 -1.026291 -1.94937 -1.985013 -1.353594 5.090776
5.202591 -34.70251 28.01635 0.028975 -1.857597 -0.106634 -4.3161 0.890112 -0.716636 1.775143 -1.435438 -1.151515 -1.556824 -0.445929 4.345042
-4.797409 -34.70251 28.01635 2.107258 -1.519626 0.4076 -0.488776 0.205781 -0.692345 0.695088 -0.403477 -0.258019 0.720782 -0.173143 1.81011
11.20259 -36.70251 28.01635 -0.319244 -3.818171 -1.057625 -7.646295 0.105666 -1.239858 0.709582 -2.939157 0.012193 -1.009033 1.041059 5.028966
9.202591 -36.70251 28.01635 -0.86617 -2.099876 -1.502349 -6.233482 -1.086916 -2.974722 0.126918 -1.484307 -0.427976 -0.96016 -1.168618 4.279419
7.202591 -36.70251 28.01635 -0.886565 -0.089323 -1.036986 -4.775158 -1.284115 -1.651446 0.603423 -0.695291 -2.00371 -2.333052 -1.455099 3.635948
-2.797409 -24.70251 30.01635 -2.303528 0.793348 -3.99687 -0.18817 -1.795147 0.275224 0.518263 1.721857 -1.486909 1.258833 1.644255 0.120518
13.20259 -26.70251 30.01635 -0.72423 -0.781795 -2.017541 1.00507 -1.733284 -2.038065 1.784003 1.819842 -1.396534 0.106514 1.391126 -0.725683
11.20259 -26.70251 30.01635 0.159314 -1.693186 -0.028817 -0.280112 -0.87836 0.88074 2.825414 -0.093831 0.340208 0.361227 0.397073 2.075208
9.202591 -26.70251 30.01635 2.637234 -0.704911 0.384869 1.123388 0.54071 2.482745 4.850981 1.192912 1.439579 3.585652 1.872892 5.793831
7.202591 -26.70251 30.01635 3.157195 1.2393 -0.075636 3.259271 0.574592 2.423395 5.650014 2.935179 2.089701 4.562307 3.570989 4.877501
5.202591 -26.70251 30.01635 1.880543 0.347541 0.124612 3.816347 0.37879 2.911857 3.449667 0.628345 1.485561 3.774684 3.009166 3.465989
-0.797409 -26.70251 30.01635 -1.589137 -0.333107 -1.956242 -0.544806 -0.973245 0.605121 0.271829 0.247507 -0.519268 -1.926193 0.111645 0.720123
-2.797409 -26.70251 30.01635 -1.185342 -2.378596 -3.237322 -0.832417 -0.003793 -1.743509 1.821963 0.81915 -0.564914 2.861431 3.66782 1.268419
7.202591 -28.70251 30.01635 1.073406 1.386114 -1.859317 2.859215 -0.472832 1.751153 2.799232 2.552048 -0.077042 4.653128 1.701514 3.162583
5.202591 -28.70251 30.01635 1.761879 -0.411837 -0.351653 0.974054 0.213233 0.902736 3.678104 0.53661 1.75517 3.210184 2.657941 2.971402
3.202591 -28.70251 30.01635 1.572426 -0.758711 -1.024804 1.095941 -0.144299 1.302734 3.553789 0.555766 -0.042501 2.331607 1.915619 3.963651
1.202591 -28.70251 30.01635 0.291872 -1.71059 -3.501388 -1.253513 -0.820647 0.210508 4.393226 0.606675 -1.63585 1.761547 0.403273 2.585291
-0.797409 -28.70251 30.01635 -2.234378 -4.051922 -3.979352 -1.344917 -1.458458 -2.544407 3.869734 -4.372965 0.113595 0.263665 1.171171 -1.4146
-2.797409 -28.70251 30.01635 -2.764568 -4.645341 -1.58231 0.303297 -2.396192 -3.904526 4.003027 -2.253405 2.966908 4.491934 4.469471 0.794259
-4.797409 -28.70251 30.01635 -1.661 -2.693873 -1.90896 -2.06005 -1.664156 -3.251442 2.360291 1.974283 0.560175 2.822886 2.991432 1.868171
9.202591 -30.70251 30.01635 -0.594141 -0.011536 -0.77617 0.132745 1.153756 -0.462236 0.838625 1.308054 0.463859 2.27498 3.520802 0.840307
7.202591 -30.70251 30.01635 -0.306663 0.937894 -1.023804 1.642051 1.018862 0.019809 1.1347 3.04502 -0.134368 4.267283 3.40303 2.081038
5.202591 -30.70251 30.01635 2.131238 -1.78374 1.95375 -0.01286 1.605067 -1.631879 4.216229 0.932553 4.320644 2.762214 5.270764 2.817261
1.202591 -30.70251 30.01635 2.760852 -6.148852 -0.943016 -1.607926 1.330513 -1.51588 7.286888 -2.645133 1.624909 0.454763 5.419473 4.647879
-2.797409 -30.70251 30.01635 0.272795 -2.989825 -0.878349 -0.952611 -0.349781 -2.915777 4.109293 0.033079 1.906744 1.637838 2.280215 1.074493
-4.797409 -30.70251 30.01635 0.283673 -0.036332 -1.587392 -0.203206 0.294124 0.276937 1.878274 4.21062 -1.091544 2.129516 0.110062 3.540294
9.202591 -32.70251 30.01635 1.651547 0.507083 0.759142 0.649516 1.008566 -0.154993 2.732237 1.807679 1.246483 2.666239 -0.623161 0.616767
5.202591 -32.70251 30.01635 3.578312 -2.2772 2.144327 -0.098963 2.948884 -0.619099 7.390589 -0.79574 3.116226 1.639894 5.172792 5.305278
1.202591 -32.70251 30.01635 4.157445 -3.543787 0.570477 -0.083359 0.40122 0.256184 8.922686 -0.324001 0.8998 2.808998 3.687354 6.707431
-0.797409 -32.70251 30.01635 2.044715 -2.27731 -1.697692 0.589224 0.066368 -0.11401 5.399825 -0.215987 -2.218741 4.355577 3.201716 4.118067
5.202591 -34.70251 30.01635 3.532977 -3.399648 1.884503 -4.856728 2.593517 -0.690465 7.68374 -1.628596 1.940172 0.899989 3.580682 9.823886
3.202591 -34.70251 30.01635 4.161059 -3.213806 2.071101 -3.115733 1.802814 0.021321 8.872364 1.783363 2.464311 2.141544 4.293083 11.63064
-0.797409 -34.70251 30.01635 1.271455 -2.684115 -0.296483 -3.449339 -0.252788 -0.20304 3.564015 -0.07954 -1.714099 2.214551 2.604854 7.800165
-2.797409 -34.70251 30.01635 1.842225 -2.320147 -0.413597 -5.368502 -0.409204 -1.491936 3.79195 0.839255 -1.042976 0.67879 1.853759 4.928432
-4.797409 -34.70251 30.01635 1.960988 -2.49147 -0.553355 -5.138334 -0.587455 -1.907796 4.103998 -1.612018 -0.839602 -0.193533 -0.243501 4.975879
7.202591 -36.70251 30.01635 -0.762326 -0.446944 -0.711567 -2.127492 -0.424041 1.055469 1.632668 0.005181 0.126988 1.910949 1.222604 7.095421
5.202591 -36.70251 30.01635 1.641943 -2.228265 1.780966 -4.740905 0.522631 0.492066 3.823661 -0.882189 2.484175 0.971374 1.27255 8.378937
9.202591 -38.70251 30.01635 -0.83812 -2.465875 0.386261 -2.301816 0.366188 0.468893 -1.19662 -0.557492 -0.162513 0.183926 1.934881 3.99454
7.202591 -38.70251 30.01635 -0.5281 -0.704203 0.685146 -0.445089 -0.403967 1.17275 0.547562 1.066012 1.028843 2.149883 1.310512 4.110433
5.202591 -38.70251 30.01635 1.2129 -0.24781 1.776349 -0.08607 -0.147714 1.191181 1.977502 1.38694 2.393441 2.101982 0.365071 4.441676
7.202591 -40.70251 30.01635 -0.205711 1.030206 1.243101 0.629324 0.113295 0.992097 1.06853 2.328321 0.359082 1.326228 2.171417 2.909717
11.20259 -26.70251 32.01635 -1.735055 0.554529 -0.896578 -0.481031 -1.975341 0.513954 -0.291245 2.256387 0.075702 2.241344 -0.817343 0.801339
7.202591 -26.70251 32.01635 -0.399862 1.360882 0.038946 1.574095 0.796836 0.89361 1.29245 3.586015 1.340999 2.184691 2.414143 1.557507
-4.797409 -26.70251 32.01635 -1.369901 -4.742336 -2.368423 -0.677543 -0.090465 -4.366508 4.03679 0.569566 1.289585 6.57937 4.389155 -0.241668
11.20259 -28.70251 32.01635 -1.37667 0.918378 -2.404457 -2.886006 -2.091999 -1.237676 -1.092174 2.440254 -1.507368 1.05195 0.838675 -0.887158
9.202591 -28.70251 32.01635 -1.610738 0.470942 -1.302557 -1.069276 -0.339391 -0.679134 -0.037463 3.452415 0.466893 0.286231 2.182826 -1.969808
7.202591 -28.70251 32.01635 0.584392 1.706787 0.431753 2.860744 -0.021437 0.888378 2.873719 3.981868 3.422783 2.148947 3.759727 -1.365356
5.202591 -28.70251 32.01635 3.587595 0.939523 1.896109 6.270829 2.552442 4.413516 7.997516 3.067311 6.182529 7.234415 9.518963 4.423649
-0.797409 -28.70251 32.01635 -0.380894 -4.371376 -0.399888 0.244917 0.918065 -1.775925 3.627713 -2.450761 1.52614 3.460909 3.205168 1.162877
-2.797409 -28.70251 32.01635 -1.682902 -3.615958 -1.52229 0.596182 -1.050451 -2.613778 3.361001 -0.223412 0.178778 5.742764 3.046997 3.344914
-4.797409 -28.70251 32.01635 -1.626467 -2.325309 -2.365136 -1.465972 -1.629456 -3.337769 2.048125 1.772069 -1.106368 4.432447 0.708511 2.370504
11.20259 -30.70251 32.01635 -2.565427 0.082868 -3.761916 -3.618606 -2.611773 -4.944032 -2.306062 1.444126 -0.71361 0.541658 -0.715868 -1.88328
9.202591 -30.70251 32.01635 -1.249647 0.015293 -1.857172 -0.879646 -0.679997 -1.635174 1.453773 3.23317 1.624987 2.197144 2.487545 0.922212
7.202591 -30.70251 32.01635 0.042683 -0.300266 0.305592 1.776412 0.919045 0.549923 2.312889 3.408188 3.1469 3.140846 4.082072 2.635941
5.202591 -30.70251 32.01635 2.669221 -0.782878 2.124788 4.129792 3.239345 3.44918 6.675186 3.03468 7.230083 7.22148 10.26676 7.398555
1.202591 -30.70251 32.01635 2.421373 -5.299817 0.109314 0.650949 3.553773 -1.611449 8.040339 -0.338496 2.69605 3.698648 9.004587 3.842479
-0.797409 -30.70251 32.01635 0.183822 -6.69942 -2.278105 0.476894 1.266237 -3.153069 5.227645 -2.62071 -0.214514 3.729835 5.899012 2.549846
-2.797409 -30.70251 32.01635 -1.059782 -3.176538 -2.77007 -0.083077 1.093892 -2.099956 2.106135 1.291847 -1.511863 2.95677 3.561308 2.506094
-4.797409 -30.70251 32.01635 -0.182702 -1.118725 -2.217359 0.115962 2.459505 -0.639269 0.413059 2.549536 -2.237584 1.875485 1.6931 2.324822
11.20259 -32.70251 32.01635 -0.794807 0.93053 -0.050272 0.887964 0.248157 -2.753388 -1.328873 1.348889 0.894777 0.161816 -0.628286 -2.264554
9.202591 -32.70251 32.01635 1.111704 -1.101453 -0.326931 -0.431827 0.348375 -1.271721 2.197533 2.042443 0.837655 1.356614 0.096945 1.196879
7.202591 -32.70251 32.01635 3.017762 -2.32463 2.154152 1.10391 2.510737 1.03493 5.427901 1.844742 2.790391 4.441893 3.557615 6.067361
5.202591 -32.70251 32.01635 5.918144 -3.401698 4.823394 2.928689 4.950994 3.429136 8.934464 0.564565 6.339461 7.05916 8.992668 10.85736
1.202591 -32.70251 32.01635 3.910152 -4.06449 -0.385196 3.063158 2.909665 2.117322 10.85234 0.39491 2.460073 7.130193 7.752549 6.226314
-0.797409 -32.70251 32.01635 1.613237 -3.159615 -2.534972 1.417537 2.060633 1.385961 6.532141 0.163468 -1.843116 4.141653 5.601897 6.397443
-2.797409 -32.70251 32.01635 2.61763 1.064317 -0.385203 2.47011 2.629281 3.231577 5.480123 1.647584 -0.06855 3.840085 5.15089 4.481472
-4.797409 -32.70251 32.01635 3.238601 1.62045 0.756181 2.932834 3.131329 3.785266 5.126583 1.848314 1.665111 4.135082 3.748327 5.238867
-6.797409 -32.70251 32.01635 2.777016 0.021948 1.735597 2.884006 2.887715 2.870194 3.872642 1.87689 1.696795 4.300834 1.959731 4.490428
11.20259 -34.70251 32.01635 3.401455 1.909095 3.426573 2.080639 2.314666 0.688564 2.623445 1.232914 2.602794 1.62691 0.697463 0.441139
9.202591 -34.70251 32.01635 3.171806 -0.284419 0.512264 0.053448 0.954814 0.305911 3.868305 1.542055 1.147368 1.740999 1.312871 2.468579
7.202591 -34.70251 32.01635 3.61004 -1.162437 0.869955 0.297016 0.792136 1.813172 6.296916 1.376183 1.699358 3.822142 2.098565 6.687866
5.202591 -34.70251 32.01635 7.507666 -3.537134 5.193124 0.119735 4.574927 1.944084 10.53815 1.346748 5.755359 6.289038 6.270939 11.82845
1.202591 -34.70251 32.01635 3.461753 -3.541679 -2.146716 -0.722107 1.173041 3.728158 7.709023 0.62051 -1.038702 5.74558 4.215928 10.36675
7.202591 -36.70251 32.01635 2.563772 0.221922 0.702698 1.011489 0.80086 2.120919 5.374729 2.188941 2.055278 3.802318 2.436212 6.026361
5.202591 -36.70251 32.01635 4.646003 -1.877857 3.982839 -0.810785 2.740858 1.398994 6.602265 1.479739 5.259485 3.625548 3.810827 8.006636
1.202591 -36.70251 32.01635 1.440657 -2.837776 -2.080911 -2.707344 0.88232 1.287203 3.515514 0.396152 -1.907188 1.314118 2.660399 7.698805
-0.797409 -36.70251 32.01635 0.747088 -0.735848 -3.667192 -0.443747 -0.259743 2.661357 3.332981 1.25311 -2.517415 3.037309 0.093814 7.706985
7.202591 -38.70251 32.01635 1.299083 0.8002 0.168742 1.055758 0.856438 1.330393 2.997537 1.393535 0.348485 2.913831 0.637506 3.192652
5.202591 -38.70251 32.01635 2.631659 0.176063 2.572171 0.403368 1.619413 0.69185 4.250402 2.174479 3.443115 2.511197 1.789293 4.190176
11.20259 -28.70251 34.01635 2.01159 2.379979 -0.004553 -0.504277 0.778365 0.752241 2.945692 2.200434 1.297786 3.800925 0.586487 0.827155
11.20259 -30.70251 34.01635 -0.206774 -0.236381 -1.084804 -1.541347 -1.866578 -1.835675 0.067636 0.686605 1.595386 1.797907 0.340065 1.481078
9.202591 -30.70251 34.01635 -0.914657 0.934771 -0.581373 1.463517 -1.103679 0.301491 0.530168 2.619346 2.355107 2.852646 1.567819 1.277791
11.20259 -32.70251 34.01635 -0.612786 -0.25939 1.720001 0.200239 0.33823 -1.532984 -1.219131 1.901507 2.676243 0.655877 2.540123 0.82955
9.202591 -32.70251 34.01635 -0.167556 -1.093103 1.310821 -1.505734 0.157488 -1.845396 -0.722427 2.301908 1.650197 0.153308 1.644801 0.062297
-0.797409 -32.70251 34.01635 -0.006548 -0.455174 0.814452 6.566814 1.699379 0.624043 5.078553 2.271325 2.498589 3.372112 7.305828 -1.013372
-4.797409 -32.70251 34.01635 -1.161544 2.190697 0.342951 3.919144 1.618759 0.708586 -0.388055 3.751671 1.917327 3.586924 2.800856 0.635558
11.20259 -34.70251 34.01635 0.063768 0.993627 2.2405 1.185234 1.045793 0.955698 -1.501773 2.216338 2.661241 2.240328 2.408774 2.614878
9.202591 -34.70251 34.01635 0.391661 -0.579301 1.723955 -1.153667 0.141701 -1.499367 -0.9082 2.208567 1.889666 0.715878 2.202846 0.64455
-0.797409 -34.70251 34.01635 -0.063978 0.189167 -2.726129 4.075969 -0.803733 3.550869 4.746968 3.94541 0.452222 4.852129 3.701644 4.02932
-2.797409 -34.70251 34.01635 -1.032381 2.943153 -0.702734 3.732124 -0.345592 3.519155 0.545576 3.365297 0.698148 3.453894 1.595401 1.598585
-4.797409 -34.70251 34.01635 -0.388821 2.281611 -0.08477 3.432662 0.176807 3.380112 1.124992 2.160753 2.026967 2.778037 1.024503 3.146806
-6.797409 -34.70251 34.01635 -0.326804 0.152134 0.116352 2.546371 1.95611 3.376618 0.744959 2.218421 1.489904 3.346543 2.27386 3.980515
9.202591 -36.70251 34.01635 1.808351 -0.010511 1.215454 -0.515513 2.050004 -0.088309 1.621758 2.753888 2.395575 1.655464 3.396451 3.050638
7.202591 -36.70251 34.01635 3.168364 1.472509 0.562738 1.585779 1.313188 0.162294 4.240712 3.33521 1.847134 2.33849 2.953282 2.018891
5.202591 -36.70251 34.01635 4.62199 -1.603045 3.39309 0.281231 3.283621 0.414187 5.344256 2.677186 5.113686 2.861577 3.464061 6.270132
-0.797409 -36.70251 34.01635 -1.135524 0.589001 -3.779544 1.491768 -1.053329 1.635778 3.296572 3.521168 0.039217 3.952481 3.743607 3.619403
-2.797409 -36.70251 34.01635 -0.007769 1.57385 -0.760533 0.64832 -0.704811 1.554899 0.98738 3.064461 0.156476 2.663137 0.528626 1.128402
-4.797409 -36.70251 34.01635 0.378026 -0.092661 0.004708 0.334456 -0.921074 2.498314 2.308014 1.836183 0.921974 1.298437 -0.399354 3.403607
13.20259 -32.70251 36.01635 1.147048 -0.22251 0.110263 -0.274225 -0.159202 -0.098546 1.680224 -0.570471 0.51803 0.292381 0.926266 1.81986
11.20259 -32.70251 36.01635 1.187085 0.392405 1.635258 -1.543606 0.524691 -1.208337 0.873553 1.034855 2.075507 0.21901 2.521393 1.93734
9.202591 -32.70251 36.01635 1.322226 0.349041 1.685884 -1.296302 0.76772 -0.189622 2.034139 1.807532 2.243029 1.041746 2.826734 2.132115
11.20259 -34.70251 36.01635 1.413932 2.102686 2.035522 0.930005 1.053825 0.554659 0.467748 2.642507 2.749359 2.358486 2.524589 2.893856
9.202591 -34.70251 36.01635 2.040808 0.931845 2.783693 -0.287811 1.40403 0.052488 1.970651 2.136474 3.849914 2.397981 4.061171 2.889174
9.202591 -36.70251 36.01635 2.005128 1.196432 2.856257 0.817211 1.844127 -0.436814 1.309153 1.635874 3.45507 2.367099 2.589727 2.23908
11.20259 -32.70251 38.01635 1.367933 0.035216 1.162363 -1.742877 0.923678 -0.164996 1.072567 0.326288 0.831753 -1.582193 1.062248 2.835354
11.20259 -34.70251 38.01635 1.695657 1.219678 1.940667 -0.190265 1.878363 0.963155 2.146414 2.232733 2.841771 0.545873 2.959768 3.35459
9.202591 -34.70251 38.01635 1.776402 1.686116 1.456956 0.302877 2.154108 3.053894 2.779698 2.628178 3.302358 2.632606 4.081691 5.578103
11.20259 -36.70251 38.01635 0.618842 0.165686 -0.038979 1.178992 1.962065 0.523505 1.938689 0.582109 2.148716 2.8344 4.135667 1.473206
