1.012878 -0.287407 0.58955 -5.892139 -6.244591 -2.919402 -3.072322 -3.299406 -3.377587
-0.987122 -0.287407 0.58955 -0.894025 -4.783188 0.314412 -1.339924 5.45631 7.180208
-2.987122 -0.287407 0.58955 7.461207 0.342427 4.109241 0.774103 6.123469 5.184027
-0.987122 -2.287407 0.58955 -0.090507 -2.095422 0.852261 -0.26019 1.988389 4.117805
-0.987122 -4.287407 0.58955 -0.329625 0.520953 -1.951421 -1.721983 -0.975846 1.57328
1.012878 -6.287407 0.58955 -1.318122 -1.927369 -2.309862 -2.482689 -1.454772 0.197142
-0.987122 -6.287407 0.58955 -0.166171 0.811316 -2.188232 -1.739392 -1.808344 -0.969589
1.012878 -8.287407 0.58955 -1.39616 -0.417226 -1.023072 -0.649183 -1.641862 2.726546
-0.987122 -8.287407 0.58955 0.417721 -1.055587 0.159041 -1.152154 -1.321343 -2.664136
1.012878 -10.28741 0.58955 -1.843459 -2.159093 -2.729544 -3.50643 -2.481252 1.195221
1.012878 -0.287407 2.58955 -5.762432 -3.765646 -1.792272 -0.718379 -3.750656 -2.983735
-0.987122 -0.287407 2.58955 -2.874637 -1.12028 -3.136922 -1.990936 -0.098277 2.260915
1.012878 -2.287407 2.58955 -4.755898 -3.982535 -3.113644 -2.814635 -1.790814 -0.411065
-0.987122 -2.287407 2.58955 -3.202408 -3.640372 -3.371856 -3.624029 1.201035 3.380062
1.012878 -4.287407 2.58955 -3.828648 -4.395969 -2.998454 -4.347879 0.203629 1.915275
-0.987122 -4.287407 2.58955 -4.61385 -5.323733 -3.942523 -4.889756 0.934735 3.22272
1.012878 -6.287407 2.58955 -2.187986 -2.622582 -0.692436 -2.285349 -0.007003 1.81806
-0.987122 -6.287407 2.58955 -2.653455 -2.925975 -2.818589 -2.950147 1.272834 3.05337
-4.987122 -6.287407 2.58955 2.741579 2.531671 -2.459505 -3.596563 -2.582706 -1.374137
3.012878 -8.287407 2.58955 -3.501 -1.676703 -1.745527 -1.436104 -1.089304 1.396988
1.012878 -8.287407 2.58955 -2.602342 -0.663939 -1.172843 -0.488269 -1.903362 1.095394
3.012878 -10.28741 2.58955 -4.218974 -2.709887 0.281653 2.320666 -0.166977 1.491772
1.012878 -10.28741 2.58955 -4.031996 -1.06653 -0.76736 0.85256 -0.833774 3.341048
3.012878 -12.28741 2.58955 -0.630972 -1.828206 0.591705 0.356633 0.569079 -1.166631
3.012878 -0.287407 4.58955 -2.339287 -2.632862 -0.749292 -2.551046 4.325547 2.231837
1.012878 -0.287407 4.58955 -5.275765 -2.709273 2.254453 1.707517 2.870189 4.408806
-0.987122 -0.287407 4.58955 -3.802436 -1.088829 2.365384 2.819485 -0.18697 -0.094063
-4.987122 -0.287407 4.58955 -4.485927 -1.084604 -2.092888 0.727312 -0.803837 2.118921
-6.987122 -0.287407 4.58955 -4.772957 0.310261 -0.701118 2.115837 3.542076 9.089254
1.012878 -2.287407 4.58955 -3.151234 -3.499232 2.345015 -1.021005 2.432004 1.43096
-4.987122 -2.287407 4.58955 -1.582545 0.002199 -0.506268 1.780656 1.070128 4.138023
-6.987122 -2.287407 4.58955 -2.330492 1.035709 0.101607 2.332003 2.606195 5.837675
1.012878 -4.287407 4.58955 -3.045272 -4.175221 0.895671 -3.211234 1.282081 0.180553
-2.987122 -4.287407 4.58955 -3.066247 -2.428501 -0.481939 0.05875 -0.181492 0.33674
-4.987122 -4.287407 4.58955 1.403524 0.736429 0.158947 1.052581 0.158006 1.798277
-6.987122 -4.287407 4.58955 -0.342563 -0.250333 -0.05145 0.20848 -1.565624 -3.211734
3.012878 -6.287407 4.58955 -0.375847 -0.405235 1.305701 -1.246662 -0.916592 -1.855532
1.012878 -6.287407 4.58955 -2.115988 -3.090017 0.399009 -3.725839 0.025626 -1.145488
-4.987122 -6.287407 4.58955 0.999273 -0.45986 -1.017545 -1.956829 -1.54659 -1.690358
3.012878 -8.287407 4.58955 -1.260778 -2.074103 -1.067294 -3.515165 -2.463197 -3.374232
5.012878 -10.28741 4.58955 3.188793 3.169403 0.977904 3.957347 -0.605205 -0.659477
3.012878 -10.28741 4.58955 -1.212019 -0.38459 0.038903 0.575914 -2.711586 -2.727782
1.012878 -10.28741 4.58955 -1.959503 0.788242 -0.230168 -0.055461 -1.150971 -1.164381
-0.987122 -10.28741 4.58955 -0.689464 2.48091 -0.453519 1.252444 2.436158 1.893385
5.012878 -12.28741 4.58955 1.98496 3.316117 0.008025 2.834855 -1.078831 -0.124412
3.012878 -12.28741 4.58955 -0.053144 0.356907 0.075922 0.275738 -1.363448 -2.132347
1.012878 -12.28741 4.58955 0.297584 2.273757 1.842345 2.7046 1.530866 2.417655
-6.987122 1.712593 6.58955 -0.724016 -1.150548 1.019575 0.906157 -0.248254 2.633307
-4.987122 -0.287407 6.58955 -2.515833 -1.380898 -0.443656 -0.630545 -2.573362 -0.847086
-6.987122 -0.287407 6.58955 -4.596053 -2.578966 -0.238969 0.331623 -1.152387 1.13447
-8.987122 -0.287407 6.58955 -1.624862 0.000716 -0.911725 -0.675004 1.186628 6.181418
-4.987122 -2.287407 6.58955 -1.383743 -1.493366 0.831257 -0.827916 -1.612663 -0.028495
-6.987122 -2.287407 6.58955 -3.897418 -1.401535 0.697703 1.438573 -1.813969 -1.295097
-8.987122 -2.287407 6.58955 -1.280441 -0.308785 -0.847511 -0.770363 -0.037738 1.61283
3.012878 -4.287407 6.58955 1.536559 -0.491759 1.895567 0.148595 0.098165 -4.120401
1.012878 -4.287407 6.58955 0.0917 -3.218513 0.711262 -4.069737 -1.694242 -6.814193
-4.987122 -4.287407 6.58955 2.173616 0.557026 0.933426 -1.907555 -0.699533 -1.100154
-6.987122 -4.287407 6.58955 -1.278365 0.479079 0.699631 0.788726 -2.445519 -4.65079
3.012878 -6.287407 6.58955 -1.212985 -0.910988 -0.799287 -1.991562 -1.067382 -4.113698
1.012878 -6.287407 6.58955 -0.933637 -2.526061 0.561641 -3.480314 -0.085496 -5.548319
-0.987122 -6.287407 6.58955 1.428896 2.825562 1.127282 0.979793 -0.891224 -3.698606
-2.987122 -6.287407 6.58955 4.922721 5.288619 0.40068 -0.067938 -0.658803 -1.396661
-4.987122 -6.287407 6.58955 3.355892 3.049167 -1.12033 -2.951374 -0.746379 -1.973596
-6.987122 -6.287407 6.58955 -0.136177 2.261123 -1.392797 -1.159364 -2.06547 -4.298135
3.012878 -8.287407 6.58955 -1.416449 -2.045109 -0.380572 -2.713319 -0.90014 -3.147449
1.012878 -8.287407 6.58955 -2.548542 -2.50783 -0.844533 -4.705266 -1.23718 -6.735408
-0.987122 -8.287407 6.58955 -2.355854 0.665639 -1.724212 -1.705979 -1.520037 -5.649811
-4.987122 -8.287407 6.58955 1.27137 2.407465 -1.690907 -2.258583 -0.603471 0.102157
-6.987122 -8.287407 6.58955 0.780704 3.398232 -2.463047 -1.628425 -0.698661 0.061225
-8.987122 -8.287407 6.58955 1.079324 1.729593 1.480345 2.011825 0.192365 -2.315596
3.012878 -10.28741 6.58955 -0.755696 -1.213027 0.335881 -0.890901 -1.799607 -2.694325
1.012878 -10.28741 6.58955 -2.11287 -0.585464 -0.360846 -1.638191 -1.982584 -4.836557
-0.987122 -10.28741 6.58955 -6.098055 -1.231816 -4.883647 -2.697053 -1.785348 -3.322916
-4.987122 -10.28741 6.58955 -1.428569 0.516304 -0.152454 0.527549 -0.07908 3.696696
-6.987122 -10.28741 6.58955 2.436866 3.075826 -0.878026 -0.340269 1.11656 3.634414
3.012878 -12.28741 6.58955 0.453892 1.363782 -0.15567 0.348325 -2.245025 -1.786161
1.012878 -12.28741 6.58955 1.694969 4.137061 1.613619 3.482757 -0.883135 0.332838
-0.987122 -12.28741 6.58955 -4.841246 0.562037 -4.692027 0.328663 -0.932602 2.585705
-4.987122 -0.287407 8.58955 2.036411 -1.69704 5.957304 3.760002 2.940387 2.952993
-6.987122 -0.287407 8.58955 -0.157095 -2.213538 2.283103 1.436031 1.76764 0.955497
-4.987122 -2.287407 8.58955 -1.286856 0.489921 1.91076 3.586693 0.494898 5.19822
-6.987122 -2.287407 8.58955 -2.335174 -0.378895 2.110565 3.731758 0.131743 2.728024
-4.987122 -4.287407 8.58955 -1.054554 1.96605 -1.049183 0.673691 -0.959001 2.985351
-6.987122 -4.287407 8.58955 -2.049434 1.244552 0.990999 2.224505 -0.484259 2.998515
-0.987122 -6.287407 8.58955 -3.320223 -2.153585 -1.186833 -2.181602 -1.019086 -0.83367
-4.987122 -6.287407 8.58955 2.163889 2.49608 -1.304343 -2.805551 -0.611136 -2.353797
-6.987122 -6.287407 8.58955 0.270226 0.888369 -0.625016 -2.507038 0.22299 -0.183735
-0.987122 -8.287407 8.58955 -8.279535 -5.267296 -4.254322 -4.426354 -3.802725 -4.285032
-4.987122 -8.287407 8.58955 1.254889 0.424609 -1.208896 -4.278729 -0.291576 -3.921439
-6.987122 -8.287407 8.58955 1.348235 1.346529 -1.565566 -4.217119 1.292426 -0.28131
-8.987122 -8.287407 8.58955 0.619939 -0.909865 -0.659085 -2.471277 1.11257 0.231873
1.012878 -10.28741 8.58955 -7.439877 -3.218348 -3.603272 -0.837488 -2.040751 -0.812681
-0.987122 -10.28741 8.58955 -10.78483 -6.4702 -8.493085 -6.954021 -4.954254 -4.873074
-6.987122 -10.28741 8.58955 1.310335 2.112986 -0.777357 -1.945087 1.45112 1.228639
-8.987122 -10.28741 8.58955 2.117832 2.227586 -0.272634 -0.005432 -0.120914 0.173484
3.012878 -12.28741 8.58955 -0.612268 1.197496 -0.933547 -1.01437 -1.903281 -0.842813
1.012878 -12.28741 8.58955 -5.223907 -1.964637 -3.931146 -1.757024 -1.291283 0.983184
-0.987122 -12.28741 8.58955 -7.581151 -3.299737 -9.280606 -5.863186 -3.557952 -1.458543
3.012878 -14.28741 8.58955 0.824387 1.546806 -0.667886 -0.218439 -1.412257 -0.368968
1.012878 -14.28741 8.58955 1.444091 1.96899 -0.886649 -0.945371 -0.702817 -0.022719
-0.987122 -14.28741 8.58955 -0.568506 1.037908 -4.444218 -3.420059 -1.981255 -0.119426
1.012878 -16.28741 8.58955 2.077962 1.295478 -1.642668 -3.168258 0.207237 -0.439809
-0.987122 -16.28741 8.58955 2.880475 2.306702 -0.351881 -2.125944 -0.369359 0.2805
-0.987122 -4.287407 10.58955 -1.638761 0.161172 -0.750546 0.309686 3.534997 6.565363
-4.987122 -4.287407 10.58955 -1.4255 1.933458 -1.390105 3.16103 -0.940579 4.709784
-6.987122 -4.287407 10.58955 -3.095129 1.690219 -0.530712 3.960581 1.519743 8.508388
-0.987122 -6.287407 10.58955 -0.930381 0.747552 -0.611452 0.165938 3.339156 4.551385
-4.987122 -6.287407 10.58955 -0.889532 -0.101354 0.293624 1.231059 -0.511372 -0.106324
-6.987122 -6.287407 10.58955 0.102984 1.067439 0.96366 1.688724 1.04791 4.470913
1.012878 -8.287407 10.58955 4.83183 4.151422 4.159554 4.379164 3.653692 3.553846
-0.987122 -8.287407 10.58955 -1.511582 0.078788 -1.413026 0.076919 1.921997 4.650071
-4.987122 -8.287407 10.58955 0.031527 -2.476387 1.368005 -1.45882 0.216766 -3.944267
-6.987122 -8.287407 10.58955 3.446508 1.54701 1.798986 -0.1461 2.640053 2.666348
1.012878 -10.28741 10.58955 2.865509 3.632396 0.610795 1.832914 1.415686 2.568504
-0.987122 -10.28741 10.58955 0.455237 0.889882 -1.042127 -0.167004 0.764695 4.245506
-4.987122 -10.28741 10.58955 0.899756 -2.548163 2.551396 -1.636914 1.190255 -3.300325
-6.987122 -10.28741 10.58955 3.839648 2.845489 2.464574 0.992554 4.755141 4.709301
1.012878 -12.28741 10.58955 -0.291608 1.531168 -2.776842 -0.993862 0.944528 2.959138
-0.987122 -12.28741 10.58955 4.100941 2.471374 -0.296384 -1.755525 -0.646184 1.056617
-4.987122 -12.28741 10.58955 2.996859 0.159269 4.497636 0.765542 2.363557 0.517615
-6.987122 -12.28741 10.58955 1.790791 2.142264 2.701094 2.775626 4.827433 5.481414
3.012878 -14.28741 10.58955 -2.314594 1.178518 -0.809789 1.027732 1.340057 3.043023
1.012878 -14.28741 10.58955 1.026364 0.935957 -1.623125 -2.133312 1.235423 0.788214
-0.987122 -14.28741 10.58955 2.971495 0.916877 -1.831162 -4.252662 -3.652098 -3.285731
-6.987122 -8.287407 12.58955 3.907538 1.065692 2.911931 2.256526 3.182439 2.68589
-4.987122 -10.28741 12.58955 5.187757 1.084756 4.526055 3.388855 4.865338 3.198782
-6.987122 -10.28741 12.58955 3.18347 0.755409 1.034144 0.519027 4.013722 4.742693
-0.987122 -12.28741 12.58955 5.67375 2.589257 5.387904 3.722849 2.922668 0.785737
1.012878 -14.28741 12.58955 4.676679 2.639606 2.702934 0.804313 3.08546 3.420704
-0.987122 -14.28741 12.58955 6.410749 2.438991 4.228239 0.435908 3.169464 2.848876
