2.59655 -27.89407 23.98017 1.583097 5.417548 -2.911229 -1.672886 3.683642 0.134196 4.934608 7.181001 -2.567256 6.273784 4.75129 3.39322
0.59655 -27.89407 23.98017 4.299949 3.067243 -1.166678 -3.205923 3.656209 1.510924 6.728269 2.889357 -0.724633 3.113687 4.156196 4.159531
-1.40345 -27.89407 23.98017 0.828156 0.660513 0.767485 -3.938982 1.120646 0.185455 1.685074 1.10604 2.461661 -0.560141 1.544641 3.2084
-3.40345 -27.89407 23.98017 -3.67903 0.362912 -0.139913 -2.678616 -2.43363 -2.952456 -2.019543 2.517577 3.80869 1.761721 -0.851626 3.342077
0.59655 -29.89407 23.98017 7.005616 2.244713 -0.844273 -1.590601 1.344184 1.379846 8.090588 2.414285 0.920649 1.968555 1.636433 1.909553
0.59655 -25.89407 25.98017 3.390537 2.296233 1.149692 -6.049682 1.187577 -4.731859 4.711642 5.787857 3.470743 -0.74263 -0.060552 1.597875
-1.40345 -25.89407 25.98017 4.421762 1.937079 4.537812 -5.126884 2.501233 -1.68935 5.484842 5.64557 4.497042 -2.398576 1.63709 1.796236
2.59655 -27.89407 25.98017 4.413195 4.923243 -0.600118 -2.352223 1.134599 -0.254458 7.821354 6.391778 0.351775 3.561818 4.024335 3.68233
0.59655 -27.89407 25.98017 6.496597 3.83479 1.535922 -3.175525 2.205308 0.231582 8.875946 6.226247 3.544889 1.695163 4.053938 3.203345
2.59655 -29.89407 25.98017 2.30202 4.742627 -1.89782 -2.271631 -2.876533 3.702374 5.818632 4.777236 1.338894 1.451079 -1.567138 4.717194
0.59655 -29.89407 25.98017 4.857072 1.469266 0.764883 0.424486 -0.083077 0.811313 8.283976 -0.375391 4.239547 1.81883 2.178231 -1.223267
-5.40345 -23.89407 27.98017 -0.552365 0.819082 1.160858 -2.534695 1.838651 1.453491 3.601218 5.348153 1.987915 -1.037127 3.148906 5.280457
-1.40345 -25.89407 27.98017 4.272102 -3.732597 2.009345 -4.527822 -0.77657 -2.657254 6.896037 -0.507665 2.149079 -5.572473 -0.55456 2.56846
-3.40345 -25.89407 27.98017 3.509555 -0.449953 3.557766 -4.387519 -1.337784 1.353499 7.592902 0.187534 4.005757 -2.36087 -0.401631 3.082495
-5.40345 -25.89407 27.98017 0.113106 -0.722867 -0.931993 -5.131823 -2.737599 1.555255 5.731044 0.788576 0.861312 -1.461548 -1.709721 4.610912
0.59655 -27.89407 27.98017 3.122307 -1.793751 0.73652 -3.229299 -1.199468 -2.077836 6.217308 1.642018 1.514272 -2.341923 0.178915 0.78182
-1.40345 -27.89407 27.98017 2.877871 -2.028075 2.998395 -3.000875 -1.027601 -0.878974 5.160017 1.160842 3.598508 -2.584259 -1.691856 0.976331
2.59655 -29.89407 27.98017 3.102293 2.737163 0.282673 -3.311675 -3.356164 0.746536 5.767935 5.227005 2.068396 0.560862 -1.669947 5.264998
0.59655 -29.89407 27.98017 3.639841 0.688195 1.175127 -0.108995 -1.464459 1.173513 5.913686 2.587215 4.335944 2.759881 -0.178075 2.185271
12.59655 -25.89407 29.98017 3.788527 -0.740555 -1.352034 -1.97994 -3.994392 -0.101339 11.97065 0.429453 0.514037 -0.526986 0.593385 2.161608
-3.40345 -25.89407 29.98017 1.231648 0.524793 -2.698651 -3.176937 -2.913469 -1.110437 6.581484 2.595671 0.72128 0.151826 -1.273142 1.562192
-5.40345 -25.89407 29.98017 -2.303886 -0.111386 -6.594519 -6.79178 -3.748499 -0.715743 4.695354 3.257785 -3.335754 -0.274424 -0.762449 4.294277
-7.40345 -25.89407 29.98017 -4.683 2.279866 -1.39674 -2.078277 -3.972396 1.546161 -0.93104 1.903422 -1.590808 0.0202 -3.161939 4.043589
12.59655 -27.89407 29.98017 2.002472 -1.694052 -2.597035 -3.114689 -2.277536 0.198218 7.398237 1.452376 -1.0927 -0.093516 1.898343 2.693496
-1.40345 -27.89407 29.98017 -0.822663 -0.698129 -4.681383 -1.477476 -2.879479 -0.716941 5.611257 1.779688 0.700977 1.286228 -0.294375 2.78738
-3.40345 -27.89407 29.98017 -1.855333 -2.045898 -5.475946 -6.554821 -3.98044 -2.852992 6.186049 2.218179 -0.996964 -0.99114 -1.28887 2.107113
-5.40345 -27.89407 29.98017 -0.698557 0.178561 -4.448985 -8.260777 -3.42454 -2.436092 5.975074 4.289965 -0.936625 -1.800672 -0.477082 3.076875
0.59655 -29.89407 29.98017 0.789675 -1.639633 -5.641366 -5.663373 -2.611553 -0.137274 6.713742 3.765774 -0.720673 -1.897881 1.481207 4.156128
-1.40345 -29.89407 29.98017 0.565601 -3.252866 -7.011543 -6.373954 -4.516756 -2.396816 8.297451 3.321149 -2.344744 -1.184542 -0.894154 1.9656
0.59655 -31.89407 29.98017 -1.572068 -1.228356 -4.919006 -4.98267 -5.087387 -1.865828 6.32935 1.600691 4.37186 -1.926257 3.538563 3.688964
0.59655 -33.89407 29.98017 -3.091834 -1.897256 -4.265515 -2.304929 -5.075382 -4.680038 4.132875 -1.401628 1.914213 0.329333 0.818689 -1.806232
-1.40345 -33.89407 29.98017 0.431749 0.101014 -1.303048 -2.401918 -0.434157 -1.540667 4.917952 1.047697 1.052003 -1.648649 1.908235 0.7075
0.59655 -35.89407 29.98017 -1.62392 -3.609576 -2.835196 -5.084699 -2.826541 -3.136663 2.767099 -3.037987 0.254373 -2.146221 -1.134459 3.128752
12.59655 -23.89407 31.98017 1.27871 1.921486 -1.46358 -1.151198 -3.41815 0.128951 2.949876 2.871559 -0.11924 -0.317707 0.261414 1.867946
12.59655 -25.89407 31.98017 0.5167 2.320034 -2.31911 -1.912748 -4.548301 2.247721 4.711595 2.958475 0.582189 -1.117467 1.796549 2.658206
-7.40345 -25.89407 31.98017 -2.220975 1.436448 -0.571446 -3.47766 -4.190377 -2.499919 0.594715 5.137675 -0.383343 0.512574 -4.047747 0.281455
14.59655 -27.89407 31.98017 1.075399 1.423848 -0.47453 -1.764952 -4.40228 1.286161 5.188926 2.35252 1.785124 -2.934355 -2.131456 0.66119
12.59655 -27.89407 31.98017 0.953295 1.791644 -4.257278 -5.14059 -4.143884 2.673372 9.537859 3.997856 -0.305069 -0.852675 3.958504 5.965404
-5.40345 -27.89407 31.98017 -2.655804 1.144498 -2.846151 -6.396651 -7.383117 -2.664127 3.96896 6.754549 0.970709 0.231141 -3.835553 1.844378
-7.40345 -27.89407 31.98017 -0.885754 -0.564988 -1.11209 -2.777335 -4.50855 -1.658252 1.603375 1.105156 -0.801186 -0.731608 -3.008316 -0.576275
14.59655 -29.89407 31.98017 2.566792 0.069862 -2.4525 -3.895991 -4.888138 -0.905227 7.504742 1.110572 0.338696 -2.162224 -2.70046 0.060714
-1.40345 -29.89407 31.98017 0.601778 -3.406312 -3.601931 -11.49109 -7.921823 -4.696159 9.528193 2.086052 2.886071 -2.363292 -2.294434 4.371548
-3.40345 -29.89407 31.98017 -2.760538 -0.848171 -3.224469 -7.760996 -7.625691 -3.355682 4.46473 3.003304 -0.80062 -0.632233 -4.329153 3.27933
0.59655 -31.89407 31.98017 -1.104499 -5.111506 -8.706935 -12.27349 -6.733212 -3.978311 9.080536 3.431677 3.040045 -4.016891 3.236465 4.092954
-1.40345 -31.89407 31.98017 1.54229 -3.940791 -3.141514 -11.17042 -2.320971 -5.413048 8.55604 3.687436 1.65505 -1.105671 2.990275 3.02712
0.59655 -33.89407 31.98017 -3.404887 -2.399763 -6.574507 -3.093853 -6.599905 -3.233056 3.923432 1.767797 0.881734 2.562927 -0.55299 0.716945
-1.40345 -33.89407 31.98017 -2.547131 -1.397807 -1.788064 -2.329929 -0.710069 -2.182643 2.145659 1.514441 1.539251 1.578343 2.093945 -0.594535
2.59655 -35.89407 31.98017 -2.310716 -0.342911 -1.692221 -2.672337 -4.938 -0.506116 1.587107 -0.817036 2.413002 2.525121 -2.184217 8.454253
0.59655 -35.89407 31.98017 -5.036845 0.535763 -3.900445 -0.665042 -6.180114 0.861669 0.070739 -0.665428 -0.823081 4.388216 -2.3938 4.43012
-1.40345 -35.89407 31.98017 -5.349711 0.962023 -1.844478 -0.864934 -3.896931 -2.13933 -2.166303 -0.19978 1.836599 3.495702 -1.427529 0.561169
0.59655 -37.89407 31.98017 -3.626249 -0.72005 -1.757551 -3.586635 -4.326258 -1.890619 1.840492 -1.962219 2.065957 -0.032478 0.422076 4.320717
12.59655 -25.89407 33.98017 -1.552603 -0.235594 -1.840956 -0.936964 -4.052053 0.929016 4.196339 2.603588 1.112377 -0.565528 1.945551 -0.560539
-7.40345 -25.89407 33.98017 -1.152395 -2.007988 -0.653759 -4.389665 -1.503416 -3.870203 3.451822 4.136239 -1.302874 -0.042427 -1.883705 0.948292
14.59655 -27.89407 33.98017 0.379725 2.510474 -2.44857 -1.836296 -2.813506 -0.493941 5.518855 4.1417 1.568014 -2.435737 1.943461 -0.105516
12.59655 -27.89407 33.98017 -0.306008 1.359508 -4.324897 -4.029409 -2.620908 0.810536 9.066568 4.778463 -0.249883 -2.180628 5.27684 3.666693
-5.40345 -27.89407 33.98017 -1.194039 -0.857408 -4.365975 -3.845793 -5.87549 -3.569651 2.573601 4.287031 -2.765282 -0.688252 -5.646178 0.897152
-7.40345 -27.89407 33.98017 -1.035599 -1.955991 -2.658368 -3.748725 -3.810682 -3.393349 1.7718 2.245335 -2.546209 -0.606003 -4.250847 1.404086
16.59655 -29.89407 33.98017 2.274809 0.285232 0.391273 0.083169 -8.213902 -1.517683 2.000466 -1.912296 0.879829 0.260734 -7.997096 0.599008
14.59655 -29.89407 33.98017 0.228193 1.782067 -4.90867 -5.535795 -4.078975 -2.075881 7.906742 3.79046 -0.079843 -2.343919 0.896674 1.756562
-1.40345 -29.89407 33.98017 0.063015 -3.579101 -0.703793 -8.471978 -7.03877 -5.147797 5.604589 1.085908 3.648082 -2.454155 -3.231928 -0.533815
-3.40345 -29.89407 33.98017 -1.138056 -1.263461 -1.739284 -5.309296 -4.888909 -2.689077 2.801237 1.597455 -1.190371 -2.339509 -2.968227 -0.178593
-5.40345 -29.89407 33.98017 -0.852459 -1.268169 -4.621273 -2.84766 -6.646931 -3.97036 2.269722 1.622299 -3.87726 -1.404724 -5.625791 -1.174839
-7.40345 -29.89407 33.98017 -1.430657 -2.881002 -7.079074 -2.515508 -5.762532 -4.271198 3.029667 -1.546037 -4.46524 -0.066621 -2.401946 -2.670994
16.59655 -31.89407 33.98017 2.972009 1.774104 -2.924273 -0.316865 -5.78099 -0.041032 2.807578 -1.564688 -2.971975 -0.897213 -5.34755 -0.98029
14.59655 -31.89407 33.98017 -0.350939 0.484556 -6.840994 -8.958172 -3.531406 -3.812975 7.635789 -0.285486 -2.142164 -3.157477 0.236069 1.16733
0.59655 -31.89407 33.98017 -2.37567 -5.648233 -9.520645 -11.79534 -7.718653 -4.844475 7.806556 3.753916 -0.479515 -3.841263 1.724659 0.924628
-1.40345 -31.89407 33.98017 -1.10996 -3.129827 -5.11875 -7.965785 -6.284689 -4.30002 5.071682 3.416314 0.656927 -1.876964 0.109816 -0.612592
-3.40345 -31.89407 33.98017 -3.398974 -1.338404 -5.15317 -5.088877 -3.708157 -1.508066 1.604374 0.931537 -3.830184 -2.429572 0.462447 -0.71844
14.59655 -33.89407 33.98017 2.073241 3.586679 -3.93471 -6.906789 -3.471331 -1.625833 7.678535 3.352078 -2.775431 -1.478616 -1.716919 2.97419
2.59655 -33.89407 33.98017 -2.694885 2.745172 -4.25931 -5.393056 -4.388736 0.481712 4.924929 7.351551 0.56368 -2.000276 1.42398 2.366604
0.59655 -33.89407 33.98017 -3.224526 1.291974 -4.515622 -2.890022 -5.967777 0.477515 3.143599 5.851177 1.755664 0.79216 1.50365 0.30189
2.59655 -35.89407 33.98017 0.219746 2.257841 -4.077717 -6.123288 -6.180012 -1.361592 7.469324 6.62045 -1.262624 -1.548311 -1.50029 3.311772
0.59655 -35.89407 33.98017 -3.092798 3.325731 -3.094257 -1.917278 -6.560213 2.155192 3.022705 2.996336 0.109527 0.68193 -2.311922 1.082611
-1.40345 -35.89407 33.98017 -2.960776 2.688346 -1.391586 -1.433679 -3.887949 -0.079259 0.751991 3.746804 0.900931 0.985214 -0.413245 0.051963
2.59655 -37.89407 33.98017 1.255805 0.190659 -1.69112 -3.888587 -3.271302 -1.356915 5.078396 2.820212 0.489996 -0.129081 -0.271305 3.136897
0.59655 -37.89407 33.98017 -2.451082 3.273778 -1.698063 -1.676727 -4.001508 -0.12217 3.961532 3.3234 1.905916 0.442757 1.759924 0.969455
-1.40345 -37.89407 33.98017 -4.124712 1.600911 -1.027322 -3.295192 -3.56591 -0.988002 2.322184 2.849812 2.476992 0.313482 1.451208 2.207077
14.59655 -27.89407 35.98017 0.595903 -0.695129 -1.844426 -0.510881 -1.420936 -2.609702 4.426096 0.885549 -0.066962 -1.130432 0.265075 -0.65461
12.59655 -27.89407 35.98017 0.867895 -1.361266 -1.548773 -1.513474 -0.754603 -1.693522 5.712429 -0.38743 -1.300706 -1.660208 2.03604 -1.769408
-7.40345 -27.89407 35.98017 3.396497 -3.610739 2.78677 0.532618 -1.578192 -2.66669 2.86541 -1.76618 1.795215 2.585678 -5.163638 0.946368
-9.40345 -27.89407 35.98017 2.835776 -3.894365 2.083779 -0.867004 -3.156397 -3.196489 2.569335 -2.828934 0.903903 -0.929424 -5.208551 -2.936738
16.59655 -29.89407 35.98017 -1.180284 -3.681163 4.200992 1.252495 -6.314184 -4.746057 -1.291719 -5.612123 4.17864 1.701149 -8.18321 0.921432
14.59655 -29.89407 35.98017 1.185421 -1.784791 -4.490714 -2.479335 -7.44231 -3.886168 7.702242 -1.163208 -2.150689 -1.313755 -4.76685 -1.539159
-3.40345 -29.89407 35.98017 2.352012 1.123723 -1.501899 -1.609041 -0.737837 -1.714682 4.840402 3.983287 -1.377733 -1.838913 -2.226972 -0.277133
-5.40345 -29.89407 35.98017 4.037968 -0.628121 -2.644209 -0.123795 -3.903009 -2.639793 4.293282 1.088168 -3.769822 -0.204348 -6.713318 -0.096497
-7.40345 -29.89407 35.98017 3.394779 -3.768319 -4.014193 0.294261 -5.094422 -3.437517 4.37856 -2.778293 -3.603815 1.664682 -7.031559 -1.121643
-9.40345 -29.89407 35.98017 3.376704 -3.635275 -3.931963 -2.215937 -6.568579 -2.759585 4.065382 -2.227948 -3.683486 -2.424496 -9.071024 -2.800821
16.59655 -31.89407 35.98017 -0.14819 -0.783474 -0.475491 -1.17459 -5.862561 -1.794872 1.628486 -1.151894 -0.606235 -1.51329 -6.604462 1.611919
0.59655 -31.89407 35.98017 -3.69278 -7.091138 -11.77076 -9.853518 -4.786181 -5.522787 2.98242 -0.368459 -5.836051 -3.590983 -0.745046 -0.520668
-1.40345 -31.89407 35.98017 -0.521272 -1.779599 -8.158069 -4.614385 -5.153669 -3.268631 4.730276 4.069665 -4.206798 -1.99666 -4.365603 0.973828
-3.40345 -31.89407 35.98017 -2.102078 -1.107264 -8.835882 -3.478759 -5.011508 -2.213686 2.719988 2.254754 -6.824289 -2.8097 -3.807352 -1.759361
-5.40345 -31.89407 35.98017 0.539849 -2.936013 -9.142488 -3.676578 -5.854177 -2.604856 3.732075 -0.687633 -9.198485 -2.367154 -4.350141 -3.759438
-7.40345 -31.89407 35.98017 1.650415 -0.265719 -8.747372 -2.188555 -6.77815 -0.692285 4.261855 1.846394 -8.278549 -1.079426 -6.608915 -2.997159
-9.40345 -31.89407 35.98017 0.817689 -0.75293 -7.99048 -2.532221 -8.59529 -0.598343 2.609998 2.550934 -7.982849 -2.919156 -8.504753 -1.085519
14.59655 -33.89407 35.98017 0.431866 0.70711 -4.946361 -5.359249 -1.867735 -0.716672 6.264621 1.828111 -4.779524 -1.685982 -0.594324 1.082088
0.59655 -33.89407 35.98017 -3.429655 -1.926636 -7.214543 -4.668485 -6.252333 -1.720474 1.30134 1.789955 -2.445861 0.933943 -1.904589 -2.233829
-1.40345 -33.89407 35.98017 -4.205339 -2.017661 -8.83119 -3.359031 -7.443415 -2.045354 1.294132 0.5245 -4.042938 1.019961 -5.050058 -2.115886
-3.40345 -33.89407 35.98017 -4.228093 -2.329504 -9.352272 -5.052463 -6.079925 -3.36548 2.194526 0.859681 -5.586428 -2.069932 -4.214258 -4.016554
-5.40345 -33.89407 35.98017 -2.809674 -2.156704 -9.944137 -3.890665 -5.259028 -2.206244 2.567104 1.608048 -8.335982 -1.166917 -3.602647 -4.156142
2.59655 -35.89407 35.98017 -1.259786 -1.49637 -5.268082 -5.367948 -7.167693 -3.623326 4.063075 1.758794 -2.560689 -0.332579 -3.853887 -2.300391
0.59655 -35.89407 35.98017 -3.091419 0.989173 -4.926642 -3.179082 -7.533484 -0.521655 1.707368 2.645922 -2.044815 1.104095 -3.971621 -0.244865
2.59655 -37.89407 35.98017 -1.002075 -1.682813 -4.958401 -3.791512 -7.086933 -4.230976 3.7382 2.304522 -3.293295 1.187184 -3.612999 -2.614856
0.59655 -37.89407 35.98017 -1.399456 -0.057032 -4.089057 -0.984416 -6.019085 -1.172828 3.889765 1.842944 -1.374611 1.081862 -1.522517 0.186579
-1.40345 -37.89407 35.98017 -1.700108 -0.086012 -1.768661 -0.651482 -3.402874 -0.079965 4.094332 1.142346 1.568261 1.441046 0.591225 1.559843
-7.40345 -27.89407 37.98017 3.759018 -1.220971 3.546611 1.458522 0.067741 -0.131284 3.366316 -1.838759 -0.162101 0.723338 -2.767914 -0.420276
-9.40345 -27.89407 37.98017 3.665745 -0.840013 4.040366 1.06287 2.335041 -0.685256 1.442587 -2.844399 -0.10591 0.163533 -0.548024 -0.340458
16.59655 -29.89407 37.98017 -1.76432 -3.809653 2.965529 -0.535234 -3.955338 -3.498458 0.801243 -3.541901 4.569709 0.942819 -4.079165 0.777671
14.59655 -29.89407 37.98017 -1.247476 -3.289194 -0.986384 -2.249297 -7.646233 -2.221346 3.160732 -2.520444 0.731775 -2.222948 -6.851974 -1.194069
-7.40345 -29.89407 37.98017 3.41675 2.261082 1.078126 2.22531 -1.023464 -0.097849 2.006089 1.355337 -4.186038 1.259168 -5.121753 -0.711815
-9.40345 -29.89407 37.98017 4.159104 2.038374 1.292657 1.839157 -2.365446 0.286771 1.20255 0.17543 -2.440579 -0.886396 -6.88476 0.800105
-11.40345 -29.89407 37.98017 2.151948 4.221515 2.878548 3.71111 -2.532892 2.925741 -1.218376 0.633559 -1.24422 -0.935416 -6.236354 0.723812
16.59655 -31.89407 37.98017 -0.600289 -3.887836 1.328528 -1.53977 -3.978936 -2.880494 2.903322 -1.152169 2.671808 -0.482385 -3.937889 0.597179
-3.40345 -31.89407 37.98017 -3.842451 3.585996 -5.907556 -1.746228 -1.54284 -1.247291 0.5752 5.45101 -5.98806 0.216261 -3.979805 -0.568309
-5.40345 -31.89407 37.98017 -1.776493 2.203872 -3.338294 0.674684 -3.801909 -1.940155 -1.19833 2.132401 -6.262804 1.547511 -5.621236 -3.552793
-7.40345 -31.89407 37.98017 -0.5997 4.362924 -2.951511 2.072526 -4.08574 0.081607 -1.235026 3.285698 -6.559322 1.157307 -7.33708 -1.305247
-9.40345 -31.89407 37.98017 0.778193 3.092644 -3.028372 2.24067 -6.364419 0.120595 -0.197094 3.218425 -5.236453 -0.757128 -8.605926 0.359866
16.59655 -33.89407 37.98017 -0.301637 -2.083153 0.879107 -1.891017 -0.590117 -2.975856 0.246107 -0.401199 1.815753 -0.825689 0.074921 -1.535179
14.59655 -33.89407 37.98017 0.310904 -0.147461 -1.772584 -2.143279 -0.222944 -2.263908 3.568449 -0.48743 -1.934222 0.690978 -1.765854 0.367782
0.59655 -33.89407 37.98017 -9.077446 -3.659053 -5.097955 -4.363668 -5.882976 -5.389508 -2.911448 -2.442506 -1.249244 2.029235 -6.451643 -1.418971
-1.40345 -33.89407 37.98017 -9.742979 -1.121268 -8.07755 -2.071916 -7.672316 -3.481462 -2.947764 -2.341214 -3.530223 3.283406 -8.519502 0.08926
-3.40345 -33.89407 37.98017 -8.675587 -0.124504 -7.230477 -1.661168 -5.317544 -3.504937 -4.018489 -0.296907 -3.849305 1.732447 -6.575155 -3.171297
-5.40345 -33.89407 37.98017 -5.405969 0.849834 -4.067799 0.989582 -4.127395 -2.379024 -2.471239 0.427934 -4.539358 1.860604 -5.653062 -4.573549
14.59655 -35.89407 37.98017 2.585562 0.302287 0.449343 0.486098 0.856802 -1.542637 1.321466 -0.574565 -2.783356 2.747541 -0.286018 1.459053
12.59655 -35.89407 37.98017 5.029159 1.355662 3.071481 1.672897 1.536303 -0.37157 4.752901 1.615388 -0.337506 3.025361 -2.215548 2.468027
2.59655 -35.89407 37.98017 -2.077427 -0.99798 -2.528426 -3.449198 -6.411358 -3.872755 1.30972 0.200034 -0.54372 -1.258622 -5.487812 -1.559104
0.59655 -35.89407 37.98017 -3.755646 -1.639362 -3.420535 -2.776752 -7.120483 -2.77419 0.730078 0.202553 -1.301799 0.398571 -6.07105 -0.131055
12.59655 -37.89407 37.98017 5.001071 1.010076 3.32814 1.382917 3.823219 -1.521093 3.186423 1.606301 -0.854278 1.353943 -0.321778 1.756575
2.59655 -37.89407 37.98017 -1.225708 -2.275771 -4.040526 -3.582602 -7.155015 -4.250707 1.989226 -1.062532 -3.317256 -1.500592 -4.716123 -2.157711
0.59655 -37.89407 37.98017 -2.383584 -2.423108 -4.808438 -2.292925 -7.313663 -3.272377 0.409497 -0.709378 -2.61345 -1.264392 -5.015547 -1.108115
-1.40345 -37.89407 37.98017 -2.949774 -0.42258 -1.727554 -0.180733 -4.405699 -0.212571 2.249922 -0.729141 2.083848 1.125028 -1.409469 1.114523
-3.40345 -37.89407 37.98017 -1.843223 -0.372333 -1.184542 -0.712803 -3.763015 -0.355522 2.976371 -0.22717 2.28425 0.792396 -1.860874 -0.36526
14.59655 -27.89407 39.98017 -1.887548 1.461075 2.851483 -0.448671 0.847858 -2.30541 0.560277 -0.65396 2.887544 -1.424328 0.951476 -1.917735
16.59655 -29.89407 39.98017 -2.074377 -1.376472 1.233629 -2.620065 -1.571549 -1.195316 1.140229 -0.349616 2.680716 -0.286296 -0.942201 0.857226
14.59655 -29.89407 39.98017 -4.588953 -0.517509 -2.916024 -1.983848 -4.427251 -1.575727 2.337268 -0.268007 0.365909 0.159135 -2.956106 -0.682324
-5.40345 -29.89407 39.98017 1.60821 0.645885 -3.073296 -5.68283 -2.045026 -3.921142 5.096763 7.098203 -3.920505 -0.200423 -2.927323 -0.949222
-7.40345 -29.89407 39.98017 3.413576 3.312718 4.25838 -0.761439 2.021325 -0.934453 2.724648 5.365286 0.688836 1.252918 -1.126069 0.746167
-9.40345 -29.89407 39.98017 4.321107 2.424578 7.575364 1.792452 5.168104 0.739417 0.442369 0.681073 2.498031 1.832501 0.452519 1.444646
16.59655 -31.89407 39.98017 -2.448741 -1.062956 -0.657084 -1.250051 -3.1538 -0.746045 1.870131 -0.11848 1.398871 0.792545 -1.383234 0.458097
14.59655 -31.89407 39.98017 -5.127251 -3.899698 -6.908525 -3.097421 -5.344726 -4.126678 4.991228 -3.316359 -2.647811 0.984282 -3.945544 -2.786907
0.59655 -31.89407 39.98017 -5.967977 -1.68044 -1.739655 -1.091777 -2.135093 -3.416442 -0.614582 0.171545 -0.16227 2.933358 -2.292411 0.838197
-1.40345 -31.89407 39.98017 -3.029064 2.339899 -0.875131 0.322956 -0.374877 -2.075413 2.738067 2.291283 -1.89916 3.312651 -1.705324 0.492692
-3.40345 -31.89407 39.98017 -0.761027 1.511675 -5.258558 -2.54161 -0.460463 -2.061166 5.89196 3.493366 -4.871854 1.707295 -0.668822 -2.249055
-5.40345 -31.89407 39.98017 -0.484222 0.678292 -1.375366 -1.871423 -1.761547 -2.745856 2.084132 3.934949 -2.144957 1.751944 -2.71408 -2.804085
-7.40345 -31.89407 39.98017 -0.533716 2.571989 1.835877 -0.379524 1.354663 -0.402366 -0.2171 4.701215 0.030654 0.273011 -0.816343 -0.039518
16.59655 -33.89407 39.98017 -0.261344 -0.635693 0.622927 0.262447 -0.983634 -1.088733 0.197294 -0.870885 1.465574 0.334035 -0.302987 -1.591916
14.59655 -33.89407 39.98017 -0.797437 -1.228342 -4.723446 -0.573079 -1.916504 -2.711167 3.480127 -3.983371 -3.507611 1.716124 -2.000289 -3.341167
2.59655 -33.89407 39.98017 -3.360355 1.210873 -0.693888 -0.843693 1.117894 -1.341101 -0.33415 1.480684 1.203486 0.89598 0.183773 0.377511
0.59655 -33.89407 39.98017 -6.670608 -1.604095 -1.942632 -2.137319 -3.125223 -3.990088 -1.242185 -0.250532 0.161597 1.139956 -3.407597 -0.866905
-1.40345 -33.89407 39.98017 -4.433897 -0.465489 -0.630559 0.051427 0.066962 -2.430123 0.592838 -1.366888 -0.404979 2.022421 -0.913831 -2.060251
-3.40345 -33.89407 39.98017 -2.454769 1.239907 -2.342653 0.895079 -0.070118 -0.713417 1.310304 0.203321 -1.770653 2.5533 -1.804742 -2.527993
14.59655 -35.89407 39.98017 1.729647 1.249089 -1.79239 1.679903 0.746095 -0.88833 2.380305 -0.889989 -3.378479 2.983559 0.07342 -0.842626
12.59655 -35.89407 39.98017 3.143725 0.247318 -0.617863 2.230805 1.518151 -1.555034 6.701421 -2.381039 -1.813708 2.81771 -1.151084 -2.329872
10.59655 -35.89407 39.98017 -0.630191 -2.21526 -0.272137 2.180447 0.712339 -4.64414 4.517993 -3.804662 -0.725343 2.647643 -1.885097 -4.773319
2.59655 -35.89407 39.98017 -3.685745 0.055042 -3.045063 -2.09588 -3.133234 -2.043452 0.965947 0.032288 -2.187846 -2.008563 -1.626225 -0.885431
0.59655 -35.89407 39.98017 -4.391186 -2.349371 -2.066331 -2.344208 -3.55618 -2.485424 0.60279 -1.113521 -1.10074 -0.70504 -2.52641 -1.206134
14.59655 -37.89407 39.98017 1.216918 0.833279 -1.194135 0.969216 0.03165 -1.142896 3.536977 0.426537 -2.583985 2.328386 -1.08561 -0.381821
12.59655 -37.89407 39.98017 4.324821 2.019113 0.725549 1.28904 2.098141 -1.040082 7.201474 0.711222 -1.790548 2.372881 -1.403318 0.041369
0.59655 -37.89407 39.98017 -5.817648 -1.686073 -5.465332 -3.420612 -4.104814 -2.21496 -1.907278 -0.98157 -2.869495 -2.7263 -1.611851 -0.794631
-1.40345 -37.89407 39.98017 -4.992563 1.570391 -2.28141 -0.68439 -1.812239 0.867763 -0.847457 0.202978 0.018624 -0.602458 0.921162 -0.39914
-3.40345 -37.89407 39.98017 -3.730798 0.728974 -0.621499 -0.34909 -1.523376 0.551032 -1.153384 1.018093 1.670514 1.045799 0.875308 1.027288
14.59655 -27.89407 41.98017 -1.124295 0.40319 0.961163 -2.367067 -0.791678 -4.091616 0.87783 1.687828 2.402458 -1.698119 1.207078 -1.984016
12.59655 -27.89407 41.98017 -2.335227 1.501914 -2.202411 -4.007014 -3.031076 -5.117888 3.559745 2.739178 1.803659 -2.122705 0.579048 -2.016908
14.59655 -29.89407 41.98017 -1.197936 -0.071934 -2.260314 -3.261455 -2.924329 -3.488007 2.397629 3.326578 1.783748 0.169942 -1.179706 -2.135853
14.59655 -31.89407 41.98017 -1.671883 -1.824252 -2.356127 -3.643128 -1.729919 -3.517297 2.158812 0.271947 0.466783 -0.329964 -0.730988 -1.876665
12.59655 -31.89407 41.98017 -2.613642 -2.472506 -3.253363 -6.577229 -0.930209 -6.460584 2.860159 2.098807 1.006828 -0.829301 0.042978 -2.314903
-1.40345 -31.89407 41.98017 -2.593315 -3.486589 -3.462071 -2.725262 -3.205093 -4.376866 -0.926843 1.49 -3.540355 0.171408 -4.967181 -0.625175
-3.40345 -31.89407 41.98017 -0.222722 -3.437934 -5.206378 -3.959565 -3.42732 -5.319313 3.40263 1.332458 -2.798028 0.858889 -3.854976 -0.612891
14.59655 -33.89407 41.98017 0.006021 -2.569559 -1.173228 -1.534162 -1.210221 -3.683579 0.674681 -3.194327 -0.893266 1.088712 -0.856028 -2.685279
12.59655 -33.89407 41.98017 -1.565901 -3.489337 -2.335423 -2.828723 -0.183725 -5.150427 1.883635 -3.630537 -0.738235 -0.1382 -0.468589 -3.884981
10.59655 -33.89407 41.98017 -3.021463 -1.224986 -3.788634 -5.196189 -1.600717 -5.751161 2.842543 0.281113 0.517957 -0.924256 1.346956 -2.934057
2.59655 -33.89407 41.98017 -1.304332 -0.302861 -1.519853 -2.92971 -0.432197 -2.016336 1.452288 1.213823 1.435467 -0.324375 0.418303 0.9041
0.59655 -33.89407 41.98017 -4.22842 -2.393133 -3.270932 -4.209501 -3.194761 -5.448584 -1.574695 1.356418 -0.652898 -0.598096 -2.415037 -1.394856
-1.40345 -33.89407 41.98017 -0.677899 -2.709462 -1.489336 -1.114786 -1.326969 -3.949307 0.78007 0.329686 -2.03084 1.147916 -2.486279 -1.932393
-3.40345 -33.89407 41.98017 2.00986 -2.297706 -0.357878 -0.661738 -1.376236 -2.395541 3.411682 -0.405099 0.230271 1.266166 -3.98353 -1.783191
12.59655 -35.89407 41.98017 -0.390283 -3.017743 -1.678691 -0.871527 0.169798 -2.520416 1.055873 -3.57176 -1.682234 0.154955 -1.224842 -3.351353
10.59655 -35.89407 41.98017 -0.757887 -3.2363 -0.553668 -0.671124 -0.817891 -4.266429 1.812537 -2.181483 0.692121 0.480296 -1.130588 -4.374266
2.59655 -35.89407 41.98017 -2.45174 -0.28534 -2.351655 -3.509017 -1.92842 -2.816524 0.07111 2.616972 0.502285 -0.922443 -1.312446 0.072935
0.59655 -35.89407 41.98017 -3.673947 -2.434932 -1.978782 -3.603881 -2.763989 -3.588841 -1.24414 0.495983 -0.561231 -0.536111 -2.24351 -1.071582
-3.40345 -35.89407 41.98017 1.400836 -3.612156 -0.948205 -1.247809 -0.303903 -3.201012 2.267946 -1.171447 -0.279499 1.327142 -1.865373 -1.638334
0.59655 -37.89407 41.98017 -2.915837 -1.7008 -1.813349 -3.35359 -1.302257 -3.090508 -1.501241 2.402566 1.393005 -0.421215 -0.998057 -0.020429
-1.40345 -37.89407 41.98017 -1.971874 0.453724 0.507969 -1.277026 1.347965 -2.25551 -1.49633 2.855934 0.011909 0.665019 1.203263 -2.219414
14.59655 -29.89407 43.98017 -1.121489 -2.108116 -3.364383 -3.448363 -4.392352 -3.880513 3.336213 1.271587 1.640256 1.19024 -2.156857 -0.894137
12.59655 -29.89407 43.98017 -2.562834 -0.820989 -4.892581 -4.236677 -3.925989 -5.077531 3.9701 3.25102 0.102792 1.016094 -2.446086 -0.341094
14.59655 -31.89407 43.98017 -0.796936 -2.668845 -2.77349 -3.878388 -2.812613 -3.196847 2.952364 0.470529 0.678045 0.81769 -1.755606 0.322029
12.59655 -31.89407 43.98017 -2.698035 -2.542696 -5.500858 -6.959199 -3.372514 -5.946697 4.336954 3.017632 0.823822 1.568876 -0.837111 -0.19687
12.59655 -33.89407 43.98017 -2.749199 -2.378005 -3.712953 -4.678323 -2.466061 -4.431586 3.007886 -0.009004 -0.230306 1.695322 -0.275552 -1.045907
10.59655 -33.89407 43.98017 -5.837552 -4.297877 -7.129133 -8.835517 -3.154086 -7.401415 0.532102 0.080462 -0.340441 -0.063214 2.413841 -1.983949
0.59655 -33.89407 43.98017 -14.15075 -2.691352 -13.19488 -11.45988 -5.330933 -6.982793 -9.145658 3.716278 -2.131256 -2.161151 1.334544 6.238898
-1.40345 -33.89407 43.98017 -7.287086 -3.519786 -7.50551 -5.881808 -3.342095 -5.921804 -5.220763 2.043867 -3.899443 1.121967 -1.76131 2.043637
-3.40345 -33.89407 43.98017 -4.004331 -2.005339 -4.361075 -2.599407 -2.279332 -3.42414 -2.466208 1.598246 -1.704889 1.624859 -2.740738 1.125299
12.59655 -35.89407 43.98017 -1.211812 -2.535016 -1.925138 -2.189957 -1.019384 -2.552855 1.470143 -1.170924 -0.568636 0.506833 -0.16064 -0.555257
10.59655 -35.89407 43.98017 -1.854635 -2.852749 -1.422588 -4.464952 -1.84046 -3.392859 1.53276 0.379363 1.951286 0.122189 0.083385 -0.637849
0.59655 -35.89407 43.98017 -8.90094 -0.600333 -7.261518 -8.482182 -5.762879 -2.682295 -3.02154 2.647724 1.48981 1.011804 0.153719 6.196801
-1.40345 -35.89407 43.98017 -4.974558 -0.917928 -4.346052 -4.668644 -3.253116 -2.408257 -1.340751 2.846562 -1.275553 2.982829 -1.528312 2.515277
-3.40345 -35.89407 43.98017 -4.615741 -3.074656 -5.393835 -4.495856 -2.183083 -3.842052 -3.609982 2.046373 -2.667691 1.823274 -2.352221 3.150447
-1.40345 -37.89407 43.98017 0.709289 -2.253349 -0.276193 -2.678516 -2.127615 -2.419139 3.775412 2.277885 0.693304 3.05144 -2.745151 -0.705224
-3.40345 -37.89407 43.98017 -1.603681 -4.665064 -1.20477 -3.708683 -0.511843 -3.933634 -0.166587 0.222419 -0.025221 3.662023 -1.681582 2.579564
14.59655 -31.89407 45.98017 -1.320437 -2.248235 -3.873569 -2.387906 -2.781489 -3.639389 0.640804 -0.080847 -1.066419 1.319094 -2.979233 -0.87292
14.59655 -33.89407 45.98017 0.229616 0.449528 -1.039112 -1.961709 -0.12753 -2.519706 0.654865 1.52637 -1.246691 -0.833338 -1.124903 -1.160074
12.59655 -33.89407 45.98017 -1.957544 -1.793842 -4.602541 -5.100028 -3.196192 -5.333199 2.101255 0.627794 -1.050028 0.519475 -2.584711 -2.152441
12.59655 -35.89407 45.98017 -1.249076 -3.202285 -2.476929 -3.200947 -1.573953 -3.530177 1.949957 -1.395281 -0.562231 -0.852548 -1.052321 -0.970762
10.59655 -35.89407 45.98017 -1.997251 -5.305385 -4.455031 -6.955397 -4.213937 -5.253359 2.61003 -1.5655 1.417323 -1.806896 -1.478402 -2.958057
