1.202591 -2.702507 6.016354 -0.913712 2.511838 1.275317 3.54034 2.384896 1.380365 -0.023038 0.861606 -2.194595 -0.536946 -0.198106 3.839499
1.202591 -2.702507 8.016354 -0.983895 3.024378 -0.06034 -0.318289 1.068456 -3.460855 1.032347 -0.538665 -0.732125 -2.631215 -0.671729 2.615732
5.202591 -6.702507 8.016354 2.353663 -3.951029 3.754357 -2.725736 0.490606 -1.979208 -0.706104 -1.828466 -0.021524 -2.139828 -1.893213 -4.836591
-0.797409 3.297493 10.01635 -0.321483 -3.665031 -0.247511 -2.095598 -0.044369 -8.52379 -0.262627 -4.151438 -1.806292 -6.284956 -0.898979 -5.04408
-2.797409 3.297493 10.01635 2.708894 -1.169279 1.163468 -1.772253 0.830171 -3.350116 -0.197321 -3.941782 1.366194 -0.491902 0.194771 -3.415837
-0.797409 1.297493 10.01635 -1.809812 -4.569819 1.318031 -6.020647 2.280072 -13.66743 0.565458 -3.660095 0.56634 -9.530909 4.316001 -4.479257
-0.797409 -0.702507 10.01635 0.017578 -6.742741 0.823057 -4.875572 2.152581 -10.90592 -1.281446 -5.764599 0.315213 -10.58741 0.818112 -2.711247
7.202591 -2.702507 10.01635 0.561989 6.38458 3.732812 6.692854 1.304025 0.259305 -0.584751 2.215701 0.962765 -1.236246 -1.981188 3.153139
5.202591 -2.702507 10.01635 0.569706 5.145829 5.3509 0.437491 0.124747 -1.781817 -2.00243 -4.309218 2.451466 -1.965641 -1.601277 1.252446
1.202591 -2.702507 10.01635 0.167608 -5.165491 -2.723209 -4.311639 -0.683928 -7.399376 1.625625 -5.4814 2.128636 -1.48728 -0.167469 1.008118
-0.797409 -2.702507 10.01635 3.103453 -7.310175 0.063111 -2.697961 -0.035588 -4.178414 -0.495161 -6.540035 1.375206 -7.527746 -1.815203 -0.56758
5.202591 -4.702507 10.01635 1.766019 2.79307 3.351418 -0.995193 1.325981 -1.931615 -0.350162 -5.697324 3.026227 -5.711492 -3.289392 -0.965182
3.202591 -4.702507 10.01635 0.175265 -0.549469 1.386557 -7.179308 -0.553913 -2.318485 -0.245245 -6.744281 0.655798 -2.683005 -1.95692 -0.723152
-0.797409 -4.702507 10.01635 2.548012 -5.669895 -0.329752 -1.576019 0.967318 0.902835 -1.051235 -3.613047 -0.225532 -2.088248 -1.547619 1.713109
-2.797409 -4.702507 10.01635 1.208992 0.207929 3.998495 1.844927 0.989234 2.829289 -1.983122 -1.651466 -0.933615 -1.12411 -1.559396 1.827901
5.202591 -6.702507 10.01635 1.478355 -0.846204 2.180061 -3.531339 0.397831 -2.753029 0.480607 -6.423594 -0.901998 -7.758282 0.106258 -3.993718
3.202591 -6.702507 10.01635 0.278458 -2.671843 1.413824 -9.284068 0.698503 -2.65437 1.181498 -7.027094 -0.349837 -3.569351 1.29037 -2.705211
-0.797409 -6.702507 10.01635 2.638611 -3.015514 0.433914 -0.47169 0.161438 3.436233 -0.0432 0.186502 -0.400953 2.344327 0.529424 2.864562
7.202591 -8.702507 10.01635 -0.551363 -1.325297 -2.811993 0.441273 -0.514414 0.249988 -0.648168 -3.324647 -2.761719 -4.449583 0.05392 -4.164469
5.202591 -8.702507 10.01635 1.106145 -1.926582 1.306966 -3.970465 2.13952 -2.343847 -0.510534 -4.723561 -1.21227 -5.682488 2.453638 -5.920212
7.202591 -10.70251 10.01635 1.410302 -1.771047 -1.457183 1.456745 0.945686 2.396937 0.193686 -1.488978 -1.23885 -0.751973 1.260187 -4.226119
-0.797409 1.297493 12.01635 -2.548903 0.729842 0.931094 -8.537903 -0.465866 -7.066193 1.699479 0.269168 0.319994 -2.599344 1.421161 -0.957601
-2.797409 1.297493 12.01635 0.009616 4.398225 0.061121 -0.819643 2.931082 -2.271213 0.450431 -0.422504 2.597194 -0.300687 1.547868 -2.830245
5.202591 -0.702507 12.01635 -0.042357 -7.438671 3.907276 -3.521698 -1.032081 -4.371704 -1.923479 -5.955127 -2.353686 -8.015837 -1.318979 -2.749639
-0.797409 -0.702507 12.01635 -0.526355 -1.901203 2.834333 -6.003227 1.377094 -5.792257 1.388376 -5.121352 0.401165 -1.148598 2.334123 1.667271
-2.797409 -0.702507 12.01635 -1.164996 5.395261 0.212869 -0.422768 1.70147 -1.460433 -0.697167 -3.691332 -0.235297 -2.454926 0.290525 -2.15074
7.202591 -2.702507 12.01635 2.849171 -2.705172 2.491212 -1.613623 -0.38859 0.304919 0.354362 -1.476026 0.451894 -3.904218 -2.027901 -2.642279
5.202591 -2.702507 12.01635 0.917784 -4.185588 4.98204 -2.906629 -0.4073 -1.094768 0.080665 -4.368118 0.498134 -6.796022 -2.08076 -1.992741
-0.797409 -2.702507 12.01635 1.467965 -6.363911 1.913357 -1.52613 2.541949 -1.523275 1.722085 -7.469595 0.917467 -1.181441 -0.274086 1.155141
5.202591 -4.702507 12.01635 1.154457 -1.55312 1.971275 -1.971079 0.36131 0.79451 1.577029 -3.513306 1.727698 -4.827823 -1.467159 -0.874138
3.202591 -4.702507 12.01635 1.501711 0.190005 1.865156 -2.62009 -1.202155 -0.106509 -0.34428 -4.262103 -2.311778 2.335202 -2.683329 2.758718
-0.797409 -4.702507 12.01635 0.651216 -9.57134 -0.450735 0.366165 1.440581 2.024667 0.828217 -4.800531 -0.219977 -1.987842 -1.715413 -1.61545
-2.797409 -4.702507 12.01635 1.803613 -3.389072 2.859531 -1.340158 1.045241 1.578757 -1.200665 -1.759083 -1.216995 -2.71713 -1.620726 -3.358328
7.202591 -6.702507 12.01635 0.838052 -1.461095 -0.623557 1.769428 -0.119627 1.201479 0.332581 -3.813987 -0.653988 -6.610974 -0.203622 -2.718561
5.202591 -6.702507 12.01635 1.696695 -0.272337 0.803191 -2.148103 1.245297 -0.171099 1.627084 -4.790829 -0.210324 -3.992316 0.228634 -0.73225
3.202591 -6.702507 12.01635 -0.155477 -0.99514 -0.125104 -5.767173 -1.391249 -1.781456 -0.13877 -5.78064 -2.57316 1.28722 -1.01116 1.88044
-2.797409 -6.702507 12.01635 -1.730018 -4.854186 -0.941037 -0.955853 -1.404247 2.241272 -3.439753 0.040086 -1.751923 -0.752453 -2.879757 -3.146952
7.202591 -8.702507 12.01635 2.365498 -0.509818 -1.98481 1.688507 1.324236 1.019438 -0.890518 -4.919798 -1.011733 -4.998637 -0.575178 -2.760493
5.202591 -8.702507 12.01635 3.276137 0.055056 1.926878 -3.066193 2.819764 -2.839468 0.668129 -5.805962 0.116501 -3.177032 1.471684 -1.713122
3.202591 -8.702507 12.01635 0.998298 -2.687554 -0.497104 -7.836685 0.908868 -4.877789 -1.023952 -5.482102 0.37662 -2.391235 0.190326 -1.643216
7.202591 -10.70251 12.01635 2.462379 1.873129 -0.769938 3.357016 2.937637 2.306114 -0.584951 -3.352372 -0.028078 -0.041764 0.59164 -2.509912
-0.797409 5.297493 14.01635 -1.508012 1.973587 1.058054 -0.805335 -3.178172 1.358201 -2.282779 -2.138882 0.720251 -3.50373 -1.289716 -1.936445
-0.797409 1.297493 14.01635 -2.539789 -0.281358 -0.675452 -9.880918 -3.96226 -0.844826 -1.382708 3.431745 -1.894935 -4.108833 -0.096388 -4.429563
-2.797409 1.297493 14.01635 -3.901241 -1.569377 -1.660969 -5.042851 0.533525 -2.534891 -1.383044 1.582624 -0.079058 -1.221017 2.463663 -4.233738
7.202591 -0.702507 14.01635 -1.610235 -3.45654 -1.731409 -1.435923 0.09683 -0.703017 -2.266718 -2.649642 -2.489108 -3.1392 -2.719693 -6.276284
5.202591 -0.702507 14.01635 -1.063022 -4.367674 4.883489 -0.674264 -1.23717 -1.120975 -2.836522 -3.42792 -2.046027 -3.170628 -2.687568 -4.381305
-2.797409 -0.702507 14.01635 -1.664058 -0.345386 0.861484 -4.911035 1.184503 -0.263218 -1.520892 -0.764616 -1.712929 -2.626534 -0.258757 -6.506474
5.202591 -2.702507 14.01635 0.054273 -2.177489 3.434974 -0.132688 -1.122004 0.481272 -0.008668 -2.805287 -0.634649 -3.80541 -2.72486 -5.290332
-0.797409 -2.702507 14.01635 -3.466695 -0.49509 0.248425 -2.085754 1.895539 2.607098 0.173122 -2.469681 -1.274913 -0.698995 -3.995054 -0.895649
-2.797409 -2.702507 14.01635 -1.371491 -0.574141 0.132559 -4.099116 2.187241 0.82553 -2.074585 -0.900883 -2.977417 -2.761299 -0.993642 -5.147092
7.202591 -4.702507 14.01635 0.647652 -3.285403 -0.482068 -1.583031 1.93159 1.334308 1.413856 -2.870646 2.005804 -6.088326 -0.632401 -5.419029
5.202591 -4.702507 14.01635 -1.887254 0.169017 -1.40499 1.300903 -0.678958 1.515589 0.26147 -3.244632 0.065263 -4.213346 -2.268425 -4.120617
3.202591 -4.702507 14.01635 -1.876552 1.535701 3.138805 4.705059 -1.867683 1.903314 0.10438 -3.002602 -1.356064 -2.895691 -1.633716 -0.577412
-0.797409 -4.702507 14.01635 -3.832198 -0.665341 -2.253333 1.112696 0.081453 4.962048 -0.132606 -1.674492 -2.062542 -0.54472 -5.307004 -1.518552
-2.797409 -4.702507 14.01635 -0.945826 -1.376606 -2.335041 -2.659556 -0.76996 1.453938 -1.294106 0.395682 -2.592194 -1.335167 -2.700266 -2.593441
5.202591 -6.702507 14.01635 -1.437498 0.971943 -2.679364 2.331498 -0.114876 0.61762 -0.131721 -5.171169 -1.114197 -4.892615 -2.74712 -1.648731
3.202591 -6.702507 14.01635 -3.007168 1.258582 1.31195 2.417169 -1.88321 -1.112329 -0.838929 -4.300358 -1.73242 -5.455411 -2.894429 1.982091
-0.797409 -6.702507 14.01635 -2.449531 0.039353 -6.32181 2.322831 -2.92662 4.48874 -3.528777 -0.000182 -4.275192 -2.277718 -5.321632 -3.145823
-2.797409 -6.702507 14.01635 -4.760152 -0.508975 -4.34015 1.143698 -4.567194 2.181787 -2.365112 0.520602 -4.773577 -0.350378 -4.443861 -2.129996
7.202591 -8.702507 14.01635 3.793906 -1.70876 1.400119 -0.017555 1.497744 -0.924088 -1.239859 -4.346925 -0.427431 -3.451563 -3.629991 -2.153975
5.202591 -8.702507 14.01635 2.536855 0.653163 0.717601 0.909551 1.596223 -2.419195 0.388787 -6.469341 -0.461868 -5.678968 -1.957523 -0.400207
9.202591 -10.70251 14.01635 5.191687 3.846898 7.073102 2.299692 2.928362 3.458432 -2.361572 0.904622 -0.246039 2.400825 -4.022457 -0.016993
7.202591 -10.70251 14.01635 6.032559 0.617061 3.972433 -1.48457 3.016774 -3.021261 -2.29593 -3.029589 0.262901 -1.684968 -3.544398 -1.988677
5.202591 -10.70251 14.01635 2.785519 0.360741 1.98771 -2.19871 2.320141 -5.279334 -0.371716 -4.56975 0.671155 -5.110806 -0.290151 -0.682898
7.202591 -12.70251 14.01635 4.306886 2.228822 4.874448 -1.712803 2.688759 -2.088694 -1.276153 -0.662061 -0.701609 -1.25955 -2.447411 -1.948373
-2.797409 1.297493 16.01635 -1.04756 -3.612603 0.656977 -3.465674 1.933805 -4.791131 -0.924591 0.570257 -0.456085 -0.940747 3.206779 0.517705
-2.797409 -0.702507 16.01635 0.38225 -1.134122 -0.81935 -1.680587 1.117993 -1.04686 -1.619297 -1.168535 -1.209072 -1.078131 1.99339 -0.338625
-4.797409 -0.702507 16.01635 -0.39828 0.663778 -2.460604 -0.685388 -1.024759 4.286617 -2.606944 1.344987 -3.490641 0.44581 1.124324 0.185453
9.202591 -2.702507 16.01635 -1.882334 -0.39634 1.806494 -3.74896 1.763867 -2.6525 -2.022514 -0.633565 -2.056658 -0.027111 -1.684249 -0.415119
7.202591 -2.702507 16.01635 -1.326023 2.977219 1.62755 -1.505644 1.79592 2.076393 -2.00163 0.560282 -0.821846 2.765301 -2.593492 -2.394203
5.202591 -2.702507 16.01635 2.138398 7.71444 1.818618 3.869841 -0.127263 5.518162 -2.829008 0.557785 -1.007652 1.39016 -3.72281 -1.842886
-2.797409 -2.702507 16.01635 -2.609666 1.153308 -2.767696 0.237694 0.294505 0.982798 -2.423265 -1.292987 0.0812 -2.143731 -0.52583 -0.076671
-4.797409 -2.702507 16.01635 -1.785419 1.862476 -2.407096 0.360103 0.037299 5.340527 -2.210139 3.241876 -2.114956 1.439547 0.174517 0.978286
9.202591 -4.702507 16.01635 -0.392547 -2.964721 -1.874659 -6.057667 0.727313 -2.836833 -1.308134 -3.085263 0.38407 -1.842679 -4.038689 -1.744734
7.202591 -4.702507 16.01635 -2.171995 0.171738 -0.821305 -3.42823 0.232813 0.502239 -0.139934 -0.558078 0.046443 0.197475 -3.232467 -2.222436
5.202591 -4.702507 16.01635 -2.322731 6.329419 -0.981739 2.857539 -0.754341 4.036942 -1.267505 0.903613 -0.951285 1.293194 -3.204981 -0.986928
-2.797409 -4.702507 16.01635 -5.535316 2.323122 -3.584411 0.144248 -0.465524 -0.575292 -3.719178 0.416664 -2.072189 -1.608744 -4.116389 0.889816
-4.797409 -4.702507 16.01635 -2.439681 0.132555 -1.684869 -0.124462 0.053193 -0.260996 -2.329727 3.367604 -0.390632 0.220067 -2.331464 0.914991
9.202591 -6.702507 16.01635 -1.49184 -4.248971 -3.168103 -4.044625 -0.553897 -1.31594 -1.513853 -3.817578 2.318512 -3.263007 -3.215855 -2.63804
7.202591 -6.702507 16.01635 -3.944559 -2.318192 -4.862578 -1.677452 -0.175285 -0.183658 -1.172413 -1.796083 0.372232 -3.554088 -1.13998 -2.634239
5.202591 -6.702507 16.01635 -4.239854 3.644761 -1.033463 3.60367 0.656487 2.660536 -1.744586 -0.043653 -0.471932 0.119613 -0.38642 0.737793
-0.797409 -6.702507 16.01635 -0.889959 4.480062 -1.27352 1.405809 -1.489328 6.543343 -3.26892 2.226773 -2.937964 -2.398676 -4.252198 -1.237988
-2.797409 -6.702507 16.01635 -3.302629 3.379189 -1.587785 -0.335895 -3.460782 -0.170763 -3.294715 1.969224 -4.774992 -0.454344 -3.452904 1.350382
-4.797409 -6.702507 16.01635 -3.472676 1.472075 -4.043245 1.150901 -1.670898 -2.347279 -4.183439 1.935514 -1.86523 1.0006 -3.752646 1.020302
9.202591 -8.702507 16.01635 -0.561627 -4.039896 0.863177 -1.240936 -0.138832 -0.732133 -0.507967 -2.622557 3.078101 -3.128692 0.528882 -3.568459
7.202591 -8.702507 16.01635 -0.976649 -3.572403 -1.569788 0.686907 1.003339 -1.865112 -1.801716 -2.345233 0.773828 -5.369127 -0.671756 -3.882964
5.202591 -8.702507 16.01635 -1.600685 1.208945 -0.477174 3.597092 0.861718 0.727049 -2.005327 -1.813634 -0.734543 -2.384274 -1.017495 0.860394
-2.797409 -8.702507 16.01635 -1.73832 2.592108 -1.546183 -0.510356 -2.758841 0.629945 -1.7424 1.808159 -2.831463 -0.15515 -1.501624 0.25228
7.202591 -2.702507 18.01635 -0.178759 -0.642685 3.402143 -1.583714 0.75796 2.821527 -1.2564 0.644648 -0.12524 0.76902 -2.103944 -1.538985
-2.797409 -2.702507 18.01635 -2.662257 1.357739 -3.035858 1.969696 -1.240631 1.595223 -1.577884 -0.715972 0.875623 1.436448 -2.697414 3.283512
-4.797409 -2.702507 18.01635 2.165643 2.139977 -0.247375 2.948011 0.902297 2.961058 0.220924 3.018871 -0.030679 5.96488 -2.205226 5.241781
9.202591 -4.702507 18.01635 0.980216 -3.814181 0.699151 -5.026499 2.602152 -2.459962 -1.685122 -1.145644 -1.622564 -1.622667 -5.153071 -0.270015
7.202591 -4.702507 18.01635 -1.061529 -2.9796 0.041698 -3.872233 -0.792812 2.582922 -0.352401 -0.753217 -1.685962 -0.223587 -2.142899 -2.175863
-2.797409 -4.702507 18.01635 -4.670589 1.928984 -2.489238 2.280445 -1.18592 2.76323 -2.92161 0.289758 -0.010198 1.709872 -4.751984 3.345237
-4.797409 -4.702507 18.01635 1.583091 -1.599739 1.529556 2.397716 1.929939 0.441711 -0.78834 5.108232 0.34307 4.321997 -2.328754 3.211754
9.202591 -6.702507 18.01635 0.494725 -4.023906 0.07505 -3.65721 0.266186 -0.615784 -1.012832 -1.030724 -1.090136 -0.814175 -6.400693 0.407963
7.202591 -6.702507 18.01635 -1.230665 -2.888402 -1.070228 -1.977245 -2.106689 3.240437 -1.163451 -1.379318 -2.145699 -2.142489 -2.267213 -2.310397
1.202591 -6.702507 18.01635 3.80436 -0.528645 4.631331 -2.799553 2.307462 2.780558 -2.711332 -3.730577 -1.693762 -1.633904 1.166776 -2.995747
-0.797409 -6.702507 18.01635 0.653947 0.582961 0.742909 -2.695574 1.374386 2.633402 0.378026 -1.178875 0.044762 -1.489966 -1.051675 -0.918888
-2.797409 -6.702507 18.01635 -1.466293 1.169825 -0.862244 -0.938633 -1.111524 2.385523 -2.443266 2.087157 -2.303202 1.673455 -3.364682 2.662056
-4.797409 -6.702507 18.01635 1.368124 -2.619577 1.598306 0.104496 0.550559 -1.462335 -2.4153 4.005238 -1.677181 1.479698 -3.589545 0.483965
9.202591 -8.702507 18.01635 -1.449016 -2.877484 -1.041869 -0.021475 0.792264 0.068679 -1.778951 -0.429227 1.425781 -1.478056 -1.474955 -0.36486
7.202591 -8.702507 18.01635 0.693603 -2.174606 -0.225418 2.18377 -0.499923 2.2854 -2.36553 -1.446625 -0.907996 -3.802768 0.532002 -3.188225
-0.797409 -8.702507 18.01635 1.20493 0.210923 -1.261336 -2.213293 0.007036 4.807654 1.217577 3.729006 1.1155 1.031588 -0.847938 0.451045
-2.797409 -8.702507 18.01635 0.054102 -0.736654 -0.121729 -5.122756 -0.908414 1.443385 -1.582658 2.920922 -2.045916 1.452852 -2.135783 1.538864
-4.797409 -8.702507 18.01635 1.711156 -1.146179 1.100512 -2.614889 -0.314125 -1.384216 -3.094821 0.979281 -1.400687 1.183571 -3.618207 -0.695287
9.202591 -10.70251 18.01635 0.036362 -1.370705 -2.824202 1.572086 0.534461 0.012983 -0.389165 -0.45489 1.864384 -2.183635 1.959384 -2.738569
-0.797409 -10.70251 18.01635 -0.881446 -0.907268 -1.952971 0.424465 -2.214703 3.267663 1.606858 4.07272 3.329492 2.253113 0.14727 0.272663
-0.797409 -6.702507 20.01635 0.208377 -3.534884 -2.38074 -3.289785 0.086438 -3.810872 -1.200968 -4.389019 0.802512 -0.222242 1.158434 -3.332841
-2.797409 -6.702507 20.01635 -1.38535 -0.70928 -1.951721 -1.37097 0.533285 1.073748 -1.119967 -2.226967 0.611338 1.113936 0.92941 -0.669764
9.202591 -8.702507 20.01635 1.602211 0.928084 3.604028 0.229856 2.253477 3.687256 0.233501 1.601599 -1.352767 2.174479 -1.187909 2.005315
7.202591 -8.702507 20.01635 1.716673 0.88593 1.938759 1.084835 -0.484795 4.880129 1.411484 1.21487 -0.471078 0.490261 1.288784 -0.34939
1.202591 -8.702507 20.01635 -0.051779 -2.060406 -2.84452 -2.854325 3.006214 0.667233 0.411857 -4.943825 -0.613006 -3.105902 1.924053 -2.638204
-0.797409 -8.702507 20.01635 -1.298444 -2.662217 -4.599617 -2.208959 -0.597874 -0.952623 -0.614378 -1.296616 -0.853599 2.282603 -0.726853 -1.49105
-2.797409 -8.702507 20.01635 -0.498895 -1.093096 -1.889855 -1.684034 1.201499 -0.062118 -0.885767 -0.24423 0.714445 1.806317 -0.72355 -2.131866
-4.797409 -8.702507 20.01635 1.150136 -0.007348 1.976347 0.504656 2.024995 -0.334875 -0.928629 -0.808934 1.419296 -0.861907 -1.275318 -1.724952
11.20259 -10.70251 20.01635 -1.85134 -0.59592 -0.312511 -1.347088 -0.079433 -1.479843 -1.072537 0.472296 0.134709 2.405206 -0.259392 -0.240952
9.202591 -10.70251 20.01635 1.946173 0.298027 1.592822 0.39815 2.20807 1.261133 -1.822949 0.267607 0.350383 0.885382 0.075422 -0.064333
7.202591 -10.70251 20.01635 3.770361 -0.16736 1.580811 2.163109 0.517613 2.724888 0.224859 0.267238 0.595443 0.357955 2.44886 -0.966398
1.202591 -8.702507 22.01635 -5.714538 -2.798471 -5.720539 -4.786159 0.468328 -4.915386 -4.54724 -7.025163 -1.998699 -3.656518 -3.468949 -3.978108
-0.797409 -8.702507 22.01635 -2.418086 -2.691036 -2.498171 -1.073101 -1.231192 -2.153694 -2.33674 -3.352636 0.05953 -0.537194 1.29496 -3.630396
9.202591 -10.70251 22.01635 1.486647 0.68688 1.406779 -1.632041 2.821921 3.057212 0.252721 -0.078516 3.296206 1.409201 1.554495 2.039724
7.202591 -10.70251 22.01635 1.946514 1.095121 1.604296 0.249485 2.259158 3.775821 0.282689 1.042175 3.063422 2.001919 2.569455 0.712567
11.20259 -12.70251 22.01635 1.190748 0.655034 2.151567 -1.874671 2.825516 -0.991091 1.569608 -1.179591 2.880986 0.126076 -0.51638 -1.869029
9.202591 -12.70251 22.01635 0.794348 -0.003955 1.283486 -0.703433 1.981516 0.824099 0.560224 -0.242535 2.884629 1.01775 -0.915592 -0.697237
7.202591 -12.70251 22.01635 0.803131 -1.646988 0.110598 -0.635929 1.46015 -1.259016 -0.037594 -1.933122 0.814271 -0.510888 -0.151821 -1.424243
5.202591 -12.70251 22.01635 -0.716503 -1.231488 -3.090478 0.034871 0.857262 -1.397866 0.169319 -1.136349 -0.432801 -0.791664 -1.838017 -0.953175
7.202591 -12.70251 24.01635 -0.111503 -2.221766 -0.894931 1.026969 0.86366 -0.283523 -0.382092 -0.325352 1.521412 -1.166291 0.45534 -0.300617
5.202591 -12.70251 24.01635 0.309709 -0.853338 -1.20029 1.555217 -0.049077 -0.44019 0.185783 -0.617091 0.951127 -1.917093 0.61248 0.213536
