5.052078 -22.68388 -16.27612 7.835357 0.077717 4.404215 7.322619 4.457685 0.143366 2.12241 0.758394 1.426574 -0.630923 2.151364 -1.23349
-6.947922 -22.68388 -16.27612 1.144006 -2.220395 -1.719231 1.464063 -0.53411 -1.795044 -0.349726 -1.565096 -2.782056 -2.869424 -2.69364 -0.451852
3.052078 -24.68388 -16.27612 5.302964 -0.292909 2.043045 4.271566 -0.699374 1.464189 2.553324 0.004681 -0.899802 -7.567537 -1.288814 -2.642273
-4.947922 -24.68388 -16.27612 0.014003 -3.607894 -1.800705 0.190845 -1.682434 -2.011176 -0.162676 -1.820137 -1.349397 0.629083 -1.123858 -0.065831
-6.947922 -24.68388 -16.27612 -1.548772 -2.474708 -1.527037 0.387111 -0.565853 -1.531182 -1.378392 -0.175043 -2.477951 -1.047196 -2.164567 -0.188513
-8.947922 -24.68388 -16.27612 -4.75909 -1.984574 -3.15309 -1.336629 -0.735179 -2.142077 -2.342892 -0.946777 -2.044359 -2.6259 -2.275913 -1.717761
-4.947922 -26.68388 -16.27612 -2.026413 -5.599354 -1.662804 -1.865279 -0.378872 -2.551912 -0.534478 -3.214157 -2.791818 -4.082556 -2.351657 -3.726272
-6.947922 -26.68388 -16.27612 -1.998845 -2.745754 -2.158906 -1.769693 -0.604685 -2.631515 -1.354739 -1.033013 -4.002937 -2.101464 -3.33931 -2.26245
-8.947922 -26.68388 -16.27612 -2.684287 0.177308 -2.951483 -0.039378 -0.588846 -0.023077 -0.853364 -0.438389 -2.266425 -4.686604 -4.474692 -0.721205
-6.947922 -28.68388 -16.27612 -1.885025 -2.818398 -0.357276 1.343055 0.673037 0.223629 -1.67936 -0.174808 -3.153834 -3.564853 -2.819798 -0.158715
-8.947922 -28.68388 -16.27612 -0.730603 2.112006 -1.229013 3.063544 -1.179719 1.514981 -1.6998 -0.310708 -1.33381 -1.656407 -5.025869 -0.173453
5.052078 -22.68388 -14.27612 0.650882 -2.215339 0.657314 2.230012 3.098206 0.532068 0.194069 -0.169671 1.670302 -1.970409 0.916052 -0.990127
3.052078 -22.68388 -14.27612 2.389864 -2.538019 2.370375 1.252088 0.957571 2.05268 1.323703 -2.124971 1.260729 -3.250415 4.362675 -1.269749
9.052078 -24.68388 -14.27612 0.974209 -1.023408 2.825495 5.53968 0.175505 -1.87843 0.408256 -2.582621 2.488094 -0.259588 2.035496 3.959149
7.052078 -24.68388 -14.27612 0.736621 -1.086452 0.468146 1.547861 -0.156493 1.255846 0.424982 -1.426048 0.063637 2.140648 1.261022 4.581783
5.052078 -24.68388 -14.27612 0.586955 -2.518553 -0.084611 -2.144435 -0.482268 1.804486 0.605557 2.184627 0.501127 0.369604 -0.895871 1.543124
3.052078 -24.68388 -14.27612 1.58401 -1.27776 0.834545 1.774504 -1.847757 3.275036 0.482403 -1.359853 -0.048029 -5.956994 0.96771 -1.802352
1.052078 -24.68388 -14.27612 5.141163 -1.014293 2.567157 3.89001 0.123101 2.558675 0.155393 -0.830249 -1.368964 -2.896835 -0.380589 3.297688
-6.947922 -24.68388 -14.27612 -4.229927 -1.470289 -3.244872 0.627352 -1.875668 0.587055 -0.804962 0.562273 -2.576582 -3.739165 -3.264139 -0.860813
9.052078 -26.68388 -14.27612 1.211692 1.481284 2.442129 5.668224 1.101845 0.760143 -1.475772 -2.094102 1.815367 0.820408 1.706393 3.194441
5.052078 -26.68388 -14.27612 -1.353118 -2.340557 -2.151451 -3.715474 -1.951594 -0.477461 0.285321 0.30243 -2.089632 -0.970334 -1.394923 0.030649
3.052078 -26.68388 -14.27612 -1.756935 -1.389946 -3.477175 -1.604206 -1.08858 -1.363929 -0.626999 -1.352422 -0.211514 -4.114213 -0.835332 -0.444287
1.052078 -26.68388 -14.27612 2.689416 -0.14779 -1.566104 0.392056 0.028162 -3.980551 0.620572 -3.533066 -0.881597 -2.889546 0.024121 1.146769
-4.947922 -26.68388 -14.27612 -2.960116 -4.023289 -1.650177 -3.298842 -0.167653 -3.49664 -1.682163 -3.744007 -3.252642 -5.426992 -2.79133 -1.44237
-6.947922 -26.68388 -14.27612 -2.17986 -2.137951 -2.376256 1.215456 -0.167796 -0.739383 -2.31222 -0.08224 -4.035909 -0.501048 -5.023915 -0.667258
-8.947922 -26.68388 -14.27612 -2.478937 -3.425677 -3.263026 -2.233132 -0.503888 -2.427491 -1.241725 1.101082 -3.099613 -0.450485 -4.652128 0.466798
9.052078 -28.68388 -14.27612 1.700952 2.489623 1.407522 6.568091 0.561876 1.996051 -2.208631 -0.104947 0.819898 -0.404079 2.20651 1.215546
5.052078 -28.68388 -14.27612 -0.201722 -2.847967 -0.523926 -3.755504 -0.336363 0.269994 0.281616 -0.379118 -3.161359 -0.868991 -0.355966 -1.165567
3.052078 -28.68388 -14.27612 -3.41714 -3.46748 -4.61446 -1.393241 0.912024 -1.708064 -0.684854 0.509843 -0.649677 -0.046514 -1.399584 1.806567
-4.947922 -28.68388 -14.27612 -1.354107 -2.851974 -0.982544 -0.234537 1.270162 0.082008 -1.194167 -2.026539 -1.177849 -7.279014 -0.551393 0.588375
-6.947922 -28.68388 -14.27612 -1.657555 -3.00122 -1.303963 2.22011 1.426962 -0.926572 -2.669826 -1.732443 -1.699685 -1.937599 -1.644835 1.260352
-8.947922 -28.68388 -14.27612 -3.252442 -3.129234 -2.808256 -2.022269 -1.30008 -1.045082 -2.752246 -0.932934 -0.995967 -0.082469 -2.831083 0.472406
9.052078 -30.68388 -14.27612 -0.206086 2.266842 0.871913 5.833234 0.036776 2.386043 -2.306363 -0.639766 0.028348 -1.386753 1.805029 -0.13717
3.052078 -30.68388 -14.27612 -1.498301 -2.377558 -2.059875 -1.905516 2.147335 2.659296 -0.535498 1.872553 -1.474848 1.283029 0.993722 0.117859
-4.947922 -30.68388 -14.27612 -0.551418 -2.351533 -0.043032 -0.50651 1.376898 -0.153641 -1.232165 -0.713979 -0.367743 -4.815876 1.079376 -0.062818
-6.947922 -30.68388 -14.27612 -1.97397 -1.396857 -0.6282 3.094167 1.428877 -1.519727 -0.831031 -0.023493 -0.687919 -1.01784 -0.149626 0.67344
9.052078 -32.68388 -14.27612 -0.53431 1.333235 0.585912 5.854173 1.00951 1.918307 -2.82487 -1.709572 -0.914119 -1.848083 0.402682 -1.488509
9.052078 -34.68388 -14.27612 0.355834 -0.470472 -0.369974 5.121626 0.167701 0.480309 -1.430546 -2.216402 -1.297232 -1.440367 -0.582257 -0.594468
5.052078 -20.68388 -12.27612 -1.971386 -3.033915 -1.778289 -6.389092 1.136324 -0.684492 -0.556665 -1.07651 3.247692 -7.177142 1.031708 0.143744
7.052078 -22.68388 -12.27612 -1.575605 0.115348 -2.955735 -0.046974 -0.883213 1.359646 0.960624 -2.462236 -0.067157 3.307268 -2.027005 1.266409
5.052078 -22.68388 -12.27612 -0.640893 -0.732357 -0.437858 -2.517968 1.589147 0.912309 1.078512 0.667496 3.130357 -2.304136 1.036959 1.548915
3.052078 -22.68388 -12.27612 3.945556 1.960552 1.620832 5.955583 3.579486 5.22891 3.669718 1.404234 3.918093 5.786483 6.344093 1.5098
5.052078 -24.68388 -12.27612 1.053335 -1.669778 -0.989732 -6.033622 -1.406175 1.458131 0.377887 2.872552 1.889079 -0.953071 -0.99868 1.55582
3.052078 -24.68388 -12.27612 2.989878 1.608914 1.716563 1.773793 1.060527 5.014421 2.206682 -1.677719 2.495026 1.734161 3.752291 -1.25878
1.052078 -24.68388 -12.27612 7.641686 4.665657 5.578541 1.310634 0.734164 7.571968 1.32103 0.888868 -1.921171 9.146991 2.436057 1.183134
-2.947922 -24.68388 -12.27612 -2.455996 -3.312009 -3.115384 1.548358 -1.858765 -2.205863 -3.294103 -2.209235 -0.649495 -2.303895 -2.643349 -1.065493
-4.947922 -24.68388 -12.27612 -4.164819 -2.713969 -3.915585 0.537692 -4.408723 -2.318264 -4.810149 -1.464581 -1.588651 -0.92676 -3.27386 -1.48574
3.052078 -26.68388 -12.27612 -0.17841 -1.112192 0.748753 -3.075427 1.22806 -2.846524 0.988017 -2.697863 2.34945 -5.463864 -0.498251 -2.040431
1.052078 -26.68388 -12.27612 3.325683 -1.491368 3.947314 -4.291939 0.181019 -6.665924 2.644572 -1.545288 1.13671 -3.224192 -3.272574 -0.818656
-2.947922 -26.68388 -12.27612 -3.981177 -1.436507 -2.472532 1.290731 -0.417823 -0.403559 -2.464511 -4.758336 -1.363945 -1.184599 0.421347 1.849016
-4.947922 -26.68388 -12.27612 -3.618052 -2.521187 -2.863111 0.054809 -1.43168 -1.056848 -3.317883 0.076124 -1.894665 1.703118 -1.510502 0.030332
-6.947922 -26.68388 -12.27612 -3.080268 -0.564105 -1.866643 2.125882 -1.968871 0.945038 -1.681644 2.09327 -2.905607 2.157284 -3.722911 -0.547905
-8.947922 -26.68388 -12.27612 -4.347223 -1.770992 -3.721043 -0.94841 -2.162406 -3.047692 -2.6674 2.050527 -3.499768 -1.951705 -3.909324 -0.250431
9.052078 -28.68388 -12.27612 0.953712 0.428591 -1.262193 2.76001 -0.233943 1.168638 -0.956819 0.816254 0.94271 0.524156 1.077886 1.650957
7.052078 -28.68388 -12.27612 -0.202243 0.104868 -2.414351 -1.160564 -1.872787 0.897452 0.282253 0.389101 0.654992 -0.155803 2.078287 -3.078535
3.052078 -28.68388 -12.27612 -1.770142 -6.082821 -2.293344 -2.725774 0.765021 -7.685115 0.365807 2.656893 1.766887 -2.353201 -2.229646 -0.808138
1.052078 -28.68388 -12.27612 -1.341328 -9.250134 1.305224 -4.574646 0.878735 -13.9915 1.790742 1.585444 2.09697 -5.603962 -5.28121 -2.044196
-4.947922 -28.68388 -12.27612 -3.120339 -2.866214 -3.601331 -2.16951 -2.026133 -1.706441 -2.742764 0.333971 -2.328535 0.826277 -0.055021 1.919478
-6.947922 -28.68388 -12.27612 -2.735773 -2.717971 -2.330688 -0.565342 -1.457429 -2.037226 -2.659503 1.236451 -3.001519 2.579769 -2.271712 1.679284
-8.947922 -28.68388 -12.27612 -3.906454 -4.119921 -4.078229 -1.864308 -2.610665 -3.201181 -3.454067 1.586133 -2.68867 0.971855 -3.340965 1.194931
-10.94792 -28.68388 -12.27612 -3.261817 -3.183945 -3.579818 -3.188903 -3.223227 -3.877229 -2.202019 0.177654 -2.909031 -2.874222 -1.00994 -0.560265
9.052078 -30.68388 -12.27612 0.263422 1.117779 0.906613 0.337665 1.506702 0.736463 0.237432 0.567474 1.519035 -2.139003 4.637157 1.741315
7.052078 -30.68388 -12.27612 -1.562097 -0.03105 -0.98691 -1.58154 -1.486412 3.700118 -1.802405 1.636159 -0.45915 -1.886762 2.581046 -2.38338
1.052078 -30.68388 -12.27612 1.118378 -7.293804 3.146414 -4.550602 2.274059 -4.251812 -2.050501 0.023928 -1.453792 -5.341745 -1.882593 -0.894546
-4.947922 -30.68388 -12.27612 -3.235595 -1.687003 -2.88029 -4.036204 -2.520986 -1.750274 -2.902114 1.760699 -1.878866 -1.151134 0.413967 0.847389
-6.947922 -30.68388 -12.27612 -2.751848 -1.129777 -2.73899 -0.935228 -0.994382 -1.022239 -1.595497 2.801059 -2.232726 0.467115 -0.27736 1.526316
-8.947922 -30.68388 -12.27612 -2.81706 -3.485464 -4.543027 -1.844978 -2.786581 -0.182239 -2.438844 3.315044 -2.654029 3.610995 -2.920735 1.16323
-10.94792 -30.68388 -12.27612 -2.50072 -2.286551 -3.607026 -3.289897 -3.451938 -2.171876 -3.530436 -1.139921 -3.37885 -0.851339 -4.102121 -0.395456
9.052078 -32.68388 -12.27612 -2.558874 -0.061761 -0.410602 1.330606 0.039296 0.514355 -1.229889 -2.128914 -0.197545 -0.835424 1.705907 -1.672976
7.052078 -32.68388 -12.27612 -3.720717 -1.605718 -2.031501 -0.181026 0.144162 3.176255 -1.718886 0.629155 -0.19546 -2.574277 2.013155 -2.485212
5.052078 -32.68388 -12.27612 -2.674968 0.056337 -3.914059 -1.201881 0.217942 3.491675 -1.572282 4.175532 -2.065997 -1.985652 1.79423 -0.485842
3.052078 -32.68388 -12.27612 0.061664 2.002236 -1.103032 -2.013984 0.489787 6.453611 -1.369841 -0.151164 -2.496115 0.924304 3.801681 -0.809597
1.052078 -32.68388 -12.27612 0.365622 -2.863775 1.532278 -3.753852 2.033235 1.264225 -3.579601 -0.066804 -2.603839 -1.976215 -0.522136 1.44157
-6.947922 -32.68388 -12.27612 -1.065194 -3.487715 -2.272371 -3.414382 -0.185637 0.986139 -1.926093 0.975349 -2.246401 -2.87911 -0.779245 -1.343989
-8.947922 -32.68388 -12.27612 0.911682 -1.094392 -1.847091 0.028388 -0.949439 1.890079 -0.879762 2.531375 -3.882134 1.703501 -0.571568 -0.983827
-10.94792 -32.68388 -12.27612 -0.547491 -1.909498 -2.982784 -1.779013 -1.594697 -1.753119 -3.539692 -0.555345 -4.246758 -0.660735 -1.570844 -1.474406
9.052078 -34.68388 -12.27612 -4.660759 -0.905457 -4.0505 1.377141 -2.531596 0.401181 -1.224662 -3.378152 -1.44211 1.026505 -0.105232 -1.691004
5.052078 -34.68388 -12.27612 -3.152101 -0.205296 -2.992356 0.03353 0.422615 1.068718 -1.384965 -0.391929 -0.930932 -3.59288 0.700013 -2.671428
3.052078 -34.68388 -12.27612 -2.262989 1.616908 -3.111167 -0.942301 -0.138854 2.62665 -1.805467 -1.62011 -1.582773 -0.289055 0.902367 -3.434538
1.052078 -34.68388 -12.27612 -2.90994 -0.621781 -2.324374 -1.060905 -0.28196 -0.536023 -1.624615 -1.896634 -1.208128 -1.554737 -2.436478 -0.468473
-10.94792 -34.68388 -12.27612 -1.129446 -3.373629 -2.776674 0.203844 -0.127461 -3.337607 -3.743145 -1.370719 -4.599721 -1.681425 -1.74473 -1.202459
7.052078 -22.68388 -10.27612 0.285523 -1.590612 -1.514815 -0.194028 0.025554 -2.309911 -0.77135 -4.369513 1.326323 5.405052 1.981986 -0.941333
5.052078 -22.68388 -10.27612 3.557329 -3.248903 0.36655 -3.621199 1.401923 -4.297728 1.390728 -2.434525 3.236694 -1.408092 2.934877 0.10686
-2.947922 -22.68388 -10.27612 1.00042 -3.679849 -0.399283 -6.706481 -0.107652 -0.891771 -3.022114 0.745361 -1.687607 1.10803 -3.05071 -1.74415
-4.947922 -22.68388 -10.27612 -0.802927 -4.319021 -0.789085 -2.991258 -1.770496 -0.558892 -2.812868 -1.153074 -3.097749 -1.573309 -5.40246 -1.481305
7.052078 -24.68388 -10.27612 2.256407 -1.544531 0.729433 0.068372 0.764725 0.62175 -1.197245 -1.937795 -1.592127 3.114812 0.999498 1.168398
5.052078 -24.68388 -10.27612 2.397142 -3.046559 0.861861 -1.869699 0.031593 0.611481 -0.981788 0.223376 0.942545 -3.640628 -1.715617 -0.798489
3.052078 -24.68388 -10.27612 1.004948 -2.913851 0.072889 -0.477612 0.254987 -0.965755 1.352003 -1.518599 2.875931 1.749299 -0.393823 -2.668138
-2.947922 -24.68388 -10.27612 -2.511272 -3.323857 -0.218191 -3.045404 0.052268 -3.06815 -3.685945 0.260103 1.454873 0.15406 -2.110025 -1.154821
-4.947922 -24.68388 -10.27612 -3.877461 -0.52723 -3.07898 -2.330139 -2.710034 1.355135 -6.292015 -0.651391 -2.071816 -0.722302 -5.296418 -0.283196
5.052078 -26.68388 -10.27612 -1.234819 -1.853373 0.355603 -2.416322 0.303861 0.755361 -3.209357 -1.71231 -0.791976 -3.434965 -0.945808 -2.60394
3.052078 -26.68388 -10.27612 -1.472532 -1.404583 -1.107352 -0.80708 -1.338581 0.036947 -2.676678 -3.078782 1.255145 -5.250294 -2.794869 -2.347931
-2.947922 -26.68388 -10.27612 -1.956414 -2.179787 -2.508462 -0.358184 0.571008 -2.560699 -1.701889 -0.381827 2.185197 -0.593074 2.037138 0.728588
-4.947922 -26.68388 -10.27612 -0.830069 -2.767801 -2.591635 -0.104544 -2.692454 -0.559256 -2.051441 -1.29638 0.566841 -1.049679 -0.540929 -2.028553
-6.947922 -26.68388 -10.27612 1.440536 -1.809073 -1.203607 -1.813938 -2.349284 -0.298343 0.499844 0.057761 0.809847 -0.227968 -0.414331 -1.580216
-8.947922 -26.68388 -10.27612 0.055577 -0.746761 -2.108245 -3.031193 -0.612799 -0.362806 -0.262304 3.032383 0.542009 -3.413089 -0.142542 -1.843888
5.052078 -28.68388 -10.27612 -0.288578 -3.837764 -3.575249 -4.570794 -2.131062 -1.929383 -2.304585 -3.49488 -3.885965 1.73974 -0.540434 -2.277787
3.052078 -28.68388 -10.27612 -0.475507 -5.873555 -3.447561 -4.72434 -2.208628 -3.787172 -4.555394 1.028514 -2.779732 -3.466498 -3.816314 0.427142
1.052078 -28.68388 -10.27612 1.780142 -7.381382 0.779353 -8.361869 -1.090062 -3.89573 -7.343448 2.229325 -2.270038 -7.517094 -4.675436 1.289921
-2.947922 -28.68388 -10.27612 -0.310397 -2.456671 -3.289517 0.757694 -0.087291 -2.322317 1.066638 -1.310556 -0.111858 -0.889088 3.459643 1.900895
-4.947922 -28.68388 -10.27612 0.604604 -3.750974 -3.385094 0.453907 -3.272543 -1.084846 2.344118 -1.135961 -0.316037 1.065968 0.355157 -0.14969
-6.947922 -28.68388 -10.27612 0.400956 -1.951383 -3.243693 2.47062 -4.230879 0.242024 1.072425 0.41312 -0.522113 2.033335 -2.08553 0.513796
-8.947922 -28.68388 -10.27612 -1.177707 -0.769375 -3.326937 2.297259 -1.924075 0.010656 -0.893931 1.566994 0.041481 -2.079058 -3.071407 -1.255859
-10.94792 -28.68388 -10.27612 -0.300209 -1.576307 -2.276976 0.564676 -0.666124 0.111311 -2.607593 -0.250609 -0.831143 -3.517909 -1.402388 -3.309772
5.052078 -30.68388 -10.27612 -0.200761 -2.918036 -5.334498 -1.97505 -2.759373 -1.190749 -2.04858 2.492117 -5.736061 1.546116 -2.31106 2.395755
3.052078 -30.68388 -10.27612 2.679881 -3.933588 -1.251801 -3.714548 -1.387707 0.052635 -3.967969 -0.633619 -5.519044 -4.364403 -1.497112 2.052869
1.052078 -30.68388 -10.27612 3.700939 -3.721916 2.849585 -3.950901 0.304541 3.128746 -6.873485 -2.330881 -5.875781 -7.642038 -2.584265 2.526494
-10.94792 -30.68388 -10.27612 -1.689823 -0.827402 -3.452363 -1.927972 -2.903069 2.069723 -2.967778 -1.643511 -1.815675 -2.514447 -3.061211 -2.183071
3.052078 -32.68388 -10.27612 1.194868 -1.027122 -0.843153 -1.356867 -0.202454 0.784053 -3.482014 -1.33238 -3.547196 -1.543831 -0.966749 0.219889
1.052078 -32.68388 -10.27612 3.410405 -2.041538 1.32458 -0.997044 1.703697 0.182165 -4.042158 -1.709989 -3.739845 -2.855711 -1.310453 -0.022399
-12.94792 -32.68388 -10.27612 0.2514 -0.310651 0.419784 -1.526072 0.003316 0.227723 -0.157631 -1.928063 -1.074442 -1.273603 -0.567917 -0.286699
1.052078 -34.68388 -10.27612 -0.686489 -1.913554 -3.002926 -0.840856 -1.464593 -4.431674 -2.387805 -2.952953 -0.813372 -1.59896 -3.446009 0.263127
-12.94792 -34.68388 -10.27612 -2.377254 -3.967742 -0.845364 -0.184918 -0.011406 -2.64155 0.842524 -4.082925 -1.022724 0.554507 -0.776067 -2.051396
7.052078 -36.68388 -10.27612 -3.048396 -1.641299 -3.05696 1.12206 -2.17801 -0.4035 0.641958 -3.339615 -0.685959 -2.873028 -2.829055 -0.832453
5.052078 -36.68388 -10.27612 -3.425205 -1.607957 -2.908613 -0.804696 -3.436536 -1.219539 -2.019285 -1.965927 -1.331658 -5.029387 -3.628412 0.000408
3.052078 -36.68388 -10.27612 -1.538221 -2.744697 -2.454432 -1.612455 -2.440046 -2.010245 -1.937176 -2.686816 -1.65956 -5.821099 -3.035188 -1.650787
1.052078 -36.68388 -10.27612 -3.531108 -3.234933 -4.719356 -0.685965 -2.739179 -4.494876 -2.09419 -2.450554 -2.815259 -3.983395 -5.336069 -2.970201
-12.94792 -36.68388 -10.27612 -2.09007 -3.832044 -1.351588 0.323704 -0.342467 -0.620653 0.196413 -4.425559 -0.937633 0.712763 0.461464 -0.840728
7.052078 -38.68388 -10.27612 -1.33554 -2.640504 -0.418842 0.293674 -2.918683 -0.151008 0.851661 -2.89978 -1.190891 -3.882294 -1.053689 -1.974235
5.052078 -38.68388 -10.27612 -1.039485 -3.866942 -1.425454 -1.458594 -3.801277 -1.298058 -0.418912 -0.838132 -0.554097 -4.693061 -0.732541 -1.568276
3.052078 -38.68388 -10.27612 0.065854 -4.050767 -0.023137 -0.817884 -1.34936 -3.178917 0.243438 -1.752182 0.350088 -2.65083 1.158497 -1.933679
1.052078 -38.68388 -10.27612 -2.470007 -2.88338 -0.255608 -0.476488 -1.527872 -2.944437 -0.726457 -2.048579 -1.882241 -1.591937 -2.459396 -3.067302
-12.94792 -38.68388 -10.27612 1.234266 -1.624982 -0.372196 1.117625 0.524571 0.873888 0.180897 -2.142635 -0.104195 0.020511 2.158432 0.360638
3.052078 -40.68388 -10.27612 -0.034275 -2.188418 0.011105 1.065549 0.71187 -4.147206 0.318929 -3.248377 -0.131266 -2.398372 1.234212 -3.516212
1.052078 -40.68388 -10.27612 -0.650888 -1.474389 1.406374 2.020129 -0.258962 -0.293256 -0.828283 -0.295226 -0.157427 0.603728 2.360723 -0.929789
7.052078 -24.68388 -8.276115 0.430699 -3.271699 1.463598 -0.479772 -0.930551 0.06802 -4.573759 -0.670494 -5.443407 6.894199 -0.761099 4.069396
-2.947922 -24.68388 -8.276115 -2.651236 -3.262136 1.784635 -5.910729 1.792761 -3.689444 -0.985256 -2.673757 1.467312 -3.092415 1.401022 -5.548811
-4.947922 -24.68388 -8.276115 -2.564895 -1.898228 1.308644 -5.483184 -0.419264 1.536516 0.104329 -4.010331 0.83532 -7.721502 2.320403 -6.202515
-6.947922 -24.68388 -8.276115 1.562275 1.163395 1.649865 -3.256338 0.461109 2.474012 2.131415 -1.137846 0.425771 -3.878738 3.590665 -4.196211
7.052078 -26.68388 -8.276115 1.363168 -3.066253 0.577056 -3.141761 -0.226154 -2.839394 -2.650239 -1.754683 -5.166216 5.297365 1.497659 3.018445
5.052078 -26.68388 -8.276115 -0.030639 -1.119895 -1.563232 0.360932 0.762326 3.468368 -2.40523 -3.298544 -4.041265 -1.364977 0.769411 2.605089
-2.947922 -26.68388 -8.276115 -0.146594 -4.774718 0.042996 -6.705884 -1.266813 -2.989246 -2.193142 -2.669696 1.253783 0.185192 0.659351 -4.668842
9.052078 -28.68388 -8.276115 1.398383 -2.22178 -2.773559 -0.555261 -0.971198 1.522527 0.354777 -0.038881 -2.615261 4.500447 1.045123 2.796589
7.052078 -28.68388 -8.276115 0.017764 -1.915249 -3.955073 -1.825366 -1.244597 0.800114 -2.037116 -0.837663 -5.669572 2.651991 -0.418644 0.051977
5.052078 -28.68388 -8.276115 1.683859 -0.540942 -3.818401 -1.37014 -0.769347 0.221185 -2.031779 -1.655868 -6.215149 -1.432541 -1.048428 -1.384902
3.052078 -28.68388 -8.276115 2.639264 -3.383753 -2.124561 -3.682732 -3.503994 2.834642 -3.569183 0.539168 -4.786206 1.937834 -1.829903 0.807365
-0.947922 -28.68388 -8.276115 1.559144 -6.417307 -1.520652 -6.978382 -1.082896 -2.689873 -1.017813 -5.253488 -3.051822 -1.668155 1.47497 -2.945549
-2.947922 -28.68388 -8.276115 3.988365 -6.529216 -2.029284 -4.109548 -2.854797 -3.021594 1.334063 -0.443639 -3.021872 1.83566 2.781012 0.380429
9.052078 -30.68388 -8.276115 -0.210723 -3.17959 -3.471323 -0.751225 0.27116 0.019353 1.093747 -0.012707 -2.193375 0.631095 0.001601 0.799594
7.052078 -30.68388 -8.276115 -0.770752 -1.180773 -4.688953 -2.186655 0.406837 1.015403 -0.782852 -0.068063 -4.845193 2.521828 -4.297776 1.210161
5.052078 -30.68388 -8.276115 2.126122 -1.008182 -2.47668 -2.415653 -0.224292 -1.331367 -1.399893 0.889838 -6.370142 0.242368 -5.628742 0.26937
3.052078 -30.68388 -8.276115 5.445643 1.137002 0.169966 -1.512292 -1.79114 7.112984 -0.93359 1.305018 -5.936206 2.398249 -1.035422 0.171204
-2.947922 -30.68388 -8.276115 0.842178 -4.49247 -4.323277 -1.163527 -2.975376 -1.621854 0.330514 1.3187 -4.688063 1.214687 -0.044344 3.130623
-4.947922 -30.68388 -8.276115 -0.542814 0.214417 -4.905058 -0.13016 -2.925371 2.075092 0.256587 1.871848 -3.81915 1.646213 -1.825828 2.712514
-6.947922 -30.68388 -8.276115 0.576505 0.613989 -3.122365 -1.97424 -0.963292 2.715486 0.682001 2.047962 -0.814628 1.52424 -0.748977 1.553026
-8.947922 -30.68388 -8.276115 -0.447636 -0.609017 -1.717876 -1.035727 -1.684336 0.77253 -1.149557 1.756828 -1.308514 0.351496 -0.663437 -0.038942
-10.94792 -30.68388 -8.276115 0.345414 -0.581731 -2.367848 -0.228344 -2.465645 4.351963 -2.65428 1.338657 -1.212777 0.016394 -0.268482 -0.986864
9.052078 -32.68388 -8.276115 -1.097219 0.699456 -0.503534 1.368696 -0.245672 1.121791 0.84539 0.531396 -1.037261 0.340074 -1.031412 -0.341023
7.052078 -32.68388 -8.276115 -1.608798 1.512968 0.492695 0.604187 0.34676 0.889328 0.287375 0.601654 -2.459332 3.114753 -1.401998 -0.057571
5.052078 -32.68388 -8.276115 -2.923621 -1.792431 0.328357 0.394809 -0.72824 -0.534409 -2.111686 -0.233655 -3.381571 0.897964 -4.287126 -0.306439
3.052078 -32.68388 -8.276115 2.698984 -0.530107 1.929292 -0.477897 1.012567 1.033007 -1.229844 1.035382 -1.423158 1.697902 -0.222389 -0.686341
-2.947922 -32.68388 -8.276115 -2.033937 -2.392958 -2.176499 -2.285264 -2.995473 -0.363385 -1.376883 -0.389181 -3.864565 3.540566 -3.35281 1.42461
-4.947922 -32.68388 -8.276115 -0.659383 -0.267527 -1.780924 -3.8798 -0.792209 0.673256 -3.313518 -0.760369 -1.713433 -0.148328 -2.381098 -0.138977
-6.947922 -32.68388 -8.276115 0.931637 -0.608484 -2.6488 -3.621632 0.10884 1.729977 -2.569995 2.885245 -0.441899 0.986677 -0.879952 -0.340561
-8.947922 -32.68388 -8.276115 -0.34031 -2.735342 -2.712854 -3.968298 -1.134715 -1.211031 -1.411864 3.585253 -0.450088 1.466508 0.006861 -0.620138
-10.94792 -32.68388 -8.276115 0.768622 -1.376403 -3.283753 -3.897879 -2.241528 0.254462 -0.602747 2.61325 -0.929942 2.934351 0.665826 -1.488558
7.052078 -34.68388 -8.276115 -0.679968 2.538856 0.489014 4.565982 -1.194705 2.731608 -0.088734 0.675081 -1.623126 4.313228 0.170089 -1.081181
5.052078 -34.68388 -8.276115 -2.572561 -1.413635 0.231753 2.364684 -0.459272 2.151217 -2.928164 0.674317 -3.235351 5.32592 -2.791606 0.753202
3.052078 -34.68388 -8.276115 -0.27282 -3.539124 -0.059966 -1.886548 -1.585796 -0.196105 -2.981932 2.28717 -2.800539 3.883461 -3.298159 2.060542
1.052078 -34.68388 -8.276115 -0.73607 -5.133511 -3.68684 -1.39264 -3.538489 -3.417893 -4.239273 -0.807155 -4.021074 6.979214 -2.346025 2.227889
-4.947922 -34.68388 -8.276115 -1.371239 -2.57874 -1.353603 -4.260014 -1.85486 -1.885853 -2.71667 -3.907758 -1.983841 2.386489 -3.470733 -1.710489
-6.947922 -34.68388 -8.276115 -1.476582 -0.933587 -3.533432 -2.2607 -1.354576 0.001023 -0.832342 0.963114 -0.846189 1.21757 -0.924406 -2.056217
-8.947922 -34.68388 -8.276115 -1.88232 -2.62151 -2.972686 -1.823241 0.38493 -0.828992 0.365783 2.683386 -0.801804 0.21663 0.118846 -3.131795
-10.94792 -34.68388 -8.276115 -1.67285 -3.482202 -3.351078 -2.506143 0.814664 -1.816231 1.566146 2.111707 -0.495316 1.126043 0.025533 -4.351052
-12.94792 -34.68388 -8.276115 -2.218708 -3.593149 -2.939898 -4.521311 0.614145 -1.552117 0.44059 -1.363564 -1.701849 -0.310444 -3.036395 -2.81902
3.052078 -36.68388 -8.276115 -2.663115 -4.725026 -3.447522 -2.720579 -1.946613 0.700886 -2.915768 -0.412506 -6.080833 4.809031 -3.071391 1.452491
1.052078 -36.68388 -8.276115 -3.241721 -5.102574 -4.527712 -1.27846 -2.25823 -1.315402 -3.925406 -0.62205 -6.903414 6.91595 -4.673687 -0.138445
-6.947922 -36.68388 -8.276115 -2.66635 -1.091718 -4.010442 -1.921035 -1.180659 -0.400095 -0.208572 -1.493593 -1.226911 0.273655 -1.391704 -1.112638
-8.947922 -36.68388 -8.276115 -2.166161 -0.577427 -2.305619 -0.394593 -1.167729 -0.103332 -0.243958 0.216937 -1.584554 2.57916 -0.739948 -1.919774
-10.94792 -36.68388 -8.276115 -1.218911 -2.462493 -1.502012 0.736608 -0.100861 -0.329999 0.157278 0.269269 -1.294921 2.339123 0.136349 -1.847716
-12.94792 -36.68388 -8.276115 -0.387914 -4.325367 -1.335386 -2.470441 0.458143 -1.736672 -1.159272 -1.781289 -2.157287 -0.237035 -3.001089 -2.592819
1.052078 -38.68388 -8.276115 -1.635361 -3.191334 0.289182 -0.587462 0.187779 -0.438206 -0.7344 -2.202994 -3.069856 3.088508 -3.947558 -1.742092
-12.94792 -38.68388 -8.276115 0.701581 -2.567583 -0.850384 -1.364764 0.090569 0.044017 -1.529924 -0.894795 -3.184851 0.128883 -1.941581 -0.811498
1.052078 -40.68388 -8.276115 0.027101 -2.829747 0.38894 0.706462 0.855831 -1.507714 0.185705 -1.926631 1.118772 1.432623 -0.242182 -2.295472
-0.947922 -40.68388 -8.276115 3.019953 -1.987286 2.367043 1.795124 -0.112073 -0.897598 -1.743132 2.595758 -0.585214 2.861946 1.233522 1.858247
-6.947922 -24.68388 -6.276115 1.260496 -2.489953 -2.390788 -4.399198 -2.142528 -0.534587 -1.981988 -2.265141 -2.208287 -7.878246 0.22403 -2.892432
-2.947922 -26.68388 -6.276115 1.065395 -4.817107 -0.906817 -4.489423 -4.316032 -2.251807 -2.366114 -5.035337 -0.274272 -0.086876 -4.120101 -1.264406
-4.947922 -26.68388 -6.276115 -3.320501 -6.138268 -3.705703 -8.41433 -8.106084 -5.202264 -3.111768 -6.46301 -2.734264 -2.008441 -4.838225 -1.064753
7.052078 -28.68388 -6.276115 1.141691 1.480033 -2.623584 4.813172 1.179113 3.283021 -0.749125 -0.192033 -1.424174 -7.752653 1.50506 0.837185
-2.947922 -28.68388 -6.276115 4.595984 -6.271702 -4.47557 -6.726871 -5.968535 -2.674487 -1.065081 -6.246322 -5.173795 -1.258603 -4.279276 0.483638
7.052078 -30.68388 -6.276115 1.640531 0.972671 -0.42554 3.156289 2.000364 2.075294 -1.072784 -0.710417 -1.393359 -7.653234 -0.37437 0.235187
-2.947922 -30.68388 -6.276115 2.04415 -3.653432 -5.433863 -5.127922 -4.546091 -1.385105 -2.701583 -2.972922 -6.807691 -11.14766 -3.401752 0.686022
7.052078 -32.68388 -6.276115 0.391381 0.88561 1.581967 4.219435 0.526533 0.562773 -0.543662 -0.390471 -1.208906 -6.928709 1.266516 0.271414
-2.947922 -32.68388 -6.276115 -2.705429 -2.891239 -0.433864 -2.409805 -2.729026 -1.860817 -4.730618 -2.042125 -3.778306 -13.24795 -2.988999 -0.995178
-4.947922 -32.68388 -6.276115 -0.638698 0.471941 -0.598203 -0.220885 -0.570819 0.67269 -2.604532 -0.760168 -2.25411 -9.07088 -0.120159 -0.567916
9.052078 -34.68388 -6.276115 0.778584 2.103571 -1.129239 4.696177 -0.127825 1.918966 -1.314374 1.357778 -2.984286 -10.55626 -0.043819 -0.534912
-2.947922 -34.68388 -6.276115 -4.825099 -3.964333 -0.630652 -1.72411 -1.335609 -0.92432 -4.1422 0.881225 -2.777046 -11.74451 -4.262904 0.266153
-4.947922 -34.68388 -6.276115 -1.819618 0.111372 -0.923858 -1.325173 -1.445134 -0.737496 -2.904048 1.11829 -2.120784 -8.664639 -4.050675 -0.555138
-6.947922 -34.68388 -6.276115 0.409613 -0.737478 -0.245849 -3.237571 0.988419 -1.849208 -0.150346 4.520073 -0.25403 -11.39958 -0.508675 -0.999437
-8.947922 -34.68388 -6.276115 0.939465 -2.716171 1.465878 -2.042501 2.131596 -1.348189 0.855891 6.982363 -1.135788 -11.45309 1.935338 0.366209
-10.94792 -34.68388 -6.276115 2.352796 -2.995458 -0.488232 -0.39514 1.402254 -2.171365 -0.310618 7.397932 -2.310089 -10.30303 0.499477 0.526793
-12.94792 -34.68388 -6.276115 1.554465 -2.177645 -0.741332 -1.01601 1.990715 -2.495592 -1.573554 3.736389 -3.059568 -8.786341 -3.267361 0.753429
9.052078 -36.68388 -6.276115 0.549821 2.522212 -2.864837 5.377471 -0.713972 2.583777 -0.90955 4.090207 -4.091373 -9.591658 -1.500405 0.955691
7.052078 -36.68388 -6.276115 -0.343663 3.020661 -5.490445 8.342679 -1.787658 3.869163 -1.127314 2.51837 -5.828071 -7.735227 -2.498114 1.310419
5.052078 -36.68388 -6.276115 -0.170881 0.474527 -5.069147 6.919902 -1.344533 3.609957 -3.539745 2.350057 -5.918974 -8.845139 -4.516776 3.138435
3.052078 -36.68388 -6.276115 2.578797 -2.108721 -1.382812 1.341331 -0.401074 0.603225 -2.67675 3.118102 -4.262369 -10.07297 -1.492005 2.537287
-6.947922 -36.68388 -6.276115 0.103235 0.603919 -2.299556 -2.796815 0.505154 0.13106 0.220062 3.889158 0.389834 -10.73932 -0.018738 -0.719781
-8.947922 -36.68388 -6.276115 0.621322 -0.042271 -0.361548 -0.806649 1.595748 0.186192 0.359588 6.997342 0.63189 -11.10003 2.276433 2.019931
-10.94792 -36.68388 -6.276115 0.743644 -0.944427 -0.989583 4.309988 0.57493 -0.511153 -0.068445 6.226961 -0.390614 -11.71328 2.479072 1.620217
-12.94792 -36.68388 -6.276115 1.198609 -1.196061 -1.455578 1.011423 0.465232 -1.469978 -1.028328 3.354617 -1.685568 -9.829008 -1.563685 0.72603
7.052078 -38.68388 -6.276115 -0.365211 1.956429 -3.752421 6.326117 -0.431822 2.474906 -0.317242 2.291459 -2.424314 -3.904452 1.923916 2.166821
5.052078 -38.68388 -6.276115 -1.391924 3.502906 -4.968862 7.644637 -1.092315 2.078518 -1.735512 2.804401 -3.280564 -4.842879 0.598617 3.162474
3.052078 -38.68388 -6.276115 1.041856 0.755798 -1.57539 3.135456 -0.213935 0.748169 -1.174906 1.905513 -1.385249 -6.507499 0.640629 3.126136
1.052078 -38.68388 -6.276115 2.548102 -0.306412 1.457188 2.346764 0.350071 0.8835 0.615072 -1.588106 -0.936088 -9.176826 -0.237662 1.715504
-10.94792 -38.68388 -6.276115 1.15234 0.929945 -0.366538 4.478167 0.894907 1.607963 0.010977 1.755272 -1.768643 -8.04272 1.466412 1.666986
-12.94792 -38.68388 -6.276115 -0.588478 -1.045973 -0.954334 -0.178586 0.08427 -0.147087 -1.830309 -0.208612 -2.043809 -5.515229 -1.345705 1.693122
7.052078 -40.68388 -6.276115 0.027016 1.351946 -1.024822 4.126135 -0.263607 3.241092 -1.743525 -0.098385 -0.571621 -5.212241 4.079171 0.381596
5.052078 -40.68388 -6.276115 -0.281988 2.276418 -1.32624 5.432114 -1.741361 0.848098 -3.128239 -0.835776 -1.828433 -6.11624 0.667778 0.549438
3.052078 -40.68388 -6.276115 -0.712843 0.334643 -2.018795 2.231263 -1.063794 -1.730052 -2.05361 -2.393695 -0.358913 -3.861901 -0.951749 -1.366747
1.052078 -40.68388 -6.276115 -0.013804 -0.152292 -1.634964 2.926462 -0.493349 0.154817 1.045824 -1.457589 0.038987 -6.270401 0.454098 0.564501
-0.947922 -40.68388 -6.276115 1.256877 1.933439 0.027154 6.400735 0.178573 1.798439 -0.378344 3.893394 -0.117557 -9.334434 0.86847 4.567622
9.052078 -42.68388 -6.276115 -1.313214 0.519993 -4.474546 5.366013 -1.726989 1.305229 -3.75255 2.10823 -2.833361 -5.339367 -1.552661 -1.784098
7.052078 -42.68388 -6.276115 -0.831505 0.450771 -2.187245 2.25979 -1.812631 0.871964 -6.639819 -0.551382 -3.782533 -8.265356 -1.660017 -0.837186
5.052078 -42.68388 -6.276115 1.311077 -0.797878 -0.313982 2.158831 -0.74875 -0.934097 -4.70015 -0.670858 -1.618855 -10.48828 -2.600847 -0.484921
3.052078 -42.68388 -6.276115 0.394311 0.652527 -0.99328 1.050992 -0.438452 -2.255325 -2.678262 -0.235399 1.00059 -4.820738 -0.550218 -0.706782
9.052078 -44.68388 -6.276115 -2.88966 1.219591 -2.227641 2.539951 -3.420887 3.513908 -4.59947 1.563177 -4.91543 -6.624863 -4.61132 -1.352132
9.052078 -34.68388 -4.276115 0.347353 0.623765 -1.635991 1.241695 1.023324 2.197629 -0.485141 2.152231 -0.848059 -8.865721 1.88241 1.096804
7.052078 -34.68388 -4.276115 -0.43741 -1.095808 -1.49752 3.533606 -0.129119 0.363094 1.801341 1.627662 0.071423 -5.572859 -1.103601 0.529281
-8.947922 -34.68388 -4.276115 2.527689 -3.204259 1.49583 -0.70459 2.999324 0.785468 -1.79388 6.832302 -0.279913 -4.941849 4.782071 1.125898
-10.94792 -34.68388 -4.276115 0.945908 -3.261414 -1.764318 0.119503 1.296929 -0.72626 -3.802642 7.059002 -1.269894 -5.740993 2.164004 1.38269
-12.94792 -34.68388 -4.276115 0.396331 -0.616427 -0.240462 0.629462 0.689115 -0.504483 -4.252264 5.089737 -1.050043 -3.721689 0.59975 1.925794
9.052078 -36.68388 -4.276115 2.015267 2.886946 -0.782871 4.496657 -0.019505 3.04426 0.718457 2.038613 -0.570828 -8.184812 0.569298 2.932414
-8.947922 -36.68388 -4.276115 0.997213 -3.019818 -0.275718 0.094093 1.408758 0.854835 -2.195252 6.276291 0.675258 -3.760891 2.336098 1.298696
-10.94792 -36.68388 -4.276115 -0.179928 -1.631259 -1.449095 4.661147 -0.574164 0.371381 -1.956396 5.440171 0.37698 -2.558783 3.794133 1.297514
-12.94792 -36.68388 -4.276115 2.261729 0.373948 0.327177 2.666214 0.193807 0.513403 -1.543075 3.650125 0.336233 -0.765691 2.760348 2.492427
9.052078 -38.68388 -4.276115 2.517726 1.162262 -0.305551 6.201911 -0.435323 1.104654 1.179754 0.910823 0.723049 -3.526813 0.41269 0.436989
-10.94792 -38.68388 -4.276115 3.006187 -0.078969 1.256351 7.019919 -0.924589 3.177371 2.194674 2.246734 0.055447 2.165861 4.138224 1.185311
-12.94792 -38.68388 -4.276115 0.742754 0.01044 1.625288 3.567756 0.234918 1.899249 -0.52627 1.087773 -0.176194 2.175339 1.492874 2.049056
9.052078 -40.68388 -4.276115 0.333809 -1.099451 -1.597395 3.274506 -1.094209 -0.19531 -0.67608 0.806178 -1.422439 -2.509325 -1.215586 0.093211
9.052078 -42.68388 -4.276115 -2.041956 -1.065368 -3.605189 0.314627 -2.856886 0.657867 -3.599905 0.00933 -4.498014 -4.117179 -4.496011 0.421023
9.052078 -34.68388 -2.276115 3.376996 -0.253585 0.650758 1.114382 3.64445 -0.569175 -1.482882 1.100738 2.205307 -1.220218 2.543046 -0.01919
7.052078 -34.68388 -2.276115 2.017388 -3.293144 0.062926 -0.433568 1.415883 -3.063334 -0.830875 2.145939 0.49672 0.885048 -1.986903 0.53761
9.052078 -36.68388 -2.276115 2.922145 -0.11815 0.681647 -0.397302 1.058459 1.352294 1.078225 0.352901 2.355485 -3.37656 0.756276 1.03119
7.052078 -36.68388 -2.276115 2.822287 -1.388798 0.033949 -1.805063 0.338804 -0.416675 0.838856 1.091137 0.700257 -5.811029 -1.521557 1.53292
-12.94792 -36.68388 -2.276115 -0.172412 1.975452 -0.662052 5.247251 -0.062459 4.195049 -1.500721 0.491162 -0.610673 -6.205647 -1.797114 1.435776
-14.94792 -36.68388 -2.276115 0.215067 0.905697 0.180663 1.907269 -0.917392 1.783431 -0.804845 0.095445 0.922389 -5.925233 -3.551249 0.627801
9.052078 -38.68388 -2.276115 1.658405 -1.33601 0.038945 0.062828 -0.013731 0.234687 1.749324 1.240647 1.660074 -2.402829 0.130009 -0.89023
7.052078 -38.68388 -2.276115 4.021037 0.641704 -0.687071 -0.045334 2.369659 1.934322 0.771955 0.302094 1.57409 -7.782529 1.22288 -0.553945
5.052078 -38.68388 -2.276115 3.511475 1.234833 0.17564 2.811126 2.914898 2.102869 -0.036509 0.393337 2.048873 -5.335124 2.094588 0.375821
-12.94792 -38.68388 -2.276115 1.478016 1.688003 3.216224 6.647355 0.206694 3.55285 1.229085 0.000934 0.171849 -4.184251 0.444235 2.524556
-14.94792 -38.68388 -2.276115 0.187169 2.774479 1.239123 4.28381 0.93898 3.133005 -0.00832 2.357358 1.258821 -4.571941 -0.93088 3.48661
9.052078 -40.68388 -2.276115 1.815551 -1.926093 1.123392 -0.680487 -0.351176 -2.172472 0.755478 1.531038 0.926358 -3.13218 -1.334718 -2.583008
-12.94792 -40.68388 -2.276115 3.188176 0.829159 3.764901 5.490931 1.30626 0.993063 2.265686 -0.279973 1.986174 -5.595065 3.025264 1.103073
9.052078 -42.68388 -2.276115 1.836279 -1.733757 1.420471 -2.241 -1.102059 -1.053589 1.091844 0.371211 -0.348424 -2.837322 -2.119909 -0.701944
7.052078 -36.68388 -0.276115 2.406162 -0.128875 1.256471 2.711234 0.318514 0.606062 0.713425 0.794438 -0.496221 -1.630154 -0.64668 1.735091
-12.94792 -36.68388 -0.276115 -0.157658 2.066222 -0.415379 3.046197 -0.81715 2.91317 -1.121522 1.414939 -1.806347 -0.126529 -2.522485 1.688669
7.052078 -36.68388 1.723885 1.268383 3.064577 0.546662 5.581323 -0.102231 2.82666 1.266572 0.110028 -0.992066 -0.608314 -0.219271 1.905288
