2.482338 -13.33447 -9.008949 -7.353525 1.851057 3.405897 -0.978396 3.000643 3.998934 3.076327 -2.223692 -1.986389 0.04203 1.077344 -3.096831
2.482338 -9.334473 -7.008949 0.20555 -0.15817 3.661412 -4.997192 5.684767 -0.942825 -0.970717 0.843601 1.437181 -0.443266 0.736786 3.976615
4.482338 -11.33447 -7.008949 -0.255497 -4.629637 5.285236 -5.131831 1.632989 3.617449 -0.733146 0.039608 1.895966 -3.528007 -6.454306 4.596969
4.482338 -13.33447 -7.008949 -0.316788 -1.609683 6.921733 -1.003984 0.881973 5.602306 -1.121829 -6.698869 1.481424 -4.451005 -3.327354 -0.556181
4.482338 -15.33447 -7.008949 -0.829665 1.723804 7.283183 3.364357 2.687083 7.272384 -1.702567 -11.12057 1.045296 -5.374673 -1.024487 -7.20369
4.482338 -17.33447 -7.008949 -1.679195 3.411486 6.924267 5.390115 2.569295 7.572294 -2.590106 -11.90174 0.567785 -5.813295 -2.260622 -9.193889
4.482338 -13.33447 -5.008949 -4.711635 0.993365 2.444274 -1.334958 -3.058104 4.712869 -0.981004 -2.168824 -0.884937 -4.690067 -4.64108 2.317812
2.482338 -13.33447 -5.008949 1.086118 6.283321 1.45972 1.383708 -0.784732 3.736187 0.357405 1.482635 2.298396 0.933934 -0.989176 5.209712
4.482338 -15.33447 -5.008949 -10.38523 1.590065 0.197282 0.169781 -3.057185 4.933616 2.395192 -11.56896 -0.286591 -2.128712 0.143116 -0.034648
6.482338 -17.33447 -5.008949 -8.193616 -3.282343 0.942999 1.715333 -0.019921 4.320203 2.374574 -6.798121 0.516173 -3.351373 2.426418 -4.374309
4.482338 -17.33447 -5.008949 -7.253083 -0.001702 1.468371 1.042372 -2.008312 3.115005 -0.106602 -12.92857 -0.750876 -4.111001 -0.895864 -6.86647
4.482338 -9.334473 -3.008949 -3.123976 -3.320912 1.386794 1.965708 6.435668 0.522029 -1.767661 -3.575807 -1.658613 -0.459998 -0.521883 5.686011
4.482338 -11.33447 -3.008949 -3.03253 -0.039654 0.670234 -3.63621 3.154511 -1.197813 -0.857682 -1.862147 0.52827 -3.434543 -0.165449 0.639362
4.482338 -13.33447 -3.008949 -6.328399 0.18324 3.354045 -6.415287 -0.915534 -1.491437 1.09527 -2.157526 0.571689 -2.774232 -1.045865 0.9723
2.482338 -15.33447 -3.008949 -5.678629 -2.098923 4.72885 -3.964215 -2.499238 -1.338716 0.42799 -4.475009 -7.601103 -0.762587 -5.007263 -0.141608
6.482338 -19.33447 -3.008949 -1.694279 4.334716 0.420134 2.833783 -0.99103 1.885936 3.118817 -3.460919 3.676521 0.195685 -1.485534 -2.324489
2.482338 -19.33447 -3.008949 -2.301685 -0.791053 -0.735847 2.985916 0.389673 -1.788579 -3.059953 -4.550613 -2.075938 -2.333456 -1.129025 -2.1322
8.482338 -21.33447 -3.008949 -2.672718 3.837635 1.032614 1.962574 0.781307 5.609237 -0.034217 1.108919 -0.028981 0.056943 -4.461212 1.652259
8.482338 -23.33447 -3.008949 0.160337 3.879184 7.154541 2.795521 3.998778 6.104464 1.614627 3.45048 -0.239563 0.547438 -0.531295 3.233288
4.482338 -9.334473 -1.008949 -7.378339 -3.950809 -5.437889 4.809623 2.335206 0.771065 -2.226112 -4.244378 -0.890783 1.504015 -5.449396 3.950233
6.482338 -13.33447 -1.008949 -6.688972 -2.298747 0.487988 -1.973584 0.238315 1.812248 -3.223365 -10.52992 -1.985758 0.666788 -2.367214 -4.092854
4.482338 -19.33447 -1.008949 -2.108552 3.163937 -2.135057 -0.334428 -0.23085 -1.122073 -2.307076 -6.560442 -2.840182 -1.81732 -0.920455 3.754257
8.482338 -23.33447 -1.008949 2.501876 2.037506 4.117554 2.792307 5.724367 3.799996 0.403695 -1.588827 0.144536 0.922604 -1.596011 0.309328
6.482338 -23.33447 -1.008949 3.7121 0.290612 3.065325 -2.229498 1.7269 1.064518 -0.791493 -0.58932 0.548098 2.088007 -0.190962 0.292175
8.482338 -25.33447 -1.008949 1.940709 5.173254 3.767147 4.103824 6.353946 3.670403 1.256357 -4.957494 -0.106919 0.529717 -0.594458 -1.237714
4.482338 -25.33447 -1.008949 2.505776 -0.412997 3.579163 0.818726 1.168727 0.179307 -2.458756 -2.182178 2.178203 1.9472 -2.116618 -0.353145
4.482338 -13.33447 0.991051 -5.917342 0.844606 -3.07954 -0.915445 -2.303133 -3.58203 -3.731581 -0.28612 -2.714768 -0.089937 -4.580623 1.468862
2.482338 -13.33447 0.991051 -6.418511 -4.080673 -4.889041 -4.13042 0.212872 -1.086222 -2.248309 3.567515 -3.629467 -0.342217 -1.375308 4.571078
8.482338 -21.33447 0.991051 -5.120942 -3.755874 -2.531505 -1.077598 2.892755 0.862781 -2.583234 -6.278555 -3.574154 -2.763659 -2.513181 -2.623887
6.482338 -23.33447 0.991051 -0.005766 -0.734918 -0.448008 -1.514112 0.857678 2.084807 -1.808572 -1.620211 0.040921 0.616704 -2.718372 4.049473
8.482338 -25.33447 0.991051 -3.86943 -0.008695 1.538289 0.809239 2.258928 2.372294 -0.838638 -4.939612 0.219724 -1.316634 -1.959466 -0.05474
10.48234 -27.33447 0.991051 -1.837538 4.840662 -0.177037 6.473773 1.510641 3.339994 -1.92624 -6.917204 -0.420059 0.818814 -3.50997 1.238567
6.482338 -17.33447 2.991051 0.212985 -3.989862 -0.653228 -2.039515 2.50888 1.11167 -0.580744 -7.396334 0.356413 0.185978 2.505931 4.275753
10.48234 -21.33447 2.991051 -2.974816 -6.377709 -1.190701 -1.99959 2.839134 -2.047073 -6.238067 -5.22224 -5.206301 -5.31853 -2.943225 -0.541408
6.482338 -25.33447 2.991051 -1.672949 -2.002551 1.278611 -3.273432 1.4877 -0.514275 -2.833468 -1.634727 -0.074406 -0.605339 -1.866222 1.772876
10.48234 -27.33447 2.991051 1.33768 1.661609 1.027957 4.018488 1.454744 0.505509 0.198642 -1.573021 1.801885 0.583219 -2.921059 1.935965
4.482338 -27.33447 2.991051 0.959881 -3.639753 0.257688 -1.510344 -1.260663 2.247364 -0.174501 -4.515476 0.123379 -2.892606 0.376282 0.791252
2.482338 -17.33447 4.991051 -1.393981 -0.608224 5.427019 3.747359 4.500357 3.237879 -0.03374 -5.792592 -3.216144 -2.553189 3.779244 -5.329372
10.48234 -21.33447 4.991051 -1.837867 -3.801594 -4.521951 -2.893267 0.525863 -1.537106 -4.920036 -0.839072 -4.305632 -7.198781 -1.963809 3.191383
2.482338 -21.33447 4.991051 -0.745726 -2.484586 -2.85397 -1.848094 -0.424563 -1.516964 -2.686831 -0.606255 -1.728494 0.053759 -0.309054 -0.336978
2.482338 -23.33447 8.991051 -0.640272 -3.293142 -0.07869 -1.452465 -1.986716 -2.486616 -7.140952 -11.99054 -4.297602 -1.524738 1.557833 -5.027623
2.482338 -25.33447 10.99105 -2.461253 -0.072051 3.23599 -2.307982 -4.762502 -1.492564 -5.056435 -1.509122 -3.319606 -2.699054 1.116893 3.429831
12.48234 -25.33447 12.99105 5.290105 0.926972 5.217801 2.722376 3.70571 2.479558 2.708907 0.036417 2.205403 -0.557078 3.233445 2.303395
10.48234 -25.33447 12.99105 5.331164 2.398832 1.676511 4.635214 2.496342 0.880208 2.624741 -2.763313 3.069891 1.558389 1.365243 1.378182
8.482338 -25.33447 12.99105 2.048891 1.12118 -1.477722 1.896267 -0.376417 -1.312471 -0.275721 -4.12162 -0.064229 0.58091 -2.056697 1.344908
6.482338 -25.33447 12.99105 3.285441 -2.521021 0.364125 1.15282 0.28469 0.102577 -1.130337 -1.179922 -0.700706 -0.302985 0.145409 4.748366
2.482338 -25.33447 12.99105 -1.525452 -5.697874 0.749801 -3.292918 -0.187424 -1.312139 -0.431105 -5.043344 -2.743918 -2.711623 -0.007045 1.122126
4.482338 -27.33447 12.99105 3.136473 -3.350622 0.858812 3.566787 0.380944 0.692008 -2.264308 -0.3818 -2.730335 -1.877291 1.621838 5.628091
-31.51766 -29.33447 12.99105 -5.833255 0.362203 -2.082259 2.728114 -2.19559 -1.002185 0.539762 2.541529 -1.432435 2.142009 -1.588423 2.280318
-31.51766 -29.33447 14.99105 -3.84321 -2.074 -2.93368 -3.878171 -3.006433 -2.456023 -0.665566 -0.891693 -0.983074 -2.033687 0.263993 -2.497142
-45.51766 -21.33447 16.99105 -1.965597 -5.561562 0.525102 -4.653008 1.532312 -2.998554 -3.843626 -2.255637 -0.805895 -2.493133 -2.150041 -0.284912
8.482338 -25.33447 16.99105 -0.521658 2.702646 0.405624 2.520401 3.123303 0.525408 2.258345 -1.155408 1.082762 2.433745 2.368652 0.369921
6.482338 -27.33447 16.99105 -2.099961 -0.772984 0.683731 -2.176907 0.118154 1.942477 -0.162679 0.421442 1.601673 -0.081601 2.273644 -0.217697
4.482338 -27.33447 16.99105 3.408169 -1.170116 3.45491 -2.606774 0.538356 2.117825 1.707001 -0.990474 2.917268 -0.211498 4.218626 -0.28815
-11.51766 -27.33447 16.99105 -0.887028 -1.759901 -0.19016 -1.122041 1.546316 -1.304271 -2.094628 -5.630879 -1.330677 -1.864789 -0.258237 -2.761528
-3.517662 -29.33447 16.99105 0.715017 -2.386595 -1.918252 1.462494 0.342158 3.568159 0.546756 0.84511 -0.850797 -2.61821 1.493413 0.593839
-37.51766 -17.33447 18.99105 -1.674873 2.825077 1.874339 1.15635 0.262335 0.204098 1.396219 -0.71213 -0.36 -1.716136 -5.536319 -3.106873
-43.51766 -21.33447 18.99105 2.571576 -1.995397 1.347835 0.366476 1.040217 -0.955644 0.289191 -0.224282 0.738344 0.528287 0.015315 -0.350012
6.482338 -27.33447 18.99105 -1.552139 0.669312 -0.691141 1.568336 -0.122452 2.942017 -1.356783 0.531498 -0.795805 0.067242 1.594653 -0.074671
-11.51766 -27.33447 18.99105 -2.229335 0.874446 0.027087 -1.932357 0.101928 0.052566 -3.5377 -2.645855 -1.808399 -2.685884 -1.272663 -0.064195
-25.51766 -27.33447 18.99105 -4.79795 -0.043348 -2.698074 2.69623 -0.577603 1.575385 -1.453095 -5.390307 0.022507 -3.039518 5.384849 1.702822
-27.51766 -27.33447 18.99105 -5.941997 -3.773932 -1.965209 2.148198 -0.755502 -0.405271 0.002496 1.278399 1.595658 -1.880807 3.231827 -0.455846
-37.51766 -27.33447 18.99105 -2.811725 -2.990239 -2.186816 -2.481972 -1.838115 -1.698673 -3.140036 -0.415562 -2.365605 -2.093314 -1.73533 -0.857016
-3.517662 -29.33447 18.99105 -2.311974 -3.269187 -3.415479 2.829466 0.247598 1.269971 0.427786 1.586447 -1.047596 -0.062151 2.711353 0.435273
-21.51766 -29.33447 18.99105 -7.592294 0.789453 -2.426621 -1.684858 -4.271416 3.451695 -1.614765 -5.453465 -3.147195 -0.579316 0.879573 5.202037
-7.517662 -13.33447 20.99105 -3.670305 -1.829816 -2.344192 -1.852354 0.231776 2.574781 -1.405801 -1.659566 -0.30891 -1.538231 -0.022695 0.255397
-47.51766 -13.33447 20.99105 -3.332398 -3.42006 -2.11433 -2.203202 -0.291449 -0.329913 -1.247737 -0.971998 -0.92951 -1.367882 -2.785302 -1.199357
-5.517662 -15.33447 20.99105 -0.005022 3.801169 -4.611563 -1.694635 2.025026 0.238729 -1.208714 0.031323 0.25043 2.963923 -1.932068 1.551084
-37.51766 -15.33447 20.99105 4.872438 3.25511 2.62826 -0.38031 3.96467 6.952105 -4.110747 -7.566099 3.758049 -2.770676 1.579192 -2.9758
-39.51766 -17.33447 20.99105 3.537661 3.109746 2.949052 1.343517 2.770893 2.92234 0.680987 -2.491643 3.885433 -3.320072 -2.667225 -5.724109
-43.51766 -19.33447 20.99105 -0.662712 -0.017886 -2.103712 0.769792 1.023272 -0.806694 1.257218 3.523776 2.581311 1.841201 -2.423483 -2.99372
-13.51766 -21.33447 20.99105 -2.312984 -0.553514 0.368443 -1.312163 -0.667526 -0.599362 -1.228712 1.424169 0.800855 1.046573 -2.115219 -0.301912
-35.51766 -21.33447 20.99105 -0.122687 -2.054657 1.586102 -1.894264 0.780188 -2.121202 0.262477 -2.554747 -0.639663 1.337868 -0.137595 -2.573819
-11.51766 -23.33447 20.99105 -4.354898 -0.68761 0.106964 -1.832371 -2.093158 0.047668 -3.859052 -2.873124 -1.013076 -2.704086 -3.307778 0.083824
-13.51766 -23.33447 20.99105 -7.479897 -0.731415 -3.417247 -0.49461 -3.98132 1.112275 -1.750416 -1.009332 -1.147987 0.828325 -2.364394 0.088606
-35.51766 -23.33447 20.99105 -3.181087 -1.837129 1.387725 -0.617202 -0.285778 -0.067146 -0.198497 0.036329 -1.819977 2.0309 -2.62539 1.484439
-37.51766 -23.33447 20.99105 -1.26122 -0.795539 -0.232967 -1.172133 0.072284 0.268344 -0.980589 0.779149 -0.948729 1.360444 -2.431009 2.14607
-39.51766 -23.33447 20.99105 -1.167608 0.963561 2.443845 -1.207447 0.880378 0.175906 -0.443775 -0.756456 -0.654542 -1.954626 -1.152139 1.518227
-11.51766 -25.33447 20.99105 -5.929328 -2.311436 -0.359767 -1.598071 -1.130365 -0.600627 -1.911625 -2.785058 -1.095403 -1.650711 -0.772899 -2.708057
-13.51766 -25.33447 20.99105 -2.796299 -3.189312 -0.788834 -0.948616 -2.081429 -0.29825 -0.513227 -0.601723 -0.075779 -0.592835 1.171296 -2.853434
-27.51766 -25.33447 20.99105 -1.815154 -2.129683 -4.017222 -2.42742 1.258667 -0.832206 0.189121 -0.433122 2.747799 1.431493 4.59759 3.744864
-29.51766 -25.33447 20.99105 -2.163164 -0.72427 -1.345765 -2.364773 0.211898 -0.147312 1.747547 -0.015252 3.180986 1.056793 2.183643 -0.570464
-31.51766 -25.33447 20.99105 -3.016879 -0.001562 0.03243 -0.904069 -1.07075 0.763504 1.235593 1.676272 0.543152 1.312856 0.465931 0.509953
-37.51766 -25.33447 20.99105 -0.095621 -0.370342 0.274777 0.357928 -0.760987 0.835673 -1.013497 1.859849 0.017571 1.272479 -2.282589 1.511452
-39.51766 -25.33447 20.99105 1.972787 -0.505147 3.626492 -0.543496 0.576474 -0.585625 -1.397848 0.902114 -0.38552 0.638562 -2.043645 -0.194615
-41.51766 -25.33447 20.99105 0.862817 -0.308122 2.193551 -0.806526 0.605715 -0.963951 -1.137732 0.694799 -1.456576 -0.047821 -3.096432 -3.209573
-49.51766 -25.33447 20.99105 -0.801924 -1.706367 -2.730186 1.161417 0.497204 1.26288 -0.48356 -3.827797 2.238831 0.134433 1.854473 -1.556658
8.482338 -27.33447 20.99105 -3.523039 0.999434 -1.757857 0.693644 0.528189 3.211293 -0.814444 -1.122668 -1.771518 0.61324 1.556816 -0.188126
-3.517662 -27.33447 20.99105 -5.699296 0.621691 -3.102833 1.64939 -1.765517 1.778259 -3.915523 -4.034133 -2.705143 0.750229 1.112058 3.738426
-5.517662 -27.33447 20.99105 -9.227455 -0.298366 -2.423606 3.222049 -1.492402 1.524008 -2.165354 -3.486852 -0.781931 0.302595 0.088926 2.785401
-31.51766 -27.33447 20.99105 -6.015967 -2.622297 -1.865043 -2.945409 0.339354 -0.056209 -0.934747 -0.886708 0.572794 0.721357 0.696389 -1.495961
-33.51766 -27.33447 20.99105 -4.231041 -0.770784 -2.185891 0.132916 0.334348 0.061823 -0.879392 0.267261 -0.217621 -0.044838 -0.520077 -0.180938
-37.51766 -27.33447 20.99105 -1.007875 -0.997391 -0.425786 -1.897168 -1.437878 -1.522763 -0.144047 -0.100118 -1.166645 -0.487825 -1.487509 -2.001355
-31.51766 -29.33447 20.99105 -6.160632 -0.031987 -6.61394 -1.571308 0.203161 0.862915 -1.231715 -1.433348 0.708181 1.353816 0.484146 0.934895
-33.51766 -29.33447 20.99105 -5.138003 0.16945 -4.711338 -0.856656 0.416517 -0.479843 -0.97548 0.360185 -0.273175 -0.249776 -0.484105 0.309901
-35.51766 -29.33447 20.99105 -3.820015 -0.28922 -2.128725 -1.496639 -0.288143 -1.138965 0.077127 -0.17397 -1.695913 -2.317498 -1.023419 0.402686
-39.51766 -17.33447 22.99105 -0.046736 -2.369439 0.411722 -4.048322 -0.215334 0.239955 -1.00739 -1.295828 1.373038 -0.484677 -1.867944 -2.249846
-45.51766 -17.33447 22.99105 -3.562892 0.446521 -4.215085 -1.15567 -0.348345 -1.078952 -1.526122 -0.183765 -0.970386 1.022619 1.052507 -1.287801
-47.51766 -17.33447 22.99105 -0.650549 -1.370004 -4.664106 -2.358427 -1.329413 0.223345 -1.756207 -2.536044 -1.524414 -0.444085 0.533562 -1.123252
-11.51766 -19.33447 22.99105 -2.089439 0.897744 0.178217 -2.46136 -0.057505 0.722053 -4.183235 -3.743242 1.079856 1.866241 0.04861 1.176189
-49.51766 -19.33447 22.99105 -0.149129 -0.150523 -4.322626 1.369122 0.727701 0.093895 -1.417576 -1.666053 0.390986 -1.01273 1.256499 -0.929289
-11.51766 -21.33447 22.99105 0.464783 -2.24283 -1.949812 -3.084757 1.170709 2.18236 -3.543367 -4.132432 0.37626 -1.129629 -2.645204 2.036134
-13.51766 -23.33447 22.99105 -0.338871 1.032218 -1.074753 -0.113384 -0.951715 0.794158 0.233683 -3.082113 0.017855 0.918485 -0.120015 1.184216
-37.51766 -23.33447 22.99105 0.280885 0.2543 -0.569629 -1.587363 -0.389387 1.462273 -0.303338 -0.55236 0.621956 -0.12303 -1.889809 0.13451
-45.51766 -23.33447 22.99105 0.582979 1.185871 -1.749437 -1.614868 0.178435 1.628826 -2.463794 -2.876188 -0.097528 -0.055199 -1.28634 -3.264046
-47.51766 -23.33447 22.99105 2.284573 1.656342 -1.132489 -0.958242 0.232272 1.338486 -3.4705 -2.650459 0.02915 -0.020842 -1.568346 -1.242116
8.482338 -25.33447 22.99105 -1.823338 -1.867322 -2.22917 -1.556527 1.029045 0.725245 -0.402087 0.588743 0.038539 1.36286 2.886532 0.963592
-11.51766 -25.33447 22.99105 -2.959312 -0.846982 -4.09335 1.74464 -0.040852 -0.053953 -1.401761 -3.64442 -1.735394 -1.556628 -1.34884 -2.723744
-13.51766 -25.33447 22.99105 -2.715548 -0.119149 -1.757658 1.230468 -1.103041 0.763299 1.947474 0.130209 0.016345 0.6456 0.182919 -1.271789
-31.51766 -25.33447 22.99105 -3.935871 -1.11866 -2.715903 -3.355781 -1.204452 -0.583143 -0.718319 -0.761846 0.360627 -0.243002 -2.764602 1.947809
-33.51766 -25.33447 22.99105 -2.57024 -2.339265 -1.683684 -3.900634 -0.60977 -0.118441 1.11426 0.233072 1.620341 -1.314395 -0.189302 -0.839881
-37.51766 -25.33447 22.99105 1.747251 3.068144 1.017551 1.286579 0.114087 2.359028 0.300263 1.100666 0.853857 1.374279 -1.119485 0.528446
-39.51766 -25.33447 22.99105 2.001579 2.655403 1.019258 0.669239 0.142796 3.175348 0.114026 1.951713 1.336227 1.463302 -0.427107 1.21518
-47.51766 -25.33447 22.99105 4.302413 -0.913331 -0.826933 -1.759483 1.276592 0.204886 -3.743165 -5.410253 0.490532 -1.949421 0.400289 -4.434647
-5.517662 -27.33447 22.99105 -5.89056 -1.053105 -3.039916 -1.842548 -0.037125 1.546602 -3.449751 -4.551461 0.5599 -0.861798 -0.903244 -0.045824
-25.51766 -27.33447 22.99105 -2.199292 -0.549435 -3.179241 -2.00493 1.012282 -0.765548 -1.727281 1.905651 0.294171 1.271452 0.610443 2.516739
-27.51766 -27.33447 22.99105 -1.684527 -1.928291 -4.654211 -4.378294 0.613959 -1.715313 0.150623 2.28254 -0.267508 0.284964 -0.817174 0.116036
-31.51766 -27.33447 22.99105 -5.303204 -5.603742 -2.467534 -5.965651 0.40928 -1.604781 -0.56159 -1.956538 -0.09936 -0.949811 -1.486781 -1.477495
-37.51766 -27.33447 22.99105 1.074749 4.207576 1.005348 1.926087 0.710061 1.623551 0.110458 -1.258983 -0.230752 -0.699897 -2.500713 -1.812974
-29.51766 -29.33447 22.99105 -3.996612 -3.695926 -2.430516 -6.841182 -1.250575 -0.38255 -0.472518 -2.004212 0.146431 -1.233129 -2.021477 0.50877
-31.51766 -29.33447 22.99105 -4.300096 -4.451807 -3.920905 -6.598556 0.241996 -0.507607 0.257822 -2.889976 1.512271 -0.176348 1.183291 0.41088
-35.51766 -29.33447 22.99105 -0.474103 -1.307477 -2.122477 -3.742581 1.528347 -1.267875 0.710488 -3.34998 -0.422206 -3.108397 -0.125818 -4.686519
-3.517662 -11.33447 24.99105 -0.372195 -0.915995 -0.9092 0.308714 1.230539 0.355205 1.487105 0.078805 -2.084645 0.928763 2.257262 1.265772
-37.51766 -11.33447 24.99105 -0.549847 -1.729851 -3.402596 4.105026 0.719508 0.789613 1.998456 5.757064 -0.460933 7.276595 -1.435877 -0.325437
-3.517662 -13.33447 24.99105 -0.71672 0.594371 1.756271 1.725028 1.448662 0.152018 1.106873 0.033884 -1.418173 -1.197472 1.027285 -2.043406
-37.51766 -13.33447 24.99105 -2.780346 -0.153316 -3.614967 0.439819 1.116751 0.340189 -1.591094 4.446663 -1.062984 3.794737 -0.761234 3.269199
-39.51766 -13.33447 24.99105 -1.331759 1.494863 -0.771069 3.0909 2.46766 1.954536 -0.49414 2.183298 0.061675 1.210873 -0.840298 2.546964
-45.51766 -15.33447 24.99105 -4.044716 -0.768566 -5.154282 -1.36906 -0.07831 0.37136 0.674775 1.947484 -0.145368 1.038695 1.456511 0.733234
-47.51766 -15.33447 24.99105 -3.837272 -1.619144 -5.679874 -1.338489 -1.074327 0.79185 0.480628 -0.515555 -0.691301 0.415325 1.128698 1.133201
-5.517662 -17.33447 24.99105 -4.863209 0.902407 -3.064392 0.27728 0.631965 -0.891489 -2.583205 0.715506 0.27126 2.832638 -0.202245 4.705446
-49.51766 -17.33447 24.99105 -0.592406 -2.766298 -1.207 0.209181 -0.286071 -0.27066 0.16554 -1.900842 0.63989 -0.478803 3.45118 1.140085
-11.51766 -19.33447 24.99105 -3.187309 -2.361454 2.046129 1.833221 1.886186 3.49523 -2.613806 -0.485982 1.150009 3.364798 1.870523 2.533724
-13.51766 -19.33447 24.99105 -0.970511 -0.401049 -0.462901 -3.071681 0.977768 1.901181 0.794093 -0.98054 0.483088 2.516995 2.826845 2.572452
-47.51766 -19.33447 24.99105 -2.554993 -0.319189 -2.971046 0.009728 -1.266897 0.314656 -0.398972 -1.974853 0.919664 0.597483 -1.325175 0.540671
-49.51766 -19.33447 24.99105 -3.27372 -2.777132 -2.129288 -0.458163 -0.170095 -0.306753 -1.038489 -3.127307 0.8934 -0.75335 -0.254185 -0.370836
-11.51766 -21.33447 24.99105 -2.401459 -3.787502 -1.09904 -2.441406 4.179594 2.762881 -1.3294 -1.874695 0.388486 -0.662109 1.733888 -0.05463
-27.51766 -21.33447 24.99105 2.434212 -1.340157 -0.682593 0.123223 0.874622 -0.420287 1.673644 1.394004 0.480679 -0.784311 0.637056 -1.512397
-29.51766 -21.33447 24.99105 -0.258137 -3.127183 -2.042754 -0.238454 -0.384907 -0.030727 -0.823787 0.382101 0.698582 -1.137343 0.401739 0.907967
-39.51766 -21.33447 24.99105 -3.886836 -3.473913 -2.407922 -2.234231 -2.279651 -1.988932 -0.417003 -3.27752 0.131274 -1.228132 1.235955 -4.101076
-41.51766 -21.33447 24.99105 -2.433706 -1.495811 -1.497972 -2.508693 -1.658473 -2.157034 -0.158899 -1.578556 0.082241 0.164445 1.760615 -2.868777
-43.51766 -21.33447 24.99105 -1.944802 -2.524663 -2.054209 -3.341274 -0.398638 -0.836708 -0.152125 -1.259804 1.403275 -0.000649 1.15859 0.119807
-47.51766 -21.33447 24.99105 -1.372144 -2.184249 -3.67022 -0.480462 -1.14137 -0.321215 -1.460957 -1.948825 0.560111 -0.328081 -1.039493 0.064535
-49.51766 -21.33447 24.99105 -1.448926 -2.743066 -2.684413 -1.127598 -0.408828 0.624859 -1.540965 -3.498112 0.028255 -0.490602 -0.229048 0.278336
-5.517662 -23.33447 24.99105 -1.389687 -7.267011 -0.304497 -5.23197 3.734529 2.962218 -0.834712 -2.567942 -1.936425 2.415635 0.831559 3.834181
-11.51766 -23.33447 24.99105 -0.382102 -1.539666 0.347534 -0.913824 3.263165 1.526922 -0.318547 -2.387719 0.534711 -1.004235 1.340205 0.991498
-31.51766 -23.33447 24.99105 -2.153149 -1.780485 -3.694059 -1.483353 -0.976372 0.291983 -0.438978 -0.828903 -0.589417 0.023169 -0.387528 2.038107
-39.51766 -23.33447 24.99105 -2.16948 -1.570652 -3.280791 -1.872582 -2.123486 0.30561 -1.963237 -0.998116 -0.214525 0.164776 0.902946 -0.223304
-41.51766 -23.33447 24.99105 -4.429582 -1.87677 -2.867022 -3.929012 -3.263501 -0.505858 -2.634709 -1.543462 -0.878166 1.928208 0.998017 0.519898
-43.51766 -23.33447 24.99105 -3.84127 -1.147334 -1.836367 -5.173532 -2.984889 -0.757134 -2.994775 -2.901956 -0.742501 1.744161 -0.136152 1.211238
-45.51766 -23.33447 24.99105 -3.972903 -2.315844 -0.72793 -4.027529 -0.675788 -0.838484 -2.724306 -2.834367 0.085638 1.088328 0.109182 1.249847
-11.51766 -25.33447 24.99105 -0.731612 1.085344 -0.126971 0.698863 0.773971 -0.064652 -1.815858 -2.059478 0.812501 0.876465 -0.646836 1.493583
-31.51766 -25.33447 24.99105 -2.197177 -1.697688 -3.252252 -3.844219 -1.058146 0.046061 -0.191008 -3.176337 0.463474 0.495248 -0.751996 1.906989
-33.51766 -25.33447 24.99105 -1.870306 -2.007751 -1.7012 -2.363735 -0.787962 2.106342 -0.597832 -1.924844 1.439768 0.277366 -0.645903 0.636281
-37.51766 -25.33447 24.99105 0.359346 -0.514883 -0.785563 -1.049659 -0.429468 1.578752 -0.763817 0.892369 0.844719 1.901406 -0.021226 0.949737
-39.51766 -25.33447 24.99105 -0.065836 -0.963545 -2.233402 -1.363799 -2.48129 3.424352 -0.683214 -0.558125 1.133038 2.795257 0.582991 1.947995
-43.51766 -25.33447 24.99105 -2.828684 -1.325103 -1.823689 -3.265739 -2.002484 2.82639 -4.120268 -1.642415 -0.30611 1.853459 -0.231871 2.749234
-45.51766 -25.33447 24.99105 -5.130744 -2.238842 0.148741 -2.385971 -0.689032 3.102815 -6.442504 -2.704438 -0.801682 3.690189 -0.019263 3.704791
-5.517662 -27.33447 24.99105 -4.12446 0.041198 -3.089692 -0.493339 -0.563802 3.850333 -3.177937 -2.368022 0.223229 -1.18261 -2.630382 1.383639
-31.51766 -27.33447 24.99105 -0.77182 -2.920273 0.115884 -3.379167 0.944629 0.18895 -0.203754 -3.442888 1.38751 -0.85945 1.194897 -1.948534
-39.51766 -27.33447 24.99105 -2.341505 2.138957 -1.327797 -1.237609 -0.548107 3.159887 -1.262139 -1.273936 2.069549 2.814064 0.00768 1.443552
-41.51766 -11.33447 26.99105 -2.345069 2.679986 -0.184069 4.125996 2.638027 3.769838 2.67472 2.252789 0.7413 0.139648 -1.537083 2.036316
-43.51766 -11.33447 26.99105 -2.507863 4.133859 -1.401313 4.555727 3.175971 2.609411 2.73348 5.942897 2.328588 1.90562 -1.313316 3.477269
-3.517662 -13.33447 26.99105 -2.699708 2.257212 0.51392 2.714419 1.173598 1.016404 1.949013 0.32421 -0.522581 0.697024 -0.687884 -2.409554
-41.51766 -13.33447 26.99105 0.548911 1.201317 0.784907 1.177788 1.375875 2.416509 2.953271 1.165334 2.105863 -0.781685 0.086396 -0.371473
-43.51766 -13.33447 26.99105 -2.422348 2.680884 -0.949968 3.019049 0.003815 2.877344 4.115551 2.376181 3.982664 0.702849 1.000123 1.333865
-13.51766 -19.33447 26.99105 1.502905 1.347807 4.633428 -0.686356 -0.431632 0.794411 0.446525 1.359966 0.461841 1.222283 0.929483 -0.490568
-29.51766 -19.33447 26.99105 -2.046171 -0.385734 -1.231502 0.306627 -0.837236 -2.248833 1.331007 3.070451 0.64715 2.4898 -0.137645 1.017373
-31.51766 -19.33447 26.99105 -3.903842 -3.689099 -3.043073 -1.131782 -2.457856 -3.54952 -1.052213 0.833854 -1.026708 1.521928 -0.966044 -1.691584
-37.51766 -19.33447 26.99105 -0.261538 -1.33612 -0.242308 -1.309992 -2.227383 -0.439129 -1.291357 -1.835533 -0.200013 0.344116 0.181794 -0.661527
-5.517662 -21.33447 26.99105 -12.17778 -1.984365 -2.377393 1.127377 2.149225 6.632912 -0.429963 -0.553578 -1.070097 3.574102 5.274177 7.461527
-7.517662 -21.33447 26.99105 -12.88533 -0.835854 -1.663168 2.639599 5.311164 6.280324 0.51335 3.331048 0.181407 6.893341 6.696022 8.46409
-27.51766 -21.33447 26.99105 0.419041 -0.435901 -2.257529 1.004515 -1.295011 -0.406877 -0.441413 -0.562818 0.660155 -0.118154 -0.674908 2.178848
-33.51766 -21.33447 26.99105 -1.980524 -6.922967 -3.977166 -3.836742 -2.12318 -2.704091 -2.145629 -1.980405 -0.433536 1.27955 -2.66221 0.29162
-35.51766 -21.33447 26.99105 -1.303818 -5.095957 -1.573208 -3.228017 -2.000357 -2.822742 -2.944827 -4.893867 -2.127778 0.198379 -2.877158 0.928094
-37.51766 -21.33447 26.99105 0.341117 -3.464979 -1.865532 -1.444722 -2.53942 -4.048337 -4.293713 -3.432429 -1.574436 -0.851552 -1.910092 -0.666938
-39.51766 -21.33447 26.99105 -2.038048 -2.041015 -2.850428 -1.965591 -2.741187 -4.448532 -3.285506 -2.343234 -1.660434 -0.074152 -2.398087 -1.760123
-41.51766 -21.33447 26.99105 -2.962197 -0.40373 -1.468089 -1.848427 -0.968991 -4.103094 -1.696753 -0.428213 -0.157136 1.196466 0.380885 -1.041386
-45.51766 -21.33447 26.99105 -1.918074 -5.029594 -1.788919 -2.301274 -0.197658 -1.626337 -0.586574 -1.954558 -0.648373 -0.156183 1.725093 0.336762
-47.51766 -21.33447 26.99105 -0.055093 -3.71124 -3.571411 -1.74897 -0.897982 -2.271101 -1.139675 -1.549512 0.435573 0.007741 1.20695 -1.599428
-3.517662 -23.33447 26.99105 -7.875606 -1.921993 -2.334754 4.004857 11.47631 7.937898 -0.034396 0.277713 1.648499 7.014267 12.17202 8.0207
-5.517662 -23.33447 26.99105 -2.166017 -3.768157 -2.617379 -0.00378 9.067018 5.54986 -0.864657 -1.627888 1.152208 4.868611 9.062454 4.154167
-7.517662 -23.33447 26.99105 -5.656728 -1.149535 -1.223453 2.181863 5.429801 1.664374 1.168214 3.101505 -1.416621 3.972628 5.619319 3.659275
-25.51766 -23.33447 26.99105 -0.078594 0.362883 -3.138098 -1.775253 0.687772 -0.895474 0.526003 -2.051 0.269458 0.403797 -1.532315 -3.122012
-27.51766 -23.33447 26.99105 -0.620952 -1.110604 -2.426622 -0.475538 -0.726773 0.778362 0.313956 -2.464708 0.54746 0.153764 0.589701 -0.460993
-29.51766 -23.33447 26.99105 0.479012 -3.605875 -2.655861 -1.80116 -0.443196 -1.392468 -0.33098 -3.392982 2.250784 -1.203114 2.439645 1.286412
-31.51766 -23.33447 26.99105 -1.259716 -2.253797 -4.332688 -0.108818 -0.921181 -0.83421 -1.527272 -0.113162 0.412186 0.083375 1.572824 1.890087
-33.51766 -23.33447 26.99105 -3.631261 -2.13164 -3.120614 -1.11737 -1.047741 0.974678 -1.179854 0.018699 0.94828 1.959404 -0.173347 2.034005
-35.51766 -23.33447 26.99105 -4.878575 -1.83839 -1.087037 -1.967681 -1.308335 0.41173 -1.631206 -1.553598 -0.767124 1.930831 -0.839433 2.464386
-41.51766 -23.33447 26.99105 -5.12962 -1.857947 -3.032336 -3.320192 -3.190771 -2.458165 -2.876795 -1.364786 -0.338745 3.08098 -0.1803 1.067493
-43.51766 -23.33447 26.99105 -3.493018 -5.092782 -1.388628 -7.087462 -1.514474 -3.468804 -2.60991 -2.248724 -0.166601 2.021884 1.905915 -0.428921
-45.51766 -23.33447 26.99105 -1.208257 -5.31307 -1.253815 -3.85101 0.518023 -2.888726 -1.261083 -0.602715 -1.044916 1.157339 0.78035 0.699486
-3.517662 -25.33447 26.99105 -2.606172 0.483115 0.882973 2.622775 5.924502 2.678573 0.941936 1.008476 2.661423 4.38774 5.277214 1.847567
-5.517662 -25.33447 26.99105 0.563642 -1.129888 0.772423 1.703528 4.397022 4.24121 -1.911041 2.111838 1.051842 4.036728 3.561085 3.688137
-25.51766 -25.33447 26.99105 -2.149028 -1.52187 -3.472284 -1.523224 -0.395178 -2.535044 -0.493128 -0.507701 0.329263 0.42971 -2.764461 -0.862546
-27.51766 -25.33447 26.99105 -2.618048 -4.184175 -3.713614 -2.465474 -0.086162 -0.695593 1.069757 -1.842098 -0.406887 -0.333919 -0.098331 -0.908247
-29.51766 -25.33447 26.99105 -2.622795 -4.717987 -3.833125 -3.468965 -0.170939 -1.681421 0.957124 -5.57735 -0.045044 -0.603397 1.069015 0.888846
-31.51766 -25.33447 26.99105 -2.531282 -3.981774 -4.367177 -3.653863 -0.659634 -1.579005 -1.743909 -3.126484 -0.447753 -0.00496 1.332708 1.530107
-33.51766 -25.33447 26.99105 -3.106426 -3.772792 -3.2741 -3.413523 -1.199519 -0.079625 -1.594277 -2.32466 -0.599177 0.430675 -0.332354 0.35883
-41.51766 -25.33447 26.99105 -3.915949 -1.278282 -5.287464 -2.587762 -2.899848 -0.247709 -2.354911 -1.443049 -0.213765 3.140888 -0.147383 2.164753
-1.517662 -27.33447 26.99105 -3.996125 -3.339973 -0.249827 -2.172428 1.353471 -1.677384 -0.485617 -0.354649 0.329255 0.689058 2.687901 -1.447157
-3.517662 -27.33447 26.99105 0.243417 -3.137158 -0.22026 0.864824 2.413057 -0.999046 1.53234 1.702806 1.108059 1.095824 1.931782 -1.524706
-5.517662 -27.33447 26.99105 -1.393808 -4.332325 -0.1748 1.61 1.02606 2.118882 -1.591615 2.39746 1.028573 4.713653 1.394705 1.031967
-29.51766 -27.33447 26.99105 -4.732879 -2.510983 -1.737186 -1.841765 -0.078597 0.804893 -0.716546 -3.394593 -0.335256 -1.474979 0.095826 -1.237953
-31.51766 -27.33447 26.99105 -3.372208 -1.714288 -2.797884 -1.449862 -0.115298 0.34945 -1.55274 -1.156632 -0.245161 0.039081 0.761559 0.546398
-39.51766 -27.33447 26.99105 -3.150884 1.265195 -2.016029 -0.212901 -2.863875 1.009097 -2.749135 -2.647161 0.923054 2.802557 1.116109 2.086844
-7.517662 -9.334473 28.99105 4.110085 1.691516 -0.802179 2.074548 3.098031 0.644009 2.961113 1.088673 -1.520504 -0.014357 4.149551 1.131271
-9.517662 -9.334473 28.99105 7.1316 1.401505 1.741823 3.152295 4.160943 0.059304 3.853529 -0.968319 1.604148 -0.884651 5.011981 2.836393
-11.51766 -9.334473 28.99105 2.723293 2.94403 1.492711 1.482462 3.541268 -0.76687 5.041794 -2.028089 3.082076 0.472977 2.544739 1.367405
-29.51766 -9.334473 28.99105 -2.939821 0.216872 -3.980131 -0.632395 -0.674989 0.31282 0.573617 4.123896 1.318305 7.537582 -2.949397 1.423632
-31.51766 -9.334473 28.99105 -4.011954 -2.240929 -4.105052 -0.30213 -2.507494 -0.165285 -0.831691 -0.719968 -0.628178 3.452891 -2.652671 0.022073
-37.51766 -9.334473 28.99105 -4.525588 -1.081073 -2.451185 0.207421 -0.532839 1.177125 -2.306382 -2.767162 -1.534762 -0.077187 -4.292311 2.103786
-5.517662 -11.33447 28.99105 1.743732 2.915274 1.425672 -0.497985 2.944295 -1.016863 0.979139 1.238174 0.698231 2.404845 0.114314 -2.999874
-7.517662 -11.33447 28.99105 2.976885 -0.702838 1.307939 -1.247669 3.840586 -1.521156 2.574529 1.868128 0.493682 2.354611 4.064686 -2.30992
-9.517662 -11.33447 28.99105 1.19492 -2.230028 2.379385 0.701215 2.773514 0.564995 0.979748 -0.450195 2.550382 1.689013 2.867512 2.747358
-11.51766 -11.33447 28.99105 0.217477 -0.321703 2.790093 2.301198 1.433607 0.237945 3.250284 -0.249417 3.687624 0.38348 2.044475 1.568469
-41.51766 -11.33447 28.99105 -2.530702 -1.709014 -2.68925 -0.06412 -0.458836 -0.554923 -2.089605 -3.38298 -0.273427 -2.702214 -1.45514 -3.564016
-43.51766 -11.33447 28.99105 -2.588671 -3.88082 -2.040175 -3.294591 0.280718 -0.793171 -1.343117 -1.076313 0.694471 -2.340743 -1.727146 -1.351455
-45.51766 -11.33447 28.99105 -4.670271 -4.494548 -4.681545 -3.68964 -0.04423 -2.655859 -1.648567 0.421703 0.203622 -1.991565 -2.685917 -1.340731
-9.517662 -17.33447 28.99105 0.312256 0.333128 0.246737 -0.126887 2.276242 1.815117 1.80019 3.892879 0.50568 5.623913 4.97179 4.861464
-11.51766 -17.33447 28.99105 -3.498016 0.147349 2.358813 3.290525 1.205352 1.978623 1.27381 1.393914 0.333071 4.769274 3.845163 3.818295
-11.51766 -19.33447 28.99105 1.514492 1.936314 6.235535 1.675263 1.380073 0.529231 1.292828 -2.315777 -0.290912 3.765952 5.58525 3.090169
-31.51766 -19.33447 28.99105 -1.618076 -1.592507 -0.850285 -0.442253 -0.673591 -2.307151 -0.492507 0.241059 -0.137226 -0.128755 -0.661402 -3.772036
-33.51766 -19.33447 28.99105 -0.248015 -4.5983 -2.135381 -0.843222 -0.520978 -1.388306 -1.957073 -1.364257 0.03308 0.435473 -1.588228 -3.727285
-35.51766 -19.33447 28.99105 0.993927 -5.703238 -2.758254 -4.076426 -1.486619 -2.539496 -2.780238 -3.550872 -1.098134 -2.121116 -3.939175 -2.057303
-37.51766 -19.33447 28.99105 1.480404 -3.358492 -1.935771 -5.467633 -1.424778 -2.365453 -1.612134 -2.969633 -0.417494 -1.416838 -1.885916 -0.852126
-41.51766 -19.33447 28.99105 -0.879813 -0.97508 -1.79658 -1.987186 -0.212632 -2.865882 0.14851 -0.62877 0.044536 -0.19013 -1.104323 -2.221077
-43.51766 -19.33447 28.99105 -1.875524 -2.469747 -1.660044 -2.071031 0.424006 -2.751405 -0.314878 -1.106037 -0.692631 -0.30153 0.646592 -3.887959
-3.517662 -21.33447 28.99105 -9.986094 0.997518 -1.738723 1.991442 1.358068 4.241103 0.602684 -1.100817 -2.403748 1.94249 -0.830513 3.148573
-5.517662 -21.33447 28.99105 -12.41886 0.975256 -0.534279 2.12306 -0.30688 3.173515 -0.004518 0.382355 -1.340691 0.108973 1.159089 1.256714
-7.517662 -21.33447 28.99105 -6.209114 5.395006 0.038122 3.260146 1.319634 3.15941 1.94124 1.14891 -1.71406 2.198054 2.494817 1.455968
-9.517662 -21.33447 28.99105 4.653551 7.655733 -0.356739 3.240895 2.264034 3.126456 4.090935 -1.628192 -1.662928 2.946891 2.488148 1.777
-29.51766 -21.33447 28.99105 -0.65583 -2.042887 0.569467 -0.514494 -0.379733 0.69468 -0.609516 -2.698104 1.970496 -0.391862 0.100106 0.743573
-39.51766 -21.33447 28.99105 4.116375 -4.435079 -3.220062 -6.625561 -2.317092 -7.314662 -5.436341 -5.374432 -2.452873 -4.968339 -5.851674 -2.863463
-41.51766 -21.33447 28.99105 1.265604 -0.828082 -0.799268 -3.961639 -0.220239 -3.58616 -1.974201 -1.29587 -0.766265 -1.305163 -1.376457 -2.601192
-43.51766 -21.33447 28.99105 -2.771086 -1.743578 -0.828654 -3.109546 0.024826 -3.429412 -1.075405 -0.134362 -0.5114 -1.947819 0.814434 -3.982087
-45.51766 -21.33447 28.99105 -1.887011 -2.223273 -1.760846 -2.096612 -1.714002 -3.076191 -0.001862 -1.878488 0.085308 -0.588669 1.465596 -3.684422
-3.517662 -23.33447 28.99105 -10.18923 4.964451 0.933419 1.122454 4.325217 2.392302 -1.505062 -3.97052 0.261911 -2.748266 5.605549 5.449791
-5.517662 -23.33447 28.99105 -5.773822 2.929532 3.094 3.47988 2.867143 0.202119 -2.075989 -0.80894 0.290988 -4.347282 5.338716 0.827113
-27.51766 -23.33447 28.99105 -2.680373 -2.954723 1.217169 -0.331271 -0.605239 0.425638 2.470846 -3.517941 0.02225 0.525232 2.213862 -0.260559
-43.51766 -23.33447 28.99105 -3.134133 -4.021748 -0.902715 -5.92203 -3.731792 -3.313312 -3.823313 -2.362789 -1.875334 -1.452056 0.250413 -3.962346
-45.51766 -23.33447 28.99105 0.565812 -1.879662 -1.429408 -2.297763 -0.976944 -2.827421 -2.551997 -1.028826 -2.966862 0.757566 0.094224 -2.731199
-3.517662 -25.33447 28.99105 -5.012095 7.344968 2.375208 3.681481 2.014802 -2.335292 -0.362769 4.169283 1.574224 -0.867315 4.682396 3.512546
-27.51766 -25.33447 28.99105 -3.328302 -4.325714 -0.445369 -2.065164 0.396558 -0.455464 2.392385 -3.008765 -0.589393 -0.802156 2.39786 -0.07136
-27.51766 -27.33447 28.99105 -3.84887 -3.52919 -1.424925 -1.257103 1.246175 0.35913 0.914825 -1.295544 -1.480919 -0.097679 1.355479 1.660824
-39.51766 -27.33447 28.99105 3.528008 -1.166664 -2.560037 -2.745414 -2.062112 -0.785331 -3.605526 -1.418991 -1.537028 2.856438 -1.085088 5.239154
-11.51766 -7.334473 30.99105 0.035758 1.073661 3.602512 -0.538764 1.187879 2.729239 0.060667 1.257656 0.745355 3.080809 0.36734 1.438279
-35.51766 -7.334473 30.99105 -4.556639 -0.655885 -1.303213 2.048798 -1.041318 1.750332 -1.495618 -2.527399 -0.887623 0.913646 -0.655702 -0.245638
-37.51766 -7.334473 30.99105 -2.959229 -3.082885 -1.432489 1.696894 0.304554 0.622234 -1.372671 -2.852978 -0.92635 -0.079889 -0.948315 0.91594
-3.517662 -9.334473 30.99105 -0.462535 -1.829869 -0.958013 -0.678159 0.194623 2.405704 -3.396513 -4.026515 1.482459 1.591345 -2.048379 1.596096
-5.517662 -9.334473 30.99105 0.954233 1.562068 -0.553874 -1.816615 1.659543 1.020381 -1.789121 -3.5652 2.285247 2.414124 -3.066983 -0.20497
-7.517662 -9.334473 30.99105 -1.084317 1.090541 -0.131952 1.824885 1.796151 1.790914 -1.425968 0.665439 -2.111984 3.582743 2.123585 2.264176
-11.51766 -9.334473 30.99105 -0.780859 1.411849 1.765463 -0.126411 0.35043 -0.175974 0.790942 1.843044 -0.948712 1.933152 -0.194163 2.442786
-31.51766 -9.334473 30.99105 -5.722209 -3.41519 -4.500574 -0.888732 -1.32596 1.407832 -4.573371 -2.497622 -3.262666 0.522984 -1.152351 4.476012
-33.51766 -9.334473 30.99105 -4.08201 -2.622066 -3.807496 0.693703 -2.93387 1.402155 -3.157287 -3.839051 -2.715622 1.172698 -1.084983 2.492919
-37.51766 -9.334473 30.99105 -4.971065 -3.603488 -3.739869 -1.450295 -0.581589 0.134193 -3.475333 -3.740894 -2.215958 -1.032995 -3.508695 0.614345
-5.517662 -11.33447 30.99105 0.131739 -0.747988 0.398608 -1.055077 0.766213 -1.776942 1.439441 0.592122 1.268591 2.230372 -2.919156 -2.391392
-7.517662 -11.33447 30.99105 0.596735 -0.479654 1.996208 1.252968 2.301317 0.659931 -0.131736 1.151044 -0.531417 2.8363 0.994223 -0.00462
-29.51766 -11.33447 30.99105 -6.419466 -5.145876 -3.55207 -1.036042 -1.579453 -0.133473 -3.332229 -1.615239 -1.189707 -1.2055 0.419447 -0.400526
-31.51766 -11.33447 30.99105 -8.069642 -4.264786 -6.526982 1.430205 -2.305101 2.129192 -4.970534 -1.196226 -3.266463 0.921314 -1.436559 1.996176
-33.51766 -11.33447 30.99105 -5.765578 -2.153425 -3.829327 -0.066476 -3.142367 1.739095 -2.053565 -0.910218 -1.402323 0.923889 -0.969891 0.030562
-9.517662 -13.33447 30.99105 -2.767751 -3.69016 2.637554 0.017169 1.410589 1.005098 0.414515 -0.384984 0.305613 2.64212 2.496516 6.640123
-31.51766 -13.33447 30.99105 -4.161579 -0.75564 -4.327719 -1.782487 -1.071725 -0.154144 -1.832811 1.574283 0.055576 0.819996 -0.121571 0.614689
-33.51766 -13.33447 30.99105 -5.614602 -1.028576 -1.64645 -1.798824 -1.977653 1.727024 -0.780894 3.210062 1.923304 1.325924 1.291589 -1.003176
-35.51766 -13.33447 30.99105 -3.201869 -0.509901 -0.963528 -0.332923 0.032132 2.118088 0.02231 0.84571 1.84596 1.228223 1.478958 -0.784869
-37.51766 -13.33447 30.99105 -2.227989 -3.455745 -2.54535 -1.577492 0.449204 -0.994157 0.407435 0.303137 0.787285 0.65376 0.222875 0.895398
-41.51766 -13.33447 30.99105 -2.963758 -0.762731 -0.907641 0.277745 -1.864392 0.265052 -0.35665 -0.13652 -0.67525 -0.382584 0.658512 -1.057053
-43.51766 -13.33447 30.99105 -2.277944 -1.038357 -1.352174 -1.048282 -0.876358 1.471884 -0.557854 -1.428916 -1.124365 -0.777614 0.793453 -0.688533
-45.51766 -13.33447 30.99105 -1.119033 -0.896728 -2.48059 0.15859 -0.19128 0.663828 -0.98649 0.439228 -1.496184 -1.311289 0.192897 1.170918
-47.51766 -13.33447 30.99105 -2.679144 -1.008494 -4.028048 0.642583 -0.569185 -0.341146 -1.57378 0.056206 -2.338547 -1.128622 -0.896968 1.2042
-19.51766 -15.33447 30.99105 3.192396 0.47128 -1.465434 -0.942422 0.625226 0.567011 2.700685 3.541909 2.483429 0.970394 0.171846 -0.564048
-35.51766 -15.33447 30.99105 -2.310807 -1.054621 -1.911758 0.207782 0.351893 1.929642 0.413627 2.590209 2.832801 2.898591 1.673969 1.493273
-37.51766 -15.33447 30.99105 -4.13135 -2.871073 -2.341339 -1.430952 -0.289418 0.315932 0.499972 1.378145 1.224781 1.370815 1.236047 1.273597
-39.51766 -15.33447 30.99105 -6.845919 -3.397664 -0.773307 -1.340514 -1.002741 -0.364427 1.286204 1.17116 1.26836 -0.510775 1.459376 -1.061274
-7.517662 -17.33447 30.99105 -0.605921 -1.902586 -0.3331 -0.836207 0.505141 3.07095 1.534384 1.859397 1.283122 2.373796 -0.147299 1.288306
-9.517662 -17.33447 30.99105 4.459373 -1.448037 2.27518 -1.085687 0.706019 0.429513 0.474939 0.98814 0.335827 2.015267 2.790946 1.786873
-19.51766 -17.33447 30.99105 1.387856 5.32888 -0.902455 2.079925 0.764582 3.55948 2.822386 5.817504 3.090317 6.246765 -2.411658 4.68776
-21.51766 -17.33447 30.99105 -1.365898 -0.117557 -4.08802 1.58747 -2.553713 3.297486 2.333241 4.575642 1.662814 6.680915 -3.358257 4.692832
-41.51766 -17.33447 30.99105 1.26797 -2.031008 0.019456 -0.620027 0.286381 -1.431655 1.205972 -0.431829 1.912892 2.234803 0.350226 0.297433
-45.51766 -17.33447 30.99105 -0.895823 -2.14059 -3.723905 -1.76081 0.302607 0.254228 -0.766276 -0.446214 -0.261355 1.53453 -0.960522 1.570729
-7.517662 -19.33447 30.99105 -2.124559 -2.097948 0.030136 -4.51585 -0.859277 1.465305 3.0771 -0.379626 1.944197 6.018468 0.978554 2.878621
-41.51766 -19.33447 30.99105 0.801916 -2.296191 -0.702709 -3.359144 -0.753944 -3.267259 0.446479 -2.464396 0.795942 -1.464821 -1.663845 -2.958127
-43.51766 -19.33447 30.99105 -0.731844 -3.229832 -2.655009 -3.001691 -0.709996 -3.165671 0.289085 -3.147935 0.384302 -1.449634 -1.011192 -2.965566
-3.517662 -21.33447 30.99105 -7.55207 0.041946 -7.699803 1.490473 -2.794751 2.309955 2.785194 4.797632 -4.503179 2.192149 -6.555834 -0.639324
-21.51766 -21.33447 30.99105 2.485812 -2.950687 -0.116458 0.107177 1.536257 0.130474 1.331208 1.637826 0.154795 0.522319 1.906789 2.784387
-23.51766 -21.33447 30.99105 3.498453 -3.13378 1.822946 -1.019559 1.185957 1.528823 1.227287 0.995386 1.338249 1.992062 3.711064 5.397183
-25.51766 -21.33447 30.99105 0.681883 1.024316 0.809371 -0.158686 0.019206 0.985865 1.350825 1.999339 2.456679 2.061125 1.928332 1.165728
-31.51766 -21.33447 30.99105 0.761924 -3.187336 -0.211855 -2.55912 -0.069885 -2.355605 -0.51865 -1.316509 0.805175 -1.180624 -3.444 -2.36353
-33.51766 -21.33447 30.99105 2.443478 -5.585454 -2.404103 -3.647121 0.13526 -3.994104 -0.747832 -2.70983 0.648104 -2.753805 -2.126951 -3.18517
-35.51766 -21.33447 30.99105 1.524637 -6.451187 -1.223631 -6.844789 0.333504 -5.676914 -3.449939 -2.887697 -0.028406 -4.209447 -3.723209 -2.341574
-39.51766 -21.33447 30.99105 3.762704 -6.727954 -1.648082 -9.801643 -1.071261 -6.327963 -4.545299 -5.69985 -0.964983 -6.170319 -3.908687 -3.115441
-41.51766 -21.33447 30.99105 2.164831 -2.56528 0.062577 -4.239494 -1.085708 -2.715304 -1.273286 -3.295167 -0.700875 -2.970807 -1.541422 -2.033842
-3.517662 -23.33447 30.99105 -5.994408 3.304565 -3.072021 2.049631 0.368529 0.267352 1.701673 0.542137 -3.040015 -2.761304 -2.090497 1.158852
-5.517662 -23.33447 30.99105 -4.193443 1.192785 -2.757173 3.303404 -1.655521 -1.047697 1.753383 2.679298 -1.640955 0.454119 -1.119943 1.63369
-21.51766 -23.33447 30.99105 0.800697 -3.065987 -0.238725 -2.448501 1.273522 -1.585719 0.397979 0.109218 1.135267 -0.408897 2.015151 0.786032
-23.51766 -23.33447 30.99105 -1.453247 -4.557526 -1.067118 -2.16574 0.243268 -0.429085 -1.784651 -0.573814 0.064729 0.77555 0.93604 -0.371919
-29.51766 -23.33447 30.99105 -2.73539 0.658035 -1.453254 1.646947 0.355452 3.427239 -1.035518 -1.033561 0.778171 -1.06342 -1.437682 -2.696427
-31.51766 -23.33447 30.99105 -2.521962 -3.41046 -1.825252 0.072516 1.282934 -0.964758 -1.080567 -0.479239 1.670242 0.764981 -2.16322 -1.514216
-33.51766 -23.33447 30.99105 1.625037 -9.53568 -2.361391 -5.501451 0.895747 -4.550884 -1.111764 -2.811294 1.581907 -1.349883 0.272778 -2.116585
-35.51766 -23.33447 30.99105 0.555177 -7.493491 -0.014467 -7.704618 0.163069 -5.649508 -3.337967 -4.223502 -0.085143 -3.241754 -0.872865 -3.281819
-37.51766 -23.33447 30.99105 5.627444 -7.161959 0.378666 -8.36207 0.478419 -7.878746 -3.831181 -4.592028 0.092743 -4.17465 -2.89843 -4.542855
-39.51766 -23.33447 30.99105 6.527837 -10.1086 -1.286042 -12.28929 -0.313981 -9.603819 -5.438182 -7.401608 -2.628458 -6.922113 -4.627296 -5.105582
-1.517662 -25.33447 30.99105 -2.449083 3.513481 1.505934 1.632724 2.095247 -1.217531 2.943434 1.48136 0.770221 0.248577 1.836421 3.084012
-3.517662 -25.33447 30.99105 1.039859 3.666967 1.284766 1.703776 2.19645 -2.66873 2.603399 3.21636 0.451367 -1.02566 1.283865 4.086512
-5.517662 -25.33447 30.99105 -1.13035 3.579102 0.268285 5.298283 0.231589 0.476455 3.015388 3.251979 0.808765 0.531805 0.354527 3.67155
-21.51766 -25.33447 30.99105 -0.991646 -0.727687 0.341144 -1.570496 0.933276 -0.598486 1.081424 0.192876 2.27679 0.789286 3.303947 1.563247
-23.51766 -25.33447 30.99105 -3.204296 -1.767983 1.110083 -1.465948 0.397819 -0.188293 0.676429 1.031385 1.120198 0.752296 2.966522 -1.737069
-31.51766 -25.33447 30.99105 -7.09673 -3.554835 -5.396501 -0.419235 0.431195 0.42681 -0.366637 -0.065341 1.778825 2.796783 0.798332 0.142302
-33.51766 -25.33447 30.99105 -2.241887 -10.41532 -5.060751 -6.947988 -0.164476 -2.467206 -2.15573 -0.414219 1.76506 0.832582 0.4192 0.076676
-35.51766 -25.33447 30.99105 1.212557 -11.29052 -0.345802 -10.65439 -0.440916 -6.96155 -3.310856 -5.300042 0.647699 -1.171386 -0.768548 -2.206129
-37.51766 -25.33447 30.99105 6.896644 -5.239243 1.360312 -6.941961 1.296463 -6.640009 -2.94122 -5.474579 0.134314 -0.797282 -0.604888 -1.455195
-39.51766 -25.33447 30.99105 8.622213 -10.88903 0.048483 -13.63089 0.478072 -9.112214 -4.443336 -7.576943 0.087162 -4.319911 -1.235332 -3.692822
-41.51766 -25.33447 30.99105 9.896825 -12.50115 0.601874 -15.1045 -1.662432 -9.644738 -4.796236 -10.90863 -0.283447 -5.631082 -1.484307 -5.234141
-21.51766 -27.33447 30.99105 -1.112191 1.13452 1.378011 3.164074 1.736167 2.840105 3.273033 1.009433 1.740689 0.746749 3.493643 1.127332
-23.51766 -27.33447 30.99105 -3.228349 0.193434 1.866617 1.424282 0.76804 1.817069 3.055873 1.921111 0.952455 0.329658 2.878297 -0.625198
-9.517662 -5.334473 32.99105 1.238639 1.890743 1.578453 -1.967255 1.397705 3.611583 -2.575766 -1.101538 -0.024932 0.798128 -2.561014 1.083835
-11.51766 -5.334473 32.99105 0.418481 3.430892 1.037725 -0.791563 0.503558 1.005701 -2.778197 -0.232153 0.01492 3.031312 -1.52957 1.199129
-9.517662 -7.334473 32.99105 -1.880808 2.078954 -0.277029 -3.397153 0.652065 4.249892 -1.60992 -0.345234 -1.154079 -0.036945 -2.327534 1.743305
-3.517662 -9.334473 32.99105 -5.489901 1.351194 2.799746 2.756059 0.405174 2.312515 -2.627325 -5.375456 0.799244 -1.158785 0.978039 1.180415
-5.517662 -9.334473 32.99105 -0.959161 2.592473 4.649585 -0.268121 0.765669 -1.470131 -3.644718 -5.032765 0.593077 -2.700229 -0.698623 3.109305
-9.517662 -9.334473 32.99105 -2.493604 -0.556268 -1.033495 -2.368966 1.159873 2.101749 -1.856918 -0.269667 -1.183117 -0.577098 0.133223 3.401658
-21.51766 -9.334473 32.99105 -3.823541 0.079028 0.050198 2.388427 2.484955 -2.162289 4.670088 1.125101 -2.2613 0.305491 -0.599583 0.731056
-29.51766 -9.334473 32.99105 -3.611325 0.124819 -2.085378 2.281536 0.004361 3.456354 0.508765 1.555403 -0.889424 0.229121 0.962601 3.110811
-33.51766 -9.334473 32.99105 -1.291045 0.012915 -1.916076 2.233569 -0.539597 1.15081 -1.923178 -1.129185 0.776511 1.669936 1.488276 2.035962
-35.51766 -9.334473 32.99105 -4.488317 -0.653574 -1.95956 1.841482 -1.693838 -0.674159 -1.354991 -1.376623 -0.475251 1.030084 -1.3537 -0.738755
-37.51766 -9.334473 32.99105 -6.892464 -1.976429 -3.730404 -0.342889 -0.911563 -1.064157 -0.997231 -1.422274 -1.862396 0.906944 -3.400361 -0.879844
-39.51766 -9.334473 32.99105 -9.171013 -4.25156 -5.809668 -1.196069 -1.606813 -1.239338 -1.16406 -3.671973 -2.969533 -1.388379 -3.765951 -1.665739
-9.517662 -11.33447 32.99105 -0.982135 -1.381037 -0.53824 -0.929647 0.152311 -0.450832 -2.069902 -0.122003 -0.866193 1.443488 -1.180866 3.465945
-19.51766 -11.33447 32.99105 -3.906697 0.512093 -0.020877 1.066885 0.835581 -2.339768 -1.686914 -0.101628 0.331914 1.388053 -0.52206 1.277006
-21.51766 -11.33447 32.99105 -2.770905 0.145734 0.214613 1.558213 2.155111 -0.993288 -1.103285 -5.670256 -0.401537 -3.952617 1.832783 -2.482101
-23.51766 -11.33447 32.99105 -1.603575 -0.412026 -1.953873 0.312296 2.400226 -0.846689 -0.333219 -5.008758 -1.225132 -4.508304 3.060439 -3.044809
-29.51766 -11.33447 32.99105 -5.109158 -1.291553 -2.594729 0.944302 -0.83529 2.080109 0.1549 1.131577 -1.711347 -0.399819 1.757373 2.154337
-31.51766 -11.33447 32.99105 -7.46692 -2.252276 -5.291472 0.257332 -2.35051 2.512803 -2.586391 1.372711 -3.01625 0.954096 1.496239 5.473162
-35.51766 -11.33447 32.99105 -5.249922 -0.149241 -1.49312 0.807425 -1.592996 1.043454 -0.587691 0.292935 -0.274445 0.325473 -0.072999 -0.027904
-39.51766 -11.33447 32.99105 -7.004566 -1.984394 -4.865021 -1.757999 -2.832891 -1.876264 -1.045825 -1.637501 -2.342852 -0.077023 -3.211999 -0.54179
-41.51766 -11.33447 32.99105 -8.166599 -2.882296 -4.550365 -1.491273 -3.535981 -1.848753 -2.141319 -4.079028 -3.219274 -2.21378 -3.044552 -0.958869
-43.51766 -11.33447 32.99105 -6.687928 -2.667504 -2.02955 1.071587 -2.634385 -1.417761 -0.818623 -3.465778 -1.933222 -3.793478 -1.669358 -2.109307
-3.517662 -13.33447 32.99105 -6.890217 -2.314802 -0.80085 0.719702 1.551468 -0.230605 1.240342 -0.821601 0.875003 2.139274 2.911657 3.38183
-5.517662 -13.33447 32.99105 -3.820368 -4.185723 -2.657558 -3.875504 -0.734222 -0.081334 -0.910015 -0.244558 2.010156 2.433528 -0.625067 2.773848
-7.517662 -13.33447 32.99105 -0.218252 -2.741459 -0.021694 -2.988688 -0.296837 1.234827 -4.789297 -1.706592 -0.380235 2.910958 -2.950129 2.780771
-9.517662 -13.33447 32.99105 -2.171748 -1.472114 1.344779 -0.693524 0.343097 0.966992 -1.084336 -0.721371 -0.715514 3.967515 -1.766954 2.960641
-19.51766 -13.33447 32.99105 -0.725394 0.51299 -0.777841 0.200492 1.425415 -0.240057 -0.45751 -3.505934 1.47808 -0.742384 0.440088 1.502781
-45.51766 -13.33447 32.99105 -3.672216 -0.653885 -1.651327 0.581401 -2.560849 0.236142 0.061547 -0.995691 -1.236033 -1.403196 -0.191571 -0.401326
-5.517662 -15.33447 32.99105 -2.419396 -0.644944 -6.009249 -2.672176 0.153625 3.710588 -0.732135 -0.725172 3.169399 2.576028 2.962209 3.860016
-7.517662 -15.33447 32.99105 0.244589 -1.310931 -2.926386 -3.745832 1.80116 4.41513 -2.582375 -0.751858 1.341071 4.214398 2.40702 3.007759
-19.51766 -15.33447 32.99105 0.90641 -1.015979 -1.05172 -1.791868 2.041361 -0.101294 2.529348 -2.086413 2.120824 -1.675818 -1.316122 -0.532762
-39.51766 -15.33447 32.99105 -4.539961 -4.118915 -3.511178 -2.569074 -2.131323 -1.183352 1.39782 0.617589 1.243204 0.51459 2.638929 0.987523
-41.51766 -15.33447 32.99105 -0.834063 -2.388017 -0.81711 -1.776424 -0.456991 0.110829 2.542934 -0.913794 2.26144 1.845152 1.685645 0.279923
-45.51766 -15.33447 32.99105 -0.74814 -0.151027 -3.58104 -1.302148 -0.540899 0.937218 -0.112721 0.73542 1.470086 0.839018 -0.1767 2.411175
-7.517662 -17.33447 32.99105 4.25794 -2.473371 -3.175431 -3.421449 4.545418 1.026043 2.559154 -1.830495 5.445596 -2.180679 3.397414 -4.335149
-17.51766 -17.33447 32.99105 0.041367 -1.807284 0.9138 -0.24069 1.130727 0.02038 0.24389 -1.999882 0.508518 -1.103331 -0.089177 2.160613
-19.51766 -17.33447 32.99105 1.874769 0.884271 0.857961 -0.898612 1.02378 1.970235 2.209435 -1.189552 2.629472 1.465142 0.582062 3.523566
-21.51766 -17.33447 32.99105 -2.086812 0.194968 0.396401 1.03682 -1.567796 2.384748 3.037296 -1.117941 2.575344 3.279914 1.030588 2.337286
-23.51766 -17.33447 32.99105 -2.592096 1.822557 0.07857 1.677372 0.761647 3.474713 1.670151 -1.288328 1.12588 1.785222 0.47212 1.547208
-25.51766 -17.33447 32.99105 -1.474104 1.045299 1.7084 -1.413397 1.650596 1.779906 0.786669 -0.066556 0.233052 1.169537 1.373312 2.758934
-1.517662 -19.33447 32.99105 3.379596 -2.220022 -1.791113 -5.457592 -0.190326 -2.023781 3.875859 -2.087542 4.067716 1.714673 -0.69828 -1.07724
-19.51766 -19.33447 32.99105 2.022601 -2.316449 1.334559 -2.150558 0.586034 0.289519 0.840154 0.135833 0.329328 0.579054 0.734752 3.677991
-21.51766 -19.33447 32.99105 -0.509051 -4.196767 -0.279776 -0.846938 1.315635 2.208531 2.074439 -0.932154 -0.403596 2.55253 1.003744 4.018219
-23.51766 -19.33447 32.99105 -0.487243 -1.899304 -0.493382 0.181683 2.510773 4.298704 0.286354 -2.896333 0.291889 1.882019 2.440516 3.23774
-25.51766 -19.33447 32.99105 -1.465944 1.317254 0.273739 -0.683224 2.286719 2.147108 -0.444003 -0.011075 0.708984 1.416461 2.531175 2.031495
-39.51766 -19.33447 32.99105 -2.494422 -1.83685 -0.823889 -2.148515 -0.930445 0.514972 -0.560889 -2.635249 -0.119082 -1.095035 -1.867068 0.469683
-41.51766 -19.33447 32.99105 -0.628927 -2.339882 -0.707162 -1.240127 -1.342844 -1.87644 -1.088973 -4.319106 0.324872 -1.58794 -1.991292 -1.515965
-43.51766 -19.33447 32.99105 -0.26565 -6.009583 -2.845967 -4.71862 -2.073689 -5.173378 -1.934525 -5.353578 0.590872 -1.62035 0.451339 -0.573008
-1.517662 -21.33447 32.99105 0.071524 -0.306351 -4.622094 -0.801644 -0.677737 0.401878 3.875364 0.715856 0.245828 3.644042 -0.983219 1.561342
-3.517662 -21.33447 32.99105 -1.241175 2.600722 -5.758735 1.779646 -1.636836 3.185073 3.45149 2.715066 -0.691718 4.56865 -3.11462 0.83068
-21.51766 -21.33447 32.99105 -0.133347 -2.764887 0.82105 1.159237 0.712734 0.822882 0.896713 0.444948 -0.522573 0.587722 -0.535314 5.181631
-23.51766 -21.33447 32.99105 -0.139021 -0.983896 0.388608 2.507666 0.787762 2.813225 0.178316 0.33313 1.86922 1.303606 1.495508 5.659527
-25.51766 -21.33447 32.99105 -0.223761 1.089871 0.56229 -0.364568 1.448682 1.461986 1.731076 0.162226 2.369705 0.349056 3.174315 2.380036
-1.517662 -23.33447 32.99105 2.673838 1.914975 -1.353996 0.557194 1.975318 1.241087 1.782978 1.122426 -0.385132 0.779121 -0.057135 2.834268
-3.517662 -23.33447 32.99105 2.274061 1.558981 -3.139845 2.032579 2.336998 3.557252 1.640513 2.210828 -0.673055 0.737225 -0.524518 2.306417
-5.517662 -23.33447 32.99105 -0.28277 -1.442752 -2.480016 1.262032 0.450633 2.494254 1.405862 1.807432 0.669515 1.58171 -2.173259 1.14931
-19.51766 -23.33447 32.99105 -1.007489 -0.891774 2.196632 -1.002967 0.808961 1.565635 0.985647 0.922682 -1.116167 -1.395945 1.53475 -2.486421
-21.51766 -23.33447 32.99105 -1.74847 -1.762138 2.881225 -0.075439 0.589922 0.209083 -0.642378 -0.126568 -0.254389 -1.132567 0.127668 3.531024
-3.517662 -25.33447 32.99105 5.537611 -2.299689 1.739715 -1.309818 5.62009 1.353391 3.194819 -0.424163 1.903151 -2.182522 2.205164 1.901322
-5.517662 -25.33447 32.99105 -0.464395 -1.700036 0.462357 1.246333 2.977008 1.995706 1.568962 -3.50261 0.7337 -2.824653 0.295268 -0.229559
-19.51766 -25.33447 32.99105 0.511102 0.695072 1.465224 -2.306812 2.225616 1.466363 1.475206 0.161451 -0.097087 -0.399337 4.217159 0.420593
-23.51766 -25.33447 32.99105 -2.672881 -0.984179 2.155674 0.005471 1.080768 2.884997 0.268487 1.330839 1.640663 0.787118 1.069924 2.432413
-33.51766 -25.33447 32.99105 -0.994415 -5.924712 -2.453758 -4.711885 -0.531144 -0.386905 -0.553491 -2.908892 0.915514 -0.149891 0.935397 1.054887
-5.517662 -27.33447 32.99105 -5.052215 -0.880951 -0.018306 2.987672 4.316849 3.60607 2.396968 -4.174283 -0.365853 -3.891214 -0.348294 -2.526177
-7.517662 -27.33447 32.99105 -3.055879 -0.324957 -0.314317 1.316002 1.248301 1.91945 2.151471 -3.230696 0.635796 -0.836529 -0.247034 -1.051972
-5.517662 -29.33447 32.99105 -3.461931 -2.005814 0.339449 1.658402 4.397793 0.883457 1.594945 -3.004393 0.642143 -1.26739 -1.104135 -3.667522
-33.51766 -31.33447 32.99105 0.756747 0.152852 -0.366064 0.551339 0.493472 -0.961303 0.433186 0.083933 0.439188 2.48564 -1.611245 -1.320699
-35.51766 -31.33447 32.99105 0.415999 -1.521218 2.132638 -2.08456 0.742014 -1.312973 -0.188319 -2.732309 0.15394 -0.764821 1.675335 -2.689221
-9.517662 -5.334473 34.99105 0.331444 4.187165 2.490221 3.298365 5.810883 4.474629 0.797427 -1.115772 -0.292418 0.571112 0.735233 1.244129
-11.51766 -5.334473 34.99105 -0.793496 4.369066 2.316747 2.722871 2.258837 2.814183 1.176947 -0.765471 -0.567047 2.596981 1.734801 1.74607
-31.51766 -5.334473 34.99105 -6.748247 -2.801587 -2.325642 -2.559312 -0.086404 -1.464328 -0.084204 -2.064708 0.583584 -0.549064 -0.67286 1.275769
-21.51766 -7.334473 34.99105 -0.719244 5.238235 -2.837537 9.613932 1.463369 2.156707 0.965216 -5.133833 -3.735876 -2.527013 -6.482006 -5.439622
-23.51766 -7.334473 34.99105 -1.167623 1.399365 -0.991984 6.272919 1.437937 2.315619 -1.43393 -3.174286 -1.949217 0.227581 -6.51894 -2.654942
-31.51766 -7.334473 34.99105 -4.899592 0.625496 -1.630935 1.045184 0.008444 0.855146 0.542281 0.00963 1.080948 0.495228 0.05369 1.13686
-41.51766 -7.334473 34.99105 -4.330099 -1.661869 -3.481939 -2.906154 -0.917576 -2.287552 -0.589563 -1.304375 -0.665692 -1.811714 -1.93125 -0.883556
-7.517662 -9.334473 34.99105 2.007891 2.299015 -1.304659 -0.089989 2.105391 0.534823 -0.126042 1.181493 -1.784857 -1.842425 2.258609 4.419936
-9.517662 -9.334473 34.99105 0.758248 -1.734327 -1.118345 -3.825337 3.785235 -0.084644 0.88139 -0.362645 -0.300736 0.616931 0.198115 2.593977
-7.517662 -11.33447 34.99105 -0.005846 -5.230215 -2.642334 -3.901337 -0.442288 -2.100004 -0.566925 0.158102 0.55508 -1.705127 1.217229 2.451758
-9.517662 -11.33447 34.99105 5.201743 -6.331719 -0.786106 -7.704076 1.379431 -2.876061 -0.405092 0.677115 1.087268 -0.074032 1.630467 2.135596
-31.51766 -11.33447 34.99105 0.766231 0.574879 1.406352 -1.173489 0.230224 -0.195948 1.728483 0.60387 -0.037591 -0.507304 3.148633 -0.1332
-33.51766 -11.33447 34.99105 -2.603336 1.370437 -0.605229 -0.91819 -0.721949 0.14926 1.970059 2.330347 1.839104 1.061176 4.951804 1.200371
-3.517662 -13.33447 34.99105 -9.675797 -5.709073 -3.22735 -3.06681 0.895145 2.486106 -0.148648 -1.615502 1.749561 1.675503 2.176175 2.563127
-5.517662 -13.33447 34.99105 -11.21374 -7.482769 -2.533393 -3.397624 -0.279419 2.032324 -1.674226 3.194536 2.021146 0.703739 -0.907968 4.299663
-7.517662 -13.33447 34.99105 -4.075436 -6.331144 -2.354307 -6.114313 -1.245259 1.254798 -5.216904 1.088698 0.586989 0.143307 -1.082798 3.761165
-9.517662 -13.33447 34.99105 5.014547 -3.189942 0.877004 -5.669724 -0.974904 1.058408 -1.472548 -1.233579 1.178778 -0.408611 1.645655 0.367962
-17.51766 -13.33447 34.99105 -4.084247 -2.544868 0.226893 0.229029 1.543215 -0.342501 -0.90919 -3.263765 2.172748 -0.059513 -1.669495 -0.411056
-45.51766 -13.33447 34.99105 -5.375609 -0.629669 -1.979145 0.064461 -2.54915 -1.082738 1.125172 -0.018064 -1.597592 -0.941748 -0.071621 -2.515479
-1.517662 -15.33447 34.99105 -3.062703 0.451473 0.49035 1.52808 0.29976 7.241975 -4.24243 -8.105677 0.36255 2.648063 4.834061 1.543514
-3.517662 -15.33447 34.99105 -3.094294 1.033331 1.723752 1.374666 1.459595 6.78772 -2.794725 -6.079206 2.240891 0.705889 5.677657 -0.217334
-7.517662 -15.33447 34.99105 0.347985 -2.097585 -0.969278 -2.549698 -0.741337 7.218486 -5.522173 -2.782162 1.478593 -0.226998 4.76073 2.956444
-19.51766 -15.33447 34.99105 -4.938478 -5.237237 -3.769806 -1.202996 0.537799 -0.647293 0.236052 -4.064016 -0.901165 -2.656921 -2.679271 0.606268
-33.51766 -15.33447 34.99105 -3.528235 2.025276 0.071263 1.264804 1.185954 1.551128 2.750772 5.92735 3.491887 5.096251 3.752501 2.298382
-35.51766 -15.33447 34.99105 -10.23388 -0.845282 -4.017208 -3.920167 -2.7073 2.408446 3.128122 5.191722 2.416942 6.110902 4.545462 2.496011
-43.51766 -15.33447 34.99105 -0.798508 -1.671135 -2.440605 -2.268649 -0.329527 0.677282 2.673489 1.097538 0.691871 1.807285 1.239689 1.16869
-45.51766 -15.33447 34.99105 -2.883052 -2.040251 -4.330003 -3.451301 -1.32501 -1.197897 1.291773 -0.275398 -0.386665 0.324101 -0.75137 -0.007384
-17.51766 -17.33447 34.99105 -5.072629 -3.238046 -0.344838 -0.297377 0.161585 1.067581 1.003624 -4.552653 -0.628833 -0.858278 -0.490135 1.575278
-25.51766 -17.33447 34.99105 -1.957485 -0.184762 -0.224287 -0.143803 -0.199723 2.901474 0.863222 -1.211577 0.583438 0.672596 1.60659 1.011778
-35.51766 -17.33447 34.99105 -1.900985 0.642281 0.881639 0.110275 -1.570122 1.174431 1.015212 0.736479 2.29628 2.046681 1.847444 -0.318581
-1.517662 -19.33447 34.99105 0.599735 -4.598035 -5.445436 -3.530693 1.394932 -1.369412 1.109596 -3.453703 1.572197 -2.974824 3.649163 -4.08865
-19.51766 -19.33447 34.99105 -2.294741 -1.422544 -0.149701 -1.693762 0.737839 1.617039 0.008886 -1.746363 -0.609266 2.657431 0.054893 3.896114
-25.51766 -19.33447 34.99105 -3.824574 -0.280654 -1.395754 -1.675764 -0.618934 1.399999 -0.508349 -2.419113 -0.600452 -0.162614 1.547631 -0.901845
-39.51766 -19.33447 34.99105 -1.899669 0.847754 -1.575154 -2.209349 -0.940397 0.461357 -0.38331 -1.389845 -1.533928 -0.316498 -1.026293 1.110782
-41.51766 -19.33447 34.99105 -2.076856 0.31944 -2.932203 -0.285252 -1.663108 0.029449 -2.877733 -1.960897 -1.502805 -0.830684 -3.090462 1.397249
-23.51766 -21.33447 34.99105 -2.166873 1.3773 -0.689952 2.551875 0.892556 2.072202 -0.057994 -0.40852 0.186627 1.028194 0.943107 1.954752
-25.51766 -21.33447 34.99105 -0.786709 -0.013942 -0.361216 -1.024829 1.100134 1.06362 1.619318 -1.431159 0.488945 -0.405836 2.147962 1.728409
-31.51766 -21.33447 34.99105 0.936559 1.111899 -0.519883 1.994705 1.241031 0.830731 -1.422165 -2.961397 0.067605 -0.359799 -0.257494 2.11601
-33.51766 -21.33447 34.99105 2.921145 0.281526 2.572958 2.222573 0.911402 0.892708 0.254976 -2.790885 -0.856897 -3.015681 -0.349854 2.35651
-35.51766 -21.33447 34.99105 1.766302 0.051314 0.567291 1.136693 0.604293 -0.339954 -1.350733 -1.894108 -0.772283 -2.653694 -1.587231 2.515363
-37.51766 -21.33447 34.99105 1.969911 0.006604 0.253591 0.462989 1.337119 -1.255537 0.052142 -0.562419 0.744503 -1.466933 1.342877 1.730926
-39.51766 -21.33447 34.99105 1.518094 -0.72975 -0.351554 -2.063507 0.497061 -0.474403 -0.296515 -0.853313 -0.220447 -0.775891 1.245409 1.438469
-5.517662 -23.33447 34.99105 -2.310058 -0.562055 -0.217184 1.725068 2.430202 3.773781 1.66976 1.251624 0.165053 0.411195 0.381971 2.158671
-21.51766 -23.33447 34.99105 -1.189398 1.088265 0.623307 1.815257 1.016002 2.714906 -2.827294 -0.886261 -0.151234 0.236369 0.25894 1.972846
-25.51766 -23.33447 34.99105 0.674569 -1.823588 -0.354116 0.321516 1.3034 1.683472 1.175961 -0.167788 1.222597 -0.129433 2.022038 2.292547
-33.51766 -23.33447 34.99105 -0.357986 0.034288 -0.965096 1.207817 0.050924 0.029659 -0.04595 -2.620813 -0.320172 -1.773664 -0.367259 1.573816
-35.51766 -23.33447 34.99105 -1.677658 -2.564843 -1.336166 0.607482 -0.304584 0.309363 -2.085917 -2.538467 -2.327708 -3.024053 -2.115949 1.260784
-37.51766 -23.33447 34.99105 -0.035328 -1.54675 -0.168034 1.226996 0.462007 -0.592452 -1.262664 -1.918816 -1.393641 -2.363945 -1.071958 0.061915
-39.51766 -23.33447 34.99105 0.298802 -0.792722 -1.485118 -0.355006 0.686619 -0.818501 -2.091431 -2.377626 -0.831945 -1.451764 -0.207865 0.457942
-41.51766 -23.33447 34.99105 0.978292 -1.495575 -1.640142 -2.651429 0.739502 -0.373757 -3.701118 -4.42527 -0.474555 -1.711733 0.235602 0.903167
-39.51766 -25.33447 34.99105 -1.571532 -0.411422 -3.181746 -1.545118 -1.237593 -2.032457 -2.29732 -3.597722 -1.12768 -3.742261 -2.716562 -1.57156
-41.51766 -25.33447 34.99105 2.448786 -2.616565 -3.223983 -4.461229 1.967889 -0.559768 -2.470127 -5.810959 0.836552 -3.733778 1.13883 -1.53713
-13.51766 -29.33447 34.99105 -4.722728 -1.701859 0.31993 0.055017 1.192141 1.289492 0.58821 0.44667 -0.753841 -0.036915 -1.14262 0.160648
-25.51766 -29.33447 34.99105 -1.148001 -0.32856 -1.129861 -0.906085 -0.73385 0.238495 1.20332 0.270677 0.988072 1.122339 -1.164975 0.767613
-25.51766 -31.33447 34.99105 -2.991632 -0.000589 -0.276729 0.47386 -0.531264 1.081515 0.90633 1.370143 0.563814 2.946351 -0.882653 1.791502
-33.51766 -31.33447 34.99105 -1.14576 0.271632 0.676898 0.969051 -1.425338 1.039838 0.322838 2.262523 -0.397701 2.939741 -2.977342 2.107166
-33.51766 -7.334473 36.99105 -1.671675 -0.576009 -3.322477 0.192245 0.032208 -0.451782 1.781214 0.482948 -0.717986 -0.80971 0.702083 -0.678425
-41.51766 -7.334473 36.99105 -3.379802 0.618555 -3.112704 0.141788 -0.858275 1.281105 0.746561 1.134018 0.081811 1.984526 0.333323 -0.390849
-25.51766 -11.33447 36.99105 0.087024 -2.546052 0.999344 -0.468002 2.19283 -2.130784 1.066638 0.402143 1.188899 -0.381628 0.035165 -0.4064
-35.51766 -11.33447 36.99105 -5.632883 0.587299 -6.04789 -0.308515 0.80084 4.022973 4.524312 4.435894 5.331342 4.464319 7.282881 0.06849
-1.517662 -13.33447 36.99105 -6.003428 -9.38614 -5.221871 -4.137535 -1.187508 -2.166476 -4.413424 -4.559225 -0.832133 4.736693 -2.108399 0.996268
-17.51766 -13.33447 36.99105 -2.624923 -3.14807 0.524247 -0.880921 2.71533 0.226502 -0.929376 -3.354944 0.90377 -2.294177 -1.098559 -2.744917
-23.51766 -13.33447 36.99105 -1.157371 -3.148226 -0.05646 -1.0878 0.674487 1.336246 -0.266979 -2.949095 -0.363405 -0.98385 0.832628 -1.727485
-33.51766 -13.33447 36.99105 -3.668581 3.061029 -1.326169 -1.164223 1.119138 2.514985 4.163589 5.378415 6.000654 5.563905 6.155734 3.600219
-43.51766 -13.33447 36.99105 -1.597284 -1.457776 -0.747436 -0.312119 1.555916 0.334034 2.82105 0.303896 2.443276 0.416867 2.167073 -1.12872
-17.51766 -15.33447 36.99105 -4.83059 -5.298989 -1.329088 0.695198 3.366391 0.538996 -1.261288 -6.738669 -0.307384 -3.236667 0.653271 -3.610826
-33.51766 -15.33447 36.99105 -4.643002 3.003885 -0.947668 -0.815972 0.844265 3.56825 3.886539 8.020648 4.579981 7.41025 4.044302 4.266685
-41.51766 -15.33447 36.99105 0.573937 1.378983 -1.688212 0.608424 1.506302 -0.136936 0.781455 1.616098 0.863241 1.474336 1.256304 1.549495
-45.51766 -15.33447 36.99105 -3.109901 -3.998487 -4.171357 -5.046339 -1.947664 -1.838277 2.628528 -0.806007 0.797126 1.176885 0.425313 -1.527082
-15.51766 -17.33447 36.99105 0.899611 -1.046939 1.11219 2.813862 1.630773 -0.026246 1.439727 -2.294166 1.274265 0.7907 2.063167 -1.729107
-25.51766 -17.33447 36.99105 -0.851755 -2.619138 0.227562 0.166873 -0.378917 0.348941 1.999424 -0.835864 1.230953 0.845303 0.707156 -0.186676
-33.51766 -17.33447 36.99105 -1.090567 2.450267 1.568573 1.36604 0.200415 2.359696 2.928593 4.435773 1.122228 2.709486 2.031679 1.469805
-41.51766 -17.33447 36.99105 -1.234586 0.47543 -1.125132 -1.194152 -0.106105 0.023913 -1.53554 0.70648 -0.256574 1.152281 -0.699895 1.828659
-19.51766 -19.33447 36.99105 -1.415167 -1.333184 -1.865924 0.542656 1.874914 3.523319 1.759586 -1.668762 1.10481 2.895705 3.050139 3.107028
-25.51766 -19.33447 36.99105 -3.49528 -3.192071 -0.485362 -1.63673 -0.592128 -0.602786 1.53291 -1.827372 0.556376 0.552159 0.321019 -2.325329
-31.51766 -19.33447 36.99105 -2.234464 2.162594 2.854593 3.148427 -0.29607 1.694289 0.580229 -0.425464 1.085185 -1.03813 0.256868 -0.369416
-39.51766 -19.33447 36.99105 -1.270031 0.718613 -0.115393 -1.128075 -0.797426 -0.562461 -0.77328 -0.773975 -0.633 -0.271321 0.267243 -0.081098
-41.51766 -19.33447 36.99105 -1.214027 1.095958 -0.348092 -1.088799 -0.676596 -0.046132 -1.980267 0.190386 -0.452907 0.107471 -0.776082 1.031228
-21.51766 -21.33447 36.99105 -1.840504 1.964314 0.860459 3.077905 2.101467 1.772644 0.475003 0.833752 0.523888 2.95677 1.671374 2.121206
-23.51766 -21.33447 36.99105 -2.896139 1.111881 0.423495 0.639678 1.683285 1.505682 0.688117 -0.665699 0.081431 1.035422 0.873875 -1.041387
-31.51766 -21.33447 36.99105 1.454555 0.861998 2.756147 2.367368 -0.32472 0.035984 -0.710645 -2.541378 -0.262806 -1.898472 -1.311172 1.519692
-39.51766 -21.33447 36.99105 1.242652 0.524001 1.755569 -0.641026 1.426578 -0.05717 -0.383938 -0.424247 -0.251678 -1.825008 0.804779 0.354336
-21.51766 -23.33447 36.99105 -2.423415 1.392471 0.832856 2.686264 -0.558378 0.918463 -0.484815 -1.030427 -0.318434 0.436451 0.167169 1.90409
-27.51766 -23.33447 36.99105 -3.16822 -0.367857 -0.85999 1.043135 1.289148 1.00107 2.423747 -0.979348 1.880988 1.999839 0.798373 3.642468
-31.51766 -23.33447 36.99105 0.304867 1.416378 2.094424 1.560775 -0.261452 -0.145302 0.031126 0.171381 0.153088 1.2344 -0.421788 1.687911
-33.51766 -23.33447 36.99105 -0.293628 2.502714 1.804878 2.738567 0.694277 0.452308 -0.277846 1.039681 0.212461 -0.075871 -0.73683 1.948261
-1.517662 -25.33447 36.99105 0.046531 -1.200148 1.358295 2.433184 0.911691 2.873251 0.550811 -0.578914 0.404004 1.544679 -1.504445 3.051563
-33.51766 -25.33447 36.99105 -2.671066 0.307898 0.342532 1.283632 -0.490677 0.613604 1.396684 1.970389 1.346106 1.534751 -0.181683 0.586628
-1.517662 -27.33447 36.99105 -1.384107 -1.009423 0.575604 4.220752 0.180696 2.658169 1.115814 -0.769832 0.692773 -0.112333 -1.432673 1.035834
-13.51766 -27.33447 36.99105 -0.715921 -0.637834 -1.095911 1.784065 1.619955 -0.053222 1.68878 -0.407848 0.938638 0.032763 0.62258 -0.512533
-15.51766 -27.33447 36.99105 -0.279039 0.352939 -1.216703 2.66198 0.92029 0.438077 1.416401 -0.308376 0.519458 0.766375 -0.012526 1.518421
-1.517662 -29.33447 36.99105 -4.242733 -0.677028 -0.272369 4.578261 0.435745 1.952448 1.366304 -1.171076 1.154359 -1.307006 -0.120816 0.277872
-23.51766 -5.334473 38.99105 1.252608 -0.874817 0.643869 0.18888 0.172218 3.250426 0.051038 -1.958203 1.688484 1.175909 0.406918 1.177797
-23.51766 -7.334473 38.99105 1.389798 -2.553941 0.566598 -1.306762 -0.35645 -0.509234 -0.712319 -1.652972 2.409907 0.042816 -1.083358 -0.204609
-25.51766 -7.334473 38.99105 1.776668 -2.219666 0.016692 -0.507448 0.228029 0.227763 1.522725 0.45204 2.363682 0.085677 -0.144195 -0.062697
-25.51766 -9.334473 38.99105 0.272148 -4.785677 0.011304 -2.408979 0.286633 -2.157435 0.305951 -1.150592 1.106224 -1.553911 -0.748808 -0.066188
-3.517662 -11.33447 38.99105 -1.093029 2.739951 4.048401 3.673466 -1.657719 0.386046 6.242986 3.610182 -2.735109 2.266492 0.382404 0.225412
-25.51766 -11.33447 38.99105 -2.040455 -3.159416 0.619883 -1.168192 0.558114 -1.255884 -0.313609 -2.319888 1.065194 -0.987576 1.354876 0.860896
-27.51766 -11.33447 38.99105 -2.377693 -3.056087 0.780476 0.279617 0.338197 -0.118882 0.457581 -2.836652 -0.242367 -1.152926 2.797153 1.503234
-35.51766 -11.33447 38.99105 -3.432096 0.336622 -1.395551 2.280385 0.093416 0.86266 0.805221 0.191544 0.637934 3.065987 2.469113 0.335278
-1.517662 -13.33447 38.99105 -3.488795 -2.201313 -2.513824 -0.755059 -1.452069 -1.056317 -0.469348 -2.804751 -1.85858 1.740314 -1.50235 0.991152
-3.517662 -13.33447 38.99105 -2.847662 -3.310453 -2.044007 -1.667791 -1.356903 -1.830066 1.914974 0.81399 -4.153755 0.732105 0.282987 0.23279
-17.51766 -13.33447 38.99105 -2.112051 -0.536891 0.396004 -0.384872 1.267138 1.756379 0.183695 -1.623782 0.804944 -1.000798 -1.415809 -0.95268
-19.51766 -13.33447 38.99105 -2.996081 -3.82338 -0.816784 -0.672525 1.713654 -0.498904 -0.639292 -3.298436 1.127738 1.007467 -1.842321 -0.459498
-23.51766 -13.33447 38.99105 -5.286765 -3.479626 -4.201238 -3.166893 -1.305247 -0.363289 -1.608331 -1.19082 -1.542763 -2.152661 -0.771768 -1.699773
-25.51766 -13.33447 38.99105 -0.797986 -3.682089 -0.5788 -4.627032 -0.343529 -1.385962 0.39569 -2.650158 -0.010464 -0.720493 1.390154 0.344326
-33.51766 -13.33447 38.99105 -0.294997 4.529438 -1.042615 0.289933 1.924748 3.625291 4.098833 2.927128 3.424811 3.775635 5.356362 4.522155
-5.517662 -15.33447 38.99105 0.030542 -4.926844 -2.733136 -4.102461 -0.066113 -2.56857 1.700405 2.940123 -0.724345 1.062417 2.024494 2.225828
-33.51766 -15.33447 38.99105 -0.821073 5.142457 -0.100297 -0.071604 2.875622 5.815925 6.268911 7.218433 5.269307 8.250799 7.72473 7.903461
-5.517662 -17.33447 38.99105 2.175987 0.750959 -2.32752 -1.579933 0.891966 0.316361 0.300185 2.544888 0.328758 2.844029 0.37799 2.224993
-15.51766 -17.33447 38.99105 1.604219 -1.621657 0.090299 3.276524 4.349422 -0.295943 2.919899 -2.838303 1.303762 0.598621 3.00249 -3.255051
-23.51766 -17.33447 38.99105 1.370313 -2.420625 0.444277 2.910341 1.628067 -1.264296 1.812651 -1.104889 -0.185298 -1.401806 1.945917 -0.703921
-35.51766 -17.33447 38.99105 -2.552235 1.483121 -0.489284 -2.106155 -0.53039 3.185021 4.106516 6.84341 2.022807 6.366989 3.823749 3.845208
-29.51766 -19.33447 38.99105 3.57602 0.546009 3.504947 -0.47813 1.154115 -0.201494 -0.570377 -1.161526 1.487332 -0.867498 1.359505 -0.089629
-3.517662 -21.33447 38.99105 -4.956326 -1.977692 -2.11393 -1.590772 -0.113534 -1.827066 -3.008166 -2.415264 -2.161278 0.559842 -1.812313 -0.962282
-5.517662 -21.33447 38.99105 -3.422947 -3.450582 -1.471768 -2.751709 -0.913305 -0.921638 -2.416029 -0.934784 -0.391147 1.381543 -1.509599 0.329702
-21.51766 -21.33447 38.99105 -0.143038 -0.199326 1.023593 1.057208 3.529415 1.82338 2.347408 0.127291 1.799803 2.493688 1.631083 0.970173
-23.51766 -21.33447 38.99105 0.230086 0.314032 1.50844 0.045624 3.750891 1.815842 1.876709 0.25828 1.249549 2.377101 1.381619 0.452472
-29.51766 -21.33447 38.99105 3.733654 -1.803911 1.674111 -2.79449 0.993574 -0.789663 -0.976017 -2.450775 0.091549 -0.942072 -0.496726 0.414684
0.482338 -23.33447 38.99105 -1.273007 -3.665516 -0.79042 -0.332328 1.317333 0.10304 -0.42547 -1.632452 -1.188325 1.467241 0.596116 2.376131
-1.517662 -23.33447 38.99105 -2.617559 -0.193164 -1.333574 1.292413 -0.566525 0.095634 -1.140974 0.055395 -0.024863 3.699436 0.190118 2.27153
-3.517662 -23.33447 38.99105 -4.191961 2.069259 0.912456 2.930417 0.662444 0.561225 -1.061327 -0.315227 -0.031219 2.100662 0.902906 0.799675
-5.517662 -23.33447 38.99105 -2.303219 -1.159223 -0.477173 -1.181354 -0.450477 -0.035701 -0.090507 -1.780074 -0.588984 -0.563527 -0.790284 0.746563
-27.51766 -23.33447 38.99105 -1.231423 0.918986 -0.264443 0.515073 1.799229 -0.206743 2.602808 2.303128 3.017438 3.175095 0.336317 4.413874
-31.51766 -23.33447 38.99105 1.543796 -0.483654 1.750036 -1.913372 -0.47181 0.812198 -1.084618 0.481317 -0.41996 -0.806662 -2.88919 0.147796
-33.51766 -23.33447 38.99105 0.310294 0.862118 2.684715 0.168159 -0.230277 0.930494 0.427098 2.048681 0.103356 0.505036 -2.065236 1.984634
-13.51766 -25.33447 38.99105 -4.103114 1.261424 -1.799581 -0.186133 0.220148 0.78664 0.026709 2.064436 -0.945973 0.490657 -1.091204 0.888096
-15.51766 -25.33447 38.99105 -2.161133 -0.296772 -2.667098 0.156918 1.536396 1.482669 -0.020045 -0.093038 -1.074293 1.788119 -0.255813 1.007821
-17.51766 -25.33447 38.99105 0.561969 -1.404525 -1.584812 0.186912 1.22016 0.966699 -0.716391 1.208107 -0.54638 2.615313 1.435309 2.558841
-11.51766 -27.33447 38.99105 -3.828223 -2.393695 -0.680748 -0.488874 -2.090791 0.196723 -0.00152 -0.818557 -1.82806 -0.470501 0.43406 -0.439174
-21.51766 -27.33447 38.99105 -2.694325 0.229509 0.62769 0.759365 1.230521 1.342721 1.78629 0.169806 -1.207117 1.75922 0.935758 4.312457
-5.517662 -29.33447 38.99105 -5.934299 -4.212808 -3.282561 -1.788059 -0.162841 -0.731804 -2.609514 -2.729132 -3.17047 -1.31795 -0.979971 -2.614423
-15.51766 -29.33447 38.99105 -3.530988 3.185596 -2.733434 0.189603 0.387173 2.666886 1.646861 0.105786 -1.450461 1.711728 -1.383814 0.064262
-17.51766 -29.33447 38.99105 -3.75097 1.924499 -2.276758 0.257734 -0.661149 1.658944 -0.009224 0.964741 -0.06362 2.673001 -1.489207 1.141795
-27.51766 -29.33447 38.99105 -1.759611 1.063721 -1.32568 0.675111 -0.146075 2.475238 0.790724 0.639846 0.540721 1.066149 -0.708871 0.570618
-29.51766 -29.33447 38.99105 -2.132367 3.554156 -1.447328 0.533213 0.329435 0.714709 1.49857 2.545926 0.313615 2.075272 -1.398796 0.524905
-3.517662 -11.33447 40.99105 -2.94195 -0.550412 -2.554234 -0.48338 -0.709535 0.218371 1.929329 -1.050547 -1.676608 -0.645626 2.240646 0.169749
-1.517662 -13.33447 40.99105 -5.786256 -0.65864 -5.603466 -0.430164 0.143928 -0.09188 -2.240216 -0.882304 -2.012926 2.349228 1.48227 3.834597
-3.517662 -13.33447 40.99105 -3.336114 -2.881111 -4.272435 -1.406584 0.179582 -0.701758 -0.666014 -0.872078 -3.299351 0.672006 2.129557 1.593454
-5.517662 -13.33447 40.99105 -0.393148 -1.768481 -0.123994 -2.647108 -0.121687 0.351471 -0.049517 2.860861 -1.153812 2.059386 2.361986 0.152482
-17.51766 -13.33447 40.99105 -1.264466 -0.200148 -0.26341 -1.82657 1.088631 1.008801 -0.900703 -2.349615 0.558655 -1.485323 -1.170418 -1.023738
-19.51766 -13.33447 40.99105 -1.884122 -3.06347 0.204362 -2.074711 1.716831 -1.91208 -2.800961 -6.995995 1.247495 -1.749523 -1.470634 -1.743258
-35.51766 -13.33447 40.99105 1.379942 -0.027057 -0.893169 0.06753 1.667516 2.430636 1.290023 -1.060459 0.800737 1.277302 2.675098 -0.964598
-37.51766 -13.33447 40.99105 -1.049171 -0.354521 -2.378614 -0.097691 0.728275 1.798574 -0.83212 -1.206148 0.15618 1.552275 2.585329 -1.408796
-3.517662 -15.33447 40.99105 -2.624736 -5.212535 -3.666248 -3.325894 2.359194 0.299484 -1.064315 -3.475661 -1.226227 0.241779 1.871468 0.225661
-5.517662 -15.33447 40.99105 -0.280577 -1.538847 -1.383022 -1.02811 1.495803 2.035418 0.378429 0.443839 -0.585638 1.76571 0.031054 0.299862
-15.51766 -15.33447 40.99105 -3.426011 2.326041 -0.595138 1.611875 0.867047 2.984878 -0.01385 -0.942203 0.268715 0.050781 -1.630104 -0.002531
-21.51766 -15.33447 40.99105 -2.884622 -2.952372 -1.128444 -0.873951 2.123832 -0.253957 -0.827472 -1.418805 1.29362 -0.19525 -0.633697 -0.319006
-23.51766 -15.33447 40.99105 -3.765808 -2.037314 -3.580115 -0.294578 -0.192873 0.64143 -0.635688 0.286457 0.042063 -0.991815 -0.466172 -0.386764
-35.51766 -15.33447 40.99105 -2.144616 1.372079 -1.538264 -0.846797 1.681006 3.893987 3.107504 1.184854 1.148694 3.738012 3.155304 2.192736
-37.51766 -15.33447 40.99105 -2.767832 2.062491 -1.058782 1.629604 0.710595 3.370569 -0.050653 -0.393456 -0.879569 3.010097 1.236316 1.308283
-5.517662 -17.33447 40.99105 -0.933784 1.826464 -2.059272 2.529323 2.089261 2.849336 -2.113363 -0.696607 -0.576702 2.760608 -2.238831 0.728552
-7.517662 -17.33447 40.99105 0.977582 1.29484 -0.06522 2.163998 -0.023893 1.442074 -0.097154 1.290371 1.308295 -0.096606 -2.488877 -0.078408
-13.51766 -17.33447 40.99105 -1.179429 -2.369018 0.904328 0.739027 1.536408 1.449116 0.566603 -1.677063 1.036696 -1.864567 1.573612 -1.143841
-15.51766 -17.33447 40.99105 -0.621991 -0.589654 -0.586369 1.379847 1.909104 2.605783 1.832766 -2.356662 0.676973 -0.659601 0.951753 -2.516295
-17.51766 -17.33447 40.99105 -0.631046 0.400317 -1.992833 1.1358 2.748092 1.74528 2.011706 -3.148069 0.867626 -0.941407 2.086737 -1.518498
-21.51766 -17.33447 40.99105 -3.751607 -2.93838 -1.909451 2.671827 1.605094 1.646164 1.631088 -3.335039 1.433974 -1.751459 0.583365 -0.76277
-23.51766 -17.33447 40.99105 -3.028316 1.185901 -1.735206 4.462056 -0.070318 1.901941 1.772243 0.12059 0.291636 -0.353996 0.685174 -0.484986
-29.51766 -19.33447 40.99105 1.461921 -1.380899 2.619283 -1.334261 0.622351 0.272865 -2.780936 -2.664204 -0.506943 -1.240726 -1.963637 1.115184
-3.517662 -21.33447 40.99105 -5.810005 -3.69407 -6.186994 -3.01914 -0.350618 -1.096285 -3.260329 -0.379412 -0.625374 -1.592436 -4.578841 -1.513456
-29.51766 -21.33447 40.99105 3.219639 -0.862008 1.44618 -2.163972 0.64694 0.132129 -0.622607 -1.316336 0.32269 -1.609721 -0.812405 1.877218
0.482338 -23.33447 40.99105 -5.628487 -4.169922 -3.158615 -2.025934 2.598894 0.68627 -0.765819 -6.340456 -0.543746 -2.515025 0.349706 -2.326903
-1.517662 -23.33447 40.99105 -5.153468 -2.460363 -3.022251 -0.55231 -0.15185 -1.144397 -0.829791 -3.387501 0.929495 -1.189478 -0.383048 -3.517329
-3.517662 -23.33447 40.99105 -5.793414 1.381702 -1.346474 0.442141 0.1124 -0.310985 -1.988395 0.106363 -0.263397 -0.227266 -1.137166 -1.765769
-5.517662 -23.33447 40.99105 -1.930918 1.42127 -0.45046 -2.975524 0.384938 -0.628508 -0.460371 -0.797138 0.282342 -0.423913 0.637805 0.575342
-13.51766 -23.33447 40.99105 -3.63436 0.177955 0.048348 1.418247 1.233623 0.23851 -0.418941 -0.648941 -1.208042 0.66707 -0.061489 -1.155787
-15.51766 -23.33447 40.99105 -1.13406 2.199203 -0.191042 4.147882 1.095558 1.965709 1.678351 0.6126 -0.021382 1.419044 1.013913 -1.496531
-17.51766 -23.33447 40.99105 -0.529288 1.624159 -0.599848 1.881773 1.700735 0.144685 3.007293 2.119576 0.24909 1.641415 2.199127 0.109738
-29.51766 -23.33447 40.99105 1.762159 0.091285 -0.171134 -0.592971 1.493021 0.258416 0.400345 -0.375706 0.97278 -0.894558 0.626973 1.926574
-31.51766 -23.33447 40.99105 -0.397077 -0.757917 -0.138517 -2.519581 0.077853 0.135014 -1.84373 -0.689964 -0.917395 -1.796522 -2.691432 -0.422321
-33.51766 -23.33447 40.99105 -1.038563 -1.754662 2.718706 -1.342504 0.095251 1.207678 -0.263356 -0.318506 -0.505558 -0.31284 -1.97437 -0.690243
-9.517662 -25.33447 40.99105 -2.597011 -0.211737 -2.204028 1.38332 -2.312658 -0.480074 -0.148495 -2.17358 0.279234 -0.009471 -1.412767 -0.766281
-11.51766 -25.33447 40.99105 -1.299255 0.54795 -2.172786 2.403442 0.426071 0.835428 0.285319 0.686038 -0.718469 1.619416 0.716224 2.633519
-13.51766 -25.33447 40.99105 -1.29082 0.98549 -0.598264 1.800001 2.502903 0.892909 -0.973011 2.126348 -0.401091 2.066707 0.072086 0.321064
-15.51766 -25.33447 40.99105 -1.77315 -0.112073 -2.292072 1.438375 1.575526 0.270156 0.4191 0.189426 -1.236694 2.293336 0.164634 -1.51839
-25.51766 -25.33447 40.99105 -0.626289 -2.116971 1.573453 -1.433905 1.630698 -0.286076 2.013222 -2.256062 3.560426 1.910074 1.092685 0.708518
-27.51766 -25.33447 40.99105 -1.204322 1.343422 0.705729 -0.254777 1.016633 -0.694328 1.569169 -0.343492 3.328707 1.813393 0.494389 0.601376
-9.517662 -27.33447 40.99105 -4.85788 -2.566167 -2.863138 -1.800917 -0.534202 0.413007 -1.971111 -3.700322 -0.195539 -1.526414 0.593077 -3.63411
-11.51766 -27.33447 40.99105 -3.069927 0.631821 -2.340565 -0.362045 -0.600477 1.298378 -1.707547 -0.955367 -1.412915 0.431311 1.614627 -1.571388
-5.517662 -29.33447 40.99105 -0.177719 -4.127627 -0.881817 -0.7785 -0.929638 -0.580536 -1.350636 -3.200889 -1.788335 -1.100761 -0.880612 -5.255255
-1.517662 -11.33447 42.99105 -1.529368 0.490129 -0.918269 1.147635 1.590534 0.991079 2.287814 1.788295 0.828967 2.490539 2.928715 4.918073
-33.51766 -11.33447 42.99105 3.4012 0.503163 -0.624041 -1.302637 1.74806 1.208202 1.868934 -0.566945 -0.627779 1.119303 -0.42947 0.160938
-25.51766 -13.33447 42.99105 -0.416786 -5.026745 -4.573196 -2.86227 0.410443 0.07456 0.650586 -1.828416 -0.994263 0.880849 -2.289513 -0.598361
-23.51766 -15.33447 42.99105 -3.639286 -1.495798 -3.240409 -0.175961 0.280325 1.313476 -0.159962 -0.881579 -0.369411 -0.51858 0.680555 0.990551
-29.51766 -15.33447 42.99105 0.232093 -0.983429 -0.096364 -2.011688 1.488006 -1.33005 -0.428954 -0.874676 1.568569 0.157887 -0.684215 1.247282
-23.51766 -17.33447 42.99105 -0.807233 2.559775 -0.67596 2.536819 1.380043 2.773259 0.907752 0.210859 1.838971 2.491281 1.128878 1.77746
-27.51766 -17.33447 42.99105 1.666161 -2.551324 0.011702 -0.94456 1.016901 0.136728 -2.54689 -2.929466 -0.261747 -0.541068 0.182718 1.356038
-29.51766 -17.33447 42.99105 1.995154 -3.55917 3.186823 -4.548853 2.814116 0.709986 -1.95939 -2.819429 1.206817 -1.277934 -0.00481 4.047074
-1.517662 -23.33447 42.99105 -6.921268 -0.340883 -4.016501 0.213696 0.982348 1.984751 -0.619437 -5.448518 0.511551 -2.533559 -1.155179 -4.893888
-3.517662 -23.33447 42.99105 -2.420351 1.047487 -1.789015 1.456706 0.075455 0.392627 -1.052547 -0.126834 0.196404 -0.78184 -1.680291 -0.887167
-13.51766 -23.33447 42.99105 -2.259978 1.359066 -1.471687 2.872559 2.470049 0.96703 0.956608 -1.639279 0.365333 -0.798823 0.900077 -1.058771
-15.51766 -23.33447 42.99105 -1.132608 1.19104 -1.507336 3.97731 1.568084 2.271367 1.774282 -0.556989 1.462476 1.584973 1.751064 -0.615181
-29.51766 -23.33447 42.99105 1.251974 2.399026 1.056141 2.932728 1.708439 2.760141 -0.075238 -2.182914 1.498469 1.063294 2.231488 0.892972
-31.51766 -23.33447 42.99105 -0.136721 1.70489 1.121118 0.867283 0.53407 2.234734 -1.266914 -0.582251 -0.431024 2.77611 -0.422951 4.014194
-3.517662 -25.33447 42.99105 -1.435325 -0.570258 0.373431 3.160334 1.615259 0.847221 -0.598391 -0.198054 -0.215411 -0.253171 -0.379963 -1.62212
-9.517662 -25.33447 42.99105 -2.494548 0.1035 -2.672988 2.003174 -1.347326 0.67143 -1.440098 -1.985036 0.14359 -0.386599 -1.268164 0.464758
-11.51766 -25.33447 42.99105 -1.35936 1.42391 -1.469805 1.525648 0.704434 1.050853 0.913159 0.257566 -0.045772 0.671635 0.126776 2.405984
-19.51766 -25.33447 42.99105 -1.285888 2.126734 -1.167613 0.756231 0.449581 1.881338 -0.049554 -2.094927 -0.682685 0.700306 2.688924 0.316244
-27.51766 -25.33447 42.99105 1.438338 0.614878 0.989217 1.659485 0.687931 0.808144 1.025095 -1.059965 3.27862 0.549721 2.832883 -0.024181
-29.51766 -25.33447 42.99105 -0.663344 3.517707 0.611222 4.205055 0.073588 1.797727 -0.993365 0.130683 2.110943 1.996642 1.383017 1.204292
-29.51766 -11.33447 44.99105 -1.005564 0.105224 0.211015 -0.948723 0.052645 0.011488 -0.598597 1.717691 0.587592 -0.305293 -0.867311 -0.566008
-31.51766 -11.33447 44.99105 0.498276 2.239163 0.693343 0.37571 0.893013 0.967509 0.052498 0.890778 -0.216835 2.406084 1.545172 0.198865
-33.51766 -11.33447 44.99105 2.734709 1.915849 1.528462 0.210398 1.416063 1.033807 -0.168658 -1.795882 -0.098974 0.405743 0.844808 -0.269461
-31.51766 -13.33447 44.99105 -0.788715 1.486198 1.754355 0.651344 -0.302164 1.480624 0.099183 -0.303785 0.794225 0.888947 0.795054 0.534148
-29.51766 -15.33447 44.99105 -1.371741 -1.282004 0.022941 -0.639014 -0.242478 -0.125301 -1.183274 -1.34298 -0.657596 -0.789549 -1.874053 -0.805429
-29.51766 -17.33447 44.99105 -0.705149 -1.470325 1.922106 -3.758959 2.084305 0.269204 -0.506646 -2.01534 0.297287 -0.448388 -1.401258 1.529422
-1.517662 -21.33447 44.99105 -3.443799 -4.356826 -7.222187 -0.085892 1.185914 1.666879 1.863325 -3.250342 0.199513 0.726708 1.204405 -1.067449
-3.517662 -21.33447 44.99105 -3.07891 -1.220466 -5.918781 3.608873 -0.971063 0.873609 0.112784 0.079719 -1.033408 1.142149 -0.153333 1.413999
-29.51766 -23.33447 44.99105 3.103504 -2.131258 3.142991 -0.844663 2.830064 1.8341 1.684171 0.673757 3.273214 3.619362 1.33038 -1.687744
-29.51766 -25.33447 44.99105 6.298594 2.344774 6.173093 2.58958 2.950109 2.859371 0.785514 0.489634 3.727175 3.070184 2.762328 0.230206
-29.51766 -13.33447 46.99105 -0.035174 -3.70731 1.808126 -5.493757 -0.059574 -0.909601 -4.378863 -2.805025 0.238116 -1.27289 -1.232907 -2.235611
-3.517662 -21.33447 46.99105 -2.732455 -3.807231 -5.100806 2.231942 1.443167 0.530837 -0.378125 -2.007535 0.502606 2.226833 1.328617 -0.846635
-5.517662 -23.33447 46.99105 -4.556484 -4.757879 -4.848338 -0.345768 -0.334054 0.189203 -1.056988 -0.31873 0.586917 1.393481 0.70002 1.005604
