10.18536 -12.30399 -0.070625 -0.089543 -0.555076 1.69067 0.479524 1.90141 2.066032
8.185356 -12.30399 -0.070625 -0.872836 -3.422049 5.17535 1.015336 1.189359 -0.164095
4.185356 -12.30399 -0.070625 3.070184 3.179645 -0.115025 0.117625 1.865059 1.09166
8.185356 -14.30399 -0.070625 1.186789 0.952972 4.942842 2.248946 2.451427 2.486925
4.185356 -14.30399 -0.070625 2.115889 1.55757 -0.179238 -0.19019 1.756175 0.067959
10.18536 -22.30399 -0.070625 2.405127 2.928308 -1.719456 -1.87569 1.244186 1.095513
8.185356 -22.30399 -0.070625 2.358045 2.903239 0.827364 0.001141 0.912289 1.22905
10.18536 -10.30399 1.929375 1.18789 0.542085 2.617962 1.184443 2.874186 2.957868
8.185356 -10.30399 1.929375 2.078215 1.08741 0.960275 0.053216 1.15072 0.727318
2.185356 -10.30399 1.929375 1.457407 3.340072 -1.196912 -0.42011 -1.05535 0.096733
0.185356 -10.30399 1.929375 -2.168664 -0.697161 -0.424915 -0.284258 -3.082074 -2.492018
8.185356 -12.30399 1.929375 0.211956 -0.6466 2.084096 0.385673 1.269515 -0.147874
4.185356 -12.30399 1.929375 4.50279 6.395503 -0.812084 1.18877 2.438517 4.332037
2.185356 -12.30399 1.929375 2.655129 3.909449 -1.809843 -0.404629 -1.530414 -0.838453
8.185356 -14.30399 1.929375 2.216963 2.033072 3.11048 1.553596 2.72991 1.195073
4.185356 -14.30399 1.929375 1.611976 1.843566 -1.870148 -0.186384 1.276407 1.588367
2.185356 -14.30399 1.929375 0.686884 1.010035 -3.672329 -1.503475 -1.364761 -1.669494
8.185356 -16.30399 1.929375 2.440636 2.339489 2.48387 2.238203 1.420271 0.655697
2.185356 -16.30399 1.929375 0.932715 1.297343 -3.733051 -1.71754 -1.365968 -1.710371
8.185356 -18.30399 1.929375 -0.711388 -0.320633 0.920403 1.748122 -1.05873 -0.708327
8.185356 -20.30399 1.929375 -1.735924 -0.881136 0.822362 0.775362 -1.221793 -0.504104
6.185356 -20.30399 1.929375 -3.207612 -0.345075 -0.808844 1.274134 -2.432666 -1.157223
10.18536 -22.30399 1.929375 -3.217051 -3.520914 -2.925857 -2.224676 -0.066353 -0.407345
8.185356 -22.30399 1.929375 -0.954938 -1.369426 1.106205 -0.430898 -0.31675 -1.157845
6.185356 -22.30399 1.929375 -2.533963 -2.153473 2.073311 1.074859 -2.350663 -3.260342
10.18536 -24.30399 1.929375 -2.607009 -2.602989 -0.426315 0.009449 0.025785 -0.118734
8.185356 -24.30399 1.929375 -0.247282 -1.243399 1.632291 0.716016 1.154452 0.17654
8.185356 -26.30399 1.929375 -3.004783 -3.055037 -1.008042 0.166908 0.183004 -0.905013
10.18536 -10.30399 3.929375 0.386499 0.696657 2.586835 1.408188 -0.74491 -1.233773
8.185356 -10.30399 3.929375 -0.178448 -0.638047 -0.175435 -1.140003 -1.682751 -2.580614
2.185356 -10.30399 3.929375 3.019369 3.174749 1.944398 0.492762 -0.100339 -0.785088
0.185356 -10.30399 3.929375 -0.187293 -1.474084 0.475155 -0.441733 -1.640266 -2.508187
12.18536 -12.30399 3.929375 -0.953851 -2.159155 -0.958897 -1.476525 -2.025517 -4.469275
10.18536 -12.30399 3.929375 -1.10064 -1.436466 2.005129 0.842374 -1.522447 -3.453586
8.185356 -12.30399 3.929375 -0.092028 -0.456744 0.926008 0.593176 -0.393299 -1.902602
2.185356 -12.30399 3.929375 3.447052 4.83136 0.233684 0.553714 -1.096351 -0.470467
0.185356 -12.30399 3.929375 -0.446426 -0.518592 -1.533966 -1.167323 -2.927924 -3.158705
10.18536 -14.30399 3.929375 -1.722608 -0.796742 2.210931 1.74748 0.487195 -0.180279
8.185356 -14.30399 3.929375 2.511733 3.145902 2.443566 2.597691 1.266724 0.285553
2.185356 -14.30399 3.929375 1.352944 2.171112 -1.946299 0.219085 -1.436766 -0.892864
0.185356 -14.30399 3.929375 0.557179 0.399106 0.715624 0.702193 -1.083781 -1.559083
10.18536 -16.30399 3.929375 1.581463 1.501264 2.479322 1.700406 3.946603 4.249183
8.185356 -16.30399 3.929375 3.800083 2.906589 2.908349 2.631745 1.092483 -0.253905
2.185356 -16.30399 3.929375 0.547553 1.526147 -3.037229 -0.395278 -1.130719 -0.690969
0.185356 -16.30399 3.929375 1.562646 1.791967 1.843821 1.461898 0.9726 0.498336
8.185356 -18.30399 3.929375 1.947279 0.775022 1.611889 1.96309 -0.498925 -1.050676
2.185356 -18.30399 3.929375 2.067974 3.626597 -2.616092 -0.514537 -1.493169 -0.722419
0.185356 -18.30399 3.929375 0.832448 1.549424 0.531709 0.627741 0.565249 0.226856
8.185356 -20.30399 3.929375 -0.271085 0.291174 0.933758 1.339232 -0.223847 0.270582
6.185356 -20.30399 3.929375 -0.454833 1.279921 -1.231688 0.848462 -3.032761 -3.022807
2.185356 -20.30399 3.929375 2.508172 2.960336 -0.601099 0.615224 -1.543301 -1.110871
8.185356 -22.30399 3.929375 -2.113385 -1.752928 0.541072 0.109319 0.97164 0.069265
6.185356 -22.30399 3.929375 -1.843696 -1.386283 -0.616307 -0.325716 -1.589138 -2.709212
2.185356 -22.30399 3.929375 0.343978 0.098528 0.567026 1.073927 -1.501711 -1.763563
10.18536 -24.30399 3.929375 1.490564 1.523674 1.639731 1.592299 -0.562027 -0.841348
8.185356 -24.30399 3.929375 -0.267576 0.443625 0.97554 1.176235 0.642711 0.565661
6.185356 -24.30399 3.929375 1.618958 1.53731 0.619901 0.022954 0.110584 -0.223642
10.18536 -26.30399 3.929375 1.360993 2.449368 -0.074145 0.916321 -1.11646 -1.513689
8.185356 -26.30399 3.929375 -2.010086 -0.264091 0.181239 1.118757 -1.402526 -1.000704
6.185356 -26.30399 3.929375 -2.646336 -1.289832 0.448264 0.649895 -2.0438 -1.403551
10.18536 -28.30399 3.929375 -0.176008 0.931654 -1.589158 -0.751567 -2.150328 -2.678979
8.185356 -28.30399 3.929375 -3.04514 -0.881401 0.080306 0.587981 -3.62817 -2.782465
10.18536 -10.30399 5.929375 -2.129333 0.284244 0.469922 1.368988 -0.32347 0.995477
10.18536 -12.30399 5.929375 -2.513464 -1.52789 -0.253312 0.82735 0.255152 0.356428
10.18536 -14.30399 5.929375 -2.921295 -2.015249 -0.390416 0.99337 1.111767 2.063434
0.185356 -14.30399 5.929375 1.924844 1.661082 1.447701 0.642314 -1.134432 -1.530013
10.18536 -16.30399 5.929375 0.784778 0.896971 1.436035 1.304242 2.576982 3.219117
0.185356 -16.30399 5.929375 2.057939 2.285916 2.515551 1.368606 -0.661219 -1.143851
10.18536 -18.30399 5.929375 2.508949 1.671196 3.140937 1.907152 4.047274 3.266407
0.185356 -18.30399 5.929375 1.440798 2.718881 0.553889 0.01002 -2.34919 -2.638898
10.18536 -20.30399 5.929375 1.1337 1.172419 2.957157 2.49764 2.031037 1.948605
8.185356 -20.30399 5.929375 1.330638 -0.387675 3.25716 2.143815 -0.204275 -1.596069
0.185356 -20.30399 5.929375 2.262544 3.541304 -0.336236 -0.465708 -3.870944 -3.873354
8.185356 -22.30399 5.929375 -1.438587 -2.267505 1.859956 1.355953 0.411433 -0.985565
0.185356 -22.30399 5.929375 2.236122 2.81205 0.104849 0.03916 -3.284467 -3.31717
8.185356 -24.30399 5.929375 -0.010929 -0.041041 2.409328 2.439512 -1.04867 -0.453598
2.185356 -24.30399 5.929375 3.903584 5.094894 1.250408 1.72671 -0.307147 -0.004605
8.185356 -26.30399 5.929375 3.7379 3.778498 2.668128 1.930089 0.161238 1.023696
10.18536 -28.30399 5.929375 1.77437 3.645906 -0.86391 0.321143 1.205361 2.451854
8.185356 -28.30399 5.929375 4.013658 4.896025 1.739066 1.155022 -0.052338 0.616234
10.18536 -30.30399 5.929375 2.131431 2.821472 1.837644 0.848693 0.903904 1.587494
8.185356 -30.30399 5.929375 4.396123 6.395538 2.895763 3.101136 1.710989 3.793628
10.18536 -32.30399 5.929375 4.024393 3.54281 3.445364 1.641763 1.447622 1.608587
10.18536 -16.30399 7.929375 -0.134717 1.321119 1.339114 1.723876 0.034263 1.848751
10.18536 -18.30399 7.929375 1.557781 1.725856 3.110521 2.426631 0.898254 0.725122
10.18536 -20.30399 7.929375 -1.020569 -1.885245 2.32828 1.319412 -0.460896 -0.835509
10.18536 -22.30399 7.929375 1.392689 -0.278163 1.914343 0.300758 -0.335197 -1.92153
0.185356 -22.30399 7.929375 6.038733 5.167401 2.909113 0.985685 -1.114472 -1.715697
10.18536 -24.30399 7.929375 3.368528 2.586679 1.530482 0.720491 -1.767854 -2.157719
8.185356 -24.30399 7.929375 3.600987 1.600721 5.390809 3.101004 0.98854 0.083003
0.185356 -24.30399 7.929375 3.822646 1.797924 1.799849 0.315824 -0.545164 -2.742594
8.185356 -26.30399 7.929375 6.975239 5.884668 6.123866 3.973918 3.085096 3.41627
2.185356 -26.30399 7.929375 1.514634 -0.465621 -1.307395 -2.191397 -1.85433 -3.705261
12.18536 -28.30399 7.929375 4.243955 3.404384 1.409868 0.701069 -1.626019 -0.952589
8.185356 -28.30399 7.929375 8.646322 8.544559 9.099334 6.428753 2.909743 3.177462
10.18536 -30.30399 7.929375 3.009594 3.048206 3.543322 2.409613 -0.924162 0.318978
8.185356 -30.30399 7.929375 6.857634 7.861681 8.195693 6.364453 1.166886 2.144396
10.18536 -32.30399 7.929375 3.361843 2.443161 3.65163 1.624 -0.728746 -0.296569
8.185356 -32.30399 7.929375 4.745094 5.467519 6.506341 4.740734 0.425719 1.624333
10.18536 -34.30399 7.929375 2.63355 1.60018 2.60228 1.395096 -0.223111 0.087251
8.185356 -34.30399 7.929375 4.397612 4.609801 5.840463 3.864365 0.906866 1.390075
10.18536 -20.30399 9.929375 -2.146957 -1.568654 -0.022143 -0.02008 -0.898585 -0.905057
8.185356 -20.30399 9.929375 1.998281 2.735436 0.687258 0.637092 0.909507 1.238961
-1.814644 -20.30399 9.929375 -4.926448 -5.290998 -3.01626 -3.016535 -0.433491 -0.985881
10.18536 -22.30399 9.929375 -1.563354 -2.32738 0.585061 0.182616 -0.906749 -2.05621
8.185356 -22.30399 9.929375 3.421635 2.224751 4.043017 2.156546 2.061021 0.905164
-1.814644 -22.30399 9.929375 -1.37282 -2.450071 -2.048061 -2.298938 -1.099557 -2.14394
10.18536 -24.30399 9.929375 0.981239 0.295658 0.538743 -0.16606 -0.692472 -1.841912
8.185356 -24.30399 9.929375 5.410432 3.883331 5.974361 3.410133 4.174566 3.396418
10.18536 -26.30399 9.929375 2.550407 2.491848 1.79483 0.938552 -0.150655 0.019007
8.185356 -26.30399 9.929375 5.899176 5.119646 3.353773 1.657161 3.539086 3.831263
0.185356 -26.30399 9.929375 1.211285 -2.984768 2.267103 -0.959527 -1.464357 -4.28659
12.18536 -28.30399 9.929375 2.040206 2.690008 1.045406 0.90458 -0.34813 0.765034
8.185356 -28.30399 9.929375 4.943976 4.166384 6.130084 3.767362 1.395008 1.16206
2.185356 -28.30399 9.929375 -1.884727 -3.979763 2.833699 0.914812 -4.286004 -6.826296
12.18536 -30.30399 9.929375 2.467383 2.744441 1.79905 1.65642 -2.463557 -2.20817
8.185356 -30.30399 9.929375 3.356066 2.89674 4.695493 2.993396 -0.454002 -0.764934
12.18536 -32.30399 9.929375 1.115292 1.021618 0.825599 1.002093 -2.385751 -2.831205
8.185356 -32.30399 9.929375 1.480662 0.32084 3.399145 1.464213 -0.359523 -0.437292
12.18536 -34.30399 9.929375 -2.186342 -2.334778 0.038333 0.054643 -1.449699 -2.206652
10.18536 -34.30399 9.929375 0.271831 -0.452168 2.517001 1.583338 -1.091353 -0.756397
8.185356 -34.30399 9.929375 0.945256 -0.833155 5.165599 2.075037 1.155231 1.105722
12.18536 -36.30399 9.929375 -2.79828 -3.041706 1.892815 0.889105 -1.127518 -1.999964
10.18536 -36.30399 9.929375 -0.078249 -0.362493 1.951181 1.464378 -0.667112 -0.017423
2.185356 -36.30399 9.929375 0.486624 0.484091 -1.933888 -0.965289 1.058784 0.431203
12.18536 -38.30399 9.929375 -0.436878 -1.056044 2.765936 1.23434 -0.978245 -2.328098
2.185356 -38.30399 9.929375 0.515687 0.441128 0.092252 0.06924 1.583712 0.657176
12.18536 -22.30399 11.92937 -1.753908 -3.089151 2.103576 0.852078 -1.639341 -3.964771
10.18536 -22.30399 11.92937 -0.945011 -0.742447 0.261555 0.49709 -0.884155 -2.39817
8.185356 -22.30399 11.92937 0.35127 0.240197 0.924546 0.535567 1.937995 0.400756
0.185356 -22.30399 11.92937 -5.959567 -6.039253 -3.646085 -3.747961 -3.652094 -4.857611
-1.814644 -22.30399 11.92937 -1.815402 -2.191517 -3.328608 -3.713211 -1.224342 -2.192297
10.18536 -24.30399 11.92937 2.572258 1.926263 1.552894 1.059063 2.006658 0.176484
8.185356 -24.30399 11.92937 3.556704 3.637445 4.008123 2.662578 4.725008 3.602587
2.185356 -24.30399 11.92937 -2.224952 -3.67807 1.485043 0.405481 0.067497 -1.355536
-1.814644 -24.30399 11.92937 -0.017444 -0.58524 -2.134253 -1.84088 -1.669767 -1.734277
10.18536 -26.30399 11.92937 1.768121 0.992901 3.253138 1.831379 1.714292 0.008876
8.185356 -26.30399 11.92937 2.897149 3.257479 4.087405 2.79196 3.34708 3.389565
10.18536 -28.30399 11.92937 -0.58223 -0.204787 4.747107 3.0681 1.296315 0.560884
0.185356 -28.30399 11.92937 -0.449792 -1.166873 1.074389 0.17827 -2.848175 -4.112999
10.18536 -30.30399 11.92937 -3.387775 -1.882354 2.864649 2.737747 0.786069 0.895558
8.185356 -30.30399 11.92937 -2.718245 -2.019855 2.129429 1.423928 -0.995124 -0.335761
2.185356 -30.30399 11.92937 1.638405 0.437716 3.124217 2.052287 -0.491217 -2.370987
8.185356 -32.30399 11.92937 -2.92227 -3.488096 1.47572 0.326823 0.130063 0.25253
4.185356 -32.30399 11.92937 1.904218 0.268609 2.69529 1.461941 -1.362601 -3.50209
2.185356 -32.30399 11.92937 1.135262 0.023478 2.410983 1.710798 -1.118194 -2.748487
10.18536 -34.30399 11.92937 -2.35993 -1.968084 3.270894 2.292516 -0.359614 0.107088
8.185356 -34.30399 11.92937 -3.296346 -4.854136 3.287272 0.822799 1.017054 0.733407
4.185356 -34.30399 11.92937 0.527796 -0.369613 -1.529534 -1.216883 -0.055894 -2.398376
12.18536 -36.30399 11.92937 -1.158214 -0.27081 1.864472 1.008086 -0.584353 -0.51203
10.18536 -36.30399 11.92937 -1.448127 -1.049059 1.971207 0.900744 -0.592588 -0.168739
8.185356 -36.30399 11.92937 -1.703019 -3.207114 4.000607 1.306478 0.994383 0.343834
4.185356 -36.30399 11.92937 -0.954683 -1.442523 -2.84641 -2.037669 1.138793 -0.852053
0.185356 -36.30399 11.92937 0.214914 0.684282 1.242242 1.124112 -1.387964 -1.266111
10.18536 -38.30399 11.92937 0.152096 1.316478 0.213911 -0.057412 -1.137597 -0.682963
8.185356 -38.30399 11.92937 0.487393 -0.338127 1.557211 0.397141 0.740618 -0.273224
4.185356 -38.30399 11.92937 -0.256651 -0.908245 -1.177411 -0.975553 0.558389 -0.987361
2.185356 -38.30399 11.92937 -2.669123 -3.495675 -0.224964 -0.727358 -0.855369 -2.725618
0.185356 -38.30399 11.92937 -0.552127 -0.591746 0.714421 0.754644 -1.449458 -1.502038
-1.814644 -38.30399 11.92937 0.340844 0.944118 -0.358782 0.578108 0.411849 0.970538
2.185356 -40.30399 11.92937 0.063306 -0.540741 2.531408 1.150584 0.70557 -0.014593
0.185356 -40.30399 11.92937 -0.294559 -0.382768 0.894177 0.665137 -0.078158 0.228792
14.18536 -18.30399 13.92937 2.073724 1.851879 -0.450676 -0.659433 1.295086 1.728175
12.18536 -18.30399 13.92937 -0.600268 -0.196274 -1.207391 -0.364034 2.774989 2.239607
14.18536 -20.30399 13.92937 2.56576 2.662265 1.382448 0.823058 2.338764 3.181244
12.18536 -20.30399 13.92937 -2.632535 -1.129156 -3.22392 -1.153257 -0.702102 -1.791983
10.18536 -20.30399 13.92937 -4.504666 -2.462073 -3.538137 -1.041488 -2.295779 -2.854997
8.185356 -20.30399 13.92937 -3.105052 -3.46783 -0.916052 -0.882043 -0.013714 -1.61707
14.18536 -22.30399 13.92937 -2.091719 -1.398606 -0.976547 -0.31193 1.021143 1.091292
4.185356 -22.30399 13.92937 0.024214 -0.913272 2.750867 1.195567 -0.467568 -0.510557
0.185356 -22.30399 13.92937 -4.537285 -4.890819 -0.447421 -1.615769 -2.23598 -3.140629
12.18536 -24.30399 13.92937 -1.346398 -2.918308 -1.316796 -1.466361 -0.336659 -1.756155
10.18536 -24.30399 13.92937 -1.281592 -1.316732 1.400659 1.373221 0.060575 -0.450989
4.185356 -24.30399 13.92937 -0.826835 -0.300796 -0.161391 -0.918329 -1.121326 -0.258423
0.185356 -24.30399 13.92937 -3.804412 -3.173967 -2.631223 -2.024085 -0.833551 -0.005133
-1.814644 -24.30399 13.92937 0.507662 -0.492683 -1.609093 -1.420979 0.01338 -0.194449
10.18536 -26.30399 13.92937 -1.119604 -1.846487 1.033543 1.511876 0.536354 -0.583633
8.185356 -26.30399 13.92937 -2.029387 -1.045794 1.217527 2.012656 0.020189 -0.344822
6.185356 -26.30399 13.92937 -1.311756 -1.06088 -0.175446 0.406271 -1.092516 -1.226348
4.185356 -26.30399 13.92937 -0.466992 0.21585 0.741896 0.863371 -0.028334 0.643678
2.185356 -26.30399 13.92937 -3.660471 -3.327763 -0.344908 0.237819 -2.364682 -1.819528
-1.814644 -26.30399 13.92937 -0.402759 -0.53489 -0.296624 0.460724 0.525377 1.533092
10.18536 -28.30399 13.92937 0.294489 0.024327 4.034358 3.443449 0.757071 0.236523
8.185356 -28.30399 13.92937 -0.44719 0.168103 4.782656 4.510017 1.104309 1.031397
4.185356 -28.30399 13.92937 0.106183 1.376573 0.733223 1.590878 -0.543732 0.878928
-1.814644 -28.30399 13.92937 -0.111276 0.052044 -1.240759 -0.911276 0.603647 0.689215
10.18536 -30.30399 13.92937 0.89411 0.353665 4.35527 3.641798 1.982214 1.828071
0.185356 -30.30399 13.92937 -0.183735 0.878106 -0.696788 0.395417 1.045821 2.662179
10.18536 -32.30399 13.92937 -1.358118 -2.087489 3.344957 3.237515 1.43979 0.718552
8.185356 -32.30399 13.92937 -0.32465 -1.657477 1.201764 -0.022822 2.532843 2.755428
2.185356 -32.30399 13.92937 2.42542 1.48303 3.853282 2.238117 1.339487 1.492856
8.185356 -34.30399 13.92937 -2.928915 -3.754311 0.031033 -0.857652 1.199994 1.025523
2.185356 -34.30399 13.92937 0.116165 -0.618283 1.507815 0.149684 0.283367 -0.665077
10.18536 -36.30399 13.92937 -3.272261 -2.602993 -0.185764 -0.302531 -1.395848 -1.469818
8.185356 -36.30399 13.92937 -3.023217 -2.831644 0.604012 -0.034719 0.044672 0.10633
2.185356 -36.30399 13.92937 -3.013101 -4.2538 -0.509841 -1.377665 -1.344183 -3.330736
10.18536 -38.30399 13.92937 -2.181103 -0.269589 -1.419208 -0.448672 -0.781305 0.123517
8.185356 -38.30399 13.92937 -1.347137 -0.452265 0.453466 0.352322 -0.451471 -0.117166
2.185356 -38.30399 13.92937 -3.428893 -4.091734 -1.514949 -1.953484 -0.338027 -2.078418
2.185356 -40.30399 13.92937 -0.052708 -0.057438 -0.432006 -0.754032 3.066464 2.839482
0.185356 -40.30399 13.92937 1.280076 1.061958 -1.0221 -0.417312 0.748666 0.979134
0.185356 -42.30399 13.92937 1.469221 1.453123 0.106624 0.471758 1.589348 1.682366
-1.814644 -16.30399 15.92937 0.794581 -1.874213 -2.088584 -3.452832 -1.95945 -5.357574
12.18536 -18.30399 15.92937 -3.460162 -3.347584 -5.193669 -2.54145 -1.513273 -1.019693
10.18536 -18.30399 15.92937 -3.234628 -1.497633 -2.792003 -1.072928 -1.36148 0.098445
0.185356 -18.30399 15.92937 1.579503 0.163358 -2.224551 -1.853119 -2.177634 -3.261357
-1.814644 -18.30399 15.92937 1.435032 -1.283539 -1.464815 -1.838819 -0.407162 -3.399632
-3.814644 -18.30399 15.92937 2.375882 0.555822 1.261739 0.408514 -0.337484 -2.243637
16.18536 -20.30399 15.92937 -1.499387 -0.385503 -0.464931 0.180615 -2.648064 -1.657141
14.18536 -20.30399 15.92937 2.538491 3.61175 -1.799896 -0.702854 -0.049795 0.856913
12.18536 -20.30399 15.92937 -3.203252 -1.60773 -6.387581 -3.311943 -3.197673 -2.553379
10.18536 -20.30399 15.92937 -3.801245 -3.032046 -4.13023 -1.932867 -2.714469 -2.015376
8.185356 -20.30399 15.92937 -2.026335 -1.973981 0.690271 0.518215 -1.442662 -1.020346
4.185356 -20.30399 15.92937 1.346948 -2.062702 0.597899 -0.621043 -1.231649 -3.333552
2.185356 -20.30399 15.92937 1.149975 0.346544 -0.199906 -0.249493 -1.912602 -2.146084
14.18536 -22.30399 15.92937 2.456335 2.680249 0.578486 0.415094 0.556384 0.595924
12.18536 -22.30399 15.92937 -1.035593 -0.606747 -3.179891 -1.800012 -3.279916 -3.661902
10.18536 -22.30399 15.92937 -2.936139 -3.414932 -3.416879 -2.28536 -1.537857 -2.06202
8.185356 -22.30399 15.92937 -1.798785 -2.606074 0.492327 -0.440069 -1.089172 -1.466853
4.185356 -22.30399 15.92937 1.824627 0.958265 0.768997 -0.220378 -0.46382 -1.777596
14.18536 -24.30399 15.92937 1.688817 1.727683 -0.598041 -0.421813 0.072189 -0.762857
4.185356 -24.30399 15.92937 1.148626 2.475734 -0.783381 -0.931701 -1.971334 -2.022547
-1.814644 -24.30399 15.92937 -0.730478 -2.064161 -0.82431 -1.500595 -2.016701 -3.906666
12.18536 -26.30399 15.92937 4.501719 3.727281 -0.584095 -1.228368 -0.230446 -0.573564
10.18536 -26.30399 15.92937 1.86751 3.018323 -3.225847 -1.095825 -0.771813 -1.094251
4.185356 -26.30399 15.92937 -0.927356 -1.341559 -1.66022 -1.364114 -1.446813 -2.552274
2.185356 -26.30399 15.92937 -1.443166 -2.450233 -1.226945 -1.22265 -3.667391 -3.925616
0.185356 -26.30399 15.92937 0.382945 -2.348444 -0.982829 -1.282027 -3.469675 -4.48158
-1.814644 -26.30399 15.92937 -0.08946 -1.997576 -0.892168 -1.159895 -2.683159 -4.161333
-3.814644 -26.30399 15.92937 0.569106 0.919237 -0.624617 0.094723 -1.152303 -1.151114
10.18536 -28.30399 15.92937 6.194286 7.082543 0.863877 1.836339 1.089076 1.793472
8.185356 -28.30399 15.92937 4.587732 4.587236 -0.816492 0.354209 0.909619 0.331535
4.185356 -28.30399 15.92937 0.490681 -0.431818 -0.09536 -0.414487 -0.216732 -0.886098
2.185356 -28.30399 15.92937 0.561803 -1.67309 -0.471457 -0.805146 -1.711829 -2.684211
0.185356 -28.30399 15.92937 0.076291 -1.491031 1.232351 0.784939 -2.333545 -2.17828
-1.814644 -28.30399 15.92937 0.574761 -0.045259 0.55157 0.088074 -1.228135 -1.727993
-3.814644 -28.30399 15.92937 4.109037 4.345787 -0.576897 0.625964 -0.700791 -0.082731
10.18536 -30.30399 15.92937 7.773854 5.507272 5.008193 2.912644 3.380892 3.528892
8.185356 -30.30399 15.92937 4.273448 3.064605 2.306015 0.239862 2.766515 2.99341
2.185356 -30.30399 15.92937 2.544905 0.177894 2.901788 0.903649 0.897996 0.857809
-1.814644 -30.30399 15.92937 -1.376651 -0.45623 -0.443914 -0.802106 -0.871279 -1.126572
10.18536 -32.30399 15.92937 4.315572 1.597016 4.208645 1.621969 3.969018 3.843302
8.185356 -32.30399 15.92937 2.692403 0.567148 0.499506 -1.575634 2.192328 1.679677
0.185356 -32.30399 15.92937 1.919393 2.735452 0.047579 0.328823 1.737043 2.206562
-1.814644 -32.30399 15.92937 -0.375257 0.620849 -1.128173 -0.466051 -0.086753 -0.325259
8.185356 -34.30399 15.92937 -0.317086 -1.068 -1.690609 -2.142098 1.038538 0.344742
0.185356 -34.30399 15.92937 0.995324 0.360663 1.116586 0.083304 0.534856 -1.306084
12.18536 -36.30399 15.92937 -1.617173 -1.665043 -0.72848 -0.660593 -0.011164 -0.311839
10.18536 -36.30399 15.92937 -0.162492 0.110418 0.435962 0.43331 0.251983 0.338897
8.185356 -36.30399 15.92937 0.203957 0.241181 -0.113007 -0.052597 1.22329 1.36587
4.185356 -36.30399 15.92937 -2.725718 -2.630484 -0.984817 -1.309114 -0.086362 -0.858836
2.185356 -36.30399 15.92937 -2.341102 -3.487586 -0.388788 -1.816565 -1.924099 -3.18723
10.18536 -38.30399 15.92937 0.231271 1.452311 -0.385675 0.916519 1.699257 2.724651
8.185356 -38.30399 15.92937 0.410453 0.898523 1.050181 1.275573 1.053586 1.725303
4.185356 -38.30399 15.92937 -1.160826 -1.589227 -0.9845 -1.99741 -1.070791 -2.367666
2.185356 -38.30399 15.92937 -2.515462 -3.306545 -0.680178 -2.280698 -0.603281 -1.653685
2.185356 -40.30399 15.92937 0.571392 0.036021 0.598234 -0.68585 0.571513 -0.534304
0.185356 -40.30399 15.92937 2.048696 0.653124 2.094032 0.971158 -1.270437 -2.227848
0.185356 -42.30399 15.92937 2.625858 1.156961 2.347799 1.339979 0.022864 -1.229264
14.18536 -16.30399 17.92937 -3.703228 -4.895897 -4.098413 -3.511741 -4.297353 -5.472987
-3.814644 -16.30399 17.92937 0.488155 0.12052 -2.548427 -1.51465 -2.004384 -3.111335
14.18536 -18.30399 17.92937 -4.02954 -3.698691 -7.333076 -5.158447 -4.041736 -5.681864
12.18536 -18.30399 17.92937 -4.572667 -4.446605 -4.991999 -2.296202 -2.447602 -2.275108
2.185356 -18.30399 17.92937 12.03378 12.77974 7.157823 5.635286 4.585934 6.720345
0.185356 -18.30399 17.92937 2.977999 2.096865 -0.664249 -0.487994 -1.411424 -2.004295
-1.814644 -18.30399 17.92937 2.030791 0.382516 -1.124862 -1.496656 -0.271929 -2.179855
-3.814644 -18.30399 17.92937 -0.342071 -1.235148 -1.41746 -1.485572 -1.200486 -2.796532
10.18536 -20.30399 17.92937 -1.196516 -0.690055 -0.292749 0.496894 0.437632 1.42357
8.185356 -20.30399 17.92937 -0.919692 -1.561934 2.748584 1.698799 3.178946 3.140755
4.185356 -20.30399 17.92937 -2.869337 -7.706229 0.338962 -0.784813 0.164995 -2.373215
2.185356 -20.30399 17.92937 1.241865 2.300925 -0.277376 1.001862 -0.891058 0.32919
0.185356 -20.30399 17.92937 -0.005407 1.593066 -1.985637 0.026301 -1.915319 -1.067788
16.18536 -22.30399 17.92937 0.168417 0.042049 0.201067 -0.553745 -1.163995 -1.017893
14.18536 -22.30399 17.92937 0.540449 0.839966 -0.127285 -0.584764 -2.890709 -2.698688
12.18536 -22.30399 17.92937 -0.065814 0.521581 -1.573313 -0.463792 -1.852926 -0.642633
8.185356 -22.30399 17.92937 0.718862 -1.162844 2.987731 0.879738 3.609588 2.224555
4.185356 -22.30399 17.92937 0.056084 -1.775952 1.215974 -0.524771 1.615506 -0.414688
14.18536 -24.30399 17.92937 0.204166 -1.076936 -0.313517 -1.419063 -2.987958 -4.565379
10.18536 -24.30399 17.92937 -5.854373 -5.11946 -3.367081 -1.838325 -0.869234 -1.314292
8.185356 -24.30399 17.92937 -2.125262 -1.693276 -2.08095 -1.418186 0.178917 -0.213486
4.185356 -24.30399 17.92937 3.658788 3.953825 1.010194 -0.513792 -1.083903 -1.469382
2.185356 -24.30399 17.92937 -0.105436 0.125944 -0.268851 -1.558448 -1.390733 -1.193689
0.185356 -24.30399 17.92937 -1.92791 -2.092142 -1.206186 -1.071088 -2.683937 -4.216653
14.18536 -26.30399 17.92937 -0.792083 -1.660848 -1.535783 -1.759064 -2.065544 -3.478234
12.18536 -26.30399 17.92937 -0.078661 -0.065802 -1.752012 -1.885675 -2.466744 -2.648871
2.185356 -26.30399 17.92937 0.951685 -0.742151 -0.436349 -1.645445 -3.402514 -5.713785
0.185356 -26.30399 17.92937 0.969855 -1.090011 -2.008694 -2.208435 -4.309929 -7.283331
12.18536 -28.30399 17.92937 2.182646 2.246622 1.158956 0.247579 -0.9691 -0.7778
10.18536 -28.30399 17.92937 2.554199 2.848838 2.299896 1.888838 0.909851 1.270842
4.185356 -28.30399 17.92937 2.862311 0.037653 0.365587 -1.588458 0.485283 -1.616803
-1.814644 -28.30399 17.92937 2.619951 2.148886 -0.06033 -0.427684 -1.801752 -2.250101
-3.814644 -28.30399 17.92937 6.427065 5.486347 1.983988 1.525218 -0.633512 -0.341542
10.18536 -30.30399 17.92937 4.593428 1.377555 7.620228 4.033752 0.916438 -0.179539
8.185356 -30.30399 17.92937 3.408336 1.154395 6.549255 3.136403 -1.094441 -1.134834
4.185356 -30.30399 17.92937 4.271729 1.942922 2.977373 0.102733 2.104972 0.887477
2.185356 -30.30399 17.92937 3.495012 1.366521 2.228456 -0.050838 1.03516 0.346147
0.185356 -30.30399 17.92937 -1.136549 0.600503 -2.360317 -0.71244 -1.826954 -1.516004
-1.814644 -30.30399 17.92937 -0.74908 0.545008 -1.546154 -0.670685 -1.689295 -1.137396
-3.814644 -30.30399 17.92937 -0.010057 1.166096 -1.677222 0.08222 -0.322621 1.11914
8.185356 -32.30399 17.92937 3.842771 0.060488 7.236509 3.259455 -1.937301 -2.958853
0.185356 -32.30399 17.92937 -0.831748 0.192881 -2.139321 -1.458451 -0.274487 -0.364771
-1.814644 -32.30399 17.92937 -1.6762 -1.325556 -0.693302 -0.787768 -0.874248 -1.033244
12.18536 -34.30399 17.92937 0.023869 0.30185 -0.718744 -0.465389 0.9714 1.751023
8.185356 -34.30399 17.92937 1.906129 0.234442 3.102228 1.282434 -0.035631 -0.215429
2.185356 -34.30399 17.92937 1.357597 0.325809 -0.012581 -1.514415 -0.84536 -1.883872
0.185356 -34.30399 17.92937 -1.075819 -1.135733 0.311765 -0.612667 0.26041 -0.847595
10.18536 -36.30399 17.92937 -2.133859 -1.828766 -1.011593 -0.888908 0.733743 0.980565
8.185356 -36.30399 17.92937 2.678165 1.632349 2.093174 1.248309 1.173694 1.477838
4.185356 -36.30399 17.92937 -0.847984 -0.779193 0.491477 -0.272025 -1.145804 -1.672349
2.185356 -36.30399 17.92937 -1.314859 -2.527787 -0.199139 -1.211926 -1.679432 -2.25253
0.185356 -36.30399 17.92937 -3.248148 -3.809839 1.579957 0.006437 -0.508081 -1.369981
12.18536 -38.30399 17.92937 1.147347 0.479842 -0.158336 -0.742788 1.954445 1.439917
10.18536 -38.30399 17.92937 -0.615826 -0.232379 -1.318978 -0.95728 1.877076 1.890849
8.185356 -38.30399 17.92937 1.999747 1.160185 0.89437 0.688951 1.012069 0.880301
4.185356 -38.30399 17.92937 -0.317827 0.134942 -0.698933 -0.986491 -1.66057 -2.144219
2.185356 -38.30399 17.92937 -1.433111 -1.666518 0.324387 -0.387146 -1.595167 -1.81958
0.185356 -38.30399 17.92937 -2.924369 -2.859333 1.007871 0.584584 -1.675937 -1.027416
16.18536 -40.30399 17.92937 0.374733 -0.015143 1.401262 0.958424 0.565724 0.357481
14.18536 -40.30399 17.92937 3.794631 3.032268 2.011268 0.911939 1.667656 1.108316
12.18536 -40.30399 17.92937 0.993209 0.466782 0.243448 -0.555913 0.841153 0.466455
10.18536 -40.30399 17.92937 -0.868536 -1.549495 -0.719824 -0.666279 0.802354 0.352596
8.185356 -40.30399 17.92937 0.182667 -1.635876 -0.138045 -0.327886 0.537519 -0.577076
0.185356 -40.30399 17.92937 1.634747 1.037981 2.130269 1.914558 -1.607613 -1.30406
14.18536 -16.30399 19.92937 -1.949363 -2.133513 -2.636398 -2.083437 -2.502617 -3.417559
-5.814644 -16.30399 19.92937 -3.703582 -3.227767 -4.467669 -3.210798 -0.829698 -1.229039
14.18536 -18.30399 19.92937 -1.027833 -1.493783 -2.526423 -2.064894 -2.046574 -3.656411
2.185356 -18.30399 19.92937 0.31212 -0.116904 2.596664 1.465006 1.829205 2.58643
0.185356 -18.30399 19.92937 0.002457 -1.183146 -1.546832 -1.031554 -2.422022 -3.266392
-1.814644 -18.30399 19.92937 -1.298746 -2.648741 -1.057278 -0.768111 -1.172619 -3.134262
-3.814644 -18.30399 19.92937 -4.014903 -4.792904 -3.031844 -2.693095 -0.864792 -2.891575
-5.814644 -18.30399 19.92937 -0.964142 -2.200422 -2.25336 -2.691215 -0.773263 -2.607687
12.18536 -20.30399 19.92937 0.787264 0.611896 -0.668987 -0.487709 -0.725289 0.515973
10.18536 -20.30399 19.92937 0.990335 1.040986 0.388719 0.045195 -0.091561 0.482427
2.185356 -20.30399 19.92937 -3.380312 -3.549452 -1.704553 -1.178798 -1.960231 -1.556342
14.18536 -22.30399 19.92937 -2.087831 -2.289223 1.356098 0.784896 -3.072725 -3.026718
10.18536 -22.30399 19.92937 -1.33599 -1.515049 -1.202792 -0.977003 -3.48635 -3.629537
8.185356 -22.30399 19.92937 3.38914 1.986843 1.327409 0.841405 0.22327 -0.729239
4.185356 -22.30399 19.92937 2.511841 -0.495986 3.106163 0.731756 -0.223219 -2.29328
2.185356 -22.30399 19.92937 -1.856988 -2.5609 0.002723 -0.95706 -1.278072 -1.145209
0.185356 -22.30399 19.92937 -2.375443 -3.325398 -1.336178 -1.458209 -0.476346 -0.972729
-1.814644 -22.30399 19.92937 -2.433486 -2.086994 -2.034643 -0.778091 -0.011662 0.850421
-3.814644 -22.30399 19.92937 -0.19342 -0.53501 -1.097264 -0.542261 -0.052547 0.40674
14.18536 -24.30399 19.92937 -0.0164 -0.878554 0.013014 -0.350511 -2.616664 -4.11802
12.18536 -24.30399 19.92937 -3.289764 -2.140439 -2.026335 -0.318967 -3.120364 -3.051351
10.18536 -24.30399 19.92937 -6.474639 -5.924066 -1.737537 -0.89494 -4.101795 -4.856087
8.185356 -24.30399 19.92937 -0.356436 -1.524143 -0.537206 -0.275448 -1.522988 -2.641452
4.185356 -24.30399 19.92937 3.802858 3.431648 1.495775 0.259684 -2.239364 -3.457972
2.185356 -24.30399 19.92937 0.526767 0.50467 1.604278 -0.859133 -2.999977 -3.044969
0.185356 -24.30399 19.92937 -1.464128 -1.991162 0.177672 -1.579334 -1.775834 -2.718286
-1.814644 -24.30399 19.92937 1.48953 1.563283 -0.8939 -1.281448 -1.236045 -1.583732
-3.814644 -24.30399 19.92937 1.109372 -0.799505 0.555269 -0.681064 -1.429283 -2.853018
14.18536 -26.30399 19.92937 -1.319816 -3.201509 -0.789519 -0.74844 0.390594 -1.124167
10.18536 -26.30399 19.92937 -2.366933 -1.808714 -0.637421 -0.060328 -0.898836 -1.197847
8.185356 -26.30399 19.92937 -2.793994 -2.384651 -2.477347 -1.175579 1.207372 1.179368
2.185356 -26.30399 19.92937 -2.467034 -2.698484 -1.23081 -1.820435 -4.95178 -6.659554
0.185356 -26.30399 19.92937 -0.332581 -0.794903 0.274969 -0.690714 -3.489969 -4.523734
12.18536 -28.30399 19.92937 0.233251 -0.265516 0.825607 0.475449 0.219372 -0.160342
4.185356 -28.30399 19.92937 -1.18052 -2.760326 -2.588111 -2.968037 -0.905637 -2.50746
12.18536 -30.30399 19.92937 3.621809 3.212321 1.582952 1.26564 0.511069 -0.224548
10.18536 -30.30399 19.92937 3.903198 3.245848 4.410785 2.485112 1.658673 1.597044
8.185356 -30.30399 19.92937 4.112302 3.53406 5.564365 3.718464 1.848245 3.240651
4.185356 -30.30399 19.92937 2.487289 1.426642 -0.493276 -1.618086 0.076895 -0.570546
2.185356 -30.30399 19.92937 -0.570973 -0.971648 -1.916793 -1.834416 0.587319 0.688628
0.185356 -30.30399 19.92937 0.589467 1.814721 -1.701444 -0.376642 0.318588 0.81442
-1.814644 -30.30399 19.92937 1.355393 2.183776 1.035027 1.084661 0.379895 1.354204
10.18536 -32.30399 19.92937 1.597892 0.340066 4.80463 2.781013 0.737316 1.336661
8.185356 -32.30399 19.92937 2.898965 1.992897 5.304807 3.542857 -0.577687 -0.103111
2.185356 -32.30399 19.92937 1.986604 1.626204 -1.775468 -1.892702 1.447789 1.242862
0.185356 -32.30399 19.92937 0.361229 1.009519 -2.629497 -1.989493 0.543467 0.719822
-1.814644 -32.30399 19.92937 1.145613 1.282474 3.119601 1.661648 0.243622 0.501842
8.185356 -34.30399 19.92937 2.833517 3.817703 2.503682 2.702391 0.523334 1.787654
4.185356 -34.30399 19.92937 1.625301 1.31227 -1.542157 -2.059705 -2.381933 -3.969471
2.185356 -34.30399 19.92937 0.387496 0.76814 -3.844513 -2.650261 -1.135385 -1.891249
12.18536 -36.30399 19.92937 1.01488 2.45709 -1.164061 0.318595 0.719709 1.241864
8.185356 -36.30399 19.92937 3.633976 4.213889 0.79724 1.48737 -0.097232 0.2705
4.185356 -36.30399 19.92937 -1.71853 -2.071346 -2.172593 -2.186573 -3.370792 -4.776671
2.185356 -36.30399 19.92937 -2.33894 -2.249841 -3.493633 -1.773582 -3.034218 -3.673257
0.185356 -36.30399 19.92937 -1.114711 -0.721226 -0.196831 0.261858 0.683324 0.856803
-1.814644 -36.30399 19.92937 -2.87897 -2.361913 -0.148561 -0.268563 0.906054 0.918207
16.18536 -38.30399 19.92937 0.730101 0.630736 -1.164075 0.02725 1.789714 2.048081
14.18536 -38.30399 19.92937 3.799709 1.99513 -1.382131 -1.454652 0.045604 -1.301729
12.18536 -38.30399 19.92937 2.610478 2.278422 -1.745045 -1.021962 0.571643 -0.455069
8.185356 -38.30399 19.92937 1.774384 2.028582 -2.077924 -1.150182 0.058656 -0.417635
4.185356 -38.30399 19.92937 -0.553218 -0.609056 0.259484 -0.359567 -3.251919 -4.306669
2.185356 -38.30399 19.92937 -1.282626 -1.15669 -1.123027 -0.676751 -3.815372 -4.343183
18.18536 -40.30399 19.92937 1.29824 1.06805 0.203978 0.002093 0.940357 0.119412
16.18536 -40.30399 19.92937 1.589543 1.601408 0.627424 0.362348 1.053094 1.122019
14.18536 -40.30399 19.92937 2.387933 1.73646 0.810953 0.024713 0.845621 0.541241
12.18536 -40.30399 19.92937 0.28732 0.013836 -1.247349 -0.824868 -0.198506 -0.127222
10.18536 -40.30399 19.92937 -0.420776 -0.021402 -1.732485 -0.67255 -0.168837 0.772223
8.185356 -40.30399 19.92937 0.088507 -0.141299 -0.505884 -0.377156 0.89991 1.108107
14.18536 -42.30399 19.92937 0.956415 0.2381 -0.276359 -1.1168 -1.075256 -1.649761
12.18536 -42.30399 19.92937 -1.241728 -1.369704 -2.043674 -2.08356 -1.447642 -1.891777
10.18536 -42.30399 19.92937 -0.271023 -0.377068 -1.932322 -1.936928 -0.384373 -0.058567
14.18536 -16.30399 21.92937 1.663523 -0.084774 1.252166 0.177807 -3.189689 -4.604684
0.185356 -16.30399 21.92937 1.427469 0.903307 0.263714 0.890369 -1.034094 -1.540199
-5.814644 -16.30399 21.92937 0.116481 0.046643 -2.607694 -2.08853 0.130149 1.143681
14.18536 -18.30399 21.92937 1.419406 -1.008982 1.509312 0.046935 -1.258152 -3.631565
2.185356 -18.30399 21.92937 -1.337711 -2.96892 2.126885 1.13832 -1.266328 -2.23702
0.185356 -18.30399 21.92937 0.316701 -1.715714 1.124808 0.250454 -3.102022 -4.439899
-1.814644 -18.30399 21.92937 -0.639673 -1.32598 0.778021 0.42426 -0.956243 -1.803782
-3.814644 -18.30399 21.92937 -0.936764 -0.872478 -1.159537 -0.528 0.297052 -0.186843
-5.814644 -18.30399 21.92937 1.16494 -0.04192 -1.053821 -1.650733 0.631221 -0.119742
14.18536 -20.30399 21.92937 -0.563804 -2.573957 3.066297 1.962675 -0.129935 -1.764758
12.18536 -20.30399 21.92937 1.401531 -0.314465 3.146593 1.561546 0.785075 0.248716
2.185356 -20.30399 21.92937 -3.742224 -4.808061 1.117762 1.026615 -2.291372 -2.961858
10.18536 -22.30399 21.92937 1.174959 -1.013995 0.694369 0.365421 -0.118059 -0.792197
8.185356 -22.30399 21.92937 3.449051 1.108348 1.067079 0.577105 -0.310782 -1.073726
2.185356 -22.30399 21.92937 -3.146137 -3.275541 0.902992 0.938343 -1.346594 -1.869195
0.185356 -22.30399 21.92937 -0.977506 -1.129401 -1.010373 -0.108553 -2.314058 -3.567341
-1.814644 -22.30399 21.92937 0.543572 1.83662 -1.688901 0.334542 -1.189157 -1.25871
-3.814644 -22.30399 21.92937 2.614485 2.51028 -0.185288 0.946991 0.696814 -0.140922
-5.814644 -22.30399 21.92937 2.683006 1.766946 -0.490807 -0.028205 1.477166 0.455895
14.18536 -24.30399 21.92937 0.618981 0.88805 1.164374 0.828866 -0.506685 -1.260572
12.18536 -24.30399 21.92937 -1.10665 -0.092185 0.152601 0.716574 -1.046615 -1.10086
8.185356 -24.30399 21.92937 2.221717 0.270802 4.041145 1.957481 -0.94596 -2.017118
-5.814644 -24.30399 21.92937 2.54612 1.539433 0.334608 0.347338 1.70363 0.758714
14.18536 -26.30399 21.92937 -1.98555 -2.078974 0.57494 0.355506 1.071071 0.900564
12.18536 -26.30399 21.92937 -1.770199 -1.318878 -0.46529 -0.350006 1.365903 0.690199
10.18536 -26.30399 21.92937 -0.454333 1.094095 -2.444482 -1.310318 1.548284 1.779261
8.185356 -26.30399 21.92937 -0.288308 0.363894 -1.34289 -0.270504 2.527837 3.461261
6.185356 -26.30399 21.92937 1.203387 -0.619509 -1.28127 -1.534962 1.074934 0.162123
2.185356 -26.30399 21.92937 -2.073014 -3.439129 -0.704506 -0.631408 -3.062424 -4.099496
0.185356 -26.30399 21.92937 -0.073063 -0.504557 -0.795168 -0.388403 -1.718006 -0.942714
-1.814644 -26.30399 21.92937 2.216329 2.293733 -1.330352 -0.725536 -1.013072 -1.17851
14.18536 -28.30399 21.92937 0.849781 -0.624908 3.858079 1.389187 1.038524 -0.00923
8.185356 -28.30399 21.92937 3.301939 4.390712 3.310359 3.121962 3.932731 6.342885
4.185356 -28.30399 21.92937 -0.424255 -1.403332 -2.740505 -1.783465 -3.199258 -4.368672
14.18536 -30.30399 21.92937 4.121434 1.69421 3.273512 0.84016 0.402515 -1.353862
12.18536 -30.30399 21.92937 6.542102 4.196198 4.557986 1.590759 -0.302299 -2.369647
4.185356 -30.30399 21.92937 0.302546 0.657928 -2.991742 -1.282702 -2.746979 -2.624737
2.185356 -30.30399 21.92937 -1.18424 -0.457358 -2.220825 0.188372 -1.381468 -0.877326
0.185356 -30.30399 21.92937 -0.122598 1.036016 -0.940328 0.47187 0.209701 0.735121
-1.814644 -30.30399 21.92937 2.232345 2.704186 0.237519 0.066797 -1.298641 -1.153806
14.18536 -32.30399 21.92937 4.295904 1.488239 3.321508 0.657688 0.520576 -1.700683
12.18536 -32.30399 21.92937 6.564412 3.247217 4.347929 0.861115 0.496536 -1.921394
10.18536 -32.30399 21.92937 2.08978 -0.248696 2.03919 -0.218261 -0.691285 -1.710783
8.185356 -32.30399 21.92937 2.926079 1.270384 0.851896 -0.39055 -0.850393 -2.195375
2.185356 -32.30399 21.92937 2.249363 3.161386 -1.038618 0.860556 0.589311 1.327901
0.185356 -32.30399 21.92937 0.838696 2.122405 -2.08239 -0.563 0.243384 0.522509
-1.814644 -32.30399 21.92937 2.523541 2.382712 0.898406 0.792862 -1.73778 -2.414731
14.18536 -34.30399 21.92937 3.677079 2.273723 4.100431 1.556554 0.118398 -1.387372
12.18536 -34.30399 21.92937 4.011572 2.614057 3.770791 1.23618 0.976998 0.202713
10.18536 -34.30399 21.92937 0.072214 -0.112935 -0.653313 -1.147589 -1.326142 -1.287812
8.185356 -34.30399 21.92937 1.79332 0.633883 1.796631 0.733474 -1.279175 -2.487159
4.185356 -34.30399 21.92937 2.045165 2.677057 -0.868987 -0.402558 -2.682245 -2.945658
2.185356 -34.30399 21.92937 -0.4323 1.919023 -2.355744 0.024818 -1.434547 -0.528886
0.185356 -34.30399 21.92937 -0.298208 1.856418 -2.972314 -0.219261 -2.546065 -2.028293
14.18536 -36.30399 21.92937 2.59613 1.733225 1.937207 1.223257 -0.943932 -1.476605
12.18536 -36.30399 21.92937 3.180287 3.740215 1.049938 1.113677 0.322096 0.188767
10.18536 -36.30399 21.92937 -0.157953 0.900528 -2.444573 -1.56413 -2.916054 -3.659095
8.185356 -36.30399 21.92937 0.180706 -0.327199 1.385962 0.915065 -3.094108 -4.312041
4.185356 -36.30399 21.92937 -0.025265 -0.355731 -1.138659 -1.320137 -2.923673 -3.635106
2.185356 -36.30399 21.92937 -2.562493 -1.519224 -2.586856 -0.886714 -3.411645 -3.223411
-1.814644 -36.30399 21.92937 -1.197189 -1.471913 -2.746228 -1.342221 0.610131 -0.389559
12.18536 -38.30399 21.92937 4.112373 4.222889 0.40703 1.34428 0.003132 -0.487856
10.18536 -38.30399 21.92937 1.620195 2.027075 -2.747811 -1.545306 -2.202844 -3.414585
8.185356 -38.30399 21.92937 -0.062974 -0.260228 -0.292133 -0.093361 -2.459687 -3.25538
4.185356 -38.30399 21.92937 -0.326878 -0.38424 -1.162945 -0.525505 -3.240052 -3.346636
2.185356 -38.30399 21.92937 -2.240477 -2.957865 -2.38118 -1.42529 -3.982382 -4.659231
0.185356 -38.30399 21.92937 -3.487329 -3.932888 -2.997792 -1.689111 -1.838111 -3.125847
-1.814644 -38.30399 21.92937 -2.453301 -2.851512 -1.466242 -0.712855 0.901212 0.387372
18.18536 -40.30399 21.92937 1.876782 1.620365 0.403328 0.390071 2.003473 2.079868
16.18536 -40.30399 21.92937 1.015053 0.386256 1.732717 0.826272 2.427306 2.657459
14.18536 -40.30399 21.92937 0.981754 0.094409 2.183503 1.109277 0.991929 1.302511
12.18536 -40.30399 21.92937 2.803728 2.137464 1.443121 1.208952 0.542422 0.623532
10.18536 -40.30399 21.92937 2.096412 1.921267 -0.178382 -0.073476 -0.158546 -0.327673
8.185356 -40.30399 21.92937 1.770136 1.151461 1.426331 0.812222 -1.62528 -2.413603
4.185356 -40.30399 21.92937 -1.059648 -1.271239 -0.25652 -0.647236 -2.670602 -4.012953
2.185356 -40.30399 21.92937 -1.079427 -1.48072 -1.216689 -0.739787 -3.604041 -5.175195
0.185356 -40.30399 21.92937 -1.393141 -1.633531 -1.140727 -0.586169 -0.470219 -0.66614
16.18536 -42.30399 21.92937 0.568392 0.090419 0.950195 0.184553 -0.51892 -0.774545
14.18536 -42.30399 21.92937 1.319018 -0.117757 0.633959 -0.653356 -0.764453 -1.610173
12.18536 -42.30399 21.92937 2.387214 1.272104 0.262418 -0.818736 -0.611427 -1.721114
10.18536 -42.30399 21.92937 3.094757 2.260929 0.365967 -0.850969 0.346634 -0.257676
2.185356 -42.30399 21.92937 1.204567 2.203966 -0.373978 0.229106 -1.264884 -1.763646
0.185356 -42.30399 21.92937 1.390292 1.6244 -0.16422 -0.120424 0.286323 0.886445
14.18536 -16.30399 23.92937 1.889405 0.63508 2.815748 0.854192 -0.164613 -0.945485
-5.814644 -16.30399 23.92937 2.284916 3.118507 -0.83054 0.05495 1.020488 2.984401
16.18536 -18.30399 23.92937 0.736423 -2.375925 3.408778 0.458472 1.446354 -0.132078
14.18536 -18.30399 23.92937 1.030119 -1.554855 2.255401 -0.205814 1.204425 -0.668666
2.185356 -18.30399 23.92937 -1.147621 -3.829261 -1.130735 -1.801293 -1.052188 -3.699465
0.185356 -18.30399 23.92937 0.469433 -0.83535 -0.650965 -1.052796 -2.168848 -3.013202
-1.814644 -18.30399 23.92937 2.556828 3.2708 0.282228 0.458651 -0.004637 0.484863
-3.814644 -18.30399 23.92937 1.596346 3.488776 1.511851 2.878333 0.946575 1.819263
-5.814644 -18.30399 23.92937 1.90157 2.376304 1.420237 1.846377 0.443353 0.661787
16.18536 -20.30399 23.92937 0.036463 -2.374382 3.302812 1.11171 1.429548 -0.703253
14.18536 -20.30399 23.92937 -0.226951 -2.453789 2.033875 0.692583 0.672479 -1.203259
2.185356 -20.30399 23.92937 -0.21197 -2.589262 3.089674 1.542688 0.064122 -1.493897
0.185356 -20.30399 23.92937 -0.493941 -0.446769 1.866298 1.485721 -0.387527 -0.617788
14.18536 -22.30399 23.92937 -0.743461 -1.634184 0.74215 0.26566 -0.994564 -2.941686
12.18536 -22.30399 23.92937 2.346264 0.4037 2.587522 1.388722 -1.269765 -3.340717
10.18536 -22.30399 23.92937 1.899154 0.053894 1.725241 0.75669 0.698745 -0.337957
0.185356 -22.30399 23.92937 -0.895709 -0.287544 1.830019 1.815731 -0.275948 -0.65478
-1.814644 -22.30399 23.92937 2.230384 3.029304 -0.11296 1.146108 -1.780568 -1.812472
-3.814644 -22.30399 23.92937 2.549497 2.399227 0.83587 1.290528 -2.026441 -2.888434
-5.814644 -22.30399 23.92937 1.21422 0.224515 0.974155 0.636397 -0.757264 -1.745771
10.18536 -24.30399 23.92937 -0.875929 -1.933433 2.487037 1.025056 -1.297718 -2.533282
8.185356 -24.30399 23.92937 1.755845 -0.546334 5.937807 3.154025 -1.661271 -2.775462
14.18536 -26.30399 23.92937 -2.550452 -2.61729 0.42077 0.43249 -0.195772 -0.848406
12.18536 -26.30399 23.92937 1.206808 1.360927 0.816395 0.84457 2.052286 1.357344
8.185356 -26.30399 23.92937 -1.133921 -0.196895 0.063209 0.699725 0.579361 1.903114
6.185356 -26.30399 23.92937 0.588421 -0.90647 1.10937 0.379183 0.026182 -0.997957
2.185356 -26.30399 23.92937 -0.153933 -2.061387 0.995024 0.210491 -1.367626 -2.342244
0.185356 -26.30399 23.92937 -0.34811 -1.340612 0.301218 0.142291 -0.211347 0.21445
-1.814644 -26.30399 23.92937 0.459122 0.874021 0.382661 0.77216 0.54846 1.616434
-5.814644 -26.30399 23.92937 4.180092 3.194702 4.618042 3.599486 0.588824 0.293289
14.18536 -28.30399 23.92937 -0.734023 -1.79366 1.414815 0.145915 -1.630093 -3.033848
12.18536 -28.30399 23.92937 3.102966 2.021745 4.279777 1.754884 0.863903 -0.392591
10.18536 -28.30399 23.92937 0.096 0.559563 3.254168 1.69057 2.897521 3.223219
8.185356 -28.30399 23.92937 -1.939918 -0.759574 3.274512 1.658626 2.06162 3.519477
6.185356 -28.30399 23.92937 0.528311 -0.87159 0.567596 -0.297387 -2.979328 -4.297783
4.185356 -28.30399 23.92937 1.335039 0.90807 -1.277271 -0.551547 -5.008247 -5.544307
2.185356 -28.30399 23.92937 -0.55186 -1.029385 -2.53219 -0.727697 -3.089947 -4.262147
0.185356 -28.30399 23.92937 1.044578 0.284157 0.857889 0.534236 -0.472469 -0.956184
-1.814644 -28.30399 23.92937 1.617318 2.3039 2.744317 1.836263 0.166856 2.405775
-3.814644 -28.30399 23.92937 3.409986 2.634838 3.794697 3.174576 0.789396 1.419981
14.18536 -30.30399 23.92937 4.221934 1.695562 3.127062 0.605857 -0.592596 -2.572284
12.18536 -30.30399 23.92937 8.084511 5.483625 5.139439 2.251229 -1.144873 -2.444568
10.18536 -30.30399 23.92937 1.949651 2.317482 3.159873 2.300436 -1.004172 -0.328352
8.185356 -30.30399 23.92937 0.908651 2.002159 2.724072 2.090976 -0.98083 -0.392991
4.185356 -30.30399 23.92937 0.159204 1.308606 -3.922664 -1.32007 -4.288004 -3.811653
2.185356 -30.30399 23.92937 0.502102 1.482365 -2.449188 0.125146 -2.932171 -3.246084
14.18536 -32.30399 23.92937 4.995781 1.385884 4.856477 1.401787 0.586404 -1.357882
4.185356 -32.30399 23.92937 3.308877 4.162947 -3.448571 -0.737752 -2.073741 -1.551477
2.185356 -32.30399 23.92937 3.275952 4.05704 -1.242258 0.586332 -2.395695 -2.084791
0.185356 -32.30399 23.92937 2.339462 2.642064 -1.507873 -0.593368 -1.530004 -2.114614
14.18536 -34.30399 23.92937 2.512475 -0.792403 6.512097 1.879814 1.471685 -0.987446
2.185356 -34.30399 23.92937 -0.259286 2.120395 -1.199892 0.622346 -1.295196 -0.021522
0.185356 -34.30399 23.92937 0.339298 1.580422 -2.056054 -0.310506 -1.34323 -0.997436
14.18536 -36.30399 23.92937 0.041886 -1.333868 4.378135 1.606506 0.703377 -0.681674
2.185356 -36.30399 23.92937 -2.087722 -1.066151 -0.513804 -0.1574 -1.197118 -0.774193
0.185356 -36.30399 23.92937 -2.232163 -1.537606 -1.37845 -0.973804 -2.05725 -2.010372
14.18536 -38.30399 23.92937 0.027776 -1.109987 2.461999 1.477599 -0.268961 -0.821016
2.185356 -38.30399 23.92937 -1.904555 -3.627473 -0.684064 -1.095832 -1.760452 -3.276666
0.185356 -38.30399 23.92937 -1.822799 -2.296758 -0.06413 -0.233923 -0.740329 -1.460999
18.18536 -40.30399 23.92937 1.555667 1.36882 0.979247 1.179809 -0.616356 -0.386124
16.18536 -40.30399 23.92937 1.426682 0.298021 1.254761 1.007132 -0.603784 -0.778122
14.18536 -40.30399 23.92937 2.089014 1.362198 1.603395 1.321055 0.508679 0.661219
12.18536 -40.30399 23.92937 0.958248 0.162901 2.643052 1.68726 1.59778 1.156198
2.185356 -40.30399 23.92937 -0.483723 -1.728572 -0.58554 -0.545064 -5.128616 -7.320612
16.18536 -42.30399 23.92937 3.004262 2.287199 0.343655 -0.299881 0.783967 0.527934
14.18536 -42.30399 23.92937 2.718808 1.928765 1.16066 0.061522 0.730743 0.531268
12.18536 -42.30399 23.92937 2.491634 1.746194 2.886004 1.162938 0.874596 0.793313
2.185356 -42.30399 23.92937 1.695353 2.000983 0.000275 0.05525 -3.653103 -4.282982
0.185356 -44.30399 23.92937 3.564434 3.363645 0.325131 -0.440098 0.342325 -0.514884
16.18536 -18.30399 25.92937 0.92109 -0.025693 1.805691 1.266321 -0.140385 -0.192804
0.185356 -18.30399 25.92937 -2.018583 -2.573134 -1.582469 -1.714566 -2.315574 -2.75973
-1.814644 -18.30399 25.92937 -0.556638 0.049814 1.69268 1.456649 -2.131506 -1.810353
-3.814644 -18.30399 25.92937 0.517467 0.387532 4.229972 3.810628 -0.541314 -0.964702
-5.814644 -18.30399 25.92937 0.011143 0.043166 1.402267 2.059651 0.793818 0.346024
-7.814644 -18.30399 25.92937 -1.033714 -0.627603 0.83939 1.402173 0.895283 0.844395
16.18536 -20.30399 25.92937 1.396491 -0.807577 1.171099 0.144369 -1.02603 -3.395803
2.185356 -20.30399 25.92937 0.488057 -0.983341 2.709155 1.172807 1.587226 1.212085
14.18536 -22.30399 25.92937 3.563029 2.92002 0.891073 0.862625 -0.244781 -1.469784
12.18536 -22.30399 25.92937 3.204991 2.74577 3.023841 2.363988 0.651234 0.220509
2.185356 -22.30399 25.92937 -2.394634 -2.66113 4.628605 2.580836 0.002437 -0.888444
0.185356 -22.30399 25.92937 -1.039284 -0.747676 2.462053 1.80951 1.899284 1.898492
12.18536 -24.30399 25.92937 4.040099 3.598767 1.48151 0.939559 -0.945115 -1.132751
10.18536 -24.30399 25.92937 0.797591 -0.490505 3.170951 1.507977 -1.167368 -1.989183
8.185356 -24.30399 25.92937 2.892482 0.813675 4.839149 1.973673 0.035178 -1.088193
2.185356 -24.30399 25.92937 -1.321446 -0.757088 0.315062 0.637519 -1.037876 -1.225251
0.185356 -24.30399 25.92937 -1.595082 -0.166036 0.137524 1.190128 0.556689 1.734405
-1.814644 -24.30399 25.92937 1.805976 1.772738 -0.125634 0.701531 1.092013 2.059574
-3.814644 -24.30399 25.92937 1.545927 1.391397 -0.108131 0.670942 -1.494783 -0.304577
-5.814644 -24.30399 25.92937 0.180566 0.805267 0.302252 0.917996 -0.886939 0.329092
8.185356 -26.30399 25.92937 0.351434 0.116187 -0.042756 0.082124 0.036301 0.685571
6.185356 -26.30399 25.92937 0.751773 0.131143 0.74575 0.407508 0.315519 -0.582279
-7.814644 -26.30399 25.92937 0.445818 0.274747 1.928908 1.778156 -0.858478 -1.447171
14.18536 -28.30399 25.92937 -0.724767 -1.198024 -0.132032 -0.352175 -2.966936 -3.688495
8.185356 -28.30399 25.92937 -1.466318 -1.874375 2.105505 0.786592 0.363983 0.128916
6.185356 -28.30399 25.92937 0.518815 -0.447223 -0.078694 -0.10747 -1.04439 -1.574714
4.185356 -28.30399 25.92937 1.138248 0.379068 0.227437 0.163284 -2.985656 -3.125394
2.185356 -28.30399 25.92937 0.435766 -0.052864 0.561765 0.378536 -1.688246 -2.519234
0.185356 -28.30399 25.92937 1.453936 0.493824 0.011607 -0.611605 -0.647689 -1.106564
-1.814644 -28.30399 25.92937 -0.706406 -0.567292 0.812578 0.351571 -0.147004 1.182541
-3.814644 -28.30399 25.92937 1.735789 0.647955 3.797116 3.187282 1.405398 1.618954
-5.814644 -28.30399 25.92937 3.061241 2.356118 4.591321 3.242456 2.516186 2.605703
14.18536 -30.30399 25.92937 3.218147 2.42463 2.535841 1.540218 -1.44201 -1.484893
12.18536 -30.30399 25.92937 3.325061 2.922199 2.56839 2.148576 -0.22882 0.722449
10.18536 -30.30399 25.92937 0.598472 0.222089 1.924645 0.864601 -0.297806 -0.306853
8.185356 -30.30399 25.92937 -1.257804 -1.881541 1.746765 0.34858 -2.40401 -3.548674
4.185356 -30.30399 25.92937 -0.178498 -0.222608 -0.041749 0.745277 -2.044918 -1.47281
2.185356 -30.30399 25.92937 1.669824 1.165366 1.240044 1.235944 -0.539034 -0.707321
0.185356 -30.30399 25.92937 3.933506 2.607594 1.257599 0.368821 -0.547498 -1.102168
-1.814644 -30.30399 25.92937 2.891163 1.909859 2.480554 1.472258 -0.812297 -0.44922
14.18536 -32.30399 25.92937 2.690428 1.322049 2.76244 1.574124 -1.247538 -1.538773
12.18536 -32.30399 25.92937 2.89028 1.756725 1.522985 1.292606 -0.752524 -0.476041
10.18536 -32.30399 25.92937 -0.148086 -1.120893 -0.341998 -0.501379 -2.21377 -2.762728
4.185356 -32.30399 25.92937 -0.008743 0.290296 -2.117272 -0.941503 -0.913172 -0.502339
14.18536 -34.30399 25.92937 0.542188 -0.493236 2.964552 1.175074 -1.836985 -3.403034
12.18536 -34.30399 25.92937 2.530131 1.453721 2.278564 1.305425 0.825758 0.760532
10.18536 -34.30399 25.92937 0.168886 -0.386243 -1.286011 -0.771474 -2.706214 -2.684663
4.185356 -34.30399 25.92937 1.309868 1.361231 -1.547782 -0.937218 -0.872136 -0.700228
2.185356 -34.30399 25.92937 0.085358 1.026289 -0.520992 0.431944 0.198472 1.087591
14.18536 -36.30399 25.92937 -0.528346 -1.082308 1.850891 0.248135 -1.591749 -3.840238
12.18536 -36.30399 25.92937 2.098258 1.260736 2.010247 0.590573 1.896801 0.14355
4.185356 -36.30399 25.92937 0.335705 -0.039889 -1.987157 -1.271213 -0.663088 -1.00948
2.185356 -36.30399 25.92937 -1.300183 -0.768004 -1.196286 -1.024061 -1.108014 -1.33129
0.185356 -36.30399 25.92937 -1.4352 -0.5891 -2.293654 -1.129114 -0.851986 -0.82941
14.18536 -38.30399 25.92937 -0.847659 -2.770366 1.357044 -0.006664 -0.63247 -3.057542
12.18536 -38.30399 25.92937 2.896602 0.964313 2.022989 0.887395 3.450653 0.963446
10.18536 -38.30399 25.92937 1.645106 0.398376 1.026217 0.641626 1.27938 -1.21642
4.185356 -38.30399 25.92937 -0.35456 -1.068909 -1.02316 -0.872443 0.122415 -0.069667
2.185356 -38.30399 25.92937 -0.748514 -1.217817 -1.048642 -0.822724 -1.21607 -1.699286
18.18536 -40.30399 25.92937 -0.449177 -0.348471 -0.264186 0.030353 -2.610033 -2.387846
16.18536 -40.30399 25.92937 -0.071051 -1.338143 0.56195 0.301177 -1.477866 -1.776046
12.18536 -40.30399 25.92937 0.393028 -0.08297 1.436578 1.252712 2.831132 2.292495
10.18536 -40.30399 25.92937 1.781954 0.328199 2.467297 1.908268 1.286801 -0.126955
4.185356 -40.30399 25.92937 -0.956464 -0.69927 -1.469699 -0.887629 -1.912958 -1.87381
2.185356 -40.30399 25.92937 -0.293221 -0.164315 -1.511437 -0.660913 -2.251663 -2.360864
18.18536 -42.30399 25.92937 0.010163 -0.304247 -0.561193 -1.1911 0.500572 -0.445903
16.18536 -42.30399 25.92937 1.911781 0.973627 0.916266 -0.294481 1.148648 0.56817
14.18536 -42.30399 25.92937 1.064695 1.164971 0.988599 0.173708 0.505272 0.293839
12.18536 -42.30399 25.92937 1.854343 1.701862 1.847557 0.91595 1.343141 0.767463
2.185356 -42.30399 25.92937 -1.103309 -0.755491 -1.103914 -0.915982 -1.322442 -1.273942
0.185356 -42.30399 25.92937 0.273807 0.305053 -0.743296 -0.925609 -1.037879 -1.201452
2.185356 -44.30399 25.92937 -1.184822 -0.162693 -0.001277 0.322196 -0.289235 -0.190878
0.185356 -44.30399 25.92937 0.068994 -0.238749 0.118409 0.192113 -0.478703 -1.658073
18.18536 -18.30399 27.92937 0.345139 -0.161745 2.998793 2.19553 0.717035 0.061374
16.18536 -18.30399 27.92937 0.617721 -1.569022 3.628253 1.544408 1.868579 1.047311
0.185356 -18.30399 27.92937 -2.782171 -3.921113 0.637841 -0.471387 -2.021784 -3.286255
18.18536 -20.30399 27.92937 3.572374 2.999153 3.422288 2.492838 2.041638 1.402375
16.18536 -20.30399 27.92937 4.443205 2.406289 4.915281 2.477122 1.035265 -0.199243
2.185356 -20.30399 27.92937 2.507588 0.777302 3.658638 1.860447 0.587924 -1.614284
0.185356 -20.30399 27.92937 -0.075976 -1.070189 1.096151 0.641547 -0.134441 -1.567332
-1.814644 -20.30399 27.92937 -0.402869 -0.186528 1.636197 0.848874 0.320116 0.293825
-3.814644 -20.30399 27.92937 2.045344 0.821936 4.486527 2.206217 1.066756 0.043978
-5.814644 -20.30399 27.92937 3.451445 2.808017 2.180102 1.573719 0.676086 -0.110504
16.18536 -22.30399 27.92937 4.715383 2.520139 3.104697 0.930324 -0.619015 -2.18609
14.18536 -22.30399 27.92937 4.723533 4.897171 1.832035 1.546669 -1.272928 -1.229586
2.185356 -22.30399 27.92937 -0.698047 -2.164476 4.320706 1.924086 -1.830283 -5.522026
12.18536 -24.30399 27.92937 4.113575 3.69179 1.644525 0.833003 -1.539077 -1.263198
10.18536 -24.30399 27.92937 1.506668 1.408909 2.21455 1.217538 -0.189306 0.441282
8.185356 -24.30399 27.92937 1.19048 -0.222469 2.927846 1.044008 1.510575 0.709905
4.185356 -24.30399 27.92937 0.989086 0.562997 1.291435 0.989496 -1.915039 -3.353119
2.185356 -24.30399 27.92937 -1.869649 -1.867745 -1.660495 -1.094696 -1.375909 -3.148196
-3.814644 -24.30399 27.92937 -0.249342 -0.014077 -1.184241 -0.103706 0.1866 0.842283
-5.814644 -24.30399 27.92937 -0.519861 -0.744146 -2.244717 -1.477407 -0.231107 -0.321149
10.18536 -26.30399 27.92937 -0.605915 -0.063062 -0.751531 -0.99686 0.991831 2.042505
8.185356 -26.30399 27.92937 -0.193145 -1.312536 0.210172 -0.01889 0.541704 0.164717
6.185356 -26.30399 27.92937 -1.466697 -2.545752 0.323762 0.297784 -0.62231 -2.610481
2.185356 -26.30399 27.92937 -1.02813 -0.39868 -2.194263 -0.868443 -1.003053 -2.086185
0.185356 -26.30399 27.92937 -0.306163 -0.370808 -2.084281 -1.070359 -1.688658 -1.828052
-1.814644 -26.30399 27.92937 -0.916268 -1.396303 -0.00789 1.000564 -0.795 -0.077148
-7.814644 -26.30399 27.92937 -0.191448 0.672474 0.538015 0.571104 -1.467484 -1.742477
12.18536 -28.30399 27.92937 1.845646 1.842676 -0.091981 -0.33973 0.009497 -0.046913
10.18536 -28.30399 27.92937 0.986488 0.75682 -0.5186 -0.850877 0.336194 -0.001218
8.185356 -28.30399 27.92937 0.07435 -0.677848 -0.60919 -0.411559 -0.656777 -1.945776
6.185356 -28.30399 27.92937 -0.288611 -1.50898 -1.773484 -0.843763 -1.416448 -3.364052
-1.814644 -28.30399 27.92937 -0.556782 -1.386771 0.960848 1.145859 -1.55449 -1.496283
-3.814644 -28.30399 27.92937 0.48462 -1.370689 2.39226 1.565044 0.455891 -0.737373
-5.814644 -28.30399 27.92937 2.370287 0.463525 3.350444 1.646683 2.346136 0.829547
12.18536 -30.30399 27.92937 0.66522 0.479279 0.907347 1.165132 -0.097335 0.580558
10.18536 -30.30399 27.92937 -0.474086 -1.516361 -0.050133 -0.469517 -0.180437 -0.523031
8.185356 -30.30399 27.92937 -3.04617 -3.27006 -1.824842 -1.460276 -2.035397 -3.636437
4.185356 -30.30399 27.92937 -0.806895 -0.914856 0.508581 0.485539 -0.911555 -0.71334
2.185356 -30.30399 27.92937 1.36527 0.399968 1.726489 0.713853 -0.255825 -0.555463
0.185356 -30.30399 27.92937 2.031856 1.143852 -0.442463 -0.185601 0.372788 0.021773
-1.814644 -30.30399 27.92937 0.917493 -0.661766 0.821787 0.558522 -0.862649 -1.997487
-3.814644 -30.30399 27.92937 -1.426994 -3.721826 1.919302 1.084323 -0.831616 -3.071664
12.18536 -32.30399 27.92937 1.978436 1.237042 2.284754 2.025346 -1.313486 -0.857194
10.18536 -32.30399 27.92937 1.014737 0.279117 0.633388 0.376634 -1.199517 -1.567491
4.185356 -32.30399 27.92937 -0.492261 -0.961916 -1.555445 -0.942633 -0.657288 -0.085245
2.185356 -32.30399 27.92937 1.00152 0.659422 -0.441261 0.093494 -0.142968 0.157354
0.185356 -32.30399 27.92937 3.099365 3.73907 -0.141766 0.482745 0.147771 0.902178
-1.814644 -32.30399 27.92937 0.818233 0.028839 0.500625 0.002568 0.036081 -0.990078
12.18536 -34.30399 27.92937 1.523244 1.090368 2.467468 2.071505 -0.376731 0.432531
10.18536 -34.30399 27.92937 2.118771 2.037549 1.264199 1.19788 -1.836319 -1.281557
4.185356 -34.30399 27.92937 -1.371719 -1.691212 -0.608692 -0.21674 -1.710679 -1.105924
2.185356 -34.30399 27.92937 -1.192863 0.229787 -0.09379 0.874693 0.906027 2.617909
0.185356 -34.30399 27.92937 2.497074 3.232023 1.361022 1.647936 0.705507 1.196225
-1.814644 -34.30399 27.92937 1.793571 1.198695 0.694291 0.169986 0.163149 -0.506044
10.18536 -36.30399 27.92937 1.05543 1.714931 1.509783 1.405313 -1.0405 -0.524831
2.185356 -36.30399 27.92937 -1.443021 0.371953 -1.655997 -0.065492 -0.564248 0.323515
0.185356 -36.30399 27.92937 1.468003 1.936369 -1.174916 -0.125863 -0.278737 -0.913223
-1.814644 -36.30399 27.92937 2.529833 1.392513 -1.400146 -0.896393 -1.153298 -2.457372
16.18536 -38.30399 27.92937 0.000477 -0.119416 -0.427711 -0.393252 -2.188247 -3.20078
14.18536 -38.30399 27.92937 -0.993731 -2.206407 -0.206435 -0.376315 -0.799105 -2.372727
10.18536 -38.30399 27.92937 1.281471 0.974987 3.502592 2.675822 0.722201 0.588221
4.185356 -38.30399 27.92937 -0.731157 -0.557491 -1.214952 -0.744224 -1.39604 -1.164698
2.185356 -38.30399 27.92937 -0.028823 1.282588 -0.822579 0.687254 -2.3219 -1.18996
0.185356 -38.30399 27.92937 1.155046 1.831547 0.04213 0.668231 -1.136408 -0.913531
18.18536 -40.30399 27.92937 -1.242132 -1.2616 0.681667 0.535463 -1.816982 -1.347271
16.18536 -40.30399 27.92937 -0.381842 -0.621723 0.016645 0.14402 -1.109606 -1.232998
14.18536 -40.30399 27.92937 -0.701309 -0.815148 0.197057 0.645359 -0.170638 -0.520648
12.18536 -40.30399 27.92937 -0.561362 -0.86536 0.660768 1.037031 1.848195 1.450271
10.18536 -40.30399 27.92937 1.396558 0.386836 1.95693 1.437515 1.63141 1.446651
4.185356 -40.30399 27.92937 -2.219345 -1.431298 -2.839279 -2.020768 -1.97507 -2.000743
2.185356 -40.30399 27.92937 -0.178237 0.94236 -1.238922 -0.000128 -1.979036 -1.031417
0.185356 -40.30399 27.92937 1.091277 1.855028 0.200139 0.502253 -0.870954 0.19443
16.18536 -42.30399 27.92937 1.185631 0.363573 1.211115 0.05822 0.906825 -0.177508
14.18536 -42.30399 27.92937 0.143286 0.270129 0.509887 -0.174674 1.388889 0.600087
12.18536 -42.30399 27.92937 0.67742 0.388259 0.81645 0.310025 2.38817 1.149389
4.185356 -42.30399 27.92937 -2.060537 -1.373967 -2.848828 -2.284048 -1.757941 -1.846702
2.185356 -42.30399 27.92937 -1.039257 -0.682469 -1.269198 -0.830037 -1.78376 -1.878071
0.185356 -42.30399 27.92937 0.836739 0.375272 0.722829 0.496643 -0.972746 -0.454656
0.185356 -44.30399 27.92937 0.791514 -0.079377 1.025712 0.586116 -0.197509 -0.882971
-1.814644 -44.30399 27.92937 1.376377 0.171938 0.779358 0.177917 0.043623 -0.752593
18.18536 -16.30399 29.92937 6.102966 4.645814 4.862161 2.643774 1.973776 1.744638
18.18536 -18.30399 29.92937 5.309772 3.8394 5.997167 3.357872 3.257591 3.120388
18.18536 -20.30399 29.92937 4.88796 4.20334 3.980185 2.593371 2.762518 2.78551
16.18536 -20.30399 29.92937 7.911654 6.176874 9.302135 5.85176 4.563777 3.830136
-3.814644 -20.30399 29.92937 1.133321 0.140022 3.917215 2.515682 1.30578 0.279142
-5.814644 -20.30399 29.92937 1.466241 0.130044 1.481212 0.432107 1.388313 0.405008
16.18536 -22.30399 29.92937 6.569124 4.662052 6.604937 3.961792 1.028204 -0.137994
14.18536 -22.30399 29.92937 4.811579 3.635392 4.889606 3.139858 1.062844 0.409015
12.18536 -22.30399 29.92937 2.608334 1.972393 0.681867 0.988711 0.328094 -0.011727
0.185356 -22.30399 29.92937 4.470485 3.536799 1.984501 1.270379 0.357541 -0.996476
-1.814644 -22.30399 29.92937 3.914349 3.455996 1.406207 1.655231 0.935084 -0.700074
-3.814644 -22.30399 29.92937 2.488204 0.801551 0.483343 0.134519 0.484594 -1.100182
12.18536 -24.30399 29.92937 2.820061 1.943132 0.296555 0.280577 -0.299667 -0.828945
10.18536 -24.30399 29.92937 1.922385 1.849241 2.027694 1.750989 -0.597937 -0.39958
8.185356 -24.30399 29.92937 -0.588079 -0.05088 1.574233 1.524203 0.314261 0.783878
2.185356 -24.30399 29.92937 -0.944522 -1.182393 -2.107264 -1.603184 -1.296906 -2.363237
0.185356 -24.30399 29.92937 0.857185 0.705458 -1.361212 -0.07207 -0.557074 -1.488917
-5.814644 -24.30399 29.92937 0.053619 -1.781574 -0.342699 -0.991646 0.849723 -0.625838
10.18536 -26.30399 29.92937 0.498941 0.304621 1.355507 0.690402 0.062513 0.044261
8.185356 -26.30399 29.92937 -0.222299 -1.094143 1.057778 0.906021 0.89652 0.393723
2.185356 -26.30399 29.92937 -1.367192 -1.866208 -1.895773 -1.162898 -0.955183 -2.259905
0.185356 -26.30399 29.92937 0.289577 -0.285352 -1.49481 -0.613802 -1.756571 -2.538974
-1.814644 -26.30399 29.92937 0.715366 0.031901 -0.187668 0.402285 -0.646885 -0.729785
-3.814644 -26.30399 29.92937 1.407564 -0.183329 0.792418 0.197297 -1.278968 -2.083819
-7.814644 -26.30399 29.92937 -0.466135 -1.024239 0.748603 0.005841 -0.330144 -1.398469
12.18536 -28.30399 29.92937 1.124648 0.747933 -0.152536 -0.305918 -1.05635 -1.603266
10.18536 -28.30399 29.92937 1.940166 1.725616 0.44023 0.304595 -0.808286 -0.640923
8.185356 -28.30399 29.92937 1.196343 0.849135 0.888968 1.155728 0.428705 -0.547617
2.185356 -28.30399 29.92937 0.723832 -0.22638 -0.325512 -0.840358 -1.293017 -2.035905
-5.814644 -28.30399 29.92937 3.474232 0.331527 3.584863 1.116399 -0.745099 -2.766359
14.18536 -30.30399 29.92937 0.561039 -0.433643 0.866961 -0.138065 0.005267 -0.634996
12.18536 -30.30399 29.92937 -0.581878 -1.146252 -0.256397 -0.293849 -0.762369 -0.959297
10.18536 -30.30399 29.92937 1.338107 0.132967 1.710253 1.035121 0.347568 0.340923
14.18536 -32.30399 29.92937 0.688505 -0.328325 0.878481 0.149877 -0.880961 -1.499457
12.18536 -32.30399 29.92937 1.50623 0.809059 1.127728 0.478579 -1.120205 -1.410033
14.18536 -34.30399 29.92937 2.481432 1.268682 1.375414 0.764461 0.013764 -0.943194
12.18536 -34.30399 29.92937 2.110804 1.255182 1.723011 1.052754 -0.038587 -0.424926
14.18536 -36.30399 29.92937 2.249506 1.828902 1.975722 1.934037 0.746718 0.050325
12.18536 -36.30399 29.92937 1.0593 0.82772 1.581003 1.434065 0.716038 0.527997
10.18536 -36.30399 29.92937 2.31946 3.074564 1.749831 1.864703 -0.893737 -0.345906
-1.814644 -36.30399 29.92937 3.644388 2.585306 0.582363 0.955262 -1.181339 -1.872256
16.18536 -38.30399 29.92937 1.42423 2.220669 0.674124 1.393003 -0.497184 -0.334341
14.18536 -38.30399 29.92937 1.336354 1.132203 1.781549 1.959737 0.862484 0.380203
12.18536 -38.30399 29.92937 0.094451 -0.222237 2.29092 2.17536 0.499086 0.069587
10.18536 -38.30399 29.92937 1.337902 1.449587 2.996496 2.489471 -1.288377 -1.616315
-1.814644 -38.30399 29.92937 1.246651 1.016657 0.846228 1.151937 -0.463178 -0.296392
18.18536 -40.30399 29.92937 -0.87861 -0.474626 0.898873 1.407283 0.130465 1.050469
16.18536 -40.30399 29.92937 2.701557 2.534058 1.341548 1.387029 0.478541 0.911292
14.18536 -40.30399 29.92937 1.299517 1.354411 1.218169 1.326167 0.731613 0.919515
12.18536 -40.30399 29.92937 -1.487599 -1.596789 0.796132 0.77967 0.433596 0.31396
10.18536 -40.30399 29.92937 -0.032183 -1.155837 1.934909 0.982912 -0.426263 -1.112132
0.185356 -40.30399 29.92937 1.217648 0.291501 -0.122401 0.091775 -2.171888 -2.061009
-1.814644 -40.30399 29.92937 -0.133639 -0.382349 0.166896 0.591642 -1.057328 -0.728774
2.185356 -42.30399 29.92937 1.048466 -0.397712 0.265824 -0.120863 -0.997959 -2.841011
0.185356 -42.30399 29.92937 1.565044 0.079263 -0.59405 -0.693928 -1.0268 -1.623634
-1.814644 -42.30399 29.92937 1.335383 0.226925 0.393272 -0.018008 -0.607561 -1.068541
18.18536 -18.30399 31.92937 2.525409 2.985927 3.366674 2.203922 1.034677 2.007395
18.18536 -20.30399 31.92937 -0.376952 -0.443602 2.605446 1.552984 0.103776 0.261389
18.18536 -22.30399 31.92937 -2.07745 -3.782988 1.704715 0.146486 -1.086079 -2.187554
16.18536 -22.30399 31.92937 2.715572 1.064227 5.759856 3.06116 -0.033897 -1.256754
16.18536 -24.30399 31.92937 2.687034 -0.109963 5.691031 2.447316 0.560098 -1.496439
14.18536 -24.30399 31.92937 5.514652 1.964415 4.580162 1.795402 1.963815 -0.654409
12.18536 -24.30399 31.92937 3.817803 1.945132 2.410112 1.48656 0.442221 -0.905891
10.18536 -24.30399 31.92937 1.632181 1.607089 3.366135 2.797287 0.586549 0.856039
8.185356 -24.30399 31.92937 -0.817069 -1.81928 4.259121 2.547741 1.115856 0.940597
-5.814644 -24.30399 31.92937 -0.853788 -1.25083 0.643214 0.753939 1.770181 0.891279
14.18536 -26.30399 31.92937 4.658873 1.153523 4.368893 2.259648 1.955022 -0.764315
12.18536 -26.30399 31.92937 2.716882 1.250357 2.386988 1.717833 1.284059 -0.060772
14.18536 -34.30399 31.92937 0.161662 -0.828051 -0.418301 -0.545172 -0.034811 -1.115337
12.18536 -34.30399 31.92937 -0.441738 -1.424513 0.376819 -0.185238 0.371468 -1.053252
12.18536 -36.30399 31.92937 2.059214 0.820932 1.282075 0.706699 1.182032 0.374947
12.18536 -38.30399 31.92937 3.289644 2.265878 3.075558 1.67795 1.296634 0.607562
14.18536 -40.30399 31.92937 3.085562 3.171739 2.685343 1.834093 1.309821 1.758349
0.185356 -40.30399 31.92937 1.46205 0.222359 -1.393106 -1.295794 -1.378052 -2.561773
16.18536 -22.30399 33.92937 -0.113278 0.097151 1.273811 0.905958 0.236604 0.319251
16.18536 -24.30399 33.92937 0.526919 -0.030693 1.484203 0.83794 0.360713 0.380796
14.18536 -26.30399 33.92937 5.733371 3.587223 5.32368 3.265294 2.435767 1.313832
14.18536 -24.30399 35.92937 0.534069 0.658236 0.581152 0.245817 1.628102 1.661141
