1.276077 -22.9736 -20.39086 2.182715 -1.9928 -0.665332 0.25042 -0.179454 0.61645 0.737942 -0.323457 -1.563676 2.724321 -0.99505 0.933409
19.27608 -24.9736 -20.39086 3.108187 -3.291051 -0.419951 1.750169 0.454538 -4.874664 -4.705577 -5.430458 -0.691644 -4.88634 -3.270262 -6.080645
1.276077 -24.9736 -20.39086 3.357406 -2.784265 0.034679 -2.237506 0.728381 -2.093412 1.023704 -1.341205 -0.967122 2.808982 1.476287 0.767804
-2.723923 -16.9736 -18.39086 2.177344 -1.516201 -1.401423 -4.192064 -2.368024 -4.859483 -5.955028 -1.408997 -3.78988 -4.415025 -4.260954 0.340851
-4.723923 -16.9736 -18.39086 3.389439 -1.264696 -1.640994 -3.236946 0.937243 -2.618344 -5.17976 -1.908684 -2.191283 -1.969558 -1.381122 -1.884567
-2.723923 -18.9736 -18.39086 2.488481 -0.169782 -0.619649 -0.797009 -2.757405 -3.504938 -4.217644 -1.33477 -2.825428 -3.377827 -3.3796 0.907224
19.27608 -20.9736 -18.39086 1.488061 1.640835 0.184635 -0.808551 1.347504 -1.111689 -1.080725 0.439932 -0.714502 -1.062657 -2.16961 -2.404211
17.27608 -20.9736 -18.39086 1.769565 2.23329 -2.208411 2.911525 -1.387504 0.529389 2.33864 -1.951718 -0.370322 -0.360013 -1.47604 -2.643023
19.27608 -22.9736 -18.39086 1.68406 1.954292 1.071645 1.746629 0.58045 -2.104856 -0.53547 -1.684729 -2.079982 -2.373004 -2.363924 -2.852218
3.276077 -22.9736 -18.39086 1.309422 -4.650666 -3.045216 -2.2077 1.999389 -2.059523 -2.519514 -2.952949 -2.273763 -0.424689 -7.169687 -2.439566
1.276077 -22.9736 -18.39086 1.911807 -3.496157 -0.824699 -1.598364 1.509074 0.740286 -0.715798 -1.508784 -1.107513 0.109124 -0.816827 -0.649516
21.27608 -24.9736 -18.39086 2.609995 -1.140578 0.759001 0.92782 0.901075 -1.004555 -1.25959 -0.270983 -1.032508 -1.342133 -0.879243 -0.555111
19.27608 -24.9736 -18.39086 3.169394 -1.804253 -0.112767 1.615587 0.230705 -5.98419 -3.954131 -4.224806 -2.779385 -3.692963 -3.427763 -4.245492
17.27608 -24.9736 -18.39086 5.713889 -0.684706 1.42882 1.238165 -0.2963 -3.147964 -3.319167 -4.316732 -3.000833 -1.195827 -2.244974 -2.163405
15.27608 -24.9736 -18.39086 3.27279 -1.580577 2.695588 -1.689124 3.053153 -0.835063 0.001018 -2.939209 0.868197 -1.70835 2.73339 -2.308126
3.276077 -24.9736 -18.39086 -0.620225 -3.054512 -1.101364 -1.17577 -0.717108 -0.800884 -1.479489 -4.605391 -1.606456 -2.351555 -3.400213 -2.12233
1.276077 -24.9736 -18.39086 1.321366 -1.069634 -0.978544 -0.932929 -0.762045 0.401579 0.261155 -2.099628 1.071932 0.494526 4.20225 0.535309
21.27608 -26.9736 -18.39086 2.822655 -1.584084 0.555693 1.516853 2.106664 -1.342444 -2.121423 -0.766587 0.326657 -1.051994 -1.334211 -2.849338
19.27608 -26.9736 -18.39086 8.901684 -2.159834 1.0693 0.981561 3.976012 -4.64031 -5.402655 -4.487231 -2.288778 -3.419077 -6.165697 -4.382921
17.27608 -26.9736 -18.39086 7.754553 -1.201107 1.918652 -0.257941 1.074864 -1.648354 -3.200889 -3.060474 -1.897961 -1.770216 -2.673613 -1.084446
15.27608 -26.9736 -18.39086 4.147426 -1.904385 0.411051 -2.37234 2.401453 -0.112165 -0.123005 -3.552288 -0.299997 -2.779247 0.456269 -1.802029
3.276077 -26.9736 -18.39086 -0.450158 -0.404645 -0.078509 -1.051249 -1.880618 -0.027386 -1.577701 -4.558208 -1.972153 -2.035437 -1.898443 -0.864996
21.27608 -28.9736 -18.39086 3.749658 -2.336687 2.022842 0.426531 2.156627 -1.370524 -4.347378 -1.803532 -1.784635 -2.238877 -3.546536 -2.716107
19.27608 -30.9736 -18.39086 5.610607 -0.601647 -0.112492 0.974166 -0.926594 -4.174943 -9.513142 -5.246631 -5.568631 -2.79623 -11.77969 -4.346505
-2.723923 -16.9736 -16.39086 3.303889 -3.638337 -0.783455 -4.888704 0.131122 -5.094965 -4.679327 -1.685491 -2.567788 -4.898353 -4.765579 -3.331859
-4.723923 -16.9736 -16.39086 5.179421 -3.446126 -0.434394 -3.745436 2.308239 -4.441863 -5.557248 -4.163756 -1.879187 -4.899445 -2.79366 -5.709229
-6.723923 -16.9736 -16.39086 2.465117 -2.249044 -1.29121 -2.732047 -0.292368 -1.484067 -3.717903 -1.728749 -0.285144 -3.02934 0.753063 -2.502053
-0.723923 -18.9736 -16.39086 -1.716596 2.724731 -0.536229 2.736046 -1.422379 -2.493708 -3.426104 -0.009309 -1.673876 -2.937093 -3.485423 0.063899
-2.723923 -18.9736 -16.39086 2.558542 -1.911119 -0.879779 -1.502765 1.0187 -4.207431 -3.797875 -1.935297 -2.10636 -2.498091 -2.594074 -2.204313
-4.723923 -18.9736 -16.39086 6.993093 -4.176592 -1.721469 -3.667691 2.97714 -5.5022 -5.558627 -4.865277 -1.846923 -3.06322 -1.922222 -6.257877
-6.723923 -18.9736 -16.39086 -1.389845 -2.728033 -1.930872 -2.136166 -1.218976 -1.894605 -5.550968 -2.207902 -2.133415 -2.222391 -0.927611 -3.213903
1.276077 -20.9736 -16.39086 4.965198 0.836087 -0.881207 -5.06075 4.274908 -2.000788 -1.210919 -2.156941 -0.575959 -4.979602 -4.028648 -0.928912
-0.723923 -20.9736 -16.39086 1.487036 0.939927 -0.953518 -0.530172 0.60642 -3.080782 -1.336662 1.010489 0.910571 -1.95024 -3.940024 0.14955
-2.723923 -20.9736 -16.39086 2.03054 -0.152989 -1.068934 -0.577768 1.146916 -2.930832 -1.773542 -0.343281 -0.224752 0.73444 0.054507 -0.257418
-4.723923 -20.9736 -16.39086 4.660737 -2.701179 -1.987829 -1.666126 3.386477 -4.400095 -2.729102 -2.588725 -1.156353 1.251476 0.796787 -3.699575
-6.723923 -20.9736 -16.39086 -5.205891 -2.153693 -2.341422 -1.851818 -2.176382 -2.208134 -6.178377 -2.906387 -3.054315 0.093921 -4.712581 -3.140453
19.27608 -22.9736 -16.39086 3.301211 1.063923 2.514002 0.31403 1.744007 -2.058424 1.092067 -0.080696 1.567539 1.269441 0.690086 -0.491189
17.27608 -22.9736 -16.39086 8.452996 1.624289 3.119447 -1.702589 2.249478 -0.031736 1.436463 -0.980267 1.149153 0.291047 -2.506794 -0.315176
3.276077 -22.9736 -16.39086 4.873939 -1.051743 -1.189586 -3.511275 1.721976 -3.690732 -9.243401 -5.694894 -3.596906 -2.104275 -10.55802 -4.058774
1.276077 -22.9736 -16.39086 5.360931 -0.360225 -1.621617 -4.990326 5.717674 -1.412546 -0.630106 -2.319711 1.118758 -3.163597 -5.488439 -1.55561
19.27608 -24.9736 -16.39086 2.555681 0.621411 0.501372 0.534395 1.906035 -2.580159 1.204271 0.251177 -0.348001 1.669675 -0.97387 -0.572455
17.27608 -24.9736 -16.39086 6.56507 -0.336986 4.155234 -1.763728 1.618723 -1.184286 1.516872 -1.254748 -0.944148 -0.725924 -0.897828 -1.613173
3.276077 -24.9736 -16.39086 0.322683 1.185393 -0.371961 -1.201523 -2.108696 -1.019866 -8.227415 -5.059703 -4.66603 -2.219243 -8.19105 -2.742954
21.27608 -26.9736 -16.39086 -1.009052 -1.636503 -0.97775 -0.435564 0.258945 0.995226 -1.451242 1.984172 -0.840913 0.614247 -1.515939 -1.160904
19.27608 -26.9736 -16.39086 2.013083 -0.364305 -0.413436 -1.030246 2.641117 -0.829751 -0.429415 1.996192 -1.042299 0.260973 -0.924526 -0.242653
17.27608 -26.9736 -16.39086 4.111106 -0.110371 2.705713 -0.382371 2.798884 0.243908 0.407222 1.15296 -0.959158 -1.155085 1.653491 0.279841
3.276077 -26.9736 -16.39086 -2.282235 1.700061 0.325379 -0.315382 -3.245302 0.266326 -5.026056 -3.587686 -3.851846 -0.281296 -5.316405 -1.428965
1.276077 -26.9736 -16.39086 -0.554938 0.721074 -0.402852 -0.103475 -4.516867 0.303045 1.016495 -0.666612 2.005932 -1.509931 1.837624 -0.309113
21.27608 -28.9736 -16.39086 1.125746 -2.26301 0.718836 -2.461028 0.106415 0.042928 -2.622161 -0.03559 -0.368674 -1.493586 -1.275112 -2.87227
19.27608 -28.9736 -16.39086 2.556512 -0.304438 0.230903 -0.539443 1.528197 0.521138 -2.305138 1.058358 -1.470669 -1.860701 -0.373402 -2.020608
17.27608 -28.9736 -16.39086 4.165353 -0.589527 1.850823 -1.644111 1.946221 -0.39479 0.11487 0.37654 0.593523 -1.428011 1.172391 0.596779
3.276077 -28.9736 -16.39086 -1.820822 -0.301909 0.819541 -1.454103 0.5365 -0.085959 -0.051376 -0.322776 -0.715205 2.072236 0.650694 -0.239405
1.276077 -28.9736 -16.39086 0.639794 0.640947 -1.244365 -0.53306 -1.08341 1.119469 1.103598 1.498517 0.518447 -0.845028 1.425416 0.158197
-0.723923 -28.9736 -16.39086 1.699243 2.180962 -2.675522 -0.442162 0.785995 -0.411183 1.698478 -0.494706 1.705252 -1.018394 -2.77562 -1.030462
-2.723923 -28.9736 -16.39086 -0.089426 1.272119 -0.094595 -0.729845 0.889621 0.005246 -0.369232 1.765344 -0.545777 0.50073 -2.826671 0.039921
21.27608 -30.9736 -16.39086 2.793989 -1.716423 0.736957 -0.358626 0.138584 0.305444 -3.448238 -3.442703 -1.192397 -3.927723 -1.327965 -2.285436
19.27608 -30.9736 -16.39086 2.065901 1.345518 -0.373891 0.213184 0.13606 0.210429 -3.523823 -3.054722 -2.67783 -3.680437 -2.955939 -3.514945
17.27608 -30.9736 -16.39086 1.242901 -0.356871 0.558575 -0.244272 1.265236 0.053057 -1.219141 -2.455696 -0.851834 -2.185029 -1.20305 -0.9587
1.276077 -30.9736 -16.39086 0.476327 -0.514957 -1.283417 -3.242471 1.674433 0.731028 1.736234 0.264185 -1.424079 -2.202417 1.044091 0.323238
-0.723923 -30.9736 -16.39086 1.634251 2.353375 -0.682159 0.926625 1.329178 -0.119905 0.883628 -0.917696 -1.505847 -0.882831 -0.380743 -1.602648
-2.723923 -30.9736 -16.39086 0.79802 0.445417 0.580963 0.83288 0.03642 -1.4616 -2.026766 -2.714874 -2.022382 -0.916997 -2.149209 -2.998193
-2.723923 -32.9736 -16.39086 -1.504392 -1.387665 0.382914 0.869501 0.838043 -1.833945 -5.099849 -6.230795 -4.759642 -3.226042 -4.349747 -4.43717
-4.723923 -34.9736 -16.39086 -1.225471 -0.628302 -0.360893 -3.186976 0.03733 -1.173044 -0.176628 -0.953604 -0.057953 -0.423875 -1.779565 -0.713925
-4.723923 -18.9736 -14.39086 5.341669 -1.771178 1.546246 -2.738634 0.47374 -2.482654 -3.86291 -3.168605 -1.887214 -2.066225 -2.357363 -3.935747
-6.723923 -18.9736 -14.39086 -0.577314 -2.652748 1.827728 -2.761064 -2.089566 -1.231609 -5.874944 -3.028114 -2.459445 -3.466104 -1.12572 -2.815361
-8.723923 -18.9736 -14.39086 -0.553583 -0.70298 1.635764 -0.779442 -0.653647 0.516502 -2.277346 -0.633697 -1.236638 -1.734056 -0.725947 0.297704
-0.723923 -20.9736 -14.39086 -1.415545 3.106175 0.111585 2.530156 -0.031502 -1.248729 -0.533008 -0.254086 0.428081 -3.79592 -0.137557 -1.057668
-2.723923 -20.9736 -14.39086 2.884689 2.849952 1.877765 2.955088 0.906057 1.350623 0.380045 0.482948 0.300328 3.364165 1.319374 -0.542604
-4.723923 -20.9736 -14.39086 3.008147 0.293768 0.948889 0.801345 -0.112601 -2.345166 -3.42427 -2.294621 -3.067767 1.042498 -1.522819 -1.338416
-6.723923 -20.9736 -14.39086 -6.649951 -0.86433 0.457707 -0.965722 -4.398581 -3.605483 -8.090521 -4.818917 -5.748489 -1.564054 -5.786873 -2.322035
-8.723923 -20.9736 -14.39086 -4.396454 -0.232133 1.781517 0.26058 0.294534 -0.299284 -5.221439 -1.181258 -4.011782 -2.9491 -4.615237 -0.339344
3.276077 -22.9736 -14.39086 5.142076 -1.614117 -2.031619 -1.528099 5.808928 -0.577545 -7.587699 -4.783328 -2.309771 0.592426 -8.847734 -3.927024
1.276077 -22.9736 -14.39086 5.793186 0.74614 -1.855635 -1.76238 5.053032 -2.448199 -1.567934 -1.786518 0.192786 -4.395985 -4.344917 -2.734914
-0.723923 -22.9736 -14.39086 1.526324 0.927218 -0.045302 -1.978585 1.776087 -3.476346 -0.259383 0.054026 -0.490091 -4.238211 -2.219257 -2.235701
-2.723923 -22.9736 -14.39086 0.831762 2.13134 0.252723 0.124409 2.554809 0.434998 -0.891679 0.859338 -2.158968 1.57528 -1.987774 0.71041
-4.723923 -22.9736 -14.39086 -1.00399 0.849611 -0.311161 0.364473 1.999064 -0.838806 -3.296339 -0.797741 -3.630642 1.842101 -2.45679 -0.777304
-6.723923 -22.9736 -14.39086 -7.513588 0.591077 -2.035975 -1.891343 -1.838174 -3.816617 -7.550557 -2.61506 -5.250687 0.144438 -6.532078 -2.747013
-8.723923 -22.9736 -14.39086 -3.870129 0.463464 -0.698059 -0.434201 1.050667 -0.443619 -5.655054 -0.588315 -4.355192 -4.005498 -6.899848 -0.908812
3.276077 -24.9736 -14.39086 0.573751 0.399995 -1.544997 -0.750982 0.916223 -0.135158 -7.73318 -4.486566 -5.31839 0.312466 -8.821164 -3.186635
1.276077 -24.9736 -14.39086 -0.40604 -1.261656 -2.08833 -2.628324 0.783056 -2.047833 -1.698642 -3.425235 -3.73932 -4.846869 -5.249411 -3.503764
-0.723923 -24.9736 -14.39086 -2.468488 -2.032785 -1.851904 -4.498266 2.941164 -4.608703 -1.321729 -3.874392 -3.20332 -5.940506 -3.057607 -4.033464
-2.723923 -24.9736 -14.39086 -3.498168 -1.435245 -2.069103 -1.561802 4.185719 -1.186712 -3.279514 -0.895149 -3.881525 -1.587355 -2.894061 -0.509405
-4.723923 -24.9736 -14.39086 -2.3936 0.149008 -2.18699 -0.768007 2.98532 -0.008151 -3.019453 1.732767 -2.258915 -0.005294 -2.49213 -0.682149
-6.723923 -24.9736 -14.39086 -1.796645 0.523712 -1.522095 -2.72805 1.338533 -1.889696 -2.087727 1.516313 -2.148009 -0.364387 -1.554377 -1.820183
3.276077 -26.9736 -14.39086 -1.303402 1.22171 -0.982392 -0.9686 -2.296481 -1.78058 -6.499499 -5.057906 -4.020652 0.012693 -7.694427 -3.549867
1.276077 -26.9736 -14.39086 -3.066786 -1.637958 -1.348295 -1.709131 -4.026654 -1.948746 -2.004357 -3.83034 -3.797594 -5.31363 -7.097469 -3.293133
-0.723923 -26.9736 -14.39086 -0.788554 -3.15682 -2.371993 -4.488649 1.812183 -4.488537 -1.970009 -6.090487 -3.639891 -7.045805 -4.245124 -5.307649
21.27608 -28.9736 -14.39086 0.896198 1.454622 0.10298 -0.394711 -0.043149 0.973819 -1.704942 0.986052 0.119258 1.012966 -1.435492 -0.614902
19.27608 -28.9736 -14.39086 1.244467 1.291287 1.092073 -1.425274 1.831012 2.200151 -1.058594 2.903451 -0.99387 0.618875 0.075996 0.424177
17.27608 -28.9736 -14.39086 3.437931 0.108658 2.709447 -0.083181 1.574201 -0.331708 -0.112115 0.363651 0.175451 -0.613323 1.534626 0.385012
3.276077 -28.9736 -14.39086 -0.865692 0.243781 0.362809 -1.06499 -0.562504 -2.378956 -0.403162 -2.954531 -0.644024 1.458497 -3.34059 -2.831717
1.276077 -28.9736 -14.39086 0.706418 -0.159286 0.20964 -1.150676 -0.775285 -1.472002 0.583347 -0.49733 -1.243867 -2.99224 -3.12358 -1.952965
21.27608 -30.9736 -14.39086 0.388091 0.112683 0.311287 -0.071327 -0.018873 0.557274 -1.610495 -2.338809 -0.911988 -1.850738 -0.14955 -1.639626
17.27608 -30.9736 -14.39086 2.157351 0.734684 -0.370605 -1.234368 0.705137 0.505785 -0.993504 -1.59498 0.095918 -1.92642 0.556113 0.201912
3.276077 -30.9736 -14.39086 -0.319511 -1.166698 -1.272184 0.383321 -1.720786 0.32959 0.417185 0.224858 0.493206 1.426504 -2.336698 -1.88598
1.276077 -30.9736 -14.39086 2.793437 -0.215934 -0.797245 -0.390756 1.110422 -0.551154 3.166278 0.675843 0.531844 -0.436565 0.268457 -0.219455
-0.723923 -30.9736 -14.39086 1.525081 -0.128093 0.239935 1.692832 0.14774 -1.997957 1.438961 0.062871 -1.276813 2.827078 1.514925 -0.767715
-2.723923 -30.9736 -14.39086 -1.226699 -1.812942 1.143365 -0.489269 -1.768287 -2.263163 -1.43667 -1.362588 -0.271927 -0.470307 -0.877059 -2.424296
19.27608 -32.9736 -14.39086 1.880551 1.383571 -1.854582 -0.196175 2.52442 0.374583 -1.965392 -2.519428 -1.988598 -2.863003 -1.281039 -2.890822
17.27608 -32.9736 -14.39086 5.706403 1.190671 -0.378225 -0.067578 2.40203 0.656954 -0.780148 -2.108263 -0.608109 -2.238503 0.398441 -2.458288
1.276077 -32.9736 -14.39086 0.152092 0.571677 0.798503 0.375881 -0.676579 -0.761561 0.648766 -1.65109 -1.896028 -1.379612 -1.237374 -1.266421
-0.723923 -32.9736 -14.39086 2.205543 -0.082785 2.44261 0.243148 0.517291 -1.524988 0.411323 -2.148331 -1.512096 1.292988 -1.25069 -2.243928
-2.723923 -32.9736 -14.39086 2.884896 -0.943659 1.83486 -1.544021 2.000038 -1.208623 0.028809 -2.425935 -0.159073 -0.829191 -2.588047 -2.405965
-4.723923 -32.9736 -14.39086 1.654334 -1.204775 2.447828 -2.121894 2.157778 -1.755237 0.742256 -2.854652 0.98941 -2.051343 -1.953347 -1.018888
-0.723923 -34.9736 -14.39086 -1.147133 -0.16278 1.728584 0.130198 -1.143751 -2.221706 -1.605761 -3.307474 -0.927593 -1.195186 -3.340027 -1.210084
-2.723923 -34.9736 -14.39086 0.314726 0.220859 -0.463299 -1.284501 1.448359 -1.908289 -0.382162 -0.016345 -0.554199 0.525676 -2.890476 1.495451
-4.723923 -34.9736 -14.39086 2.341879 0.272181 1.446925 -1.432668 1.254851 -1.767319 0.476418 -0.248645 0.176678 -0.127499 -0.514177 0.831991
-6.723923 -34.9736 -14.39086 0.728536 2.596497 3.255785 2.157867 -0.408911 0.819303 1.018644 0.817949 -0.840398 2.595819 1.4644 2.327899
-6.723923 -36.9736 -14.39086 0.175127 -1.551269 2.161376 -0.61688 0.182896 0.292733 1.396244 -0.996054 -0.813989 -0.59254 2.37971 -0.337168
-6.723923 -20.9736 -12.39086 -0.01952 0.909522 -0.005937 -0.817824 -3.698192 -2.846637 -3.556498 -0.735325 -2.629545 -2.397339 -5.900397 -0.074459
-8.723923 -20.9736 -12.39086 -0.521037 0.991244 0.328594 0.759161 -1.895829 -1.177776 -4.430563 -0.764671 -2.557903 -1.337291 -4.791285 0.470054
-2.723923 -22.9736 -12.39086 2.771562 0.609422 2.417662 0.369465 3.317939 -0.471728 -0.60993 -0.240861 -1.657774 -2.203424 -1.7751 1.823158
-4.723923 -22.9736 -12.39086 1.749073 -0.57604 1.37303 1.535545 0.056754 -0.950554 -1.959408 -1.025148 -3.331899 -2.220024 -4.865192 0.019179
-6.723923 -22.9736 -12.39086 -0.566616 -0.690111 -2.314023 -0.405951 -0.857106 -2.828305 -4.796154 0.267677 -2.518516 -2.737921 -5.273544 -1.901508
-8.723923 -22.9736 -12.39086 -2.035692 -0.441592 -2.691326 0.907497 -1.787326 -0.709069 -5.202539 0.554319 -2.259827 -2.068337 -6.776351 -0.015323
17.27608 -24.9736 -12.39086 0.427717 -0.574094 -0.001525 0.188983 1.514951 -1.387384 -0.846095 -3.132152 -1.060492 -0.061016 1.371045 -1.181974
3.276077 -24.9736 -12.39086 -1.809424 -4.144421 -1.312137 -4.949326 -1.666485 -3.383471 -5.233928 -5.789066 -3.094853 -1.032851 -6.597723 -3.345405
1.276077 -24.9736 -12.39086 1.152175 -4.969589 -0.567319 -4.957109 2.225211 -5.297925 -0.931204 -4.562789 -1.76447 -2.444682 -3.941723 -3.344554
-0.723923 -24.9736 -12.39086 1.736569 -4.101151 0.900364 -4.332786 5.153753 -4.602638 -0.674729 -3.337574 -0.786185 -5.180952 -1.100531 -3.154887
-2.723923 -24.9736 -12.39086 -0.343453 -2.623441 1.644128 -0.185643 2.715392 -0.936704 -2.297348 -2.294619 -1.710189 -3.827192 -3.41881 -1.580522
-4.723923 -24.9736 -12.39086 0.660641 -2.043185 1.794053 3.072634 0.656243 0.913393 -2.407828 -0.681837 -1.4131 -2.581206 -3.58591 -1.754817
-6.723923 -24.9736 -12.39086 0.42022 -1.725788 -1.700904 0.492882 1.01911 0.566443 -2.81526 0.33025 -1.769208 -2.692608 -1.059225 -0.997303
17.27608 -26.9736 -12.39086 -0.116791 0.022755 0.893062 -2.021442 1.087844 -0.137371 -1.387112 -0.55424 -0.825021 0.427304 2.009434 -0.095039
1.276077 -26.9736 -12.39086 -1.663121 -3.605518 0.212059 -1.939872 0.395171 -3.257825 -5.364313 -4.360431 -3.997373 -3.613175 -6.439565 -3.947007
-0.723923 -26.9736 -12.39086 -2.10354 -3.54168 -1.678257 -0.610308 2.516222 -2.744627 -4.277708 -5.719315 -3.714668 -4.890457 -4.130745 -4.207333
-2.723923 -26.9736 -12.39086 -3.194027 -2.665349 0.393212 0.093592 2.383862 -1.290737 -2.099972 -5.49476 -1.234491 -2.877765 -2.301756 -2.764519
21.27608 -28.9736 -12.39086 -0.929621 1.059565 -0.156651 0.653155 0.956406 -0.227371 -2.202301 2.130633 -2.367906 0.700233 -1.872346 -0.558575
19.27608 -28.9736 -12.39086 -1.344689 0.923583 1.837759 -1.965616 0.794929 1.155716 -1.36037 2.516077 -2.488584 0.437778 -0.001787 0.21843
17.27608 -28.9736 -12.39086 -0.431726 0.621791 1.001057 -0.159983 -0.203616 0.537333 -2.465151 -0.921137 -0.600617 -0.279 0.964857 0.721275
15.27608 -28.9736 -12.39086 -0.463886 -0.185659 -1.563963 0.879883 -1.264478 -1.279114 -2.782429 -2.468077 -0.851715 -1.553322 0.070478 -0.061532
13.27608 -28.9736 -12.39086 1.951439 0.556907 -1.364855 1.952845 1.574896 -1.142136 -2.499901 -2.668725 0.101547 -1.750654 -0.317096 0.14533
3.276077 -28.9736 -12.39086 3.735495 -3.322989 -0.137635 -4.570384 -0.929601 -6.067107 -3.796612 -4.824595 -3.047003 -3.604915 -7.900738 -7.522621
1.276077 -28.9736 -12.39086 1.320667 -3.017984 1.812565 -3.848157 3.142341 -2.037261 -1.670666 -1.622642 -1.977167 -3.851612 -2.331686 -4.953531
-0.723923 -28.9736 -12.39086 -1.658231 -2.451919 -1.639738 0.47051 1.286737 -2.139715 -2.355349 -2.152868 -2.574976 -2.680027 -0.334613 -1.740461
-4.723923 -28.9736 -12.39086 -0.730975 -1.338228 -0.238596 -2.962673 -1.20333 -0.336189 -2.711127 -1.822643 0.28789 -0.253078 -1.269831 -1.890422
-6.723923 -28.9736 -12.39086 -0.028886 -1.466733 -2.458454 -4.014955 -0.728427 -1.477468 -3.005023 -1.221221 -0.393332 0.011682 0.040115 -1.230923
21.27608 -30.9736 -12.39086 -2.389712 -0.850433 -0.888391 -1.064837 -0.512962 -1.127565 -1.725825 -0.572873 -1.453962 -0.70919 -0.436563 -1.565848
19.27608 -30.9736 -12.39086 -0.355033 0.080617 0.694587 -1.738178 -0.129591 -0.687912 -2.269109 -1.062564 -1.729061 -0.801789 -0.249005 -1.89037
13.27608 -30.9736 -12.39086 -1.821865 -0.814244 -1.436912 3.33253 -0.013076 -0.408929 -2.278625 -1.991731 -1.402 -2.602571 -0.070516 -1.245207
3.276077 -30.9736 -12.39086 4.12242 -2.941163 0.707022 -2.331372 -0.755119 -1.457632 -1.21912 -0.699934 -1.459741 -1.494561 -4.268944 -6.197075
1.276077 -30.9736 -12.39086 4.278252 -3.406952 2.015178 -3.513303 3.030356 -2.445909 2.206841 -1.122765 -0.086822 -2.140422 0.3683 -5.745808
-0.723923 -30.9736 -12.39086 -0.812489 -2.245938 -0.195801 1.142496 0.635503 -2.992275 0.971973 0.107678 -0.950984 -0.337599 1.283011 -1.879955
-4.723923 -30.9736 -12.39086 -4.773709 -3.848932 -0.141373 -3.711406 -3.508157 -1.222991 -1.545951 -1.513077 0.087864 -1.637443 -4.979647 -3.19774
-6.723923 -30.9736 -12.39086 -1.347832 -3.462473 -2.291199 -5.23323 -2.284773 -0.768824 -1.171031 -2.674459 -0.767385 -0.604942 -3.054642 -2.422348
-8.723923 -30.9736 -12.39086 0.810895 -1.71233 -2.06982 -1.127509 -1.633066 -0.836053 -0.439995 -1.14805 -1.404878 -1.213658 -2.482363 -0.038714
19.27608 -32.9736 -12.39086 1.797722 -0.683783 -0.866642 -0.464423 1.463225 -1.956745 -1.833636 -1.680928 -0.325277 -2.022774 -0.082883 -2.43214
1.276077 -32.9736 -12.39086 -0.002476 -1.711853 1.060801 0.138052 -0.555468 -2.813787 0.453908 -3.228228 -3.899059 -2.518527 -3.169634 -5.122784
-0.723923 -32.9736 -12.39086 -0.050728 -2.358788 1.355511 -0.076981 0.562399 -2.806664 1.089053 -2.383225 -3.405213 -2.681259 -1.193734 -3.830738
-2.723923 -32.9736 -12.39086 -1.145083 -1.416767 1.309112 -0.382193 0.731085 -1.526571 0.689679 -1.334013 -1.484919 -2.806181 -3.710674 -4.062485
-4.723923 -32.9736 -12.39086 -2.688847 -2.449215 1.853419 -1.579753 -1.603062 -2.073252 1.462936 -2.161574 -0.222447 -2.366231 -1.82505 -3.384651
-6.723923 -32.9736 -12.39086 -2.283043 -2.306519 -0.307827 -1.629058 0.798452 -2.575365 1.240242 -1.894999 -0.344764 -0.622158 0.338208 -1.049457
17.27608 -34.9736 -12.39086 9.730542 1.151255 1.189008 -2.487646 1.846955 -3.262612 -2.717792 -4.742279 -1.456397 -3.053963 -2.075256 -5.95894
15.27608 -34.9736 -12.39086 9.717931 1.148852 1.171028 -3.910418 1.697878 -3.293773 -1.514877 -4.510753 -1.503071 -2.390504 0.99374 -4.42826
-0.723923 -34.9736 -12.39086 -4.488359 -2.294473 -1.795245 -2.221643 -4.021533 -4.950271 -2.737424 -4.579405 -1.933035 -3.033301 -2.455726 -3.994331
-2.723923 -34.9736 -12.39086 -3.037271 1.836921 -1.466938 -0.139227 -1.497721 -2.820944 -0.470729 -0.122425 -2.693362 -0.897331 -3.373457 -0.776676
-4.723923 -34.9736 -12.39086 -1.708617 0.544313 0.084619 -0.791371 -1.069163 -3.01724 1.045183 -0.454214 -1.816155 0.379475 -0.219243 -1.715424
-6.723923 -34.9736 -12.39086 -1.102587 -0.436585 1.266116 0.844941 1.983298 -3.241265 2.405895 1.518154 0.900938 2.549224 3.312303 0.032034
-4.723923 -20.9736 -10.39086 -1.5086 1.662647 0.847434 -3.178067 0.004003 -0.537634 -0.75578 -1.5291 -1.306138 -2.48189 -1.180686 0.048058
-6.723923 -20.9736 -10.39086 2.39463 4.33091 1.401781 0.267732 -1.607841 0.047511 -2.359104 0.086732 0.130887 -0.943378 -1.945009 1.218706
-8.723923 -20.9736 -10.39086 1.891876 3.837171 -0.746637 2.058964 -2.8793 -0.12745 -3.683931 -1.062671 -0.701411 -0.493934 -2.478965 0.906292
-4.723923 -22.9736 -10.39086 0.423309 0.484838 2.549678 -1.337536 -0.529124 -0.376986 -3.05209 -1.958465 -2.183066 -2.824589 -4.507926 1.031682
-6.723923 -22.9736 -10.39086 2.798489 2.029314 1.066689 -0.327928 0.094979 0.036789 -3.202145 0.901283 0.209544 -1.46607 -1.039773 1.180292
-8.723923 -22.9736 -10.39086 -0.10715 1.916765 -1.74012 0.987553 -1.731065 1.275665 -3.025418 0.707666 -0.836311 -1.140532 -2.576473 0.560148
17.27608 -24.9736 -10.39086 -1.090101 0.625026 -2.316849 1.442385 0.830977 0.190278 -2.139544 -2.210989 -0.607414 0.381344 -0.319827 -0.618959
15.27608 -24.9736 -10.39086 3.918191 1.403353 -1.560698 2.1874 2.809245 0.473037 -0.892721 -0.535815 1.488064 -1.461796 2.895975 0.018318
-2.723923 -24.9736 -10.39086 -2.898335 -0.352166 0.231826 0.295878 -2.009171 -0.899171 -4.660993 -2.58987 -3.155603 -3.592691 -3.568079 -0.943995
-4.723923 -24.9736 -10.39086 -1.124801 0.177897 1.753997 2.585423 -2.014775 1.8019 -4.238142 -3.330621 -2.439181 -2.337202 -3.350402 -0.617789
-6.723923 -24.9736 -10.39086 0.462857 0.647839 -0.112324 2.567204 0.003142 3.368167 -2.57796 -1.783081 -1.56753 -2.029113 0.669985 0.950435
17.27608 -26.9736 -10.39086 0.563692 -0.274164 -1.251853 -1.575934 0.758891 0.134016 -1.278583 -0.951581 0.161082 -0.874884 1.376542 -1.755285
15.27608 -26.9736 -10.39086 2.073363 -0.341774 -2.459699 1.791003 1.593095 0.740178 -0.826977 -2.211675 0.356566 -0.376109 3.383629 -1.854258
13.27608 -26.9736 -10.39086 3.704005 -0.407481 0.99866 2.064642 2.183141 -0.165925 0.641479 -1.253212 0.425471 -0.355192 1.909275 0.899004
11.27608 -26.9736 -10.39086 -0.377138 -0.329431 1.195371 0.970058 -1.143261 -0.438075 -1.084476 -2.420205 -1.066631 -2.952657 -0.878648 0.09369
1.276077 -26.9736 -10.39086 2.439538 1.421092 0.898106 4.20115 5.319508 0.385362 -6.840833 -2.077778 -2.560202 -0.34466 -1.015471 -0.500067
-0.723923 -26.9736 -10.39086 -0.351947 0.159785 0.127765 3.366164 1.628924 0.809779 -3.767155 -2.394787 -1.823776 -2.343344 -1.832338 -1.457355
-2.723923 -26.9736 -10.39086 -1.859326 -0.272434 1.460278 1.416617 1.436294 0.087948 -3.325383 -1.681561 -2.106315 -2.823467 -2.261524 -0.099488
-4.723923 -26.9736 -10.39086 1.566868 1.450858 1.555877 2.161676 1.65232 0.660644 -1.770313 -1.006466 -1.55743 -3.318881 -1.151847 0.190081
-6.723923 -26.9736 -10.39086 1.508001 0.462594 -0.110085 2.555517 0.260691 1.028345 -2.197174 -1.794646 -2.123357 -2.77693 -1.436499 -0.427908
-8.723923 -26.9736 -10.39086 -0.109973 1.511559 -0.570383 1.081662 0.590998 0.400545 -0.628215 -0.501559 -2.564462 -1.966926 0.082325 -0.476485
19.27608 -28.9736 -10.39086 -1.160365 0.545348 -0.6509 1.794816 -0.502966 0.690936 -0.344724 1.68185 -0.807491 0.238913 -0.38495 -1.123676
17.27608 -28.9736 -10.39086 -2.714188 -0.685798 -1.25016 -1.154925 -1.084625 0.358243 -1.86336 -0.578999 0.053974 -0.169227 -2.324328 -0.870779
15.27608 -28.9736 -10.39086 -2.339258 -0.382195 -2.12048 0.633935 -1.878711 1.102978 -1.600852 -1.466702 -0.25617 1.569535 0.063899 -1.177046
13.27608 -28.9736 -10.39086 2.355486 -0.520109 -0.495116 0.978976 0.738247 0.098054 -0.664816 -2.030208 0.915765 0.052462 2.24534 0.930227
1.276077 -28.9736 -10.39086 -0.361437 -1.505207 0.153337 0.297648 3.299855 -0.031107 -7.30302 -1.745705 -5.613258 -2.927697 -4.115769 -3.522884
-0.723923 -28.9736 -10.39086 -3.188403 -1.07485 -1.201767 2.055993 -0.481697 0.944964 -2.75887 -1.781372 -3.456082 -2.810562 -1.926019 -1.351763
-2.723923 -28.9736 -10.39086 -1.499646 -1.940672 -0.017677 1.811446 -0.863241 0.726777 -3.794728 -0.319462 -3.589745 -1.49512 -3.59023 -0.367637
-4.723923 -28.9736 -10.39086 -2.85935 -0.28169 -1.922169 2.163026 -2.145181 -0.50273 -4.973574 -1.733595 -3.578707 -1.38078 -4.594051 -1.471234
-6.723923 -28.9736 -10.39086 -2.345144 0.254474 -3.107229 1.703735 -2.052434 -1.204428 -5.641329 -3.442432 -3.548536 -1.491909 -4.190722 -1.591902
-8.723923 -28.9736 -10.39086 1.341637 -0.78525 -0.561226 2.729115 0.82986 -1.082949 -2.41954 -0.369461 -2.092392 -0.103683 -0.395734 -0.018712
19.27608 -30.9736 -10.39086 -3.392145 -1.804538 -1.575275 2.387996 -1.800322 -0.272319 -1.731887 -1.752741 -1.689495 -0.770866 -0.804829 -2.484015
17.27608 -30.9736 -10.39086 -5.10567 -0.363489 -2.96657 1.09869 -1.431147 0.138196 -3.194883 -2.261238 -1.69752 -2.970955 -4.384981 -2.351574
15.27608 -30.9736 -10.39086 -4.373572 -2.012764 -3.206993 0.90244 -0.389309 -0.441013 -2.338722 -1.124775 -1.31181 -1.261446 -2.210077 -1.992472
13.27608 -30.9736 -10.39086 -2.583709 -0.697266 -1.718264 2.296839 -0.696672 1.495362 -0.8984 -0.645268 0.42552 -0.363935 1.006861 -2.011408
1.276077 -30.9736 -10.39086 -0.064268 -4.767453 0.715354 -3.861661 0.04003 -4.003359 -5.694745 -2.018704 -4.990946 -2.357804 -3.31754 -6.409425
-0.723923 -30.9736 -10.39086 -3.803691 -3.154639 -1.452542 0.535561 -1.721518 -3.133252 -1.910031 -1.347777 -2.57797 -2.075962 0.556843 -4.13635
-2.723923 -30.9736 -10.39086 -3.66404 -2.470281 0.439734 2.4208 -2.446058 -1.415009 -2.432232 -0.756747 -0.970022 -0.806064 -2.948106 -3.980627
-4.723923 -30.9736 -10.39086 -6.324174 -1.623023 -0.738599 2.04914 -5.358065 -1.735248 -4.923504 -1.263823 -2.473289 -1.513453 -5.995616 -2.95016
-6.723923 -30.9736 -10.39086 -4.626609 -3.016857 -3.257554 -0.737546 -2.609996 -1.146321 -4.986487 -3.003829 -2.594836 -2.72181 -5.25789 -2.207187
-8.723923 -30.9736 -10.39086 -0.278766 -3.189678 -1.682391 2.113418 -0.855421 -1.347204 -2.928269 -0.032088 -1.267941 -1.286039 -2.422002 -0.427943
-10.72392 -30.9736 -10.39086 0.560793 -2.657629 -0.312768 1.849481 -0.872232 -3.36711 -1.821949 0.647489 -2.183842 -1.091039 -3.404373 -0.691245
17.27608 -32.9736 -10.39086 -2.402634 -0.317793 -1.670572 3.118176 -2.61408 1.290533 -0.366553 -2.764493 -1.512034 -2.937791 -3.160805 -1.969847
15.27608 -32.9736 -10.39086 -1.2325 -1.359588 -2.393238 0.564552 0.438899 0.392527 -0.059563 -0.797687 -1.840257 -0.803275 -3.483465 -0.042005
13.27608 -32.9736 -10.39086 0.140123 0.752886 -1.090903 0.568619 2.519853 2.904202 0.524047 2.223603 -0.900425 1.878848 -1.632848 -0.066567
1.276077 -32.9736 -10.39086 -1.275261 -4.104669 1.235208 -2.734912 -2.377263 -7.091205 -5.879785 -5.020864 -6.380482 -3.046712 -7.355188 -7.818858
-0.723923 -32.9736 -10.39086 -3.756612 -4.797848 0.046609 -1.657505 -1.287258 -5.671709 -2.723964 -4.446834 -4.875545 -5.116489 -2.174824 -6.96084
-2.723923 -32.9736 -10.39086 -2.396892 -2.280169 0.265394 2.848321 -1.762632 -4.449896 -3.009078 -3.555042 -1.748029 -3.953198 -4.180733 -7.265866
-6.723923 -32.9736 -10.39086 -2.512149 -4.127231 -0.839368 0.695001 1.437004 -2.11507 -1.533245 -1.318428 -1.069297 -2.831023 -1.542204 -1.254987
-8.723923 -32.9736 -10.39086 -0.998043 -2.805511 -3.188108 0.08627 -0.063153 -1.513206 -3.24916 -0.158962 -0.290694 -2.304381 -2.174749 -0.124458
17.27608 -34.9736 -10.39086 2.164276 -0.342618 -1.375449 -0.480991 -1.213406 0.399685 0.660503 -3.502822 -1.063267 -0.634117 -1.666991 -1.775807
15.27608 -34.9736 -10.39086 2.565423 0.021963 -1.506714 -1.656761 -0.446218 0.885398 0.998405 -1.053539 -1.377787 2.011 -2.096339 0.913499
-4.723923 -34.9736 -10.39086 -0.222597 0.403072 1.331123 1.775955 -1.028129 -2.427284 -2.593526 -1.44884 -2.721286 -2.11801 -5.060738 -2.393416
-6.723923 -34.9736 -10.39086 -0.205396 -1.989189 0.838075 0.379079 1.833379 -3.380559 0.366343 1.113353 0.881856 1.711942 1.376878 0.266626
17.27608 -24.9736 -8.390862 -3.256508 1.019666 -1.47799 0.391407 -2.063148 -1.741996 -4.09872 -1.963104 -1.400227 -1.166505 -3.839357 -1.013002
15.27608 -24.9736 -8.390862 0.417899 1.29341 -2.093071 0.123554 -0.436397 -0.247851 -1.868474 -2.771275 -0.815912 -3.19851 -0.101736 -2.02252
-4.723923 -24.9736 -8.390862 -2.962786 1.581822 -0.854187 -1.283258 -1.254964 0.059456 -3.0721 -2.976033 -1.993289 0.935992 -0.261361 0.269945
15.27608 -26.9736 -8.390862 1.546572 -0.936022 -0.2662 -0.82896 -0.571993 -0.779143 -1.297752 -1.386221 -0.928383 -1.901995 1.279948 -1.861767
13.27608 -26.9736 -8.390862 1.222435 -1.045754 -0.098712 -1.596457 -0.389232 -0.527284 -0.476346 0.026947 -1.338433 -0.074657 -1.211683 0.517976
11.27608 -26.9736 -8.390862 -1.25222 -1.286062 -1.489444 0.104979 -1.322088 -1.414105 -2.341467 -1.506618 -2.766741 -3.593651 -3.898191 -1.269591
-4.723923 -26.9736 -8.390862 -0.448003 2.277867 -1.092802 0.251563 2.239353 -0.616872 -1.318115 -0.982332 -0.114023 -2.142339 1.604271 -0.141443
-6.723923 -26.9736 -8.390862 -0.054048 -0.39795 -1.888455 -0.520213 0.384308 -1.452696 -0.379937 -2.198797 -0.059263 -2.252287 -0.319979 -1.31899
-8.723923 -26.9736 -8.390862 -0.749249 -0.698927 -1.063533 -1.314599 -0.053883 -0.581966 0.399972 -1.749019 -0.088698 -1.575764 1.836181 -1.601044
11.27608 -28.9736 -8.390862 1.141846 0.630335 -0.069977 -0.727864 -0.255941 -1.302494 -1.791574 -1.907524 -0.976529 -1.885524 -0.630623 -1.380175
-8.723923 -28.9736 -8.390862 -0.534692 -1.134551 1.470861 0.041191 -0.020984 0.435193 -0.159289 -1.018299 -0.754358 -1.445639 0.59723 -0.838091
-8.723923 -30.9736 -8.390862 -2.135758 -1.544131 0.544519 0.666915 -1.832001 1.364567 -1.857689 0.784435 0.259544 -2.421153 -2.423985 1.336224
-8.723923 -32.9736 -8.390862 -2.24073 0.765016 -2.654583 1.936786 -1.999824 1.667506 -2.971129 0.842471 -1.118984 -1.752303 -1.781121 1.853539
-6.723923 -34.9736 -8.390862 -0.594493 -0.337397 -0.730139 3.53821 0.382832 0.933696 -3.597825 -1.223582 -0.905605 0.26688 -3.933335 1.057227
-8.723923 -34.9736 -8.390862 -0.787037 3.112086 -1.715952 2.824013 -0.589441 1.334227 -3.226363 -1.073306 -1.603729 0.533232 0.345411 1.470095
-8.723923 -36.9736 -8.390862 -2.28858 1.856194 -1.801092 2.488412 -1.862362 1.830276 -3.201318 -1.147328 -1.97236 1.349949 -1.088385 2.069021
15.27608 -24.9736 -6.390862 -0.453743 -0.042685 -0.380679 -0.036912 -1.338933 -2.282864 -2.821635 -4.624441 -1.52589 -3.043208 -1.384211 -3.324869
13.27608 -24.9736 -6.390862 4.241451 -0.330968 0.163388 -1.377729 -1.518081 -2.378713 -1.814661 -5.151654 -2.242318 -1.068559 0.041501 -2.865763
15.27608 -26.9736 -6.390862 -3.497619 -0.67565 -1.29913 -1.932774 -1.981631 -4.056314 -4.119443 -4.581678 -3.598319 -2.915612 -3.526193 -3.391142
13.27608 -26.9736 -6.390862 -0.937391 0.078367 -2.557128 -0.184292 -2.157879 -2.742957 -3.84642 -3.048804 -3.361694 0.675646 -4.413905 -2.022825
11.27608 -26.9736 -6.390862 -0.411005 -1.795813 -2.977396 -0.167219 -2.753339 -3.990405 -3.749613 -3.509147 -2.134041 -1.965696 -5.807885 -3.681829
13.27608 -28.9736 -6.390862 -1.143333 -0.134756 -3.91372 0.594925 -1.973193 -3.171322 -4.745715 -1.753018 -1.963569 1.166056 -4.310469 -2.614241
11.27608 -28.9736 -6.390862 -2.42377 -2.049289 -2.986419 0.456098 -2.906233 -4.467548 -5.506392 -3.448308 -1.855643 -0.411025 -7.273034 -4.95686
