-3.593056 -27.57547 -1.105946 -0.829272 2.974494 -4.68904 1.550604 1.871207 3.284918 -5.43385 3.204388 -1.138107 -1.259841 -3.185764 0.347922
-9.593056 -27.57547 -1.105946 0.028656 -0.993855 1.683253 -0.553881 -1.580544 0.886992 -1.312645 -0.366054 -1.255189 0.593697 -0.751008 2.938687
-3.593056 -27.57547 0.894054 -3.366124 3.308262 -3.989725 1.701601 -0.476305 2.576056 -4.810183 0.180436 -0.320502 -0.997563 -1.439336 -1.446477
-9.593056 -27.57547 0.894054 -0.825844 0.363453 2.314592 0.83544 -2.695056 1.306218 -3.356609 -2.010031 -2.53634 1.12696 0.428273 2.953823
8.406944 -33.57547 0.894054 -0.101642 2.672613 -2.284802 5.801156 -1.209396 1.499145 3.347283 1.292785 1.382891 6.087697 2.107937 5.983954
8.406944 -25.57547 2.894054 2.07928 -0.663034 -0.976263 -4.059724 0.425544 -2.299422 0.077005 1.154684 -0.179849 -0.527922 3.425037 -3.371205
-5.593056 -27.57547 2.894054 0.200045 3.06615 -2.125345 -4.381957 -0.296071 1.212236 -0.426634 -0.390773 -0.287364 -0.201271 -1.463353 -1.118554
-15.59306 -27.57547 4.894054 -1.196178 -1.959353 -0.921987 -2.109133 -2.839324 -0.604843 -0.577399 -2.222207 -2.495281 -0.483551 0.034925 0.326716
8.406944 -29.57547 4.894054 0.967584 1.499759 1.743944 -1.479267 2.534446 -2.410455 -1.071681 -0.375824 3.210684 2.265544 0.398872 -1.384673
-17.59306 -29.57547 4.894054 -1.158432 -1.8761 -1.959579 -3.791098 -3.584977 -3.282395 -3.347401 1.392234 -1.504974 0.731452 -1.512703 1.14182
-3.593056 -43.57547 4.894054 -1.095782 0.094424 -0.300642 -1.613553 -1.957719 -0.579715 -0.451106 -0.773909 -1.652007 0.598752 -2.070354 -0.584026
-7.593056 -35.57547 6.894054 -0.610394 -0.045104 -2.011857 -1.517161 -0.754267 -1.685854 -1.733876 0.875384 -0.264681 1.747055 -0.984966 -0.15976
-31.59306 -35.57547 6.894054 3.023505 1.022516 3.335391 1.925205 0.30924 -0.46913 4.887421 -1.103322 1.440176 3.513895 1.950274 0.413941
-33.59306 -35.57547 6.894054 2.706932 -1.018486 4.018646 -2.486236 -0.068298 -3.10077 3.42034 -1.384282 0.556253 1.536254 2.309082 0.032414
-35.59306 -35.57547 6.894054 1.00114 -1.875491 2.86508 -4.245909 -1.632543 -3.522108 0.939732 -1.580032 -0.68065 -1.497951 2.300791 -0.568709
10.40694 -39.57547 6.894054 3.130639 0.695327 -0.32951 -1.493284 1.350397 1.22959 -0.932352 -0.687771 -1.01385 -1.046445 2.209993 0.155492
6.406944 -41.57547 6.894054 1.541786 0.80598 2.198732 3.728224 1.812385 1.049218 -0.939653 2.859783 -0.021 1.731044 2.272857 2.701825
8.406944 -43.57547 6.894054 -1.119081 -0.965801 -1.060026 -2.220497 1.729132 1.567287 -1.159179 0.626793 -0.579711 -2.4301 -0.563042 -0.155738
6.406944 -43.57547 6.894054 1.171617 0.816971 2.076872 0.608086 4.388148 0.885542 -0.62467 1.253543 1.083271 0.635019 2.002452 0.979633
0.406944 -43.57547 6.894054 -0.285865 0.057594 0.416713 0.545582 0.370005 0.274112 -0.882402 1.093636 -1.595067 0.671689 0.541245 0.488061
-1.593056 -43.57547 6.894054 1.095304 1.37251 1.625189 1.229041 1.645197 -0.267756 -1.776099 -0.154751 -0.818173 -0.264158 -0.149562 -1.489747
-3.593056 -43.57547 6.894054 0.544387 -0.823165 1.114279 -1.219066 0.573666 -0.743993 -0.661366 -0.169719 -1.524735 -1.220045 0.104885 -0.652615
0.406944 -45.57547 6.894054 1.344234 0.861273 0.009912 0.478385 2.27424 0.597488 -0.500132 0.372872 -0.024965 0.636703 2.679554 0.249022
-1.593056 -45.57547 6.894054 0.51204 -0.01515 0.572904 -0.279174 1.103889 0.578888 -0.722887 -0.893247 0.581057 -1.046572 1.053505 -2.68809
-3.593056 -45.57547 6.894054 0.391143 -1.44103 0.636738 -1.244154 1.17052 0.111861 -0.109218 0.150929 0.539319 -0.412384 -0.289749 -1.045348
0.406944 -47.57547 6.894054 1.035722 1.235847 -0.447617 1.754441 1.593861 2.374868 0.279886 1.115258 -1.010176 0.230432 1.031853 0.629401
-1.593056 -47.57547 6.894054 0.424647 0.82667 -0.243076 3.203902 0.073712 1.593958 0.760564 0.67444 0.541984 -0.204234 1.298014 -0.197914
-3.593056 -47.57547 6.894054 -0.063845 0.134945 -0.809379 1.586728 0.089838 0.63572 0.497488 0.461116 0.243385 -0.729953 -0.531016 -1.776771
8.406944 -35.57547 8.894054 2.842168 2.601125 -0.144345 2.953253 -0.559302 4.060989 -0.591889 4.135874 -0.214542 1.693865 0.144963 2.501089
-15.59306 -35.57547 8.894054 0.108275 -1.05438 0.096571 -1.518765 2.44257 0.573585 -0.254557 1.268137 -0.774409 -0.735228 2.61371 0.2609
-33.59306 -35.57547 8.894054 -0.416777 -1.870119 0.776072 -1.969814 -2.204262 -0.474077 1.489123 -0.715662 0.197828 -2.219153 -0.384902 -0.922351
8.406944 -41.57547 8.894054 -0.694196 0.488934 0.21538 3.946093 0.077022 1.580014 -0.332481 1.026797 -0.460939 0.238631 1.038689 1.103574
2.406944 -43.57547 8.894054 -0.775049 -1.654405 -1.414925 -2.484464 -2.526364 0.500844 0.05283 1.573363 -2.534259 1.770786 0.256897 2.485292
0.406944 -43.57547 8.894054 1.172096 0.52522 1.465078 0.089671 0.03514 -0.006519 0.4222 1.55363 -3.768761 1.65343 -0.083561 2.536004
2.406944 -45.57547 8.894054 1.090246 -0.776258 -0.610702 -0.090019 0.969391 -0.776995 1.397674 1.301865 0.17959 3.010985 1.558081 1.354135
0.406944 -45.57547 8.894054 2.528731 0.924126 -0.160593 1.771807 1.915619 0.344963 0.448618 0.76168 -0.333609 1.128609 2.046484 0.619322
-1.593056 -45.57547 8.894054 0.910522 0.454514 -1.248677 1.457808 0.995383 0.765167 0.024957 0.607581 -1.299593 -1.724164 1.86659 -2.465181
-3.593056 -45.57547 8.894054 -0.828323 -0.148539 -0.986128 0.606507 0.010745 1.585284 -0.00169 0.674918 -0.424816 -0.931413 -0.410052 -1.051741
2.406944 -47.57547 8.894054 2.354164 1.004476 -0.019565 -1.553938 2.121812 -0.219561 0.315726 0.871906 -0.147335 0.853528 1.988289 0.725519
0.406944 -47.57547 8.894054 1.635358 1.385012 0.687583 1.066594 1.156454 1.025401 0.75054 1.138691 0.001242 0.411597 3.099258 0.432746
-1.593056 -47.57547 8.894054 0.391244 0.621173 0.80469 2.008004 0.710511 1.753448 0.769263 1.0306 0.114134 0.132777 2.495031 -0.428948
-3.593056 -47.57547 8.894054 -1.246254 0.172479 -0.739509 0.514118 -0.196545 1.660128 0.557725 0.010182 0.455981 -1.397139 -0.829456 -1.986989
-5.593056 -47.57547 8.894054 -0.409635 1.074207 0.497894 1.230765 1.170344 2.23483 0.799423 -1.144632 1.119066 -0.79607 0.12635 -0.066285
-7.593056 -47.57547 8.894054 0.128531 0.710892 0.12741 0.90239 1.561759 0.589285 0.477312 0.190443 1.170254 0.287129 1.250718 1.096944
-5.593056 -49.57547 8.894054 0.246943 0.754199 -0.655009 -1.180906 -0.280628 -0.0409 1.395791 -0.899804 1.400173 -0.289605 0.743027 -0.471706
8.406944 -35.57547 10.89405 1.190426 3.343889 0.461099 2.189278 -0.278989 3.302919 -3.183997 4.338727 0.745281 5.466717 -1.383833 2.21645
-1.593056 -35.57547 10.89405 -1.791712 3.939528 -0.918206 4.105892 -0.08089 3.994055 -3.396641 0.570928 -2.048613 1.709267 -3.916589 2.457694
-3.593056 -35.57547 10.89405 -1.062844 3.432254 -1.917149 2.582231 0.312143 3.996284 -2.908661 0.979484 -2.561732 2.663225 -2.810505 -0.053002
-17.59306 -35.57547 10.89405 -0.709497 -0.450496 -1.471031 -2.48284 1.115442 0.853696 -1.288655 2.179244 -1.06907 0.907337 2.504112 -0.78843
6.406944 -37.57547 10.89405 2.282796 -0.498044 1.9003 0.604352 0.273264 2.484547 -3.341359 0.919337 -0.99473 3.995167 -2.060233 0.610508
8.406944 -39.57547 10.89405 2.67299 3.530773 1.38374 4.942458 0.319955 2.440186 -1.418916 1.649097 -0.931614 2.532604 -0.437296 1.822951
8.406944 -41.57547 10.89405 0.978979 1.77057 0.166301 3.537015 0.478869 0.748121 -1.30267 0.813542 -0.217619 2.240614 -2.18682 1.739178
8.406944 -43.57547 10.89405 1.625142 1.125734 -0.515974 2.109064 2.113766 1.290503 -0.737341 1.626683 0.387257 3.310321 1.509933 1.808852
0.406944 -43.57547 10.89405 -2.061713 0.002211 -0.040307 -2.447545 -1.588157 -1.019174 -1.899777 0.844503 -2.529127 -1.175156 -1.721211 -0.20029
-1.593056 -43.57547 10.89405 0.981212 0.730618 2.033909 -0.575575 2.536099 1.577047 -1.216274 1.769246 -1.661501 0.082208 0.266575 -1.357352
0.406944 -45.57547 10.89405 0.342402 0.684406 -2.966113 -0.687074 -0.975737 0.279389 -0.401516 0.248192 0.092825 -1.248621 0.627681 -2.808405
-9.593056 -45.57547 10.89405 -1.654479 -1.41029 -2.774896 1.367098 0.333492 0.8041 1.064535 0.797302 -1.279646 2.245708 0.131546 2.01549
-11.59306 -45.57547 10.89405 -0.777688 0.40189 -1.129277 1.428062 -0.428915 1.654204 -0.065365 -0.153454 -0.227517 0.306053 -0.362597 1.525349
0.406944 -47.57547 10.89405 -0.032538 -1.403647 -1.699131 -2.310719 -1.507803 -1.176664 -0.471623 0.200373 0.211556 -1.795355 0.814 -1.692378
-7.593056 -47.57547 10.89405 -1.240539 0.18721 -0.553882 1.320652 -0.320526 0.811218 2.39631 -0.494653 -1.222996 1.935039 0.196797 1.572008
-9.593056 -47.57547 10.89405 -1.881471 -0.4013 -3.124503 0.880494 -2.022108 1.001173 -0.650707 1.200114 -2.692199 1.034122 -1.280641 0.463003
-7.593056 -49.57547 10.89405 1.257315 0.801735 -1.430702 0.743622 0.285199 0.792101 1.946752 -1.416854 -1.268275 -0.189406 -0.078858 -1.409029
-23.59306 -35.57547 12.89405 -0.903184 -0.056072 -1.922036 0.038927 -1.723361 0.242561 0.369104 1.030082 -3.624418 -0.367664 -1.337188 1.227657
-21.59306 -37.57547 12.89405 -1.686378 -0.19387 -0.84177 1.32463 -1.827309 0.827149 -0.840944 0.114879 -0.67032 0.7804 -2.771888 -0.79909
6.406944 -39.57547 12.89405 2.955433 0.515462 2.201756 -0.04324 4.23808 0.281952 -0.55768 2.404066 0.158975 2.907447 -2.957355 -0.156044
-1.593056 -43.57547 12.89405 -1.995099 2.362274 0.832318 -1.75806 -0.465819 4.036837 -1.564029 2.367442 0.463117 0.10746 -1.554955 -0.290064
-13.59306 -43.57547 12.89405 -1.20501 0.18458 -1.173178 0.003125 -1.695545 0.513071 -0.665314 0.154991 0.213331 -0.330711 0.172278 2.664096
-25.59306 -43.57547 12.89405 -0.972549 -2.536967 -0.546577 -4.41031 0.232288 -2.117367 -1.584251 0.313972 0.162421 -1.429297 0.014706 -0.658331
8.406944 -45.57547 12.89405 -0.849009 1.387707 0.261003 -1.326956 -0.255762 1.236766 1.439204 2.687439 1.860266 2.398667 0.302045 0.996224
0.406944 -45.57547 12.89405 -2.640368 0.770061 -2.150104 -2.136573 -2.607164 1.124717 -1.932124 1.320036 0.313136 -0.373575 -1.509748 -1.561463
-1.593056 -45.57547 12.89405 -1.940288 2.482763 -0.926866 -0.048084 -1.609347 3.845751 0.411716 2.611869 1.290544 1.684819 -0.713963 2.425812
-9.593056 -45.57547 12.89405 -1.46063 -0.807532 -1.656276 1.964381 -1.668607 -0.164931 0.420439 1.11448 -0.976831 1.135955 0.9295 2.107762
-11.59306 -45.57547 12.89405 -0.727862 -0.796845 -0.826591 1.934739 -0.979349 -0.742146 0.993706 0.364871 -0.255462 0.270669 0.000925 1.02445
-13.59306 -45.57547 12.89405 -0.684096 -0.187961 0.613835 2.577919 -0.273188 -0.639346 -0.866933 0.246129 0.578589 0.611113 -0.632762 1.50923
-19.59306 -45.57547 12.89405 0.52414 1.636027 -2.787876 1.823492 -1.115563 2.903796 0.154098 0.415899 -0.490519 1.443339 1.037539 0.644407
8.406944 -47.57547 12.89405 1.737051 2.303981 3.52904 -0.581301 1.974566 1.167446 0.229739 1.817399 0.817983 2.355974 2.375717 0.044959
-1.593056 -47.57547 12.89405 -1.54373 0.004097 -1.758659 -1.296846 -2.883301 0.159164 -1.180209 1.862458 1.285956 1.915344 -0.435639 1.815073
-3.593056 -47.57547 12.89405 -0.727991 0.630369 -1.357818 -0.881362 -1.421272 0.310989 -0.082327 1.736797 0.514656 3.800588 0.96973 2.309856
-7.593056 -47.57547 12.89405 -0.316721 0.207716 -0.379408 1.437968 -2.080298 2.784295 1.35959 0.844356 -0.179344 2.429682 1.210394 2.565502
-9.593056 -47.57547 12.89405 -0.717576 -0.587453 -0.9061 1.249725 -2.477181 2.923184 0.831043 1.869209 -0.406047 2.795802 1.438024 0.969788
0.406944 -35.57547 14.89405 1.978602 0.511901 2.368626 -0.595228 3.401529 0.695812 -2.922019 -1.148772 0.351179 1.806105 4.518788 -2.349097
-1.593056 -35.57547 14.89405 1.963246 -0.597432 1.233337 -3.039494 1.44314 -1.367432 -1.990617 0.355474 -1.722902 1.976482 2.352032 -3.573337
-19.59306 -37.57547 14.89405 0.060686 -1.850393 -0.690381 -1.368209 2.283277 -0.769682 -1.411473 -0.679689 0.741761 -1.653918 -0.364775 -1.479768
8.406944 -39.57547 14.89405 0.532467 3.942449 1.602467 0.63628 1.800202 2.773821 0.260761 1.197633 -0.211196 1.978 0.58941 -1.16542
-23.59306 -41.57547 14.89405 -0.220271 -0.093076 -2.053918 -0.875594 1.283988 0.163093 -2.073472 -0.695976 1.597621 -1.545894 2.831718 -1.949641
10.40694 -43.57547 14.89405 2.587195 2.362663 5.28742 -0.127039 3.635831 -0.677499 -0.589303 3.046678 1.550705 0.905026 1.862233 -1.490771
-1.593056 -43.57547 14.89405 0.000481 0.874259 0.875305 -0.480783 1.600648 5.080785 2.13277 1.06624 1.901608 0.171244 2.187781 -0.206593
-13.59306 -43.57547 14.89405 -1.111307 0.464573 -1.137637 1.644508 -0.187491 0.882925 0.076217 1.247742 -1.926347 0.430313 -0.509923 3.611295
10.40694 -45.57547 14.89405 -0.4656 0.135643 2.975396 0.569334 -0.092803 -0.190608 -1.077964 2.527464 0.70496 0.086798 0.731406 -1.431033
0.406944 -45.57547 14.89405 0.959762 -0.105725 0.537333 -2.826959 2.2602 0.481056 1.038215 2.107489 2.440175 1.067862 3.260573 -0.897623
-1.593056 -45.57547 14.89405 1.494619 0.066753 2.807332 -0.343829 2.681122 2.599944 1.915314 2.235543 2.830828 3.060015 3.787804 1.262957
-3.593056 -45.57547 14.89405 2.353971 -0.123839 3.043052 -0.261741 2.778989 2.389744 1.869081 0.956877 1.172281 2.362585 3.557795 1.54613
-13.59306 -45.57547 14.89405 0.301405 1.503093 1.669132 3.079806 0.543812 1.036835 1.066921 1.715193 -2.2972 3.754822 -0.570855 4.753102
-19.59306 -45.57547 14.89405 -0.293387 1.758274 -1.446027 3.303851 -1.650297 2.827837 -0.466994 1.839037 -0.225525 1.448825 -0.514547 1.456215
-21.59306 -45.57547 14.89405 -0.326968 0.656526 0.033682 0.334914 -1.323487 1.035506 0.324337 1.054162 0.083604 0.355443 -1.04863 1.165745
-23.59306 -45.57547 14.89405 -1.321731 -1.257074 1.292867 -2.339546 -0.857456 -0.698937 -0.217436 0.271323 -0.581817 -0.625951 -1.413771 0.010161
0.406944 -47.57547 14.89405 -0.167725 1.425777 0.43433 -2.220228 0.915504 0.088706 -0.318658 0.994645 -0.047693 1.258181 0.206752 -1.405852
-3.593056 -47.57547 14.89405 1.557227 0.561503 1.688035 -2.866735 1.047873 0.299776 -0.131537 0.9037 1.981465 4.283018 3.782573 -0.081895
-19.59306 -47.57547 14.89405 0.791414 0.42296 0.329713 0.776012 0.739771 1.01936 0.680528 1.755668 0.264256 1.478846 0.613876 1.653254
-25.59306 -49.57547 14.89405 -1.14468 1.027702 -1.729715 -0.733931 -2.124185 0.045534 -0.730257 0.691667 -1.403366 1.343718 -1.34445 0.217258
-1.593056 -35.57547 16.89405 -0.158789 -2.714815 2.17759 -3.262494 0.831422 -2.731919 0.007122 -0.079331 -0.892177 2.219178 0.70224 -1.085153
-1.593056 -37.57547 16.89405 0.408983 -3.056762 1.465575 -2.994565 -1.105654 -1.942063 -0.385612 0.714846 -1.400595 0.930085 0.643834 -3.310084
8.406944 -41.57547 16.89405 3.449909 4.033116 4.708883 2.216947 6.673173 3.772538 1.619072 1.584456 0.62128 4.858515 2.910911 -3.009723
-1.593056 -43.57547 16.89405 1.402678 0.028077 0.366885 0.574131 2.80382 2.523705 0.301396 -0.08143 0.071889 -0.144498 2.048704 -2.64052
10.40694 -45.57547 16.89405 3.078012 2.031115 4.165284 2.282209 4.234789 0.045203 -1.654889 0.992778 -1.904437 2.640929 2.690659 -1.303901
0.406944 -45.57547 16.89405 2.839588 -1.063061 1.587865 -4.345623 4.130313 -1.230197 -0.407994 -0.597991 0.361983 -0.006893 4.213226 -4.258558
-1.593056 -45.57547 16.89405 2.240132 0.212636 3.004815 -0.492565 3.155431 1.332636 0.483026 0.199252 0.949344 2.943654 4.236526 -2.313226
-15.59306 -45.57547 16.89405 0.463335 0.999091 -0.573412 -0.328937 -0.211355 2.226852 1.745904 1.449046 -0.174068 2.548627 -1.449671 3.226107
-27.59306 -45.57547 16.89405 -0.001826 0.24316 -0.25354 0.460892 0.142712 1.151975 0.362966 0.554375 -0.27179 0.924205 1.321107 -0.694136
0.406944 -47.57547 16.89405 -0.724577 0.133157 -0.589121 -4.02368 1.109149 -3.604682 -3.052258 -0.651181 -0.806469 0.78405 2.192807 -3.54628
-1.593056 -47.57547 16.89405 0.073752 2.53387 1.211574 -2.244774 2.21333 -1.411345 -0.740163 0.337289 2.128955 2.453661 3.426816 -2.600831
-13.59306 -47.57547 16.89405 0.481758 2.802399 -0.489747 2.123251 1.131058 2.450377 0.659844 0.039416 0.277819 3.09656 2.291855 4.133856
-15.59306 -47.57547 16.89405 0.502941 1.579573 0.251065 1.132351 1.069238 1.120723 1.179704 0.420599 -0.475916 0.744504 0.803496 0.901266
-23.59306 -47.57547 16.89405 -1.061309 -0.740038 0.031868 1.199885 -0.318692 0.56124 -1.010222 0.54247 0.983373 -0.852886 -0.551994 -2.098159
-25.59306 -47.57547 16.89405 0.115983 -0.486968 -0.98486 2.807519 0.09666 0.825515 -1.331289 0.950789 -0.313938 1.027542 -0.118084 -1.153188
-25.59306 -49.57547 16.89405 -0.524056 1.166805 -1.47225 1.84331 0.217649 1.063788 -1.022408 2.459229 0.152915 -0.212982 -0.713189 -1.188512
-1.593056 -19.57547 18.89405 -4.767598 -0.497993 -1.967148 2.403812 -3.36853 0.506768 -3.424238 0.215194 -2.987023 -1.285482 -1.4525 -1.895491
-33.59306 -19.57547 18.89405 1.127955 0.357907 0.029054 2.441957 2.959385 0.592696 -0.090734 2.142773 -0.147733 2.954988 -0.223197 0.325786
-35.59306 -19.57547 18.89405 1.724187 0.322676 0.42261 2.340494 3.438766 -0.0396 1.033237 0.827668 0.439018 0.124289 0.259968 -0.464047
-43.59306 -19.57547 18.89405 -1.506626 0.364464 -1.045717 -0.811344 -1.624683 0.289379 0.495859 -0.21962 0.768822 0.586881 0.88695 1.341387
-1.593056 -43.57547 18.89405 0.261188 -1.429712 -0.242892 0.292412 1.774023 -1.016097 -0.960012 -0.300104 -1.920511 -1.645002 -1.036977 -2.710671
-1.593056 -45.57547 18.89405 0.297838 -0.441303 0.663913 0.442548 1.401513 -1.349824 -1.165033 -2.857491 -1.521841 -1.720433 -0.082287 -5.165159
-3.593056 -45.57547 18.89405 0.261804 -1.445924 0.364489 0.779166 0.631311 -2.592987 -1.335722 -1.232372 -2.383182 -2.558591 -0.634343 -3.984504
-15.59306 -45.57547 18.89405 0.829852 2.090659 -0.019873 1.290953 1.519175 2.528204 2.560097 0.263359 -0.115899 1.896847 -0.624904 2.53131
-17.59306 -45.57547 18.89405 0.901473 1.923712 -0.229692 1.750058 0.937149 1.944105 2.676235 0.516801 -0.023476 -0.181633 -0.800065 1.668111
-19.59306 -45.57547 18.89405 1.207541 1.886072 0.502836 0.869008 1.950172 2.774001 1.817997 1.426831 -0.627243 1.263737 0.014339 1.732836
-21.59306 -45.57547 18.89405 0.837735 1.541132 1.021597 1.505078 2.185803 2.768843 1.360248 0.586461 -1.095283 1.586286 0.603547 1.605062
-27.59306 -45.57547 18.89405 0.358918 -0.874786 0.120418 -0.107151 0.712158 0.107167 0.691348 -0.465129 -1.644916 0.077286 1.889245 -1.234069
0.406944 -47.57547 18.89405 -1.236456 -2.879748 -0.556419 -2.519255 -1.353644 -6.182536 -2.886014 -1.284886 -2.819912 0.329994 1.016976 -5.149848
-1.593056 -47.57547 18.89405 -0.59297 1.958021 0.404963 1.314371 -0.312 -2.734338 -2.620928 -2.36195 -1.924275 -1.062788 1.266707 -3.818728
-17.59306 -47.57547 18.89405 1.542303 2.453271 1.165389 1.736355 2.375068 2.49757 3.473318 0.45709 -1.090862 -1.138403 0.940006 1.000638
-19.59306 -47.57547 18.89405 1.641083 2.031471 0.528805 1.318317 3.080881 2.67381 2.586273 1.287207 -0.425817 0.892938 2.194521 1.570664
-25.59306 -47.57547 18.89405 1.566605 -0.608691 0.384875 2.220538 1.857225 0.522945 0.027861 0.152904 -0.798941 1.256961 0.985842 -0.997957
-27.59306 -47.57547 18.89405 1.506487 -0.202923 0.464472 1.143632 1.707145 0.192735 -0.227976 -0.494261 -0.954845 -0.199226 0.406408 -1.229541
-9.593056 -49.57547 18.89405 2.485399 -0.400016 0.694418 0.137965 1.273176 -0.603504 0.793127 -0.936811 0.142237 -0.529837 2.973667 -2.28501
-13.59306 -49.57547 18.89405 0.974061 1.563149 0.010819 0.678532 -0.939723 0.153053 1.518353 -0.552126 -1.125199 -0.195556 0.922131 0.499719
-31.59306 -17.57547 20.89405 -0.917138 1.823821 -1.511693 1.66805 2.039262 0.280424 0.426864 1.736667 -0.949763 -0.202542 -2.001926 -0.666096
-49.59306 -17.57547 20.89405 1.082737 1.210678 1.541226 1.525502 3.389784 -1.469857 -0.810878 -0.27323 -1.254498 -1.16227 1.171648 -1.019149
-31.59306 -19.57547 20.89405 -0.776206 1.500788 -0.91378 1.573494 0.825207 0.704483 -0.771611 0.257868 -1.045198 0.612623 -3.393776 -2.220778
-33.59306 -19.57547 20.89405 -0.105621 1.961194 -1.100929 3.455364 0.550298 2.739095 -0.184295 1.877909 -0.025677 2.412972 -1.576293 -0.249229
-35.59306 -19.57547 20.89405 0.117716 1.505051 -0.82621 2.111655 1.14939 2.907814 -0.082741 2.248267 -0.232447 0.792865 -0.215681 0.127834
-43.59306 -19.57547 20.89405 0.384347 -0.336501 -1.028228 -0.774807 -1.755214 0.322573 -0.192187 -0.211291 0.088136 0.839645 -1.509698 -0.4462
-45.59306 -19.57547 20.89405 1.94639 0.646934 0.210272 -0.493743 0.576867 -0.327896 0.003314 0.28364 -0.25783 -0.449349 0.950397 -0.827123
-47.59306 -19.57547 20.89405 0.743463 0.734248 -2.011243 -0.500075 0.093736 -0.503828 -0.83514 -0.267152 -0.809179 -1.447653 -0.821886 -0.581008
-49.59306 -19.57547 20.89405 1.167457 1.597793 0.08451 -0.305768 1.736049 -0.15352 -0.381894 -0.537147 -0.704693 -0.775218 -1.748719 -0.159754
-35.59306 -43.57547 20.89405 1.962003 0.657674 2.64253 -1.844395 -0.017403 0.993994 1.428527 1.422448 -0.894531 4.435041 0.801014 1.35107
-1.593056 -45.57547 20.89405 0.494466 -2.316728 -1.541336 2.238887 -0.608619 -2.994698 -5.576976 -1.207991 -2.970957 -4.540805 -2.233558 -4.633421
-3.593056 -45.57547 20.89405 1.74922 -2.786349 -0.936411 0.712563 -0.333429 -2.301459 -4.171767 0.51999 -3.180643 -5.350934 -1.3883 -3.300621
-13.59306 -45.57547 20.89405 1.930178 -0.342269 1.801683 -1.271559 1.355935 -0.268913 1.162546 -0.242389 -0.158746 0.607498 1.095311 1.637087
-15.59306 -45.57547 20.89405 0.762613 0.673315 -0.878632 0.206435 0.148486 1.48904 1.077073 -0.137395 -0.347331 1.206596 -0.699889 1.631771
-17.59306 -45.57547 20.89405 -0.223613 0.672791 -1.234069 -0.86194 -0.053369 1.594975 1.526365 0.655796 -0.255688 0.24386 -0.776549 1.974691
-21.59306 -45.57547 20.89405 0.971933 1.252133 0.633702 -0.805728 1.710174 2.363735 2.290983 0.961786 -0.889431 3.601609 1.217355 3.923813
-27.59306 -45.57547 20.89405 0.295087 -0.993785 0.230218 -1.53433 0.935297 -1.029978 -0.8718 -0.299241 -1.066904 -1.478877 1.442744 -0.726941
-33.59306 -45.57547 20.89405 1.038896 1.141093 0.068916 -1.124782 0.35939 1.389255 0.403536 1.129949 -0.172076 1.447736 0.046971 1.009086
10.40694 -47.57547 20.89405 -0.238196 -0.417874 -2.298301 -0.088129 0.89289 -3.181313 -4.469462 -0.660911 -2.093801 -1.695093 -2.817935 -1.091428
8.406944 -47.57547 20.89405 0.607928 -1.262769 0.539255 1.81565 0.735966 -2.719314 -2.231428 -0.024045 -2.716093 -0.781523 -1.196289 -1.273584
0.406944 -47.57547 20.89405 -3.42078 -4.082087 -1.87326 0.270446 -3.212922 -3.465561 -4.104979 0.423448 -3.756349 -2.042373 -1.447134 -2.225411
-1.593056 -47.57547 20.89405 -1.706706 0.141736 -1.765395 2.494976 -1.944214 -0.869238 -3.555585 -1.423501 -3.717186 -3.940446 -1.232106 -1.45463
-3.593056 -47.57547 20.89405 -1.201126 0.785946 -1.774456 3.456489 -1.520058 0.574588 -3.694576 -1.806137 -2.577284 -5.223681 -0.414446 -0.840848
-15.59306 -47.57547 20.89405 0.599968 1.053407 0.242079 2.529258 0.96804 3.200371 2.134359 -0.554945 -1.71842 1.100952 -0.018235 1.445145
-17.59306 -47.57547 20.89405 0.361731 1.353436 0.521797 -0.010981 1.29311 2.466175 1.204149 0.097892 -1.462118 0.002477 0.667869 1.475155
-27.59306 -47.57547 20.89405 0.957854 -0.845822 1.389899 -2.287742 1.45243 -1.679267 -1.127804 -0.125903 -1.470448 -2.056782 0.875798 -1.016576
-29.59306 -47.57547 20.89405 0.980128 -0.355932 0.75869 -0.441337 1.524439 -1.175891 0.346808 -0.008399 -2.586699 -0.924954 1.810506 -0.287788
-31.59306 -47.57547 20.89405 -0.070087 1.402568 -0.997605 1.249212 0.259705 0.638567 0.823203 0.143104 -1.519704 0.61177 0.14362 0.763547
-33.59306 -47.57547 20.89405 -0.308033 1.375642 -0.012779 -1.112835 -0.167817 0.216555 0.079197 0.184229 -0.288143 0.075741 0.02707 0.828494
-9.593056 -49.57547 20.89405 0.932378 -0.82479 -0.936644 0.003917 0.798741 0.188282 -0.611631 -0.336662 -1.097005 -1.366842 2.59166 -1.355598
-31.59306 -17.57547 22.89405 -0.643236 0.548818 -1.272597 1.686875 -0.144063 1.53475 -0.86778 1.911029 -0.297755 0.643405 -0.639947 -0.049573
-31.59306 -19.57547 22.89405 -0.794199 -0.676283 -0.987235 -0.770748 -0.036434 1.009388 -0.51566 0.088664 0.686592 0.917246 -1.761684 -2.380045
-1.593056 -39.57547 22.89405 -3.268579 -2.035891 -1.343135 -3.007666 -1.160492 -3.05647 -2.81572 0.660259 -1.783953 -1.000024 -2.726849 -3.204446
-11.59306 -45.57547 22.89405 2.095321 0.370681 2.175788 -0.780433 0.652889 1.195165 0.128675 1.853239 -1.088202 -0.444731 0.167135 0.806873
-13.59306 -45.57547 22.89405 0.46978 -0.215603 1.924991 -1.031944 0.083325 -0.402668 -0.107388 0.716114 0.347877 0.285496 0.419888 0.662072
-15.59306 -45.57547 22.89405 -0.371206 -0.015604 -0.433681 -1.497504 -1.844655 -1.290895 -0.405245 -0.513893 -0.363076 -1.119986 -0.251573 -0.201762
-17.59306 -45.57547 22.89405 -0.2636 -0.006369 0.460751 -1.681703 -1.269541 -0.740219 0.295759 -0.494995 -1.92057 0.144927 -0.102677 0.333575
-27.59306 -45.57547 22.89405 0.269775 -0.62043 0.044835 -0.627726 1.37282 0.088116 -0.850482 -0.357887 0.788829 -0.992897 0.222546 0.025647
-33.59306 -45.57547 22.89405 0.461169 0.770082 -1.154826 -0.390592 -0.204244 1.319187 -0.291491 1.515269 0.261227 1.076845 0.921674 1.070711
-3.593056 -47.57547 22.89405 0.79273 -0.612889 -2.113161 -0.448937 -1.342978 -0.59492 -2.112388 -1.292361 -2.974244 -2.371726 -2.96522 -2.340097
-11.59306 -47.57547 22.89405 0.72881 -0.746585 0.27685 0.592096 0.146441 -0.415868 -0.347459 -0.204143 -0.363681 -1.912076 0.66226 -1.586027
-13.59306 -47.57547 22.89405 0.598856 -0.293479 0.285023 1.510324 -0.348915 0.853147 0.432808 -0.187788 0.12449 -1.241 0.141223 -1.117994
-15.59306 -47.57547 22.89405 -0.358788 0.307875 -1.350996 0.835273 -0.727886 0.835719 0.163176 -0.209484 -0.715553 -0.758319 -0.744701 -0.566975
-17.59306 -47.57547 22.89405 -0.196445 0.119484 -0.567722 -1.128608 0.217337 0.755447 0.097028 -0.878872 -2.009216 0.173608 0.255338 -0.945108
-27.59306 -47.57547 22.89405 0.43072 -0.998542 1.272045 -1.929803 1.828794 -0.495721 -1.02744 -0.726636 -0.497961 -1.198118 0.410709 -0.718026
-29.59306 -47.57547 22.89405 -0.055891 -0.027639 -0.448191 -0.620376 1.973066 -0.04112 -1.058685 -0.793265 -0.665833 0.260892 0.729522 -0.891379
-31.59306 -47.57547 22.89405 -0.638994 1.18044 -1.716871 0.779366 1.150056 1.144925 -1.157618 0.09927 -0.145958 2.280241 -0.346905 0.198993
-23.59306 -49.57547 22.89405 -0.031716 0.599146 0.997259 1.234365 -0.34949 2.172077 0.018313 -1.012184 -1.548316 0.378715 -1.523402 -1.800079
10.40694 -55.57547 22.89405 0 0 0 0 0 0 0 0 0 0 0 0
0.406944 -37.57547 24.89405 -1.522571 -3.434071 -5.308934 -3.04689 -3.278928 -2.370038 -6.525526 0.913666 -1.156293 -0.798949 0.227025 -2.878626
-3.593056 -39.57547 24.89405 1.246977 -1.85456 -1.135576 -3.177786 -0.28443 -2.067358 -1.901526 -1.544293 -1.814884 -0.38794 -0.645287 -2.40087
-3.593056 -41.57547 24.89405 2.165705 -2.035715 -3.893941 -3.296667 -0.572131 -2.887743 -1.019689 -1.962175 -1.983273 -2.633393 -1.492984 -3.501896
-3.593056 -43.57547 24.89405 1.337677 -1.779711 -6.056423 -4.018755 -4.592843 -3.991728 -3.250906 0.364215 -3.971431 -2.729857 -2.300244 -2.600497
-23.59306 -45.57547 24.89405 -0.708861 0.494294 -0.595379 -1.421337 1.36586 -0.999782 -0.578576 1.875906 -1.065661 -0.37861 2.898965 0.707458
-25.59306 -45.57547 24.89405 -0.091712 0.257465 0.776799 -1.915658 1.573855 -0.667415 0.135708 1.234469 -0.320931 -0.439837 1.878254 1.417321
-1.593056 -47.57547 24.89405 0.657953 -0.384498 -0.77464 -0.552105 -0.56054 2.480622 -1.352604 -0.349893 -1.135942 2.061088 -1.107901 -0.329052
-3.593056 -47.57547 24.89405 0.389532 0.00549 -1.927247 0.067983 -0.814662 1.1024 -2.742446 -0.220601 -1.648112 0.256318 -1.598233 -1.957342
-11.59306 -47.57547 24.89405 -0.024908 0.528256 -0.23234 1.30355 0.377487 1.312376 -1.236892 1.070507 -0.136581 0.416158 1.162467 0.99286
-13.59306 -47.57547 24.89405 0.272613 0.532095 0.249828 0.734855 -0.187742 1.989221 0.459073 -1.114343 0.802286 1.790105 -0.219245 0.569861
-15.59306 -47.57547 24.89405 -1.033272 0.774171 -0.580768 -0.560479 -1.418596 0.762479 -0.682827 -1.838822 0.236444 0.957494 -1.588211 -0.155133
-17.59306 -47.57547 24.89405 -1.118021 -0.752221 -0.076787 -1.75782 -0.769213 -0.458673 -0.744374 -0.47983 -1.343259 0.616882 -0.840785 -0.041668
-23.59306 -47.57547 24.89405 0.090641 0.977975 0.1591 0.235153 1.841441 0.851067 0.959027 -0.005617 -2.336893 -0.2829 1.685844 -0.999985
-25.59306 -47.57547 24.89405 1.149204 0.694169 1.951404 -0.516268 2.2778 1.623425 0.651276 -0.462656 -1.430722 -0.961664 1.654768 -0.0747
-27.59306 -47.57547 24.89405 1.350122 0.786809 2.566268 1.137826 2.062454 2.162374 0.886583 -0.876021 -0.275481 -1.229096 0.857 0.262928
-29.59306 -47.57547 24.89405 0.570109 1.2315 0.120431 1.417026 1.227088 2.465487 0.610971 -0.606745 0.74215 1.10074 0.349165 0.824839
-31.59306 -47.57547 24.89405 -0.289063 0.984537 -0.930123 0.476261 0.532762 2.920616 -0.048485 0.194722 0.666121 1.534503 0.281322 1.059062
-33.59306 -47.57547 24.89405 -0.257378 0.62954 -0.667978 0.498116 0.11019 2.396617 0.07563 0.318384 -0.011638 0.02978 1.462155 -0.336301
-35.59306 -47.57547 24.89405 -0.046955 1.772568 -0.936607 -0.022814 0.361627 2.392563 -0.157965 0.055793 -0.060508 0.271952 0.685905 -0.845566
-3.593056 -49.57547 24.89405 0.058985 1.684353 -1.362615 1.860725 0.153986 3.269698 -2.444668 0.758513 -1.534616 3.117669 -1.01555 0.286906
-23.59306 -49.57547 24.89405 0.136675 0.32629 0.227652 0.528825 0.43736 3.093011 1.717286 -0.926698 -1.726986 0.890013 1.320837 -1.108292
-29.59306 -49.57547 24.89405 0.541837 0.247089 0.141146 -2.314584 0.882995 1.274482 0.479069 0.243783 0.329942 1.595077 0.781135 -0.349519
-31.59306 -49.57547 24.89405 -1.060636 0.348738 -0.673442 -1.988734 -0.786429 1.238249 -0.216895 1.038544 0.102479 0.958691 -0.607601 0.119517
10.40694 -51.57547 24.89405 -0.665927 -1.638418 -0.321389 -1.970792 -0.172334 0.464574 0.451904 2.125902 0.893333 -0.310311 1.789105 -0.39103
8.406944 -55.57547 24.89405 0 0 0 0 0 0 0 0 0 0 0 0
-27.59306 -17.57547 26.89405 0.51385 1.252739 -1.848817 -2.66074 -1.129331 0.014812 -1.54486 3.172115 0.531949 2.292116 3.049066 1.260521
-43.59306 -21.57547 26.89405 -1.511228 -0.624178 -1.34552 -3.383106 -2.352612 -0.481155 0.182707 -0.501868 -0.987098 -0.158144 -0.413038 -2.702582
-33.59306 -37.57547 26.89405 -0.570754 -1.00684 -0.305641 -2.434053 -0.454085 -0.396503 -0.13096 0.672157 -0.501062 0.307342 1.604762 0.530003
-3.593056 -39.57547 26.89405 1.033767 -1.77114 -0.171305 -2.867629 -0.151951 -2.629651 0.79057 -1.000893 0.589136 -2.331412 0.03102 -2.414979
-27.59306 -39.57547 26.89405 -0.996732 -2.863044 -3.332042 -2.013595 -2.787476 -2.127516 0.579093 1.00248 -0.787476 0.430447 1.486342 -0.378338
-3.593056 -41.57547 26.89405 1.704778 -2.631252 -1.604609 -3.335349 1.920748 -2.093644 1.754012 -0.911423 -1.457125 -3.468958 0.829106 -2.956201
0.406944 -45.57547 26.89405 0.828633 -2.209883 -4.098179 -3.207344 -3.776592 -1.405594 -5.187738 3.216069 -4.205395 3.361151 1.890107 1.67109
-5.593056 -45.57547 26.89405 -0.049636 -0.681551 -3.71752 -2.980793 -2.985302 -0.862434 -1.810439 2.689678 -1.679484 2.831707 0.610292 1.857974
-17.59306 -45.57547 26.89405 -1.254435 0.486992 -1.787588 -0.076921 -1.364027 0.00706 -1.146537 1.876806 1.065298 -0.157162 -1.21868 0.743094
-29.59306 -45.57547 26.89405 0.015657 -0.624396 -0.535223 -1.095861 0.783687 0.695218 0.786243 0.219038 -0.372309 -1.208764 2.682773 1.587675
-31.59306 -45.57547 26.89405 -0.120313 -0.512528 -1.175514 -1.256469 -0.606804 1.284858 -0.121221 1.123979 -0.802521 -1.994667 1.831917 0.012217
-33.59306 -45.57547 26.89405 0.40328 -1.559937 -1.130329 -1.82295 -0.808624 0.13185 0.227154 1.400119 -0.680148 -0.576777 2.891301 -0.600887
-35.59306 -45.57547 26.89405 1.185821 0.659271 -0.050745 -0.323119 1.085079 0.85774 1.136135 1.29558 -0.357308 2.014053 2.752114 0.355454
0.406944 -47.57547 26.89405 0.259069 -0.257837 0.229436 -1.205534 -1.790672 -0.721194 -0.248197 2.540252 -1.746902 2.131997 1.70815 2.072473
-1.593056 -47.57547 26.89405 1.041617 0.80665 -0.639482 -0.253869 0.63863 0.981725 -1.348911 0.752678 -1.04126 0.881933 1.544041 -0.40102
-17.59306 -47.57547 26.89405 -1.741768 -1.035156 -0.529596 -1.679901 -1.585762 -0.696582 -0.856453 1.187982 0.388654 -1.228019 -1.161674 -1.663337
-27.59306 -47.57547 26.89405 1.371448 -0.870788 1.582683 -0.500595 2.698524 0.215212 2.637763 -0.057995 -0.273856 -0.768669 4.392388 -0.598418
-29.59306 -47.57547 26.89405 1.482346 -0.304528 1.214161 -0.834011 2.255622 0.867206 2.585695 -0.366882 0.477737 0.160941 3.743904 -0.172831
-31.59306 -47.57547 26.89405 1.32054 -0.287111 -0.061875 -0.92648 1.820494 1.201139 1.597548 0.365512 -0.041433 0.245762 2.480061 -0.335031
-33.59306 -47.57547 26.89405 0.666128 -0.711244 -1.367491 -0.595206 1.167565 0.866699 0.801652 1.474398 -0.524619 1.32161 3.488622 0.09625
-3.593056 -49.57547 26.89405 -0.477295 1.779033 -0.606403 2.333112 1.202122 1.817925 -2.959965 0.92866 -0.822005 -1.060339 -0.795229 -1.061467
-23.59306 -49.57547 26.89405 0.644523 -1.957734 -0.137707 -0.76596 0.010299 -0.762323 1.951342 0.254865 -1.063111 1.41948 2.81237 -0.308258
-25.59306 -49.57547 26.89405 1.394807 -1.302818 1.202604 -1.442279 1.168486 -0.500881 2.426979 -0.214836 -1.513469 -0.125654 3.72216 -0.631009
-27.59306 -49.57547 26.89405 2.138723 -0.797818 1.948262 -2.289366 2.202934 -0.807065 2.706345 -0.47953 -0.264171 -1.397734 4.747611 -1.940687
-29.59306 -49.57547 26.89405 1.036895 -1.636167 -0.085428 -3.634628 1.066029 -1.308278 2.430736 0.624122 0.413977 0.588069 4.681484 -0.427974
-31.59306 -49.57547 26.89405 0.193339 -1.784944 -1.90444 -2.672884 0.273873 -0.991616 1.575877 0.994981 0.219009 0.240851 2.923574 -0.645299
10.40694 -51.57547 26.89405 1.342033 0.699326 2.170115 -0.300243 1.755663 0.097084 -1.576225 4.417893 0.153721 1.405138 3.888162 1.608959
-3.593056 -19.57547 28.89405 0.469257 -3.298387 -0.286282 -0.195423 0.62234 -1.765636 -0.923086 -0.112949 -0.973892 -0.504599 -0.004962 -0.556266
-3.593056 -21.57547 28.89405 -0.21678 -0.095656 -1.883134 2.337203 0.763782 -1.401636 -0.107286 0.806767 -2.038437 -0.733901 0.246433 -0.041985
-43.59306 -21.57547 28.89405 -1.419116 -1.00329 -0.941099 -3.10478 -1.45877 -1.104249 -1.307482 -1.481616 -0.778486 -0.099259 -1.113278 -2.618455
0.406944 -37.57547 28.89405 -3.460944 -3.491441 -5.060176 -5.923288 -3.192009 -1.323995 -1.726329 0.130386 -0.873292 -7.17514 -2.354227 -3.565595
-1.593056 -37.57547 28.89405 -1.657941 -2.487397 -2.465473 -3.320768 -0.521359 -0.843475 -0.7986 0.854213 -0.117577 -3.846017 -0.539836 -2.234829
-25.59306 -39.57547 28.89405 -0.798411 -2.953401 -2.127209 -3.208575 -2.449676 -2.590228 0.247528 1.002879 0.136175 0.436602 0.147459 -1.83551
-27.59306 -39.57547 28.89405 0.309818 -2.301476 -1.174067 -1.99065 -1.932704 -1.173406 1.011154 1.327897 -0.640985 2.280777 1.127007 -0.594436
-33.59306 -39.57547 28.89405 -1.762694 -0.21188 -1.582375 -3.184991 -1.199197 0.780431 1.198814 0.672423 0.323896 -0.821681 1.12568 -0.208398
-27.59306 -41.57547 28.89405 -0.996406 -4.503069 -2.164874 -4.097443 -3.901125 -1.834459 1.94568 1.79023 -0.131829 1.005036 0.637097 -0.432673
-5.593056 -45.57547 28.89405 -1.531722 -1.43512 -2.668389 -1.149449 -2.044774 1.880669 0.263634 2.036778 0.038121 2.742736 -1.15555 -0.173579
-19.59306 -45.57547 28.89405 0.08232 0.630733 -1.24924 0.3522 -1.357958 0.741448 1.575833 1.790032 0.853137 1.339208 0.762878 1.148971
-21.59306 -45.57547 28.89405 0.490559 -0.345875 -0.072938 -0.295625 0.335988 0.994575 2.498349 1.127172 1.251632 0.655844 1.284044 0.31826
0.406944 -47.57547 28.89405 0.18422 -1.265264 -0.099651 -1.469845 -1.330062 -0.126569 -0.195443 2.071401 -0.722535 0.709858 1.817296 0.065414
-1.593056 -47.57547 28.89405 1.602299 0.396266 0.475186 0.911879 1.792822 -0.745123 0.495681 -0.239374 -1.267734 0.577273 2.335049 -1.185657
-17.59306 -47.57547 28.89405 -0.577101 1.392684 0.512227 0.248094 -0.58683 0.491036 -1.331207 0.706315 0.109865 -1.535181 -1.286917 -1.885592
-19.59306 -47.57547 28.89405 0.112608 0.119106 -0.357057 -1.296667 -0.536681 -0.328968 -0.07902 0.465253 0.639019 -2.131612 -0.287881 -0.877019
-21.59306 -47.57547 28.89405 1.177397 -1.241276 0.534436 -1.456591 0.623779 -0.214982 1.363105 0.439285 1.053162 0.098707 0.790864 -0.196738
-43.59306 -19.57547 30.89405 -0.381437 -0.242573 -0.57036 -0.72136 -0.656801 -1.285192 -0.512667 -0.649858 -0.531603 -0.216005 -1.574303 -2.77831
-43.59306 -21.57547 30.89405 -1.343316 -1.657696 -1.238154 -3.61763 -1.652492 -1.660943 -0.818328 -2.513687 -0.242978 -1.673373 -2.03413 -4.650348
-7.593056 -39.57547 30.89405 -1.332341 0.130421 0.778199 4.197304 -0.628168 1.119281 1.678167 0.692419 0.352739 4.59268 0.009664 4.845805
-19.59306 -39.57547 30.89405 -0.169028 -2.400062 -0.872489 -3.4329 -0.978968 -3.043409 -1.635922 1.264719 1.245911 2.575627 1.30996 -0.296028
-23.59306 -39.57547 30.89405 -0.137355 -5.137727 -2.15057 -4.556426 -2.954184 -3.303054 -1.888355 0.592979 -0.430619 1.327109 -0.672345 -0.921855
-25.59306 -39.57547 30.89405 -0.34019 -1.573899 -2.298265 -1.659092 -2.407647 -0.865066 -0.942088 0.054284 -0.755161 0.858887 -1.172959 -1.620404
-19.59306 -41.57547 30.89405 -0.756339 -1.93097 -2.063005 -2.086909 -1.773903 -2.063088 -1.509447 1.00408 0.892163 1.760946 -0.53709 0.349445
-25.59306 -41.57547 30.89405 -2.496598 -2.923862 -4.00973 -3.8472 -4.438836 -2.271684 -2.284655 0.547399 -1.010484 0.833111 -1.428629 -1.275389
-27.59306 -41.57547 30.89405 -2.274207 -0.558347 -3.584026 -2.44615 -2.932054 0.118159 -2.085326 0.541599 -0.883861 0.419145 -0.920002 -1.037697
-31.59306 -41.57547 30.89405 -0.977155 -1.261567 -2.141008 -1.897005 -2.244281 0.374879 -0.454909 0.267641 -1.035721 0.323116 0.483387 -1.353232
-29.59306 -43.57547 30.89405 -0.985215 -2.442169 -1.716211 -3.456243 -1.193553 -1.331888 0.862735 0.197208 -1.069999 -0.219457 0.942904 -0.524708
-31.59306 -43.57547 30.89405 -2.44299 -2.668758 -2.184534 -3.810078 -2.55094 -0.283074 -0.287095 0.502456 -1.492843 -1.20066 1.412269 -1.917843
0.406944 -47.57547 30.89405 2.474509 -5.695419 0.437111 -4.953331 -2.712254 -2.423753 -0.488447 0.375784 -1.598171 1.17886 2.308638 -0.661387
-1.593056 -47.57547 30.89405 1.463774 -3.943876 0.557904 -2.25619 0.058954 -2.246816 -0.104401 -0.700447 -1.844053 0.087312 2.439192 -2.042032
-15.59306 -47.57547 30.89405 1.422116 0.061583 0.249726 0.450052 1.724676 -0.172093 -0.563923 1.848642 0.067382 2.198557 1.142186 0.974432
-17.59306 -47.57547 30.89405 0.613657 0.446415 -0.208484 0.106271 1.301462 0.580642 -1.16949 0.597259 -1.208347 0.274593 -0.157648 -0.413194
-19.59306 -47.57547 30.89405 1.390053 0.60072 0.118264 -1.007869 1.16195 0.248879 -0.564426 0.215613 -0.692255 0.915641 0.005431 1.009217
-19.59306 -49.57547 30.89405 0.922449 0.741131 -2.714115 -0.492121 1.551234 0.695022 -1.582551 0.049962 -0.126529 -1.737822 0.874272 1.23132
-21.59306 -49.57547 30.89405 0.228721 -0.617754 -2.948894 -0.150891 -0.483511 -0.393219 -3.259728 -0.190462 0.078431 -0.326963 -0.740116 1.604921
10.40694 -55.57547 30.89405 4.660693 0.33737 4.039882 1.46079 1.821913 0.614153 4.343763 0.867755 -0.40829 6.340581 1.123784 3.969928
-43.59306 -21.57547 32.89405 -3.233691 -2.980183 -4.285661 -4.84898 -4.730917 -1.872457 -1.95296 -2.939592 -2.342391 -4.460859 -4.157041 -6.47441
-9.593056 -39.57547 32.89405 0.197978 -0.942195 0.273558 -0.54869 0.693766 0.50983 -0.253089 -0.126083 -1.881563 2.510801 0.264222 0.545261
-17.59306 -39.57547 32.89405 -0.916896 -0.143644 0.729137 -0.526487 0.483077 -1.58878 -0.859216 0.633572 -0.54902 1.409324 -0.93144 1.954427
-19.59306 -39.57547 32.89405 -1.215063 -1.706568 -0.963065 -2.281364 -1.683326 -3.369315 -1.547724 0.450347 -0.388974 3.198151 -1.207863 0.654189
-9.593056 -41.57547 32.89405 0.349515 0.335155 -0.392533 0.006166 0.718527 0.736568 -0.373533 0.520365 -0.464869 1.708935 1.36037 -0.535085
-19.59306 -41.57547 32.89405 -0.567651 -1.551635 -1.382334 -1.176906 -1.653268 -2.998426 -1.908092 0.185043 0.025405 3.857373 -1.836548 -0.604644
-25.59306 -41.57547 32.89405 -0.631746 -3.449078 -2.712279 -3.786883 -2.258768 -2.770549 -1.747039 -0.060264 -1.027713 0.612419 -1.407183 -1.013336
-31.59306 -41.57547 32.89405 0.320439 0.459205 -1.86358 1.051297 -1.773624 0.763352 -1.077637 0.7368 -1.265587 2.59397 2.209827 1.620522
-33.59306 -41.57547 32.89405 -0.036398 -0.458184 -3.9196 -0.601844 -2.338956 -0.40222 -2.94762 0.245634 -1.766013 3.985685 3.208289 2.934726
-19.59306 -43.57547 32.89405 0.281721 -1.212366 -2.077552 -1.192995 -0.972913 -2.159042 -2.594239 0.373742 -0.493158 2.575931 -1.540842 -0.76612
-33.59306 -43.57547 32.89405 -4.985703 -1.209464 -11.60673 -3.015601 -6.045838 -0.031435 -8.996822 4.438826 -3.302563 3.293392 3.679928 6.149568
-35.59306 -43.57547 32.89405 -7.030513 -2.528542 -15.47862 -5.21147 -6.348853 -2.223501 -10.86684 6.325476 -2.425328 1.241409 3.491284 8.003834
-7.593056 -45.57547 32.89405 -0.244933 -0.734223 -0.708965 -0.964438 -1.168401 0.672184 -0.566405 1.088988 -1.630707 3.384511 1.75771 0.625247
-19.59306 -45.57547 32.89405 0.06551 -0.553677 -1.422401 -1.490076 -0.501419 -0.844625 -2.192326 1.046615 -0.620451 0.943796 -1.192318 -1.647975
-21.59306 -45.57547 32.89405 0.217377 -1.142194 -2.353472 -2.164422 -1.561277 -2.275655 -2.994337 1.260646 -0.827703 3.266364 -2.536659 -0.882588
0.406944 -47.57547 32.89405 0.87336 -7.881748 -3.421153 -7.153475 -6.727561 -5.2169 -3.610679 1.285203 -0.937633 1.667365 0.479826 -1.270865
-15.59306 -47.57547 32.89405 1.075821 0.774068 -0.887967 -0.094629 1.315833 0.512543 -0.68611 1.204989 -0.193777 0.825757 0.19363 -0.574616
-13.59306 -51.57547 32.89405 -0.575575 -0.753564 -1.504704 -1.715014 -1.676208 -0.616695 -0.685758 1.152378 -2.174773 0.284948 -0.679327 -0.084835
-19.59306 -39.57547 34.89405 -0.570815 -0.181974 -0.148923 1.063163 -1.371426 -0.92756 -0.693201 0.64657 -0.365204 1.52971 -1.169862 -0.476042
-3.593056 -41.57547 34.89405 0.148598 0.858267 0.993656 -1.467291 0.76357 0.17096 -0.633882 0.650529 -0.468527 1.545283 0.913679 -1.017545
-5.593056 -41.57547 34.89405 -0.559851 0.164333 0.783163 -0.704088 -0.744777 1.066159 0.664622 0.777753 0.805537 0.897793 1.159081 -0.568095
-7.593056 -41.57547 34.89405 -0.954573 1.892749 -1.050133 1.971922 -0.998768 2.110978 -0.323349 1.520605 0.120555 0.614603 1.133785 0.685596
-19.59306 -41.57547 34.89405 -0.658107 -0.56372 0.240986 0.505025 -1.185965 -1.138886 -0.47583 -0.034429 0.672499 1.848759 -0.678894 -0.614887
-7.593056 -43.57547 34.89405 -1.684612 0.855767 -0.521771 0.330298 -0.969688 1.512957 -0.099715 1.175653 -0.820742 1.675637 1.293891 0.142157
-15.59306 -47.57547 34.89405 1.418207 0.948955 0.257089 -0.347457 1.503768 -0.129744 -0.484684 -0.038475 -0.331179 1.283894 1.011573 -0.814898
-15.59306 -51.57547 34.89405 0.000444 -0.681791 -1.158347 -1.308213 -0.017107 -1.534298 -1.898791 1.534916 -0.677904 0.225497 0.523406 0.258045
-41.59306 -21.57547 36.89405 -2.49777 -1.353984 -3.616361 -4.130809 -2.488317 -1.637103 -3.019182 0.241747 -3.103497 1.047614 -1.347546 0.089865
-7.593056 -25.57547 36.89405 -0.413217 0.791244 0.057814 -0.890475 0.174773 2.024333 -1.509234 0.372373 0.979857 0.709728 1.001333 -1.478313
-9.593056 -25.57547 36.89405 -0.670557 1.269686 -0.604214 -0.436074 0.595792 0.149247 -0.967636 -0.16894 -0.693301 1.173676 0.313058 -0.446963
-11.59306 -25.57547 36.89405 0.141123 1.055262 -0.955576 0.206173 1.910106 -0.724012 0.48112 -1.726943 -0.189681 -1.171129 -1.466924 -0.68411
-23.59306 -25.57547 36.89405 -0.752404 0.020042 -0.275319 -0.487647 -0.623258 1.010417 -1.408141 1.421196 -1.255703 1.490451 -0.630655 1.004032
-25.59306 -25.57547 36.89405 -0.673815 0.341105 -1.246632 -0.826864 -0.431321 0.549145 -1.280358 2.348853 -1.143857 2.641643 -0.203796 2.501901
-35.59306 -25.57547 36.89405 -0.798124 -0.743324 -1.251299 -3.133165 -1.096721 0.851418 -0.683561 -0.412703 -0.521323 0.756828 0.386977 -0.74909
-39.59306 -25.57547 36.89405 -1.279384 -0.71112 -1.361891 -3.922635 -1.700027 0.083464 -0.97532 0.248974 -1.016569 -0.412168 -2.149739 -0.708472
-9.593056 -31.57547 36.89405 -1.483893 2.413291 1.22649 -4.513885 2.547789 0.257887 1.00914 1.751385 2.310642 3.219662 -0.789535 1.237204
-11.59306 -31.57547 36.89405 0.016582 2.186758 -0.817113 -1.731702 2.450898 1.09869 -1.345186 1.797078 0.667135 2.347356 -3.034169 0.768125
-3.593056 -41.57547 36.89405 -0.169001 1.548321 -0.211321 -1.677678 1.148781 0.064799 -1.052376 0.971515 0.294975 0.589005 -1.11281 0.255488
-5.593056 -41.57547 36.89405 0.171915 1.26523 1.427155 0.729095 0.271599 1.206964 0.210248 0.178018 0.261442 2.703664 0.138926 0.22781
-3.593056 -43.57547 36.89405 -0.001813 1.071932 0.082411 -0.911086 1.228624 0.359142 -1.549261 1.60182 -0.293851 -0.151318 -0.642026 0.541198
-1.593056 -45.57547 36.89405 0.386586 -0.808946 -0.625577 -3.206649 -0.302157 -1.773114 -1.536839 -0.274575 -0.6589 -0.825901 -1.177774 -0.156341
-3.593056 -45.57547 36.89405 -0.258333 0.204253 0.477277 -0.911916 0.442226 0.117284 -1.146202 1.72485 -0.250931 0.903029 -0.397953 1.072459
-15.59306 -47.57547 36.89405 1.855294 1.047547 1.279828 -1.286075 1.86814 -0.048609 -1.055074 -0.503637 -0.714585 1.459437 1.089751 -1.050618
-23.59306 -47.57547 36.89405 -0.190505 0.609081 0.449912 -0.672091 0.01772 -0.785702 -2.211107 -0.616163 -1.654108 0.482041 -1.829678 -1.290058
-9.593056 -21.57547 38.89405 -0.214 -0.489503 -0.008883 -3.088077 1.010573 -0.294551 -0.585825 1.948668 -1.023385 1.829718 1.01247 -0.471073
-23.59306 -21.57547 38.89405 -1.056371 0.526262 -0.654956 0.080827 -0.281699 0.793939 -2.54551 1.06108 -0.562608 2.684128 -1.15104 0.955947
-35.59306 -21.57547 38.89405 -0.177412 -1.16227 -0.987524 -3.208164 -1.031427 -2.373064 -1.224714 -0.6806 -0.777687 -0.110929 0.27791 -0.420172
-37.59306 -21.57547 38.89405 -1.574484 -1.603958 -1.427856 -4.702789 -1.349414 -2.571997 -2.03733 -0.032795 -1.421641 -0.035059 0.482727 -0.134589
-39.59306 -21.57547 38.89405 -0.740066 -0.726384 -0.370331 -3.986322 -0.948148 -1.176592 -2.171215 -0.849193 -1.853006 -0.185561 1.154064 -0.698139
-41.59306 -21.57547 38.89405 0.108621 0.253522 -1.587093 -2.71261 -0.467506 -0.320302 -3.167764 -0.90364 -1.927407 1.239691 0.940322 0.089612
-45.59306 -21.57547 38.89405 0.814665 -0.669949 -0.522647 -2.15486 -1.012761 -0.190145 -0.27368 0.714877 -0.787644 -0.683077 -0.171841 -1.518415
-3.593056 -23.57547 38.89405 -0.11427 0.380706 0.335426 0.732396 1.521942 1.437948 -0.465862 2.08075 0.567557 -0.280668 2.349498 0.011551
-9.593056 -23.57547 38.89405 0.262823 -0.261048 0.918049 -2.15648 2.293462 -0.194472 0.586383 1.994089 -1.156756 0.808573 -0.058706 -1.163945
-23.59306 -23.57547 38.89405 -0.850814 -0.146731 -1.369775 -1.564608 -0.151843 1.12544 -2.426699 0.727159 -1.06229 2.299513 -1.095878 0.037955
-1.593056 -25.57547 38.89405 0.82273 0.116223 -1.29788 -3.804832 0.490853 0.018297 -2.250188 0.953662 -1.056061 -1.583045 1.203962 -1.035646
-23.59306 -25.57547 38.89405 0.769282 -0.335666 -0.042151 -2.134863 0.258647 0.376559 -0.87471 0.897689 -0.328078 2.7588 1.393436 1.014137
-27.59306 -25.57547 38.89405 0.568847 -0.27051 0.551691 -1.867276 0.308714 -0.02046 -1.63556 3.022826 0.030104 4.044756 0.873547 2.607497
-1.593056 -45.57547 38.89405 1.528248 0.715409 0.325949 0.952053 2.625499 -0.867413 -4.389942 -0.40122 -0.736815 -0.116317 -1.940658 -2.038681
-11.59306 -47.57547 38.89405 0.06732 1.738647 0.51456 0.428704 0.099101 0.413213 -2.661995 0.188897 -1.244848 -0.925964 -1.5321 -0.852993
-17.59306 -47.57547 38.89405 0.921592 2.34737 0.84752 -1.54617 1.034831 -0.531583 -2.267261 -0.388341 -2.07489 2.32335 -2.766068 -3.320416
-19.59306 -47.57547 38.89405 -0.099254 2.047171 0.520445 -0.548804 0.90188 0.262478 -2.941335 0.322955 -2.338492 3.017982 -3.932271 -3.391715
-11.59306 -49.57547 38.89405 -0.289247 1.540358 -1.266849 -0.158394 0.369442 -0.739562 -2.194771 -1.116249 -0.103082 0.368247 -1.025119 -1.329894
-13.59306 -49.57547 38.89405 -0.066157 0.785352 -2.104905 -1.230854 -0.517496 -1.387803 -2.701418 -0.772421 -1.848901 -0.2095 -0.74465 -1.605671
-9.593056 -51.57547 38.89405 1.483179 1.343361 -0.974393 -0.31607 1.17637 -0.850839 -2.424481 0.807359 -0.736995 2.932713 -1.081016 -0.992953
-3.593056 -21.57547 40.89405 -0.500644 -0.447398 0.314322 -1.841919 1.599839 1.013374 0.559659 1.645742 -1.066314 -0.275818 1.847441 0.193096
-9.593056 -21.57547 40.89405 -1.233703 -1.480939 -3.117621 -2.246957 -0.729128 0.459474 -0.485627 1.109063 -0.694135 0.182717 0.012073 -1.34836
-23.59306 -21.57547 40.89405 0.208882 1.155806 0.487232 -0.368438 -0.848758 0.097196 0.291542 -0.319044 -0.912944 0.81827 -0.142985 -0.231318
-43.59306 -21.57547 40.89405 1.085813 0.569488 0.529553 0.263115 0.134834 0.822715 -1.100704 -0.258278 -1.724492 1.587109 0.171477 -0.689972
-45.59306 -21.57547 40.89405 -0.196007 0.377595 0.355998 -0.977234 -1.731396 0.17853 -0.935542 0.942672 -0.746773 0.856718 -1.702208 -0.24976
-27.59306 -23.57547 40.89405 1.106111 0.838235 0.453703 -0.812439 1.636648 0.093347 -0.617763 1.522557 0.02828 1.470879 1.679307 -0.741869
-19.59306 -27.57547 40.89405 0.800243 -1.628981 -1.048777 -3.432666 1.553492 -1.393193 -0.994879 0.087919 -1.243991 0.997436 -0.082411 -1.980292
-37.59306 -27.57547 40.89405 0.033122 -1.335818 -0.959625 -1.694694 -1.141783 -1.231275 -2.904664 -1.602716 0.31011 1.488785 0.751702 0.103152
-37.59306 -29.57547 40.89405 0.591678 -1.9845 -0.483333 -4.384095 -0.7444 -1.858634 -2.415275 -0.911884 -0.633322 -0.730168 1.075086 -1.285265
-39.59306 -29.57547 40.89405 0.094926 -2.889842 -1.167137 -4.83035 -1.179889 -2.929671 -1.828267 -1.347234 -1.53876 -2.272594 -0.940085 -3.179003
-29.59306 -31.57547 40.89405 1.01856 1.849914 2.351712 -0.208661 1.422053 0.394912 1.136112 2.934078 0.241735 2.966859 2.994508 3.118251
-31.59306 -31.57547 40.89405 1.891428 1.564893 1.671057 -0.003255 1.614379 0.976583 -0.201045 2.045387 0.619632 4.34999 3.075466 2.881861
-37.59306 -31.57547 40.89405 -0.086351 -1.576416 -0.707643 -3.871598 -0.311628 -2.015548 -1.769071 -1.04027 -0.556666 -0.194334 0.36204 -2.256068
-19.59306 -33.57547 40.89405 0.489948 0.823938 1.92713 0.28979 1.123236 -1.79397 -1.624486 0.649106 0.192978 0.544303 0.149427 -0.690345
-21.59306 -33.57547 40.89405 0.336627 0.717013 1.341282 -0.49807 1.593208 -0.666742 -1.73639 0.737108 -0.005372 2.526882 0.981121 -0.626627
-35.59306 -33.57547 40.89405 0.616571 0.337597 -0.750021 -1.798467 0.481015 0.83186 -1.094523 -0.031296 -0.820193 1.771217 1.02081 -0.152627
-25.59306 -35.57547 40.89405 -2.659164 -0.463983 -1.462804 -0.004645 -1.725722 -0.84403 -1.174173 2.351916 -0.632048 -1.203753 -2.035234 -0.136006
-35.59306 -35.57547 40.89405 0.640889 -0.282873 -1.675139 -1.911856 -0.02747 0.584633 0.783033 0.596702 -0.196813 0.74642 2.663595 -0.753389
-1.593056 -43.57547 40.89405 4.266252 1.627914 4.632922 0.015703 2.860394 -1.260027 0.762082 -0.777817 -0.871632 3.725062 -1.04949 -2.752145
-11.59306 -43.57547 40.89405 0.909386 0.105744 1.968483 -1.267646 1.036955 -0.165165 -1.094522 0.98553 -1.012516 1.701043 -1.024336 -1.030014
-17.59306 -43.57547 40.89405 2.367021 0.653057 0.948449 -1.686986 1.84305 -0.224735 0.884316 0.124535 1.046115 1.069387 0.148615 -1.92868
-1.593056 -45.57547 40.89405 4.32559 1.290527 3.26422 1.139675 4.057985 -0.566211 -0.314472 -1.283368 -0.785658 1.933687 -1.175198 -3.193676
-11.59306 -45.57547 40.89405 2.611387 0.425775 4.751163 -2.833987 1.72425 -1.131659 -0.45519 1.244287 -0.634009 2.047109 0.600919 -0.207165
-13.59306 -45.57547 40.89405 1.398215 -0.587969 1.834445 -2.747629 0.602541 -1.290715 -0.17486 -0.54231 -1.161132 1.593237 -0.984056 -1.178669
-5.593056 -47.57547 40.89405 1.332584 1.58487 2.364505 0.335787 1.348814 -0.036466 -1.830902 0.025146 0.005 3.07982 0.576777 -1.503101
-13.59306 -47.57547 40.89405 2.284367 -0.431745 1.219593 -2.366876 1.05146 -2.386241 0.441128 -1.187914 -2.028548 1.114654 0.103888 -0.628679
-9.593056 -49.57547 40.89405 0.261923 0.33859 -0.250906 0.465036 0.08686 -0.221814 0.210383 -0.357617 -0.436876 0.715916 0.070994 -1.80124
-11.59306 -49.57547 40.89405 0.827606 0.607398 0.734297 -0.336885 0.52226 -0.325279 1.306572 0.079187 0.0225 0.400317 0.544585 -1.367118
-7.593056 -51.57547 40.89405 0.470901 0.42805 -2.4987 -0.574849 -1.181593 -2.453046 -3.157312 4.611794 -2.069985 6.144633 1.36457 0.430766
-9.593056 -51.57547 40.89405 1.859803 0.686255 -1.342034 0.375395 -0.639826 -3.363635 -1.559211 3.97947 -0.707638 5.200283 -0.039129 -0.15055
-11.59306 -51.57547 40.89405 1.062217 0.348928 -0.262868 -1.330723 -1.566768 -3.67753 -1.486571 5.000444 0.223701 5.077313 -0.898264 1.692226
-9.593056 -21.57547 42.89405 -1.266304 -3.696338 -2.104903 -4.605908 -2.305844 -1.682162 -0.672152 0.518509 2.60795 2.436874 3.708634 3.334662
-11.59306 -21.57547 42.89405 -0.894344 -1.973011 -0.768894 -4.907061 -0.51173 -1.740871 -4.002892 0.186091 1.302616 3.495432 2.642823 3.447684
-23.59306 -21.57547 42.89405 0.502156 0.498925 -0.620631 -1.443189 -1.923823 -0.045315 -0.162782 -0.801834 -0.32798 -0.004321 -0.944413 -0.593108
-29.59306 -21.57547 42.89405 1.902208 -0.602055 -0.150777 -0.693692 0.832174 -0.554662 1.799162 0.321575 0.33748 -0.231049 1.285943 0.182588
-31.59306 -21.57547 42.89405 1.467288 -0.938625 -0.047649 0.294456 -0.356375 -1.523884 1.11811 0.422935 -1.099082 -0.256651 1.202116 0.170151
-1.593056 -23.57547 42.89405 -0.662243 -0.037156 -1.819689 0.058554 0.434297 0.319248 0.421166 1.599547 -1.892511 -1.369709 2.370781 -2.946649
-5.593056 -25.57547 42.89405 0.129405 -1.599217 -0.909077 1.672691 0.771786 -1.814478 0.029825 -1.484027 -1.438843 -2.328946 2.309946 -2.935094
-29.59306 -27.57547 42.89405 0.374542 0.461266 -0.350313 -1.046621 1.554651 -0.057306 1.000862 1.016931 0.18857 0.5449 0.819762 -0.54047
-31.59306 -31.57547 42.89405 0.297378 1.846158 -0.439219 0.384609 1.590186 -0.428575 -0.439672 0.252503 -1.414523 1.656459 2.548015 1.374766
-21.59306 -33.57547 42.89405 0.440948 1.318785 1.184365 -1.058003 0.42919 -0.96911 -2.201388 1.152372 -1.385614 1.549664 0.990623 1.183987
0.406944 -43.57547 42.89405 0.945949 -0.309068 2.90452 -0.873616 1.437801 -0.431145 -0.021392 -0.258141 0.959974 0.746124 0.666593 -1.220278
-1.593056 -43.57547 42.89405 0.574799 0.508619 1.50129 -0.773449 1.688687 -0.099593 -0.979462 -1.031867 0.207282 -0.545996 -0.532897 -2.084595
-9.593056 -43.57547 42.89405 0.667812 2.671219 0.855932 1.494901 1.709675 1.978938 -1.764769 1.689075 0.352659 2.187385 0.178064 0.911489
-13.59306 -43.57547 42.89405 0.914082 -0.293251 -0.375262 -2.267396 0.595879 -0.518238 0.387813 0.466089 0.367028 0.301415 -1.510116 -1.264973
-15.59306 -43.57547 42.89405 2.65233 1.215386 1.850419 -2.960459 2.498919 0.762797 1.030044 1.214671 -0.973274 0.352776 0.859892 -1.704323
-21.59306 -43.57547 42.89405 -1.852475 0.180764 1.419879 -0.574085 0.810213 1.382306 -1.859303 1.43118 0.678869 0.218081 0.539997 -0.569454
-23.59306 -43.57547 42.89405 -1.673522 0.546669 1.88228 -0.95755 1.460262 0.688957 -2.260175 1.448879 0.739848 0.590429 0.314793 -0.707438
-25.59306 -43.57547 42.89405 -0.554741 -0.993469 1.889181 -2.163319 0.983372 0.134054 -2.378069 2.628601 1.361205 0.155957 0.313948 1.23384
-7.593056 -45.57547 42.89405 1.531253 2.199148 2.610941 -0.569347 1.890294 0.401402 -2.152495 2.153885 0.000178 1.150899 0.548296 0.076028
-9.593056 -45.57547 42.89405 0.765467 2.462919 2.69843 -0.422507 2.353424 1.422698 -3.1862 2.153728 0.001291 1.611878 -0.389685 0.27928
-15.59306 -45.57547 42.89405 1.719965 0.80118 1.305354 -1.021656 2.149087 0.528053 -0.411004 0.707112 -1.859217 1.990961 -1.075482 0.529537
-5.593056 -47.57547 42.89405 0.030388 1.62613 1.785367 0.043903 0.362542 0.376242 -2.391561 1.577981 0.016749 1.165543 -0.968764 -0.95466
-7.593056 -47.57547 42.89405 -0.387206 2.065782 1.020435 -0.417412 0.120907 0.642524 -3.389978 0.770645 -0.052167 -0.030098 -0.727217 -1.495738
-9.593056 -47.57547 42.89405 0.670491 0.32072 2.481175 -2.325546 0.755102 0.01639 -2.959332 1.020067 -0.926599 0.260716 -1.441564 -0.84971
-11.59306 -47.57547 42.89405 0.505587 -0.471933 1.778849 -3.128998 1.21795 -1.26153 -1.311334 2.379953 -1.010761 2.090091 -1.840741 0.544749
-5.593056 -49.57547 42.89405 0.489123 0.469198 3.108487 -0.647977 2.219609 -0.40903 -3.218461 2.061092 -0.088885 3.496894 -1.615538 -0.967798
-23.59306 -21.57547 44.89405 0.811524 -0.266702 -1.08284 -2.147615 -0.361777 -0.01049 -0.324939 -0.099148 0.501401 0.461565 -0.304082 -0.25706
-33.59306 -21.57547 44.89405 0.52954 -0.836641 0.067538 -0.79012 -0.864604 -0.229221 -0.210856 -1.059597 -1.336454 0.502875 -0.609458 0.006676
-33.59306 -23.57547 44.89405 0.008394 -0.942143 -0.262072 -0.520084 -1.426221 -0.771248 0.081577 0.133594 -1.039538 1.257793 -0.503093 0.956371
-37.59306 -23.57547 44.89405 -0.617484 -1.544874 -0.702551 -2.978118 -1.977698 -0.819734 -1.017404 -0.802448 -0.191004 1.063211 0.550842 -1.214735
-11.59306 -43.57547 44.89405 0.394414 0.596356 0.658945 -1.085783 1.79148 0.289936 -3.243365 -0.165055 -0.339483 0.605688 -0.417278 0.089828
-13.59306 -43.57547 44.89405 -0.367733 -0.066273 -2.209417 -1.543664 1.576708 -0.362946 -3.330893 0.005986 -0.505878 0.682936 -1.068572 -1.822277
-7.593056 -45.57547 44.89405 1.07338 1.170531 1.967498 -1.07774 1.955148 1.294915 -3.045335 2.340476 0.507539 0.782756 -0.467278 -0.094182
-11.59306 -45.57547 44.89405 -0.415911 1.516906 -0.426794 -1.396953 0.977196 1.51097 -4.294716 1.05073 -0.984648 1.221855 -1.928147 -1.024679
-13.59306 -45.57547 44.89405 -1.020787 1.39831 -3.569079 0.013908 1.523361 0.553405 -4.979259 1.081394 0.113403 1.751015 -2.532456 -1.415864
-1.593056 -47.57547 44.89405 1.724399 1.481721 -0.077869 0.318831 2.208827 2.316085 -0.681048 0.021654 -0.289441 1.642639 0.418567 0.122691
-7.593056 -47.57547 44.89405 -0.086537 1.570572 1.312243 -0.21477 1.154263 2.204491 -3.214136 1.087566 0.166853 -0.981154 -0.382324 -0.345366
-9.593056 -47.57547 44.89405 2.427886 -0.847268 3.861775 -3.608275 2.485953 0.381839 -1.780503 0.093632 -1.112123 -1.831607 -0.514601 -1.535931
-7.593056 -43.57547 46.89405 2.141606 0.177419 1.475993 0.453057 2.883454 0.079698 -0.366109 -0.86805 -0.522286 -0.58092 0.7477 -0.993653
-9.593056 -43.57547 46.89405 1.207915 -0.011948 0.579881 -0.376083 2.041023 0.435033 -0.463976 -1.186342 -0.22813 -0.711789 0.027148 -1.00864
-11.59306 -43.57547 46.89405 0.283916 0.202647 0.574203 -0.938147 1.657951 0.221152 -0.899974 -0.21394 -0.368485 -0.176357 0.755774 -0.89387
-13.59306 -43.57547 46.89405 -0.064557 -0.165003 -1.305289 -0.890186 1.307125 -0.156868 -1.959193 -0.040451 -1.5731 0.761274 0.123839 -2.26403
-5.593056 -45.57547 46.89405 2.497524 1.43661 1.186985 0.909425 3.055199 1.210524 -0.488484 1.357504 -0.133189 1.13864 1.344931 0.91646
-7.593056 -45.57547 46.89405 2.481384 0.630271 2.229733 1.207741 2.853094 1.493572 0.16891 0.941667 0.323122 1.818702 1.532402 0.441359
-9.593056 -45.57547 46.89405 1.676176 -0.727586 1.328335 -0.15212 2.533661 0.644194 0.026682 0.151212 -0.608449 0.019081 0.284086 -1.171445
-13.59306 -45.57547 46.89405 -0.05903 1.250826 -2.994034 -0.943551 1.926527 0.80946 -3.67205 0.845018 -0.797494 -0.210658 -0.82202 -3.269446
-15.59306 -45.57547 46.89405 1.092673 2.27711 2.648957 -1.039921 3.062746 -0.093038 -1.856779 0.191749 -1.744257 -2.872013 0.368575 0.316466
-5.593056 -47.57547 46.89405 3.694814 3.843493 3.53159 3.728654 5.678729 3.942749 -1.344202 2.079457 0.614081 3.087746 2.869655 2.009378
-25.59306 -31.57547 48.89405 1.754755 1.011911 -0.538068 1.299325 0.488578 1.507035 0.948029 -0.459685 1.008495 0.696085 0.218259 -0.073309
-27.59306 -31.57547 48.89405 1.963238 0.950919 -0.132067 -0.865404 0.158177 0.742086 0.678603 0.789951 0.976709 0.287105 0.30348 0.867607
-25.59306 -33.57547 48.89405 2.515697 1.628766 0.573896 -0.892301 0.572767 0.723147 2.427675 1.948501 1.396602 1.586929 1.877078 1.431351
-1.593056 -43.57547 48.89405 3.958904 -2.137911 4.432669 -2.664343 3.555805 -2.451322 -1.168827 1.265119 -1.167715 4.970888 3.579819 1.519972
-3.593056 -43.57547 48.89405 3.862193 0.764607 4.138653 0.342707 3.225759 0.27516 1.286369 1.717698 -0.603959 2.283032 4.551466 1.875209
-19.59306 -27.57547 50.89405 0.848775 -1.168594 -0.611796 -2.903702 0.528605 -1.765594 -1.210123 0.392199 -0.800258 -0.715885 1.900088 -1.315758
-25.59306 -27.57547 50.89405 0.217064 -1.161439 -0.647822 -2.362711 -0.619676 -1.003399 -0.055053 -0.030787 -0.176101 -0.768758 0.385156 -2.052922
-27.59306 -27.57547 50.89405 -1.450758 0.222549 -3.668411 -2.479895 -1.770737 0.103815 -1.474108 0.618977 -0.192299 -0.236758 -1.182511 -0.713701
-1.593056 -29.57547 50.89405 1.449203 -0.874064 0.582657 -2.181493 0.871658 1.195427 -0.768531 0.355791 0.140147 0.134645 0.924043 -2.125069
-3.593056 -29.57547 50.89405 1.152234 -0.911778 0.907191 -1.080954 1.233078 0.467102 -0.678931 0.369555 -0.065041 -0.361258 1.821803 -2.708042
-5.593056 -29.57547 50.89405 0.085798 -0.422053 1.071244 -2.221061 -0.274526 -0.41301 -0.900884 -0.212683 -0.742102 0.097455 0.081927 -1.755487
-1.593056 -31.57547 50.89405 0.527776 -1.585566 1.461108 -1.506798 -0.420857 -0.482474 -2.319278 0.998281 -0.394493 1.035682 0.21236 -1.07752
-3.593056 -31.57547 50.89405 1.275392 -1.082799 2.387835 -0.391633 1.295924 0.227128 -1.507857 1.512585 0.161215 1.953554 0.79469 -0.777797
-25.59306 -31.57547 50.89405 2.191622 0.351286 -0.740365 -0.458401 0.163664 -0.084586 0.545301 -0.231056 -0.1087 -1.672193 1.022932 -1.554125
-25.59306 -33.57547 50.89405 2.525169 1.131827 -0.341239 -1.395804 0.474182 0.053579 1.845706 1.275364 0.891738 -1.0821 2.181294 -1.292526
-3.593056 -43.57547 50.89405 3.750784 1.441835 3.989316 0.772697 4.975348 1.275427 -1.445775 2.224584 -0.046046 3.88224 4.997615 3.938958
-5.593056 -43.57547 50.89405 0.902558 2.041427 1.00263 1.650674 3.764073 2.434409 -1.139429 0.966433 -0.922295 1.177776 1.74853 1.514015
-27.59306 -27.57547 52.89405 0.211237 -0.80504 -1.190458 -2.002287 0.139317 0.000647 -0.212613 -0.861533 -0.43719 -1.241879 1.099808 -0.173256
-1.593056 -29.57547 52.89405 1.69536 -1.097585 0.680371 -2.468054 1.152304 -0.657607 -0.795796 0.618222 0.069164 -0.814255 2.139227 -3.105926
-3.593056 -29.57547 52.89405 0.598942 -0.82148 1.059283 -1.77696 1.2901 -0.785474 -0.674046 0.782683 0.293576 -1.311796 2.448333 -2.370321
-17.59306 -29.57547 52.89405 1.623244 -0.633679 -0.157935 -4.775342 -0.352041 -1.433311 0.252082 -0.131651 0.655478 1.002913 2.324918 -2.359295
-19.59306 -35.57547 52.89405 1.119373 0.043221 0.131386 -2.269427 -0.366891 0.942839 -0.035231 1.255471 -0.311433 -1.927403 -0.540526 -2.912489
-21.59306 -35.57547 52.89405 0.630343 -0.253311 -1.077912 -3.2018 -0.36682 0.397211 0.139502 1.080909 0.635385 -0.959727 -1.283001 -2.813735
-23.59306 -35.57547 52.89405 0.515593 -0.717453 -0.240657 -3.053347 0.532344 -0.914272 0.168295 0.60863 0.33671 0.087396 0.467468 -2.056918
-17.59306 -37.57547 52.89405 2.798419 0.061278 1.444106 -1.20637 1.352365 2.605231 -0.170225 1.304329 0.12862 0.49387 0.778289 -0.114168
-19.59306 -37.57547 52.89405 2.120379 0.958738 0.367088 -0.976619 0.474361 2.464946 -0.001455 1.467087 -0.291315 0.653106 0.028948 -1.027696
-5.593056 -43.57547 52.89405 1.352505 -0.459714 1.199378 -1.325276 2.862174 1.754152 -1.349394 -0.810904 -0.848367 1.21834 1.094606 0.079253
-9.593056 -45.57547 52.89405 0.835482 -0.462318 -1.847268 0.172371 1.08063 1.765772 -0.807915 0.147489 -0.469626 1.764037 -0.289924 -0.647879
-13.59306 -29.57547 54.89405 1.045818 0.574346 -0.240151 -0.13938 -0.484927 0.380915 1.265039 1.006355 -1.370506 2.58951 1.669415 1.679779
-23.59306 -29.57547 54.89405 0.183184 -1.151398 -0.503848 -2.610986 -0.14836 -0.884794 -1.837949 -1.004076 -0.221911 -0.890144 -0.063603 -1.16231
-25.59306 -29.57547 54.89405 -0.520073 -0.603209 -1.624655 -3.02566 -0.533557 -0.37229 -2.405798 -0.298801 -1.41651 -1.166591 -2.215773 -0.556206
-27.59306 -29.57547 54.89405 -1.048047 -1.745888 -3.441213 -3.135607 -0.856926 -0.394763 -1.963238 0.227874 -2.12978 -1.213266 -2.480843 -0.173455
-15.59306 -31.57547 54.89405 2.399425 -0.332194 1.119857 -3.211433 0.655254 -0.856787 1.222747 1.43121 -0.131512 1.650509 3.777605 0.743084
-13.59306 -35.57547 54.89405 1.51587 -1.97368 0.455509 -1.821017 0.818991 -1.575186 -0.408052 0.382041 -1.052204 -0.679965 0.948459 -1.285242
-19.59306 -35.57547 54.89405 0.49281 -1.312957 -0.698892 -4.422184 -0.486208 -0.826693 -0.968798 -0.443242 0.340941 -0.726408 -1.577072 -1.943533
-21.59306 -35.57547 54.89405 -0.110433 -2.129876 -1.083126 -4.259856 0.015202 -1.655774 -0.462067 -0.357194 1.04897 0.564245 -0.774758 -1.893554
-19.59306 -37.57547 54.89405 0.680702 -0.491203 -0.607232 -3.227808 -0.015945 0.046014 -0.721171 0.289341 0.549416 -0.805139 -0.12575 -1.648679
-5.593056 -43.57547 54.89405 0.870381 -1.428677 -0.43451 -2.228373 1.243534 0.028892 -1.699125 -1.209119 -1.214422 -0.281867 0.008877 -1.195198
-7.593056 -45.57547 54.89405 1.125992 -1.338105 0.179023 -0.935712 1.186332 0.785262 0.357183 0.891189 -0.47048 -0.389949 0.65321 -1.021138
-9.593056 -45.57547 54.89405 1.143793 -0.643128 -1.103705 -0.767277 1.083408 1.583746 0.782956 1.296955 -0.157841 0.68978 0.099878 -1.581563
-3.593056 -27.57547 56.89405 -0.707786 -1.34286 -1.037096 -0.419831 0.468313 -0.317584 -0.642299 -0.2538 -0.536815 -0.030269 0.398829 -0.702228
-3.593056 -29.57547 56.89405 -1.386681 -0.939974 -1.962621 0.023678 -0.112296 0.070941 -0.722165 0.163954 -0.449112 -0.08822 -0.825333 -0.45176
-11.59306 -29.57547 56.89405 0.02309 0.710484 0.748959 -0.303217 -1.124478 1.362797 -0.542344 1.583963 -1.235067 1.777864 1.353882 2.348059
-27.59306 -31.57547 56.89405 -3.273292 -0.772931 -5.907353 -1.552415 -0.956697 -0.29648 -2.603627 0.009228 -0.864011 -0.258037 -2.392565 -0.843925
-5.593056 -43.57547 56.89405 -1.568375 -0.376576 -2.029958 -1.452576 0.578263 0.213573 -1.814421 0.688319 0.461624 -2.019727 -0.998532 -1.269328
-11.59306 -29.57547 58.89405 -0.073175 -0.765589 -0.12656 -1.494548 -1.327777 0.374927 -0.648535 1.157516 -2.08664 2.243061 0.699574 1.593823
-11.59306 -29.57547 60.89405 0.156394 -1.199724 -0.373322 -2.254109 -0.95942 -0.719525 0.048387 1.350832 -0.754741 1.88576 0.588094 1.69039
-3.593056 -31.57547 62.89405 0.450962 -1.935819 -0.403227 -0.210329 1.97247 -1.352061 -2.497298 0.638589 -3.18629 0.947263 -0.791271 -1.67079
