-6.954643 -10.36883 -1.527283 6.910871 2.357779 4.254588 -6.363141 0.150136 -4.205921 3.285435 7.594887 1.471705 -0.178142 -2.081074 2.39085
-8.954643 -10.36883 -1.527283 4.346158 0.026674 -1.151652 -1.616986 1.382178 -9.84363 2.373657 5.740529 -2.553753 2.574833 -1.170323 -4.737041
-0.954643 -12.36883 -1.527283 -2.761908 -4.191268 -2.697925 -5.285052 -3.479572 -1.770372 -0.535896 5.650272 1.930587 -5.315349 3.196327 0.1039
-2.954643 -12.36883 -1.527283 -1.990816 -2.537717 0.309675 -2.075096 0.418627 -0.975145 2.371062 2.113317 2.420738 0.052292 3.388732 0.031439
-8.954643 -12.36883 -1.527283 3.15981 -1.9923 -1.130485 -6.377914 -2.381528 -5.993915 2.550617 2.716836 -0.629978 -7.344064 -3.931104 -7.562794
-0.954643 -14.36883 -1.527283 -3.533471 -2.664254 -1.586076 -2.897814 -8.753168 3.218219 -0.143025 3.765147 6.495575 -2.774479 1.654552 6.591633
-2.954643 -14.36883 -1.527283 -0.407178 -3.55274 -1.661187 -3.864863 0.068415 -0.187553 6.041898 3.776589 3.866856 -2.763162 6.282413 2.643081
-8.954643 -14.36883 -1.527283 -0.500574 -2.04483 0.346965 -7.665288 -2.123086 0.501606 -0.882196 1.327471 -1.55037 -11.07992 -3.027652 2.162182
-0.954643 -16.36883 -1.527283 -2.010598 0.494467 -0.519799 -0.236985 -9.363349 5.498847 0.44653 1.726844 8.844307 0.660799 -1.768529 8.313829
-2.954643 -16.36883 -1.527283 1.779846 -0.933494 -2.197402 -6.160783 -2.287915 -0.626981 8.220835 4.468035 3.907682 -6.585189 3.112216 3.653944
-8.954643 -16.36883 -1.527283 0.022804 -1.65738 4.062553 -4.28297 0.633502 2.513538 -2.276999 -0.021335 0.380094 -3.511012 -2.088752 8.778331
1.045357 -10.36883 0.472717 9.440858 -2.375811 2.387391 -0.164772 4.249587 -4.360642 4.929206 5.205972 1.353633 3.279011 6.199263 -0.322046
-0.954643 -10.36883 0.472717 2.21281 -1.9192 -5.788222 4.010642 0.346339 -4.299284 1.03334 3.585343 -2.509728 7.618999 2.771209 -3.170415
-2.954643 -10.36883 0.472717 -6.645971 -2.301009 -2.143294 -0.381812 -0.486736 -1.381307 -4.793211 -8.570529 -0.304827 9.933478 -1.479775 4.225199
-8.954643 -10.36883 0.472717 2.196707 -4.21052 1.218384 -2.565716 2.502064 -10.00651 0.046741 5.57949 -1.848665 2.219169 -1.186106 -0.256823
1.045357 -12.36883 0.472717 7.515655 -5.711581 3.985502 -4.043189 1.986896 -1.603843 2.653656 2.191491 5.136961 -1.422409 4.716994 4.301639
-0.954643 -12.36883 0.472717 5.217416 -3.240518 -2.819899 2.686002 -1.097817 -0.714138 4.255744 3.329501 -0.80043 3.245472 4.018793 1.320546
-2.954643 -12.36883 0.472717 0.843675 -6.454263 -2.540807 -4.311586 0.93189 -3.070478 2.157783 -9.127501 0.743258 2.528042 1.347808 1.436065
-6.954643 -12.36883 0.472717 2.479537 0.374609 3.187673 -7.016049 -0.141497 -1.387484 0.405079 -0.316732 0.306633 0.173287 -1.310838 2.937487
-8.954643 -12.36883 0.472717 2.907028 -5.914483 -0.746035 -6.318038 0.334348 -2.578193 0.949949 3.927799 -2.288071 -3.232988 -2.497532 -1.570246
-10.95464 -12.36883 0.472717 2.661807 3.88216 -1.04875 3.820622 -0.093499 -0.266997 2.206928 8.353704 -1.734494 3.031342 -2.297149 0.233844
1.045357 -14.36883 0.472717 1.994078 -3.891665 2.940588 -2.64858 -2.495846 -0.698464 -1.225242 0.225193 6.757809 -1.780118 -1.362896 4.326687
-0.954643 -14.36883 0.472717 3.741325 1.365531 0.65293 4.919789 -3.03109 4.589792 4.119524 6.810481 4.254653 5.579349 2.937526 7.565122
-6.954643 -14.36883 0.472717 3.249441 2.612922 0.496467 -0.003048 3.808186 5.22223 2.118931 9.525192 0.745696 1.508777 3.831987 12.48295
-8.954643 -14.36883 0.472717 2.474275 -3.720616 0.105421 -7.051312 0.559312 2.70248 2.749711 3.434609 -0.844926 -5.813616 -1.103485 3.873075
-10.95464 -14.36883 0.472717 4.327944 1.900711 -4.366153 1.472087 0.432071 0.959655 6.447814 6.448846 -5.550638 1.028209 -1.464752 1.280804
1.045357 -16.36883 0.472717 -2.778 2.5111 1.006235 1.924243 -4.005243 1.006569 -4.082445 2.725871 5.116829 0.645419 -4.465365 4.863939
-0.954643 -16.36883 0.472717 -0.102041 9.145938 1.067055 8.540192 -3.825267 10.86463 2.302519 7.674288 7.097616 7.845149 -0.171125 12.64607
-2.954643 -16.36883 0.472717 0.948891 -0.934247 -1.805121 0.594769 -2.139577 -1.902388 5.814771 3.579448 3.452888 -2.400702 1.207592 0.380001
-6.954643 -16.36883 0.472717 2.005695 -0.31336 -1.131515 0.957297 5.658237 3.119712 1.359959 5.673822 2.628656 -1.237045 4.716579 15.16541
-8.954643 -16.36883 0.472717 0.943851 -1.628587 1.921272 -4.751735 2.558343 2.239715 3.006494 0.073155 2.089986 -1.134548 1.7119 8.841263
-10.95464 -16.36883 0.472717 -0.625326 -0.180209 -4.518776 -0.468312 1.093573 -1.530476 0.852429 0.535548 -7.708204 3.48101 0.907605 2.691721
1.045357 -18.36883 0.472717 -3.861254 6.688174 -0.669088 2.825555 -0.217368 3.025639 -4.033906 8.268859 2.025127 0.45582 0.533508 7.02804
-8.954643 -18.36883 0.472717 -5.085386 -0.628653 -1.390352 -2.363894 -0.549126 -0.750469 -1.57908 -2.477941 2.170431 0.634017 2.511751 5.344741
-6.954643 -6.368828 2.472717 -4.065042 13.09518 3.804618 12.51335 2.888883 7.889885 -1.728337 6.296706 0.530991 9.634247 1.131567 9.946719
-8.954643 -6.368828 2.472717 1.09211 9.681396 -0.842819 1.991299 2.348093 5.548008 -0.298479 11.88188 -0.955348 0.82103 2.386993 7.580625
1.045357 -8.368828 2.472717 2.025835 1.208449 6.228973 0.75024 6.443192 4.744286 -0.364058 4.353404 4.378686 3.252129 7.11162 5.408371
-8.954643 -8.368828 2.472717 -0.401073 1.748219 0.750899 3.217676 0.960363 -1.131254 1.785061 5.363389 0.787989 4.102856 -0.571479 3.713828
-10.95464 -8.368828 2.472717 3.772682 -1.567022 1.206455 -3.089525 -0.106777 -4.169938 3.140425 5.626122 -0.674608 -0.265565 0.40294 2.911005
1.045357 -10.36883 2.472717 1.698171 0.370059 3.723264 -1.620445 4.050694 3.766784 -2.627991 3.337998 0.204332 3.44494 6.065579 5.170745
-0.954643 -10.36883 2.472717 3.338181 6.697381 1.73137 3.848035 0.639593 3.673523 1.717739 7.38943 1.233758 5.22084 3.826346 5.274698
-8.954643 -10.36883 2.472717 0.286821 -2.930897 0.942516 2.187291 0.215851 -2.912855 3.063365 1.500536 1.96703 5.730895 -2.00912 2.980118
-10.95464 -10.36883 2.472717 0.506606 -2.833145 2.659743 -3.017985 -1.284548 -4.418582 2.417061 0.463699 3.614156 1.465275 -1.369617 3.99023
1.045357 -12.36883 2.472717 1.440207 -1.114316 3.057241 -5.547165 1.111275 1.507676 -2.909532 0.411293 -0.183623 0.63622 2.303599 2.271807
-0.954643 -12.36883 2.472717 5.692025 3.91591 3.757905 3.883669 1.875068 4.407918 2.831303 4.901725 0.070004 2.016956 2.028178 3.174131
-2.954643 -12.36883 2.472717 4.221817 -6.37703 1.915725 -9.724909 -0.084832 -1.411161 7.909801 -10.96079 5.999256 -0.196845 1.520768 6.830237
-8.954643 -12.36883 2.472717 5.072426 -3.428884 0.014301 -0.622222 0.618123 0.820636 5.887112 2.760967 1.813267 4.126828 -2.108967 5.048841
-10.95464 -12.36883 2.472717 1.595135 -0.048214 2.484712 -3.118132 -0.88994 -1.499245 2.794291 3.676536 6.07996 1.265096 -2.960355 3.442186
1.045357 -14.36883 2.472717 1.393446 -2.666886 3.320458 -10.00803 -0.154493 -0.277443 -1.395302 1.453093 1.918551 -5.19295 -1.312703 -0.728094
-0.954643 -14.36883 2.472717 4.487475 2.140049 6.450542 0.321195 3.489685 0.159357 2.050859 7.755415 3.631354 2.271502 1.603217 1.61826
-2.954643 -14.36883 2.472717 8.136416 -5.515022 1.471524 -6.668167 1.869786 -5.151707 11.25273 -4.094049 6.446904 -1.100397 0.578443 0.328712
-6.954643 -14.36883 2.472717 0.483249 -1.454108 0.356514 -7.508766 2.881311 1.229063 2.601139 6.554523 3.451131 -2.484129 3.882685 7.487203
-8.954643 -14.36883 2.472717 7.099016 -2.478083 1.605133 -0.864636 2.08829 2.131557 9.002945 2.621174 3.608902 3.15907 -0.378237 6.37566
-10.95464 -14.36883 2.472717 1.501796 -2.043315 -1.023471 -4.610467 0.099649 -2.229875 2.572134 4.511463 1.145492 -1.063316 -2.392416 2.64397
1.045357 -16.36883 2.472717 1.759132 1.6267 4.07899 -5.800358 -0.735746 1.006685 -0.906381 4.468174 3.169991 -4.053115 -3.196123 1.14484
-0.954643 -16.36883 2.472717 2.532145 4.137783 5.155078 0.026988 2.441414 -0.527273 2.457084 8.7739 5.708157 4.603151 0.940164 3.359114
-2.954643 -16.36883 2.472717 6.108395 -0.340005 -1.917049 -0.884694 1.2574 -4.901635 9.29734 4.125553 4.02991 -0.681941 -0.029808 -1.769604
-6.954643 -16.36883 2.472717 0.300471 1.183186 -3.625617 4.834806 3.99552 3.603785 0.931974 8.758325 1.727294 4.793202 4.096961 9.203817
-8.954643 -16.36883 2.472717 4.625193 -0.407626 3.636724 -1.328323 3.608791 2.283174 7.917264 2.048072 5.868063 5.330037 3.15884 8.743027
1.045357 -18.36883 2.472717 4.013056 7.549642 5.415807 3.061806 1.026452 3.440119 0.897677 7.716286 3.976364 4.155122 0.062324 7.23566
-2.954643 -18.36883 2.472717 3.80034 5.789744 -4.250932 4.916531 -1.293661 2.79347 8.451299 7.329313 -0.399962 -3.432608 0.741576 -0.806234
-4.954643 -18.36883 2.472717 3.43576 8.731363 -7.123461 16.73724 1.03962 3.868487 2.403192 8.549881 -7.029933 5.256957 -3.763114 4.600981
-6.954643 -18.36883 2.472717 2.47231 7.119603 -4.857941 9.373772 2.302297 8.739813 -1.542997 7.40607 -4.846716 9.101898 -1.555328 15.27779
-8.954643 -18.36883 2.472717 5.048274 0.719628 0.535196 -4.622517 2.961977 2.769231 4.837458 2.141289 3.503308 4.437541 6.688231 10.14826
1.045357 -20.36883 2.472717 7.595358 1.577403 5.643337 1.076618 4.017766 0.788109 5.673867 8.244158 5.045019 5.927379 4.642791 8.480026
-0.954643 -20.36883 2.472717 5.649038 9.507105 -0.193445 7.510231 0.952407 5.865172 6.479867 16.4503 2.692341 10.37377 5.198684 5.973541
-2.954643 -20.36883 2.472717 2.815545 2.552529 -2.861317 9.202885 -1.603844 4.056799 4.2347 9.024146 -2.274304 3.220278 1.632366 -1.581787
-6.954643 -20.36883 2.472717 -3.657175 5.061684 1.896763 4.878146 -0.794721 11.68799 -4.279061 7.404123 3.649073 4.708402 -1.592447 16.47596
-8.954643 -20.36883 2.472717 6.43049 -0.465832 2.444146 -5.606959 2.250612 -0.426872 6.108036 6.084846 5.454047 -2.415877 4.968018 5.034835
1.045357 -6.368828 4.472717 1.146273 -2.637208 4.021805 -1.341554 0.04266 -1.455427 1.493382 -5.5288 6.834403 -1.349619 -1.222857 -1.051173
-6.954643 -6.368828 4.472717 -2.167688 8.837731 4.382247 2.405077 4.979589 9.589829 1.490896 1.662029 3.646008 0.920711 2.202388 10.92755
1.045357 -8.368828 4.472717 -0.556636 -3.780822 4.173056 -1.510664 5.007515 -1.298097 -0.679536 -1.189826 5.283101 -0.644163 6.184114 1.244908
-8.954643 -8.368828 4.472717 -4.547777 -1.188743 -1.427037 3.288171 -1.039474 1.732039 0.687642 -3.450994 0.244357 5.555782 -1.11476 3.659617
-10.95464 -8.368828 4.472717 1.745358 -1.046778 -2.28642 2.088283 0.140165 -4.80742 2.030557 2.101324 -4.511703 4.854061 -0.351438 -2.750769
1.045357 -10.36883 4.472717 -4.298124 -1.934858 3.097887 1.038717 2.343664 2.52042 -5.324957 -0.253371 0.358602 2.415838 5.133644 4.491264
-0.954643 -10.36883 4.472717 -1.597256 3.623545 4.695086 3.654737 -0.586597 1.755215 -0.73326 5.708016 1.276281 1.935112 2.143579 7.76309
-2.954643 -10.36883 4.472717 -5.659716 -0.916144 2.513193 4.781276 -1.590574 2.242312 -3.353323 -2.35909 3.446615 6.651309 4.822817 13.10209
-8.954643 -10.36883 4.472717 -7.65652 -7.033236 -0.833057 2.59276 -2.935419 -0.520352 -0.98945 -9.714381 4.003272 7.213005 -4.960267 1.390892
-10.95464 -10.36883 4.472717 -3.691267 -0.682292 -1.082622 2.558975 -0.712366 -3.308987 -0.618748 -3.492596 1.602123 7.118876 -1.994587 0.543117
-0.954643 -12.36883 4.472717 -1.18906 -1.621653 3.500165 0.315658 -0.090135 2.610924 0.616372 2.996836 -0.039174 -1.470033 1.114138 7.756042
-2.954643 -12.36883 4.472717 -3.50081 -12.25677 1.81673 -4.578708 1.124272 -5.314662 3.932147 -9.609938 4.914729 1.57401 6.695462 1.337355
-8.954643 -12.36883 4.472717 -4.816746 -2.047175 -0.246046 4.332217 -3.190299 3.575534 -0.636714 -7.159323 4.418862 8.173703 -6.969839 2.557619
-10.95464 -12.36883 4.472717 -7.39492 1.659653 -1.051792 2.050278 -1.926682 3.03047 -5.440535 -4.73073 5.680349 6.549392 -2.908633 6.002083
-2.954643 -14.36883 4.472717 2.889571 -15.00522 1.115978 -6.592615 5.200291 -13.17264 11.06479 -4.394747 5.525304 0.34856 7.284118 -10.80292
-6.954643 -14.36883 4.472717 -2.308027 -1.446857 3.03201 -3.828625 1.668371 -0.516107 0.667486 -0.603772 5.992003 1.302506 -0.676483 -2.311172
-8.954643 -14.36883 4.472717 1.871175 1.862803 1.296555 4.171024 -0.754259 6.442329 5.014445 -4.505482 4.021351 6.471841 -4.877796 3.578266
-2.954643 -16.36883 4.472717 8.040352 -6.574738 -3.541986 0.158251 4.00688 -15.99548 14.71387 8.955067 1.590946 3.13394 3.558515 -14.77818
-4.954643 -16.36883 4.472717 8.595219 -0.67564 -1.999213 1.369713 3.935621 -13.93522 15.72538 8.594419 2.328577 3.324932 -0.868531 -13.41606
-6.954643 -16.36883 4.472717 2.985525 -3.544767 1.278314 -3.018952 3.332957 -3.884415 4.217268 -1.247706 3.706213 -2.185262 -1.22942 -1.83983
-8.954643 -16.36883 4.472717 6.95742 1.911885 2.439506 0.434629 2.424638 4.760665 7.961196 -3.579923 2.809893 3.500963 -2.520551 4.381066
1.045357 -18.36883 4.472717 0.34519 3.255315 0.900823 5.797476 1.48754 2.268387 -0.462908 5.483118 0.888329 6.560332 -0.849292 3.86373
-0.954643 -18.36883 4.472717 -0.103666 7.160596 -2.785103 8.497108 1.139869 1.053736 3.487794 11.15428 -0.054751 10.34811 2.588955 5.166461
-2.954643 -18.36883 4.472717 9.742721 3.651648 -8.087162 10.67908 -0.724109 -5.664562 14.65373 10.88797 -4.095552 6.670443 -0.491857 -3.625843
-4.954643 -18.36883 4.472717 13.57267 11.66734 -6.206063 20.242 2.488294 -4.407364 14.96729 15.1371 -8.898921 8.133986 -3.187607 -3.797035
-6.954643 -18.36883 4.472717 8.100029 2.144283 -1.70216 10.96466 1.577824 0.081152 3.724945 3.088857 -5.700678 5.334286 -4.229507 1.488452
-8.954643 -18.36883 4.472717 8.326237 1.198451 2.361696 -2.792012 2.340117 1.509753 4.520792 0.354753 0.103849 0.26169 -3.092754 2.417813
-10.95464 -18.36883 4.472717 6.244485 1.970797 0.83395 -0.204155 2.326143 1.815588 5.534184 2.177677 -1.061357 2.009692 0.974496 0.569002
1.045357 -20.36883 4.472717 1.750036 -3.441494 0.884274 3.263589 2.510311 -1.197127 1.068306 -0.434483 1.473315 7.022682 3.324378 4.039683
-0.954643 -20.36883 4.472717 2.36806 2.287548 -2.066681 4.003471 2.647234 0.833903 2.467902 3.278208 0.761513 6.866735 6.855103 1.78639
-2.954643 -20.36883 4.472717 8.580152 1.942739 -4.158526 10.08035 1.893806 2.814256 8.994296 3.115299 -2.090712 5.984817 1.526105 2.206467
-4.954643 -20.36883 4.472717 12.06628 19.28428 0.723911 25.44377 2.853149 13.76412 8.364273 18.7884 -8.423947 11.78948 -3.057007 16.82097
-8.954643 -20.36883 4.472717 4.390009 -2.869138 4.886055 -1.46494 1.220618 -0.249232 -0.077224 1.231131 3.449802 -3.71383 -1.767723 -1.607785
-10.95464 -20.36883 4.472717 4.531457 -1.053058 3.561093 -1.214581 1.197834 -0.388844 5.710512 0.326764 4.146252 -1.915994 1.44715 -1.123092
-0.954643 -22.36883 4.472717 1.769724 0.705659 1.05741 1.849932 4.094056 -3.051096 1.170938 1.80746 4.392459 4.522418 5.886768 -0.026201
-2.954643 -22.36883 4.472717 6.92348 -5.30189 -1.904998 2.881861 2.58915 -4.053505 5.545878 -4.528803 2.844317 5.628882 2.750402 0.749878
-4.954643 -22.36883 4.472717 9.660301 9.982485 1.075483 14.8161 3.694416 9.325505 7.616262 8.556284 -3.724702 11.3152 0.927943 17.55655
-0.954643 -24.36883 4.472717 1.727224 0.906163 2.862703 2.058618 3.555445 -0.320446 1.078984 3.700988 3.779914 4.971382 2.395076 -0.404589
-2.954643 -24.36883 4.472717 7.417691 -8.937637 -0.66032 1.401709 3.257375 -3.701139 6.986969 -4.759327 1.429487 5.273739 2.256457 -2.765219
-4.954643 -24.36883 4.472717 16.60543 0.886435 -1.92595 7.948776 4.172618 2.677584 15.87587 -0.902097 0.547863 9.328713 4.075805 9.26501
-10.95464 -10.36883 6.472717 1.008739 8.137083 -4.320169 7.043559 1.59518 -1.92302 2.132625 5.397097 -2.859609 8.545919 2.318338 -1.389191
-8.954643 -12.36883 6.472717 -8.543137 -4.775052 -0.343772 -1.193726 -1.477285 -1.757168 -5.208708 -3.450048 0.092911 3.617947 -2.042416 2.538189
-0.954643 -14.36883 6.472717 0.502372 -3.196131 -1.661137 -3.174434 1.224848 -1.390388 3.07949 -10.41358 0.776796 -3.812551 1.665015 6.484004
-2.954643 -14.36883 6.472717 -6.07872 -8.27776 -2.008777 2.529724 3.674492 -6.410607 -2.992651 -13.49186 -2.098021 2.769052 6.078804 -0.763827
-8.954643 -14.36883 6.472717 -3.520323 0.31512 0.50977 -0.18137 -0.177276 3.228707 -1.400609 -1.029288 -2.181307 5.116134 -0.878455 2.305627
-2.954643 -16.36883 6.472717 3.123697 -5.05352 1.650138 5.722291 3.89016 -7.756051 7.684765 -3.464288 3.318079 8.596023 6.11656 -3.867132
-6.954643 -16.36883 6.472717 -3.552866 -5.487718 -2.310404 0.287397 1.277823 -3.890788 -2.614485 -5.32815 -1.029028 5.488169 0.560255 4.185874
-8.954643 -16.36883 6.472717 4.358514 4.800442 -0.895079 3.075342 2.06342 7.798565 3.644138 1.325297 -2.902806 7.112386 0.7097 2.602687
-2.954643 -18.36883 6.472717 6.871214 -0.197477 0.794666 4.102346 -0.085793 -6.501897 10.40574 7.21659 5.301259 7.418302 2.540836 -4.285348
-4.954643 -18.36883 6.472717 10.40792 8.091371 -0.855475 14.49532 -0.800775 -2.709302 12.3369 7.373752 -0.139527 11.82294 -1.590851 -0.209897
-6.954643 -18.36883 6.472717 1.093862 -2.958095 -3.461662 3.922112 -1.583515 -3.704203 1.12716 -0.318585 -3.227693 4.648002 -2.970537 1.376665
-8.954643 -18.36883 6.472717 5.449539 3.267253 -2.686276 4.04173 0.162972 7.895445 4.366926 -1.560945 -3.19668 3.061853 -1.668273 2.057736
-2.954643 -20.36883 6.472717 5.137042 0.535262 -1.517669 2.053584 1.864923 -3.533299 4.353817 7.636056 3.459028 0.015012 3.261569 -3.474715
-4.954643 -20.36883 6.472717 10.1938 12.3879 1.930507 15.70441 4.637201 3.386885 6.391843 20.41665 -1.303214 6.674854 1.843975 2.049168
-6.954643 -20.36883 6.472717 0.587717 7.287757 1.487285 11.5555 -0.002794 2.784141 -3.298717 16.53141 -1.794353 6.590965 -1.122858 0.894962
-8.954643 -20.36883 6.472717 1.658378 1.726463 0.37515 1.434816 -1.031215 2.814312 1.326473 1.268978 0.43764 -2.043446 -2.610096 -3.642702
-10.95464 -20.36883 6.472717 6.04471 9.541846 2.328387 1.929823 -0.095172 2.791162 7.559605 8.702535 3.44849 -2.386657 0.798458 -3.86465
-2.954643 -22.36883 6.472717 6.636569 -1.55147 -1.500052 2.837959 4.756413 -5.220073 3.700669 3.061357 2.020366 0.454546 5.318817 -4.443995
-4.954643 -22.36883 6.472717 1.080359 7.869581 -1.716677 16.09816 3.875875 -2.120036 -2.988302 17.59791 -3.019591 8.221441 2.884531 1.986506
-4.954643 -24.36883 6.472717 12.03576 -2.959746 -1.346861 11.12025 4.40478 -6.034115 8.076421 8.450189 2.290596 7.452355 3.121458 -2.174505
-4.954643 -26.36883 6.472717 5.830225 0.949026 -1.853438 -4.29171 0.634308 -2.742577 7.887759 6.399631 3.060465 -0.82091 4.259908 0.807252
-8.954643 -14.36883 8.472717 0.985174 -3.493285 1.819047 0.422052 1.37552 2.836918 2.465873 -3.009157 -1.43557 2.714385 4.538892 4.629674
-8.954643 -16.36883 8.472717 2.977075 -1.496603 -0.363261 1.398722 -1.502742 4.85536 2.152824 -4.142796 -1.832968 5.118114 3.224999 6.464057
-2.954643 -18.36883 8.472717 2.992994 -2.605779 3.471398 -0.707485 0.568645 -5.369739 2.422147 -0.552103 6.584863 1.719968 3.301463 -1.883022
-8.954643 -18.36883 8.472717 1.853397 2.119196 -2.449636 1.030954 -0.577049 5.108507 1.730324 -0.635433 -3.37349 3.777932 2.442503 3.746357
-0.954643 -20.36883 8.472717 -2.722904 -0.727205 3.38017 -2.363677 0.912245 -0.193017 -7.327431 7.161569 9.044503 1.39377 0.95477 7.891071
-2.954643 -20.36883 8.472717 -1.347027 1.686458 0.879907 0.42714 1.349718 -0.568451 -1.496625 8.041248 7.653447 -0.993308 3.036645 1.854242
-4.954643 -20.36883 8.472717 -3.121952 5.061002 0.286695 10.8255 1.600688 4.581336 -4.318403 1.749405 0.544102 7.032087 -0.628954 2.15289
-6.954643 -20.36883 8.472717 1.011338 0.752954 -0.771207 2.366001 3.511214 0.551432 0.771716 3.755722 -2.326045 3.649424 4.066095 -0.730058
-8.954643 -20.36883 8.472717 2.596179 -1.387625 -0.539051 -2.138952 2.470374 0.411659 5.127622 0.03754 -2.032693 -0.811015 3.692112 -1.380843
-2.954643 -22.36883 8.472717 -3.265136 2.039396 0.021552 3.788398 -1.237638 2.325836 -4.039691 6.909105 5.693539 1.227664 0.511904 2.294916
-4.954643 -22.36883 8.472717 -18.97659 -3.783973 -5.191647 11.30809 -7.644254 4.823056 -17.47008 -6.141052 3.644279 4.378796 -4.644327 6.968279
-0.954643 -24.36883 8.472717 2.787859 4.590157 2.472864 3.951144 0.758519 4.888925 -0.477205 -2.111837 1.42018 1.218712 -1.257387 3.556783
-2.954643 -24.36883 8.472717 2.915701 -0.007435 1.188123 3.461247 -2.291956 -0.17081 1.299819 3.108068 3.956505 2.869545 -0.75208 -2.104594
-4.954643 -24.36883 8.472717 -9.975337 -13.99458 -0.09973 0.690738 -8.798831 -3.924932 -8.613173 -10.62995 11.99555 1.722944 -3.478436 -1.859959
-8.954643 -16.36883 10.47272 0.064946 -4.142807 1.837656 -4.341794 -0.692639 0.507681 -0.08961 -0.04453 -1.098476 -0.063301 2.578758 2.961038
-8.954643 -18.36883 10.47272 -5.083167 -6.39093 0.587106 -5.090338 -3.346989 -2.091388 -4.835084 -1.945289 -1.056471 -2.223824 2.156308 1.364272
-10.95464 -20.36883 10.47272 -5.826356 -0.647965 0.6039 -1.371544 -1.988134 -4.276519 -4.869429 2.086555 1.088558 -2.74838 -1.572076 -3.419464
-0.954643 -22.36883 10.47272 4.752687 2.676569 1.192219 -3.172848 -0.761782 0.282077 2.049683 3.379555 2.514437 -2.030657 -2.085148 3.862909
-2.954643 -22.36883 10.47272 0.776623 -0.094153 -0.089761 -2.948386 -2.803876 2.33409 0.550175 2.509586 1.775106 -0.309112 -4.910449 3.602548
-2.954643 -24.36883 10.47272 -0.94818 -2.595462 0.51355 -2.083762 -3.045607 3.101922 -1.600195 -5.401876 1.720119 1.538216 -2.702719 0.338725
