3.335487 -5.802643 -17.72347 -0.183761 0.2178 1.056212 -0.941388 -3.128719 -4.371779
13.33549 -15.80264 -17.72347 -3.377312 -3.006718 2.59277 4.423872 -2.451169 -2.254152
15.33549 -17.80264 -17.72347 2.721514 4.82022 3.974515 7.388641 2.488458 3.511236
9.335487 -17.80264 -17.72347 -3.495738 -3.714004 -1.411293 -2.006003 -0.003247 1.244621
7.335487 -17.80264 -17.72347 -1.096799 -1.989926 1.516297 0.801657 0.812453 2.233669
17.33549 -19.80264 -17.72347 3.040806 4.87145 4.210235 8.79911 1.9823 2.126192
15.33549 -19.80264 -17.72347 6.376552 8.378735 5.265135 10.61499 4.076091 5.079545
17.33549 -21.80264 -17.72347 4.125711 5.499857 5.766232 9.249563 3.345889 3.190657
15.33549 -21.80264 -17.72347 7.427146 8.369497 6.530371 11.56438 5.239964 4.592596
3.335487 -3.802643 -15.72347 -4.556604 -3.103622 -3.731511 -4.383183 -3.255768 -3.565273
3.335487 -5.802643 -15.72347 -1.992789 -1.326601 -3.306756 -6.985106 -4.661439 -6.446366
1.335487 -5.802643 -15.72347 -1.082411 0.907865 1.655701 2.101712 -1.339366 -2.008798
1.335487 -7.802643 -15.72347 -1.337328 0.490038 -0.396732 -0.269646 -3.712106 -3.657476
1.335487 -9.802643 -15.72347 -3.93384 -2.979643 -3.844615 -6.019706 -3.485225 -3.376216
3.335487 -11.80264 -15.72347 -3.445086 -2.409665 -1.928494 -5.13625 -1.539881 -0.463148
21.33549 -17.80264 -15.72347 2.102214 4.156138 3.775743 7.372395 2.251817 2.579849
13.33549 -17.80264 -15.72347 -1.385765 -4.444167 0.272846 -2.861106 -3.776695 -4.644683
11.33549 -17.80264 -15.72347 1.415208 2.906466 4.471375 6.702622 -1.315784 -0.487742
21.33549 -19.80264 -15.72347 2.362044 3.080051 3.557559 5.847729 2.349695 1.35336
19.33549 -19.80264 -15.72347 -4.639022 -4.004245 -2.142333 -2.446982 -1.610009 -1.123371
13.33549 -19.80264 -15.72347 -0.227068 -2.670887 -1.819719 -4.714687 -2.018638 -3.669287
11.33549 -19.80264 -15.72347 1.503116 3.583209 4.563135 7.552549 2.717533 3.439934
7.335487 -19.80264 -15.72347 -1.00302 -2.006833 4.862324 4.808022 3.660209 4.805765
19.33549 -21.80264 -15.72347 -4.101965 -3.589941 -0.742221 -1.510575 0.388237 -0.881044
7.335487 -21.80264 -15.72347 -1.669631 -1.959352 3.789237 3.538384 3.393465 5.965002
19.33549 -23.80264 -15.72347 -2.977087 -1.007467 1.700792 1.944438 1.456032 0.631207
17.33549 -23.80264 -15.72347 -0.738317 1.289386 0.94339 1.573768 0.052186 -0.868585
13.33549 -23.80264 -15.72347 -2.536043 -2.167558 -1.565671 -2.256155 -0.518192 0.07106
11.33549 -23.80264 -15.72347 1.343861 2.019754 0.191449 0.703746 3.937814 4.313266
9.335487 -23.80264 -15.72347 -1.998749 -1.13243 0.913354 3.914164 2.284569 3.79299
7.335487 -23.80264 -15.72347 -4.178984 -3.505444 -0.027867 0.265983 1.020505 3.718948
19.33549 -25.80264 -15.72347 -1.795567 -0.219865 3.759215 5.023699 0.470747 -0.190132
17.33549 -25.80264 -15.72347 -0.677915 1.252901 1.556309 2.280179 -0.592672 -0.770422
13.33549 -25.80264 -15.72347 -1.361453 0.374165 -1.183972 -0.240141 0.18889 2.174437
1.335487 0.197357 -13.72347 -4.113122 0.019031 -1.760806 -3.387019 2.799409 6.003498
1.335487 -1.802643 -13.72347 -4.28826 -1.833002 -2.132524 -5.037732 2.124529 3.354834
-0.664513 -1.802643 -13.72347 -3.768024 -2.763064 -1.540328 -4.12626 -0.735432 2.606966
3.335487 -3.802643 -13.72347 -3.71266 -5.786191 -5.1423 -10.62337 -2.883755 -5.307696
1.335487 -3.802643 -13.72347 -5.658626 -4.340333 -0.231008 -3.773962 -1.270351 -1.697198
3.335487 -5.802643 -13.72347 -1.507939 -3.369609 -1.70713 -6.118363 -4.012557 -6.073164
1.335487 -5.802643 -13.72347 -6.616823 -4.427938 1.461878 -0.46175 -4.834627 -5.757384
1.335487 -7.802643 -13.72347 -5.534489 -3.311763 1.235884 1.445059 -5.916255 -6.91082
-0.664513 -7.802643 -13.72347 0.787646 1.094186 3.477867 4.941277 0.036412 1.023603
1.335487 -9.802643 -13.72347 -4.716701 -3.773129 -1.069253 -0.228097 -4.997494 -6.225726
-0.664513 -9.802643 -13.72347 0.313988 -0.588294 1.465555 5.039537 -1.277748 -0.375473
3.335487 -11.80264 -13.72347 -4.30803 -2.738863 -0.688096 -0.757544 -4.399127 -5.710976
1.335487 -11.80264 -13.72347 -5.505258 -4.711718 -2.703099 -2.313805 -3.675192 -4.892454
9.335487 -17.80264 -13.72347 2.800282 2.515092 1.836212 3.061442 -0.635434 -1.027236
17.33549 -19.80264 -13.72347 -5.343627 -4.340492 0.027637 1.366024 -3.026887 0.107779
15.33549 -19.80264 -13.72347 -6.369875 -7.832828 -1.500024 -1.954493 -4.087903 -2.369542
13.33549 -19.80264 -13.72347 0.428509 -2.296163 -1.684663 -4.570053 -2.30029 -4.074192
9.335487 -19.80264 -13.72347 1.670936 -0.891855 4.8249 5.103244 4.159928 3.136174
15.33549 -21.80264 -13.72347 -5.395465 -6.542033 -1.695204 -3.214229 -4.302548 -3.184162
13.33549 -21.80264 -13.72347 -1.076689 -2.176774 -1.414976 -3.140686 -0.528487 -1.801321
21.33549 -23.80264 -13.72347 -0.214285 -0.883687 2.90888 1.988361 2.634564 1.945187
19.33549 -23.80264 -13.72347 -3.152663 -1.938884 -1.359016 -1.050002 0.50362 0.211644
15.33549 -23.80264 -13.72347 -4.638295 -3.755275 -1.741026 -3.492139 -3.969875 -2.489257
13.33549 -23.80264 -13.72347 -4.023139 -3.622555 -0.573575 -1.602386 -0.07782 -0.189316
11.33549 -23.80264 -13.72347 -2.201689 -1.94979 0.396221 0.50106 0.377113 0.563036
7.335487 -23.80264 -13.72347 -1.68244 -0.413395 5.014274 5.801888 -0.554458 3.246045
21.33549 -25.80264 -13.72347 0.103077 0.437848 3.522597 4.402402 2.674255 2.646772
19.33549 -25.80264 -13.72347 -0.323388 -0.074373 2.209111 2.879435 2.178223 1.082074
15.33549 -25.80264 -13.72347 -3.459354 -1.614472 -1.582895 -2.69254 -1.794908 -0.513273
7.335487 -25.80264 -13.72347 -4.085139 -2.5599 2.206997 3.440944 -1.229704 1.637365
-0.664513 0.197357 -11.72347 -4.445422 -4.418204 0.875375 2.783428 -3.373359 -2.861768
-0.664513 -1.802643 -11.72347 -0.446047 1.097273 -0.261734 2.279537 -1.79154 0.161079
1.335487 -3.802643 -11.72347 -3.080083 -0.261988 -0.697823 -0.726688 -1.778532 -0.262456
-0.664513 -3.802643 -11.72347 0.213564 2.331083 -0.968383 -0.243305 -1.385836 1.111001
1.335487 -5.802643 -11.72347 -4.293604 -2.202662 1.628573 0.650434 -3.019509 -1.815867
1.335487 -7.802643 -11.72347 -3.983352 -3.108954 0.896759 -0.302492 -1.450311 -1.216274
-0.664513 -7.802643 -11.72347 -2.408839 -1.932209 -2.962562 -3.373976 -1.508619 -1.041288
1.335487 -9.802643 -11.72347 -2.147926 -2.1232 -0.520352 -1.152654 0.563246 0.417772
-0.664513 -9.802643 -11.72347 -1.330399 -1.999367 -2.770711 -0.724497 -0.878145 -0.593954
1.335487 -11.80264 -11.72347 -2.542241 -1.674119 -1.560142 -1.349561 -0.818902 -0.411803
-0.664513 -11.80264 -11.72347 -1.084319 -1.335062 -0.010751 3.065176 0.507479 1.815707
-0.664513 -13.80264 -11.72347 -0.764266 -0.271136 2.186064 5.408864 0.025624 1.616488
-0.664513 -15.80264 -11.72347 0.533066 1.395174 1.486601 5.507993 -2.066701 -1.046977
17.33549 -17.80264 -11.72347 -0.701463 0.06299 1.794269 4.17427 -0.665289 2.017384
9.335487 -17.80264 -11.72347 2.55841 0.357807 1.981869 -0.364718 -0.804719 -2.873355
-0.664513 -17.80264 -11.72347 0.857535 2.199486 -0.255534 3.516632 -2.397009 -1.609055
31.33549 -19.80264 -11.72347 -0.031102 1.105016 2.785384 3.463323 0.407592 1.304214
17.33549 -19.80264 -11.72347 -4.036227 -3.652873 0.249315 0.947049 -0.906252 1.928164
11.33549 -19.80264 -11.72347 4.014215 -0.141168 2.148219 -2.30905 0.388454 -3.146815
9.335487 -19.80264 -11.72347 2.116805 -0.045028 1.529864 -2.004063 -0.897303 -2.929613
17.33549 -21.80264 -11.72347 -7.124716 -7.40401 -1.523287 -2.855916 -1.863342 -0.325297
15.33549 -21.80264 -11.72347 -5.320583 -5.199273 -1.126457 -1.357454 -3.94514 -2.909848
9.335487 -21.80264 -11.72347 -0.661514 -1.964905 2.357499 0.071251 0.206516 0.433393
1.335487 -21.80264 -11.72347 0.459111 2.143613 0.904481 5.70984 1.754031 0.425907
23.33549 -23.80264 -11.72347 -2.98486 -3.159682 3.374425 4.054874 0.538723 -0.966304
21.33549 -23.80264 -11.72347 -3.819821 -4.348085 3.354958 2.357798 0.455992 -0.834189
17.33549 -23.80264 -11.72347 -6.533116 -6.317643 -1.732772 -2.634706 -2.426851 -2.267409
15.33549 -23.80264 -11.72347 -3.604356 -2.775365 1.004782 2.447196 -3.268071 -2.050426
13.33549 -23.80264 -11.72347 -1.710449 -1.077159 2.409742 3.168339 -0.171178 -0.216248
9.335487 -23.80264 -11.72347 -2.058023 -2.199756 3.474313 3.594155 -1.420661 -0.776627
21.33549 -25.80264 -11.72347 -1.215312 -2.402768 2.078489 1.044652 0.88704 -0.647037
17.33549 -25.80264 -11.72347 -2.482065 -3.121521 0.559183 -0.040503 -0.046284 -1.170576
15.33549 -25.80264 -11.72347 -2.821639 -1.716053 1.075621 2.521658 -2.017462 -0.896976
13.33549 -25.80264 -11.72347 -2.190115 -1.435652 1.823807 2.544367 -0.74593 0.080504
-0.664513 -1.802643 -9.723473 -3.905071 -3.3798 0.155341 0.125701 -0.118703 -0.992777
-0.664513 -3.802643 -9.723473 -1.79683 -0.647388 -0.525543 0.406112 -1.691086 -2.562589
-2.664513 -3.802643 -9.723473 -2.684025 -0.691671 0.590835 1.835773 -0.634865 1.837406
1.335487 -5.802643 -9.723473 1.718182 4.809198 0.414465 2.685172 -5.553988 -2.168033
-0.664513 -5.802643 -9.723473 -1.406283 -1.293258 -1.607291 -0.919319 -4.406641 -5.571826
1.335487 -7.802643 -9.723473 1.045015 2.538376 1.893374 3.16983 -6.047254 -5.01461
1.335487 -9.802643 -9.723473 0.111973 0.368683 1.615089 1.082903 -4.466569 -4.884624
-0.664513 -9.802643 -9.723473 -0.173693 -2.201437 -3.057952 -5.292409 -3.847568 -5.974884
1.335487 -11.80264 -9.723473 -0.636927 -0.692775 0.458092 -1.961695 -3.26062 -3.587317
-0.664513 -11.80264 -9.723473 2.155426 0.348261 -1.159415 -4.087572 -1.58637 -2.932232
-2.664513 -11.80264 -9.723473 2.019407 3.228537 0.017936 0.37192 0.789331 0.684929
1.335487 -13.80264 -9.723473 -2.409846 -2.637763 -1.206951 -4.702654 -4.493055 -4.654283
-0.664513 -13.80264 -9.723473 2.529564 0.289205 0.899795 -2.488017 -1.64159 -2.699656
-2.664513 -13.80264 -9.723473 3.017695 2.740855 1.146635 -0.908344 0.978795 -0.128654
1.335487 -15.80264 -9.723473 -3.474696 -3.51576 -0.86127 -3.286753 -5.93624 -6.608953
-0.664513 -15.80264 -9.723473 2.311426 -0.204461 0.666849 -2.556016 -3.020867 -4.352371
-2.664513 -15.80264 -9.723473 3.554042 1.067777 0.470772 -3.605983 0.252746 -1.688303
3.335487 -17.80264 -9.723473 -6.880021 -4.021802 -4.159719 -5.33379 -5.422183 -5.330511
1.335487 -17.80264 -9.723473 -3.233056 -1.890029 1.094768 1.755928 -5.198407 -5.472979
-0.664513 -17.80264 -9.723473 2.118876 0.68369 -0.354049 -2.702643 -1.981292 -2.929004
-2.664513 -17.80264 -9.723473 3.430936 0.452349 -0.352627 -4.010173 0.04833 -2.276306
31.33549 -19.80264 -9.723473 -0.787489 1.470998 2.028902 2.473268 0.152695 3.136481
29.33549 -19.80264 -9.723473 -0.09985 1.458396 2.859222 4.088658 -0.475853 0.680745
17.33549 -19.80264 -9.723473 0.527081 0.484551 -0.67506 0.356184 2.078206 3.039469
15.33549 -19.80264 -9.723473 -2.761184 -3.149548 -4.799758 -6.000047 -2.463854 -2.502499
11.33549 -19.80264 -9.723473 1.135016 -0.410857 1.121184 -1.643068 -3.250587 -4.690473
1.335487 -19.80264 -9.723473 -2.734004 -0.527021 1.250018 3.794149 -2.137736 -0.804211
-0.664513 -19.80264 -9.723473 0.320127 0.704445 -0.430935 -1.763715 -1.334138 -0.746281
-2.664513 -19.80264 -9.723473 0.532123 -0.767551 -0.109979 -1.992144 -0.248131 -1.882053
27.33549 -21.80264 -9.723473 -2.273256 -3.610406 0.18276 -1.115398 -0.746955 -1.20716
25.33549 -21.80264 -9.723473 -0.124234 -1.852912 0.852603 2.384254 2.236117 0.835813
23.33549 -21.80264 -9.723473 -1.653764 -1.38397 -0.088783 0.901763 0.19428 -1.163086
17.33549 -21.80264 -9.723473 -2.589382 -2.13555 -1.162628 -1.015451 1.025676 1.899536
11.33549 -21.80264 -9.723473 -0.897282 -2.671723 1.075792 -2.627589 -0.546629 -1.957842
9.335487 -21.80264 -9.723473 0.321719 -2.662997 0.881394 -4.981737 1.630249 0.957366
7.335487 -21.80264 -9.723473 -1.005321 -3.143139 -0.240253 -7.24484 -0.017289 -0.31138
1.335487 -21.80264 -9.723473 -1.02382 -0.392427 1.451015 4.480399 0.084826 1.172029
-0.664513 -21.80264 -9.723473 -0.92793 0.632771 -0.949308 -0.795926 -3.07831 -1.320049
33.33549 -23.80264 -9.723473 3.343773 6.585409 4.697927 12.9514 1.467978 0.91547
31.33549 -23.80264 -9.723473 0.768834 4.25808 1.276014 5.934325 0.659992 0.806248
29.33549 -23.80264 -9.723473 -1.77203 -0.346315 -1.715483 -2.422215 -1.022725 -1.246369
27.33549 -23.80264 -9.723473 -2.53571 -3.422821 -0.919745 -2.35445 -1.765776 -3.161447
25.33549 -23.80264 -9.723473 -0.32288 -1.291886 1.34759 3.401506 0.686501 -0.912243
23.33549 -23.80264 -9.723473 1.493326 1.39011 1.658314 3.617123 0.428036 -0.859137
17.33549 -23.80264 -9.723473 -3.926057 -2.180178 -0.559603 0.246832 -1.892962 -1.603239
15.33549 -23.80264 -9.723473 -1.819281 -1.486052 -2.0682 -3.122213 -2.012049 -1.006849
11.33549 -23.80264 -9.723473 -2.286917 -3.643643 2.311467 1.127353 1.544291 0.557274
1.335487 -23.80264 -9.723473 0.833189 -0.893366 1.242293 3.6681 -0.344717 -2.422047
-0.664513 -23.80264 -9.723473 -0.410116 0.264869 -1.745678 -0.88141 -1.41162 -1.16783
27.33549 -25.80264 -9.723473 0.150478 -0.169332 -0.259598 -0.329751 -0.068791 -1.657485
17.33549 -25.80264 -9.723473 -2.541265 -1.03422 0.164903 1.968127 -0.902939 -0.364198
15.33549 -25.80264 -9.723473 -0.922511 0.696927 1.600165 3.885097 -1.410947 0.472083
11.33549 -25.80264 -9.723473 -0.625991 -0.851917 6.475992 8.174325 1.135066 1.352464
15.33549 -27.80264 -9.723473 -2.079309 -0.667889 0.371219 2.45035 -0.436354 1.748932
-0.664513 -3.802643 -7.723473 -5.110449 -6.716105 -3.073143 -9.653198 -1.712492 -3.181324
-2.664513 -3.802643 -7.723473 -4.918766 -5.074822 0.435191 -1.686297 -0.448551 -0.38245
1.335487 -5.802643 -7.723473 -2.055897 -0.935611 -3.950567 -3.352926 -8.438375 -7.230608
-0.664513 -5.802643 -7.723473 -4.310585 -5.30345 -4.058314 -8.627539 -5.463629 -7.017612
-2.664513 -5.802643 -7.723473 -7.437113 -6.488961 -1.157957 -2.911685 -4.140308 -3.387133
3.335487 -7.802643 -7.723473 3.855183 1.837657 7.287504 8.703953 -4.888046 -5.041089
1.335487 -7.802643 -7.723473 0.792549 1.168048 1.127051 3.878172 -3.735539 -6.004227
3.335487 -9.802643 -7.723473 4.482999 -0.049924 5.901186 6.270097 1.818142 -0.553775
1.335487 -9.802643 -7.723473 -0.278929 -1.515427 2.853321 4.958483 -0.873266 -5.868652
3.335487 -11.80264 -7.723473 1.676022 -4.193484 1.423493 -0.574242 2.784884 -1.177286
1.335487 -11.80264 -7.723473 -2.026568 -4.052892 1.564781 1.86923 -0.907985 -5.444243
1.335487 -13.80264 -7.723473 -3.470465 -5.518609 -0.898097 -2.001404 -3.038942 -4.871364
-0.664513 -13.80264 -7.723473 2.932458 1.553959 1.931249 1.352262 -2.834095 -4.366233
3.335487 -15.80264 -7.723473 -5.664709 -6.584729 -5.749117 -10.37877 -5.262593 -8.098881
1.335487 -15.80264 -7.723473 -5.161874 -6.800591 -2.0194 -3.878729 -4.508003 -5.539691
-0.664513 -15.80264 -7.723473 3.003502 0.345006 3.618484 3.126828 -1.863794 -3.691725
-2.664513 -15.80264 -7.723473 6.021087 3.011544 3.421187 2.876636 1.748903 1.211732
3.335487 -17.80264 -7.723473 -6.603368 -5.710389 -4.230392 -7.565434 -3.911437 -5.480557
1.335487 -17.80264 -7.723473 -4.660737 -5.522203 -0.672902 -2.254625 -4.565068 -6.101071
-0.664513 -17.80264 -7.723473 2.382439 -0.264915 2.410503 1.730542 -2.209695 -3.311875
-2.664513 -17.80264 -7.723473 4.674822 0.787806 1.421287 -0.509093 1.902449 1.53394
49.33549 -19.80264 -7.723473 0.455628 -0.759141 2.010898 2.461655 -0.585057 -0.913373
47.33549 -19.80264 -7.723473 0.744021 -0.21563 1.322789 1.89933 0.987533 0.709782
3.335487 -19.80264 -7.723473 -5.766008 -4.665443 -1.838061 -4.333367 -1.857536 -2.02288
1.335487 -19.80264 -7.723473 -2.275033 -2.987428 0.345046 -1.05234 -3.572104 -3.460325
-0.664513 -19.80264 -7.723473 1.41669 -0.551626 1.587961 0.707298 -2.199173 -1.977374
-2.664513 -19.80264 -7.723473 0.372965 -1.85481 -0.227411 -2.729604 0.859606 -0.045299
-4.664513 -19.80264 -7.723473 -0.984784 -2.39749 -1.301755 -3.078115 -0.616448 -2.291039
49.33549 -21.80264 -7.723473 0.241975 -0.92082 0.816538 0.991959 -1.249341 -1.708447
47.33549 -21.80264 -7.723473 0.237322 -0.514596 0.775533 0.917051 0.444089 0.637665
45.33549 -21.80264 -7.723473 -0.565578 0.091877 -0.30517 -0.468058 0.751113 0.834052
41.33549 -21.80264 -7.723473 2.683343 1.977255 2.657025 3.234659 2.250554 3.0981
33.33549 -21.80264 -7.723473 0.06866 1.421171 3.940761 5.916634 -0.18398 -0.187725
31.33549 -21.80264 -7.723473 0.210009 2.379843 2.60172 4.567609 1.132086 2.855705
7.335487 -21.80264 -7.723473 -4.191497 -4.512978 -1.024503 -6.173746 -2.524636 -2.430818
3.335487 -21.80264 -7.723473 -4.423632 -3.578358 -1.681498 -4.310303 -1.899392 -1.714024
1.335487 -21.80264 -7.723473 -0.807142 -1.695072 0.263847 -0.941083 -2.755917 -1.359732
-0.664513 -21.80264 -7.723473 -0.208499 -0.67951 0.323191 -0.049453 -1.911678 -0.678302
-2.664513 -21.80264 -7.723473 -2.29655 -2.204026 -1.936222 -3.33501 1.084316 0.312417
-4.664513 -21.80264 -7.723473 -3.147033 -3.003961 -0.966441 -0.591462 -2.086109 -3.483627
49.33549 -23.80264 -7.723473 0.113413 -0.405381 1.707233 1.264377 -0.771397 -1.552859
45.33549 -23.80264 -7.723473 -1.67884 -1.409193 -0.476487 -1.610525 -0.500475 -0.006801
43.33549 -23.80264 -7.723473 -0.829062 -0.361312 1.782414 2.690324 -0.286732 0.040844
41.33549 -23.80264 -7.723473 3.213289 2.740849 4.909531 6.803887 1.49566 1.759815
33.33549 -23.80264 -7.723473 3.039559 5.785714 5.30248 10.63119 -0.284244 -1.324887
31.33549 -23.80264 -7.723473 -0.1085 2.759701 1.021816 3.882182 -0.065645 -0.074869
17.33549 -23.80264 -7.723473 1.156499 -0.011364 -0.293258 -1.371429 -0.002767 -0.711091
13.33549 -23.80264 -7.723473 0.080962 0.067271 0.547539 -0.103922 2.116853 3.767372
1.335487 -23.80264 -7.723473 -0.631469 -1.817877 -0.270008 -1.137795 -3.641638 -4.087715
-2.664513 -23.80264 -7.723473 -0.821626 0.821373 -2.869866 -1.734027 2.28903 3.463163
41.33549 -25.80264 -7.723473 0.5368 -0.198979 3.308674 3.655614 -1.706248 -1.954126
25.33549 -25.80264 -7.723473 -0.156051 0.519423 -1.196747 -1.790736 0.701715 1.597944
17.33549 -25.80264 -7.723473 0.12893 -0.455359 -0.953731 -1.52604 1.338599 1.540407
11.33549 -25.80264 -7.723473 -2.045309 -0.994039 4.699756 7.804053 1.422034 3.26171
1.335487 -25.80264 -7.723473 -1.977401 -2.678474 0.423473 -0.823085 -3.69379 -3.966152
-0.664513 -25.80264 -7.723473 -0.984524 -0.092974 -1.62278 -1.524913 0.153222 1.583409
-2.664513 -25.80264 -7.723473 -0.84082 1.134151 -0.685752 0.601555 1.388455 4.244066
27.33549 -27.80264 -7.723473 1.007135 0.508026 2.060168 2.353968 2.710151 2.291312
25.33549 -27.80264 -7.723473 -1.992336 -0.864681 1.276116 1.914189 0.723994 0.924419
23.33549 -27.80264 -7.723473 -2.277182 -2.245289 0.335663 0.664197 -0.759272 -0.061138
-0.664513 -27.80264 -7.723473 -2.489006 -2.006256 -0.205263 -0.637874 -0.159465 0.966182
-2.664513 -27.80264 -7.723473 -1.410001 -0.308006 2.331859 3.901823 0.334678 2.067983
1.335487 -5.802643 -5.723473 1.551538 0.387873 -1.341489 -0.271004 -3.038559 -2.973869
1.335487 -7.802643 -5.723473 2.435913 0.173968 -1.373271 -0.345386 0.603871 -0.995431
-0.664513 -7.802643 -5.723473 -5.204769 -6.67115 -2.940389 -7.594834 -4.078166 -3.909944
1.335487 -9.802643 -5.723473 0.66032 -2.54412 0.068995 1.028711 2.643954 -1.496142
-0.664513 -9.802643 -5.723473 -7.603972 -8.220707 -2.402094 -4.940675 -3.667352 -3.615978
1.335487 -11.80264 -5.723473 -3.223097 -5.930027 -0.163445 1.232772 -0.324251 -5.36924
-0.664513 -11.80264 -5.723473 -6.493363 -6.029113 -1.149565 -2.062895 -4.749246 -4.848337
1.335487 -13.80264 -5.723473 -5.428095 -6.876753 -1.07095 1.208392 -5.088186 -8.000142
-0.664513 -13.80264 -5.723473 -2.065177 -1.736732 0.403279 0.596043 -5.61423 -5.763502
3.335487 -15.80264 -5.723473 -3.604615 -4.895223 0.813225 -0.593435 -1.890851 -5.749579
1.335487 -15.80264 -5.723473 -5.100435 -7.01967 -0.533204 0.644765 -4.954313 -6.961632
-0.664513 -15.80264 -5.723473 1.090417 -0.356787 1.414512 1.233502 -2.511993 -3.322067
47.33549 -17.80264 -5.723473 -0.404273 -1.415681 1.283231 1.033104 0.513211 -0.432396
3.335487 -17.80264 -5.723473 -6.333593 -7.62307 -0.204378 -4.339118 -1.647438 -5.299699
1.335487 -17.80264 -5.723473 -4.356429 -6.707758 -0.036669 -1.239591 -3.456227 -5.660263
47.33549 -19.80264 -5.723473 -1.259811 -2.413755 -1.444222 -2.921195 -0.970297 -1.700763
3.335487 -19.80264 -5.723473 -5.290212 -7.186288 -0.946954 -6.051877 -0.45055 -3.26122
1.335487 -19.80264 -5.723473 -2.660982 -4.760413 -0.131841 -2.278401 -3.001163 -2.663775
49.33549 -21.80264 -5.723473 -0.850451 -1.506517 2.199536 2.773922 0.270745 0.160505
41.33549 -21.80264 -5.723473 1.573274 2.330687 2.40931 1.31199 1.338395 2.833799
39.33549 -21.80264 -5.723473 2.2391 2.449269 2.641757 0.604341 -0.411117 -0.274366
37.33549 -21.80264 -5.723473 -0.360269 -1.485947 1.413431 -1.372145 -1.60183 -2.693177
31.33549 -21.80264 -5.723473 -0.126418 0.916191 0.351515 1.452411 1.148287 2.660127
9.335487 -21.80264 -5.723473 0.315766 -1.206316 2.562125 4.309458 2.126029 1.108766
7.335487 -21.80264 -5.723473 -2.285934 -2.279605 0.479622 0.835376 -2.679922 -2.97128
3.335487 -21.80264 -5.723473 -3.55814 -3.87437 -1.461444 -4.365913 -0.333132 -1.118009
1.335487 -21.80264 -5.723473 -1.777739 -1.774081 0.393912 0.395412 -1.120625 2.384954
-2.664513 -21.80264 -5.723473 -2.311002 -3.239943 -2.051593 -4.486465 0.79439 0.113756
-4.664513 -21.80264 -5.723473 -2.132155 -2.618303 -1.459844 -2.557057 -0.892594 -2.243855
49.33549 -23.80264 -5.723473 -0.115037 -0.160419 2.598242 3.279383 0.27147 -0.136138
47.33549 -23.80264 -5.723473 -0.879983 -1.624074 0.872351 0.085591 -0.0197 -0.946238
41.33549 -23.80264 -5.723473 2.806893 3.56049 3.569473 3.27111 0.784083 1.876333
39.33549 -23.80264 -5.723473 1.913187 2.549769 2.425941 1.814517 -2.164826 -2.603221
31.33549 -23.80264 -5.723473 -0.346871 0.485839 -0.664654 -0.215667 -1.55234 -0.722933
13.33549 -23.80264 -5.723473 1.367935 1.372507 0.48744 1.822758 -1.509232 -0.451587
11.33549 -23.80264 -5.723473 1.012757 1.159014 0.188648 2.791732 0.464341 0.882006
9.335487 -23.80264 -5.723473 0.646138 -0.276149 2.300657 4.290996 2.306904 0.924573
7.335487 -23.80264 -5.723473 -0.686993 -1.137506 3.216691 4.015729 -0.275115 -2.381317
3.335487 -23.80264 -5.723473 -1.473562 -0.600033 -0.756194 0.619894 -1.547581 -1.65297
1.335487 -23.80264 -5.723473 -3.020387 -0.518988 0.814219 3.960818 -1.267652 1.748473
-0.664513 -23.80264 -5.723473 -1.074166 0.443584 0.337351 2.22867 0.383392 3.49657
-2.664513 -23.80264 -5.723473 0.412878 -0.215356 -2.577758 -5.081888 2.253268 3.263326
-4.664513 -23.80264 -5.723473 0.32052 0.047961 -0.769621 -1.322932 1.080703 0.35777
41.33549 -25.80264 -5.723473 2.28721 2.87141 2.635639 3.187553 -0.420176 0.506997
25.33549 -25.80264 -5.723473 -0.790718 -0.979132 -1.322207 -3.044759 0.196148 -0.184904
13.33549 -25.80264 -5.723473 0.054111 1.347861 -1.210678 0.515546 -0.138366 2.098474
11.33549 -25.80264 -5.723473 -1.18735 -0.392907 -1.308931 0.273418 -2.361246 -1.94953
9.335487 -25.80264 -5.723473 0.727829 0.104734 1.911987 1.599628 0.82514 -1.036656
1.335487 -25.80264 -5.723473 -5.410243 -3.533353 0.122051 1.606972 -2.552144 -2.346353
-0.664513 -25.80264 -5.723473 -2.158756 -0.936602 -0.229904 -0.043342 -0.42218 1.204358
-4.664513 -25.80264 -5.723473 0.104882 0.839699 -0.338957 -0.968643 1.402865 2.904834
45.33549 -27.80264 -5.723473 -0.79165 -0.145384 2.327438 1.410056 -0.067435 0.08875
43.33549 -27.80264 -5.723473 -0.136034 0.579926 1.896581 0.219658 -1.183796 -1.31169
41.33549 -27.80264 -5.723473 0.042442 0.253386 0.063574 -0.271542 -2.506559 -3.068228
39.33549 -27.80264 -5.723473 2.427856 3.12578 2.312957 4.737182 -3.247643 -4.836618
37.33549 -27.80264 -5.723473 2.127208 2.467982 0.863828 1.926573 -3.4107 -4.99876
27.33549 -27.80264 -5.723473 0.866217 0.412618 1.686842 1.103961 1.814288 2.146086
25.33549 -27.80264 -5.723473 -1.18889 -0.689462 1.89381 1.154 0.637972 0.632604
9.335487 -27.80264 -5.723473 2.459216 0.58288 2.010797 0.785017 -0.314155 -2.540976
1.335487 -27.80264 -5.723473 -4.953889 -4.430431 -0.477283 -0.548803 -2.1765 -3.901899
-0.664513 -27.80264 -5.723473 -2.364124 -2.314299 -0.221121 -0.662987 -2.827931 -3.452155
47.33549 -29.80264 -5.723473 0.193885 -0.099959 2.12562 0.615456 -0.80245 -1.481491
45.33549 -29.80264 -5.723473 -1.849167 -2.289062 -0.676601 -4.049399 -2.355013 -2.699626
43.33549 -29.80264 -5.723473 -2.275437 -3.102002 -0.868286 -3.812517 -1.964762 -3.323261
23.33549 -29.80264 -5.723473 -0.237813 -1.046432 1.827619 0.872351 0.426274 0.354167
1.335487 -7.802643 -3.723473 3.345754 -0.659338 -5.517632 -8.052232 1.986481 3.405141
1.335487 -9.802643 -3.723473 2.356743 -0.923684 -3.499666 -4.04742 3.842018 3.668938
-0.664513 -9.802643 -3.723473 -1.921361 -2.219961 3.433956 4.628747 1.284905 1.648032
1.335487 -11.80264 -3.723473 -1.354367 -1.715624 -2.652628 -1.900682 1.058398 -0.332624
-0.664513 -11.80264 -3.723473 -3.735684 -3.859794 3.084661 3.708267 -1.192601 -0.869091
1.335487 -13.80264 -3.723473 -4.407524 -3.02295 -4.279026 -3.651506 -4.133893 -6.360196
-0.664513 -13.80264 -3.723473 -4.653398 -5.27148 0.047275 -2.238055 -4.427329 -5.030354
-2.664513 -13.80264 -3.723473 1.821677 0.344647 0.758506 -0.638651 -1.524678 -2.993623
1.335487 -15.80264 -3.723473 -2.373487 -2.714118 -3.695483 -3.170852 -4.249666 -6.745661
-0.664513 -15.80264 -3.723473 -1.67937 -3.608126 -1.542798 -4.278363 -2.561745 -3.527034
-2.664513 -15.80264 -3.723473 -0.224314 -2.085752 -0.509095 -3.516884 -2.430181 -3.21586
1.335487 -17.80264 -3.723473 0.068499 -1.496006 -0.943224 -1.748213 -2.050899 -4.18289
-0.664513 -17.80264 -3.723473 1.552812 -0.475834 -0.201664 -2.152507 -0.615558 -0.941104
-2.664513 -17.80264 -3.723473 -1.087441 -3.326512 0.923983 -2.00017 -0.521513 -0.108341
1.335487 -19.80264 -3.723473 -0.110018 -0.702132 0.099476 -2.146977 -1.098691 -1.273715
-0.664513 -19.80264 -3.723473 2.436863 0.728409 -0.000221 -1.620706 -0.444238 -0.211488
-2.664513 -19.80264 -3.723473 -0.124293 -2.32582 1.838109 -0.993456 2.009881 2.216887
49.33549 -21.80264 -3.723473 -0.431728 -0.435869 0.147486 -0.41422 0.379889 -0.12775
41.33549 -21.80264 -3.723473 1.536414 2.005286 1.149437 -0.579102 -1.247582 -1.663559
39.33549 -21.80264 -3.723473 1.765262 1.829226 1.717973 -0.033579 -2.201623 -3.203829
31.33549 -21.80264 -3.723473 0.0012 -0.824877 -0.110861 0.281355 -0.818808 -0.892649
29.33549 -21.80264 -3.723473 0.026576 -1.110431 -0.624167 -1.393112 -0.114658 -2.026902
9.335487 -21.80264 -3.723473 1.049217 -1.822051 2.548497 2.326765 3.976628 3.130583
1.335487 -21.80264 -3.723473 -0.457039 -0.81799 -0.198959 -3.246681 2.899909 5.102001
-0.664513 -21.80264 -3.723473 1.947335 -0.733463 -1.050385 -4.044357 2.237908 2.521801
49.33549 -23.80264 -3.723473 0.100933 0.806905 2.252642 3.389355 0.532585 0.448397
47.33549 -23.80264 -3.723473 0.010502 0.843476 1.386309 1.91393 0.433714 -0.254747
45.33549 -23.80264 -3.723473 0.170067 0.918809 0.972432 2.056501 0.087611 -0.019137
39.33549 -23.80264 -3.723473 0.82147 1.390986 0.11922 -2.006889 -2.737707 -3.829449
31.33549 -23.80264 -3.723473 -0.415805 -1.923474 -0.853679 -1.105063 -2.501451 -2.345489
29.33549 -23.80264 -3.723473 1.060093 0.402586 -1.398501 -0.951108 -2.331515 -1.872306
9.335487 -23.80264 -3.723473 0.786264 -0.782382 0.930539 1.340313 1.094248 0.916221
7.335487 -23.80264 -3.723473 -2.028064 -2.121298 1.315313 1.783555 0.37586 0.837225
1.335487 -23.80264 -3.723473 -2.316133 -2.342898 -2.323781 -4.745722 3.151948 5.584932
49.33549 -25.80264 -3.723473 -1.51404 0.483899 2.783599 5.288555 -1.328078 -0.992256
47.33549 -25.80264 -3.723473 -0.642933 0.565353 2.746486 4.469433 0.465294 -0.017598
33.33549 -25.80264 -3.723473 -1.29001 -2.984998 -0.157386 -2.629595 -2.808913 -4.015207
13.33549 -25.80264 -3.723473 0.620524 1.438824 -1.851774 -1.722627 -0.634469 1.559091
9.335487 -25.80264 -3.723473 0.00967 -0.750923 -0.304477 -1.893487 -0.59929 -1.011294
7.335487 -25.80264 -3.723473 1.648492 2.116843 3.028157 3.691864 1.14249 2.454658
3.335487 -25.80264 -3.723473 -0.484528 -1.757654 -1.699461 -3.20681 1.169931 -0.479593
1.335487 -25.80264 -3.723473 -5.199755 -5.199203 -3.628605 -6.680072 -0.461628 -0.297994
-2.664513 -25.80264 -3.723473 1.82907 -1.002374 -1.284114 -4.510687 2.947443 2.833909
-4.664513 -25.80264 -3.723473 1.977434 0.454526 -0.456841 -2.606537 1.962464 1.389593
-6.664513 -25.80264 -3.723473 -0.54231 0.37175 -1.163256 -2.322523 -0.501229 -0.646067
43.33549 -27.80264 -3.723473 0.296169 0.765824 2.402157 2.425912 0.813726 1.328064
13.33549 -27.80264 -3.723473 2.85419 1.391962 1.014782 0.126638 0.709135 -0.872281
7.335487 -27.80264 -3.723473 0.262209 -0.039395 1.252514 1.230592 1.844793 1.477244
1.335487 -27.80264 -3.723473 -6.597584 -6.166264 -3.215629 -5.514346 -2.58662 -2.29076
-0.664513 -27.80264 -3.723473 -4.644127 -5.074274 -1.819735 -4.73993 -0.74814 -0.898325
43.33549 -29.80264 -3.723473 -1.754366 -1.549396 0.428491 0.144102 -0.770715 -1.037197
23.33549 -29.80264 -3.723473 1.175578 -0.22914 1.18048 1.017098 0.773469 0.34511
1.335487 -15.80264 -1.723473 -0.267233 0.82941 -6.207253 -8.463097 -0.856884 1.313683
-0.664513 -15.80264 -1.723473 -2.196082 -3.079861 -1.160825 -4.256446 -3.629386 -3.212421
1.335487 -17.80264 -1.723473 -0.096832 -0.329723 -3.138432 -6.999879 0.179261 0.494208
-0.664513 -17.80264 -1.723473 -1.24801 -0.346021 -0.626017 -2.627959 -3.687468 -0.88877
-2.664513 -17.80264 -1.723473 0.581748 0.106638 0.177142 0.075216 -1.510476 -0.383255
35.33549 -19.80264 -1.723473 0.89563 0.380717 0.592454 -2.087716 1.053376 0.376511
1.335487 -19.80264 -1.723473 0.054201 -0.396461 -1.478353 -6.919444 1.153312 0.431397
-0.664513 -19.80264 -1.723473 -1.109921 1.564343 -0.09797 -1.200185 -2.704155 1.954625
-2.664513 -19.80264 -1.723473 -2.216172 -1.721059 0.935884 1.151076 -0.453385 2.371584
-4.664513 -19.80264 -1.723473 -1.43179 -2.415264 1.107732 0.753898 -0.044391 0.513767
51.33549 -21.80264 -1.723473 1.995167 1.221407 3.0244 2.94541 -0.076721 -1.559806
49.33549 -21.80264 -1.723473 1.577462 0.829289 0.846603 -0.316293 -0.018726 -1.405375
47.33549 -21.80264 -1.723473 0.947178 1.614869 2.166458 3.344712 -0.114684 -0.373437
45.33549 -21.80264 -1.723473 0.179817 0.69383 0.901379 0.674336 -1.068038 -1.202071
39.33549 -21.80264 -1.723473 -2.112893 -1.531941 -0.191227 -1.972776 -1.173602 -2.590947
37.33549 -21.80264 -1.723473 -0.2715 -1.010884 -1.706164 -3.331833 -1.720536 -3.815619
35.33549 -21.80264 -1.723473 0.447134 0.317625 -2.361189 -5.48945 -1.297185 -2.414285
33.33549 -21.80264 -1.723473 1.011379 1.103369 -2.060703 -4.233857 -1.011379 -1.553617
9.335487 -21.80264 -1.723473 2.018055 -0.522204 0.907708 -2.922885 4.605353 6.429073
1.335487 -21.80264 -1.723473 0.432104 -1.309395 -1.031805 -7.059947 2.986403 2.048368
-2.664513 -21.80264 -1.723473 -3.482825 -3.688788 0.083183 -1.927697 1.903964 2.9131
-4.664513 -21.80264 -1.723473 -2.392934 -3.165344 0.641013 -1.266078 0.603252 0.002761
49.33549 -23.80264 -1.723473 0.986921 0.776941 3.685976 4.339615 0.587206 -0.040305
47.33549 -23.80264 -1.723473 -0.493134 0.174529 2.502035 3.559472 0.79478 0.802349
45.33549 -23.80264 -1.723473 -0.650942 -0.35985 1.490248 1.63609 0.430229 0.542308
43.33549 -23.80264 -1.723473 0.449063 0.458327 1.305741 1.174071 0.894735 0.171053
35.33549 -23.80264 -1.723473 0.217269 -0.008858 -1.272293 -3.03502 -1.306343 -1.509666
33.33549 -23.80264 -1.723473 -0.816661 -1.850778 -2.730727 -4.963381 -1.518441 -2.417116
29.33549 -23.80264 -1.723473 -0.705337 -1.775841 -1.186245 -1.519846 -1.282419 -1.145846
27.33549 -23.80264 -1.723473 -0.632006 -2.193653 -1.630559 -2.943563 -2.847483 -2.877855
25.33549 -23.80264 -1.723473 0.353409 -0.964891 0.122402 -2.044998 0.924992 0.224995
7.335487 -23.80264 -1.723473 -1.819069 -2.338906 1.135635 -0.236051 0.420742 3.60468
-0.664513 -23.80264 -1.723473 1.485749 -1.143364 0.897124 -2.793831 3.841688 3.427542
-2.664513 -23.80264 -1.723473 0.439439 -1.741836 -0.117559 -2.92822 4.220658 2.864142
45.33549 -25.80264 -1.723473 -1.409675 -1.998732 0.796686 -0.0064 1.217378 1.772705
35.33549 -25.80264 -1.723473 -2.05907 -1.742616 -0.71035 -1.713411 -1.962144 -1.84173
27.33549 -25.80264 -1.723473 -1.939254 -5.43567 -3.311317 -6.322165 -2.927985 -3.001341
9.335487 -25.80264 -1.723473 0.587517 0.887312 0.772168 1.002095 -0.51705 1.153598
7.335487 -25.80264 -1.723473 0.983678 1.405399 2.022398 2.941206 -0.46184 0.993767
37.33549 -27.80264 -1.723473 0.408272 1.579497 1.625996 3.102817 1.436088 2.840883
35.33549 -27.80264 -1.723473 -2.24884 -0.579506 -0.694222 -0.556665 -1.643494 -1.206227
9.335487 -27.80264 -1.723473 1.637806 0.734234 3.156447 3.497308 0.614587 0.450899
7.335487 -27.80264 -1.723473 -0.808505 -1.420183 1.788378 1.701472 0.358649 -0.39637
3.335487 -19.80264 0.276527 -3.342888 -5.263841 -2.696004 -8.337183 0.993325 -0.282992
-2.664513 -19.80264 0.276527 -5.491247 -3.397964 0.072125 2.703223 -1.668435 1.834639
35.33549 -21.80264 0.276527 -0.404645 0.004609 -1.525171 -2.384127 -1.785454 -2.348317
33.33549 -21.80264 0.276527 -0.978529 -0.485208 -2.845009 -3.693854 -0.059288 -0.839394
31.33549 -21.80264 0.276527 0.619734 0.201659 -0.408986 0.821841 0.096343 -1.925156
29.33549 -21.80264 0.276527 -1.115925 -2.39244 1.291164 2.320387 -2.879465 -3.948812
11.33549 -21.80264 0.276527 2.217946 0.724499 0.411339 -1.242759 2.287676 3.655019
9.335487 -21.80264 0.276527 1.278534 0.753009 -0.102529 -2.104069 3.244914 4.701587
7.335487 -21.80264 0.276527 -0.576649 -2.11881 4.649306 3.761228 2.171293 2.810443
3.335487 -21.80264 0.276527 0.543335 -0.462535 1.797062 -0.071115 8.969974 8.396248
1.335487 -21.80264 0.276527 -2.922435 -2.08456 -0.870035 -3.202735 2.328034 3.062474
-0.664513 -21.80264 0.276527 -3.635322 -1.444482 1.6335 2.817301 -2.070554 1.36833
-2.664513 -21.80264 0.276527 -6.457178 -4.492229 1.952805 4.348811 -0.126639 2.629872
-4.664513 -21.80264 0.276527 -2.641982 -3.553652 0.722237 1.55975 1.033958 0.228238
49.33549 -23.80264 0.276527 -1.510838 -1.910954 2.545163 3.875652 -0.396317 -1.068039
47.33549 -23.80264 0.276527 -2.340557 -2.608797 0.951177 1.853174 1.0524 1.595372
45.33549 -23.80264 0.276527 -2.088795 -1.358315 0.289162 0.785703 1.126769 2.663744
43.33549 -23.80264 0.276527 -1.682448 -1.328639 0.892813 1.291677 1.583356 1.780165
33.33549 -23.80264 0.276527 -1.714421 -0.355117 -1.6112 -1.765323 -0.18667 0.749956
31.33549 -23.80264 0.276527 -1.346935 -0.977834 -1.617078 -0.177895 0.349984 0.306298
29.33549 -23.80264 0.276527 -1.425169 -2.444479 0.233737 1.57639 -2.732429 -3.442117
27.33549 -23.80264 0.276527 -2.13653 -3.606353 -1.574701 -3.9842 -4.376717 -3.764417
25.33549 -23.80264 0.276527 0.403541 0.543772 -1.319201 -3.248334 1.947261 2.631193
9.335487 -23.80264 0.276527 -0.461662 -0.797527 -0.746338 -1.902264 2.007755 4.290924
7.335487 -23.80264 0.276527 -1.675941 -4.024343 0.503998 -2.648775 0.116203 0.199747
1.335487 -23.80264 0.276527 -1.691216 -4.374393 4.02809 2.25545 2.15964 0.600787
-0.664513 -23.80264 0.276527 0.52893 -1.432024 4.38646 4.01247 0.175272 -0.975696
-4.664513 -23.80264 0.276527 1.037751 -0.521961 1.403481 2.448926 2.123021 1.601633
43.33549 -25.80264 0.276527 -0.829945 -0.586229 1.056115 1.29755 2.176715 2.942918
41.33549 -25.80264 0.276527 0.118069 -0.368859 1.16144 2.109241 -0.127538 -0.496155
35.33549 -25.80264 0.276527 -0.463678 0.106453 0.675302 1.271498 -2.296282 -1.287388
33.33549 -25.80264 0.276527 -0.248313 0.162089 1.205635 1.918169 -0.478154 -0.930483
31.33549 -25.80264 0.276527 -0.882891 -0.987587 0.077574 0.862412 -0.000861 0.044638
29.33549 -25.80264 0.276527 -0.88085 -2.234106 -0.316463 -0.975629 -1.394075 -2.043286
27.33549 -25.80264 0.276527 -1.683522 -3.727517 -2.652266 -5.848456 -2.621326 -3.210919
25.33549 -25.80264 0.276527 -0.118302 -2.092534 -2.099676 -5.502 0.10805 -1.598696
7.335487 -25.80264 0.276527 1.88389 0.674762 1.185377 -0.577824 1.130035 0.906457
35.33549 -27.80264 0.276527 0.859564 3.170105 1.120557 3.559699 -0.992498 1.22087
33.33549 -27.80264 0.276527 -0.565352 0.299057 -0.948404 -0.088626 -2.380078 -2.756776
31.33549 -27.80264 0.276527 -2.365307 -2.270185 -1.110962 -0.461611 -2.454904 -3.139578
13.33549 -27.80264 0.276527 0.45248 -1.308039 1.176616 0.8543 -1.30465 -3.679612
11.33549 -27.80264 0.276527 1.068533 1.057379 1.584337 2.614759 1.037844 1.525445
9.335487 -27.80264 0.276527 0.974694 1.68496 1.572798 2.51528 1.23389 1.881883
7.335487 -27.80264 0.276527 0.741479 0.520178 0.397797 -0.755366 1.866215 1.594422
5.335487 -27.80264 0.276527 2.131621 -3.271414 0.802492 -1.296156 2.428107 3.811096
3.335487 -19.80264 2.276527 -1.754477 2.161359 -6.385721 -7.618627 3.329776 5.061956
1.335487 -19.80264 2.276527 -2.561359 2.520774 -5.773643 -2.54321 9.026248 16.81682
27.33549 -21.80264 2.276527 -0.390496 -2.442322 -1.79133 -3.692549 -3.760201 -3.906585
11.33549 -21.80264 2.276527 -1.673808 -2.367442 0.26361 -1.441728 0.984196 0.976446
9.335487 -21.80264 2.276527 -0.834358 0.482941 -0.052656 0.42509 -0.049559 1.541619
3.335487 -21.80264 2.276527 1.043056 5.778027 -0.868079 4.26464 13.54998 14.08173
1.335487 -21.80264 2.276527 -1.436479 4.881557 -11.3302 -4.575068 10.16096 16.38184
-2.664513 -21.80264 2.276527 -3.367717 -1.811814 3.929362 7.087621 1.240662 3.636327
-4.664513 -21.80264 2.276527 -1.472854 -2.172593 1.720197 2.967059 1.693824 3.041567
41.33549 -23.80264 2.276527 -3.295456 -3.17805 0.071685 0.885656 -2.30176 -2.502285
31.33549 -23.80264 2.276527 0.35432 0.119813 -1.552828 -1.402918 0.487774 0.096921
29.33549 -23.80264 2.276527 0.091218 -0.917445 -1.969058 -1.771891 -2.393806 -3.763761
27.33549 -23.80264 2.276527 0.31985 -1.917173 -1.188153 -2.475124 -3.129234 -3.698019
11.33549 -23.80264 2.276527 -1.134945 -2.06546 -0.547541 -1.732917 1.50215 1.647005
9.335487 -23.80264 2.276527 -2.311163 -1.895012 -1.447628 -1.801984 1.220498 2.685035
1.335487 -23.80264 2.276527 -1.139997 1.249917 -1.42898 1.343417 3.817636 3.855515
-0.664513 -23.80264 2.276527 1.136985 1.446635 2.885903 5.035096 1.371159 2.249374
-2.664513 -23.80264 2.276527 -1.749437 -1.175195 3.835131 5.608529 2.052693 3.964784
-4.664513 -23.80264 2.276527 -1.22439 -1.754078 3.056072 4.882761 1.444936 2.988998
-6.664513 -23.80264 2.276527 -0.571471 0.904583 1.707781 4.845002 0.632378 3.314924
41.33549 -25.80264 2.276527 -1.739697 -1.521416 0.004573 0.167984 -2.426973 -2.695536
33.33549 -25.80264 2.276527 0.33501 0.796229 0.70344 2.494512 -0.35967 -0.241951
31.33549 -25.80264 2.276527 -1.330263 -0.501314 0.982228 2.881533 -0.57036 0.444905
7.335487 -25.80264 2.276527 0.676008 0.285788 0.872659 -0.003384 3.228623 3.496298
5.335487 -25.80264 2.276527 1.9517 3.544501 0.998371 3.714466 7.327776 8.801929
1.335487 -25.80264 2.276527 0.105941 0.573771 1.432502 0.200361 5.676948 7.262721
41.33549 -27.80264 2.276527 -0.356265 0.211201 0.172192 0.3645 -1.718074 -1.512893
35.33549 -27.80264 2.276527 1.519916 1.869859 0.554317 0.720136 -1.874294 -2.473812
33.33549 -27.80264 2.276527 0.922157 0.629463 -0.542968 -0.094552 -1.876536 -3.076006
31.33549 -27.80264 2.276527 -0.36704 -0.347471 -0.457974 1.02083 -1.477032 -1.348047
13.33549 -27.80264 2.276527 -0.128484 -0.943317 -0.299339 -0.425912 -1.962319 -2.545968
11.33549 -27.80264 2.276527 0.185623 0.141258 -1.232555 -1.561041 0.057494 -0.269828
7.335487 -27.80264 2.276527 -0.068035 1.531166 -1.287418 -0.263992 0.671786 1.112952
5.335487 -27.80264 2.276527 2.134317 0.366312 -2.430776 -2.469347 4.136955 6.686463
41.33549 -29.80264 2.276527 -1.794987 -1.473266 -0.44875 -0.803803 -2.546103 -3.170017
35.33549 -29.80264 2.276527 0.470632 1.660278 1.562739 2.924463 -0.377361 -0.125187
15.33549 -29.80264 2.276527 0.055488 -0.413826 1.172292 1.96057 -0.696617 -1.113171
47.33549 -23.80264 4.276527 -1.511324 -0.812693 -1.198874 -1.694824 -0.127884 -0.57641
41.33549 -23.80264 4.276527 -3.344661 -2.290083 -0.291694 0.601611 -2.062716 -0.877758
11.33549 -23.80264 4.276527 0.910947 -0.079431 0.228668 -0.468035 4.286319 3.720206
1.335487 -23.80264 4.276527 0.370415 4.441218 -3.701238 -4.264304 0.140594 -0.130275
-2.664513 -23.80264 4.276527 -1.207738 -0.779418 1.521402 1.092246 2.672414 3.399931
-4.664513 -23.80264 4.276527 -1.905767 -1.310753 1.279398 1.184281 0.07488 1.379521
-6.664513 -23.80264 4.276527 -1.555481 -0.13344 -0.113719 -0.149564 -0.75685 0.979645
45.33549 -25.80264 4.276527 -2.727684 -2.435977 -0.572815 -0.764464 -0.029817 0.994191
43.33549 -25.80264 4.276527 -2.154505 -1.622847 0.708316 1.710855 -0.344954 0.506715
11.33549 -25.80264 4.276527 0.945337 2.121595 1.45189 2.345698 3.838997 5.533706
9.335487 -25.80264 4.276527 -0.177517 0.987494 2.940544 3.523454 2.399982 2.858351
3.335487 -25.80264 4.276527 -1.593151 1.027954 2.15926 0.371444 3.345954 2.755469
1.335487 -25.80264 4.276527 2.21587 3.380849 4.234535 2.829828 3.697431 2.374762
-0.664513 -25.80264 4.276527 1.75652 2.484249 1.594007 3.147062 1.723968 1.302815
-2.664513 -25.80264 4.276527 1.282754 0.701574 1.160586 1.280072 2.207165 1.503037
-6.664513 -25.80264 4.276527 -0.15167 0.143612 1.439388 1.427091 1.478158 1.313165
45.33549 -27.80264 4.276527 -3.012903 -3.637968 -0.877611 -2.811405 -0.052775 0.144588
43.33549 -27.80264 4.276527 -3.006074 -2.099241 0.026172 1.021781 -0.53847 0.087136
41.33549 -27.80264 4.276527 -0.618835 0.139927 -0.288347 -0.419039 -0.380836 -1.198549
7.335487 -27.80264 4.276527 -0.827506 0.761658 -0.457468 0.63265 1.627686 0.717232
5.335487 -27.80264 4.276527 -0.515945 -0.101562 -1.196375 -1.762365 1.837946 1.80051
41.33549 -29.80264 4.276527 -3.369368 -1.869875 -1.591828 -1.07083 -1.158357 -2.046984
17.33549 -29.80264 4.276527 0.154842 0.895489 2.971284 4.958436 1.542054 2.190552
15.33549 -29.80264 4.276527 -1.305746 -0.528796 1.241292 1.164238 -0.233456 -0.073388
51.33549 -21.80264 6.276527 -1.37046 -1.995826 1.510844 1.091537 0.803825 -0.198152
51.33549 -23.80264 6.276527 -1.963106 -1.732413 0.448052 0.123659 -0.407739 -0.720543
13.33549 -23.80264 6.276527 -1.750643 -1.555988 1.462526 0.507355 2.196842 1.446534
1.335487 -23.80264 6.276527 1.161429 3.868047 1.751156 0.431652 2.068823 4.98956
-4.664513 -23.80264 6.276527 1.695914 2.825951 -0.456404 0.677938 1.259429 1.195039
-6.664513 -23.80264 6.276527 0.923749 2.08058 -1.542216 -2.146568 0.34277 0.906644
43.33549 -25.80264 6.276527 -1.822178 -0.96847 -1.00211 -1.767272 -0.822964 -0.375566
13.33549 -25.80264 6.276527 -2.018467 -2.507794 2.621062 2.309284 2.683552 2.55574
11.33549 -25.80264 6.276527 -0.553405 1.116467 3.163311 3.232691 3.278023 4.680179
9.335487 -25.80264 6.276527 -1.253511 0.265235 1.996377 2.92272 1.805246 2.427132
3.335487 -25.80264 6.276527 -0.185822 -1.496915 2.267864 0.175825 1.891665 -0.517284
1.335487 -25.80264 6.276527 0.822594 1.495128 3.200702 1.920931 2.006327 0.865316
-0.664513 -25.80264 6.276527 0.58576 1.223587 -0.213594 0.560193 -0.615542 -0.973732
-2.664513 -25.80264 6.276527 1.372979 1.732309 0.715546 1.306443 0.574493 -0.328083
-4.664513 -25.80264 6.276527 0.4308 0.822138 0.6455 0.280234 1.150246 0.106741
-6.664513 -25.80264 6.276527 -0.586396 -0.452285 -0.730784 -1.915249 0.611997 0.766077
45.33549 -27.80264 6.276527 -2.885776 -3.188925 -2.417387 -4.07467 -0.005033 -1.568139
43.33549 -27.80264 6.276527 -3.589932 -2.470642 -3.148934 -3.877161 -1.628953 -1.907594
3.335487 -27.80264 6.276527 3.68174 1.714385 2.466357 -0.919148 7.76735 5.901212
1.335487 -27.80264 6.276527 -0.837042 -0.763453 0.703802 -1.568558 2.809762 1.490731
-0.664513 -27.80264 6.276527 -0.094048 0.622329 0.324006 1.099513 0.464983 -0.406705
-8.664513 -27.80264 6.276527 -2.552261 -0.737503 -2.724612 -3.90357 -1.168752 -0.474652
43.33549 -29.80264 6.276527 -3.607494 -2.470492 -1.704428 -2.685474 -1.938004 -2.161198
41.33549 -29.80264 6.276527 -5.148348 -3.936634 -2.392343 -2.69735 -1.545986 -2.537599
17.33549 -29.80264 6.276527 0.054441 0.77536 1.831809 2.514661 1.608943 0.067302
15.33549 -29.80264 6.276527 -1.72493 -0.812873 1.154528 1.78292 -0.342111 -0.753063
-0.664513 -29.80264 6.276527 -1.438981 -1.023345 -1.561125 -3.065023 -0.027197 -1.019137
-8.664513 -29.80264 6.276527 -2.386119 -0.672373 -1.689962 -2.13119 0.104831 0.547454
15.33549 -31.80264 6.276527 0.599116 1.953425 3.756015 5.46624 1.241693 1.570256
49.33549 -23.80264 8.276527 -0.391817 -0.058564 0.507425 1.117319 0.058023 0.025524
47.33549 -23.80264 8.276527 -1.006916 -0.433918 -1.572598 -2.084651 -0.016268 -0.478637
13.33549 -23.80264 8.276527 2.826765 1.754526 3.024541 2.04387 5.157616 4.301306
49.33549 -25.80264 8.276527 -1.263929 -1.089415 0.252892 0.607221 0.322162 -0.493227
47.33549 -25.80264 8.276527 -1.35762 -1.344743 -0.888133 -1.900707 0.162406 -0.923462
13.33549 -25.80264 8.276527 3.22999 1.726507 5.296492 4.126314 4.449197 5.088637
11.33549 -25.80264 8.276527 2.218472 2.365518 4.100804 3.901559 3.333399 4.406803
9.335487 -25.80264 8.276527 0.88096 1.606102 0.437151 0.656564 1.274016 2.479145
-2.664513 -25.80264 8.276527 0.508427 1.249767 -0.940735 -0.810959 0.176603 -0.749106
-4.664513 -25.80264 8.276527 2.315016 1.953883 0.651356 3.138355 1.539938 0.444945
-6.664513 -25.80264 8.276527 1.092849 0.954687 0.594885 2.8423 0.328773 0.010403
49.33549 -27.80264 8.276527 -1.882542 -2.22703 -0.129737 -0.58898 -0.613719 -2.345037
47.33549 -27.80264 8.276527 -2.16229 -2.443621 -1.090429 -2.74162 0.151019 -1.370865
11.33549 -27.80264 8.276527 3.576254 2.858969 1.919004 0.965192 1.961704 1.649935
-0.664513 -27.80264 8.276527 0.624413 0.303096 -0.893265 -2.181874 0.785947 -0.621188
-2.664513 -27.80264 8.276527 -0.580282 -0.240866 -1.685543 -3.606534 0.355103 -0.823886
-4.664513 -27.80264 8.276527 0.612688 -0.057545 0.914776 0.076116 0.985008 -1.060227
-6.664513 -27.80264 8.276527 0.493271 -0.044781 2.149854 2.693422 0.177544 -1.430375
-8.664513 -27.80264 8.276527 -0.442955 0.515562 0.089515 0.963798 0.248811 0.431976
41.33549 -29.80264 8.276527 -2.91495 -2.386165 0.004266 0.578964 -1.226216 -2.095526
39.33549 -29.80264 8.276527 -2.790339 -1.613276 0.509495 1.317408 -1.721588 -2.149155
11.33549 -29.80264 8.276527 2.121869 1.93177 2.730825 2.978901 1.646182 0.905419
-0.664513 -29.80264 8.276527 1.253722 0.534896 -2.384413 -5.125661 -0.038203 -0.682823
-2.664513 -29.80264 8.276527 -0.16675 0.038941 -1.527124 -4.865568 -0.541713 -0.427816
-4.664513 -29.80264 8.276527 -3.015061 -2.806528 0.813513 -2.064668 -0.089061 -2.455353
-6.664513 -29.80264 8.276527 -2.003881 -2.758104 0.771648 -0.842224 0.158556 -2.059299
-8.664513 -29.80264 8.276527 -0.58417 -0.537098 0.088442 0.187247 0.62524 -0.255717
-10.66451 -29.80264 8.276527 0.091906 1.105954 0.198966 0.473178 0.281568 1.187004
-8.664513 -31.80264 8.276527 -1.107604 -0.275203 0.179485 0.632384 1.605583 2.30358
-10.66451 -31.80264 8.276527 -2.325788 -1.379538 -1.189495 -1.016563 1.98101 2.54021
47.33549 -23.80264 10.27653 -0.013921 -0.165867 0.269837 -1.172083 1.429309 0.985811
47.33549 -25.80264 10.27653 -0.251034 -1.009197 -0.800778 -2.097343 1.266329 -0.618825
43.33549 -25.80264 10.27653 0.577038 -1.151417 3.179867 2.108164 2.257926 -1.021703
47.33549 -27.80264 10.27653 -1.918825 -2.45392 -0.616093 -2.493838 -0.401021 -2.26574
9.335487 -27.80264 10.27653 1.447315 0.053052 0.106536 -2.364415 1.087636 0.388555
33.33549 -29.80264 10.27653 -0.354236 -1.190563 -0.33723 -1.752164 0.189253 -2.05323
-0.664513 -29.80264 10.27653 0.965662 0.512832 -0.334691 -1.257555 0.545246 0.367376
-2.664513 -29.80264 10.27653 -0.247153 1.373226 1.645023 2.188044 -0.654538 1.541799
-4.664513 -29.80264 10.27653 -2.755426 -2.685117 1.710645 0.575052 -1.075799 -2.262281
-6.664513 -29.80264 10.27653 0.988038 0.220676 3.545118 4.681558 1.338323 0.219656
-8.664513 -29.80264 10.27653 2.493265 2.81517 2.742805 4.399587 0.126719 0.642942
-10.66451 -29.80264 10.27653 0.503172 0.760766 1.203578 1.242697 -0.062888 1.205798
-0.664513 -31.80264 10.27653 2.240042 1.915585 -0.437556 -1.622679 0.590603 0.672554
-2.664513 -31.80264 10.27653 0.747151 1.434413 0.808109 -0.957342 -0.260695 0.956527
-4.664513 -31.80264 10.27653 -0.364613 -1.025673 2.623443 0.679107 0.274508 -0.550337
-6.664513 -31.80264 10.27653 0.308536 -0.706318 2.565815 1.228498 0.903783 -0.029041
-8.664513 -31.80264 10.27653 1.142416 1.861594 3.0972 3.384715 0.204993 1.683953
39.33549 -25.80264 12.27653 1.790914 1.780894 0.44573 -0.026819 1.461714 1.467494
17.33549 -25.80264 12.27653 0.429411 1.008779 -0.30265 0.692199 -0.264697 0.415305
-6.664513 -29.80264 12.27653 -1.395019 0.122051 3.146681 5.153362 0.489436 2.195133
-8.664513 -29.80264 12.27653 0.686703 1.480427 1.921448 3.408479 -1.32551 -0.166387
-0.664513 -31.80264 12.27653 -0.85215 -1.321743 -0.55825 -1.116341 -0.824706 -0.943548
-2.664513 -31.80264 12.27653 0.162398 -0.403925 0.10058 -1.340107 -0.120469 -0.943729
-4.664513 -31.80264 12.27653 -0.350391 -0.739451 2.212497 0.951534 0.66554 0.156244
-6.664513 -31.80264 12.27653 -0.299557 0.486247 3.719769 3.226292 0.793733 2.060673
-8.664513 -31.80264 12.27653 -0.962284 0.553707 1.801804 1.313406 -1.991687 0.402844
-8.664513 -29.80264 14.27653 1.706073 1.266492 4.728351 5.01052 2.159562 1.9469
43.33549 -7.802643 26.27653 0.912065 1.122232 -0.017194 -0.24438 0.954378 1.01428
35.33549 -9.802643 26.27653 -1.900132 -2.138465 -1.925445 -4.437888 0.285739 -0.640963
33.33549 -9.802643 26.27653 -1.072495 -1.144377 -2.733477 -4.506537 -0.577999 -1.022379
41.33549 -7.802643 28.27653 -0.48664 -0.376672 0.192704 0.666125 2.018399 1.77909
49.33549 -9.802643 28.27653 -2.509122 -3.946232 1.71144 -2.174921 -0.631398 -0.655852
37.33549 -9.802643 28.27653 -1.205846 0.522139 -0.582784 0.431677 0.027168 1.393777
35.33549 -9.802643 28.27653 -1.780158 -1.53667 -2.841547 -4.293196 -0.099706 -0.470132
5.335487 -9.802643 28.27653 2.685571 2.387443 0.22112 -0.053601 3.470744 3.190309
3.335487 -9.802643 28.27653 0.767803 3.819582 -4.059265 -5.195565 3.405818 5.540188
49.33549 -7.802643 30.27653 1.171398 0.018686 3.98027 4.442166 2.388005 1.14868
13.33549 -7.802643 30.27653 2.955115 3.193807 1.309533 1.378605 2.365143 3.246406
47.33549 -9.802643 30.27653 -1.123988 -0.537707 0.312211 1.176521 0.276763 1.080067
7.335487 -9.802643 30.27653 1.561729 1.105564 2.331044 1.028168 5.098181 4.894828
35.33549 -17.80264 30.27653 -1.252571 -1.712434 -1.031222 -3.189201 -1.160057 -0.560889
9.335487 -17.80264 30.27653 1.275625 2.913461 3.428759 3.532743 3.138563 5.262308
49.33549 -7.802643 32.27653 -0.700486 0.975794 0.870284 2.665072 1.721534 2.056269
11.33549 -7.802643 32.27653 2.724406 1.048133 2.352924 1.239653 1.005936 0.742268
49.33549 -9.802643 32.27653 -0.88192 1.964306 0.930044 4.30867 0.789141 2.898687
47.33549 -9.802643 32.27653 -2.996906 -1.122599 -1.348473 0.787176 0.599626 1.750418
45.33549 -9.802643 32.27653 -1.604603 -0.666791 -0.63935 0.326344 0.548062 -0.071949
43.33549 -9.802643 32.27653 -0.438137 -0.67533 -1.022489 -2.264528 1.703694 0.939152
41.33549 -9.802643 32.27653 -0.013849 -1.040525 0.154686 -1.322098 3.056818 2.731213
39.33549 -9.802643 32.27653 -0.770438 -2.075875 -0.507135 -2.410854 1.5046 0.549762
11.33549 -9.802643 32.27653 3.193747 1.424121 2.380045 1.112486 2.715089 1.380947
9.335487 -9.802643 32.27653 3.339661 2.175717 4.424805 3.296239 4.346476 3.283323
39.33549 -17.80264 32.27653 0.621927 0.549985 1.022257 0.096804 0.779765 1.815593
37.33549 -17.80264 32.27653 0.384595 0.909887 0.005673 0.151314 -0.13278 0.96217
33.33549 -21.80264 32.27653 2.805005 1.402078 1.052835 0.530327 2.122826 1.604086
9.335487 -5.802643 34.27653 0.113958 0.373777 1.542166 2.046552 -0.025015 0.163007
7.335487 -5.802643 34.27653 0.299405 1.470759 1.444933 1.356525 0.400053 1.758507
5.335487 -5.802643 34.27653 -0.131929 0.717161 3.817595 4.756725 1.034211 2.173341
35.33549 -7.802643 34.27653 1.228019 0.012639 1.493888 1.250964 0.220536 0.500793
9.335487 -7.802643 34.27653 -0.010661 0.285095 1.093154 1.593473 -0.310241 0.969943
7.335487 -7.802643 34.27653 4.180459 3.87884 1.890292 1.403316 1.466632 2.329357
5.335487 -7.802643 34.27653 1.653182 2.546711 1.552141 0.571574 1.084207 1.07888
43.33549 -9.802643 34.27653 -0.285644 -0.954854 -0.859445 -2.563459 1.808346 0.849828
41.33549 -9.802643 34.27653 -1.202552 -1.645733 -2.234174 -5.224199 1.251842 1.324757
11.33549 -9.802643 34.27653 0.652876 0.085232 1.294823 0.929573 0.150138 0.297087
5.335487 -9.802643 34.27653 2.296564 3.402763 1.166462 0.399469 0.444024 0.54818
3.335487 -9.802643 34.27653 0.781732 1.937564 0.249382 0.822395 -0.760723 -0.733743
41.33549 -11.80264 34.27653 -0.823851 -1.247424 -2.131021 -5.973942 0.693491 1.37618
27.33549 -11.80264 34.27653 0.669679 0.073247 1.131615 1.048829 0.062055 0.072693
25.33549 -11.80264 34.27653 0.895745 -0.271033 0.621203 -0.679832 -0.435572 -1.228184
5.335487 -15.80264 34.27653 0.370035 2.141844 2.125685 5.622793 2.977066 5.215824
25.33549 -17.80264 34.27653 -0.150837 0.571935 -2.215548 -2.953119 1.346807 1.399107
23.33549 -17.80264 34.27653 0.571772 0.95714 -0.121057 -0.426847 1.36577 1.334837
3.335487 -17.80264 34.27653 0.802252 1.575243 3.39066 6.083635 2.000125 2.61876
21.33549 -21.80264 34.27653 -1.063882 -0.535654 1.161054 1.638698 2.754737 3.042657
19.33549 -21.80264 34.27653 -1.612832 -1.761129 0.413413 0.211533 1.836028 0.554552
11.33549 -21.80264 34.27653 0.907732 1.159806 1.388488 2.480519 1.916606 1.987396
33.33549 -5.802643 36.27653 2.191526 1.685176 1.772814 2.59572 1.612891 1.235172
21.33549 -5.802643 36.27653 -0.251586 -0.306428 2.284704 2.512805 -0.078443 0.381317
19.33549 -5.802643 36.27653 -0.471635 -0.702559 1.860022 0.994678 1.417402 1.067059
5.335487 -5.802643 36.27653 0.668667 1.038521 2.20195 2.696152 0.594253 1.394
37.33549 -7.802643 36.27653 1.687841 0.932958 1.814967 2.562018 1.554019 1.703929
35.33549 -7.802643 36.27653 0.765917 1.403183 2.113605 3.116371 0.256839 1.283536
33.33549 -7.802643 36.27653 2.358693 2.477175 3.384078 4.050096 0.334439 1.312159
21.33549 -7.802643 36.27653 -1.161387 -1.140741 1.211424 1.975391 -0.428933 -0.382592
5.335487 -7.802643 36.27653 -0.963007 0.524323 1.343727 2.041826 0.352014 2.033318
43.33549 -9.802643 36.27653 0.8111 -0.155714 0.537959 0.715144 1.404351 0.753936
5.335487 -9.802643 36.27653 -0.171533 1.23503 1.791126 2.466111 1.352377 3.217847
3.335487 -9.802643 36.27653 0.048712 1.48378 1.199346 2.813815 0.84165 1.786149
25.33549 -11.80264 36.27653 0.070609 -1.303954 0.34484 -1.567078 0.754258 0.897614
41.33549 -13.80264 36.27653 -0.577906 -0.309665 -0.677128 -1.452276 -1.400571 0.144069
39.33549 -13.80264 36.27653 -0.612414 -0.839898 -1.082024 -1.705918 -1.762504 -0.557267
39.33549 -15.80264 36.27653 -0.326189 -0.805231 0.507698 0.095752 -0.278554 0.506793
27.33549 -15.80264 36.27653 -0.575039 -0.81423 -0.232658 0.174254 -0.74382 -0.430716
23.33549 -15.80264 36.27653 1.296396 0.567939 1.78525 0.856284 -0.376937 -1.051211
7.335487 -15.80264 36.27653 0.157948 1.354055 2.000493 2.979668 0.776302 2.0091
5.335487 -15.80264 36.27653 -0.246936 1.366999 1.92288 3.269725 0.824682 3.078664
35.33549 -17.80264 36.27653 2.781999 2.815621 2.022481 2.703155 1.172878 2.313784
29.33549 -17.80264 36.27653 -0.588437 -0.364303 2.700389 3.703987 0.635925 1.726174
27.33549 -17.80264 36.27653 0.76372 0.114171 0.819606 0.598112 -0.456991 0.063807
7.335487 -17.80264 36.27653 1.276437 1.797967 2.220357 3.174292 -0.945009 0.260767
27.33549 -19.80264 36.27653 1.088438 1.056358 0.591086 -0.342283 -0.742693 -0.164271
31.33549 -21.80264 36.27653 2.46704 1.487649 2.968535 2.750745 2.275258 2.216201
21.33549 -21.80264 36.27653 -1.388992 0.232494 0.352686 0.74443 1.175901 2.000648
3.335487 -3.802643 38.27653 3.535043 4.520824 3.152676 5.891458 4.351002 5.377234
33.33549 -5.802643 38.27653 0.999728 1.738861 0.349301 0.662639 0.685101 1.21002
19.33549 -5.802643 38.27653 -1.24992 -0.914113 1.910068 0.947169 0.068536 0.489937
3.335487 -5.802643 38.27653 2.308356 3.816397 2.056682 5.446439 2.170247 3.268424
43.33549 -7.802643 38.27653 -0.371062 -1.26792 -1.23793 -3.37815 -0.593774 -1.467744
37.33549 -7.802643 38.27653 -1.056607 -0.83408 1.359516 3.140708 -0.21672 0.419592
35.33549 -7.802643 38.27653 -0.423053 -0.068299 0.311724 0.199847 0.736203 1.052967
33.33549 -7.802643 38.27653 0.827826 1.58433 0.720646 0.2921 0.428631 1.05828
43.33549 -9.802643 38.27653 0.370126 -0.800084 -0.509725 -2.236978 0.880168 1.266531
31.33549 -9.802643 38.27653 -0.075195 -0.039102 -0.22235 -0.800124 -1.036474 -1.607069
21.33549 -9.802643 38.27653 -1.285311 -1.398005 0.72375 0.217944 0.033659 -0.347506
19.33549 -9.802643 38.27653 -2.867208 -2.153557 0.775468 0.404413 -1.880071 -1.438038
37.33549 -11.80264 38.27653 1.703463 0.102174 1.407357 1.165531 -0.984034 -0.901445
27.33549 -11.80264 38.27653 -1.449943 -0.766834 0.565083 1.244137 0.565617 1.754496
25.33549 -11.80264 38.27653 -2.500195 -2.241039 -0.549745 -0.683595 0.255495 0.756726
9.335487 -11.80264 38.27653 -2.283226 -1.624514 -0.281243 0.022199 2.099264 2.507365
7.335487 -11.80264 38.27653 -1.093313 0.357823 0.509107 1.363468 2.615743 3.147137
5.335487 -11.80264 38.27653 1.732797 1.934973 3.085078 3.629978 2.611619 2.934464
25.33549 -13.80264 38.27653 -1.80739 -1.71688 0.815776 1.377361 0.415689 0.317132
9.335487 -13.80264 38.27653 -0.005993 -1.322618 0.841716 -0.029171 0.444935 -1.351281
7.335487 -13.80264 38.27653 -0.644701 0.730092 2.089972 3.947621 0.948111 -0.011886
5.335487 -13.80264 38.27653 0.678755 2.260502 3.9877 6.221513 -0.126155 -0.149428
39.33549 -15.80264 38.27653 0.826564 -0.390311 -0.323829 -1.469059 0.623742 0.49815
29.33549 -15.80264 38.27653 -2.139848 -2.073447 -1.046885 -0.927509 -0.835054 -0.69636
27.33549 -15.80264 38.27653 -0.110831 -1.05766 -0.736474 -0.33338 -0.97029 -1.078836
23.33549 -15.80264 38.27653 0.078953 -0.079786 0.758304 0.562893 0.216048 -1.107209
9.335487 -15.80264 38.27653 -0.058758 -0.639353 0.420859 0.758057 -0.84145 -1.863648
7.335487 -15.80264 38.27653 0.426314 1.587008 1.820538 3.199233 -0.227141 -0.058067
5.335487 -15.80264 38.27653 0.585377 1.724491 2.155985 2.734171 -1.264409 -0.79346
39.33549 -17.80264 38.27653 0.208927 -0.771574 1.059411 0.14358 -0.198424 0.268927
7.335487 -17.80264 38.27653 0.856673 1.458062 0.897244 1.580747 -1.54951 -0.208422
29.33549 -19.80264 38.27653 0.106094 0.30326 0.855441 1.608789 -0.599768 0.464951
27.33549 -19.80264 38.27653 1.648555 1.038428 1.981016 1.500551 -0.635406 0.184731
33.33549 -21.80264 38.27653 3.069941 2.116887 2.168598 4.151906 1.421136 0.931824
31.33549 -21.80264 38.27653 2.914204 2.172893 3.236647 5.084335 1.719816 1.886418
23.33549 -21.80264 38.27653 -0.596703 0.122209 0.876992 1.043687 1.119271 1.914967
21.33549 -21.80264 38.27653 -0.426197 -0.691948 -0.274349 -1.506941 1.37402 1.583274
15.33549 -21.80264 38.27653 1.73916 1.068839 1.504618 1.822741 0.810041 0.210947
5.335487 -21.80264 38.27653 -1.237052 -0.32732 2.052139 1.455231 1.094897 1.383659
33.33549 -5.802643 40.27653 0.105335 0.989141 -0.404966 0.393553 -0.166105 0.055072
31.33549 -5.802643 40.27653 1.704755 1.61303 1.939173 1.518356 0.824579 0.580519
29.33549 -5.802643 40.27653 0.972772 0.240911 3.089397 2.334034 1.333781 0.387166
19.33549 -5.802643 40.27653 -1.232028 -0.659286 2.373992 1.994975 -1.114404 -1.323658
43.33549 -7.802643 40.27653 -0.827866 -1.936924 -0.520976 -2.771105 0.000857 -0.256978
41.33549 -7.802643 40.27653 -0.428283 -0.709776 0.619226 0.227977 0.822733 0.863307
43.33549 -9.802643 40.27653 0.114732 -0.882246 0.795534 -0.555652 1.458732 3.109477
41.33549 -9.802643 40.27653 -0.87642 -1.609439 0.397486 -0.832158 0.425232 1.686964
21.33549 -9.802643 40.27653 -1.485833 -0.948362 -0.231694 -0.334528 0.208555 1.158209
19.33549 -9.802643 40.27653 -3.775433 -2.968551 0.252524 0.122477 -1.472044 -0.673155
33.33549 -11.80264 40.27653 -0.440126 -1.181801 0.708711 -0.316928 -1.747272 -0.649754
31.33549 -11.80264 40.27653 -1.692113 -1.175326 0.551726 1.050154 -1.077302 -0.93043
29.33549 -11.80264 40.27653 -1.680873 -2.169378 -0.546767 -1.136782 -0.259095 -0.190353
23.33549 -11.80264 40.27653 -1.656707 -0.510899 -1.168152 -0.750889 -0.699596 -0.198143
21.33549 -11.80264 40.27653 -1.016349 -0.152097 -0.69052 -0.480563 -1.029313 -0.754639
19.33549 -11.80264 40.27653 -2.773015 -1.783843 0.712947 0.599652 -2.245641 -1.476891
17.33549 -11.80264 40.27653 -1.098141 -1.272082 0.983298 -0.659134 -1.356373 -0.447786
15.33549 -11.80264 40.27653 1.708001 1.442643 2.132132 2.006248 1.240301 1.576643
9.335487 -11.80264 40.27653 -0.493509 0.065651 0.605923 -0.515367 1.19785 0.807967
7.335487 -11.80264 40.27653 0.650796 1.403644 0.368317 -0.275289 0.686035 0.324259
5.335487 -11.80264 40.27653 2.180861 2.159905 2.671149 2.279752 1.005013 0.60439
35.33549 -13.80264 40.27653 1.025771 -0.072088 -1.588417 -2.192499 -1.375203 -1.749409
27.33549 -13.80264 40.27653 -0.482956 -0.726545 0.503621 1.014116 1.378941 1.884342
25.33549 -13.80264 40.27653 -1.039692 -0.771451 -0.410954 0.134036 0.89546 0.874841
7.335487 -13.80264 40.27653 1.617366 2.535221 2.24928 3.813757 0.655268 0.034366
5.335487 -13.80264 40.27653 1.717708 2.525519 3.126909 3.220531 -0.038135 -0.50067
33.33549 -15.80264 40.27653 1.058944 1.456901 0.336172 1.37563 -1.611765 -0.649905
31.33549 -15.80264 40.27653 0.119651 0.531194 0.174176 0.930615 -1.350009 -0.167854
29.33549 -15.80264 40.27653 -0.293548 -0.819042 -0.560522 -0.732366 -0.223594 -0.207314
23.33549 -15.80264 40.27653 0.650752 0.302151 1.071694 0.765836 0.053314 -1.067587
7.335487 -15.80264 40.27653 1.816539 1.970372 2.705369 3.762988 1.789233 1.733814
5.335487 -15.80264 40.27653 1.714592 2.168555 2.874023 2.995522 1.384952 1.497777
29.33549 -17.80264 40.27653 -0.233963 0.465651 0.187545 1.818886 0.363008 0.912134
23.33549 -17.80264 40.27653 1.963438 2.0649 1.348444 1.367916 1.092029 0.364013
5.335487 -17.80264 40.27653 0.388376 0.73062 1.23844 1.137856 1.134401 2.191153
3.335487 -17.80264 40.27653 -0.206819 0.739876 1.036833 2.041838 0.641717 2.311529
35.33549 -19.80264 40.27653 0.128906 -0.043743 -0.083004 0.050217 0.177094 0.983946
33.33549 -19.80264 40.27653 1.230355 1.627254 -0.816549 -0.253142 0.972181 2.073673
29.33549 -19.80264 40.27653 0.058303 0.759553 0.597438 2.440079 0.443718 1.276476
23.33549 -19.80264 40.27653 1.021899 1.718088 -0.18961 -0.402199 1.656059 2.417252
19.33549 -19.80264 40.27653 0.822554 0.871178 1.635464 1.974917 1.512113 2.154882
17.33549 -19.80264 40.27653 -0.855113 -0.198642 0.567669 1.501313 0.676865 1.577963
15.33549 -19.80264 40.27653 -1.639833 -1.507486 0.691453 1.897094 -0.380067 0.394411
5.335487 -19.80264 40.27653 -0.673263 -0.359107 1.330536 1.924619 1.057424 1.933509
35.33549 -21.80264 40.27653 0.066736 -0.213901 -0.354206 -1.020004 -0.223912 0.682018
33.33549 -21.80264 40.27653 2.091766 0.919567 -0.15215 -0.18382 0.46108 0.971322
31.33549 -21.80264 40.27653 1.260786 0.764519 0.49128 0.814272 0.324628 0.65445
27.33549 -21.80264 40.27653 0.437237 0.002384 1.333161 0.952637 0.89047 0.754289
23.33549 -21.80264 40.27653 0.597968 0.378865 0.55649 0.021818 1.155107 1.683917
19.33549 -21.80264 40.27653 0.545298 0.982363 -0.027562 0.325098 1.095449 1.925526
17.33549 -21.80264 40.27653 1.747769 2.892181 0.258278 2.590737 0.381668 1.233684
15.33549 -21.80264 40.27653 2.015425 2.304064 0.743418 2.473435 -0.002746 -0.476062
7.335487 -21.80264 40.27653 0.429977 1.057696 0.887868 2.318094 1.943607 3.094835
5.335487 -21.80264 40.27653 -0.725199 -0.666839 1.228841 1.017066 1.691992 1.935229
31.33549 -23.80264 40.27653 1.862949 0.779136 1.350509 1.65588 0.19204 0.664386
29.33549 -23.80264 40.27653 1.0132 0.374999 0.876081 1.533973 0.818228 0.798581
23.33549 -23.80264 40.27653 0.612155 0.730217 2.226089 2.665008 1.511439 1.813551
7.335487 -23.80264 40.27653 -0.053203 0.931482 -0.089592 0.459645 0.696975 1.82017
5.335487 -23.80264 40.27653 -1.213852 -0.915526 0.067832 -0.98354 0.576928 0.950125
5.335487 -25.80264 40.27653 -0.357396 0.31067 0.712304 0.655102 -0.023023 -0.047659
19.33549 -1.802643 42.27653 -1.723149 -2.969548 1.80329 2.775187 -0.886938 -3.05564
39.33549 -5.802643 42.27653 -0.64823 -2.350957 1.653253 0.660316 0.774186 -0.98866
17.33549 -5.802643 42.27653 0.851325 -0.38665 0.183971 -1.099411 -0.584637 -1.53887
43.33549 -7.802643 42.27653 -0.030522 -0.137196 1.354989 0.835234 1.236304 1.752375
7.335487 -7.802643 42.27653 -0.583901 0.940636 1.365894 2.760509 0.270873 2.00124
23.33549 -9.802643 42.27653 1.103162 1.821807 1.775468 3.121126 0.50581 1.023755
17.33549 -11.80264 42.27653 -0.93406 -0.971608 1.785978 -0.14559 -1.150985 -1.863429
15.33549 -11.80264 42.27653 0.825817 0.932053 1.820322 0.193354 0.271388 -0.400386
13.33549 -11.80264 42.27653 0.843857 0.997279 1.729079 1.017789 -0.373101 -1.27902
5.335487 -11.80264 42.27653 1.296663 1.307705 2.341525 2.492799 1.881173 1.012878
35.33549 -13.80264 42.27653 0.678319 -0.053781 -1.508546 -2.720374 -0.456395 -0.551018
33.33549 -13.80264 42.27653 0.162177 -0.617775 -0.98523 -2.355327 -0.230886 -0.47264
31.33549 -13.80264 42.27653 -0.404276 -0.517071 -0.366338 -0.51858 -0.120174 -0.217807
29.33549 -13.80264 42.27653 -1.323245 -1.834792 -1.079242 -1.508387 -0.211299 -0.527583
27.33549 -13.80264 42.27653 -1.769057 -1.422635 -1.099822 -2.115704 0.109158 0.010582
5.335487 -13.80264 42.27653 0.976344 0.672702 0.735847 -0.021404 0.749677 0.032895
35.33549 -15.80264 42.27653 0.366082 0.345964 -0.191368 -0.048497 0.633575 1.033723
33.33549 -15.80264 42.27653 0.255026 -0.191245 -0.798551 -1.025413 -0.176028 -0.036321
31.33549 -15.80264 42.27653 0.165615 -0.728898 -0.242826 -0.563064 0.561644 0.690827
29.33549 -15.80264 42.27653 -0.103327 -1.024384 -0.752354 -1.47462 -0.37251 -0.41974
25.33549 -15.80264 42.27653 0.161057 0.591764 -0.49796 -1.702305 0.749379 0.269821
5.335487 -15.80264 42.27653 0.817117 0.913254 0.917935 0.78651 1.0225 0.487269
35.33549 -17.80264 42.27653 -1.372553 -1.501371 -1.416302 -2.680926 1.376888 1.55142
33.33549 -17.80264 42.27653 -1.452379 -0.997668 -1.865678 -1.99426 0.694216 1.083143
31.33549 -17.80264 42.27653 -1.279851 -0.951508 -0.268576 0.920354 0.994956 1.647362
29.33549 -17.80264 42.27653 0.028769 0.053188 0.465717 1.845993 0.995891 0.914353
25.33549 -17.80264 42.27653 0.096855 1.142916 0.445183 1.154418 0.614192 1.021842
23.33549 -17.80264 42.27653 -0.476377 -0.462183 0.472496 -0.329164 0.382762 -0.159917
19.33549 -17.80264 42.27653 1.217348 1.4393 0.978134 1.498436 0.361648 1.122149
5.335487 -17.80264 42.27653 -0.376788 -0.161816 0.762323 0.668739 0.52037 0.193261
3.335487 -17.80264 42.27653 1.189665 1.061311 3.200661 4.286663 0.584065 -0.261624
29.33549 -19.80264 42.27653 0.686801 1.182585 1.3912 3.312786 1.004317 1.045417
25.33549 -19.80264 42.27653 -1.365278 0.574727 0.494928 1.94258 -0.100115 0.730673
21.33549 -19.80264 42.27653 0.576179 0.488923 0.028527 -0.205572 1.235547 1.205537
17.33549 -19.80264 42.27653 -1.340566 -1.377893 0.921125 0.839322 0.038962 0.652253
5.335487 -19.80264 42.27653 -0.328343 0.193835 1.601858 2.502844 -0.0552 -0.061779
3.335487 -19.80264 42.27653 0.948715 1.173204 1.551961 2.865516 1.35404 0.561189
29.33549 -21.80264 42.27653 -0.218292 -0.272415 0.809636 1.193004 1.100744 0.858258
25.33549 -21.80264 42.27653 -1.40535 0.683206 0.871824 3.39206 -1.501634 -2.00968
23.33549 -21.80264 42.27653 -0.480516 0.026586 0.017683 0.555055 -1.108649 -0.262666
19.33549 -21.80264 42.27653 0.504815 0.703777 2.290132 3.060714 1.175992 1.043647
15.33549 -21.80264 42.27653 -0.390848 -0.1031 -0.780638 -0.651684 -0.296245 -0.881498
5.335487 -21.80264 42.27653 0.307379 1.306785 1.607768 2.535006 0.142186 0.190854
3.335487 -21.80264 42.27653 1.468321 2.505064 -0.916865 -0.569663 2.838449 2.171834
29.33549 -23.80264 42.27653 1.01182 0.314012 0.992046 1.306666 1.464449 1.235353
23.33549 -23.80264 42.27653 0.566608 0.357661 1.669064 1.582394 -0.012338 0.004649
11.33549 -23.80264 42.27653 0.790494 0.784212 0.684589 1.531622 1.639689 1.400965
29.33549 -25.80264 42.27653 0.262295 -0.676188 1.171682 1.659098 1.670622 1.55842
27.33549 -25.80264 42.27653 -1.362247 -1.497647 0.797808 1.234317 -0.163522 -0.753549
17.33549 -25.80264 42.27653 1.367505 1.128101 2.137832 1.863247 1.450874 1.157349
13.33549 -25.80264 42.27653 -1.82986 -0.430257 1.457083 3.176426 -0.537555 0.451277
11.33549 -25.80264 42.27653 0.632589 0.955952 0.766486 1.455503 -0.109076 -0.061639
39.33549 -5.802643 44.27653 -1.943775 -3.356915 4.629235 5.370369 0.735923 -0.654724
37.33549 -5.802643 44.27653 -1.62141 -2.597593 2.291485 2.18154 0.729851 0.385618
35.33549 -5.802643 44.27653 -0.211754 -1.174087 -0.974122 -1.564746 0.648189 -0.233228
5.335487 -5.802643 44.27653 -1.807273 -0.90179 0.897791 2.045679 0.734223 2.600057
13.33549 -11.80264 44.27653 0.86509 0.024251 1.828485 0.666597 1.579155 0.868277
21.33549 -13.80264 44.27653 -1.564999 -1.671143 -0.849925 -2.110889 -1.336411 -1.321923
13.33549 -13.80264 44.27653 -0.252979 -0.476686 1.44666 0.986743 1.411392 1.007599
27.33549 -15.80264 44.27653 -0.031862 1.368778 -0.90438 -0.882265 -2.562713 -1.982081
25.33549 -15.80264 44.27653 0.468876 1.403693 -0.305007 -1.516741 -0.743466 -0.760975
13.33549 -15.80264 44.27653 -0.887594 -0.619412 0.389673 -0.224994 0.081446 -0.498747
11.33549 -15.80264 44.27653 -0.172408 -0.87134 0.153651 -0.722169 -0.536469 -2.033925
25.33549 -17.80264 44.27653 -0.503324 1.041067 0.183332 0.593267 -0.677222 -0.602727
7.335487 -17.80264 44.27653 -0.635221 -0.548944 1.02869 1.786414 -1.191195 -2.419136
5.335487 -17.80264 44.27653 -0.865233 -1.181279 0.944381 -0.014936 0.095267 -1.749923
21.33549 -19.80264 44.27653 -0.215265 -0.006904 -0.979308 -1.412604 0.254704 0.021921
17.33549 -19.80264 44.27653 -2.398642 -2.207254 -0.692247 -1.182367 -0.289564 -0.62213
7.335487 -19.80264 44.27653 -0.160206 -0.095029 2.013704 3.268834 -0.397675 -0.963064
5.335487 -19.80264 44.27653 -0.168872 -1.235989 2.938181 1.688439 0.199111 -1.554379
29.33549 -21.80264 44.27653 -0.570618 -0.642735 0.144947 -0.719373 0.314253 1.427725
25.33549 -21.80264 44.27653 -3.343788 -3.145484 -2.168703 -4.523258 -2.756073 -3.529644
15.33549 -21.80264 44.27653 -0.81831 -1.119559 0.449092 -0.487636 0.521582 0.175688
25.33549 -23.80264 44.27653 -2.968832 -2.706089 -1.954404 -4.836483 -1.828826 -1.54179
17.33549 -23.80264 44.27653 0.498445 -0.167018 1.397816 -0.286489 -1.169916 -2.266805
15.33549 -23.80264 44.27653 0.788407 -0.417229 0.141156 -2.061834 -0.300766 -1.679365
13.33549 -23.80264 44.27653 0.196268 0.918414 0.526235 1.089279 0.737946 0.500163
11.33549 -23.80264 44.27653 1.074253 2.135543 -0.330013 0.209248 0.551759 0.355644
11.33549 -25.80264 44.27653 -0.355533 0.692754 0.553284 1.24942 -0.32823 0.333494
9.335487 -25.80264 44.27653 0.04327 0.068297 0.006667 -0.058251 -0.322602 -0.299151
11.33549 -27.80264 44.27653 -0.674792 -0.909341 0.334968 -0.920227 -1.29812 -1.895301
7.335487 -27.80264 44.27653 1.66992 0.833153 0.808048 -0.616625 0.327783 -0.782248
7.335487 -29.80264 44.27653 3.663544 1.959014 4.444202 3.845605 0.824012 -1.028458
19.33549 -3.802643 46.27653 -2.767807 -2.200791 -0.202543 -0.31841 -1.336146 -0.855057
17.33549 -3.802643 46.27653 -2.203279 -2.156315 -0.54701 -1.477302 -1.437711 -2.623338
37.33549 -5.802643 46.27653 -4.453389 -4.17633 5.357235 2.575332 0.580668 2.050873
25.33549 -9.802643 46.27653 0.113001 -0.025699 1.305354 0.948168 -1.566723 -1.78314
29.33549 -11.80264 46.27653 -0.482648 0.837864 0.344244 1.796953 -2.252493 -1.432071
27.33549 -11.80264 46.27653 -0.676078 -0.230012 -0.332332 -0.120895 -1.512609 -1.406351
25.33549 -11.80264 46.27653 -1.164862 -1.270082 0.08191 0.539145 -1.50033 -2.249145
11.33549 -13.80264 46.27653 0.058732 -0.593695 0.238839 0.673671 0.236446 -0.975375
11.33549 -15.80264 46.27653 -0.169807 -0.702341 1.676452 1.891849 0.560469 -0.223883
25.33549 -17.80264 46.27653 0.184658 1.22122 -0.223374 -0.250073 0.831375 2.174853
15.33549 -17.80264 46.27653 0.065388 0.049756 0.311486 0.342679 0.261857 -0.169199
13.33549 -17.80264 46.27653 -0.619049 -0.933291 1.363129 1.205203 -0.114428 -0.199005
11.33549 -17.80264 46.27653 -0.201563 -1.427082 1.543745 0.898757 0.24497 -0.359404
5.335487 -17.80264 46.27653 0.26211 -0.832413 0.293557 -1.882584 0.265931 -1.114709
21.33549 -19.80264 46.27653 -1.4127 -1.360829 1.107615 1.022598 0.346812 -0.009995
17.33549 -19.80264 46.27653 -1.65858 -1.725561 -0.336227 -0.185118 -0.433121 0.062916
7.335487 -19.80264 46.27653 0.818987 0.480657 -0.305271 -0.182506 0.313571 0.042758
5.335487 -19.80264 46.27653 0.404675 -1.294048 1.295507 -1.58449 -0.689141 -2.493567
3.335487 -19.80264 46.27653 1.782613 0.058632 3.567415 0.806677 2.036138 0.07279
13.33549 -23.80264 46.27653 1.092845 0.725119 0.974318 1.321578 -0.070875 -0.963496
11.33549 -23.80264 46.27653 0.259303 1.489266 0.461348 1.408373 -0.430262 -0.788188
11.33549 -25.80264 46.27653 -0.25448 0.834818 0.398874 0.627537 -0.691806 -0.055087
9.335487 -25.80264 46.27653 -0.653102 -1.424541 0.396668 0.044989 -1.007642 -1.896127
7.335487 -25.80264 46.27653 0.210636 -0.470905 0.16825 -0.394179 -1.640367 -2.798683
5.335487 -27.80264 46.27653 0.12241 -0.400827 1.294053 0.114698 -0.603661 -0.739887
27.33549 -13.80264 48.27653 -0.906263 -1.575638 0.139069 -2.702374 0.041151 -0.447731
11.33549 -13.80264 48.27653 -0.082896 0.425741 0.024517 0.381997 0.884124 2.061461
11.33549 -15.80264 48.27653 -1.738401 0.080849 1.192555 2.904554 1.458932 3.208204
11.33549 -17.80264 48.27653 -1.335436 -1.460738 1.81006 2.398554 0.782644 1.37754
23.33549 -19.80264 48.27653 -1.495219 -0.860053 -0.164222 -0.787987 -0.618668 -0.703643
21.33549 -19.80264 48.27653 -1.322173 -1.21667 0.295002 -0.498591 -0.789189 -1.002463
13.33549 -19.80264 48.27653 -1.386149 -2.762942 3.465801 3.344541 0.28932 -0.245498
7.335487 -19.80264 48.27653 -0.291629 0.521711 -0.727752 -0.730085 0.11649 0.410452
13.33549 -21.80264 48.27653 -0.307309 -1.357068 2.221596 2.339336 -1.026481 -2.403447
5.335487 -21.80264 48.27653 0.539261 0.603191 3.204647 3.71227 -1.041819 -2.03355
13.33549 -23.80264 48.27653 0.631527 0.413956 0.129225 0.032996 -0.156956 -1.00859
9.335487 -25.80264 48.27653 -0.466984 -0.171261 2.03027 2.157512 -1.372341 -3.018221
7.335487 -27.80264 48.27653 -0.275266 -1.319062 3.302906 5.416307 -4.818636 -7.596817
11.33549 -17.80264 50.27653 -0.282795 1.288901 0.770878 1.680147 1.788452 3.102106
9.335487 -17.80264 50.27653 0.3978 -0.590315 -0.209408 -1.23068 0.664943 -0.093092
9.335487 -19.80264 50.27653 -0.626093 0.161517 0.211843 0.346027 -0.812377 -1.318138
7.335487 -19.80264 50.27653 0.373501 1.349348 2.415047 3.062647 0.050279 0.525492
5.335487 -19.80264 50.27653 0.884889 1.226415 1.604612 1.261155 -0.314367 -0.112085
15.33549 -23.80264 50.27653 -6.309187 -4.067992 0.442603 -0.27226 -3.686025 -2.347053
9.335487 -19.80264 52.27653 -1.50503 0.181593 2.109481 2.68615 -0.659451 0.288955
