15.33549 -25.80264 -11.72347 -2.881055 -0.117904 1.048204 -3.684013 -1.967531 0.574395 -0.658858 -0.125191 1.684734 -3.419155 -2.814247 -1.20953
17.33549 -25.80264 -9.723473 -2.570982 -1.151202 0.208447 1.73908 -0.824483 2.022263 2.522564 3.03958 0.032149 2.274538 -4.03888 1.002049
15.33549 -25.80264 -9.723473 -0.885326 0.528799 1.580194 0.84218 -1.368183 2.372192 1.563502 -2.342148 -0.385054 0.270701 -1.812958 -0.528663
25.33549 -25.80264 -7.723473 -0.139899 -0.600969 -1.148681 -1.316842 0.734479 0.072991 -1.224403 -1.794545 0.019666 -4.558472 -0.316131 -1.891561
17.33549 -25.80264 -7.723473 0.132571 -2.050102 -0.881722 -3.10717 1.355357 -0.028669 1.446869 0.844416 2.737716 -2.082447 -1.652297 1.853957
47.33549 -25.80264 -5.723473 -0.831862 3.187633 3.124844 1.146369 0.647059 1.511907 3.583526 1.387023 1.543257 2.094754 1.067858 -0.78885
25.33549 -25.80264 -5.723473 -0.814089 -1.128624 -1.295351 -2.826946 0.177483 -1.185491 -0.050165 -1.419671 -1.988355 -1.310126 0.150087 -3.717094
13.33549 -25.80264 -5.723473 0.047038 -0.507394 -1.234352 -0.376648 -0.142779 -0.393038 -0.251959 0.321969 0.968648 -1.452302 0.944123 0.556512
11.33549 -25.80264 -5.723473 -1.091139 -2.110384 -1.23727 -1.202548 -2.300092 -3.215779 0.010092 0.928761 0.749813 -1.540916 4.585238 0.116069
9.335487 -25.80264 -5.723473 0.837335 -0.495002 2.036435 -3.569653 0.860449 -0.244155 -0.173831 1.020362 2.194849 1.952144 5.377638 2.009317
47.33549 -27.80264 -5.723473 0.227461 2.529263 3.790916 1.537038 0.84751 2.936052 3.394587 1.562133 3.389092 4.803392 1.993109 -0.656116
25.33549 -27.80264 -5.723473 -1.099676 -1.971962 2.009218 -2.66234 0.682964 -2.271151 -0.061941 -1.539274 -0.466844 -1.666077 1.664973 -1.894399
23.33549 -27.80264 -5.723473 -1.048828 -0.703329 0.632843 -0.355048 -0.005928 0.627813 -1.761345 2.176049 -0.360956 2.356175 2.097021 0.793791
43.33549 -29.80264 -5.723473 -2.170872 0.273701 -0.768249 -2.154002 -1.896397 -0.599217 0.14218 -0.065633 -0.989775 2.591717 -1.445219 -0.624355
9.335487 -25.80264 -3.723473 0.165518 0.988028 -0.107312 -2.283622 -0.54726 3.736399 1.505862 -0.172402 2.326827 0.270931 0.839022 3.744658
1.335487 -25.80264 -3.723473 -5.015676 0.073879 -3.281211 1.6023 -0.284838 2.479211 -0.481147 -1.303972 0.149406 11.17431 -0.739918 0.089071
-6.664513 -25.80264 -3.723473 -0.62182 0.260688 -1.147242 -3.008102 -0.5824 1.5036 1.858595 0.938848 -0.279981 -2.624325 -1.411647 3.267325
47.33549 -27.80264 -3.723473 -0.254376 1.66282 2.680409 -0.715927 0.022166 -1.174129 0.888901 0.635558 1.358718 3.968385 1.330673 0.424201
45.33549 -27.80264 -3.723473 0.566772 1.642033 2.444439 -1.504494 1.164377 -0.696384 0.066111 -0.49898 -0.304725 2.036336 1.097648 -0.924001
37.33549 -27.80264 -3.723473 0.439302 0.987411 0.396529 2.202658 -0.355737 0.197017 -0.19079 1.180513 0.456824 5.358094 1.330287 2.686822
23.33549 -27.80264 -3.723473 1.883274 -0.653352 0.882884 -2.167078 0.601554 -1.042572 1.814432 1.350953 0.177043 0.415637 3.16674 0.363589
15.33549 -27.80264 -3.723473 0.865867 -1.156633 0.364761 -0.372427 -0.380791 0.265601 1.343429 0.077131 -0.856567 -0.217575 -0.348309 -0.340813
1.335487 -27.80264 -3.723473 -6.511355 1.165111 -2.969912 3.212391 -2.491793 5.565057 0.128843 -1.198557 -3.316641 12.09258 -0.639882 -1.698132
-0.664513 -27.80264 -3.723473 -4.499844 0.753004 -1.646321 1.080805 -0.615226 2.918392 -1.210477 -0.799139 -1.028998 4.462807 -0.964675 1.121236
-2.664513 -27.80264 -3.723473 -1.625846 -2.14511 0.376681 -2.285139 0.753372 -1.518643 -0.605626 -0.631946 0.810063 1.09023 0.099545 3.571766
-4.664513 -27.80264 -3.723473 -0.999767 -1.432136 -1.633489 -3.694489 -0.641616 -1.928039 -0.293225 -0.075208 -1.037789 3.558065 -4.406596 3.74071
45.33549 -29.80264 -3.723473 -0.528425 -0.270302 1.744964 -2.159067 -0.49436 -1.959408 0.856552 -0.846737 -0.537712 -0.608334 1.513538 -0.422618
1.335487 -29.80264 -3.723473 -1.658525 0.889706 -0.405465 -2.069795 -0.385123 -0.569602 -0.917418 1.699862 -2.389221 5.431262 -1.344609 2.41958
-0.664513 -29.80264 -3.723473 -2.63557 0.807118 -0.298652 -1.124858 0.034621 -1.607776 -0.567628 0.808936 1.543236 1.28195 -1.885743 3.064675
9.335487 -25.80264 -1.723473 0.755642 -0.417498 0.867193 -1.0151 -0.463807 1.755942 1.073243 1.310236 -0.816177 0.60701 -0.030824 2.843805
1.335487 -25.80264 -1.723473 -0.189214 -0.085408 0.467381 0.199097 2.333918 1.30805 1.919901 -2.220255 -1.182358 6.579717 1.248312 1.890267
-0.664513 -25.80264 -1.723473 1.124552 -0.583487 -0.032035 2.849905 2.806618 2.358568 -0.052472 0.527009 -0.599027 4.30456 -0.790262 2.371419
37.33549 -27.80264 -1.723473 0.314446 2.396791 1.607733 3.274615 1.366049 4.318579 1.85221 0.135222 1.016054 3.971977 2.612231 1.651802
31.33549 -27.80264 -1.723473 -3.494883 -3.185999 0.049997 4.666771 -3.213917 5.549226 3.022428 -3.894407 -1.449939 7.192381 1.075753 -1.868713
29.33549 -27.80264 -1.723473 -2.037941 -5.215831 -0.885612 -0.417803 -4.401919 1.425683 1.042262 -5.811737 -2.263815 2.220109 -0.319416 -2.118133
27.33549 -27.80264 -1.723473 -0.089529 -4.95032 -1.296134 -2.414217 -2.794842 0.412491 0.177417 -5.634169 -1.659701 0.712365 1.437307 -1.392982
9.335487 -27.80264 -1.723473 1.581957 0.907269 3.154141 3.741082 0.599986 3.654517 2.511934 1.595237 2.091713 5.579007 4.10237 2.081327
3.335487 -27.80264 -1.723473 -3.618301 -0.074958 -0.033294 -5.579574 -2.769299 7.039891 3.592407 -1.172147 -0.675879 7.912266 3.588322 0.184177
1.335487 -27.80264 -1.723473 -3.173677 0.136181 -0.32721 -1.521212 -0.698045 5.314791 2.583612 -5.565873 -2.20747 7.533964 2.748775 -0.209095
-4.664513 -27.80264 -1.723473 -2.70279 -1.715113 -2.692969 -2.83882 0.143503 -0.020246 -1.322384 -2.072352 -0.913415 0.828078 -2.201518 0.544732
-6.664513 -27.80264 -1.723473 -1.719622 -0.749684 -1.243913 -0.584537 -1.113011 -1.138915 -0.786099 0.742741 -1.64393 -0.743013 -2.165488 0.673926
45.33549 -29.80264 -1.723473 0.435878 2.28827 1.081632 0.697076 0.727216 1.802723 0.368698 0.371367 1.680629 4.050526 2.898687 0.311237
37.33549 -29.80264 -1.723473 1.151972 -0.606968 1.239921 -0.286153 1.014866 1.455781 3.342396 0.845908 1.9401 4.933492 4.149791 0.447559
9.335487 -29.80264 -1.723473 2.125709 1.352273 4.585485 2.166596 2.267346 3.987778 -0.443964 4.734706 -0.119373 12.37223 5.279222 3.291445
3.335487 -29.80264 -1.723473 -3.079041 1.914845 -0.064204 -1.731036 -1.619101 5.495634 1.739275 1.790716 -0.339818 4.461338 3.659074 1.987998
1.335487 -29.80264 -1.723473 -1.053602 3.427363 0.649256 2.380961 1.034945 1.635808 2.934767 -1.906583 -0.305185 1.679477 1.366942 1.586467
-0.664513 -29.80264 -1.723473 -0.438474 0.824249 -1.503824 1.354385 2.337303 -2.80647 2.887129 -0.345246 3.388108 1.641759 1.63631 3.179407
-2.664513 -29.80264 -1.723473 -1.46133 0.495744 -1.705647 2.426877 2.429781 -1.273916 0.871323 0.227177 2.03502 3.194303 2.149247 4.714016
-4.664513 -29.80264 -1.723473 -4.579229 0.111292 -1.891929 -0.519804 -0.76133 -0.72571 -1.59176 -0.127695 -1.763257 -0.023907 -0.445387 1.898054
-4.664513 -23.80264 0.276527 0.939881 -3.191206 1.308807 -2.612029 2.081852 -0.530705 1.170322 -1.403349 -0.29508 0.408629 0.014235 -3.168818
45.33549 -25.80264 0.276527 -2.704612 1.013237 0.501174 0.542682 2.525172 2.745802 2.03816 1.504099 0.701196 4.953916 2.961152 2.599638
43.33549 -25.80264 0.276527 -0.86011 2.906057 1.078633 1.058852 2.160056 4.350373 3.527396 1.307935 1.185833 5.870203 1.6123 3.692038
41.33549 -25.80264 0.276527 0.029282 1.901448 1.090963 1.259739 -0.173667 0.88782 3.392329 0.823286 0.030673 4.816784 0.819262 2.712288
35.33549 -25.80264 0.276527 -0.430859 4.509636 0.711901 1.915762 -2.2478 4.04967 -0.047803 0.155952 -1.745159 2.808359 0.310965 0.324417
33.33549 -25.80264 0.276527 -0.151727 1.863632 1.284982 3.114249 -0.369134 2.1013 1.780677 -0.656715 0.905247 2.556533 1.525793 -2.227867
31.33549 -25.80264 0.276527 -0.792973 0.464323 0.201453 5.730305 0.063452 5.272221 1.182866 -2.201915 0.82543 4.413056 0.267441 -1.515635
27.33549 -25.80264 0.276527 -1.656127 -0.435815 -2.632578 1.184869 -2.569199 0.133578 0.005813 -1.244091 -0.017521 3.031311 0.402306 0.427235
-0.664513 -25.80264 0.276527 3.453163 -1.897611 0.162583 -0.064809 1.370965 0.41227 0.213292 -1.001506 0.179631 0.419848 1.450371 1.983558
-2.664513 -25.80264 0.276527 3.714741 -3.210445 0.163134 0.170081 3.729423 2.678865 -0.41975 -1.665075 0.710992 -0.771193 0.625681 -1.464981
-4.664513 -25.80264 0.276527 4.036407 -3.055777 3.006048 -0.786547 5.213585 1.125639 -0.065391 -2.113437 1.220939 -2.153179 2.539718 -3.500138
45.33549 -27.80264 0.276527 -1.418002 0.562887 1.370028 -0.495736 1.380189 0.208606 1.069059 1.218492 1.406634 4.758298 2.88947 1.083463
43.33549 -27.80264 0.276527 -0.075511 2.007606 0.428015 2.384391 0.400795 1.729694 1.78217 1.635645 1.989896 7.701274 2.401687 3.554141
41.33549 -27.80264 0.276527 0.130793 1.90644 -0.0402 3.595335 -2.044347 1.759815 0.379021 1.701461 0.267715 5.964581 0.719408 3.208955
35.33549 -27.80264 0.276527 0.922284 4.413525 1.205609 3.635845 -0.918649 6.636926 3.709551 0.389368 -1.275262 5.504384 2.56215 0.38519
33.33549 -27.80264 0.276527 -0.530999 2.426663 -0.883572 1.954251 -2.294584 2.900907 3.108221 0.651417 0.034203 4.283561 0.910223 -1.657279
31.33549 -27.80264 0.276527 -2.344706 0.138184 -1.051728 1.122407 -2.438982 1.721737 1.873077 -0.439891 -0.873389 3.448245 -1.006617 -1.420281
29.33549 -27.80264 0.276527 -2.430601 -1.677002 -1.226418 -0.444482 -1.258622 1.157122 1.203746 -2.174326 -0.94927 2.096633 -0.459451 -0.412427
27.33549 -27.80264 0.276527 -1.409633 -1.390236 -1.250249 0.015826 0.016253 -0.582929 0.42887 -1.717271 -0.010978 2.054684 1.478013 2.058691
13.33549 -27.80264 0.276527 0.367788 0.337358 0.991371 -1.819605 -1.379412 0.233055 2.353369 -0.32367 0.164382 0.738276 -0.634161 0.357117
11.33549 -27.80264 0.276527 0.890752 0.341093 1.382873 -0.697847 0.929585 -0.965476 2.993367 0.189937 1.087463 4.96429 1.728542 1.441049
9.335487 -27.80264 0.276527 0.92884 0.736869 1.469326 1.781084 1.215644 0.621316 2.260807 3.549196 3.805442 3.513593 1.907016 1.344308
7.335487 -27.80264 0.276527 0.66656 -0.525739 0.291772 -1.110792 1.77778 4.767269 0.492244 -0.324215 2.723587 2.143585 2.236093 -0.138864
1.335487 -27.80264 0.276527 -0.134026 -0.672677 0.867671 -2.889265 0.3241 1.038827 0.41964 -5.296611 0.392002 3.096671 4.558378 0.044637
-0.664513 -27.80264 0.276527 1.246723 -2.856868 -2.1675 -2.231182 1.425954 -0.044208 -0.026691 -2.827541 1.1049 1.035712 4.12172 -0.001923
-2.664513 -27.80264 0.276527 1.078852 -0.859723 0.435854 0.39672 3.419555 2.467452 0.753407 -1.411324 0.957852 1.131462 4.604533 1.450063
37.33549 -29.80264 0.276527 -1.318816 -0.546165 0.29961 1.222383 -0.161662 3.0036 1.972601 2.272841 -0.383418 4.399999 1.362601 0.618838
13.33549 -29.80264 0.276527 2.782156 3.599292 3.132339 1.119407 0.230781 3.762246 1.271191 0.426201 0.335539 4.823605 1.550367 3.013459
11.33549 -29.80264 0.276527 1.71033 4.049696 2.867435 1.018995 0.918298 3.366797 1.521062 2.672216 1.459543 8.189524 2.170797 3.667991
9.335487 -29.80264 0.276527 3.712677 3.02667 3.630911 -0.408197 2.090227 1.993975 0.829871 5.618669 3.918091 6.50466 4.374152 1.681314
7.335487 -29.80264 0.276527 4.53632 3.170341 2.850623 -0.424379 3.718382 5.471474 2.417006 1.413583 4.342582 7.075057 3.471111 -0.870342
3.335487 -29.80264 0.276527 -0.968898 2.077892 0.919702 2.128148 -0.946649 6.698263 -0.875836 -1.504392 -1.359118 3.390159 4.14291 0.440769
1.335487 -29.80264 0.276527 -0.36843 2.644942 2.603608 0.3617 1.474825 3.700975 2.025425 -1.701308 0.235355 -0.016851 2.746693 -0.755699
-4.664513 -29.80264 0.276527 -2.398048 0.312718 0.015476 0.948877 -0.121469 1.719074 -0.221578 -2.476748 0.152846 -1.964188 3.509534 2.603039
1.335487 -31.80264 0.276527 -0.129149 2.542094 1.588879 0.193573 2.791697 0.610002 3.105352 0.677998 1.057468 0.826918 2.145001 0.656446
-0.664513 -31.80264 0.276527 1.418701 0.988669 0.970652 0.194215 2.096155 1.97265 2.837687 2.00136 0.783951 2.267486 2.594523 2.82903
-2.664513 -31.80264 0.276527 -2.279848 0.048231 -0.31888 0.995333 -0.277348 2.075737 1.828048 -0.263415 -1.1374 2.036918 -0.360703 3.219294
-4.664513 -31.80264 0.276527 -4.614466 0.140854 -1.626309 3.604184 -1.232104 1.297406 -0.67649 -1.74084 -0.673413 -1.05331 0.102243 1.913862
-4.664513 -25.80264 2.276527 0.986435 -0.794269 3.644095 -1.809559 2.798888 2.215328 2.68652 0.843326 2.249256 3.726502 2.558137 -0.827411
-6.664513 -25.80264 2.276527 0.991876 0.587855 2.151556 -1.645146 0.705559 0.9381 0.898124 -0.715668 -0.167162 2.401814 -0.720672 -1.348522
43.33549 -27.80264 2.276527 -1.386972 0.440628 0.598691 0.131837 -0.258588 2.841377 2.280757 3.052633 2.543139 6.034932 2.150264 3.18036
41.33549 -27.80264 2.276527 -0.36922 1.26885 0.120151 -0.030113 -1.717968 2.550689 1.39886 2.115724 1.004201 2.870034 0.825722 1.376796
35.33549 -27.80264 2.276527 1.525098 3.666227 0.637743 11.92056 -1.852771 2.16818 2.944409 -0.9277 -2.529296 4.11386 2.824686 0.914549
33.33549 -27.80264 2.276527 0.841465 4.403352 -0.531492 9.657075 -1.855692 1.713506 3.108607 -1.259416 0.094113 1.62443 2.331189 0.1786
31.33549 -27.80264 2.276527 -0.439934 3.191747 -0.515546 4.179096 -1.474679 1.681159 2.727093 -1.241109 1.453923 0.512874 1.172802 -0.363219
15.33549 -27.80264 2.276527 -0.637883 2.758245 1.433798 8.815142 -2.197999 3.171537 -0.018591 2.552979 -1.809942 3.610317 -2.777269 3.200718
13.33549 -27.80264 2.276527 -0.151669 1.364696 -0.3869 2.021942 -1.919942 3.68681 0.779945 2.254487 -1.873048 6.938407 -1.718518 2.684422
11.33549 -27.80264 2.276527 0.169838 -0.703321 -1.255286 1.755366 0.10053 1.897253 -0.319784 -0.954494 -0.427441 4.232611 2.204949 -0.838449
-0.664513 -27.80264 2.276527 0.05719 -2.037359 2.443956 -0.928373 1.177688 0.403148 0.563166 -3.014055 -1.355846 3.048856 1.134342 -0.532508
-2.664513 -27.80264 2.276527 0.22693 -0.187571 2.413956 -0.184838 2.346353 1.363873 0.510515 -0.939728 -1.787546 4.951369 4.056114 0.82542
-4.664513 -27.80264 2.276527 2.047889 -0.256152 2.266973 1.257725 2.588202 1.206025 -0.149717 3.032702 -1.739975 4.437319 4.365613 1.579141
41.33549 -29.80264 2.276527 -1.81831 1.716421 -0.417031 1.196455 -2.521452 1.743798 2.90351 -0.217936 0.026197 4.074411 -0.761297 0.427408
35.33549 -29.80264 2.276527 0.484867 -2.897444 1.58608 3.706531 -0.325913 -0.225648 2.901104 -0.244945 -1.150949 2.252428 3.787287 0.506274
33.33549 -29.80264 2.276527 0.882471 -0.269169 1.169816 6.087738 0.333726 -0.586184 3.248964 -0.417685 0.991356 0.246513 4.343407 0.041572
15.33549 -29.80264 2.276527 0.083989 3.241246 1.237193 8.09617 -0.67093 3.976584 -1.751401 4.285737 -0.808755 6.695502 -2.027611 3.640608
11.33549 -29.80264 2.276527 -0.993856 0.999628 -1.736177 -0.78462 -0.369174 1.708207 0.01244 0.324893 1.013067 4.647268 1.264387 0.178652
9.335487 -29.80264 2.276527 0.765549 3.168266 1.239184 1.252568 0.692488 2.01559 1.780604 4.241262 2.140319 2.351758 0.945957 2.752982
7.335487 -29.80264 2.276527 3.18871 5.004717 1.539651 5.814045 0.172695 6.272687 4.449387 4.689878 2.212613 6.96318 1.396341 2.912219
5.335487 -29.80264 2.276527 3.111061 9.711057 1.594299 9.246953 0.698385 14.01358 1.185539 -0.652424 1.293396 6.715888 4.106386 2.801008
1.335487 -29.80264 2.276527 -1.549573 1.30825 1.864109 -0.315225 1.624027 3.542131 -0.191729 -3.166054 -0.482226 1.18045 1.809398 -0.514791
11.33549 -31.80264 2.276527 -0.335248 1.839471 -1.610834 0.183578 2.417829 4.751436 0.981958 1.238845 1.468267 7.571214 3.229387 4.888115
9.335487 -31.80264 2.276527 3.435888 3.719483 2.622168 -1.379317 3.885786 2.862298 2.635792 3.206324 2.165003 6.770103 1.484702 3.864341
3.335487 -31.80264 2.276527 0.234703 5.646163 2.347379 4.672196 -0.31861 4.668433 2.591222 0.479677 3.510782 5.321796 4.191457 4.324278
1.335487 -31.80264 2.276527 -2.198144 0.726651 1.767793 2.01115 1.251575 0.183821 -0.065577 0.794939 -0.787001 4.448048 0.977918 1.454105
-0.664513 -31.80264 2.276527 -0.759114 -0.011703 2.188753 1.975184 0.719061 0.873989 -1.618154 1.504835 -3.287202 4.793393 -2.661908 3.361347
-2.664513 -31.80264 2.276527 0.05189 1.801839 0.402965 -0.879895 0.612947 0.567197 0.257725 -0.747158 -2.549966 1.151388 -1.417555 1.306892
-4.664513 -31.80264 2.276527 -2.323927 2.289455 0.059746 -1.973399 -0.685264 1.201285 -1.472543 -1.735244 -1.876365 0.858043 -0.658199 0.270998
1.335487 -33.80264 2.276527 -0.94471 -0.729954 1.4493 0.314843 0.464368 -1.773672 1.655707 1.126496 1.144697 4.137729 1.244447 1.350586
-0.664513 -33.80264 2.276527 1.944119 -0.219986 2.444325 3.481517 -0.198722 -0.50327 0.402098 -2.210284 -2.518015 1.119355 -1.389333 1.085952
-2.664513 -33.80264 2.276527 -0.887459 2.706044 -0.610998 2.142692 -2.425218 1.638352 0.88594 -4.116544 -2.429922 -2.466655 -2.48725 1.580283
-4.664513 -33.80264 2.276527 0.088952 2.995386 -0.337594 0.893234 0.336595 2.8277 1.206627 -2.488511 -0.227063 1.899181 0.206284 0.1772
-6.664513 -33.80264 2.276527 -0.432255 3.230607 0.601377 2.672805 1.525662 2.18234 1.553463 -2.738952 0.249377 0.974035 1.253425 -1.797521
-6.664513 -25.80264 4.276527 -0.113456 2.037147 1.547086 -1.795379 1.407879 1.337757 2.259347 1.207453 0.289471 4.649174 0.260425 2.343109
47.33549 -27.80264 4.276527 -0.169966 0.206072 0.867968 5.196222 -2.332477 2.553552 4.161325 -3.27785 1.209812 4.916385 3.909809 -1.813191
41.33549 -27.80264 4.276527 -0.633049 -0.066746 -0.234465 1.24036 -0.35673 2.303967 1.193135 1.216199 0.960312 2.117749 1.180922 -0.39078
-2.664513 -27.80264 4.276527 0.458926 -0.058768 3.733275 0.224076 1.934414 1.522871 0.216484 -0.558207 -1.615428 2.676321 1.577975 2.590377
-4.664513 -27.80264 4.276527 1.421364 2.279685 1.935326 1.300936 2.016323 4.036388 0.003269 3.943954 -2.153575 5.823797 2.450351 4.453548
41.33549 -29.80264 4.276527 -3.354574 -1.024374 -1.491614 -0.399024 -1.075335 1.379013 2.670575 -0.352602 0.66066 1.824432 0.899012 -2.943043
39.33549 -29.80264 4.276527 -1.026074 -0.114967 -0.492968 -1.043731 0.32606 1.127078 0.791811 -0.834956 0.252703 1.347738 -0.504363 -1.699125
15.33549 -29.80264 4.276527 -1.38219 0.773285 1.199471 2.792669 -0.282549 1.387127 0.776808 0.642423 -0.441362 5.081151 -1.682582 -0.582788
13.33549 -29.80264 4.276527 -1.772706 -1.742165 0.357036 1.329914 -2.033694 0.075921 0.404261 1.008039 0.775377 3.796375 2.316622 -1.171223
11.33549 -29.80264 4.276527 -1.745424 0.239444 1.604018 1.272048 0.650281 0.055799 -1.602832 1.15194 1.446208 3.605119 3.684351 0.337653
7.335487 -29.80264 4.276527 -1.361267 -0.845628 -0.46325 3.798239 2.436286 2.752799 1.898067 2.08033 -0.950767 7.093532 3.120149 4.193214
5.335487 -29.80264 4.276527 -2.933547 -0.767408 -1.894372 2.031702 0.422512 4.100492 -0.570948 0.97788 -1.079679 5.901966 0.124425 2.711135
1.335487 -29.80264 4.276527 -4.891282 1.099676 0.04445 0.813136 0.777819 1.027168 -0.728093 -3.258435 -1.498098 2.504267 0.175432 0.077725
-0.664513 -29.80264 4.276527 -2.576549 0.831493 3.475553 1.252576 -0.118886 0.773823 -0.892238 1.509663 -1.266065 5.738708 1.79541 1.808514
-2.664513 -29.80264 4.276527 -0.752989 1.641686 3.519634 -0.190029 1.529746 1.006406 -1.910132 1.86668 -2.322236 3.620727 1.472361 3.141799
7.335487 -31.80264 4.276527 0.832001 2.295735 4.804103 4.088356 4.85605 0.395221 5.740263 1.885034 2.429218 7.41596 0.883038 4.854939
3.335487 -31.80264 4.276527 -1.622353 3.10119 0.546245 7.814248 0.07617 4.248001 -0.057911 -1.586093 -2.895705 6.487569 1.474071 3.930938
1.335487 -31.80264 4.276527 -4.398993 0.790758 0.28272 5.248065 -0.186326 0.980441 -1.548531 1.505555 -2.039108 6.650405 0.257526 1.708099
3.335487 -33.80264 4.276527 -1.255434 0.5324 -1.057562 3.989537 -0.733015 0.16659 1.822786 2.768853 -0.069667 3.445029 1.55875 3.542744
1.335487 -33.80264 4.276527 -2.717154 -1.939494 0.268726 3.846563 -0.010152 -3.366502 0.498388 3.31216 -0.061361 3.689156 0.515746 -0.162301
-0.664513 -33.80264 4.276527 0.589872 -3.022482 -0.051629 4.038567 0.854988 -3.761002 -2.13268 0.058977 -3.070248 -0.042508 -0.524386 1.48577
1.335487 -35.80264 4.276527 -4.41279 -3.062634 0.1395 3.688443 0.759786 -1.790755 0.330803 2.323607 -1.312606 3.354896 -0.540818 0.182573
-0.664513 -35.80264 4.276527 -0.353072 -2.463848 0.618298 4.273259 1.314597 -2.284208 -1.310403 1.525257 -2.451145 0.270309 -1.495775 0.09625
-2.664513 -35.80264 4.276527 2.74708 0.074101 1.115481 3.998906 1.851815 0.671793 -1.135109 -1.452543 -0.811628 -1.256042 -0.084765 0.119302
-4.664513 -35.80264 4.276527 0.920968 0.532361 -0.310293 2.627354 1.22545 2.105112 -0.952088 -0.393241 -1.622351 0.099791 0.949519 -0.597526
-0.664513 -37.80264 4.276527 -1.678503 -0.654771 1.486019 2.729897 1.814579 -0.551139 0.964305 0.308137 -1.294298 0.686215 1.039345 1.395314
-2.664513 -37.80264 4.276527 3.977352 0.095879 3.554764 2.180102 3.35316 0.830481 2.135324 -0.835134 0.631359 -1.072185 2.97468 1.454157
-4.664513 -37.80264 4.276527 2.36679 0.934341 1.534078 2.515087 0.945487 2.778724 -0.669387 1.343669 -0.929272 2.182339 2.150714 2.775937
-6.664513 -25.80264 6.276527 -0.597293 3.16205 -0.654961 1.897088 0.546006 0.577005 0.17259 0.622565 0.844004 2.748722 -0.472058 2.012954
-4.664513 -27.80264 6.276527 0.71907 3.884908 1.176814 1.795573 2.350348 4.896188 0.945396 3.386946 -0.064036 6.786516 1.905345 4.19665
-6.664513 -27.80264 6.276527 -0.140516 5.88563 1.102503 4.213353 1.763821 4.302778 0.519435 1.014438 0.136589 6.833967 2.536953 1.438623
-8.664513 -27.80264 6.276527 -2.456359 1.606618 -2.613131 3.259086 -1.188673 -0.417129 -1.381832 1.400272 -0.904991 5.478654 -0.14723 1.525709
39.33549 -29.80264 6.276527 -3.395384 -1.184042 -1.009254 0.548651 -0.607058 -0.128952 -0.608006 2.609855 -0.828262 0.82637 -0.862963 -1.917853
17.33549 -29.80264 6.276527 0.037527 -0.913684 1.827404 0.446168 1.501627 -2.051275 -0.306794 -2.305557 -1.787315 3.05572 1.409204 -1.115504
15.33549 -29.80264 6.276527 -1.90609 -0.36515 1.010131 1.695275 -0.4504 1.29271 1.0881 -1.18488 -0.946899 3.885048 2.047617 -0.517922
7.335487 -29.80264 6.276527 -2.691173 1.675741 0.676566 2.945257 1.610294 4.026355 1.782248 1.636654 -0.894543 4.612851 2.675366 2.646603
5.335487 -29.80264 6.276527 0.177051 2.52783 -0.878594 2.047877 2.788682 3.569478 0.67569 1.810331 -1.041664 3.660455 0.076127 3.231039
1.335487 -29.80264 6.276527 -2.941466 3.164339 -1.028805 -0.9932 0.415371 0.630154 -0.656548 -1.761536 -0.837781 4.605771 1.44864 2.001948
-0.664513 -29.80264 6.276527 -1.524954 2.343331 -1.449214 1.095818 -0.090449 -0.370295 -1.644489 2.460108 -0.641027 5.360571 1.416384 1.911347
-2.664513 -29.80264 6.276527 -1.389785 2.862825 -1.642203 2.075501 0.853925 2.798257 -1.18376 2.283892 -0.279163 4.228671 2.301039 3.095938
-4.664513 -29.80264 6.276527 -1.711719 7.703794 1.053518 4.188786 2.515058 6.098989 1.94895 1.482371 -0.142255 7.972384 4.785347 2.666173
-6.664513 -29.80264 6.276527 -2.137941 6.148992 1.563025 5.877892 2.269566 5.532868 1.59587 1.21655 2.054918 9.058035 5.372517 1.570284
-8.664513 -29.80264 6.276527 -2.231909 -0.684558 -1.53996 3.364624 0.184299 -0.389828 0.445771 2.790328 0.858803 4.428476 0.740901 0.101465
15.33549 -31.80264 6.276527 0.431236 2.423217 3.667425 1.524665 1.12779 3.414559 1.535235 1.568095 -1.280671 2.913101 0.779897 2.925011
1.335487 -31.80264 6.276527 0.236295 4.013106 -0.825284 2.734334 0.418676 2.714713 -3.364217 -0.389439 0.607708 6.364587 0.67872 1.137337
-0.664513 -31.80264 6.276527 -0.763872 2.046759 -4.366755 3.363463 0.277569 1.085001 -3.658993 1.49653 0.111661 4.956221 1.427778 2.856929
-2.664513 -31.80264 6.276527 0.004177 2.165051 -2.798363 3.127715 1.825727 2.457774 -0.70793 1.222509 1.311889 5.852938 3.130856 3.90093
-4.664513 -31.80264 6.276527 -2.511817 5.694683 0.15521 3.329002 1.845536 4.040647 0.985546 2.176403 0.88938 9.981927 4.955109 3.019921
-6.664513 -31.80264 6.276527 -3.794872 5.035814 0.642293 3.909746 2.224915 3.482889 0.128454 3.012245 -0.318811 8.54828 3.25865 1.836029
-8.664513 -31.80264 6.276527 -3.031249 0.425529 -1.292283 1.973584 2.264235 0.12228 0.307305 3.528673 0.919129 1.450506 -0.511364 -1.008013
3.335487 -33.80264 6.276527 -1.32916 4.384158 -5.574668 6.523883 -0.693875 7.833791 -2.453133 -1.700527 -1.020382 5.585008 3.600962 0.157037
1.335487 -33.80264 6.276527 0.676484 1.922865 -0.05794 6.4784 1.264589 1.042391 -0.972394 -1.091732 1.815614 3.434639 1.588281 -2.151187
-0.664513 -33.80264 6.276527 1.055291 -0.598446 -1.221071 4.494379 1.675623 -1.442944 -1.579535 -0.96782 1.748695 3.838103 1.33671 0.062125
-2.664513 -33.80264 6.276527 1.147034 -1.240742 0.05689 1.753173 3.198801 -0.669036 -1.734036 -0.831387 1.812532 6.423725 4.251941 1.512109
-4.664513 -33.80264 6.276527 -2.021049 -0.312309 0.313351 1.403311 2.593747 0.407589 -1.273406 1.159555 -0.008387 6.861508 5.51409 0.471225
3.335487 -35.80264 6.276527 -0.393102 -2.168545 -1.761894 2.861055 -0.090446 3.940462 -2.491241 -4.674563 -0.808762 0.9164 2.398758 -1.782614
1.335487 -35.80264 6.276527 -0.916249 -1.116405 0.39933 6.433357 1.626781 1.504584 -1.885838 -0.295734 0.195806 3.778758 1.223026 -1.093691
1.335487 -37.80264 6.276527 -0.321747 -0.801835 -1.121388 4.452859 0.794628 2.92881 -1.201002 1.499228 0.082718 2.188028 0.889528 -0.550999
-0.664513 -37.80264 6.276527 -2.241264 -0.283145 -0.850661 3.336463 -0.102459 -0.432476 1.10106 0.710594 0.774846 0.051937 1.060595 -0.704856
-2.664513 -37.80264 6.276527 0.229055 -0.649532 0.074222 1.655462 0.884224 -0.042738 1.515455 -1.332913 0.014785 -2.17751 0.74535 -1.345772
-4.664513 -37.80264 6.276527 0.436546 0.188839 -0.22121 3.096883 -0.386564 2.077919 -1.196925 -1.315752 -1.422225 -0.867583 0.278453 -1.097471
1.335487 -39.80264 6.276527 -1.051955 -3.372779 0.58798 0.050161 -1.213371 -0.280879 -0.3215 -1.957091 0.311647 0.980514 0.386792 -1.822644
-0.664513 -39.80264 6.276527 -1.481515 -3.246879 -1.135228 -0.248892 -0.938427 -1.315264 0.922317 -2.419089 -0.846719 -2.190199 0.089389 -1.29726
-2.664513 -39.80264 6.276527 -0.219406 -2.331576 -1.06926 1.026659 1.221889 -2.352885 0.195402 -2.224573 0.574586 -2.770528 1.350008 -0.943759
-2.664513 -41.80264 6.276527 -0.831043 -2.048439 -1.079814 0.919301 1.571912 -1.366003 -4.195515 -2.966313 -0.981008 -3.137604 -0.586802 -0.601524
47.33549 -29.80264 8.276527 -1.20837 -1.819713 -1.28815 0.355471 0.387586 0.459123 1.564448 -0.293353 -2.192279 0.586107 0.56004 -0.403194
11.33549 -29.80264 8.276527 2.215815 -1.392585 2.7951 -2.68637 1.667357 1.719194 0.627365 -0.480205 2.226348 3.334214 5.682801 0.843275
9.335487 -29.80264 8.276527 1.300671 1.295057 -1.280506 0.163391 0.698916 4.317192 -0.526179 1.025957 0.911977 6.906693 5.187904 3.172667
7.335487 -29.80264 8.276527 -0.611654 2.150234 -1.054718 1.865472 -0.588832 3.869702 1.193993 3.760072 -0.889417 6.233518 1.996847 5.41428
43.33549 -31.80264 8.276527 -1.843296 -3.319826 -1.724877 2.219942 -1.038876 1.280878 -0.896904 1.396475 -0.941268 0.113094 -1.299585 -1.385038
17.33549 -31.80264 8.276527 0.117274 -0.312362 0.436247 0.863927 0.608969 3.580498 0.263169 -0.730352 1.035578 2.079781 -0.839088 1.610457
15.33549 -31.80264 8.276527 1.455518 0.755263 2.111815 2.041356 0.580277 4.014992 1.528108 1.023013 1.349671 2.056622 1.680912 2.262865
9.335487 -31.80264 8.276527 -1.026793 -0.212418 -2.300738 1.841627 0.032701 2.383102 0.832428 -1.624778 0.013627 2.208864 -0.618686 2.692111
1.335487 -31.80264 8.276527 -0.077616 2.126379 -3.240721 -0.991807 -2.402448 1.328251 -3.823668 -1.251966 0.490882 3.57118 1.127982 -0.580997
-8.664513 -31.80264 8.276527 -1.090114 0.131217 0.146959 0.895513 1.595943 -1.043305 0.513315 2.290822 -0.248947 3.170839 -0.157941 -1.737557
15.33549 -33.80264 8.276527 2.149396 0.734589 3.89677 3.212293 1.559295 3.608458 0.153976 -0.06857 -2.425651 3.799357 4.571002 2.25114
13.33549 -33.80264 8.276527 3.432394 2.123102 4.177194 4.099796 1.447639 3.091377 0.536905 0.431015 -1.440995 4.465638 1.690854 0.137592
11.33549 -33.80264 8.276527 4.998919 0.465903 2.343837 1.867374 0.424602 0.314827 0.668589 -2.632547 -1.337176 -0.718487 -5.008244 -2.036408
1.335487 -33.80264 8.276527 -0.559298 0.7191 -1.468934 3.036607 -0.826926 2.090859 -1.081908 -6.064865 1.399179 3.607475 0.299215 -1.238032
-0.664513 -33.80264 8.276527 1.008515 -0.087036 -1.241557 1.512583 0.964419 -1.317375 -1.140558 -5.666814 2.999472 3.376407 0.778402 0.028295
-4.664513 -33.80264 8.276527 -2.883151 -0.904414 0.473216 -1.011378 1.253997 -2.065899 0.436835 -2.497056 1.4013 5.185845 3.91922 -2.074921
-6.664513 -33.80264 8.276527 -4.625487 0.716419 -1.058449 2.99326 -1.271761 -1.114924 -0.196153 -1.530855 -1.65219 2.011353 0.186029 -2.311449
-8.664513 -33.80264 8.276527 -3.353858 -0.583105 -0.693515 2.641547 -1.004485 0.773099 -0.024418 0.836139 -3.545144 2.489544 -1.20106 -1.491368
3.335487 -35.80264 8.276527 -3.368164 -4.22534 -2.745595 -1.628031 -1.957994 0.539513 -4.1241 -5.003069 -0.252254 2.09685 -0.241025 0.150327
1.335487 -35.80264 8.276527 -0.94512 -0.709974 -0.910713 1.687647 1.165021 1.650596 -1.575645 -6.722772 0.856246 3.511465 2.093102 0.651123
-0.664513 -35.80264 8.276527 -0.073425 -0.459023 0.298226 1.61279 1.947671 -2.857564 -1.386451 -5.539458 2.757258 2.949669 4.005353 -0.276116
-2.664513 -35.80264 8.276527 -0.536153 -2.953602 -0.26815 -1.399884 1.843285 -2.683294 -0.631427 -4.596675 2.200362 3.434645 3.756697 -1.097872
-4.664513 -35.80264 8.276527 -1.905793 -1.739914 -1.571357 -1.026955 0.785103 -3.017099 0.092179 -2.96064 1.716572 2.078813 2.07484 -2.823207
3.335487 -37.80264 8.276527 -4.450269 -3.876623 -4.184186 -3.484104 -0.191331 -0.356462 -4.262016 -3.7616 -2.228635 0.774145 -3.24635 -1.262607
1.335487 -37.80264 8.276527 -1.762604 -2.793006 -2.983958 -0.106805 1.503554 2.303368 -1.035963 -2.84555 0.63807 0.710405 0.054847 -0.835768
3.335487 -39.80264 8.276527 -2.447478 -3.615281 -2.001392 1.658882 -1.281443 2.188997 -3.058631 -3.148585 -2.234811 2.045362 -2.153732 -2.26141
1.335487 -39.80264 8.276527 -2.611145 -6.719763 -1.041214 1.112884 -1.941346 1.128773 -0.504266 -2.373716 -0.865539 -1.151099 -0.483049 -4.596552
-0.664513 -39.80264 8.276527 -1.506658 -6.715873 -1.016701 0.583704 0.005865 -0.17279 -0.077814 -3.007287 -0.869595 -2.741551 0.32623 -3.087061
-2.664513 -39.80264 8.276527 -2.774632 -4.822965 -1.535411 0.100991 0.348448 -0.456274 -0.317941 -1.9138 -0.693153 -0.303272 0.18434 -1.217602
-4.664513 -39.80264 8.276527 -1.825341 -1.917771 -0.793739 0.103233 -0.766888 0.499933 -1.220322 -0.83518 0.753879 0.880761 -1.254325 -0.147911
-6.664513 -39.80264 8.276527 -0.92438 4.102696 -0.954894 -0.723031 -0.759406 1.264839 -1.496898 0.559136 3.301195 0.861215 -0.415887 2.241188
1.335487 -41.80264 8.276527 -4.080394 -7.489128 2.631685 -0.235575 0.337889 -0.766082 -1.034218 -4.488563 -2.143138 0.161465 -2.073688 -2.679879
-0.664513 -41.80264 8.276527 -4.231873 -5.775547 0.377508 -0.753387 1.784117 0.108426 -1.287716 -4.46048 -3.845734 -0.768724 -1.899634 -3.175036
-2.664513 -41.80264 8.276527 -4.747783 -3.681417 -1.347944 2.027856 0.747184 1.134182 -2.687213 -2.725535 -2.351188 0.422928 0.305824 -1.820504
-4.664513 -41.80264 8.276527 -1.479424 1.443229 -2.141728 2.955772 -1.739906 3.446259 -0.842678 -0.762027 1.65604 -0.586459 0.026978 0.09041
-6.664513 -41.80264 8.276527 -1.265045 6.183743 -2.775134 3.379383 -2.397934 4.231592 -1.511381 0.310888 4.328522 0.11491 0.503352 3.219135
-2.664513 -43.80264 8.276527 -3.859689 -1.58689 -1.078215 1.480318 -0.247233 0.791065 -2.84918 -1.541116 -1.242333 -1.643482 0.417115 -1.463997
47.33549 -29.80264 10.27653 -1.74287 -2.157028 -1.15333 -1.482436 -0.658263 1.29221 0.847096 -0.30509 -1.749687 -1.234553 -0.824577 -1.543516
11.33549 -29.80264 10.27653 0.655481 1.732771 2.428937 -1.186031 1.923671 2.16813 0.392299 3.593729 3.051936 2.42664 3.62483 0.807191
9.335487 -29.80264 10.27653 0.931652 -0.781854 0.53346 -3.68323 1.579124 2.677817 -0.54404 3.807042 0.575854 4.579961 2.169672 3.211394
47.33549 -31.80264 10.27653 0.244375 -2.33052 -1.178656 -1.580063 0.538923 1.691179 1.118968 -0.995342 -1.182045 -0.435165 -0.373645 -2.22514
45.33549 -31.80264 10.27653 0.613279 -3.18559 -1.307123 0.298596 0.351274 0.905483 -0.440905 2.201692 -1.002803 -0.266497 -0.245408 -1.217978
43.33549 -31.80264 10.27653 -0.418285 -2.409262 -1.192033 3.326237 0.283626 2.135223 -0.410355 1.674793 -0.202447 0.984976 0.136273 -0.996962
41.33549 -31.80264 10.27653 -2.453828 -2.388604 -1.415954 3.109243 -0.744258 1.845148 0.799044 2.81488 -0.445844 0.958822 -1.032206 -1.092826
39.33549 -31.80264 10.27653 -1.140341 -1.827089 -0.096958 3.761672 -1.042993 0.322755 -0.677928 1.237004 -0.729753 -0.262123 -0.921864 -0.235222
25.33549 -31.80264 10.27653 -4.219118 -3.572232 -2.492904 0.808773 -1.236223 -0.792525 -1.828221 -0.552013 -0.254796 -1.819533 -2.598659 0.357584
11.33549 -31.80264 10.27653 -0.171357 0.991382 2.213933 1.534119 -0.806824 -2.467012 2.270178 1.150246 0.891144 -3.505996 -0.557479 -2.167234
9.335487 -31.80264 10.27653 -2.569207 0.264022 -0.790121 0.397804 0.196634 1.294992 0.583173 0.596175 -0.257235 -1.968167 -1.172569 1.543991
13.33549 -33.80264 10.27653 1.775522 0.661273 -0.885791 1.671013 0.1759 -0.975217 0.369066 1.033865 -0.232365 0.966585 0.601517 -2.127216
11.33549 -33.80264 10.27653 1.306988 0.94908 -0.856053 0.883591 -2.258346 -1.975927 1.796456 0.583991 -2.250884 -0.609932 -5.753507 -3.550436
-8.664513 -33.80264 10.27653 -1.060793 0.795931 2.403681 1.227579 -0.899038 -0.476375 0.73551 -0.744189 -3.684232 5.062248 -0.469578 -0.817595
3.335487 -35.80264 10.27653 -2.194367 -2.335535 -2.800635 -1.523799 -2.291353 -0.144361 -0.972257 -1.284606 -0.551385 2.804714 0.708044 0.801136
1.335487 -35.80264 10.27653 -1.224424 -1.702168 -2.330414 -1.140964 -1.041615 -0.623972 0.145022 -6.066498 0.234787 1.523566 1.521934 -0.148128
-0.664513 -35.80264 10.27653 -1.026237 -1.158609 -0.261818 -0.39334 -0.011157 -3.147466 -0.676 -3.601148 0.648713 -0.111 2.349461 -2.552032
-2.664513 -35.80264 10.27653 -2.872051 -0.411134 -0.585873 -0.234821 0.426514 -2.313112 -0.566765 -2.723201 0.028736 2.416998 3.126768 -3.640503
-4.664513 -35.80264 10.27653 -3.837918 0.669442 0.129955 1.388883 0.956109 -0.377986 0.822447 -1.697618 1.399582 6.090775 2.444464 -2.481544
-6.664513 -35.80264 10.27653 -1.402547 1.283879 3.094456 1.494618 0.274293 -1.67623 1.231885 -0.375944 -0.796621 7.32586 1.025018 -2.562641
-8.664513 -35.80264 10.27653 2.827626 -0.012404 3.099628 -3.156521 -0.496899 -5.163517 2.216125 -1.348155 -4.769307 6.771194 0.539113 -3.075706
3.335487 -37.80264 10.27653 -4.362538 -2.774457 -2.51241 -2.523726 -4.559168 -1.44662 -4.252307 -3.75746 0.075172 3.522134 -4.345079 -0.510987
1.335487 -37.80264 10.27653 -4.667919 -3.800477 -4.260591 1.066568 -1.44373 0.247459 -2.722676 -5.581634 0.507781 3.227325 -3.260405 -0.657376
-2.664513 -37.80264 10.27653 -6.044936 1.15074 -2.501485 3.474785 -1.669832 1.483176 -3.516283 -0.562234 -1.004054 6.90022 -0.272083 -0.972069
-4.664513 -37.80264 10.27653 -4.345056 0.074538 0.274374 2.503862 -0.290619 1.841782 -2.16977 1.387981 0.675965 7.020255 -1.839183 0.836733
3.335487 -39.80264 10.27653 -4.401502 -4.660786 -2.735214 -0.785223 -5.226522 -1.279615 -3.291019 -4.315565 -0.9858 4.838788 -4.120982 -0.736244
1.335487 -39.80264 10.27653 -6.449455 -6.633102 -2.881492 4.224991 -4.630132 0.082829 -1.500924 -3.721323 -0.239911 1.651023 -2.636333 -1.587361
3.335487 -41.80264 10.27653 -2.66433 -3.285521 -3.574521 1.894786 -1.075961 -0.135784 -2.004749 -3.037711 -2.107166 4.392708 0.223914 0.250375
1.335487 -41.80264 10.27653 -4.737025 -4.231364 -1.010375 3.598045 -2.502509 -0.018869 0.48382 -1.889634 -0.402371 2.592441 1.412454 0.058673
3.335487 -43.80264 10.27653 -1.319831 1.381347 -4.113358 1.620235 2.236706 1.731692 -2.415718 -3.39143 -1.417859 2.346239 3.48874 -0.510748
1.335487 -43.80264 10.27653 -2.361214 -0.660473 -1.6236 1.45463 1.036168 0.041281 0.230328 -1.485732 0.084147 0.948104 2.729767 0.453372
-0.664513 -43.80264 10.27653 -2.368762 -1.071099 0.411315 -0.011358 0.220478 0.401373 2.933995 -0.781744 0.339788 1.153485 1.89289 0.143069
11.33549 -29.80264 12.27653 -0.392672 3.625159 1.040702 1.684863 2.624403 2.128573 0.605549 2.532562 2.484917 1.967317 1.876407 1.283027
9.335487 -29.80264 12.27653 -0.025906 0.861446 1.669621 -2.163327 1.985296 2.695387 -1.877032 3.517488 0.860586 2.017006 1.014859 2.411282
47.33549 -31.80264 12.27653 -1.076391 -2.215297 -1.439088 -0.195846 0.821368 0.507294 0.738147 -1.623563 -0.843268 -0.760806 -1.001468 -1.444918
45.33549 -31.80264 12.27653 0.190894 -2.437441 -1.135079 -0.940964 0.553833 -0.185144 -0.105093 0.051112 0.534034 -1.921903 0.374027 -2.096325
43.33549 -31.80264 12.27653 2.091478 -2.057111 -0.39274 3.3078 0.759423 1.810738 1.276197 -0.202564 0.96874 -1.167058 1.220071 -1.448017
41.33549 -31.80264 12.27653 0.302523 -1.957892 -0.863104 2.643258 0.58744 1.621472 2.2438 0.279659 0.768854 0.460334 1.501488 0.005948
35.33549 -31.80264 12.27653 -0.159791 1.109525 0.520943 3.880703 0.095789 2.852579 3.815087 2.393911 -0.278617 3.454863 1.269196 0.882567
9.335487 -31.80264 12.27653 -1.790315 3.618938 3.111476 3.013269 -1.280506 2.518004 0.684638 0.573744 1.499073 -0.771061 1.587733 1.959419
45.33549 -33.80264 12.27653 -1.994501 -1.406926 -2.421293 -0.602957 -0.626739 0.192516 0.042873 -2.168671 -0.476906 -1.027203 -0.581116 -2.137308
37.33549 -33.80264 12.27653 -0.783508 -0.058136 -0.904229 4.445523 0.119129 0.357992 2.413266 0.934086 -0.339463 1.250457 2.642789 0.474422
25.33549 -33.80264 12.27653 -1.602502 -1.671139 0.627009 0.596087 1.080558 -1.783695 0.600316 0.340589 0.741218 -2.544621 -1.69725 -0.473066
27.33549 -35.80264 12.27653 -1.281757 -1.15912 -2.207608 0.233484 1.048633 -0.765514 -1.439765 -3.22708 -0.385689 -3.508788 0.039295 -0.543152
9.335487 -35.80264 12.27653 1.281431 3.018022 -0.575076 0.220429 0.836803 2.781057 2.381942 0.890694 -3.60462 4.839278 -2.378207 3.818217
-8.664513 -35.80264 12.27653 -2.360979 3.030507 4.160482 0.863745 -2.066796 1.954129 1.687348 -2.631345 -1.778512 9.975442 1.053428 2.352218
3.335487 -37.80264 12.27653 -5.212405 2.121434 -2.522782 -2.359391 -3.952065 -0.825807 0.000156 -3.098752 3.410523 8.276461 2.178382 -3.099368
1.335487 -37.80264 12.27653 -4.582361 4.857569 0.910242 2.415783 0.821801 1.765193 1.22471 -2.870698 4.990232 13.52655 3.691203 -3.243108
-0.664513 -37.80264 12.27653 -4.215117 6.94766 1.426164 6.345907 3.465427 2.985115 2.971174 -1.395447 4.054437 12.95035 6.577058 -4.293231
-2.664513 -37.80264 12.27653 -2.894265 7.165149 1.159622 6.059961 2.886903 4.018476 1.61222 0.621242 2.129938 14.15304 5.310999 -4.15543
3.335487 -39.80264 12.27653 -6.617632 -2.050806 -2.37381 -2.374441 -5.171978 -4.426802 -4.070913 -7.300787 0.094727 8.299829 -1.157342 -1.399783
1.335487 -39.80264 12.27653 -3.478737 1.566946 0.931492 3.853479 -0.268068 0.437491 -1.752693 -3.171603 1.610119 8.931259 2.538485 -1.726451
-0.664513 -39.80264 12.27653 -1.302709 6.305596 1.124112 7.948322 1.363563 4.516034 -0.213932 0.541408 1.408917 7.948961 1.959838 -1.118671
3.335487 -41.80264 12.27653 -4.299839 -4.390432 -3.105821 -2.670009 -2.75182 -6.105341 -5.438936 -5.209127 -2.271734 7.794236 -2.4909 2.84716
1.335487 -41.80264 12.27653 -1.207651 0.203957 1.438597 3.724676 1.038398 -0.984743 -0.574477 -0.199238 0.768414 6.103513 2.481005 1.466994
3.335487 -43.80264 12.27653 -1.686483 -2.179689 -3.079561 -2.579133 -0.593089 -3.928117 -5.935575 -1.764419 -2.089402 5.654701 -1.396609 4.001327
1.335487 -43.80264 12.27653 -0.491655 0.136944 0.822139 2.329956 1.750423 -0.137314 -0.171584 1.643649 1.334882 3.324563 1.08354 1.832306
11.33549 -27.80264 14.27653 -0.77609 1.061545 0.502081 -0.649744 0.410461 -0.252595 0.216702 -0.408667 -1.190405 0.667609 0.046005 0.849194
17.33549 -29.80264 14.27653 2.984186 3.88787 3.051101 0.946357 0.81154 1.159478 -1.532768 2.946875 -2.469289 2.789573 -1.506405 -1.931177
11.33549 -29.80264 14.27653 0.34658 2.468315 0.946881 -3.181812 0.385225 1.900844 0.247313 0.172044 1.668936 4.350311 2.069185 3.574202
43.33549 -31.80264 14.27653 2.80231 -1.888266 0.960862 0.003133 0.447645 0.962419 1.063347 1.353495 -1.138191 -0.570653 0.824329 -2.976813
41.33549 -31.80264 14.27653 0.910798 -1.249304 -0.584772 1.424086 -0.420159 1.793645 2.189148 0.303482 -0.545847 0.159212 1.389042 -1.462261
15.33549 -31.80264 14.27653 1.148346 5.069982 3.557717 1.628883 -0.611655 0.867743 -1.669859 3.791212 0.707601 7.618392 1.821227 1.41613
13.33549 -31.80264 14.27653 -0.198903 4.90722 2.464307 2.013449 -1.499945 0.235889 -0.113078 2.27483 2.381599 7.317976 3.261083 2.30189
11.33549 -31.80264 14.27653 -0.408657 5.898343 3.030096 -1.230681 0.024181 3.960932 0.62836 2.736375 5.043368 5.368569 5.540222 6.627109
9.335487 -31.80264 14.27653 -0.749015 5.373267 4.224207 -1.232489 -0.049337 2.655946 0.157166 1.601463 3.667462 3.063555 5.011681 5.496094
7.335487 -31.80264 14.27653 -1.357269 2.511277 2.083826 -0.122712 1.1924 -0.420146 -0.869248 -1.16076 1.983299 -0.224967 1.831257 -0.387162
43.33549 -33.80264 14.27653 -0.098167 -0.70484 0.766394 0.034901 -0.133747 1.863491 2.263658 1.225453 -0.68377 -1.230242 0.10173 -2.109745
1.335487 -41.80264 14.27653 1.190527 2.712121 4.642744 4.621807 3.748522 2.534283 2.422875 -1.446746 3.192457 9.788469 4.088004 0.945609
39.33549 -31.80264 16.27653 -0.977031 -0.661077 0.840616 0.280132 -0.316037 0.695789 2.857236 -1.199181 -0.91557 0.404648 0.779089 -2.310706
37.33549 -31.80264 16.27653 -1.118176 -0.545482 1.125308 0.680779 0.165091 0.559 3.664949 -0.853591 -0.836614 -1.606404 0.782209 -1.896956
27.33549 -31.80264 16.27653 -3.607111 0.949444 -0.507983 4.681397 -1.434804 -1.693326 1.372296 1.051605 0.646357 2.941318 1.585417 1.407478
25.33549 -31.80264 16.27653 -2.239327 0.84463 0.49349 1.985065 -1.920353 -1.517199 0.541775 -0.273864 0.972082 -0.38359 -1.150784 0.915522
15.33549 -31.80264 16.27653 1.499086 3.276114 3.051611 2.962475 1.803331 0.344825 1.342495 3.951821 0.935931 7.876812 1.513806 2.989769
13.33549 -31.80264 16.27653 0.991926 6.974687 2.209131 5.109673 -0.206931 3.666435 2.36368 6.72763 3.765002 12.82084 4.030254 5.126571
9.335487 -31.80264 16.27653 2.028849 6.63514 3.33113 0.358046 2.686478 3.067439 1.39644 1.338991 5.926378 6.608452 6.244821 5.133651
43.33549 -33.80264 16.27653 0.724857 -2.763471 -0.531496 0.432411 -0.198669 -0.08648 0.550545 0.823226 -0.605112 -1.787235 0.670268 0.321695
27.33549 -33.80264 16.27653 -1.282093 0.563327 -0.038734 2.665788 -1.295639 -1.119399 0.701264 -1.620261 -1.771759 0.323566 -0.848165 -0.711304
13.33549 -33.80264 16.27653 0.809051 6.301554 1.328289 5.325729 1.685081 5.3923 3.209948 8.750212 4.681505 11.65644 1.851328 5.586287
11.33549 -33.80264 16.27653 1.655059 10.07857 2.138404 6.044255 1.347754 7.286733 3.876221 8.416648 4.668032 13.47291 3.425832 9.641099
9.335487 -33.80264 16.27653 2.684327 8.381676 2.314174 2.406624 2.896748 2.875087 2.547167 3.337195 4.854632 6.703906 4.493927 7.57448
43.33549 -35.80264 16.27653 -0.211583 -1.907966 0.457652 1.751342 0.186382 0.165622 1.776694 2.141347 -0.446292 -2.692124 -1.066842 -0.115745
41.33549 -31.80264 18.27653 -2.858637 -0.502182 2.210855 3.089961 -1.325368 -3.339856 2.687994 -0.993074 -0.626519 0.087048 0.043606 -1.096462
13.33549 -31.80264 18.27653 2.223768 4.806048 2.425281 3.586712 1.377052 2.306823 0.97507 6.337543 2.930397 12.32634 5.319633 10.23478
45.33549 -33.80264 18.27653 0.137098 -2.425919 2.247965 3.391275 1.51762 -0.0196 3.44247 -1.516455 0.432889 -1.103477 1.605022 -2.374945
43.33549 -33.80264 18.27653 -1.001089 -3.325804 -0.182287 2.485992 -1.374764 -1.095582 1.656658 -1.423827 -0.841729 -2.117944 0.041635 -0.433208
39.33549 -33.80264 18.27653 -0.306861 -0.05441 0.805787 3.646015 -1.152966 0.889257 1.354429 1.420236 -0.2316 1.085108 1.639782 0.302386
37.33549 -33.80264 18.27653 -0.001783 0.730672 2.015495 5.130806 -0.258036 1.728701 3.296365 2.06896 1.072888 2.775522 2.700338 -0.505634
35.33549 -33.80264 18.27653 -0.869771 -1.343822 -0.090497 0.715901 1.097182 -0.280737 2.237031 -0.584125 1.333017 -0.921916 1.706117 -0.185732
27.33549 -33.80264 18.27653 -1.29956 -0.667983 2.050237 4.714757 -1.024174 -3.285892 1.316704 -0.541259 -2.628253 2.451819 0.150807 0.856257
25.33549 -33.80264 18.27653 0.480064 0.851974 1.725273 1.145956 -0.892508 -0.717399 0.013028 0.012533 -0.671 1.98963 1.342073 0.486366
13.33549 -33.80264 18.27653 0.603293 2.553689 0.689074 3.723456 0.148394 2.722822 -1.640778 4.708484 0.551306 8.901272 1.103045 6.474031
11.33549 -33.80264 18.27653 1.240296 3.488358 1.805736 4.24715 -0.26664 2.967524 -1.24304 5.287549 1.00747 9.416451 2.201404 5.455154
9.335487 -33.80264 18.27653 0.889724 5.514538 0.98988 3.941164 1.197861 2.690935 0.047665 3.797885 0.34622 5.693482 1.885648 3.548579
39.33549 -35.80264 18.27653 0.71996 -0.245593 0.428606 3.576033 0.119222 1.534627 1.518047 0.257592 -0.67505 -1.837934 -0.119395 -0.594508
11.33549 -35.80264 18.27653 -0.893889 2.371288 0.027899 -0.587489 -1.209611 1.268622 -0.996949 3.745508 -0.309933 7.004053 0.339406 2.400576
27.33549 -33.80264 20.27653 -2.736323 -1.771742 2.723657 2.159484 -0.49125 -1.755032 1.31084 -1.192161 -2.350209 3.791351 0.015184 -0.655871
25.33549 -33.80264 20.27653 -1.420845 -1.414684 1.191132 -0.069197 0.035829 -1.551464 -0.226556 0.06607 -0.344812 4.038463 1.309231 -0.626335
13.33549 -33.80264 20.27653 1.692459 0.828901 1.999483 2.658531 -1.073362 0.908217 -3.042245 1.625278 -0.86672 5.406258 -0.758329 4.635339
9.335487 -33.80264 20.27653 -0.91374 1.419525 1.432419 0.99922 -1.244433 1.400472 -1.670343 4.921427 -1.135414 3.778119 -0.83941 2.8729
39.33549 -35.80264 20.27653 0.751709 -0.730494 1.590194 4.436418 -0.299291 0.206636 1.690671 0.095104 -0.702234 0.105585 0.227498 -0.74959
23.33549 -37.80264 20.27653 -2.09313 -1.208294 0.951004 -0.081109 -0.686121 -2.648175 -1.296758 0.619081 -3.393865 2.632075 -0.640109 0.387835
21.33549 -37.80264 20.27653 -1.464713 -1.705765 0.394398 0.748028 -0.181938 -0.858707 -1.623605 1.504379 -1.653375 1.497519 -0.211451 1.352316
37.33549 -35.80264 22.27653 0.769362 -1.774127 1.264099 2.541751 -0.321234 -0.722849 2.094443 1.290821 -1.744226 1.020006 -0.874012 -1.275124
29.33549 -35.80264 22.27653 -0.790654 -2.037151 2.88131 1.144047 -0.095389 -3.223485 3.461917 -1.98208 0.039359 -0.08143 0.530732 -2.904851
9.335487 -35.80264 22.27653 0.613042 0.352176 2.021896 -3.556693 0.623506 0.433022 0.681232 3.244582 0.093276 2.872133 0.217534 -0.299827
7.335487 -35.80264 22.27653 0.261698 -1.732183 1.369574 -1.394518 0.502675 0.251454 1.695722 5.045983 1.042656 5.579408 -0.230011 0.229176
11.33549 -37.80264 22.27653 3.356186 2.819354 2.194761 -1.024001 1.798464 0.35449 1.222527 1.986241 0.788933 1.802197 1.462702 -0.469033
9.335487 -37.80264 22.27653 2.744789 2.301645 3.678676 -1.928396 2.285949 2.575537 1.182311 5.782009 1.93921 4.789795 3.715849 0.865903
31.33549 -33.80264 24.27653 -2.134349 -3.763972 0.2015 0.191343 -2.222818 -3.969719 0.43585 1.052138 -1.202812 2.977424 -0.238716 0.129896
31.33549 -35.80264 24.27653 -1.298115 -3.691826 -0.658355 -2.659042 -1.820759 -2.767502 1.506124 -0.568833 -1.222204 0.779481 -0.650851 -1.300112
9.335487 -35.80264 24.27653 0.765139 -1.179724 1.824833 -3.519273 0.977034 0.385167 2.184657 1.617352 -1.305963 0.74179 -1.226356 0.469596
9.335487 -37.80264 24.27653 1.654385 -1.454194 1.839564 -1.268379 1.164023 -0.23106 -0.192588 3.898834 -0.097337 -0.258034 -0.890205 0.794212
31.33549 -35.80264 26.27653 -1.902381 -3.311029 -1.667554 -2.301004 -1.553065 -3.445387 0.569371 -0.114177 -1.204554 0.300614 -0.393576 -0.546331
21.33549 -35.80264 26.27653 -0.358735 -1.778021 -1.021673 -0.088842 -0.917612 -0.504324 0.560705 1.633417 -0.558934 3.535101 0.78508 -0.921922
19.33549 -35.80264 26.27653 -1.025042 -1.736041 -1.685968 1.406377 -1.920978 0.631489 -1.126598 0.775269 -1.702772 4.731471 0.903399 0.306401
17.33549 -37.80264 26.27653 -0.167787 -0.745827 -1.436678 0.916283 -0.052713 0.908934 -0.199494 -0.005018 0.398377 1.08231 -0.224905 0.588883
31.33549 -39.80264 26.27653 -1.321255 -3.394109 -0.755512 -1.422672 -1.784101 -4.546141 -0.992116 -1.453764 -1.967435 -2.881661 -1.700387 -2.740286
17.33549 -39.80264 26.27653 1.239812 0.235802 1.690205 -0.193697 -0.176151 0.619772 -0.711385 3.488432 0.010145 2.316185 -0.633802 1.255612
