5.045357 -32.36883 8.472717 -3.231756 1.52785 0.322846 1.157003 -0.495521 0.262391 -1.368261 -1.236269 1.392306 -0.432102 0.186105 -3.49619
3.045357 -32.36883 8.472717 1.19514 1.645196 1.226293 3.320869 1.105389 -1.538781 -3.586572 -1.802314 -1.596187 -2.366919 -1.344083 -4.777897
3.045357 -30.36883 10.47272 -0.561054 -1.919902 -1.185343 -2.096701 -0.578548 -1.158731 -0.595948 -1.912453 -0.893179 -0.113494 -1.791392 -0.952125
-12.95464 -30.36883 10.47272 -1.032564 2.711221 -0.149608 -2.61803 -0.266144 -2.189329 -0.287719 -4.918447 -1.896999 -2.11166 -2.208992 -0.983909
-14.95464 -30.36883 10.47272 0.207491 1.195564 -0.372636 -0.68716 0.119533 -3.747998 -0.092462 -3.491609 -1.301175 -1.017373 -1.232514 -2.293172
5.045357 -32.36883 10.47272 -2.75897 0.785375 1.535814 0.208618 1.409656 -2.836398 -1.631673 -2.577916 1.056179 -2.716548 -1.481934 -5.883123
3.045357 -32.36883 10.47272 -0.696768 -0.317407 -0.018211 0.206895 -0.126389 -3.307415 -1.990142 -2.906665 -1.445916 -2.986986 -0.862397 -4.111126
5.045357 -34.36883 10.47272 -1.358486 -0.122813 -0.017351 2.479386 1.415242 -1.697322 -2.288582 0.135546 -0.998145 -0.817017 -1.998173 -1.334775
-16.95464 -26.36883 12.47272 -0.452198 0.391616 1.53113 0.870056 2.229313 -0.862313 1.377337 -1.336652 1.391549 -0.145372 2.632921 -2.586647
-16.95464 -28.36883 12.47272 -1.00084 1.8291 1.984829 -3.91079 1.784104 -1.804703 -0.610779 -1.537579 0.042878 -2.932626 0.374889 -3.526744
1.045357 -30.36883 12.47272 -1.188618 1.823614 -3.057215 1.88985 -0.22128 -2.624186 0.05207 -0.328977 0.34067 1.527543 -0.94152 -1.896746
-14.95464 -30.36883 12.47272 -2.222566 5.368342 -0.935245 -5.43798 1.532495 -2.061415 -2.076801 -1.365713 -1.686046 -2.106265 -1.322808 -1.088837
5.045357 -32.36883 12.47272 -4.825507 -0.195458 -0.706061 -3.733021 0.775032 -2.765452 -1.464821 0.875464 -2.230328 -1.49662 -2.965951 -1.544338
3.045357 -32.36883 12.47272 -4.945758 0.810395 -1.225056 1.525196 -1.655852 -1.342423 -1.7217 1.120993 -3.269528 -0.656294 -3.229383 -0.455518
1.045357 -32.36883 12.47272 0.248712 2.370321 -2.064334 5.040216 0.69765 0.911382 -1.354311 -0.397504 -4.133067 1.00279 -1.827221 -1.134687
5.045357 -34.36883 12.47272 0.055233 2.277283 -0.439511 0.50891 2.9143 -0.289928 -0.185093 -0.937833 -0.872002 0.657695 -0.709509 1.526026
3.045357 -36.36883 12.47272 0.027155 3.09027 0.737245 -1.996497 3.030434 -1.834568 0.621779 -2.277704 0.73412 -2.616061 -0.663013 -0.482235
1.045357 -36.36883 12.47272 0.879261 4.038547 1.996748 0.70315 2.342403 -4.403886 -0.860536 -0.042775 0.984694 -4.062999 -0.119078 0.631037
-16.95464 -26.36883 14.47272 -2.086712 -0.093729 0.249434 -0.356683 1.307378 1.03692 1.541755 2.779223 2.213219 0.193349 1.132389 0.284406
-16.95464 -28.36883 14.47272 0.235422 0.026594 2.316415 -2.472803 1.579787 -0.468317 -1.759526 -3.779545 -0.725712 -3.027081 -0.104494 -2.061995
-18.95464 -28.36883 14.47272 -2.36059 -3.428847 1.867741 -3.005369 1.698217 -2.133881 -1.385641 -4.384098 0.008483 -0.929553 0.316849 -0.594588
3.045357 -30.36883 14.47272 -2.614359 2.335934 -1.364268 -1.552995 -0.653446 -2.885144 -0.744428 -0.304701 0.000552 -1.736227 -0.402954 -0.57033
1.045357 -30.36883 14.47272 -4.152792 0.040896 -3.153092 -3.411973 -2.132938 -0.476282 0.237068 -4.241518 1.561309 -2.524954 -1.062862 -4.067746
-14.95464 -30.36883 14.47272 -0.561353 2.789734 0.794348 -5.364544 2.434144 -0.371989 -2.291384 -4.754108 -2.962029 -3.72885 -0.511067 -4.504831
-16.95464 -30.36883 14.47272 -0.354242 2.838077 3.277719 -3.329763 3.870329 0.402947 -3.183836 -5.837275 -2.303009 -2.82992 -0.288298 -4.157788
-18.95464 -30.36883 14.47272 -2.774326 -0.201226 3.52943 -3.505591 1.68634 -1.001671 -1.582557 -5.520011 -2.210684 -0.780174 -0.34891 -2.088787
3.045357 -32.36883 14.47272 -6.017813 3.394983 -0.057731 2.226032 -1.017766 0.380822 -1.930737 -2.173231 -2.200688 -3.174949 -1.989053 -3.453452
-14.95464 -32.36883 14.47272 -0.603446 2.250748 0.331626 -3.123849 1.829615 3.424519 -0.843325 -3.418636 -0.167459 -2.213363 0.679412 -1.883576
-16.95464 -32.36883 14.47272 0.932906 3.938345 2.930672 -3.882551 3.497685 2.389139 -1.162633 -3.071259 0.166551 -0.834942 0.437025 -0.258884
3.045357 -34.36883 14.47272 -3.912624 2.123514 1.20202 -3.287642 1.829631 -3.327765 -2.471657 -4.790974 -1.852684 -5.12275 -2.048985 -4.469368
1.045357 -34.36883 14.47272 1.903305 2.261968 3.441717 0.818165 2.678647 -3.594091 -2.250167 -4.493534 -2.85505 -6.2876 -0.991254 -4.726128
1.045357 -36.36883 14.47272 4.953664 2.201258 3.653847 0.817529 3.209553 -5.515156 -1.6927 -3.162909 0.864087 -2.849185 1.763043 -0.425475
-16.95464 -28.36883 16.47272 -0.035524 -0.813262 0.457765 -0.776795 0.539406 -1.730953 -1.548293 -1.482169 -2.407307 -0.572992 -1.952833 0.907103
-18.95464 -28.36883 16.47272 1.286504 -2.502885 0.388011 -4.611704 1.995993 -1.974862 0.008764 -0.60828 -0.139896 0.143367 0.942866 0.354329
3.045357 -30.36883 16.47272 -1.958638 2.772179 0.3544 -1.868489 1.604353 -1.284443 0.51234 -2.022364 -1.524431 -1.775345 -0.553737 -3.199475
1.045357 -30.36883 16.47272 -3.868716 -0.038084 -0.682212 -3.381375 -0.457265 -0.554907 2.491673 -3.545671 0.360445 -2.441613 -0.580147 -2.982521
-18.95464 -30.36883 16.47272 1.54019 -0.987244 3.446347 -3.877512 2.74238 -0.94882 -0.131112 -4.497182 -2.140776 -1.218673 0.306939 -2.742162
3.045357 -32.36883 16.47272 -1.780998 0.006863 0.184637 -1.651111 2.748012 -2.84585 -0.108814 -3.732362 -2.285913 -5.050993 -0.200365 -4.307806
-14.95464 -32.36883 16.47272 -1.516072 -0.459881 2.171183 -2.40789 3.126768 1.88381 -0.86702 -6.214082 -3.103062 -1.825136 -0.172047 -1.549761
-16.95464 -32.36883 16.47272 -0.078695 1.451962 3.791453 -5.101688 3.579882 2.236804 -0.923053 -6.148863 -3.80663 -1.18476 -0.381189 -1.878072
-18.95464 -32.36883 16.47272 1.257857 -1.240883 4.199677 -3.962883 3.214606 2.521326 -0.339156 -3.116653 -1.956157 -1.197427 0.551135 0.550381
5.045357 -34.36883 16.47272 -1.917501 -0.890698 -1.274255 -4.860819 0.592525 -3.821966 -0.917725 -2.857223 -1.215067 -1.302472 -0.124921 -1.028965
3.045357 -34.36883 16.47272 0.90508 -2.997402 1.164137 -3.192379 3.034619 -4.125756 -2.531823 -8.507415 -3.825094 -5.384732 -1.466384 -5.41692
-14.95464 -34.36883 16.47272 -0.436066 -3.551489 0.491311 -4.666263 4.300521 1.51338 0.427756 -3.992395 -0.288375 0.457198 1.309874 -2.152786
3.045357 -36.36883 16.47272 3.235767 -4.232428 -0.450203 -3.32208 3.666035 -5.144919 -2.519903 -5.927304 -4.311874 1.108926 2.18492 -5.859401
1.045357 -36.36883 16.47272 5.287224 -0.893981 1.523773 2.190397 4.425511 -2.68518 -2.319845 -5.398767 -2.706388 -1.670375 1.104127 -2.189212
-0.954643 -36.36883 16.47272 7.498491 0.134534 1.728139 0.935073 3.836736 0.897581 -2.672624 -6.185994 -0.987769 -2.337983 0.248281 -1.469167
1.045357 -38.36883 16.47272 4.226184 -5.296365 2.005646 -0.689637 1.157861 -3.989133 -1.651367 -7.602253 -1.872506 -0.62843 1.700633 -2.766754
-16.95464 -28.36883 18.47272 1.096126 1.230062 1.57713 0.084774 0.090385 -1.688109 -0.769074 -1.131933 -0.59676 -2.19505 -0.892816 -2.219758
-18.95464 -28.36883 18.47272 0.653231 2.024217 -0.294003 -2.7016 1.585697 -1.67273 0.221082 1.043408 0.396126 -0.657039 1.249772 -2.244344
-16.95464 -30.36883 18.47272 1.212865 1.780684 3.919165 -1.468171 1.623684 -0.646473 -1.434405 -3.75502 -3.213446 -3.067473 -1.717463 -3.363056
-18.95464 -30.36883 18.47272 1.41059 1.897298 1.774424 -1.427971 1.232394 -1.442729 -0.831651 -0.885598 -0.584105 -2.305206 -0.281176 -1.324427
5.045357 -32.36883 18.47272 -1.424487 0.348235 -2.026198 -1.281977 -0.745192 -0.533851 -1.383888 0.85061 0.110141 -1.1998 -1.710937 1.016798
3.045357 -32.36883 18.47272 0.360692 -2.311402 -0.603225 -1.729094 1.851808 -1.353237 0.318326 -2.180339 0.962267 -2.76267 -0.293062 -2.134255
-18.95464 -32.36883 18.47272 1.110718 1.344566 4.426991 -1.49799 2.046546 1.564181 0.025018 -0.927038 0.357791 -2.525886 1.365126 1.744036
5.045357 -34.36883 18.47272 0.961656 -0.483196 -0.499049 -0.474613 1.882843 -0.419806 -1.281464 0.065934 0.41114 -0.527273 -0.913021 -0.008505
3.045357 -34.36883 18.47272 0.242004 -3.29128 1.379414 -0.837633 2.275433 -1.383272 -1.965814 -5.554602 -1.793224 -2.017982 -2.755198 -1.587542
-12.95464 -34.36883 18.47272 1.121734 0.762933 4.95631 -2.231136 5.067782 2.126389 0.665063 -2.542387 -2.331089 0.402935 2.166344 0.715542
-14.95464 -34.36883 18.47272 2.405014 -0.827364 3.48743 -1.263782 4.567108 3.018727 1.446071 -0.748989 -1.503871 0.346322 0.367496 -1.607605
-16.95464 -34.36883 18.47272 3.208871 -2.737369 4.258211 -2.948138 3.984682 1.073552 0.90487 0.765715 -1.193007 -1.238297 0.301981 -1.071703
-18.95464 -34.36883 18.47272 4.269677 -2.868896 2.603208 0.221107 3.095713 0.478872 0.333558 -1.085507 0.534304 -0.331445 1.219385 2.259377
5.045357 -36.36883 18.47272 4.99029 3.106759 1.709763 2.177333 3.555398 1.543592 -1.290375 2.182712 -1.480347 0.129648 -0.353958 -1.603979
-10.95464 -36.36883 18.47272 2.912957 -0.887365 4.89364 -4.677819 4.374099 -2.279922 0.44667 1.051857 -2.714072 -2.594657 0.313841 -1.125198
-12.95464 -36.36883 18.47272 2.767597 -2.302838 3.914046 0.084126 3.380517 1.276248 -0.005513 0.47719 -1.895069 1.212587 2.390365 1.05007
-14.95464 -36.36883 18.47272 1.574367 -3.610123 2.656096 -1.215365 3.899244 1.788769 0.689097 0.698765 -0.327373 1.896253 -0.449755 -0.970969
-16.95464 -36.36883 18.47272 1.47836 -1.257834 0.596926 -2.493747 2.101329 1.676662 0.333047 2.357174 -0.551323 1.180754 0.059986 -0.743802
5.045357 -38.36883 18.47272 4.634662 4.516912 3.257135 4.423036 3.403716 0.860184 -0.8641 1.038022 -1.511715 1.761186 -1.720609 -2.64793
3.045357 -38.36883 18.47272 4.400639 2.026813 2.509948 4.605776 1.910138 -1.089275 -1.718845 -2.192358 -2.452773 -0.620533 -1.004996 -3.644259
1.045357 -38.36883 18.47272 3.506181 -2.370566 1.981209 2.136321 2.134826 -0.740144 -0.13112 -4.629435 -2.506499 -0.309225 0.325035 -2.256893
3.045357 -40.36883 18.47272 4.963304 1.508605 3.619624 3.808562 -0.484766 -0.453881 -0.470436 0.884592 -1.90389 -0.499727 -1.614952 -2.029021
1.045357 -40.36883 18.47272 5.320862 -0.588418 3.443496 2.026987 0.18372 0.365297 -0.265965 1.039187 -1.533223 1.204031 -0.360452 -1.614291
-0.954643 -40.36883 18.47272 1.890576 -1.96086 1.169729 0.131948 0.51082 -1.533858 0.035851 -2.706471 -1.648403 -0.737507 1.191318 -2.334033
-2.954643 -40.36883 18.47272 -1.080035 -1.242664 -0.715073 -2.366348 0.558523 1.38922 0.210302 -4.738212 -2.516075 -0.705868 -1.225893 -0.558838
-16.95464 -24.36883 20.47272 -3.276941 -0.3493 -2.182615 -2.41634 0.327227 0.344228 -1.568216 -1.598624 -0.805003 -0.707312 -1.68893 0.189882
-16.95464 -26.36883 20.47272 0.652159 2.522581 0.982935 0.347521 -0.055466 2.182601 -0.667019 -3.409232 0.088452 -0.562931 -0.426925 -0.281111
-18.95464 -26.36883 20.47272 0.150217 2.801601 1.37899 -0.563531 0.844728 1.887573 0.404128 -0.525833 1.214604 -0.118341 0.381807 0.161566
-16.95464 -28.36883 20.47272 2.311931 1.997491 2.323374 1.47886 2.232035 0.132917 -0.711786 -3.773329 -0.948559 -2.460409 -0.79895 -4.136017
-18.95464 -28.36883 20.47272 -1.277053 1.124733 0.310386 -3.376761 0.093873 -0.966001 -0.131121 -3.000786 -0.222023 -1.08073 -0.691684 -2.676304
-16.95464 -30.36883 20.47272 1.48605 4.616425 3.110442 -0.30427 3.55747 -0.642481 -1.790783 -0.298177 -5.727241 -0.899487 -3.063884 -4.041221
-18.95464 -30.36883 20.47272 -0.338645 3.143161 0.091271 -1.510028 0.429372 0.020148 -0.891283 1.318865 -2.093425 -1.34923 -1.400751 -1.442126
-20.95464 -30.36883 20.47272 -0.642534 1.242267 -1.913919 -2.530216 -0.438186 -0.321219 -0.719927 -1.235131 0.755462 -1.762118 -0.892727 1.55008
-12.95464 -32.36883 20.47272 2.879368 3.432721 4.44055 -0.395459 2.560787 0.195057 0.408838 -1.913891 -1.226666 -1.73502 0.288883 -1.181546
-18.95464 -32.36883 20.47272 0.12075 3.744515 1.927539 0.241873 2.031819 -1.114622 0.084218 2.13471 0.466752 -1.777571 1.655797 1.988885
-20.95464 -32.36883 20.47272 1.783698 -0.02166 2.144492 -1.131595 1.52496 -3.643798 0.533132 -0.87216 2.213385 -0.903244 1.280578 1.307972
5.045357 -34.36883 20.47272 1.568693 1.123273 1.391391 -3.185079 2.64956 -0.22446 -1.298348 -1.145512 -2.427341 1.275185 -0.113393 -0.73189
-12.95464 -34.36883 20.47272 5.37103 3.323141 5.726386 -0.934048 4.558598 1.706274 0.423868 2.057818 -2.589845 1.568622 0.197271 0.306337
-14.95464 -34.36883 20.47272 5.466988 0.720178 5.597467 -0.208316 3.156148 0.104435 0.604833 0.258167 -1.495775 0.189427 -0.144852 1.691932
-18.95464 -34.36883 20.47272 3.264585 -1.306438 1.626176 -1.480492 2.284456 -3.326278 -0.573444 -0.424077 0.795712 -1.195826 0.88033 0.439489
7.045357 -36.36883 20.47272 2.150911 3.949501 2.457909 -1.109633 1.506495 -0.145848 -1.336018 0.145195 -1.880367 -0.38919 -0.196219 -1.553398
-10.95464 -36.36883 20.47272 6.154758 1.462722 5.59339 -5.846093 2.593971 -1.848368 0.190864 3.310725 -3.11537 1.556844 -0.639274 -1.672551
-12.95464 -36.36883 20.47272 6.28682 3.122264 5.580837 -0.419777 2.891908 0.425188 -0.300011 3.955008 -3.270139 2.891227 1.568841 -0.505073
-16.95464 -36.36883 20.47272 4.342829 0.189676 2.734739 0.310269 -0.050067 -1.549731 -0.040178 1.8054 -0.255865 1.084984 -0.746232 1.459799
5.045357 -38.36883 20.47272 6.916265 5.370551 4.363523 1.999852 2.413914 -0.020171 -0.615277 -2.109191 -0.775649 -0.59639 -0.547271 -2.65353
-10.95464 -38.36883 20.47272 2.356899 1.145486 4.68256 -3.955452 1.580941 -3.915974 -0.511856 1.80308 -1.918326 -0.687248 -1.694243 -1.400315
-12.95464 -38.36883 20.47272 3.845396 2.79351 3.444557 0.058338 1.231686 -2.02978 -0.35487 -0.10931 -2.401553 0.80121 0.131242 -0.411036
-14.95464 -38.36883 20.47272 0.653729 -0.419735 1.422414 0.215133 0.433681 -2.110102 -0.500356 -0.846422 -2.588866 1.183837 -1.100686 -1.538904
5.045357 -40.36883 20.47272 4.018127 4.022469 3.634326 0.647707 1.780186 -1.120803 -0.084134 -1.540904 -0.265649 -1.170566 0.346008 0.244289
3.045357 -40.36883 20.47272 7.75791 4.549901 5.322546 4.719791 0.632954 0.517362 0.027065 -2.883467 -0.672535 -2.386533 -0.054481 -0.309345
-0.954643 -40.36883 20.47272 4.200141 0.508005 1.769772 -1.562489 1.362743 -0.691353 -0.958256 -3.801672 -1.701466 -1.210196 -1.13383 0.977211
-2.954643 -40.36883 20.47272 3.743251 1.55057 1.526317 -1.323397 2.155815 0.183071 -0.717131 -4.19891 -2.652097 -0.969514 -2.184508 -0.89184
3.045357 -42.36883 20.47272 1.840642 2.599439 2.892918 5.718893 -0.545465 2.34019 0.656547 2.560144 -0.871172 0.018506 0.216504 2.767284
1.045357 -42.36883 20.47272 6.277472 3.381305 2.383867 4.968217 0.908663 1.364661 -0.768213 -0.035364 -2.117106 -1.804428 -1.357853 -0.215329
-0.954643 -42.36883 20.47272 2.057811 -0.939241 0.427278 -1.778773 0.148741 -3.5165 -3.093286 -2.894228 -1.685599 -2.482675 -2.147076 -1.706097
-18.95464 -26.36883 22.47272 0.713835 0.338796 -0.349778 1.101174 0.144904 -0.937761 0.022425 -3.500652 0.891776 -1.176929 -0.191538 0.695325
-18.95464 -28.36883 22.47272 -1.05696 -1.531707 0.415658 -0.417836 0.076143 -1.653659 0.962158 -3.315906 -0.413092 -1.913241 0.099409 -0.941152
-16.95464 -30.36883 22.47272 3.05957 5.327707 2.466948 3.171298 5.400684 0.474483 2.507984 -0.37864 -0.853296 -0.661431 -0.07478 -2.940994
-18.95464 -30.36883 22.47272 2.559541 3.860857 0.063296 0.087976 1.268723 1.205383 1.663565 -0.685735 0.064129 0.469274 0.142022 -0.302208
-10.95464 -32.36883 22.47272 -1.522557 -1.689626 2.152356 -0.18262 -1.066833 -2.439869 0.787154 -2.47765 -1.072583 -2.870414 -0.223033 -5.094849
-12.95464 -32.36883 22.47272 -1.852666 -1.613106 2.517591 1.634878 -0.153661 -2.820679 0.639623 -1.452318 0.264743 0.310336 1.753632 0.061458
-14.95464 -32.36883 22.47272 0.589202 -2.413675 3.194804 -0.171811 1.683736 -0.947376 0.315607 -1.002117 -0.265817 -0.893383 1.989883 1.703071
-16.95464 -32.36883 22.47272 2.581274 2.69922 2.561845 3.973407 1.383995 1.64057 1.892243 0.174721 1.728313 -2.003336 3.343636 1.696617
-18.95464 -32.36883 22.47272 1.649326 5.146946 0.658317 2.089471 0.378216 1.837038 2.539943 2.553979 2.458158 0.195202 3.001611 2.686666
5.045357 -34.36883 22.47272 0.166322 2.415723 -0.291753 -0.554522 2.316315 0.003275 1.26485 -0.629799 -2.13424 2.894795 0.134037 -1.597317
-10.95464 -34.36883 22.47272 0.086548 -6.123751 2.61282 -5.988124 -0.802922 -4.907939 -0.872379 -4.90671 -2.250248 -0.984186 -1.146442 -3.227459
-12.95464 -34.36883 22.47272 0.177128 -5.526168 4.352913 -3.86473 0.977104 -4.555948 -1.013686 -2.876976 -2.098998 -1.28509 -1.697043 -2.233182
-14.95464 -34.36883 22.47272 2.345603 -7.128095 4.74363 -2.900511 1.75558 -3.771122 -0.909811 -1.802968 -1.201658 -1.196043 -0.866312 -0.003078
-16.95464 -34.36883 22.47272 3.753298 -0.710906 2.383653 0.98249 1.423234 -3.014075 0.07998 -0.92618 1.232329 -0.914116 1.996732 0.591203
-18.95464 -34.36883 22.47272 2.965428 0.138731 0.843133 -0.34705 1.082977 -4.052275 -0.024748 -0.92293 0.880996 -0.042139 1.856012 0.734994
5.045357 -36.36883 22.47272 2.433964 2.64442 0.330735 2.4453 0.813567 0.921807 -1.627088 -2.417529 -1.653896 -0.862475 -0.966733 -1.051842
3.045357 -36.36883 22.47272 2.467745 1.358183 0.577485 3.47344 1.696363 1.0094 -1.267781 0.059067 -1.391454 -0.014433 -0.206311 0.865299
-8.954643 -36.36883 22.47272 1.974315 -3.025112 0.945707 -0.714055 -0.021367 1.638657 -0.631078 -4.300661 -2.202523 -0.392087 -2.209192 -2.040589
-10.95464 -36.36883 22.47272 4.128681 -3.056612 3.335636 -5.44735 0.515086 -1.96657 -1.437468 -3.040501 -2.071146 -0.381089 -1.32273 -1.065007
-12.95464 -36.36883 22.47272 1.922392 -1.624046 3.771388 -5.21012 0.238811 -0.577534 -1.017581 -1.427799 -3.697488 0.526642 -1.808525 -1.438243
-14.95464 -36.36883 22.47272 0.231124 -3.547487 3.458544 -2.785995 0.167668 -1.794562 -1.453654 0.162122 -3.974702 0.811474 -2.832858 -0.160717
5.045357 -38.36883 22.47272 2.928681 -1.416016 1.489073 -0.538093 0.020424 -0.680322 -1.635237 -2.555244 -1.140842 -1.197959 -1.081244 0.249452
3.045357 -38.36883 22.47272 2.174917 -1.645008 1.381399 0.563161 0.321152 0.545592 0.336978 -1.762125 -1.011864 -1.653651 -0.470891 2.189256
1.045357 -38.36883 22.47272 1.914921 0.534495 1.276998 3.085864 1.990658 1.522923 0.708381 -0.836309 -1.04835 -0.474259 0.736936 -0.439605
-0.954643 -38.36883 22.47272 6.032779 1.81774 2.64988 4.468627 1.46125 2.645363 0.692262 0.03563 -0.216368 0.427797 0.461648 -0.004291
-8.954643 -38.36883 22.47272 4.172104 -0.961135 3.240483 -3.103458 1.765533 2.245635 -2.698787 -3.233502 -4.380639 -0.639535 -1.954689 -0.542851
-10.95464 -38.36883 22.47272 4.067807 1.521962 4.042651 -2.36679 0.599361 1.507585 -2.009561 -0.705101 -2.715764 0.740086 -0.384919 2.254211
-12.95464 -38.36883 22.47272 2.229368 4.026978 3.035137 -1.687473 -0.803829 3.463715 -0.408632 -1.24387 -3.231501 2.888211 0.085773 -0.007402
-14.95464 -38.36883 22.47272 -0.357829 1.320753 1.44307 -0.625758 -1.644054 -0.219295 -1.015992 -0.983007 -2.873298 1.443919 -1.337533 -0.607953
3.045357 -40.36883 22.47272 2.488852 1.029427 1.51674 1.308311 0.019532 1.325061 -0.019824 -2.192193 -0.239388 0.168913 -0.743225 0.589116
1.045357 -40.36883 22.47272 1.922118 3.552058 1.435392 3.542246 1.497849 2.212524 -0.463142 0.186013 -0.652267 1.264971 0.447909 -0.547751
-0.954643 -40.36883 22.47272 5.568804 1.475716 1.407924 1.75107 1.259066 1.651316 -1.3645 0.323848 -1.508415 3.518617 -0.373736 0.34414
-14.95464 -40.36883 22.47272 1.88464 4.226639 1.11817 2.188766 -0.774527 1.614773 -0.259855 -2.613776 0.430505 2.565781 -0.129069 -0.948057
-16.95464 -40.36883 22.47272 2.290656 -0.128939 2.170863 -0.040596 -0.216267 -0.923129 -0.920699 -3.25219 0.266282 -0.742989 0.144925 -0.831543
3.045357 -42.36883 22.47272 1.080722 0.710411 1.639301 0.953689 0.038552 1.888478 0.081191 0.549573 -0.820009 0.025175 -1.466378 -0.053406
1.045357 -42.36883 22.47272 5.65747 4.491596 1.76068 4.469887 1.944441 2.080637 -1.932593 1.161107 -2.765637 0.361865 -1.561233 -0.473248
-18.95464 -26.36883 24.47272 0.29841 1.643544 -0.45755 4.101152 0.407818 -0.035959 -0.214107 -1.736859 -0.112352 -1.143232 0.032033 2.02304
-16.95464 -28.36883 24.47272 1.274204 2.540452 0.867988 4.892574 5.064518 -0.538965 2.677228 -2.615754 0.16122 0.716456 0.709112 -1.189733
-18.95464 -28.36883 24.47272 -1.497585 0.503432 -0.06522 0.205162 0.743699 -2.685478 1.14024 -3.019161 -2.022135 -1.523456 -0.500993 -0.983425
-16.95464 -30.36883 24.47272 2.605988 3.520074 0.849833 2.24468 2.774706 0.618518 2.419106 -2.425667 -0.819445 -0.882219 -0.628977 -2.019216
-10.95464 -32.36883 24.47272 -3.829289 -3.003447 1.244172 -1.219813 -2.258234 -4.342283 -1.916682 -3.956626 -0.874817 -2.409049 -1.091133 -3.844318
-12.95464 -32.36883 24.47272 -4.730703 -3.168724 0.579518 -1.928794 -2.110459 -4.836721 -0.724742 -5.027768 -0.212989 -2.334179 0.374801 -1.638035
-14.95464 -32.36883 24.47272 -0.952646 -3.426952 0.706501 -0.801123 -0.853162 -2.109275 0.323069 -3.643533 -0.36554 -1.395052 -0.565715 1.110397
-16.95464 -32.36883 24.47272 0.986342 -0.157336 1.116049 1.009073 -1.154987 0.192379 1.207395 -2.175146 -0.095886 -0.27753 0.450365 0.989939
5.045357 -34.36883 24.47272 -0.365337 3.519635 -0.868282 3.863671 2.15656 0.79526 0.795367 2.939801 -0.879542 2.752067 0.004564 -0.032755
-8.954643 -34.36883 24.47272 -6.145208 -2.254968 -2.439852 0.077756 -1.973003 -3.750844 -0.920921 -3.745995 -1.252346 -3.419678 -3.321074 -2.470029
-10.95464 -34.36883 24.47272 -3.362661 -4.265824 0.038839 -4.306257 -1.810921 -4.349509 -2.633033 -5.980674 0.397899 -2.95979 -0.109615 -3.460032
3.045357 -36.36883 24.47272 0.388271 -1.502416 -0.79959 2.000911 0.063599 -0.416209 -1.782028 1.602248 -1.98449 0.101063 0.17582 0.544207
1.045357 -36.36883 24.47272 3.778692 0.75643 -0.8014 5.463933 2.024632 1.546191 -0.431732 1.553748 -0.413198 1.544993 1.72525 0.736321
-8.954643 -36.36883 24.47272 -4.858557 -0.16759 -3.159957 3.571127 -1.26368 -0.426178 -1.023251 -2.508446 -1.480415 -2.538254 -2.448526 -2.370609
-10.95464 -36.36883 24.47272 0.001173 -2.482541 -1.161298 -2.994524 -0.340379 -2.776058 -1.725496 -2.998616 0.027074 -2.705776 0.289567 -2.100292
1.045357 -38.36883 24.47272 1.346093 -0.595347 0.429653 1.29483 2.129299 -1.527447 0.512022 -0.544253 -0.670152 0.676297 0.31615 -0.579299
-10.95464 -38.36883 24.47272 3.108192 -3.040953 0.786944 -3.109809 0.753038 -1.548135 -1.37402 -3.64374 -1.762845 -1.967729 0.145688 0.803966
-12.95464 -38.36883 24.47272 -0.155242 -0.745995 0.631513 -1.660682 -0.995262 -0.448474 -0.239461 -0.280248 -0.931635 0.135711 -0.239815 -0.167271
-14.95464 -38.36883 24.47272 -2.975434 -1.65467 -0.088894 -1.491477 -1.311332 -2.378313 -0.695835 0.447305 -0.078049 0.328199 -1.939275 -1.232637
-16.95464 -38.36883 24.47272 -1.359258 1.863098 -0.230085 0.169563 -0.349073 -2.609078 -0.573069 -1.125499 0.253612 -0.52686 -1.324262 0.039331
1.045357 -40.36883 24.47272 -2.093621 -0.409634 0.493467 1.84964 -0.559184 -2.771923 -0.510614 -0.691025 -1.090248 0.597075 0.173149 -0.922128
-12.95464 -40.36883 24.47272 0.538994 2.85831 1.5562 -0.178804 -1.278285 0.328486 -0.255907 -0.795688 -0.583117 2.051184 -0.40867 0.91715
-14.95464 -40.36883 24.47272 0.464915 1.255612 -0.003317 0.82021 -1.490597 -1.877627 0.264398 -0.326915 1.062367 2.037093 0.511415 -0.028144
-16.95464 -40.36883 24.47272 1.873399 3.207068 0.443099 -0.585898 -0.402283 -3.27122 0.117016 -3.135367 0.606384 -0.182094 0.048788 0.047317
-16.95464 -28.36883 26.47272 -1.886941 -1.388717 -1.624478 2.379438 2.746841 -1.643767 0.69668 -6.072652 -2.723219 -1.827046 -0.351237 -3.662148
-18.95464 -28.36883 26.47272 -1.397822 -2.347694 -0.46797 -0.440292 0.002417 -5.38708 -1.25488 -5.859087 -2.1755 -3.276728 -1.699154 -3.683328
-18.95464 -30.36883 26.47272 0.326217 -1.171928 0.598424 -0.357153 0.667521 -2.574297 -1.383731 -5.67979 -1.307871 -1.398163 -2.218306 -2.466129
-10.95464 -32.36883 26.47272 -1.430241 -1.900294 0.732396 -7.215953 -4.277917 -4.770913 -1.102279 -1.928259 -2.422693 -1.704222 -0.394034 -2.503143
-12.95464 -32.36883 26.47272 -2.524698 -0.064043 0.135242 -4.684093 -3.969583 -4.751309 -0.575553 -4.100328 -1.528077 -3.468309 0.548219 -1.39087
-14.95464 -32.36883 26.47272 -2.945325 -1.688638 -1.58797 -1.762105 -2.078454 -4.038075 -1.491538 -6.142004 -2.862753 -4.760657 -1.092801 -2.431136
-16.95464 -32.36883 26.47272 -3.384019 -1.87794 -1.700731 -1.956207 -1.315419 -3.388015 -1.738367 -4.177422 -3.279111 -2.690786 -1.964162 -2.062581
-8.954643 -34.36883 26.47272 -4.794596 -2.439944 -1.001405 -3.361227 -1.51049 -4.135601 -1.698261 -1.178341 -0.988605 -1.695646 -2.562795 -3.911708
-10.95464 -34.36883 26.47272 -2.844334 1.213925 -0.289473 -4.15946 -2.914089 -1.38416 -1.281132 -2.537149 -0.706598 -2.167872 0.620163 -2.185693
3.045357 -36.36883 26.47272 0.153692 -0.937154 -0.572654 -2.173404 0.06565 -1.67511 -0.315723 -0.63424 -1.050369 -0.034049 -0.162653 -1.251467
1.045357 -36.36883 26.47272 2.079782 -2.618263 -0.182762 -1.187467 1.794404 -0.87246 -0.000956 -1.54091 1.031996 0.494387 1.286239 -1.145568
-8.954643 -36.36883 26.47272 -3.059713 2.065347 -1.6438 1.631667 -1.260687 -0.58079 -0.094139 3.369507 -0.135944 -2.789351 -1.352116 -3.02466
-10.95464 -36.36883 26.47272 -1.308183 2.919654 -1.355851 -0.038988 -1.343118 -0.040902 0.074894 -0.459762 0.271576 -1.044804 2.067851 -1.047179
-12.95464 -36.36883 26.47272 -0.562015 2.98137 -0.528128 1.073162 -0.203505 0.880114 1.051717 -1.574972 1.041268 -0.813745 1.858106 -0.643272
-10.95464 -38.36883 26.47272 2.210154 -1.662759 -0.243699 -1.703888 -1.263968 -3.528225 0.385636 -2.978506 0.027203 -2.661048 0.803365 -2.800774
-12.95464 -38.36883 26.47272 0.113619 -1.09555 0.263175 0.388799 -1.074259 -1.760815 1.543206 -1.025957 2.04235 -1.185165 1.10875 -2.097673
-14.95464 -38.36883 26.47272 -1.088772 -3.19736 0.122384 -2.115332 -0.211572 -2.278118 0.276325 -0.399717 2.431162 -0.522915 -0.559978 -1.657507
-16.95464 -38.36883 26.47272 1.123137 -1.456107 -0.698659 -0.940587 0.511816 -1.344016 0.556079 0.073914 1.80518 -0.335849 -0.324551 -0.255534
-12.95464 -40.36883 26.47272 -0.41602 -1.831971 0.576668 -0.947826 -2.326934 -3.700093 0.32112 -3.258595 -0.146721 -2.27397 -1.387 -2.957558
-14.95464 -40.36883 26.47272 -3.006612 -2.240481 -0.469881 -2.056421 -1.698461 -3.766634 -0.03018 -1.246217 0.737244 0.593436 0.295249 -0.973907
-16.95464 -40.36883 26.47272 -0.883083 1.650075 -0.21782 -1.143061 -0.35732 -1.914574 0.593496 -0.731241 1.287947 2.511295 0.600938 1.474913
-18.95464 -40.36883 26.47272 -0.550831 2.816645 0.438842 -1.246117 -1.32312 -0.123403 -0.129509 0.058153 1.554892 1.009544 -0.096869 2.12127
-18.95464 -28.36883 28.47272 -1.970884 -5.853294 -1.825099 1.356874 -0.835651 -3.471442 -2.870769 -4.823162 -4.256641 -2.548565 -4.377806 -5.197093
-16.95464 -30.36883 28.47272 -2.734539 -5.068273 -2.95202 -0.066126 0.596846 -5.32931 -3.622996 -7.468225 -4.83004 -8.643478 -4.673454 -8.412604
-18.95464 -30.36883 28.47272 -0.660137 -2.16073 0.083914 -0.918834 0.648596 -2.363275 -2.299417 -2.822014 -2.079147 -2.259955 -2.771593 -3.89379
-12.95464 -32.36883 28.47272 -2.049666 -1.464696 0.473657 -4.638263 -2.902922 -6.557921 -2.651981 -5.107703 -3.222349 -5.971986 1.167423 -4.501197
-14.95464 -32.36883 28.47272 -2.968036 -2.113999 -0.791783 -1.308556 -2.225586 -5.506856 -3.25949 -5.298315 -3.509146 -7.001162 -0.765464 -3.947328
-16.95464 -32.36883 28.47272 -3.009718 -2.000915 -0.99235 -0.368338 -0.627637 -3.48663 -2.41672 -2.910904 -3.083859 -5.846411 -0.495022 -3.256674
-10.95464 -36.36883 28.47272 0.344034 3.036557 0.284075 1.399107 0.050137 0.387037 0.589318 -0.675063 -0.16763 -3.281542 1.195989 -1.467847
-12.95464 -36.36883 28.47272 2.625889 2.637907 0.26229 -0.322158 1.588054 -1.917862 0.956013 -1.762065 0.21124 -1.89681 1.428293 -2.888582
-12.95464 -38.36883 28.47272 -0.296013 -0.316036 0.279213 1.043435 -0.069316 -3.284643 1.784165 -2.165632 1.246433 -2.652478 1.327044 -2.560625
-18.95464 -30.36883 30.47272 -2.279849 0.176111 1.534594 0.241203 0.733989 -1.672397 -0.417557 -0.233218 -0.207712 -0.476466 0.555625 -2.899379
