2.406944 -23.57547 -3.105946 5.226646 2.114486 6.389346 4.486681 -0.11618 -3.894755
0.406944 -23.57547 -3.105946 2.328373 0.123555 3.592198 0.374303 -0.801283 -3.165432
2.406944 -25.57547 -3.105946 6.949307 2.835143 6.322044 4.498163 1.439844 -2.220704
0.406944 -25.57547 -3.105946 3.408526 0.119596 4.437249 1.969177 -0.365226 -2.461477
-1.593056 -25.57547 -3.105946 0 0 0 0 0 0
2.406944 -27.57547 -3.105946 7.260332 3.667225 6.166996 4.417984 1.789195 -1.615781
2.406944 -29.57547 -3.105946 4.701415 3.207549 5.221017 3.692386 0.720242 -1.204602
2.406944 -21.57547 -1.105946 4.454069 -1.033066 3.681264 -1.31156 1.47039 -5.04795
2.406944 -23.57547 -1.105946 3.383185 -2.84445 3.568579 -1.225964 1.078477 -4.500966
2.406944 -25.57547 -1.105946 2.80302 -3.735791 3.559897 -1.17655 1.63614 -2.899934
-3.593056 -29.57547 -1.105946 -3.291936 -3.475188 -5.017033 -4.063931 1.365032 2.453066
-9.593056 -29.57547 -1.105946 -0.782241 -0.795367 1.898868 2.468236 -2.119968 -2.348603
-11.59306 -29.57547 -1.105946 0.546227 0.842883 0.498393 -0.923055 -0.36391 -1.129254
8.406944 -19.57547 0.894054 0.830266 1.960403 3.229072 4.304989 1.940225 2.525961
8.406944 -21.57547 0.894054 1.721228 3.019215 2.850753 5.478094 1.700934 3.144515
2.406944 -25.57547 0.894054 1.212089 -2.391015 3.914826 2.374367 2.411123 0.945991
0.406944 -25.57547 0.894054 -3.486675 -4.681805 0.057391 -0.783543 -3.215434 -2.157445
-3.593056 -25.57547 0.894054 -4.709915 -4.254483 -4.278415 -5.914264 0.49207 0.769734
-9.593056 -25.57547 0.894054 1.732375 1.023431 2.739094 1.539236 -1.254692 -2.144751
-11.59306 -25.57547 0.894054 0.180471 -1.458146 1.05002 -1.122072 -1.554627 -4.202518
-13.59306 -25.57547 0.894054 -2.452555 -2.520166 -3.125652 -3.301293 -3.437275 -3.799674
-9.593056 -27.57547 0.894054 -0.547684 -0.114764 2.538778 2.594366 -2.548002 -1.849834
-3.593056 -29.57547 0.894054 -2.096769 -0.857495 -1.988847 -0.998971 -1.445238 0.595215
-15.59306 -29.57547 0.894054 4.092582 0.445617 0.963041 1.472556 0.70259 -1.916945
10.40694 -11.57547 2.894054 -0.861402 -3.807028 -0.579556 -6.672246 1.275424 -2.124236
10.40694 -19.57547 2.894054 -1.209252 -2.675241 -0.776246 -1.441404 0.076199 0.041622
0.406944 -25.57547 2.894054 -1.046786 -0.574143 -0.219134 -1.639735 -1.904781 -2.152165
-5.593056 -25.57547 2.894054 -0.1817 -0.166984 -0.446978 -3.044498 0.89266 0.484421
-9.593056 -25.57547 2.894054 0.177272 -0.183958 0.7038 0.691375 -2.458457 -2.358621
-21.59306 -25.57547 2.894054 -0.238962 -0.200869 -1.780972 0.178835 -0.292032 0.594557
2.406944 -27.57547 2.894054 4.712072 2.521374 1.650358 0.575734 1.876089 1.050938
0.406944 -27.57547 2.894054 -0.561891 -1.464782 -0.95005 -3.248807 -0.980825 -1.569532
-5.593056 -27.57547 2.894054 0.197762 0.616805 -1.933553 -2.67761 -0.076243 0.616007
-13.59306 -27.57547 2.894054 1.470773 0.22309 -1.334725 -1.160377 -0.861377 -1.467434
-15.59306 -27.57547 2.894054 0.474683 -0.023311 -0.418809 0.401168 -1.608884 -0.970676
-17.59306 -27.57547 2.894054 -0.268558 0.335393 -3.21399 -2.409114 -3.783593 -2.368646
0.406944 -29.57547 2.894054 0.868793 -1.039195 -1.76067 -2.736821 0.820699 0.000493
-15.59306 -29.57547 2.894054 0.70643 -0.760232 -0.851863 -1.28795 -1.174723 -2.433185
-17.59306 -29.57547 2.894054 0.153177 -0.620126 -4.285272 -6.069575 -2.699143 -3.833269
0.406944 -31.57547 2.894054 0.236292 -1.531573 -3.152642 -3.625679 0.375643 -0.719872
10.40694 -11.57547 4.894054 -2.154067 -3.680884 -2.60897 -2.568242 -0.940957 0.179093
10.40694 -17.57547 4.894054 -0.705315 -2.591024 -2.077077 -4.477386 -2.3475 -2.296159
-19.59306 -21.57547 4.894054 -0.710286 -1.017051 -1.546565 -1.490478 1.993027 0.057129
0.406944 -23.57547 4.894054 -2.542303 -5.158071 -1.806759 -5.01301 -3.183656 -4.302417
2.406944 -25.57547 4.894054 -0.232618 -2.066636 -1.269554 -4.670527 1.031559 -0.433823
0.406944 -25.57547 4.894054 -2.411308 -3.734236 -2.229619 -4.63033 -2.633937 -2.526354
-1.593056 -25.57547 4.894054 -0.711687 -1.883388 0.284532 -1.63676 0.786363 0.132753
-7.593056 -25.57547 4.894054 -1.574525 -0.764899 -0.313649 -0.304723 -1.722506 -1.530797
-9.593056 -25.57547 4.894054 -1.813103 -1.516125 0.406341 1.837615 -1.447583 -0.275681
-21.59306 -25.57547 4.894054 -0.03673 -1.252326 -0.490142 -0.675523 1.602905 0.110622
0.406944 -27.57547 4.894054 -1.007809 -0.503638 -0.884321 -1.184855 -1.627906 0.199564
-7.593056 -27.57547 4.894054 -2.696621 -1.009984 -1.768499 -0.723229 -3.017806 -1.431691
-17.59306 -27.57547 4.894054 -1.131632 -0.399737 -2.037887 -1.268611 -3.300474 -2.499504
-25.59306 -27.57547 4.894054 -0.642494 -1.077741 -1.705334 -1.51242 -2.126176 -2.033667
0.406944 -29.57547 4.894054 0.132918 0.677584 0.837589 1.144251 -1.119476 0.60749
-1.593056 -29.57547 4.894054 1.425545 1.27779 -0.323798 -0.759124 1.353196 2.122533
-9.593056 -29.57547 4.894054 2.135855 -0.68239 -1.027817 -3.654208 3.369549 1.51567
-15.59306 -29.57547 4.894054 -1.133684 0.635707 -1.019961 -0.17337 -3.677911 -2.853001
8.406944 -13.57547 6.894054 5.14898 4.48112 3.774741 6.925906 7.347729 7.365087
10.40694 -17.57547 6.894054 1.542271 0.20769 -1.26906 -2.998899 -1.19155 -3.130983
10.40694 -19.57547 6.894054 0.992655 -0.788057 -2.04964 -3.274365 -2.436283 -3.876357
8.406944 -19.57547 6.894054 -0.936097 0.325305 -2.367539 0.346113 -2.466125 0.133191
10.40694 -21.57547 6.894054 -0.613518 -1.170021 -0.175558 -0.336014 -1.335736 -0.762535
8.406944 -21.57547 6.894054 -0.657922 1.082678 -0.89222 2.82419 -0.397484 1.777857
6.406944 -21.57547 6.894054 2.675034 2.464088 -0.136506 0.956096 3.085176 2.637116
12.40694 -23.57547 6.894054 -0.192741 -0.131149 -1.468729 -4.654819 -0.043367 -0.812454
-1.593056 -23.57547 6.894054 3.28593 0.024208 2.15167 1.101366 -0.284724 -1.548457
-3.593056 -23.57547 6.894054 1.928093 -0.471935 0.724183 -0.412999 -0.543112 -1.486093
12.40694 -25.57547 6.894054 1.801641 2.502195 0.527038 -0.021344 2.891865 1.691465
-1.593056 -25.57547 6.894054 1.159737 0.465257 0.65414 0.583788 0.440685 0.894834
-1.593056 -27.57547 6.894054 0.045669 1.715871 -0.091903 1.076198 1.163241 3.162171
-17.59306 -27.57547 6.894054 -2.104039 -0.717907 -0.443922 0.971071 -0.959669 -0.728069
-15.59306 -29.57547 6.894054 -2.142742 0.544784 -0.195362 1.206461 -3.638047 -2.414952
8.406944 -15.57547 8.894054 5.92666 4.723333 6.508553 7.431705 7.216332 5.209702
8.406944 -17.57547 8.894054 5.257543 4.98542 3.722604 5.090583 4.858879 5.026375
8.406944 -19.57547 8.894054 2.172762 2.77483 0.968406 2.479743 0.182516 1.829618
8.406944 -21.57547 8.894054 1.047182 1.264502 -0.095828 0.720574 1.21234 0.92633
12.40694 -25.57547 8.894054 3.925134 2.304236 -0.132748 -1.245878 1.811631 0.122088
10.40694 -25.57547 8.894054 0.93457 -0.310221 0.470286 -0.933375 -0.191883 -1.150029
-3.593056 -25.57547 8.894054 1.13646 2.379337 0.285157 2.544754 -1.841278 -0.471684
12.40694 -27.57547 8.894054 3.178481 0.051227 1.853799 1.320689 2.740387 0.209716
-37.59306 -27.57547 8.894054 -2.184505 -2.60826 1.174603 -0.501344 -1.721666 -2.107816
12.40694 -29.57547 8.894054 4.475832 -0.018016 3.432969 2.213243 3.961434 0.152692
10.40694 -17.57547 10.89405 2.969869 -0.509714 2.735321 1.011914 0.566782 -1.697056
10.40694 -19.57547 10.89405 1.351239 0.254891 1.635402 2.597776 -0.585506 -0.924587
10.40694 -21.57547 10.89405 0.320227 0.588025 0.329821 0.789426 -0.138227 -0.41212
12.40694 -27.57547 10.89405 2.583291 1.479664 1.485975 1.466916 -0.389123 -0.193209
10.40694 -27.57547 10.89405 2.652753 0.605305 2.731693 2.83101 1.20615 -0.205788
-1.593056 -27.57547 10.89405 2.283881 2.325059 1.226263 1.473739 3.102512 2.958235
-35.59306 -27.57547 10.89405 -2.311033 -2.580771 1.082705 -0.595518 -0.049739 -0.943244
-37.59306 -27.57547 10.89405 -2.932543 -2.642534 0.568241 -1.344946 0.653883 -0.337516
8.406944 -29.57547 10.89405 0.368541 -2.066658 -1.233837 -1.931502 0.11765 -1.309279
-33.59306 -29.57547 10.89405 0.692449 -0.375845 2.43513 1.022934 0.121698 -1.225484
-29.59306 -31.57547 10.89405 0.901901 0.614545 -0.813988 -1.762544 0.259005 -0.116917
-31.59306 -31.57547 10.89405 1.499149 0.593424 0.815117 0.230401 -0.243092 -0.375431
-33.59306 -31.57547 10.89405 1.159 0.427184 1.278397 1.358656 0.250241 0.074394
-41.59306 -9.57547 12.89405 -0.482899 -1.424063 -1.987104 -4.775947 0.102247 -1.086109
10.40694 -21.57547 12.89405 0.469827 1.520011 -1.366202 -1.015874 -2.382889 -1.313217
-27.59306 -25.57547 12.89405 0.425317 -0.382421 -3.290945 -4.269248 0.380169 0.030595
8.406944 -27.57547 12.89405 2.179803 0.816706 2.039253 3.43017 2.187785 0.566313
-23.59306 -27.57547 12.89405 0.294323 2.804922 1.147696 2.820171 0.440659 1.764613
-25.59306 -27.57547 12.89405 -0.274416 0.264725 0.550237 0.011782 0.594526 0.120797
-27.59306 -27.57547 12.89405 -0.278018 -1.335309 -2.563518 -4.670075 0.313669 -0.734582
14.40694 -29.57547 12.89405 1.453754 0.331333 0.717774 1.905156 0.796369 0.842227
-21.59306 -29.57547 12.89405 -1.019673 -0.508232 0.157194 0.249208 -1.872779 -1.711801
-27.59306 -29.57547 12.89405 -0.811176 -1.27599 -0.857496 -1.242025 -0.062168 -0.406447
14.40694 -31.57547 12.89405 2.363137 1.955279 0.640699 1.47992 3.656989 2.857971
6.406944 -31.57547 12.89405 -1.310137 -0.268499 0.329352 1.451899 -1.413527 -0.118967
-1.593056 -31.57547 12.89405 1.842192 2.554222 1.596597 1.278092 1.595415 1.431278
-3.593056 -31.57547 12.89405 0.767124 0.333083 -0.549359 -0.873347 -0.913256 -2.564831
-37.59306 -7.57547 14.89405 -0.662161 -0.137264 0.178724 0.588425 -1.639926 -1.209132
-41.59306 -9.57547 14.89405 -0.04253 0.552202 -0.075354 0.756858 -0.290299 -0.173103
-35.59306 -27.57547 14.89405 -1.457521 -1.600798 1.565539 0.421833 0.711229 0.317182
14.40694 -31.57547 14.89405 2.467311 1.060856 -0.593149 -0.031764 3.339669 2.471098
12.40694 -31.57547 14.89405 2.746982 2.006196 0.462177 1.267123 3.659307 3.547146
10.40694 -31.57547 14.89405 0.299126 -0.41203 -2.014978 -3.251743 2.335099 2.304561
8.406944 -33.57547 14.89405 1.051913 -0.873029 -1.810504 -5.460759 3.518011 2.751254
-33.59306 -7.57547 16.89405 0.820349 1.789815 -1.52197 -1.27514 -1.825129 -1.507052
-33.59306 -9.57547 16.89405 1.939568 1.959218 -2.002968 -3.426945 -0.273812 -1.175612
-35.59306 -9.57547 16.89405 2.888712 1.323386 -1.742402 -3.760387 0.64382 -0.728562
-45.59306 -9.57547 16.89405 2.23954 0.444009 1.426839 0.810895 1.830588 0.460006
-47.59306 -9.57547 16.89405 0.836524 -0.104845 -0.080746 -1.190577 -0.40997 -0.024978
-23.59306 -13.57547 16.89405 3.124395 2.586504 2.597466 2.143008 1.984547 2.218127
10.40694 -25.57547 16.89405 -0.336707 0.09871 -3.57548 -2.622439 -0.085572 0.38054
6.406944 -27.57547 16.89405 -1.30553 -1.31194 -2.300226 -2.94789 -2.177941 -1.573505
-3.593056 -27.57547 16.89405 0.086673 0.563553 -1.292839 0.423041 -0.266469 -0.116258
-33.59306 -27.57547 16.89405 -1.720196 -3.229176 -1.2641 -4.577199 0.537474 0.233846
-43.59306 -27.57547 16.89405 0.516344 -0.872978 -0.860279 -2.472652 0.275183 -0.723766
12.40694 -33.57547 16.89405 0.52405 -0.829004 1.574573 0.074497 1.654461 -0.829006
-27.59306 -9.57547 18.89405 -1.60276 -0.407539 -2.680743 -2.409721 -1.770088 0.833266
-29.59306 -9.57547 18.89405 -0.305197 -0.297308 0.449519 0.128912 -0.443993 0.08404
-45.59306 -9.57547 18.89405 2.341985 -0.550604 0.763785 -1.384119 2.764697 0.995624
-23.59306 -13.57547 18.89405 0.60565 -0.931543 0.276469 -0.673658 1.075773 1.068339
8.406944 -27.57547 18.89405 -1.791411 -3.431225 -3.009635 -3.855397 -0.126781 -1.641366
-1.593056 -27.57547 18.89405 -0.289571 0.126664 -3.087825 -1.722825 -2.284387 -1.512467
-3.593056 -27.57547 18.89405 0.585939 0.970589 -1.010927 0.018782 -1.911513 -1.855387
-5.593056 -27.57547 18.89405 1.353761 1.547931 -0.406287 0.118474 -0.635763 -0.809353
-33.59306 -27.57547 18.89405 -3.242462 -3.06743 -1.835338 -3.398948 -0.266945 0.471167
-41.59306 -27.57547 18.89405 1.05475 -0.052808 -0.737546 -1.739728 -0.280367 -1.488125
-43.59306 -27.57547 18.89405 1.264402 0.82486 -1.401164 -1.218441 -0.732183 -1.29805
8.406944 -29.57547 18.89405 -0.774056 -3.737299 -1.833198 -4.733214 0.187613 -2.450214
-43.59306 -9.57547 20.89405 0.134591 -1.077139 -0.767607 -1.190135 1.433447 0.917624
-31.59306 -11.57547 20.89405 0.453119 1.565989 -2.092537 -3.005954 1.528144 1.233041
-43.59306 -11.57547 20.89405 2.409046 0.460531 0.978928 -1.122728 2.950006 1.832699
-45.59306 -11.57547 20.89405 1.182545 0.211652 -0.086336 -2.424826 2.768217 1.798548
-47.59306 -13.57547 20.89405 1.256707 0.660963 1.463849 1.194773 3.323916 2.671909
10.40694 -27.57547 20.89405 -0.132664 -0.158348 -1.198189 -0.535696 1.649996 0.597633
8.406944 -29.57547 20.89405 -1.541493 -1.030597 -0.740542 -0.921708 0.344665 0.483933
-1.593056 -29.57547 20.89405 1.130887 -0.406678 -1.380689 -0.954685 0.430102 0.270105
-39.59306 -29.57547 20.89405 0.619888 0.561855 -1.039676 -1.302502 1.867384 1.522799
-23.59306 -7.57547 22.89405 -0.948448 -1.55378 -2.113095 -1.444549 -2.03246 -1.460179
-29.59306 -7.57547 22.89405 1.366963 0.956905 0.094598 -1.149882 1.047496 -0.447426
-27.59306 -11.57547 22.89405 3.70015 1.042316 0.507648 -2.371022 0.09305 -0.80581
-39.59306 -11.57547 22.89405 1.278815 -0.702689 1.114313 0.599664 1.430945 -0.583669
-25.59306 -13.57547 22.89405 -0.431309 -0.930725 0.242171 0.29227 -2.057907 -0.409167
-27.59306 -13.57547 22.89405 2.064747 -0.576912 0.123837 -1.235206 -1.091415 -1.348267
-41.59306 -13.57547 22.89405 3.591666 1.504715 3.081953 2.953533 2.365582 0.628716
-47.59306 -15.57547 22.89405 1.708337 1.758 0.409386 0.897202 1.977099 2.055318
-47.59306 -17.57547 22.89405 0.485111 0.255944 -1.107442 -1.140909 0.179375 0.471801
-1.593056 -29.57547 22.89405 2.400702 2.312008 0.020127 3.030736 2.370131 3.468035
-3.593056 -29.57547 22.89405 2.12393 1.066486 1.266506 2.586227 1.778144 1.403458
-5.593056 -29.57547 22.89405 0.866686 -1.295751 -0.615159 -0.629345 -0.12508 -1.4037
-23.59306 -7.57547 24.89405 -0.678923 1.007101 -2.946908 -1.420576 -1.963808 -1.079755
-27.59306 -7.57547 24.89405 0.872797 1.291551 -0.298344 -1.177284 1.412316 0.63734
-23.59306 -9.57547 24.89405 -0.987722 0.99041 -2.496181 -0.075359 -1.871922 -0.219866
-25.59306 -9.57547 24.89405 1.788762 2.480424 -2.173595 -0.82482 -1.286469 0.753487
-25.59306 -11.57547 24.89405 0.184778 1.076982 -0.699046 1.158674 -0.050724 2.664496
-25.59306 -13.57547 24.89405 -1.40985 -1.13138 0.073241 0.62563 -0.694833 0.891706
-27.59306 -13.57547 24.89405 -0.792612 -1.334635 -3.157473 -5.53464 -0.853721 -0.850511
-33.59306 -13.57547 24.89405 2.804538 1.074523 1.522813 1.703547 1.365354 0.799834
-35.59306 -13.57547 24.89405 1.277756 1.844645 0.153193 1.400353 0.857036 1.474041
-25.59306 -15.57547 24.89405 -2.233301 -3.152091 0.129034 -1.972273 -2.27674 -1.721969
-29.59306 -15.57547 24.89405 -0.635897 -2.654776 -2.359964 -5.465166 -0.898497 -1.80099
-31.59306 -15.57547 24.89405 -1.186725 -1.687601 -0.139687 -1.566507 -0.635278 -0.564113
-33.59306 -15.57547 24.89405 0.062485 0.185691 -0.371086 -0.593057 0.398249 0.364978
-23.59306 -17.57547 24.89405 -2.228739 -2.387675 0.623406 -0.993848 -1.555892 -1.170169
-27.59306 -17.57547 24.89405 0.289326 -1.270582 -1.203294 -4.618754 0.472459 -0.841841
-27.59306 -19.57547 24.89405 -0.404827 -0.189128 -0.136363 -1.626747 0.231283 -0.397186
-49.59306 -19.57547 24.89405 0.644424 -0.192985 -0.663711 -0.428323 0.395024 0.674722
-49.59306 -21.57547 24.89405 -0.877326 -0.942475 -1.544521 -1.384079 0.310886 0.696234
8.406944 -29.57547 24.89405 0.185627 0.481237 -1.36596 -0.406305 -0.733138 -0.522295
14.40694 -31.57547 24.89405 -2.050193 -2.327933 -1.641226 -2.393972 -3.300207 -3.128264
12.40694 -31.57547 24.89405 0.143147 0.27149 0.38696 0.447901 -1.476374 -1.990296
-27.59306 -5.57547 26.89405 1.21096 2.856075 0.569299 2.372596 -1.377078 0.215547
-25.59306 -11.57547 26.89405 1.303858 0.587997 0.294083 1.181588 -0.36231 0.141309
-25.59306 -13.57547 26.89405 -1.089779 -0.035866 1.718372 2.50431 -1.778783 -0.760165
-29.59306 -13.57547 26.89405 0.535286 0.592915 0.052544 -0.698531 0.009546 -0.049903
-31.59306 -13.57547 26.89405 1.690426 1.957558 1.921263 2.076514 1.543676 2.170682
-51.59306 -13.57547 26.89405 0.64777 0.781573 0.591383 2.363808 0.724047 0.259561
-25.59306 -15.57547 26.89405 -1.484748 -0.644934 1.542703 1.212812 -2.336967 -1.665103
-27.59306 -15.57547 26.89405 0.865101 0.581774 -0.991186 -3.590187 -0.156655 -1.454438
-29.59306 -15.57547 26.89405 0.688081 -0.129723 -0.871774 -3.257744 0.469722 -0.621999
-31.59306 -15.57547 26.89405 0.052334 0.29309 1.155407 0.258373 1.491822 1.697583
-43.59306 -15.57547 26.89405 -1.439526 -2.233258 -3.196773 -3.758755 -1.284036 -0.827459
-45.59306 -15.57547 26.89405 -1.399018 -2.255804 -2.32736 -2.361588 -2.675618 -1.668912
-47.59306 -15.57547 26.89405 -0.433277 -0.409785 -0.522387 -0.3155 -2.415377 -1.948429
-49.59306 -15.57547 26.89405 -0.708595 0.08395 -0.154435 1.39494 -1.551744 -0.766855
-51.59306 -15.57547 26.89405 0.074027 0.112407 -0.078348 1.018021 -0.560754 -0.481625
-25.59306 -17.57547 26.89405 -1.30785 -1.790705 0.434292 -0.664626 -1.55049 -1.269744
-27.59306 -17.57547 26.89405 1.082242 0.0512 -0.694577 -2.603054 -0.539774 -1.921147
-43.59306 -17.57547 26.89405 -1.275117 -0.289466 -1.564137 -0.817258 -2.544662 -1.348882
-45.59306 -17.57547 26.89405 -1.855512 -1.756788 -1.964335 -1.833336 -2.23433 -1.253077
-47.59306 -17.57547 26.89405 -0.890777 0.43809 -1.320337 -0.144494 -1.726504 -0.518024
-45.59306 -19.57547 26.89405 -2.576125 -1.219291 -1.970591 -1.501691 -1.495144 -0.759008
-39.59306 -5.57547 28.89405 -3.088913 -1.978906 -2.668402 -2.841138 -3.221755 -1.60597
-25.59306 -11.57547 28.89405 -0.049278 0.28985 -0.50734 0.872671 -0.904196 0.5818
-27.59306 -11.57547 28.89405 -0.627887 0.937549 -2.60638 -2.230214 -1.296398 0.400703
-25.59306 -13.57547 28.89405 0.480258 1.680866 1.235743 2.295576 -0.985913 0.348679
-27.59306 -13.57547 28.89405 -1.101374 0.550717 -1.768061 -0.952256 -2.315705 0.234378
-29.59306 -13.57547 28.89405 -1.25641 -0.428888 -1.11455 -0.023387 -1.688804 0.180622
-43.59306 -13.57547 28.89405 -2.93956 -1.579364 -4.140266 -3.30478 -2.976403 -0.888116
-49.59306 -13.57547 28.89405 0.134057 -0.215054 0.709375 2.480039 1.086908 0.907764
-51.59306 -13.57547 28.89405 0.394784 0.002678 -0.193452 1.894864 0.453425 0.458277
-27.59306 -15.57547 28.89405 -0.713198 0.266446 -0.535294 -1.46209 -2.090362 -1.091707
-3.593056 -19.57547 28.89405 0.716669 -0.169214 -0.050162 -1.161296 0.587587 -0.07118
-37.59306 -19.57547 28.89405 -1.821387 -0.32853 -1.712449 -1.970335 -2.055007 -0.547379
-39.59306 -19.57547 28.89405 -0.471037 0.515599 -0.918805 0.076183 -2.351315 -1.070967
6.406944 -33.57547 28.89405 -0.880548 -0.729362 -2.781854 -3.394794 0.458594 0.865507
8.406944 -35.57547 28.89405 -1.03361 -1.792614 -1.407961 -1.29086 0.674455 0.815183
6.406944 -35.57547 28.89405 -2.125529 -1.553742 -2.06785 -1.30973 0.069157 1.088859
-43.59306 -11.57547 30.89405 -1.165371 -1.03386 -2.126542 -2.329703 -1.263136 -0.107747
-45.59306 -11.57547 30.89405 -1.942926 -3.054685 -2.456164 -3.754396 -2.463686 -2.114275
-47.59306 -11.57547 30.89405 -1.383813 -2.73066 -1.320001 -2.159333 -1.160062 -1.208725
-39.59306 -13.57547 30.89405 -1.772356 -0.467091 -1.172978 0.536182 -1.95039 0.961141
-41.59306 -13.57547 30.89405 -0.51654 1.28314 -3.251725 0.165875 -2.216673 1.432856
-47.59306 -13.57547 30.89405 -0.564322 -1.097249 -1.480756 -1.222784 -0.711799 -0.299876
-49.59306 -13.57547 30.89405 -0.771078 -1.170631 -1.48375 -1.654472 0.244206 0.391841
-51.59306 -13.57547 30.89405 0.064449 -0.834105 -1.909111 -2.293667 0.720426 0.109337
-37.59306 -15.57547 30.89405 -3.314296 -3.175517 -0.829904 -0.63753 -2.123314 -0.234029
-43.59306 -15.57547 30.89405 0.561828 1.349085 -2.525796 -1.448942 0.367918 1.466492
-35.59306 -17.57547 30.89405 -3.173084 -2.534535 -1.482774 -1.719202 -1.895209 -0.780326
-35.59306 -19.57547 30.89405 -3.501887 -2.590136 -1.172798 -1.145408 -2.311735 -1.063054
-37.59306 -19.57547 30.89405 -3.196525 -1.166947 -1.571948 -1.215342 -2.952451 -1.095951
-39.59306 -19.57547 30.89405 -1.842876 -0.417002 -2.382708 -2.064283 -2.215416 -0.788842
-41.59306 -19.57547 30.89405 -1.69041 -0.904242 -2.526836 -3.554025 -2.196068 -0.744685
-35.59306 -21.57547 30.89405 -2.174273 -0.800906 -1.88241 -0.519911 -2.441751 -0.745343
6.406944 -33.57547 30.89405 -0.418675 -0.938484 -1.305261 -1.865566 0.574484 0.902019
8.406944 -35.57547 30.89405 0.814364 -0.860081 -0.295332 -1.542381 2.274562 1.13066
-37.59306 -5.57547 32.89405 0.539909 -0.579971 0.146881 -1.28289 -2.566356 -3.843566
-43.59306 -11.57547 32.89405 -0.974002 -0.881816 -2.484794 -3.102952 -1.909792 -1.513106
-41.59306 -13.57547 32.89405 0.045376 -0.16592 -1.410712 -0.83319 -0.45985 0.420763
-43.59306 -13.57547 32.89405 -0.450645 -0.496761 -2.521788 -2.270192 -0.689326 -0.029584
-45.59306 -13.57547 32.89405 -1.084904 -1.448668 -2.692847 -3.162854 -0.633354 -0.049059
-37.59306 -15.57547 32.89405 -0.862709 -0.731035 -0.323828 1.243378 -0.244885 0.791975
-39.59306 -15.57547 32.89405 -1.092995 -0.662045 -1.280638 -0.398845 -1.570204 -0.721036
-41.59306 -15.57547 32.89405 0.530154 -0.302237 -2.171281 -1.91313 -0.570856 -0.653363
-43.59306 -15.57547 32.89405 1.142527 0.827294 -1.922584 -2.261713 -0.486362 -0.367109
-45.59306 -15.57547 32.89405 0.733279 -0.114821 -1.536609 -2.190541 -0.413042 -0.422955
-5.593056 -17.57547 32.89405 -0.461184 -1.844685 0.698719 0.353998 0.741044 -1.747986
-41.59306 -17.57547 32.89405 -1.054407 -1.055484 -5.035408 -6.431753 -1.77793 -1.049415
-43.59306 -17.57547 32.89405 -0.424137 -0.753847 -2.695844 -4.200111 -1.087505 -0.742945
-45.59306 -17.57547 32.89405 -0.686177 -1.489713 -1.965816 -3.878123 -1.735728 -1.499759
-3.593056 -19.57547 32.89405 -1.419323 -0.899688 0.405979 -0.247295 0.55169 0.217138
-35.59306 -19.57547 32.89405 -2.646518 -2.440364 -1.101578 -1.770465 -0.985491 -0.478372
-37.59306 -19.57547 32.89405 -2.81984 -1.360234 -1.626866 -1.899184 -2.550893 -1.29338
-39.59306 -19.57547 32.89405 -2.287578 -0.968717 -3.159815 -3.529761 -2.534138 -1.122019
-35.59306 -5.57547 34.89405 -0.346431 -2.299119 -4.18515 -7.693341 -1.947221 -3.126879
-47.59306 -13.57547 34.89405 -0.084012 0.357038 -0.78949 -0.405222 -0.650153 -0.17094
-3.593056 -15.57547 34.89405 -3.86772 -3.553789 -3.300586 -3.0888 -2.96637 -1.970568
-5.593056 -15.57547 34.89405 -3.360508 -3.290559 -1.67027 -1.598544 -1.938363 -2.170445
-47.59306 -15.57547 34.89405 -0.650645 -0.686519 -0.340203 0.507354 -1.471253 -0.859782
-3.593056 -17.57547 34.89405 -2.839473 -3.20098 -4.278879 -3.839958 -1.819467 -0.938007
-39.59306 -17.57547 34.89405 -0.680372 -0.569375 -3.17462 -3.700097 -1.507079 -1.585067
-47.59306 -17.57547 34.89405 -1.148224 -1.964718 -1.620519 -2.340734 -2.569185 -1.302663
-49.59306 -17.57547 34.89405 -1.02191 -0.915931 -2.870549 -3.693482 -2.181963 -1.384448
-3.593056 -19.57547 34.89405 -1.498786 -1.230056 -3.090338 -3.132556 -0.168658 0.099136
-37.59306 -19.57547 34.89405 -1.338714 -0.762425 -0.780498 -0.843282 -1.80546 -1.643248
-39.59306 -19.57547 34.89405 -2.76383 -2.195765 -4.100163 -5.472932 -2.273596 -2.280927
-41.59306 -19.57547 34.89405 -3.831567 -3.256913 -5.228867 -7.705349 -3.267816 -2.102988
-43.59306 -19.57547 34.89405 -1.362297 -0.951669 -1.600242 -2.838672 -2.130005 -0.203459
-45.59306 -19.57547 34.89405 -1.084649 -1.183808 -1.086478 -1.193153 -2.312677 0.458471
-45.59306 -21.57547 34.89405 -1.663704 -0.875541 -2.203738 -2.676042 -2.546641 -0.329762
10.40694 -31.57547 34.89405 0.967692 -0.72509 0.806449 -1.200958 2.915366 2.241969
8.406944 -33.57547 34.89405 3.968175 1.465979 3.436766 1.495851 4.11581 0.808361
-37.59306 -11.57547 36.89405 -0.52205 0.267033 0.012705 0.523382 -0.149134 -0.304798
-35.59306 -13.57547 36.89405 -0.891721 -0.025536 -2.586224 -3.98003 -0.432752 -0.557894
-37.59306 -13.57547 36.89405 -2.424945 -0.536496 -3.094959 -2.203425 -2.221434 -1.300516
-3.593056 -15.57547 36.89405 -1.599057 -1.36565 -2.45869 -1.080585 -0.595844 -0.633329
-5.593056 -15.57547 36.89405 -1.768447 -1.188071 -2.098647 -0.77706 0.057871 -0.096585
-39.59306 -15.57547 36.89405 -0.237402 -0.730216 -2.48102 -3.690443 0.244783 -0.814583
-49.59306 -15.57547 36.89405 -1.114137 -0.525183 0.413705 -0.208861 0.339236 -0.789477
-47.59306 -17.57547 36.89405 -0.858402 -1.734034 -0.344946 0.13172 -0.561174 -0.656601
-49.59306 -17.57547 36.89405 -0.286043 -0.810972 -1.069412 -1.345105 -0.316847 -0.515824
-37.59306 -19.57547 36.89405 -0.900686 -1.936155 -0.880275 -1.981199 -0.676276 -1.990691
-37.59306 -21.57547 36.89405 -2.093331 -1.815617 -1.453664 -2.635535 -2.136389 -2.062359
-41.59306 -21.57547 36.89405 -2.478136 -3.694238 -3.562824 -5.528659 -2.335504 -1.801352
-5.593056 -11.57547 38.89405 1.299595 1.481998 -1.302158 -1.222658 -0.681307 -1.004561
-33.59306 -11.57547 38.89405 -1.234797 -0.59707 -2.379843 -2.740056 -0.061922 0.012293
-43.59306 -11.57547 38.89405 1.082356 0.733399 0.85165 0.961261 0.878963 0.87701
-1.593056 -15.57547 38.89405 0.866265 1.316327 -0.054462 1.474238 1.347813 0.259257
-3.593056 -15.57547 38.89405 0.059123 0.775053 -1.145699 0.692095 1.152531 1.877846
-39.59306 -15.57547 38.89405 -0.0514 0.508763 -3.538944 -4.4128 -1.050826 -1.436719
-1.593056 -19.57547 38.89405 -0.114865 -0.442056 -0.859714 -0.161002 0.394158 0.639313
-45.59306 -19.57547 38.89405 0.77813 -0.529363 -0.926618 -1.600507 0.71249 -0.140977
-39.59306 -21.57547 38.89405 -0.549736 -0.723987 -0.232798 -0.830062 -0.68001 -1.166916
-21.59306 -25.57547 38.89405 0.063781 0.9448 0.09466 0.621186 0.060492 0.335448
-23.59306 -19.57547 40.89405 0.51966 0.924904 0.386101 1.643659 -0.761167 -0.078058
-25.59306 -19.57547 40.89405 0.83211 0.573572 0.947516 1.131766 0.313444 0.628323
-27.59306 -19.57547 40.89405 0.218078 -0.514862 -0.105956 -0.705945 0.863278 0.389077
-9.593056 -21.57547 40.89405 -1.221738 -1.243861 -3.09384 -3.97352 -0.693445 -0.371691
-11.59306 -21.57547 40.89405 1.473321 0.419628 -1.346851 -0.417802 1.013116 1.864697
-23.59306 -21.57547 40.89405 0.253799 0.196199 0.476941 1.073465 -0.833015 0.170304
-37.59306 -21.57547 40.89405 -1.321967 -0.760619 -1.305612 -1.850685 -1.713119 -1.575436
-39.59306 -21.57547 40.89405 -0.775209 -0.554621 -0.202081 -0.849313 -1.372829 -1.174321
-41.59306 -21.57547 40.89405 0.715865 -0.01633 -0.264664 -1.467155 0.109898 -0.589393
-9.593056 -23.57547 40.89405 -0.103159 0.402696 -2.47378 -3.108988 -0.502115 0.862185
-23.59306 -23.57547 40.89405 -0.461668 0.430571 -0.216607 0.711033 -1.365415 0.222484
-27.59306 -23.57547 40.89405 1.211502 0.876786 0.546554 -0.054861 1.766284 0.906727
-21.59306 -25.57547 40.89405 0.06005 0.41148 0.678197 1.084042 1.002339 1.252757
-23.59306 -25.57547 40.89405 1.174348 1.183879 0.412577 0.470141 0.610302 0.769538
-25.59306 -25.57547 40.89405 1.421104 1.162664 0.140748 -0.872771 0.553219 -0.139655
-29.59306 -25.57547 40.89405 0.331247 -0.108309 0.741406 0.19233 0.738437 0.554281
-39.59306 -25.57547 40.89405 0.700633 0.735276 -0.739589 -1.042439 0.194792 0.026776
-19.59306 -27.57547 40.89405 0.810765 -0.416121 -0.955217 -2.471788 1.644471 0.189319
-29.59306 -27.57547 40.89405 1.08313 -0.193204 1.504147 -0.176657 1.686424 0.251427
0.406944 -21.57547 42.89405 0.532336 1.437043 -1.07766 -0.794739 -0.167913 0.69173
-1.593056 -21.57547 42.89405 -0.545744 -0.057664 -1.389318 -1.211926 0.419623 1.294225
-3.593056 -21.57547 42.89405 -0.768505 -0.586423 -0.272473 -0.597634 0.364775 0.474415
-11.59306 -21.57547 42.89405 -0.992414 -1.147589 -0.311736 0.227819 -0.790568 0.12706
-23.59306 -21.57547 42.89405 0.493866 0.717956 -0.688724 0.363981 -1.930407 -0.965534
-29.59306 -21.57547 42.89405 2.054872 0.242665 -0.008917 -0.412374 1.040306 -0.384495
-31.59306 -21.57547 42.89405 1.592733 0.221679 -0.009447 -0.541013 -0.246201 -1.174079
-43.59306 -21.57547 42.89405 0.783016 0.402013 1.030108 1.798009 -0.178742 -0.278473
-27.59306 -23.57547 42.89405 2.19982 1.60051 0.181251 0.311298 1.464088 1.176026
-29.59306 -23.57547 42.89405 0.573132 0.202592 -0.456257 -0.462343 0.915006 0.837826
-31.59306 -23.57547 42.89405 -0.300664 -0.037619 0.147634 0.747538 -0.176766 0.02255
-41.59306 -23.57547 42.89405 1.234983 0.959412 -0.518041 -1.006394 -0.898312 -0.781561
-29.59306 -25.57547 42.89405 -0.388668 -0.324954 -0.528282 -1.065912 0.956027 1.004599
-23.59306 -27.57547 42.89405 0.358989 -0.177133 -0.089202 -0.859662 0.755124 0.634002
-37.59306 -27.57547 42.89405 1.829155 1.700467 -1.138781 -1.952992 -0.066118 -0.343472
-39.59306 -27.57547 42.89405 0.505486 0.60527 -0.942466 -1.243657 -1.581932 -0.263956
-7.593056 -33.57547 42.89405 3.077756 2.283539 3.796456 4.839926 3.395194 3.153846
-1.593056 -21.57547 44.89405 1.854359 2.303575 -0.113346 1.179346 -0.726236 1.293302
-11.59306 -21.57547 44.89405 -2.299741 -2.029349 -0.766705 -0.715007 -0.910742 -1.021821
-25.59306 -21.57547 44.89405 0.784834 1.048495 -0.746925 -0.568507 1.147163 0.98888
-31.59306 -21.57547 44.89405 0.324827 0.273522 -0.244104 -0.451122 -1.481655 -1.408724
-33.59306 -21.57547 44.89405 0.676369 0.220874 0.352464 -0.028663 -0.773528 -1.370165
-3.593056 -23.57547 44.89405 2.28489 1.279948 0.386041 1.208645 0.201489 0.163447
-11.59306 -23.57547 44.89405 -0.87039 -1.472435 -1.613625 -1.606812 -2.215865 -1.725207
-23.59306 -23.57547 44.89405 -0.498134 0.858897 -0.438711 0.661379 -0.145453 0.850681
-31.59306 -23.57547 44.89405 -0.070614 1.521144 -1.09577 0.817903 -2.150578 -0.348712
-37.59306 -23.57547 44.89405 -0.476259 -1.390743 -0.416284 -1.003567 -1.902984 -2.773646
-39.59306 -23.57547 44.89405 0.623948 -0.385171 0.381475 -0.10428 -2.17684 -2.395756
-5.593056 -25.57547 44.89405 2.140285 1.582171 -1.879355 -3.276762 -0.194272 -1.69396
-7.593056 -25.57547 44.89405 0.521862 -0.500267 -1.62675 -2.324076 -1.266535 -1.551155
-25.59306 -25.57547 44.89405 -0.169309 1.442309 -0.520695 1.278385 0.704543 2.459155
-29.59306 -25.57547 44.89405 -0.531217 0.735557 -2.290468 -0.629891 -1.379004 0.968275
-31.59306 -25.57547 44.89405 -0.979433 0.212734 -1.466599 0.141508 -2.338303 -0.463112
-37.59306 -25.57547 44.89405 0.211136 -0.008432 -0.094802 -0.2028 -1.822988 -1.649632
-21.59306 -27.57547 44.89405 -0.187917 -0.620048 -0.163658 0.129852 -0.814249 -1.06166
-25.59306 -27.57547 44.89405 0.561974 1.511861 0.677669 1.74513 1.468186 2.11365
-31.59306 -27.57547 44.89405 0.70376 0.05062 -0.136778 -0.467818 -0.571477 -0.727012
-37.59306 -27.57547 44.89405 1.199817 0.91016 -0.370345 -0.082754 -0.937992 -0.555838
-11.59306 -21.57547 46.89405 -0.642941 -1.240499 -2.231301 -2.937231 0.842212 0.571235
-27.59306 -21.57547 46.89405 1.281324 1.571623 0.652189 1.432867 0.821195 1.279132
-33.59306 -21.57547 46.89405 -0.906363 0.094586 -1.110494 -0.213509 -1.691659 -0.907499
-35.59306 -21.57547 46.89405 -0.69268 -0.912907 -0.697508 -0.908599 -0.976417 -1.280263
-39.59306 -21.57547 46.89405 -0.41116 -0.300535 0.157693 0.026349 -1.242348 -1.257996
-9.593056 -23.57547 46.89405 -0.303244 -0.979413 -0.566987 0.496045 -0.458644 0.264003
-25.59306 -23.57547 46.89405 0.077895 1.287387 0.392228 2.140042 0.486168 1.872392
-27.59306 -23.57547 46.89405 0.311211 1.492894 0.73831 2.267864 -0.08785 1.394715
-37.59306 -23.57547 46.89405 -1.591038 -1.520243 -0.382819 -0.319269 -1.902102 -1.586837
-7.593056 -25.57547 46.89405 -0.507119 -0.210924 -1.111333 0.148401 -1.135397 0.268415
-9.593056 -25.57547 46.89405 -1.51186 -1.45524 -1.481727 -0.303918 -1.264062 0.443902
-25.59306 -25.57547 46.89405 0.375008 1.462767 -0.376424 1.174026 0.83406 2.249189
-33.59306 -25.57547 46.89405 -2.192079 -0.262908 -1.57955 -0.827716 -2.8162 -1.294855
-37.59306 -25.57547 46.89405 -3.075846 -2.2118 -0.631804 -0.169826 -3.095005 -1.578634
-35.59306 -27.57547 46.89405 -2.703945 -1.122278 -0.469222 0.437341 -2.446861 -0.267643
-37.59306 -27.57547 46.89405 -3.672121 -2.52535 -1.1697 -0.349114 -4.988002 -2.893162
-7.593056 -21.57547 48.89405 0.78121 2.329457 0.731172 1.027488 0.342037 0.808802
-9.593056 -21.57547 48.89405 1.804363 1.590922 0.036911 0.299207 2.077978 1.753951
-19.59306 -21.57547 48.89405 -1.212441 -0.177379 -2.574226 -1.419212 -1.917841 0.209981
-3.593056 -23.57547 48.89405 1.270704 -0.408397 -0.05761 -0.932155 0.973068 -0.015787
-5.593056 -23.57547 48.89405 3.224713 1.427774 1.494869 0.546556 2.541046 1.009668
-7.593056 -23.57547 48.89405 1.116924 1.138732 0.170621 0.809451 0.685596 0.568663
-17.59306 -23.57547 48.89405 -0.361272 0.074322 -1.609233 -0.644795 -0.955803 0.28835
-19.59306 -23.57547 48.89405 -0.601198 -0.222594 -0.901976 0.134164 -0.928401 0.452574
-29.59306 -23.57547 48.89405 -1.29795 -0.316264 -3.020925 -1.95115 0.13967 1.678464
-37.59306 -23.57547 48.89405 -2.35019 -2.66174 -1.943925 -2.748096 -2.475961 -2.462197
-3.593056 -25.57547 48.89405 0.014708 -0.850724 -0.866261 -1.442303 -1.083833 -1.360735
-5.593056 -25.57547 48.89405 2.599813 1.187772 1.151217 0.26395 2.838795 1.550244
-7.593056 -25.57547 48.89405 0.316633 0.697757 0.562291 1.143499 0.913089 1.204973
-19.59306 -25.57547 48.89405 -0.126992 -0.452925 -1.512257 -1.18812 -1.2479 -0.671551
-25.59306 -25.57547 48.89405 0.890426 0.671838 -1.535036 -1.67784 0.210146 0.644876
-3.593056 -27.57547 48.89405 -0.587463 -0.911196 -1.506867 -1.300589 -0.248191 -0.124328
-7.593056 -21.57547 50.89405 0.161643 1.675587 0.312575 0.955491 1.170965 2.110859
-31.59306 -21.57547 50.89405 0.832168 1.545863 -0.534441 -0.028108 0.354773 0.600166
-1.593056 -23.57547 50.89405 1.346876 -0.383537 1.573607 1.149618 0.324243 -0.638739
-3.593056 -23.57547 50.89405 1.76471 1.155646 1.118862 2.300375 1.233758 1.27551
-5.593056 -23.57547 50.89405 1.603495 1.766086 1.151749 2.190843 1.358658 1.249398
-17.59306 -23.57547 50.89405 0.191097 -0.239767 -2.036086 -2.159241 -0.48144 -0.108086
-21.59306 -23.57547 50.89405 -0.27587 -0.859858 -0.330275 -0.986171 -0.687591 -0.687137
-31.59306 -23.57547 50.89405 0.288729 1.166745 -0.940491 0.365308 0.432097 1.372706
0.406944 -25.57547 50.89405 2.05394 -1.680112 1.397478 -1.234965 0.779876 -2.239116
-1.593056 -25.57547 50.89405 0.714121 -0.917707 0.786961 -0.360424 -0.661638 -1.615134
-3.593056 -25.57547 50.89405 1.012938 0.543848 0.556618 0.962801 -0.413858 -0.57646
-17.59306 -25.57547 50.89405 0.526665 -0.200193 -1.249259 -1.893913 0.508397 -0.160122
-19.59306 -25.57547 50.89405 0.524183 0.332946 -1.417976 -1.94887 1.206284 0.719219
-21.59306 -25.57547 50.89405 -0.230341 0.425028 -0.007034 0.032428 -0.578331 -0.062772
-25.59306 -27.57547 50.89405 0.324051 1.031494 -0.548955 0.470865 -0.482511 0.512182
-27.59306 -27.57547 50.89405 -1.18727 -0.464846 -3.327134 -2.237781 -1.504183 0.266055
-25.59306 -33.57547 50.89405 2.950725 1.716013 0.392643 0.416446 0.834466 0.713226
0.406944 -23.57547 52.89405 1.141683 -0.157482 0.861452 -0.771823 0.836772 -0.567332
-1.593056 -23.57547 52.89405 0.295959 -0.770057 0.728957 0.093616 0.441295 -0.442839
-17.59306 -23.57547 52.89405 0.811357 1.018062 -1.121954 -1.738919 0.055473 0.875815
-21.59306 -23.57547 52.89405 0.45397 0.168216 0.043623 0.19613 -0.240275 0.178317
-27.59306 -23.57547 52.89405 -0.965216 -1.307711 -1.655894 -2.346913 -0.189518 0.026864
-29.59306 -23.57547 52.89405 -0.51798 0.035601 -1.397375 -0.936945 -0.567427 0.334457
-31.59306 -23.57547 52.89405 0.023881 0.464376 -0.175588 0.67264 -0.088782 0.313228
-33.59306 -23.57547 52.89405 -0.1612 0.826878 -1.287911 -0.195319 -0.680934 0.553387
-15.59306 -25.57547 52.89405 2.528569 2.632931 1.196521 1.228228 0.081931 -0.229315
-17.59306 -25.57547 52.89405 2.825415 2.864372 -0.680187 -1.626996 1.864078 1.211378
-21.59306 -25.57547 52.89405 1.196916 1.182243 0.604628 0.857537 1.301777 1.156861
-23.59306 -25.57547 52.89405 0.222586 0.593541 0.085394 0.231776 0.441223 0.445558
-29.59306 -25.57547 52.89405 -0.528318 -0.652714 -1.711784 -1.301816 -0.440753 0.085105
-31.59306 -25.57547 52.89405 -0.363797 -0.655663 -1.311276 -1.524274 -0.08179 0.482575
-3.593056 -27.57547 52.89405 0.431365 -0.379517 0.404846 0.649927 0.066197 -0.533746
-5.593056 -27.57547 52.89405 0.173006 0.169467 0.702809 1.404157 0.083064 0.073503
-15.59306 -27.57547 52.89405 2.94049 1.811117 1.180243 0.483503 1.368556 0.356597
-21.59306 -27.57547 52.89405 2.170438 1.827867 0.867406 0.770029 2.023072 1.105569
-23.59306 -27.57547 52.89405 1.023339 1.550049 1.04266 1.816222 1.159276 1.276556
-27.59306 -27.57547 52.89405 0.218655 0.384058 -1.16632 0.318629 0.136726 1.281658
-29.59306 -27.57547 52.89405 -0.738118 -1.62742 -3.026925 -3.064644 -0.10124 0.751894
-23.59306 -31.57547 52.89405 1.731679 -0.284211 0.067914 -0.720422 1.073315 -0.039779
-25.59306 -33.57547 52.89405 2.118793 -0.185466 -0.052564 -1.363399 1.661927 0.95919
-1.593056 -21.57547 54.89405 -0.931496 -1.558683 -0.742082 -2.147346 -0.194176 -0.610228
-1.593056 -23.57547 54.89405 -0.033147 -1.013839 1.058881 0.087673 0.645026 -0.111562
-17.59306 -23.57547 54.89405 1.066983 -0.006486 0.423836 -0.835542 0.380932 -0.232692
-19.59306 -23.57547 54.89405 3.160073 0.766878 2.215154 0.143223 2.82093 0.856833
-25.59306 -23.57547 54.89405 -0.506193 -0.20356 -0.420716 -0.699005 -0.31046 0.066472
-27.59306 -23.57547 54.89405 -0.240413 -0.22701 -0.057578 -0.566397 -0.39241 -0.363096
-29.59306 -23.57547 54.89405 -0.031605 -0.393228 0.003284 -0.501101 0.030619 0.123817
-31.59306 -23.57547 54.89405 0.11719 -0.372977 0.066523 -0.388328 -0.049794 0.10278
-33.59306 -23.57547 54.89405 -1.453224 0.148805 -1.410656 -0.073558 -0.910008 0.18478
-3.593056 -25.57547 54.89405 0.408301 0.010124 1.00059 0.779393 0.668483 0.202243
-5.593056 -25.57547 54.89405 0.447754 -0.641619 -0.305288 -1.605932 -0.607692 -0.844666
-7.593056 -25.57547 54.89405 1.175682 -0.364703 -0.7508 -1.932682 -0.022102 -0.588633
-15.59306 -25.57547 54.89405 0.188334 0.275949 -0.758048 -1.575545 -0.970632 -0.899556
-17.59306 -25.57547 54.89405 1.754459 0.156789 -0.586292 -2.789355 0.5428 -0.970717
-23.59306 -25.57547 54.89405 -1.074967 -1.089533 -2.187789 -2.608246 -0.222211 -0.178764
-25.59306 -25.57547 54.89405 0.16668 0.069285 -0.662848 -0.711225 0.246572 0.420882
-27.59306 -25.57547 54.89405 -0.009692 -0.084062 -0.577062 -0.723902 -0.59403 -0.202566
-29.59306 -25.57547 54.89405 -0.808168 -1.470098 -0.563791 -1.568668 -0.325059 -0.525565
-3.593056 -27.57547 54.89405 0.614245 -0.133778 0.163428 -0.242554 0.880745 0.358386
-7.593056 -27.57547 54.89405 0.927071 0.790426 0.440336 -0.030697 -0.134586 0.038037
-13.59306 -27.57547 54.89405 0.564179 0.186147 1.023296 0.703904 0.0675 0.120648
-15.59306 -27.57547 54.89405 0.680209 0.209105 -0.898634 -2.19176 0.626024 0.545081
-23.59306 -27.57547 54.89405 0.570643 -0.132568 -1.078466 -1.413772 0.547255 -0.021453
-27.59306 -27.57547 54.89405 0.404986 0.479683 -0.958004 -0.20665 -0.411059 0.652559
-23.59306 -29.57547 54.89405 0.399845 0.303783 -0.143125 0.457731 0.008646 0.063758
-23.59306 -31.57547 54.89405 -0.215685 -0.89147 -0.42374 -0.403321 -0.179987 -0.28699
-25.59306 -31.57547 54.89405 -1.152362 -2.180591 -2.606378 -3.61114 -0.290569 -0.149605
-25.59306 -33.57547 54.89405 -0.939668 -1.27146 -1.696614 -3.310705 0.821662 0.86216
-1.593056 -23.57547 56.89405 -0.142912 -1.232652 2.25757 0.522774 0.017763 -0.652613
-3.593056 -23.57547 56.89405 -1.326612 -2.118975 -0.866933 -2.349047 -2.036351 -1.813209
-7.593056 -23.57547 56.89405 -0.348046 -1.137363 -1.505562 -3.652441 -0.00253 -0.798143
-19.59306 -23.57547 56.89405 1.124286 0.363238 1.319862 0.474885 0.731669 -0.670698
-21.59306 -23.57547 56.89405 -0.778763 -0.590823 -1.257777 -2.185805 -0.897709 -0.73184
-31.59306 -23.57547 56.89405 0.539807 0.415117 -0.293416 -0.592703 0.996393 0.87746
-7.593056 -25.57547 56.89405 0.633418 -0.659955 -0.075154 -2.034031 1.363298 -0.213846
-15.59306 -25.57547 56.89405 0.409814 -0.233482 -0.149372 -0.934606 -1.187671 -1.657093
-17.59306 -25.57547 56.89405 1.277871 -0.157081 -0.394169 -1.499342 -0.393392 -1.796792
-19.59306 -25.57547 56.89405 1.828055 -0.196472 0.214068 -1.99231 0.054278 -2.041374
-25.59306 -25.57547 56.89405 -0.066189 -1.222619 -1.261158 -2.58885 -0.598744 -1.120092
-27.59306 -25.57547 56.89405 -0.724511 -0.920385 -1.941114 -2.749307 -1.227355 -0.892315
-3.593056 -27.57547 56.89405 -0.544721 -0.816726 -0.731794 -1.742194 0.759194 0.630977
-5.593056 -27.57547 56.89405 0.563691 -0.159948 0.068222 -0.996474 -0.109562 -0.455837
-13.59306 -27.57547 56.89405 -0.416643 -0.843439 1.200833 0.355064 -1.279071 -0.726226
-15.59306 -27.57547 56.89405 0.708502 -0.290372 -0.661326 -2.260385 -0.931627 -1.088946
-25.59306 -27.57547 56.89405 -0.224711 -0.907353 -0.979634 -1.300571 -0.188359 -0.084676
-27.59306 -27.57547 56.89405 -0.787026 -0.396752 -1.979113 -1.178275 -0.889174 -0.02857
-17.59306 -21.57547 58.89405 1.244324 0.09081 0.652248 0.176326 0.664162 -0.007122
-7.593056 -23.57547 58.89405 -1.809556 -1.861677 -1.832879 -3.024031 -0.964106 -0.972271
-21.59306 -23.57547 58.89405 -0.318197 -0.35009 -0.555521 -1.209735 -0.505832 -0.782711
-23.59306 -23.57547 58.89405 -0.333738 -1.022014 -0.609682 -1.357531 -0.118059 -0.592517
-5.593056 -25.57547 58.89405 -0.260594 -0.968606 -0.743175 -2.203561 -0.149063 -0.548255
-7.593056 -25.57547 58.89405 -0.722925 -0.769431 -0.370461 -1.267488 0.706259 0.240226
-19.59306 -25.57547 58.89405 0.214636 -0.371612 0.067969 -0.208909 -0.782579 -1.342335
-21.59306 -25.57547 58.89405 0.398033 -0.611472 -0.714926 -1.11432 0.215363 -0.85234
-3.593056 -27.57547 58.89405 -1.069036 -0.583891 -0.58174 -0.789807 0.183344 0.884567
-13.59306 -27.57547 58.89405 -0.746359 -0.21182 0.396293 0.622342 -1.078442 0.149609
-15.59306 -27.57547 58.89405 -0.677562 -1.242216 -0.616945 -1.727539 -1.611041 -1.301569
-17.59306 -27.57547 58.89405 0.900934 0.139767 -0.267235 -0.807615 -1.261273 -1.670786
-19.59306 -27.57547 58.89405 1.222716 0.739833 -0.04878 0.04081 -1.141269 -1.393554
-11.59306 -29.57547 58.89405 -9.38206e-05 -0.523233 0.164342 -0.728802 -1.28757 -1.055506
-11.59306 -31.57547 58.89405 -0.766594 -0.856767 -1.851887 -2.735669 -1.857447 -0.431742
-5.593056 -23.57547 60.89405 -1.585811 -1.888997 -1.414707 -2.885415 -1.689192 -1.725238
-15.59306 -23.57547 60.89405 0.43199 0.118786 0.889811 0.024943 -0.091907 -0.734173
-17.59306 -23.57547 60.89405 1.685264 0.691764 1.768581 -0.116508 1.722285 0.423
-19.59306 -23.57547 60.89405 2.130508 0.028995 1.54708 -1.31342 1.954363 -0.166577
-21.59306 -23.57547 60.89405 0.411841 -0.899849 0.171263 -1.922101 1.306913 -0.133425
-3.593056 -25.57547 60.89405 -0.69485 -0.786365 -0.80286 -1.863402 0.802301 0.895665
-5.593056 -25.57547 60.89405 -0.261977 -0.18774 -0.195725 -0.743295 -0.592962 -0.492311
-17.59306 -25.57547 60.89405 -0.201743 -0.429081 -0.035574 -0.888772 -0.744656 -1.191455
-19.59306 -25.57547 60.89405 0.371779 -0.664681 0.570826 -0.85839 0.120421 -1.14127
-21.59306 -25.57547 60.89405 -0.205149 -1.699457 -0.200235 -1.608459 0.454192 -1.103594
-13.59306 -27.57547 60.89405 0.207394 -0.205324 0.154295 -0.647523 0.499027 -0.029152
-15.59306 -27.57547 60.89405 -0.299392 -0.670882 -0.049597 -0.666181 0.272256 0.0443
-17.59306 -27.57547 60.89405 -0.609095 -0.763789 -0.264996 -0.680692 -0.871179 -1.026919
-1.593056 -29.57547 60.89405 0.624643 -0.93869 0.094237 -1.643352 0.866601 -0.615762
-3.593056 -29.57547 60.89405 0.264162 -0.11686 0.268882 0.184834 0.293808 0.078933
-11.59306 -29.57547 60.89405 0.217025 -0.145538 -0.106442 -0.67071 -0.911948 -1.083719
-13.59306 -29.57547 60.89405 -0.901364 -0.554245 0.717199 0.035655 -0.876226 -0.290988
-15.59306 -29.57547 60.89405 -1.125086 -0.792339 1.019143 0.797307 -1.043876 0.135997
-3.593056 -23.57547 62.89405 0.00212 -0.841578 -1.303853 -2.856174 0.477113 0.035722
-15.59306 -23.57547 62.89405 1.14821 0.131491 0.43289 -0.608801 0.824101 -0.903857
-1.593056 -25.57547 62.89405 -0.452791 -1.126916 -0.87994 -2.470465 1.050162 0.273454
-3.593056 -25.57547 62.89405 -0.579787 -0.399116 -0.309549 -0.438924 0.924486 1.493027
-9.593056 -25.57547 62.89405 0.188533 -0.873457 0.211299 -0.002588 -0.799134 -1.756267
-11.59306 -25.57547 62.89405 1.404322 1.144068 0.776005 0.980013 -0.183074 -0.495772
-13.59306 -25.57547 62.89405 1.703937 1.392078 0.925407 0.001221 0.45717 -0.436403
-15.59306 -25.57547 62.89405 1.159543 0.835753 0.42145 -0.036595 0.021198 -0.834676
-9.593056 -27.57547 62.89405 0.870092 -0.292057 0.387848 -0.45418 0.854568 -0.203748
-11.59306 -27.57547 62.89405 0.988222 -0.391644 -0.712178 -2.082882 0.239848 -0.926368
-13.59306 -27.57547 62.89405 0.875981 -0.305017 -0.99012 -3.177507 -0.13518 -1.667083
-15.59306 -27.57547 62.89405 0.817588 0.027584 -0.431592 -1.787872 0.846555 -0.348406
-9.593056 -29.57547 62.89405 1.416517 0.126118 0.494383 -0.246102 -0.246258 -1.234412
-1.593056 -23.57547 64.89406 0.306158 -1.124212 -1.351005 -2.968269 0.515354 -0.631303
-3.593056 -23.57547 64.89406 -0.72541 -0.95466 -1.212559 -2.174517 0.078509 0.002619
-7.593056 -23.57547 64.89406 -0.702068 -0.89545 -0.884109 -0.988341 -1.509124 -1.609156
-9.593056 -23.57547 64.89406 -1.807691 -1.364814 -1.654277 -1.075007 -2.141529 -1.364998
-11.59306 -23.57547 64.89406 -0.970425 -0.661965 -0.849541 -0.527694 -0.978188 -0.042578
-13.59306 -23.57547 64.89406 -0.276104 -0.400561 -0.262191 -0.301912 -0.058007 -0.005618
-1.593056 -25.57547 64.89406 0.28926 -0.799969 -1.395188 -2.562185 1.176462 0.265672
-3.593056 -25.57547 64.89406 -0.578019 -0.477012 -0.670108 -0.744072 0.28265 0.550644
-7.593056 -25.57547 64.89406 -0.446463 -0.231959 -1.528065 -1.301254 -1.613421 -1.373573
-9.593056 -25.57547 64.89406 -0.799451 -1.153194 -1.404488 -2.136516 -1.726929 -1.9565
-11.59306 -25.57547 64.89406 -0.448156 -1.011001 -1.402744 -2.805645 -1.313451 -1.552043
-13.59306 -25.57547 64.89406 -0.767929 -0.750427 -1.755937 -2.525187 -1.532738 -1.602555
-15.59306 -25.57547 64.89406 -1.683874 -0.586042 -2.068879 -1.12216 -1.717374 -1.275261
-3.593056 -27.57547 64.89406 -0.017998 -0.549252 0.471026 0.104359 0.818556 0.250772
-5.593056 -27.57547 64.89406 0.889432 0.307345 -0.255144 -0.370431 -0.179138 -0.953542
-7.593056 -27.57547 64.89406 0.230367 -0.156612 -0.892698 -1.872609 -0.45841 -1.139286
-9.593056 -27.57547 64.89406 1.083336 -0.161187 -0.242271 -1.610446 1.532442 0.182997
-7.593056 -29.57547 64.89406 1.416886 -0.105976 0.294974 -1.062148 0.912968 -0.403271
-9.593056 -29.57547 64.89406 1.859801 0.298567 -0.961187 -1.957126 0.796291 0.012123
-9.593056 -31.57547 64.89406 0.106436 -0.224338 -1.134403 -1.066356 0.301713 0.833001
-5.593056 -23.57547 66.89406 -0.280027 -1.239899 -0.968713 -1.457329 -1.187431 -1.513675
-7.593056 -23.57547 66.89406 -0.940228 -1.736245 -1.060134 -1.0525 -1.772723 -1.452381
-5.593056 -25.57547 66.89406 -1.651418 -1.258534 -1.722552 -1.50765 -1.841205 -1.463224
-3.593056 -27.57547 66.89406 -0.626867 -1.585613 0.582484 -0.185796 -0.190195 -1.078541
-5.593056 -27.57547 66.89406 -0.815508 -0.484137 -0.312564 -0.342541 -0.718743 -0.983382
