5.789627 -26.73489 17.84576 1.610165 -1.245667 2.963722 1.731645 0.751623 -1.688107 -1.190094 -0.815938 -1.643893 1.368585 -1.169031 -1.264346
-4.210373 -26.73489 17.84576 1.177842 2.909564 -1.556127 0.284491 -0.380642 1.014338 -0.464014 3.757635 0.247505 1.752932 -1.599641 0.940223
-6.210373 -26.73489 17.84576 0.373039 0.661448 -0.775966 2.058691 -0.1095 -0.581623 -2.870661 4.581927 -2.019826 1.996134 -0.991954 0.015298
3.789627 -28.73489 17.84576 -3.261328 0.00756 -3.049703 0.415869 -1.954696 -0.963746 -2.779849 -2.949642 -2.317165 -1.010996 -1.497898 -4.239266
-4.210373 -28.73489 17.84576 0.252141 1.040314 -0.935194 3.306653 -0.49596 0.840261 -2.107713 2.473412 -1.572742 1.973636 -1.901971 -0.064586
-8.210373 -22.73489 19.84576 1.140302 -0.598574 1.241054 -1.83978 -0.965037 -0.006078 0.907904 1.088517 1.688098 -0.608368 -0.503245 2.174548
5.789627 -24.73489 19.84576 1.61132 1.548655 -0.209413 -0.603724 1.83522 0.862781 -1.00569 1.189409 -3.418702 1.626582 -0.934564 -2.923594
-8.210373 -24.73489 19.84576 2.272537 0.732421 -0.246226 3.053588 1.187114 0.931381 -0.754838 1.212305 1.537373 1.272601 -1.24953 1.456298
5.789627 -26.73489 19.84576 1.453255 -0.007978 3.13774 -0.382692 1.258673 -0.748371 -1.499755 1.107844 -4.115116 0.750788 -1.696304 0.092511
3.789627 -26.73489 19.84576 -1.640862 -0.126623 0.184939 1.46252 -1.082867 -0.495851 -3.212162 1.063516 -1.918006 2.754423 -1.553044 -0.222447
-6.210373 -26.73489 19.84576 0.44292 -1.215332 0.226779 2.611461 0.448915 -3.824425 -2.045725 2.575964 -0.145561 1.00367 -0.249317 -1.019305
-8.210373 -26.73489 19.84576 -0.604521 0.155693 -0.867629 2.982792 -1.002296 -0.388714 -3.458491 1.952849 -0.459771 1.404869 -3.246014 0.595577
7.789627 -28.73489 19.84576 1.478392 1.932832 0.482858 0.65566 -0.915077 1.655902 -2.604484 1.270917 -3.473522 -0.125612 0.886799 0.149079
5.789627 -28.73489 19.84576 2.161039 1.458233 3.757514 -0.10032 0.706923 -0.27275 -1.577217 -0.139169 -3.190533 0.689641 0.700339 -0.570598
3.789627 -28.73489 19.84576 -2.504857 0.940987 -1.122432 1.771526 -2.627585 -1.265774 -2.908292 -1.602304 -2.843374 -0.143203 -1.944217 -2.798493
1.789627 -28.73489 19.84576 -3.232112 -0.15362 -3.836487 2.821048 -3.101578 -2.898372 -3.134179 0.895219 -2.651649 1.477631 -4.326498 -3.778866
-6.210373 -28.73489 19.84576 -2.418736 -1.43025 -0.236644 0.792486 -2.223212 -2.204848 -4.041121 0.449987 -2.371962 0.451319 -2.956489 -1.669399
5.789627 -30.73489 19.84576 1.500857 1.737818 2.21407 1.503016 0.17147 -0.38097 0.62564 0.015776 -1.471325 2.152811 1.426467 -0.45828
3.789627 -30.73489 19.84576 -1.168438 0.531156 -1.956452 1.253666 -3.827158 -0.869309 -1.348386 1.508782 -4.075449 0.509945 -1.714562 -1.606108
7.789627 -24.73489 21.84576 -0.093721 2.947454 0.770404 0.430256 0.229681 3.783997 -2.998971 2.565852 -5.03571 -0.644223 -2.183065 -1.848161
5.789627 -24.73489 21.84576 0.253702 1.819132 0.866434 -1.208748 0.770632 1.960132 -2.537983 0.226045 -4.710721 1.013438 -2.364457 -1.996541
-8.210373 -24.73489 21.84576 3.457441 1.778217 0.206236 3.132472 -0.317646 1.092909 0.708867 0.5055 1.770954 1.371782 0.830554 2.149797
5.789627 -26.73489 21.84576 0.563216 2.508457 2.697397 0.707812 0.577542 3.337744 -3.212945 2.282265 -4.703005 0.629709 -2.323986 -1.145451
3.789627 -26.73489 21.84576 -1.493754 3.227113 1.038977 3.08974 -0.952194 3.117134 -3.70023 2.231687 -2.296938 2.639906 -1.387359 1.760327
-6.210373 -26.73489 21.84576 1.670719 -1.149448 3.206079 0.417202 1.376678 -1.54937 -0.29255 -0.337184 1.266878 0.462676 1.556724 1.421389
-8.210373 -26.73489 21.84576 1.475188 0.214665 0.575075 1.682994 -1.326493 0.779384 -0.758218 0.443778 1.724398 1.428105 -0.968094 1.297638
-10.21037 -26.73489 21.84576 -0.251134 -0.911183 -2.600943 -2.052561 -0.963713 1.365985 -0.945872 0.53314 0.194198 -0.077689 -1.481256 -1.283925
3.789627 -28.73489 21.84576 -0.743026 2.113222 1.026623 4.267697 -1.059702 3.657822 -5.724314 1.561123 -3.147578 0.053054 -0.105009 -1.724228
-6.210373 -28.73489 21.84576 -0.519672 0.596046 1.28674 0.420225 0.563401 -0.3956 -0.700011 -1.135854 0.207187 1.205527 -0.690625 0.36243
-8.210373 -28.73489 21.84576 0.53901 0.257212 0.698162 0.898163 -1.053584 1.514273 -1.952205 0.318128 -0.048008 -0.006777 -2.598553 1.033697
7.789627 -30.73489 21.84576 1.018854 1.522674 -0.411601 3.605073 -1.380809 -0.395001 -0.755034 -0.300619 -2.246643 -1.147962 0.53111 -1.594458
5.789627 -30.73489 21.84576 0.971038 1.990032 1.092227 5.420551 0.099478 2.079642 -1.248203 0.790771 -1.68817 0.577945 1.394555 -0.561252
3.789627 -30.73489 21.84576 0.521226 -0.202592 -1.060892 1.951229 -1.983697 2.327655 -2.639587 0.534955 -2.830115 -0.303739 0.636534 -2.932786
-8.210373 -30.73489 21.84576 -1.402964 0.782255 -2.425984 0.586431 -1.145019 1.152695 -3.964809 -0.538407 -1.558046 0.454229 -1.62787 0.659201
5.789627 -32.73489 21.84576 -1.781667 1.538735 -1.652033 2.777142 -1.65716 0.467555 -0.869016 0.579366 -2.618061 1.119169 -2.309888 -0.86607
3.789627 -32.73489 21.84576 -1.797694 -0.09113 -1.943816 1.401374 -3.870449 -0.097801 -1.346472 0.600282 -2.603209 0.685328 -1.416607 -3.17528
9.789627 -24.73489 23.84576 1.161526 1.451136 0.353355 2.960632 -0.295608 1.623192 -1.782746 1.47035 -2.043752 -1.689581 -1.672935 0.804787
7.789627 -24.73489 23.84576 1.014862 1.984711 1.860351 2.986009 0.503381 1.729499 -2.290507 1.116102 -3.216899 -0.65509 -1.90282 1.527968
-8.210373 -24.73489 23.84576 2.777985 0.451123 -0.138935 -0.141369 1.660984 0.232427 0.931903 0.786626 1.335116 0.598959 1.806875 -0.728803
7.789627 -26.73489 23.84576 1.456775 2.59672 3.260921 2.509864 2.309193 3.115896 -4.206913 2.61393 -1.592373 -0.151028 -1.801763 1.230574
5.789627 -26.73489 23.84576 1.84489 3.738096 2.581221 0.425135 3.179245 3.076595 -1.559032 1.111106 -2.521878 2.020198 -0.421247 -0.445906
3.789627 -26.73489 23.84576 1.445558 1.735989 0.535674 -1.450539 3.278986 1.165194 -2.640566 -0.988681 -2.974255 -0.072343 -0.781292 -1.688909
-6.210373 -26.73489 23.84576 2.213072 -0.345419 2.547035 -1.889579 2.008616 0.12438 -2.131995 -1.445711 2.371091 -1.298998 1.958333 -0.866909
-8.210373 -26.73489 23.84576 2.684698 0.136382 2.38852 1.385188 1.09454 0.742517 1.207084 0.414074 2.330239 0.604132 1.71649 -0.097248
-10.21037 -26.73489 23.84576 0.254549 -1.033099 -0.297186 0.578937 0.304585 0.495455 1.817319 0.937414 1.137391 2.215369 0.384723 -0.766352
5.789627 -28.73489 23.84576 1.264485 3.997463 2.259854 3.983064 4.71084 3.938697 -2.793925 3.698037 -3.214434 1.633757 2.12236 1.226988
3.789627 -28.73489 23.84576 1.013709 2.473776 2.233727 2.688009 4.995599 2.982803 -3.948954 1.546746 -4.602602 -0.218516 1.11929 -1.857461
-6.210373 -28.73489 23.84576 1.641544 2.044214 3.011563 1.15397 1.209891 0.621533 -1.620634 -0.946076 1.397155 -0.068333 1.857607 0.076736
-8.210373 -28.73489 23.84576 2.58529 1.841715 2.72704 1.820414 1.502665 1.084045 0.4988 -0.45094 0.684591 -0.626859 1.221534 0.532654
-10.21037 -28.73489 23.84576 1.475067 0.593122 -0.259292 -0.969013 1.395399 0.425927 1.925557 -0.744054 1.971701 -0.569623 0.177265 -0.52548
3.789627 -30.73489 23.84576 -0.2773 1.515418 -1.389006 2.326498 1.549005 2.804619 -1.310696 1.985513 -3.569027 0.548409 1.780806 -0.133702
1.789627 -30.73489 23.84576 -1.149664 -1.064409 -0.666608 -3.946354 -2.614883 -0.766056 -2.280711 -0.699064 -2.670255 0.366311 0.424644 -1.489869
-6.210373 -30.73489 23.84576 0.042818 1.782533 -2.062018 1.072639 0.848747 -0.282254 -2.236185 0.173708 -1.108369 0.686103 -1.031559 0.586204
-8.210373 -30.73489 23.84576 0.103367 2.259001 -2.239813 3.43632 0.630946 -0.028993 -2.257521 -1.041062 -0.503054 0.518285 0.260401 1.101102
-10.21037 -30.73489 23.84576 -0.836309 1.478971 -3.333137 2.718787 0.682326 -0.345776 -0.146106 -0.148777 -0.194426 0.780589 0.229293 -0.005681
5.789627 -32.73489 23.84576 -1.276703 0.109059 -0.58689 -0.86295 -0.301725 -0.127719 -1.791522 -0.503912 -2.910046 0.582398 -0.596454 -0.920408
3.789627 -32.73489 23.84576 -3.758414 0.19014 -1.836897 -1.010359 -2.630432 -0.033743 -3.103576 1.905203 -4.700047 0.529531 -0.768251 -0.480258
1.789627 -32.73489 23.84576 -2.529149 -3.468039 -0.949176 -6.401122 -3.83011 -2.484989 -3.362629 -0.895606 -1.731797 0.890159 -1.762485 -0.975164
-6.210373 -32.73489 23.84576 1.213083 0.959506 -0.999522 0.068992 0.690697 -0.269057 -0.79235 0.468678 -0.768154 1.74053 0.902022 1.282666
5.789627 -34.73489 23.84576 -0.128139 -0.57978 -0.252815 -0.234531 -0.647212 -0.182003 -2.475882 -0.018491 -1.74825 1.066463 0.975491 0.011584
9.789627 -24.73489 25.84576 1.742811 2.015489 -0.066062 2.071403 3.649262 1.681653 -1.492769 -0.063698 -0.632285 -0.257498 -2.70151 -0.023276
7.789627 -24.73489 25.84576 0.62889 -0.666889 1.514163 1.10942 1.237759 0.183495 0.216804 0.822661 -0.812022 0.308594 -2.064392 0.35618
9.789627 -26.73489 25.84576 0.491274 2.013613 1.82398 1.69408 1.437956 1.566175 -1.302356 0.881751 0.392575 0.326173 -0.369156 -0.392169
7.789627 -26.73489 25.84576 -0.930902 -0.325595 1.882359 1.095315 0.988124 -0.363647 -0.977026 0.156882 0.621571 0.870832 -1.532388 -0.471467
5.789627 -26.73489 25.84576 1.128694 0.135085 1.960573 -2.425666 2.152323 0.233102 -0.345559 -2.113678 0.62043 0.998952 0.52432 -1.036049
-10.21037 -26.73489 25.84576 0.869566 0.721555 0.30645 1.834118 1.329804 0.50023 2.449446 2.28456 0.232206 0.214823 0.675639 0.348227
7.789627 -28.73489 25.84576 -2.795162 -0.588232 0.793784 0.507611 1.698781 -0.229982 -1.140709 1.082727 1.890336 1.172456 -0.63313 -0.140724
5.789627 -28.73489 25.84576 -0.170756 1.036916 1.024892 -1.350146 2.702015 -0.570136 -0.217661 -0.06233 2.084124 0.37087 0.554669 -0.567527
3.789627 -28.73489 25.84576 0.129332 0.874906 1.267544 -1.470086 2.943878 0.078315 -0.137674 0.269455 -1.532176 -0.066687 -0.354113 -0.105143
-4.210373 -28.73489 25.84576 0.415364 1.631504 4.100506 2.668644 1.158767 -0.579144 -2.512109 1.372045 1.638778 0.648033 1.98886 -0.479394
-6.210373 -28.73489 25.84576 1.763424 0.979634 1.863495 2.71928 1.983398 -1.187057 -3.214933 0.407805 0.579339 -0.082294 1.095098 -1.747602
-8.210373 -28.73489 25.84576 2.353816 1.402329 1.541679 2.332403 1.050606 -1.123407 -1.135393 -0.298222 -0.87953 -1.642137 -1.027204 -1.330624
-10.21037 -28.73489 25.84576 2.000914 1.050517 0.307139 0.307205 0.683481 -0.058599 2.134856 0.846137 0.936082 -0.761144 -1.18047 -0.108562
-12.21037 -28.73489 25.84576 3.777512 1.040396 1.441051 0.833124 0.653978 1.228932 0.037561 0.611776 0.502646 0.541648 -0.27299 -0.027119
7.789627 -30.73489 25.84576 0.387169 -0.154078 0.904152 -1.208353 3.110449 1.255279 -0.871599 0.587537 -0.077259 0.424795 0.502339 -0.894465
3.789627 -30.73489 25.84576 -2.654305 0.29928 -2.026903 -0.811032 -0.528377 0.538505 -1.344262 1.628257 -2.831168 1.465728 -0.614751 1.319578
1.789627 -30.73489 25.84576 -0.630515 0.268814 1.00757 -1.568465 -0.949136 -0.594088 -1.751972 1.170413 -1.941815 -0.301037 0.095393 -0.087316
-10.21037 -30.73489 25.84576 -0.005711 0.700766 -1.355188 2.371133 -0.187769 0.443869 0.489891 0.606959 -0.339092 0.301781 -1.758567 -1.078937
-12.21037 -30.73489 25.84576 3.364842 0.752289 0.828272 2.144346 1.535335 1.145746 0.223342 0.106896 -0.795258 -0.024849 0.825485 -0.835065
7.789627 -32.73489 25.84576 -0.382253 -0.369662 -0.35214 -2.148009 1.821681 0.791146 -3.654428 0.966965 -1.53325 0.725899 -0.772877 -2.046255
5.789627 -32.73489 25.84576 -1.251703 -1.693141 -0.66509 -1.631912 -0.09719 0.595229 -2.755448 -0.422931 -0.840845 0.810285 -1.800717 -1.874328
3.789627 -32.73489 25.84576 -2.528246 -2.386015 -1.161424 -1.394684 -0.325554 -0.69198 -2.905043 0.886125 -2.399264 1.546977 -0.848892 0.194614
1.789627 -32.73489 25.84576 -0.610774 -1.68302 0.961451 -2.91759 -0.057585 -1.142845 -2.861579 0.187322 -1.116719 0.330344 -0.601466 -0.468474
-8.210373 -32.73489 25.84576 -0.271105 1.32303 1.79384 3.062933 2.289698 -0.275181 0.229136 2.765313 1.503546 0.109882 0.553644 -0.9038
-10.21037 -32.73489 25.84576 -0.026012 0.059181 1.596953 0.986831 1.771118 -1.054767 0.293474 1.947915 -0.411278 -0.23954 -0.868736 -1.62278
5.789627 -34.73489 25.84576 0.145876 -0.139007 -1.912013 0.469732 0.127471 0.947332 -0.746626 -0.17699 0.571237 2.012357 -0.1526 -0.599405
9.789627 -24.73489 27.84576 2.296244 3.104505 -0.097667 0.847838 3.019332 2.973849 -2.049242 1.914714 -2.020904 0.653964 -1.489912 -0.372035
7.789627 -24.73489 27.84576 1.030537 -0.189202 0.630004 -1.107036 0.561201 -0.106301 -1.792493 0.909333 -1.393222 -0.148171 -0.629036 -0.585249
9.789627 -26.73489 27.84576 0.770205 1.119521 1.201072 -0.080624 2.69978 1.521724 -1.766764 2.70216 -1.817671 0.678958 -0.098862 -0.516461
7.789627 -26.73489 27.84576 1.211219 -2.07192 1.597391 -0.700212 1.737813 -1.655092 -2.024858 -0.56402 -0.194952 -0.295193 -0.315908 -2.689549
5.789627 -26.73489 27.84576 2.926282 -0.468864 4.249914 -2.120712 2.520836 -0.374831 -1.301198 -3.096521 0.163161 -0.076107 1.009133 -1.374145
5.789627 -28.73489 27.84576 1.406567 1.840667 0.837783 -1.936806 2.221571 -0.311924 -0.154485 -0.896254 0.769617 0.132324 0.522289 -1.708296
3.789627 -28.73489 27.84576 -0.132418 0.954237 0.917957 -1.714786 1.071472 -1.130837 -1.304013 -0.867116 -1.973227 0.018672 -0.441454 -1.088511
-6.210373 -28.73489 27.84576 1.095629 0.813652 1.108068 1.827474 1.663342 0.048642 -2.768752 0.541018 -0.891244 0.065016 -0.785237 -0.981125
-8.210373 -28.73489 27.84576 0.470678 0.433526 -0.134683 2.31014 0.383044 0.1661 -2.43412 0.525093 -1.56249 -0.739571 -0.518909 -1.154745
-10.21037 -28.73489 27.84576 -0.063426 0.243295 -0.542641 0.692388 0.528973 0.219134 0.195362 1.266283 0.008852 -1.198172 -0.733499 -1.557199
-12.21037 -28.73489 27.84576 2.29611 0.276918 0.592311 1.261996 1.95967 1.537569 0.726225 1.382858 0.562493 -0.679714 0.020346 -1.355706
1.789627 -30.73489 27.84576 -0.009787 -0.616303 1.291624 0.225225 0.320056 -0.228357 -0.744011 1.148983 -1.357661 -0.782619 0.311614 -0.201635
-6.210373 -30.73489 27.84576 1.624834 2.245346 2.987327 4.17978 3.338042 0.970593 -0.728834 -0.220233 0.765335 2.130739 1.37443 1.360478
-8.210373 -30.73489 27.84576 -1.088138 1.412299 0.491009 4.604314 0.251905 0.560776 -2.064318 0.281953 0.01746 1.047966 -1.448617 -0.422107
-12.21037 -30.73489 27.84576 4.145777 1.223787 1.231956 3.389171 1.938647 2.447436 0.821652 0.021088 1.0063 -0.130253 0.186767 0.037566
7.789627 -32.73489 27.84576 -0.43103 0.98935 -1.31191 1.329182 -0.067143 0.173281 -2.491564 1.541508 -0.944175 -0.138809 -0.715628 0.052893
5.789627 -32.73489 27.84576 -0.192382 -0.954629 0.856579 -1.045187 0.39336 -0.489803 0.400546 0.969823 -1.152402 0.257382 1.7272 -1.024244
3.789627 -32.73489 27.84576 -0.438719 -1.572624 -0.350731 0.484008 2.14259 -0.27069 1.503783 0.134743 -0.958419 0.60597 2.387382 -1.943042
1.789627 -32.73489 27.84576 0.548041 -1.690371 0.859313 1.065495 2.386809 -0.955632 -0.07736 -0.462474 -0.10497 -1.448952 1.312702 -2.937891
-8.210373 -32.73489 27.84576 1.341891 0.918928 2.414344 1.586606 2.282181 0.69469 0.808237 1.605796 2.44843 0.579734 0.010988 -0.735648
-10.21037 -32.73489 27.84576 2.475742 2.110888 2.531899 1.755158 2.582833 0.496683 1.538999 1.021543 2.212451 -0.017825 -0.041813 -0.774612
5.789627 -34.73489 27.84576 -0.448507 0.289553 -0.735704 1.228023 0.772422 0.848671 -0.36624 0.47083 0.71197 1.295916 2.614721 -0.967865
7.789627 -24.73489 29.84576 1.691738 -0.392296 0.228198 -1.021093 -1.254585 0.473985 -2.372411 0.619764 -0.882507 -0.103071 0.374237 1.659929
11.78963 -26.73489 29.84576 -0.423977 5.076873 2.654776 1.787366 1.76663 4.598107 -2.868788 2.965358 -1.602329 1.388423 -1.021008 1.112735
9.789627 -26.73489 29.84576 0.923383 2.328561 2.729033 0.758166 1.675462 1.339664 -3.194563 2.523338 -1.53835 1.314168 -0.073953 0.584527
7.789627 -26.73489 29.84576 2.331171 -1.418711 0.687754 -2.988107 -0.257476 -1.512656 -1.635778 -0.36336 -0.962447 -0.035786 0.493377 0.468405
5.789627 -26.73489 29.84576 2.14744 0.48103 1.653463 -2.676673 -0.104323 -0.644083 -0.700182 -1.322643 0.280329 -0.525044 0.458527 0.657027
7.789627 -28.73489 29.84576 1.049951 0.138148 0.377491 -2.666537 -0.314016 -3.25597 -0.928666 1.183392 -0.211214 0.448946 -1.840153 0.469642
5.789627 -28.73489 29.84576 1.360003 1.727597 -0.159678 -2.046021 -0.11833 -2.350686 -1.437298 -0.063113 -0.278229 -1.284399 -0.574482 -1.850181
3.789627 -28.73489 29.84576 0.860616 1.9513 0.391548 -0.201099 2.251205 -0.067551 -2.308747 -1.279162 -1.338702 -1.958418 -0.194719 -1.960671
-10.21037 -28.73489 29.84576 -0.39651 -0.308155 0.934229 0.831884 0.945053 0.876727 0.266674 -1.375758 -0.045145 -0.907943 1.14831 0.819451
-12.21037 -28.73489 29.84576 1.333434 0.288915 0.684785 0.641084 2.412778 1.04894 0.867646 -0.441119 1.440101 -0.239569 0.634722 1.488076
1.789627 -30.73489 29.84576 0.630521 -0.332092 0.389118 -0.954869 1.752965 0.333839 -1.853747 0.468314 -4.019698 -0.345462 -0.831328 -1.085483
-6.210373 -30.73489 29.84576 1.264298 1.455166 2.262769 1.5872 2.32696 2.76523 0.032804 -1.713086 -0.008691 0.137624 1.282296 1.378078
-8.210373 -30.73489 29.84576 0.117004 1.721711 1.61372 3.366216 2.33828 1.958145 -1.675196 -1.168821 -0.18246 -0.898815 -0.007887 0.825586
-10.21037 -30.73489 29.84576 0.779382 2.608414 0.610386 4.342407 0.942765 2.590956 0.423527 -0.79687 1.531497 -0.33597 1.538059 2.285475
-12.21037 -30.73489 29.84576 2.650156 3.848974 0.68282 4.378347 2.973475 3.963508 0.530962 0.492086 1.647381 0.724291 1.203922 2.846091
-14.21037 -30.73489 29.84576 1.764535 0.543405 -0.33974 0.835501 2.466349 1.608363 0.880554 -1.779291 1.703358 -1.098828 2.182701 0.113373
7.789627 -32.73489 29.84576 1.059364 2.697212 -0.191256 4.508632 0.452797 -1.303637 -0.25106 1.24934 -1.44349 0.762647 -0.108357 2.224191
5.789627 -32.73489 29.84576 0.682108 0.223311 1.930714 1.435876 0.707956 -0.204128 1.019547 2.403632 -1.230437 0.84858 1.95626 1.478347
3.789627 -32.73489 29.84576 -0.165535 -0.66959 -0.436178 -0.289488 2.23794 0.733765 0.522998 -0.258867 -1.054814 0.024731 0.564695 -1.16854
1.789627 -32.73489 29.84576 -0.276184 -1.188475 -0.989442 -0.903916 1.049957 0.12225 -1.163754 -2.230526 -2.308442 -1.024482 -0.600151 -2.679981
-10.21037 -32.73489 29.84576 3.286161 3.975864 2.276869 5.193131 1.880854 4.094028 1.3097 0.324323 1.731715 0.842071 1.309063 1.536073
-12.21037 -32.73489 29.84576 2.468719 4.705888 1.866828 6.615403 3.310665 4.463213 1.060414 0.726518 -0.660085 1.73628 1.563988 2.600507
5.789627 -34.73489 29.84576 0.624541 0.880478 1.323949 2.989203 1.814179 -0.046643 -0.443413 0.44203 0.137003 1.59387 1.245929 0.126885
3.789627 -34.73489 29.84576 0.215726 -0.093411 0.731504 0.348675 2.502615 -0.073886 1.661137 -1.017594 0.842893 1.163611 1.90659 -0.389256
-6.210373 -34.73489 29.84576 3.166349 0.008772 3.540708 1.686109 0.685379 1.740029 -1.023359 0.175307 -0.867007 0.530181 2.068235 -3.113633
-8.210373 -34.73489 29.84576 3.003081 1.1772 4.441354 2.459767 2.064981 2.713675 0.322765 -0.411125 0.872704 1.90175 2.279881 -1.78142
11.78963 -26.73489 31.84576 0.046214 5.009977 2.877578 3.133937 -0.370643 3.974447 -4.254137 4.888457 -3.123658 1.387736 -1.551479 2.226367
9.789627 -26.73489 31.84576 0.911071 3.17135 0.393906 1.081144 0.598817 1.260957 -2.541746 2.887645 -2.19054 1.232791 -1.180705 1.102187
7.789627 -26.73489 31.84576 0.629155 0.086417 0.189861 -1.370675 0.835523 -0.566336 -2.27495 0.673322 -1.648854 0.569016 0.299381 1.278778
5.789627 -26.73489 31.84576 -0.08958 0.302764 -0.508978 -1.584434 -0.491704 -1.708751 -2.090388 0.712611 -1.866722 -0.406938 -0.953827 0.174565
11.78963 -28.73489 31.84576 2.024189 5.31074 4.834714 6.174051 3.757338 5.342134 -4.540249 5.161276 -1.862098 1.997747 0.679258 3.7393
9.789627 -28.73489 31.84576 1.963557 4.941827 1.912471 3.109444 3.493822 3.067746 -2.55141 3.767478 -0.428967 0.859252 -0.470208 2.272087
7.789627 -28.73489 31.84576 0.575346 0.883038 1.016349 0.415937 2.300527 -0.805191 -1.519555 2.657122 -0.730903 0.468126 -0.938363 1.608562
5.789627 -28.73489 31.84576 -0.646463 0.107687 -0.731374 -0.929668 -0.638138 -1.610584 -3.596297 1.024779 -1.523303 -0.948549 -2.466057 -1.438545
3.789627 -28.73489 31.84576 -0.407264 0.361276 -1.908119 0.028222 -0.057806 -0.31391 -4.296528 -0.247226 -2.725286 -1.828924 -2.42757 -1.797198
-12.21037 -28.73489 31.84576 -1.107706 0.558354 1.784213 2.159392 0.366717 0.729884 0.124663 0.631978 -0.180504 0.511968 1.190449 2.497682
-14.21037 -28.73489 31.84576 0.344665 0.85832 -1.131485 0.460236 0.298927 1.02194 1.127065 1.456028 0.00014 -0.375112 0.796877 0.085578
3.789627 -30.73489 31.84576 0.401355 -0.491692 -1.6526 -0.893899 1.058311 0.353909 -3.421071 0.49867 -2.845711 -2.249072 -0.996893 -2.389706
1.789627 -30.73489 31.84576 -0.22567 0.465994 -0.652088 -2.339155 1.141788 -1.086345 -2.516888 1.952551 -4.198128 -0.807255 -1.980264 -2.023938
-6.210373 -30.73489 31.84576 1.881907 1.589625 -0.48211 0.506982 2.596261 1.307915 -0.407277 -0.780179 -0.047114 -0.004075 0.733354 1.16581
-8.210373 -30.73489 31.84576 1.95422 2.792869 0.464118 2.789798 1.749423 1.639317 -1.247225 0.503619 0.642605 -0.070842 1.525182 1.405774
-10.21037 -30.73489 31.84576 0.091642 3.135602 0.944904 3.715125 0.153819 2.437284 -1.063987 1.312595 -0.124381 1.055821 1.324092 2.28638
-12.21037 -30.73489 31.84576 -0.153823 3.952614 0.853525 4.617699 1.625198 2.931502 -1.210928 0.774962 -0.86511 1.104387 0.487637 2.585087
-14.21037 -30.73489 31.84576 -0.576814 -0.243154 -0.154594 -0.762159 1.591712 -0.684062 0.21414 -1.853878 -0.672235 -1.250568 0.218819 -1.810572
7.789627 -32.73489 31.84576 2.670986 2.69972 -0.193929 4.175933 0.220396 1.170607 0.235387 2.40156 -0.319486 1.692025 0.960662 0.651269
5.789627 -32.73489 31.84576 1.187992 0.710591 1.026106 1.871827 0.417929 1.663354 -0.142012 1.763086 0.243674 1.063812 1.145889 1.310786
3.789627 -32.73489 31.84576 0.274326 0.204939 -0.936371 -0.702712 1.905504 -0.127624 -1.480319 -0.674218 -0.877046 -1.641184 -1.011687 -1.010502
1.789627 -32.73489 31.84576 0.75752 1.342447 -1.981153 -1.408568 1.028297 -0.646753 -0.71772 -0.577848 -1.438804 -1.748725 -1.174715 -2.254651
-12.21037 -32.73489 31.84576 1.517823 4.647606 2.512561 6.484653 3.288289 4.691565 -1.426607 -0.064764 -1.762115 1.283452 1.203046 1.143718
5.789627 -34.73489 31.84576 0.430295 1.330888 -0.884156 0.684896 0.657419 -0.724544 -0.337481 0.786651 -1.521995 0.969683 -0.005906 -1.433347
3.789627 -34.73489 31.84576 -0.807273 1.656322 -0.967103 -0.547324 1.75089 -1.212475 -0.317844 -0.653112 -1.065117 -1.244961 -1.350611 -1.607535
-6.210373 -34.73489 31.84576 4.788271 1.499251 3.948691 0.939439 1.935178 2.254303 -0.618014 2.023359 -1.159448 1.652483 3.045175 -1.761962
-8.210373 -34.73489 31.84576 4.265648 1.586929 4.682619 3.418718 2.831378 5.368906 -0.964212 0.757703 0.334371 2.34949 3.570443 -0.075321
-10.21037 -34.73489 31.84576 3.930073 3.17361 4.069263 5.784007 4.785895 7.763403 -0.460104 1.906676 0.20116 3.182931 1.471386 1.241253
11.78963 -26.73489 33.84576 2.282457 4.1718 2.48617 3.923308 0.221684 3.281713 -1.328171 1.791266 -0.46038 2.385399 -0.763069 2.803594
11.78963 -28.73489 33.84576 3.744861 3.356576 2.879786 4.80894 4.592413 3.711872 -1.250623 3.376007 0.126379 2.627153 0.597615 3.885157
9.789627 -28.73489 33.84576 3.558832 3.801389 1.802401 5.516816 5.406759 2.784721 -0.93321 4.111117 -0.342066 2.437651 1.173472 3.295548
7.789627 -28.73489 33.84576 2.574228 1.312659 2.844383 3.634928 4.10663 0.399492 -0.397636 5.441125 0.09844 1.432766 1.950072 0.134782
5.789627 -28.73489 33.84576 1.896505 -1.022089 1.949527 0.817387 1.533562 -0.376852 -0.962823 3.095902 0.214681 -1.077681 1.211512 -1.57355
3.789627 -28.73489 33.84576 0.143023 -0.63357 -0.159605 -0.4027 0.073385 0.693681 -3.415452 0.644802 -1.104196 -0.827835 -0.866186 1.063829
-12.21037 -28.73489 33.84576 -1.073353 -1.040431 1.686773 -0.555944 -0.122351 0.121355 -0.586129 0.766021 -0.387737 0.266659 0.733698 2.024102
3.789627 -30.73489 33.84576 0.670851 0.064414 -0.11572 -1.24196 -0.554397 2.491654 -4.113931 0.853463 -1.198721 0.14713 0.164292 -0.296056
1.789627 -30.73489 33.84576 -2.260766 0.852624 -0.491171 -2.06919 -2.186231 -0.00043 -3.790307 2.694506 -2.433123 0.554265 -1.217871 -0.958285
-8.210373 -30.73489 33.84576 0.788406 2.03414 -1.657375 0.52533 -0.922179 2.789105 -1.090066 0.386098 0.298851 0.521641 -1.240333 -0.692297
-10.21037 -30.73489 33.84576 -0.68958 1.56387 0.027798 1.48726 -0.304685 2.693971 -0.728879 0.140635 -0.193528 0.283189 -1.122763 -0.955593
-14.21037 -30.73489 33.84576 -0.957068 0.552512 -0.103338 0.688773 1.056867 -0.350928 -0.131573 -0.11852 -0.681648 -0.696568 -0.03734 0.253099
7.789627 -32.73489 33.84576 1.910263 -0.440271 -0.160098 2.917618 0.095261 2.30722 -0.294279 3.291315 0.797442 1.192277 0.963104 0.952049
5.789627 -32.73489 33.84576 0.906606 0.241006 -0.084146 0.699218 0.299555 0.91581 -1.878771 1.883537 0.031301 1.300618 2.011648 1.238407
3.789627 -32.73489 33.84576 0.379515 0.860261 -0.74314 -1.219535 -0.213672 -0.633506 -2.165631 0.444899 -1.188801 0.564596 0.361751 -0.220716
1.789627 -32.73489 33.84576 -1.223788 0.481951 -1.838107 -2.438531 -1.42306 -1.856854 -1.381227 1.27681 -1.612849 -0.029906 -0.717567 -0.251244
-12.21037 -32.73489 33.84576 0.409571 2.780643 1.260909 3.700154 1.749391 1.999721 -1.649927 -2.298019 -1.648155 -0.614576 0.190669 -0.017756
3.789627 -34.73489 33.84576 0.232308 3.815039 -1.859549 1.769611 0.563698 -0.274285 -1.388207 0.458361 -2.656438 0.217117 -1.339293 -0.563049
-8.210373 -34.73489 33.84576 2.423238 2.343021 3.340994 3.765408 0.199148 5.409397 -1.996264 2.683876 -0.695643 -0.180304 0.575758 -1.041532
-10.21037 -34.73489 33.84576 2.690513 2.291143 3.212527 3.096148 2.26293 4.989367 -0.798556 2.065312 -0.172265 0.825821 0.902265 0.650012
-8.210373 -36.73489 33.84576 2.85791 3.038161 1.656947 2.733392 3.441814 3.60664 -0.480028 2.05237 -0.953624 0.093346 1.387483 -0.580513
9.789627 -26.73489 35.84576 0.722577 2.865771 -0.980145 0.908195 0.09956 1.584206 -2.191711 1.626305 -0.403692 1.343869 0.553189 2.172088
9.789627 -28.73489 35.84576 3.135739 -0.040205 2.723888 -0.972928 1.292734 1.759563 0.378046 2.631253 0.651181 0.596302 1.899748 1.681072
7.789627 -28.73489 35.84576 2.310568 -1.658524 2.987703 -1.307528 1.917112 0.190408 2.555084 2.3317 1.905445 -1.666404 3.674513 -0.383271
5.789627 -28.73489 35.84576 3.314186 -1.70533 4.075951 0.404191 3.464745 0.866899 2.330239 3.045819 2.429794 -2.001747 3.569312 0.477133
3.789627 -28.73489 35.84576 1.784612 1.212912 2.918959 2.399414 2.073747 6.190564 -2.505607 4.128961 0.640243 1.062981 0.752769 0.59034
5.789627 -30.73489 35.84576 1.088463 3.532755 3.685715 4.365499 3.183192 6.306227 -0.964652 3.081952 2.994204 2.288589 0.945802 3.334498
3.789627 -30.73489 35.84576 2.784412 6.399028 5.614296 9.822531 1.108745 12.70253 -4.222948 6.768951 1.16229 4.105394 1.650168 2.222183
1.789627 -30.73489 35.84576 1.600115 6.457576 4.900113 9.671113 -2.682571 10.55695 -4.336518 10.14167 -0.776224 3.891425 2.071233 1.465637
5.789627 -32.73489 35.84576 -1.887436 3.061138 -0.284064 1.154045 -0.095661 3.739144 -2.388414 1.713686 0.293734 2.135532 -0.747729 3.047326
3.789627 -32.73489 35.84576 0.861179 4.313295 3.064071 5.808584 -1.541941 6.546175 -2.519039 3.525155 -0.826579 2.188474 1.214287 1.713986
1.789627 -32.73489 35.84576 0.461638 1.554375 1.854929 3.000727 -3.277559 2.340968 -2.347151 4.053604 -2.405482 0.030636 0.960814 0.03211
-12.21037 -32.73489 35.84576 -0.259845 1.45411 1.288938 2.044337 -0.196494 1.860665 -1.38105 -0.686553 -0.996795 -0.724508 0.785095 0.694876
3.789627 -34.73489 35.84576 0.444915 3.898838 0.537167 2.591899 -0.346634 3.789223 -1.564519 1.311797 -2.398946 -0.205051 -0.070785 1.247039
-10.21037 -34.73489 35.84576 1.466722 2.27979 1.79194 1.567057 0.140326 3.799681 -0.916745 2.339843 -1.366046 0.206489 -0.387266 0.808702
7.789627 -26.73489 37.84576 -0.29104 0.13254 -3.795719 2.141861 -1.307362 2.29885 -2.018367 0.253606 -0.166852 1.733785 -2.863906 -2.961832
9.789627 -28.73489 37.84576 1.147059 0.305377 2.132736 -1.505756 -1.411835 1.563348 -0.194197 0.449832 0.970199 -0.552047 0.909785 1.098843
7.789627 -28.73489 37.84576 -0.24223 -1.96387 -1.614474 -5.489911 -2.653244 0.998269 -0.218048 -2.975193 0.276078 -1.404396 1.396083 -1.227349
5.789627 -28.73489 37.84576 2.399437 -0.478586 2.652303 -0.864933 3.087186 2.146919 -0.624426 0.379283 1.297813 -1.606744 2.379102 -0.262425
3.789627 -28.73489 37.84576 5.301051 1.766551 5.816026 3.81832 5.001893 5.038529 -0.952199 5.205738 3.48672 0.78535 2.892269 -0.503582
9.789627 -30.73489 37.84576 2.002534 3.33966 2.207185 2.98927 -0.130515 1.40715 -0.93312 2.391245 0.889103 0.792879 0.699794 1.590168
3.789627 -30.73489 37.84576 5.460612 8.060966 9.006503 12.49883 6.445311 10.07541 -1.856096 9.035747 2.150926 2.881468 2.184312 2.264185
1.789627 -30.73489 37.84576 2.054978 5.31115 5.698814 9.441579 0.386831 8.762391 -1.353077 9.562218 1.644441 2.742188 1.534013 0.989654
7.789627 -28.73489 39.84576 0.197476 3.052804 -1.102379 4.1174 1.106883 4.989636 0.928767 1.493623 2.041392 2.671227 0.714704 2.563461
5.789627 -28.73489 39.84576 1.905757 2.95924 1.890034 4.391088 3.451796 5.088339 0.819711 2.688731 2.20841 1.447665 3.499738 3.045913
3.789627 -28.73489 39.84576 3.988165 2.194428 3.157649 4.388524 3.166615 3.523569 0.663172 2.986169 3.134817 1.805519 4.502883 2.303206
9.789627 -30.73489 39.84576 3.176711 5.965972 2.827166 7.708034 1.328744 4.508073 0.529905 5.44653 2.106095 3.773341 2.159984 5.867688
7.789627 -30.73489 39.84576 0.892217 4.25391 -1.156431 3.465536 0.17315 2.232942 0.906262 0.558507 1.885623 3.204568 1.388869 5.024558
5.789627 -30.73489 39.84576 4.101015 4.907375 3.110504 4.40117 4.280483 3.866788 1.27593 2.776479 2.314126 1.786374 2.671208 4.801471
3.789627 -30.73489 39.84576 4.317942 4.398618 5.774612 5.769841 4.443159 4.515791 -0.402256 4.571843 1.852607 0.798047 2.150531 2.707491
1.789627 -30.73489 39.84576 -0.67024 1.068909 1.341789 3.704662 -0.669349 3.241119 -1.822656 5.089747 0.544283 1.729551 -1.007734 0.188348
