-3.768654 2.356453 3.491379 -3.32776 -5.896658 -5.232533 -3.065507 -1.935903 0.087251
-1.768654 0.356453 3.491379 -0.430954 -5.243035 1.237934 0.110147 -1.233635 -0.204835
-3.768654 0.356453 3.491379 -8.667048 -11.80849 -1.463854 -1.726094 -2.168774 -1.427986
-3.768654 2.356453 5.491379 13.82582 7.336777 3.017458 9.626225 7.996965 10.56022
-3.768654 0.356453 5.491379 1.284211 -1.774621 -4.485728 3.580759 0.502797 3.549924
-5.768654 0.356453 5.491379 3.604604 -0.675302 1.433385 7.368887 -1.177003 1.549001
4.231346 -1.643547 5.491379 12.4877 7.314068 2.875373 0.662966 6.886444 4.701215
-3.768654 -1.643547 5.491379 -7.553883 -9.034657 -4.309488 1.132244 -2.497634 -0.370788
-5.768654 -1.643547 5.491379 4.954329 1.099101 -2.912304 3.571525 -3.650221 -1.374721
4.231346 -3.643547 5.491379 9.526794 3.896596 -2.826581 -3.604152 8.696192 5.57246
-5.768654 -3.643547 5.491379 10.8714 7.830644 -5.42055 0.800798 -1.343118 0.494405
-7.768654 -3.643547 5.491379 6.316743 2.670977 -8.552566 -0.186212 1.193689 3.408116
4.231346 -5.643547 5.491379 2.950919 -1.325848 -2.538317 -3.241863 6.963788 4.03388
2.231346 -5.643547 5.491379 6.692534 4.339168 0.38189 -0.691701 6.68285 4.784636
-5.768654 -5.643547 5.491379 13.51224 9.379895 -5.88162 -1.814045 1.375816 2.290086
-7.768654 -5.643547 5.491379 5.702929 1.44142 -7.062479 -2.019926 0.770433 2.829485
4.231346 -7.643547 5.491379 -1.709861 -2.542044 0.678507 -0.652953 3.247169 1.700058
2.231346 -7.643547 5.491379 7.638368 6.538602 -0.169309 -1.029505 6.484235 4.59306
-5.768654 -7.643547 5.491379 7.541526 1.138269 0.311395 0.576956 3.62868 2.236739
-7.768654 -7.643547 5.491379 3.677295 -0.845591 -1.231337 1.400072 0.627069 1.84456
2.231346 -9.643547 5.491379 8.223884 9.377959 -1.069881 -0.954254 4.269181 3.350344
0.231346 -9.643547 5.491379 9.638008 15.69538 1.528487 1.212886 0.652745 1.279918
-7.768654 2.356453 7.491379 -1.039551 -2.873811 -3.033591 -3.192376 -0.697093 -0.053504
4.231346 0.356453 7.491379 4.670141 6.129295 4.752687 3.130357 1.891077 2.066517
-3.768654 0.356453 7.491379 11.40225 12.22623 5.136196 0.538487 18.22169 15.16628
-5.768654 0.356453 7.491379 11.93014 7.440116 9.649692 2.557047 5.434606 2.710403
-7.768654 0.356453 7.491379 -1.857875 -3.178715 0.101235 -0.578794 -0.650498 -0.621213
4.231346 -1.643547 7.491379 6.392111 2.155577 -0.760077 -1.15957 0.590241 0.573074
-3.768654 -1.643547 7.491379 -4.937373 -2.050923 -1.657812 -2.905898 13.42439 11.21693
-5.768654 -1.643547 7.491379 7.718413 4.360206 6.030035 4.087375 3.855436 3.498634
-7.768654 -1.643547 7.491379 2.42881 -0.43972 -1.615975 2.854873 -2.305705 -0.261993
4.231346 -3.643547 7.491379 0.994679 -3.533052 -9.628251 -6.147918 -1.410907 -0.085004
-7.768654 -3.643547 7.491379 1.03083 0.602094 -5.497912 1.069196 -0.398719 2.172417
6.231346 -5.643547 7.491379 -3.522316 1.791876 -7.546618 -2.714195 -8.102519 -4.438749
4.231346 -5.643547 7.491379 -3.913741 -4.666744 -10.95173 -4.844337 -3.838335 -1.011717
2.231346 -5.643547 7.491379 0.580388 3.895098 -1.857967 1.731683 2.338607 5.206462
-5.768654 -5.643547 7.491379 0.537378 5.92409 -6.008468 -2.236861 2.645939 4.636125
-7.768654 -5.643547 7.491379 -1.344013 1.20942 -4.62393 -1.382243 0.27987 2.214204
4.231346 -7.643547 7.491379 -4.844431 -4.355388 -5.913183 -0.545476 -4.737905 -2.10909
2.231346 -7.643547 7.491379 5.887157 5.416056 -3.260155 -1.850722 3.941956 4.028945
-5.768654 -7.643547 7.491379 -2.77512 0.221994 -3.235735 -1.07369 1.887515 2.960683
-7.768654 -7.643547 7.491379 -2.014945 0.045199 -1.515494 -0.096389 -0.99915 0.506488
-9.768654 -7.643547 7.491379 -4.698433 -4.686633 -2.177137 -0.031501 -0.588557 -0.005143
4.231346 -9.643547 7.491379 -2.623106 -2.655038 -3.300301 0.093267 -1.273185 -0.662697
2.231346 -9.643547 7.491379 7.618323 4.828297 -4.932045 -3.439526 3.726655 2.831281
0.231346 -9.643547 7.491379 16.93138 17.82934 2.832762 3.152887 4.183541 3.472913
-7.768654 -9.643547 7.491379 -1.217927 1.244591 2.640496 5.407908 -0.406359 1.611016
-9.768654 -9.643547 7.491379 -1.862058 -0.644424 -0.212769 0.719349 1.4081 1.522746
0.231346 -11.64355 7.491379 14.15097 17.11548 13.07233 14.17554 6.461033 6.535821
-7.768654 -11.64355 7.491379 0.009732 3.480956 5.164297 6.58624 -0.15733 1.594917
2.231346 -13.64355 7.491379 2.374491 0.592098 -1.753391 0.836859 2.258468 2.586175
0.231346 -13.64355 7.491379 7.378648 7.464946 4.853547 7.424017 6.417756 6.298374
-7.768654 -13.64355 7.491379 5.71332 3.883686 4.161307 2.95227 -1.355908 -1.544112
4.231346 -15.64355 7.491379 5.165783 3.972448 -0.391868 -1.932133 0.118751 0.618103
2.231346 -15.64355 7.491379 0.048518 -2.333271 -0.362186 0.215886 0.758018 1.187125
-7.768654 -15.64355 7.491379 8.705029 4.922382 -0.040295 -0.346136 -2.080958 -2.465792
-5.768654 -17.64355 7.491379 0.553475 -0.543678 1.698725 -1.10481 2.530928 1.729922
-7.768654 -17.64355 7.491379 4.086082 1.992265 -0.453739 0.186878 -1.834993 -1.161805
-3.768654 -19.64355 7.491379 -2.198253 -1.289302 1.463043 0.306493 2.829329 2.58146
-5.768654 -19.64355 7.491379 -0.849247 -2.354381 0.10364 -0.805737 -0.68543 -0.660083
4.231346 0.356453 9.491379 0.689921 -0.396901 4.712574 1.386979 0.27594 0.058019
-5.768654 0.356453 9.491379 2.961181 2.534516 -2.363846 -4.502525 7.404597 6.53884
-7.768654 0.356453 9.491379 -3.055398 -1.349796 2.988685 1.613162 3.982142 3.313843
-5.768654 -1.643547 9.491379 6.470791 2.671974 9.474132 2.994107 8.80149 7.06145
-7.768654 -1.643547 9.491379 2.193766 3.055062 10.09756 9.56466 4.308962 4.892532
4.231346 -3.643547 9.491379 7.384745 3.921861 -1.081722 -1.481902 -2.022608 -1.628747
-5.768654 -3.643547 9.491379 -0.074106 -2.488706 7.580277 3.391325 1.970874 2.097095
-7.768654 -3.643547 9.491379 0.056147 0.124134 5.246265 5.427613 -0.097182 1.595596
4.231346 -5.643547 9.491379 6.866391 4.192833 -0.159548 0.329551 -0.409748 0.442409
2.231346 -5.643547 9.491379 -0.26804 4.776291 -1.454877 2.764272 -0.930902 3.956384
-5.768654 -5.643547 9.491379 -1.201573 -3.165858 4.148807 -0.488351 1.273406 0.879443
-7.768654 -5.643547 9.491379 -1.845932 -2.609159 2.337937 -1.252139 0.579701 0.163376
4.231346 -7.643547 9.491379 7.364401 3.651799 3.882449 4.882667 0.40619 0.859537
2.231346 -7.643547 9.491379 6.201149 7.273114 1.863856 3.513919 0.060317 1.930412
-3.768654 -7.643547 9.491379 0.369906 -2.907534 1.845037 -3.996684 3.389535 1.676102
-5.768654 -7.643547 9.491379 -2.130446 -4.42628 2.853035 -1.121219 2.058421 1.53209
-7.768654 -7.643547 9.491379 -4.03088 -2.886313 1.75758 -1.446459 0.926838 -0.104445
-9.768654 -7.643547 9.491379 -4.728484 -0.316071 -0.047148 1.690702 -0.066853 0.598209
0.231346 -9.643547 9.491379 13.95308 7.410899 -2.148236 3.256057 -1.278683 0.98389
-3.768654 -9.643547 9.491379 -3.623589 -4.896029 -3.350411 -0.405767 -3.815951 -1.214458
-5.768654 -9.643547 9.491379 -8.612214 -6.770784 0.434987 0.634 -3.02052 -1.802353
-7.768654 -9.643547 9.491379 -6.050913 -1.442297 1.176762 2.95213 -1.984486 -1.090662
-9.768654 -9.643547 9.491379 -3.913795 1.276445 0.924627 3.44197 0.069877 0.598913
4.231346 -11.64355 9.491379 -0.3492 -1.043548 -3.530872 -2.252532 -0.711777 -1.031848
2.231346 -11.64355 9.491379 3.78014 0.509627 -1.095536 -0.675505 2.502325 1.780329
0.231346 -11.64355 9.491379 7.563221 6.787441 4.638435 8.546399 0.55327 2.792119
-5.768654 -11.64355 9.491379 -5.551431 -1.255774 1.714991 3.101818 -0.307239 0.838033
-9.768654 -11.64355 9.491379 -3.238064 0.896927 3.723262 4.134861 -1.777216 -1.370743
6.231346 -13.64355 9.491379 -0.647414 0.515602 -4.489078 -2.375866 -1.634381 0.213993
4.231346 -13.64355 9.491379 -2.42973 -1.406667 -2.155429 0.256837 -2.610174 -1.499627
2.231346 -13.64355 9.491379 -1.691928 -0.699394 0.666414 2.853771 -1.355457 0.022706
0.231346 -13.64355 9.491379 3.910721 3.984754 -0.206528 4.649212 0.236601 2.839657
-9.768654 -13.64355 9.491379 4.281862 4.202192 3.010013 2.85531 0.237357 0.036591
6.231346 -15.64355 9.491379 3.296529 3.718114 3.078999 2.363835 -0.350306 0.446952
4.231346 -15.64355 9.491379 5.805274 4.135952 2.018295 0.847328 0.146254 0.174609
-9.768654 -15.64355 9.491379 0.074546 1.596447 -4.038774 -2.443158 -3.251575 -1.893279
6.231346 -17.64355 9.491379 4.310128 5.077254 -0.828301 0.354029 3.31412 3.16601
4.231346 -17.64355 9.491379 0.206516 -0.91894 1.022867 0.258988 2.943091 1.91265
2.231346 -17.64355 9.491379 -4.869574 -5.908206 4.07362 0.032985 5.39795 2.786878
-9.768654 -17.64355 9.491379 -4.352127 -4.905735 -5.423944 -3.028939 -2.858115 -1.952479
4.231346 -19.64355 9.491379 3.886537 -0.022185 1.273611 0.769469 3.663626 2.686571
2.231346 -19.64355 9.491379 -4.105168 -4.805202 0.931677 -0.722997 3.198264 1.809481
-5.768654 -19.64355 9.491379 -2.330748 -3.83968 -4.311202 -5.775873 -0.166983 -0.485985
-9.768654 -19.64355 9.491379 -5.255162 -5.796579 -2.509303 -1.419703 -1.256485 -0.880122
4.231346 -21.64355 9.491379 9.711505 4.577281 0.647952 0.603132 1.538924 1.567273
-5.768654 -21.64355 9.491379 -1.213004 -1.88933 -3.152568 -3.898224 -1.325366 -1.208903
-7.768654 -21.64355 9.491379 -3.602312 -3.436791 0.725057 -0.266839 -3.167812 -2.819036
-9.768654 -21.64355 9.491379 -6.047114 -5.390666 -1.369876 -0.465431 -1.4113 -1.150063
-11.76865 -21.64355 9.491379 -3.023565 -0.936599 -7.059604 -4.373069 -1.281227 -0.021958
-5.768654 -23.64355 9.491379 -1.497702 -0.852812 -1.386043 -0.919887 -3.139595 -2.156749
-7.768654 -23.64355 9.491379 -1.676434 0.022388 0.58803 0.494917 -3.375119 -2.693166
-9.768654 -23.64355 9.491379 -1.766902 -2.178793 -0.390424 -0.234838 0.559351 0.270349
-7.768654 0.356453 11.49138 -6.479564 -0.081007 0.495331 1.86658 -0.816037 1.289807
4.231346 -3.643547 11.49138 2.250671 3.130715 -1.518987 -2.57504 -4.482602 -3.822923
-5.768654 -3.643547 11.49138 -3.503027 -2.740926 2.508574 1.730769 -6.070155 -3.362117
-7.768654 -3.643547 11.49138 1.580413 4.552049 6.299438 6.536322 1.483479 4.004688
4.231346 -5.643547 11.49138 4.464767 6.009236 1.43401 0.271328 -0.957355 -0.846525
2.231346 -5.643547 11.49138 -0.804124 2.661273 -0.921509 0.413539 -4.622289 -1.186841
-3.768654 -5.643547 11.49138 -6.943934 -5.325193 4.365355 -1.062254 -5.732306 -6.666558
-5.768654 -5.643547 11.49138 -3.611829 -3.474117 4.984944 2.802066 -7.552462 -5.628964
4.231346 -7.643547 11.49138 3.981175 5.376101 7.149483 3.499246 4.628102 2.765223
2.231346 -7.643547 11.49138 5.865359 7.184022 7.3579 3.488507 1.674472 1.165945
0.231346 -7.643547 11.49138 3.118976 7.796119 -3.525859 -1.630846 -0.1266 2.613622
-3.768654 -7.643547 11.49138 4.418254 4.197023 5.167445 2.773182 -4.692647 -2.555758
2.231346 -9.643547 11.49138 7.527022 7.455066 5.591803 2.385773 3.651076 2.123745
0.231346 -9.643547 11.49138 5.517852 3.773953 1.487356 3.311547 2.937906 4.457673
-3.768654 -9.643547 11.49138 -1.972577 0.244778 -1.269913 1.746823 -7.7792 -3.194759
-7.768654 -9.643547 11.49138 -3.667662 0.22853 -1.440681 0.1462 0.253391 0.611052
-9.768654 -9.643547 11.49138 -3.086632 1.645951 -0.544241 1.910751 -0.300573 1.021484
4.231346 -11.64355 11.49138 5.570894 3.156486 1.26961 0.87314 -2.900221 -2.513029
2.231346 -11.64355 11.49138 4.684482 1.525662 -0.166 -0.314103 -0.82995 -0.467874
0.231346 -11.64355 11.49138 1.66037 1.237601 3.851118 4.685052 2.142757 3.50601
-3.768654 -11.64355 11.49138 3.596485 2.271495 6.725547 2.706146 1.209614 0.962992
-5.768654 -11.64355 11.49138 6.945083 5.233882 6.109917 2.556863 1.738748 0.658612
-7.768654 -11.64355 11.49138 0.374296 1.753171 -0.594795 0.296269 -0.41854 -0.375032
-9.768654 -11.64355 11.49138 -5.219697 -2.202557 0.404186 1.553856 -1.56933 -1.063213
6.231346 -13.64355 11.49138 2.123039 3.015529 -2.22043 -0.17013 -1.399063 -0.709937
4.231346 -13.64355 11.49138 1.074358 -0.190159 -2.244957 1.534696 -2.89758 -2.494566
2.231346 -13.64355 11.49138 0.655489 -1.580979 -2.657869 -0.467882 -2.4003 -1.275055
0.231346 -13.64355 11.49138 2.680938 0.74528 -2.4949 -0.313165 -0.915401 1.297983
-3.768654 -13.64355 11.49138 14.44985 9.261512 4.280777 2.26863 4.816971 3.724718
-5.768654 -13.64355 11.49138 5.879338 5.025376 2.241381 0.622578 2.451443 1.346552
-7.768654 -13.64355 11.49138 -1.462128 0.429167 -1.161332 1.508072 -0.548466 -0.384325
-11.76865 -13.64355 11.49138 3.956927 3.865988 5.7932 4.272441 0.363588 -0.134924
8.231346 -15.64355 11.49138 0.566602 1.34376 -1.076175 -0.623698 0.34964 -0.193907
6.231346 -15.64355 11.49138 0.069593 1.09386 -0.981835 0.016333 -1.291204 -0.81056
4.231346 -15.64355 11.49138 2.886941 2.400328 0.765102 0.249086 -0.861842 -0.896506
2.231346 -15.64355 11.49138 0.051494 0.178284 0.195595 -0.218665 -1.405901 -1.378716
0.231346 -15.64355 11.49138 -2.746641 2.210186 -4.534783 -0.436348 -0.4684 2.278017
-3.768654 -15.64355 11.49138 7.721121 9.415464 -4.657091 -1.42725 1.719427 4.973897
-5.768654 -15.64355 11.49138 3.039426 4.735346 -2.966947 -2.296881 0.153634 1.087098
-7.768654 -15.64355 11.49138 -0.550445 2.051292 -3.573596 -1.49459 -2.127999 -1.222822
-11.76865 -15.64355 11.49138 1.573749 0.85788 3.450185 2.299553 0.890586 0.669872
8.231346 -17.64355 11.49138 6.256086 5.27814 -0.145028 1.30449 1.709852 1.447006
4.231346 -17.64355 11.49138 -1.430626 1.158767 3.35831 3.493157 2.125849 2.668068
2.231346 -17.64355 11.49138 -4.844353 -1.174205 1.947435 0.445495 2.820941 2.312901
0.231346 -17.64355 11.49138 -3.400723 3.307923 -1.900538 0.635713 2.812714 4.081624
-3.768654 -17.64355 11.49138 6.498285 7.560644 -2.845783 -1.74554 1.533932 3.115737
-5.768654 -17.64355 11.49138 1.441518 2.470889 -1.876921 -2.302997 -0.572798 0.193349
-7.768654 -17.64355 11.49138 -4.403027 -3.159075 -3.848697 -4.184323 -3.732804 -3.536413
-9.768654 -17.64355 11.49138 -2.466711 -3.571032 -4.671174 -3.808221 -1.959315 -1.891383
-11.76865 -17.64355 11.49138 1.820352 1.048114 1.131456 0.939056 -0.187093 0.17508
8.231346 -19.64355 11.49138 14.93319 11.31827 5.049662 3.613997 1.663803 1.278218
6.231346 -19.64355 11.49138 8.296688 8.653966 4.945899 5.00517 1.217638 2.057264
2.231346 -19.64355 11.49138 5.391491 5.345022 -0.826489 -1.347916 4.01899 3.346753
0.231346 -19.64355 11.49138 -3.264093 1.466539 -3.063156 -2.078058 1.393096 1.681664
-3.768654 -19.64355 11.49138 6.256263 7.641811 -0.341056 -2.282634 1.938346 1.647812
-5.768654 -19.64355 11.49138 0.134551 0.894633 -3.233407 -3.54908 0.951138 0.963585
-7.768654 -19.64355 11.49138 -8.077343 -8.481234 -6.402498 -5.844121 -2.61344 -2.626321
-9.768654 -19.64355 11.49138 -9.921492 -9.462308 -6.630747 -5.991683 -4.254115 -3.672555
-11.76865 -19.64355 11.49138 -3.047689 -0.504239 -4.591257 -3.394377 -2.161522 -0.63862
-13.76865 -19.64355 11.49138 -1.598184 1.533759 -5.990355 -3.343244 0.518803 1.917567
8.231346 -21.64355 11.49138 14.10696 10.81851 3.217752 0.922523 2.560629 2.748872
6.231346 -21.64355 11.49138 10.31467 8.351219 3.594735 2.023697 -0.338248 0.3117
4.231346 -21.64355 11.49138 12.18472 7.934025 1.462759 2.027036 0.944447 0.6706
2.231346 -21.64355 11.49138 12.94683 9.653926 -2.414046 -0.484224 0.979227 0.909125
0.231346 -21.64355 11.49138 0.87921 0.162563 -2.728457 -2.792809 -1.540215 -2.015519
-7.768654 -21.64355 11.49138 -3.735396 -4.084244 1.748541 1.372469 -2.27447 -2.561447
-13.76865 -21.64355 11.49138 -1.995553 -0.072537 -5.027424 -1.666234 0.689486 1.666515
8.231346 -23.64355 11.49138 7.118241 7.515041 -0.840922 -1.75584 4.132298 5.450344
6.231346 -23.64355 11.49138 7.774363 8.497141 5.067534 2.804538 0.976177 2.350992
2.231346 -23.64355 11.49138 7.940635 6.043443 -2.892887 1.319763 -2.405984 -1.027097
-11.76865 -23.64355 11.49138 4.296287 3.2315 0.535944 -0.148208 3.684307 2.934105
6.231346 -5.643547 13.49138 0.826777 0.120365 1.920503 0.82233 -1.911279 -1.848323
4.231346 -5.643547 13.49138 3.238401 3.334854 2.454202 0.542933 -1.100369 -1.025899
6.231346 -7.643547 13.49138 -1.120915 -0.156603 6.264155 6.051817 2.978598 3.053902
4.231346 -7.643547 13.49138 4.200918 4.23596 5.60601 2.81284 2.592789 1.533667
2.231346 -7.643547 13.49138 4.428453 4.291323 6.302558 3.330144 3.134681 2.076719
-3.768654 -7.643547 13.49138 -0.278471 3.126463 -6.459568 -4.290511 -4.662926 -2.782296
6.231346 -9.643547 13.49138 1.558708 -0.714995 8.258036 5.664814 4.529589 3.021015
4.231346 -9.643547 13.49138 2.22984 1.447586 8.080296 5.378942 3.669875 2.540493
2.231346 -9.643547 13.49138 2.463147 4.534813 7.333507 5.488369 3.675711 3.053643
0.231346 -9.643547 13.49138 -2.506948 1.454562 4.507879 5.357582 1.335535 3.003506
-3.768654 -9.643547 13.49138 -7.310656 -2.450979 -8.368425 -3.867863 -5.903722 -3.45244
-5.768654 -9.643547 13.49138 1.7715 0.353152 -3.295027 -7.203123 1.911176 0.538555
6.231346 -11.64355 13.49138 6.869766 4.028078 6.333543 4.069952 1.259479 0.444575
4.231346 -11.64355 13.49138 6.819341 3.460846 5.071495 2.76276 -0.027636 -0.670697
2.231346 -11.64355 13.49138 3.963456 3.436432 0.784981 0.300554 -0.362356 -0.144761
0.231346 -11.64355 13.49138 -3.202607 0.400486 2.068023 2.655928 0.785096 1.612605
-3.768654 -11.64355 13.49138 2.693103 0.902072 -0.341414 -0.98982 1.030379 0.129194
-5.768654 -11.64355 13.49138 7.468294 2.970219 4.357718 1.35574 2.497851 0.987878
2.231346 -13.64355 13.49138 2.72749 0.541784 -0.07474 0.27238 -0.410806 -0.182673
0.231346 -13.64355 13.49138 5.794526 4.70292 0.801654 1.317952 -0.189691 0.562395
-3.768654 -13.64355 13.49138 17.53728 13.35917 2.303242 0.08806 4.84691 3.311011
-9.768654 -13.64355 13.49138 3.266748 4.411885 0.995138 1.508676 -1.914185 -1.473036
-11.76865 -13.64355 13.49138 2.977336 3.835968 6.869007 5.286135 -0.923685 -0.750757
2.231346 -15.64355 13.49138 0.434886 2.385379 -1.249672 -0.120352 -0.824155 -0.065476
0.231346 -15.64355 13.49138 1.371552 5.987891 2.028044 4.667266 -0.453137 1.444301
-3.768654 -15.64355 13.49138 10.00277 9.737317 -3.051771 -1.661231 4.655717 6.373289
-5.768654 -15.64355 13.49138 -0.54491 -0.414254 -1.436126 -0.180605 0.174091 0.791314
-9.768654 -15.64355 13.49138 8.245181 6.706992 4.519193 3.19502 1.138746 0.955309
-11.76865 -15.64355 13.49138 2.985519 2.765563 6.146371 3.863943 1.120349 0.358437
8.231346 -17.64355 13.49138 2.214226 3.670004 1.065886 1.697652 1.320866 1.340443
6.231346 -17.64355 13.49138 -1.727994 3.784946 2.193094 3.256132 3.391439 4.133729
0.231346 -17.64355 13.49138 -0.99754 6.028886 0.732218 3.522665 3.180161 4.867328
-1.768654 -17.64355 13.49138 4.170053 9.761579 0.384846 2.551951 4.352407 5.805052
-3.768654 -17.64355 13.49138 3.871455 5.54975 0.281651 -0.105203 4.759442 5.253325
-5.768654 -17.64355 13.49138 -0.191606 0.168511 -0.203934 -0.069879 -1.042895 -0.03824
-9.768654 -17.64355 13.49138 4.351591 4.087185 0.968212 0.597616 0.369684 0.156724
-11.76865 -17.64355 13.49138 1.226717 1.68999 3.355016 2.100936 -0.4262 -0.520416
-13.76865 -17.64355 13.49138 -1.537253 1.640361 1.229289 0.289956 -0.392607 0.298098
10.23135 -19.64355 13.49138 2.5638 1.935117 3.31291 2.32054 2.163645 1.310224
8.231346 -19.64355 13.49138 4.565231 4.260836 5.806388 4.192554 1.963607 2.279565
6.231346 -19.64355 13.49138 -0.147412 3.462679 4.567414 5.632739 2.129351 3.352723
4.231346 -19.64355 13.49138 2.63416 2.309506 0.005076 2.168212 1.88896 1.825474
0.231346 -19.64355 13.49138 0.097518 5.468518 -2.598575 -1.435164 3.187566 4.201474
-1.768654 -19.64355 13.49138 4.538409 9.38016 1.050461 0.092889 4.402429 4.650663
-3.768654 -19.64355 13.49138 3.605419 4.779683 1.334393 -1.59559 4.257568 2.903219
-5.768654 -19.64355 13.49138 1.76836 0.514861 -2.619757 -2.010005 0.15011 0.438416
-9.768654 -19.64355 13.49138 -7.273863 -6.423797 -6.746239 -6.096931 -2.711145 -2.581769
-13.76865 -19.64355 13.49138 -3.447244 -0.162085 -4.321274 -3.236259 -1.66471 -0.386756
10.23135 -21.64355 13.49138 3.259179 0.394336 3.820442 1.152895 3.273804 2.498971
8.231346 -21.64355 13.49138 5.932786 3.50532 4.794956 2.895992 2.394587 2.748156
6.231346 -21.64355 13.49138 1.432577 2.423223 3.485116 4.860176 -0.269798 1.200105
4.231346 -21.64355 13.49138 4.219166 3.650733 1.088122 3.769544 -1.373623 -1.078173
2.231346 -21.64355 13.49138 3.063509 3.98114 -1.364954 0.405622 -1.348703 -0.932221
0.231346 -21.64355 13.49138 -1.105005 0.743397 -1.580647 -1.43769 -0.151846 0.352161
-3.768654 -21.64355 13.49138 0.902853 2.350626 -1.9137 -2.700938 -0.119374 -0.03894
-5.768654 -21.64355 13.49138 1.478715 1.841224 -1.684385 -0.652403 -0.407116 -0.183278
-7.768654 -21.64355 13.49138 0.491392 -2.466403 -2.263331 -1.480714 0.037748 -1.056878
-9.768654 -21.64355 13.49138 -8.088937 -8.593742 -5.634569 -5.763777 -2.410336 -2.015251
-13.76865 -21.64355 13.49138 -3.531883 -0.73847 -4.365639 -1.826252 -1.61645 -0.162223
8.231346 -23.64355 13.49138 3.625125 2.498428 1.048962 0.081323 3.657401 3.601137
6.231346 -23.64355 13.49138 1.888233 3.610585 2.423428 2.02063 0.867894 1.213008
4.231346 -23.64355 13.49138 0.645155 2.980413 0.610481 2.527631 -2.181702 -1.406027
2.231346 -23.64355 13.49138 -0.637895 -0.019851 -1.916417 0.244533 -3.535734 -2.987699
0.231346 -23.64355 13.49138 -1.048061 -4.101588 -1.835665 -2.251064 -0.110579 -0.939136
-1.768654 -23.64355 13.49138 0.866703 -1.854621 -4.021974 -4.258156 0.774554 0.541373
-3.768654 -23.64355 13.49138 3.778372 3.184834 -3.686397 -3.447679 -0.093897 0.546343
-5.768654 -23.64355 13.49138 4.234556 3.397819 1.421848 0.32685 1.204414 0.363024
2.231346 -25.64355 13.49138 -2.034265 -2.377013 -3.677212 -3.297878 -0.343884 -0.643139
0.231346 -25.64355 13.49138 -1.93391 -5.753055 -2.1095 -3.755869 3.261443 1.266119
-5.768654 -25.64355 13.49138 4.448689 2.180538 2.850392 1.349772 5.231662 3.501175
2.231346 -27.64355 13.49138 -2.375365 -2.112978 -3.128801 -2.507793 3.590263 2.759315
6.231346 -9.643547 15.49138 1.762475 -1.62768 4.248136 1.851548 4.204825 3.219357
4.231346 -9.643547 15.49138 1.657435 -0.340071 7.222792 3.968068 4.221274 2.817901
6.231346 -11.64355 15.49138 -0.32437 -0.288392 4.600979 4.728483 2.207153 2.010737
-3.768654 -11.64355 15.49138 0.824537 2.058841 -3.737773 -0.264666 -0.632466 0.879087
6.231346 -13.64355 15.49138 -1.048042 -1.998533 0.435442 -0.3422 1.960907 1.113831
4.231346 -13.64355 15.49138 -0.893149 -2.156565 -1.771224 -2.661132 0.808341 -0.503411
2.231346 -13.64355 15.49138 -1.391894 -1.6426 1.073525 -1.203332 0.212224 -0.846423
-3.768654 -13.64355 15.49138 2.946648 4.745481 -3.599557 -1.224267 -0.883226 0.868408
-5.768654 -13.64355 15.49138 0.716097 2.999804 1.484939 2.867403 0.861833 1.797206
6.231346 -15.64355 15.49138 -1.532309 0.133385 1.425976 0.964732 2.762945 2.784803
4.231346 -15.64355 15.49138 -1.081051 0.508149 -3.222346 -1.839772 0.97197 1.218428
2.231346 -15.64355 15.49138 -3.263698 -1.505067 -2.837763 -2.45487 -2.367714 -1.424927
-3.768654 -15.64355 15.49138 -0.05295 1.842547 0.502205 0.56088 2.418339 3.614545
-5.768654 -15.64355 15.49138 -3.775737 0.431609 2.005528 4.321374 1.339265 3.116208
-7.768654 -15.64355 15.49138 2.121894 3.384693 -0.611638 0.643433 0.305691 1.710189
4.231346 -17.64355 15.49138 0.19975 1.808443 0.200374 -0.374463 1.031861 1.236641
2.231346 -17.64355 15.49138 0.209977 0.125945 -2.0472 -1.489942 -2.002606 -0.669454
0.231346 -17.64355 15.49138 2.325107 2.824764 0.660632 1.867531 2.107944 3.264369
-5.768654 -17.64355 15.49138 -5.23419 -3.169499 0.933124 1.939333 -1.626818 0.034478
-7.768654 -17.64355 15.49138 3.470181 4.611599 2.748605 4.045601 0.703727 2.124671
-11.76865 -17.64355 15.49138 3.368998 3.425723 3.34519 3.588742 2.779434 2.57039
-13.76865 -17.64355 15.49138 3.368797 5.602309 1.515315 2.85422 1.365817 2.235583
2.231346 -19.64355 15.49138 0.209499 -1.898634 -2.718383 -2.511857 -0.981786 -0.321028
0.231346 -19.64355 15.49138 7.136275 3.373612 2.738176 0.601518 5.117132 5.094975
-3.768654 -19.64355 15.49138 -3.76114 -1.919477 -5.703521 -4.079509 -0.296912 1.082398
-5.768654 -19.64355 15.49138 -2.63167 -5.755108 -4.327267 -2.570825 -1.950634 -1.53052
-11.76865 -19.64355 15.49138 0.342356 1.105608 -2.533106 -2.850698 0.724493 0.574158
-13.76865 -19.64355 15.49138 2.782133 4.457847 0.754319 -0.264756 0.243182 0.226321
10.23135 -21.64355 15.49138 -1.949072 -2.035471 -0.90552 -2.137794 1.773292 0.875455
8.231346 -21.64355 15.49138 -1.191672 -0.356899 0.919518 0.324355 2.766463 2.289056
6.231346 -21.64355 15.49138 -3.644673 -1.615238 -2.59667 0.588264 -1.716551 -0.336136
0.231346 -21.64355 15.49138 4.568683 0.858406 3.731945 2.211713 3.518663 5.196707
-3.768654 -21.64355 15.49138 -1.467066 -1.837355 -6.052006 -5.130381 -1.893126 -0.84408
-5.768654 -21.64355 15.49138 4.133437 -1.879875 -4.925536 -4.451643 -0.650767 -1.65394
-7.768654 -21.64355 15.49138 5.601317 0.545583 1.521817 1.351856 2.891235 1.212318
-9.768654 -21.64355 15.49138 -2.173427 -0.908106 2.598984 2.322961 2.773057 3.345431
10.23135 -23.64355 15.49138 -3.493094 -1.757703 -1.33163 -1.909034 2.249472 2.270719
4.231346 -23.64355 15.49138 -5.305804 -2.713004 -4.974561 -5.107758 -1.891557 -1.648103
0.231346 -23.64355 15.49138 3.137349 -0.608531 0.262927 2.763034 0.895773 3.926203
-1.768654 -23.64355 15.49138 3.732997 0.231016 -3.198526 -1.305623 0.867295 3.646016
-3.768654 -23.64355 15.49138 -0.371942 -2.20508 -4.4655 -6.440919 -0.784849 -0.912176
-5.768654 -23.64355 15.49138 5.064874 1.660249 0.276013 -2.157275 0.332824 -0.731568
-7.768654 -23.64355 15.49138 6.411081 4.27964 3.864436 1.772221 4.761397 3.341972
2.231346 -25.64355 15.49138 -1.311728 -2.054923 -5.869904 -4.919875 0.626688 0.953414
0.231346 -25.64355 15.49138 4.096317 0.725736 -2.247925 1.16459 -0.941414 1.146087
-3.768654 -25.64355 15.49138 1.446793 0.162202 -1.885302 -3.177175 2.429247 1.694798
-5.768654 -25.64355 15.49138 3.906027 2.837219 0.877251 -0.668643 2.798279 1.661647
2.231346 -27.64355 15.49138 -0.716728 0.801164 -2.704969 -1.560847 3.099917 3.276887
0.231346 -27.64355 15.49138 0.71875 2.332712 2.175507 3.072027 -0.847 0.326721
2.231346 -29.64355 15.49138 -0.212344 1.988773 -2.374004 -1.40155 3.024642 3.415048
8.231346 -13.64355 17.49138 0.854688 2.363167 2.875311 3.867714 3.344554 3.569068
6.231346 -13.64355 17.49138 -4.754304 -0.900694 -1.467834 1.145164 1.751915 2.731557
8.231346 -15.64355 17.49138 -1.187755 1.207616 -0.97756 -0.52891 2.794222 3.13166
6.231346 -15.64355 17.49138 -0.336312 0.324356 -0.421615 -0.512502 2.005446 2.002855
-5.768654 -15.64355 17.49138 -1.089121 0.551946 4.656727 5.056653 -0.307103 0.826807
8.231346 -17.64355 17.49138 -0.272458 -0.000358 -2.118223 -1.883944 -0.723629 -0.166526
6.231346 -17.64355 17.49138 0.977132 0.65252 -1.978477 -1.196784 -0.773532 -0.098148
4.231346 -17.64355 17.49138 1.339073 0.409714 2.1106 1.94657 -1.357955 -0.819066
-5.768654 -17.64355 17.49138 -3.441165 -1.593492 2.178539 2.440017 -2.474413 -1.055351
6.231346 -19.64355 17.49138 -0.12306 0.938637 -1.894337 -0.778405 -1.264205 -0.693361
4.231346 -19.64355 17.49138 -1.930968 -0.653744 -3.192913 -2.036165 -1.95448 -1.819615
2.231346 -19.64355 17.49138 -0.266559 -0.519601 -0.230825 0.029667 -2.745048 -2.431792
-3.768654 -19.64355 17.49138 -2.074176 -2.252362 -9.817364 -5.981308 -4.8613 -1.784978
-5.768654 -19.64355 17.49138 -1.987494 -2.659294 -1.475798 -0.156673 -3.850803 -2.39756
-13.76865 -19.64355 17.49138 1.195386 2.637997 2.633178 2.592256 -1.142605 -0.6501
4.231346 -21.64355 17.49138 -7.07642 -4.81293 -7.695493 -6.646472 -1.832795 -2.253966
2.231346 -21.64355 17.49138 -4.189228 -4.659683 -3.805806 -2.985909 -2.082853 -1.745012
0.231346 -21.64355 17.49138 5.107316 -0.293721 2.494997 1.431188 2.388303 3.46102
-3.768654 -21.64355 17.49138 5.542264 1.683147 -5.79342 -6.126285 -2.361887 -1.86227
-9.768654 -21.64355 17.49138 0.720357 2.038935 6.306221 6.097627 3.069409 3.685617
-11.76865 -21.64355 17.49138 1.879179 1.883632 4.376333 2.64035 0.837974 0.710747
-13.76865 -21.64355 17.49138 6.278193 6.127432 5.901442 4.738151 2.092772 1.410011
2.231346 -23.64355 17.49138 -4.29548 -3.454437 -6.352913 -4.157886 -1.903307 -0.702822
0.231346 -23.64355 17.49138 -4.227123 -2.761736 -8.998341 1.10297 -6.940247 1.177278
-1.768654 -23.64355 17.49138 1.277133 -0.862091 -9.60817 -3.550995 -4.52948 1.453984
-3.768654 -23.64355 17.49138 1.074233 -2.418781 -3.166365 -6.818009 -0.101171 -1.302101
-7.768654 -23.64355 17.49138 1.72075 2.12456 -1.62289 -2.185091 0.209472 0.479199
-9.768654 -23.64355 17.49138 1.19181 3.731718 2.816245 1.902386 0.061256 1.34819
-11.76865 -23.64355 17.49138 2.944127 4.038458 7.116678 4.983464 0.074158 0.084989
0.231346 -25.64355 17.49138 -5.597969 0.642227 -16.3663 0.516983 -14.04723 -4.034107
-1.768654 -25.64355 17.49138 -1.675092 2.003465 -9.714245 0.302383 -8.856159 -1.315933
-3.768654 -25.64355 17.49138 1.081982 1.525072 -0.254364 -1.121113 0.795848 0.779835
-5.768654 -25.64355 17.49138 0.010513 3.358895 -3.165003 -1.579618 -2.99962 -1.849243
-7.768654 -25.64355 17.49138 5.909648 6.780912 -0.061918 -0.951439 2.327832 1.862585
-9.768654 -25.64355 17.49138 4.475375 4.635459 0.821818 0.083001 2.251294 1.831151
-11.76865 -25.64355 17.49138 2.962528 3.22843 3.227493 1.965621 -0.584005 -0.570109
0.231346 -27.64355 17.49138 -5.558225 -1.961874 -5.425507 3.703931 -13.99347 -8.081837
-3.768654 -27.64355 17.49138 -1.373078 0.783128 0.509441 0.143306 -0.392535 0.102762
-5.768654 -27.64355 17.49138 -1.623102 1.529904 0.374733 0.528418 -2.434913 -2.18891
-7.768654 -27.64355 17.49138 2.327737 3.34486 3.036671 0.90543 0.838774 -0.40113
-9.768654 -27.64355 17.49138 2.893961 2.394115 3.696402 2.08098 2.434713 1.415383
-11.76865 -27.64355 17.49138 3.471953 4.155738 2.180313 1.753948 1.522448 1.884995
2.231346 -29.64355 17.49138 -0.364396 1.979414 1.884543 2.922916 0.495966 1.845846
0.231346 -29.64355 17.49138 -3.000873 -0.198211 2.628307 3.892713 -3.78458 -2.189296
-5.768654 -29.64355 17.49138 -0.441631 1.058347 -0.157261 0.111075 -1.320092 -1.074832
8.231346 -19.64355 19.49138 5.217342 3.049105 -2.970569 -3.291209 3.34347 2.60758
6.231346 -19.64355 19.49138 3.210287 3.609581 0.769249 -0.390053 3.342622 2.692457
4.231346 -19.64355 19.49138 5.502217 6.110687 2.334257 1.776699 1.381539 1.496966
2.231346 -19.64355 19.49138 5.211995 4.717864 -2.243606 0.794959 -0.504849 0.54873
-5.768654 -19.64355 19.49138 0.718343 1.150367 -1.859807 0.995673 -3.511841 -1.023654
6.231346 -21.64355 19.49138 -1.227412 1.575041 -1.058664 -0.99678 2.911393 2.257688
4.231346 -21.64355 19.49138 -0.556906 0.156819 -1.269379 -0.814165 1.684243 1.248828
2.231346 -21.64355 19.49138 0.544389 -1.053631 -3.369261 0.42545 -2.325225 -1.066207
-3.768654 -21.64355 19.49138 4.86249 2.740755 1.476909 -0.07111 0.595754 0.540305
-5.768654 -21.64355 19.49138 1.517627 0.56247 -0.027312 -0.802688 -0.520645 -0.602547
-7.768654 -21.64355 19.49138 0.218198 0.258726 2.052061 1.082183 0.453755 0.118623
4.231346 -23.64355 19.49138 -2.233427 -1.47293 -4.643607 -3.325298 1.466859 1.482163
2.231346 -23.64355 19.49138 -5.47186 -5.404713 -6.490306 -0.96885 -3.810015 -1.880361
0.231346 -23.64355 19.49138 -16.18252 -14.26699 -16.275 -6.09796 -14.05896 -8.519255
-3.768654 -23.64355 19.49138 5.111719 2.617057 -2.349734 -4.446016 4.576208 2.889301
-5.768654 -23.64355 19.49138 0.159922 -1.062122 -4.861756 -4.813136 -0.043278 -0.65408
-7.768654 -23.64355 19.49138 -0.455783 -1.413067 -2.544421 -3.325718 -0.03137 -0.582729
2.231346 -25.64355 19.49138 -2.164615 1.690154 -1.187832 2.074689 0.963855 1.559462
0.231346 -25.64355 19.49138 -17.82887 -2.647158 -16.85956 -2.702511 -14.13395 -8.135647
-3.768654 -25.64355 19.49138 4.097734 2.188194 -5.104191 -5.186872 1.432392 1.483292
-5.768654 -25.64355 19.49138 -0.827986 1.066289 -4.84411 -2.565442 -2.966552 -1.633623
0.231346 -27.64355 19.49138 -4.150313 3.568549 -0.307557 3.687163 -6.420831 -4.939454
-3.768654 -27.64355 19.49138 -2.941581 -0.72022 -5.730257 -4.470014 -1.296602 0.047305
-5.768654 -27.64355 19.49138 -1.333538 1.271543 -2.208708 -1.03191 -1.47919 -0.475889
-7.768654 -27.64355 19.49138 3.285682 3.372422 0.662047 0.21695 0.049404 -0.121968
-9.768654 -27.64355 19.49138 2.242675 2.501163 1.714906 1.688241 -0.318203 -0.469084
-11.76865 -27.64355 19.49138 1.822983 2.627539 3.659536 3.679012 1.661998 1.84717
2.231346 -29.64355 19.49138 2.974799 2.021446 4.734038 4.390126 1.991156 2.022149
0.231346 -29.64355 19.49138 5.416685 4.009788 5.222047 3.872766 -0.026613 -0.086906
-3.768654 -29.64355 19.49138 -5.10108 -0.715922 -4.505172 -2.584043 0.672022 2.018283
-5.768654 -29.64355 19.49138 -2.348689 0.054742 -1.894935 -0.406265 -0.675726 0.619505
-7.768654 -29.64355 19.49138 2.438907 1.69753 1.173046 0.91083 0.508341 0.428685
-9.768654 -29.64355 19.49138 1.859089 0.547219 3.17 1.180181 -0.193705 -1.040118
-11.76865 -29.64355 19.49138 0.604972 -0.282923 2.819713 1.824524 -0.670146 -0.673117
-5.768654 -31.64355 19.49138 -2.390125 -2.385751 -2.862913 -1.883065 -1.902847 -0.848296
10.23135 -19.64355 21.49138 4.013171 3.900508 -4.052997 -0.649345 -0.862468 0.591976
8.231346 -19.64355 21.49138 8.836162 7.786289 -1.880187 -0.64787 2.240132 2.930539
-5.768654 -19.64355 21.49138 2.987882 -0.157916 -0.203833 1.31461 -3.303884 -1.998709
-7.768654 -19.64355 21.49138 -0.495411 0.373342 1.83033 2.752672 0.712106 1.51577
8.231346 -21.64355 21.49138 10.79617 7.920922 1.240394 1.908188 2.924398 3.165571
6.231346 -21.64355 21.49138 5.130491 3.198443 0.275103 0.025999 2.014696 1.645267
4.231346 -21.64355 21.49138 2.152449 2.037023 0.748711 1.956827 -1.188752 0.38345
-5.768654 -21.64355 21.49138 -1.096727 -0.129554 -0.713832 -0.307953 -2.042884 -1.10188
-7.768654 -21.64355 21.49138 0.966843 0.630219 0.613111 1.532713 0.343542 0.590496
-9.768654 -21.64355 21.49138 2.868641 2.924656 -1.503915 -0.182211 2.342328 2.299891
-11.76865 -21.64355 21.49138 1.039168 1.660819 0.58595 0.140323 2.498407 1.830916
6.231346 -23.64355 21.49138 7.15696 4.55135 -2.311275 -1.742327 2.701609 2.536003
4.231346 -23.64355 21.49138 4.557283 4.261772 -1.390705 -0.473533 0.857095 1.647347
2.231346 -23.64355 21.49138 0.705903 1.606012 -2.763486 0.796978 -0.64029 1.054963
-7.768654 -23.64355 21.49138 1.390348 -0.886401 -3.493721 -3.239037 0.965743 0.354843
-9.768654 -23.64355 21.49138 2.487461 2.445984 -1.512129 -2.540777 2.34058 1.829228
4.231346 -25.64355 21.49138 5.447277 3.223461 2.327509 0.16926 3.390471 2.442025
2.231346 -25.64355 21.49138 2.637646 5.464658 2.140339 1.446859 5.165858 4.403796
-3.768654 -25.64355 21.49138 2.445082 0.433579 -7.748019 -6.881091 1.032402 0.491638
-5.768654 -25.64355 21.49138 3.619307 1.342906 -3.404433 -2.964953 0.722535 0.099973
-7.768654 -25.64355 21.49138 7.100928 3.329567 -3.914943 -4.33887 3.973599 2.80455
-9.768654 -25.64355 21.49138 5.428336 3.399158 -1.873777 -4.236441 2.879235 1.723335
2.231346 -27.64355 21.49138 3.479401 3.400141 4.302682 1.721526 7.372907 5.213422
0.231346 -27.64355 21.49138 5.33013 8.253501 3.433596 1.309559 5.231785 4.19118
-3.768654 -27.64355 21.49138 0.680988 -0.151537 -10.24171 -7.747666 0.511142 1.393122
-5.768654 -27.64355 21.49138 5.375931 2.297569 -3.867973 -3.885401 4.115718 2.76786
-11.76865 -27.64355 21.49138 2.665586 3.26961 4.197223 3.715141 0.899802 0.8091
2.231346 -29.64355 21.49138 4.095657 2.845799 2.20705 0.666253 4.94527 3.61965
0.231346 -29.64355 21.49138 8.013576 8.208383 5.638198 3.32785 6.446819 5.681263
-3.768654 -29.64355 21.49138 -2.551937 3.377925 -8.914693 -7.757021 0.951695 2.882463
-5.768654 -29.64355 21.49138 -2.946525 -1.609459 -3.253339 -2.489595 -0.003463 0.586162
-7.768654 -29.64355 21.49138 0.258497 -1.349293 0.188836 0.010045 0.533994 0.314601
-9.768654 -29.64355 21.49138 0.798041 0.573434 1.780134 0.682398 -0.839117 -0.912618
-11.76865 -29.64355 21.49138 -0.663301 1.524816 0.220836 2.001734 -3.420209 -1.432697
-5.768654 -31.64355 21.49138 -1.837504 -1.025443 -1.439143 -0.927644 -1.872999 -0.849463
-7.768654 -31.64355 21.49138 1.666264 -0.647843 0.265972 1.011656 0.067317 0.383778
10.23135 -19.64355 23.49138 4.835527 5.722626 -3.015375 0.554669 -0.83227 1.181695
8.231346 -19.64355 23.49138 6.905909 6.742081 -0.186006 0.420495 1.910734 2.565988
10.23135 -21.64355 23.49138 6.273969 3.373399 -2.127299 1.211071 -0.491267 1.495481
8.231346 -21.64355 23.49138 8.010317 6.229336 1.115268 1.908757 2.250195 3.272821
-11.76865 -21.64355 23.49138 1.204631 1.883117 0.364752 0.331066 1.885382 1.653514
8.231346 -23.64355 23.49138 3.049257 5.002498 2.988357 4.117422 4.012026 5.336407
6.231346 -23.64355 23.49138 7.251625 6.655208 6.25041 5.540854 4.870144 4.759586
4.231346 -23.64355 23.49138 7.694456 5.881926 6.026437 4.119532 5.472836 4.419044
-9.768654 -23.64355 23.49138 -1.172457 0.030008 -3.730811 -2.456387 1.777972 2.343873
-11.76865 -23.64355 23.49138 0.390396 -0.328356 -1.279083 -1.009748 3.680087 3.287917
4.231346 -25.64355 23.49138 8.497208 4.766573 5.529583 3.207907 3.54936 2.348291
2.231346 -25.64355 23.49138 4.359223 4.662761 1.084808 1.94592 5.139726 4.75685
0.231346 -25.64355 23.49138 -0.426113 3.093027 -3.429647 0.050321 -0.20017 0.938587
-7.768654 -25.64355 23.49138 5.366596 4.507636 -0.741027 -2.685808 3.936172 3.160258
-9.768654 -25.64355 23.49138 4.607386 2.950187 -1.262137 -3.488144 4.513516 3.688085
2.231346 -27.64355 23.49138 1.011373 2.020619 -0.241823 1.254829 3.156698 2.798818
0.231346 -27.64355 23.49138 3.711839 2.4016 0.021204 -1.152916 3.447599 2.512498
-5.768654 -27.64355 23.49138 10.46215 7.000627 0.431314 -0.753442 5.329062 3.458256
-7.768654 -27.64355 23.49138 4.19032 1.78839 0.986846 -0.77645 3.071643 1.712426
-11.76865 -27.64355 23.49138 2.065424 2.415795 1.861808 0.47847 2.342416 1.702956
4.231346 -29.64355 23.49138 -1.050664 -0.338352 -4.438424 -2.711828 0.846986 -0.043163
2.231346 -29.64355 23.49138 1.44607 2.9547 -3.225823 -1.926261 3.163586 2.608074
0.231346 -29.64355 23.49138 2.928172 4.538743 1.353336 -0.097114 4.417898 3.824715
-3.768654 -29.64355 23.49138 -0.93442 0.993719 -10.06107 -8.547286 0.278152 1.983011
-5.768654 -29.64355 23.49138 2.483132 1.546371 -0.769826 -1.36336 1.611441 1.096156
-9.768654 -29.64355 23.49138 3.823528 2.698228 -1.972774 -1.372868 -1.57418 -0.740414
-11.76865 -29.64355 23.49138 0.055597 2.787458 -3.671139 -1.499355 -1.8575 0.157075
4.231346 -31.64355 23.49138 -1.317801 -2.888525 -1.188281 -2.330412 0.976188 -0.331715
2.231346 -31.64355 23.49138 3.637325 1.164487 -0.430192 -1.814846 3.99576 2.848298
-3.768654 -31.64355 23.49138 0.657731 5.907947 -8.989764 -6.706097 2.457196 4.032181
-5.768654 -31.64355 23.49138 1.932568 1.552578 0.571482 0.111041 0.677864 0.748221
-7.768654 -31.64355 23.49138 3.255334 1.322077 1.219471 0.805323 -0.315702 -0.551707
-9.768654 -31.64355 23.49138 2.104072 2.54717 -4.412974 -1.668725 -3.153894 -1.291113
10.23135 -19.64355 25.49138 1.607487 1.736609 -3.488014 -0.013937 0.015506 2.074246
8.231346 -19.64355 25.49138 5.716597 5.362786 -4.781414 -2.71627 1.811811 3.480077
10.23135 -21.64355 25.49138 2.426342 0.216557 -3.674834 -1.363407 -1.03926 0.333571
8.231346 -21.64355 25.49138 4.601958 3.654701 -3.761024 -2.785525 0.60507 1.826655
4.231346 -21.64355 25.49138 1.118637 -0.013474 -1.167831 -3.388514 -0.773213 -0.932363
2.231346 -21.64355 25.49138 1.754859 3.344087 -1.284019 -1.833764 0.295303 1.081852
8.231346 -23.64355 25.49138 -0.662678 2.110578 -1.338465 0.056212 1.559839 2.530798
6.231346 -23.64355 25.49138 4.310261 4.307594 3.961912 4.253267 3.362518 3.352307
4.231346 -23.64355 25.49138 5.515357 2.80474 5.185419 2.623297 3.866022 2.567286
2.231346 -23.64355 25.49138 4.045272 6.213324 3.398671 2.764038 4.104363 4.294081
0.231346 -23.64355 25.49138 1.61904 10.24711 8.418869 4.932074 1.278344 1.26845
-9.768654 -23.64355 25.49138 -0.410386 0.547954 -0.984762 -0.281839 0.036257 0.136399
-11.76865 -23.64355 25.49138 2.735432 2.05167 -1.691402 -0.618042 3.186136 2.998414
2.231346 -25.64355 25.49138 3.389174 2.867219 -0.213463 0.937289 1.255992 1.96394
0.231346 -25.64355 25.49138 1.82437 3.125394 -0.030288 0.524696 1.745289 1.942795
-1.768654 -25.64355 25.49138 3.919798 3.389474 0.113179 -1.185106 2.823812 1.584022
6.231346 -27.64355 25.49138 5.191432 2.29416 4.192559 2.660145 0.582249 0.041016
0.231346 -27.64355 25.49138 1.727604 -1.633727 -2.598991 -1.964865 0.71243 0.954991
-1.768654 -27.64355 25.49138 4.163973 -0.630025 -2.53993 -2.406018 0.844752 0.16053
6.231346 -29.64355 25.49138 2.703726 2.145798 -0.159658 0.994879 -0.182128 0.758553
4.231346 -29.64355 25.49138 1.801101 1.76629 -2.310115 -0.889422 -0.428862 -0.697387
2.231346 -29.64355 25.49138 0.457416 1.940265 -1.469148 -0.274627 0.760874 1.37688
0.231346 -29.64355 25.49138 0.338217 0.829329 0.544785 -0.32207 2.640824 3.118848
-1.768654 -29.64355 25.49138 -0.780213 -1.087701 -4.357495 -3.465237 2.441735 3.089565
-5.768654 -29.64355 25.49138 2.05557 0.973414 -1.54995 -2.19776 0.823885 0.323271
-9.768654 -29.64355 25.49138 2.844822 2.928408 0.106861 0.609487 0.858242 1.460206
-11.76865 -29.64355 25.49138 0.414996 1.89661 -1.162607 -0.161601 1.365648 2.130851
-5.768654 -31.64355 25.49138 3.250241 2.803638 0.32868 0.909588 1.397975 1.285888
-7.768654 -31.64355 25.49138 2.006174 0.758292 0.150717 -1.115022 -0.369885 -0.966628
-9.768654 -31.64355 25.49138 0.375048 1.346593 -1.388063 0.096802 -0.04529 1.040323
-11.76865 -31.64355 25.49138 -3.182108 -0.309581 -4.013647 -0.335163 -0.181917 1.849267
-5.768654 -33.64355 25.49138 1.516723 0.268864 -3.602592 -4.002459 1.277348 1.287562
10.23135 -19.64355 27.49138 -1.678735 0.237183 -5.042824 -2.489671 -0.759803 0.614646
8.231346 -19.64355 27.49138 3.567476 5.847022 -4.963227 -2.331342 -0.156351 2.547141
8.231346 -21.64355 27.49138 2.652283 4.400675 -1.931813 -1.426849 -0.291826 1.30768
6.231346 -21.64355 27.49138 -0.32081 0.777623 -2.559606 -2.762293 -0.696299 0.432197
4.231346 -21.64355 27.49138 -1.183933 -1.24248 -5.017009 -5.439502 -0.413216 -0.489099
2.231346 -21.64355 27.49138 0.534191 0.108498 -2.524478 -4.630014 1.713946 0.49468
0.231346 -21.64355 27.49138 5.248839 6.371071 -0.409021 -3.630572 7.160172 5.199263
6.231346 -23.64355 27.49138 -0.437243 0.640059 -1.175783 -0.872937 -0.50701 -0.17206
4.231346 -23.64355 27.49138 1.387541 1.051096 -2.257288 -2.285801 1.97951 1.689949
2.231346 -23.64355 27.49138 -2.607196 -0.268506 -1.727654 -2.603378 3.029371 2.763033
0.231346 -23.64355 27.49138 -4.500096 0.488931 2.144493 -2.561406 4.469958 2.778341
-13.76865 -23.64355 27.49138 3.465177 2.570646 -2.343637 -2.526733 0.907485 0.386674
8.231346 -25.64355 27.49138 0.26027 1.130063 -1.327665 -0.189295 0.97969 0.607805
0.231346 -25.64355 27.49138 -5.063285 -3.869952 -3.935749 -4.617125 2.675047 1.840375
-1.768654 -25.64355 27.49138 0.272679 1.127398 -1.192887 -0.17395 3.916373 3.210246
8.231346 -27.64355 27.49138 -4.158051 -1.807726 -0.410232 0.943661 0.896366 0.822594
6.231346 -27.64355 27.49138 -1.419461 0.46369 -1.035742 -1.179803 -0.8047 -0.060606
4.231346 -27.64355 27.49138 -0.012152 2.511596 -2.650388 -1.280288 -1.529223 -0.263243
2.231346 -27.64355 27.49138 -0.435714 0.406566 -3.457441 -2.105827 1.059439 1.212672
0.231346 -27.64355 27.49138 -0.68874 -1.950229 -5.400949 -4.394781 1.331498 0.987578
-1.768654 -27.64355 27.49138 1.00124 -0.694652 -2.635417 -0.233115 -0.964318 -0.104979
2.231346 -29.64355 27.49138 0.093317 1.470055 -0.020003 0.271133 0.591329 0.988785
0.231346 -29.64355 27.49138 1.764829 1.647035 0.281176 -0.784991 1.726269 1.573039
8.231346 -17.64355 29.49138 2.482049 2.804988 -1.8288 -1.120013 1.883676 2.39654
8.231346 -19.64355 29.49138 2.285615 3.323841 -0.974503 -1.523519 1.157807 1.51983
6.231346 -19.64355 29.49138 1.338341 1.207785 -3.414732 -4.764293 1.352277 1.424764
4.231346 -19.64355 29.49138 -4.089919 -4.290247 -4.915753 -5.628769 -1.31034 -0.142601
6.231346 -21.64355 29.49138 -3.882102 -2.068769 -1.962886 -2.242754 -1.212912 -0.390355
4.231346 -21.64355 29.49138 -4.80703 -3.303738 -6.836665 -5.974064 -1.04763 -0.106492
2.231346 -21.64355 29.49138 -1.860481 -2.607757 -4.506536 -4.830988 1.179292 0.649844
0.231346 -21.64355 29.49138 0.90311 0.270509 1.184234 -4.681003 7.293224 4.162601
2.231346 -23.64355 29.49138 -4.043543 -1.984189 -3.604927 -3.325739 1.034526 0.639358
0.231346 -23.64355 29.49138 -6.338009 -3.904343 0.525944 -3.435443 2.988825 1.775039
0.231346 -25.64355 29.49138 -4.603068 -4.804327 -3.734964 -5.424284 1.911918 0.922121
-1.768654 -25.64355 29.49138 -0.769896 -1.017379 -2.634262 -3.143216 2.511244 1.994091
6.231346 -27.64355 29.49138 -2.993404 -1.928063 -1.603834 -2.15267 -2.265136 -1.480515
4.231346 -27.64355 29.49138 0.998394 1.815945 -1.12133 0.007397 -1.965691 -0.86491
2.231346 -27.64355 29.49138 1.380019 -0.64611 -1.149087 -0.396098 0.92366 0.616624
0.231346 -27.64355 29.49138 -0.692787 -2.220008 -4.601678 -5.327735 0.39841 -0.328462
-1.768654 -27.64355 29.49138 -1.731459 -0.766728 -6.126427 -4.149353 -1.432185 -0.264582
2.231346 -29.64355 29.49138 -3.709018 -2.10794 -2.206797 -2.034916 -1.33327 -1.234864
8.231346 -17.64355 31.49138 4.632031 2.669982 -3.659672 -2.92197 1.202816 1.875188
6.231346 -17.64355 31.49138 5.591045 1.096927 -5.53754 -5.08543 -0.138564 -0.113741
6.231346 -19.64355 31.49138 3.532708 -0.004307 -3.696213 -5.439125 2.001473 1.129139
4.231346 -19.64355 31.49138 -0.905389 -2.776014 -5.148505 -4.802088 -0.235718 0.339179
2.231346 -19.64355 31.49138 -0.007941 0.110503 -2.512171 -1.154363 1.765048 2.343832
2.231346 -21.64355 31.49138 -0.618646 -1.186493 -1.354934 -1.154044 1.893964 1.540362
2.231346 -25.64355 31.49138 1.914229 -2.642552 -2.433607 -4.48051 0.460763 -0.815954
0.231346 -25.64355 31.49138 1.831453 -1.662249 -3.789619 -4.080389 1.018631 0.271606
6.231346 -27.64355 31.49138 -3.162605 -3.745886 -0.857176 -2.144549 -1.021751 -1.51627
4.231346 -27.64355 31.49138 -1.067082 -1.910114 -2.373844 -2.438062 -0.552705 -0.568525
2.231346 -27.64355 31.49138 3.218625 -2.006622 -1.56502 -2.943058 1.571783 0.48401
0.231346 -27.64355 31.49138 -0.436714 -4.014796 -5.015676 -6.334122 -0.455669 -1.686538
6.231346 -17.64355 33.49138 3.673661 2.359901 -4.806164 -4.392336 0.544448 1.057169
6.231346 -19.64355 33.49138 8.009307 5.409974 -0.780194 -2.664832 3.985595 3.051752
4.231346 -19.64355 33.49138 -0.273466 0.137992 -2.117822 -2.689428 0.66712 0.596066
