-2.413582 -18.00794 1.951309 -5.063408 -2.594504 -0.267981 0.577143 -2.208362 -0.59952
-4.413582 -18.00794 1.951309 0.879416 0.25413 -1.117678 -2.984527 -0.304404 -1.129166
-6.413582 -18.00794 1.951309 -0.572166 -1.707073 -5.927316 -6.811633 0.255666 -0.643863
-8.413582 -18.00794 1.951309 0.126551 -2.171395 0.132248 -0.186613 0.309166 -0.789875
-0.413582 -20.00794 1.951309 -4.505027 0.444554 2.279401 6.624417 -4.724501 -1.304573
-2.413582 -20.00794 1.951309 -0.913569 1.720648 1.148356 3.001186 -1.931786 -0.649009
-10.41358 -16.00794 3.951309 4.352546 4.916331 3.129517 2.784339 3.373932 5.501868
-4.413582 -18.00794 3.951309 2.252308 1.100816 0.056024 -1.300944 0.141717 -1.427244
-6.413582 -18.00794 3.951309 6.206293 4.858313 -0.855277 -1.988718 -0.416952 -0.229603
-8.413582 -18.00794 3.951309 3.944404 2.576781 3.413898 2.725297 -0.933696 -0.685733
-10.41358 -18.00794 3.951309 0.595895 2.970327 3.416623 4.000208 0.968633 2.083921
-2.413582 -20.00794 3.951309 -5.808425 -4.3095 -0.766679 -0.904304 -5.526369 -6.206752
-4.413582 -20.00794 3.951309 -2.367161 -2.833851 -2.550215 -4.014752 -3.285592 -4.215737
-6.413582 -20.00794 3.951309 0.089431 0.128858 -0.334111 -1.582783 -1.705627 -1.256922
11.58642 -22.00794 3.951309 4.376338 5.714005 3.464118 4.306013 -1.083683 0.01102
-10.41358 -16.00794 5.951309 4.238386 5.693274 1.831346 1.805625 1.743486 3.350837
-6.413582 -18.00794 5.951309 4.353501 3.859906 1.768306 2.59046 0.672105 0.302305
-8.413582 -18.00794 5.951309 5.061262 4.802915 1.659789 0.9698 0.43531 0.152599
-10.41358 -18.00794 5.951309 3.857041 5.557 2.699574 2.816874 1.492582 1.575187
11.58642 -20.00794 5.951309 -0.529737 0.843224 2.165038 2.670871 3.155786 3.662808
-4.413582 -20.00794 5.951309 -3.109556 -6.364048 1.341913 0.866879 -1.89742 -3.745761
-6.413582 -20.00794 5.951309 -0.876039 -1.000281 1.458219 1.629362 -1.048687 -0.70717
-8.413582 -20.00794 5.951309 3.299065 3.093948 3.770484 3.541071 -0.30007 -0.939601
11.58642 -22.00794 5.951309 4.063332 5.100852 1.682486 3.014923 0.16562 0.605977
-2.413582 -22.00794 5.951309 -4.179886 -3.671962 -1.554861 -1.14798 -2.983089 -2.87776
-4.413582 -22.00794 5.951309 -2.990087 -4.199098 -2.16926 -3.509026 -2.977426 -4.009605
-6.413582 -22.00794 5.951309 -4.011762 -3.805511 -3.460668 -3.891235 -3.50325 -4.198214
-8.413582 -22.00794 5.951309 -1.980003 -2.217008 -0.140431 0.275717 -2.975737 -4.597082
11.58642 -24.00794 5.951309 3.357096 4.394517 2.280165 4.507308 1.477367 2.104511
-2.413582 -24.00794 5.951309 -3.825652 -4.566379 -6.483746 -6.449718 -2.981471 -4.057999
-4.413582 -24.00794 5.951309 -1.957392 -2.893594 -5.292163 -6.263449 -1.474636 -1.816698
-6.413582 -24.00794 5.951309 -3.880833 -3.824671 -4.592114 -5.327773 -1.822705 -2.163533
-8.413582 -24.00794 5.951309 -3.255126 -2.910275 -0.006236 -0.109582 -1.890944 -3.179695
-10.41358 -24.00794 5.951309 1.29589 0.675498 0.81736 0.400922 0.151246 -0.704758
-4.413582 -26.00794 5.951309 -0.851231 -0.400258 -5.174323 -5.090891 -0.503815 0.025664
-10.41358 -16.00794 7.951309 2.21186 2.210595 3.010716 2.797609 2.630684 2.718627
-6.413582 -18.00794 7.951309 0.159385 -0.399975 -2.236151 -1.34767 2.286802 1.717471
-8.413582 -18.00794 7.951309 1.109945 2.022355 1.227904 1.416175 1.554571 1.254548
-10.41358 -18.00794 7.951309 2.800945 4.184009 3.55942 3.956442 3.25475 3.260255
11.58642 -20.00794 7.951309 -0.00702 -1.022502 1.358503 1.581509 1.349946 -0.133466
9.586418 -20.00794 7.951309 -3.835889 -5.678236 0.335939 0.328192 0.028522 -0.34754
-2.413582 -20.00794 7.951309 -2.102668 -3.025505 -0.752463 0.78704 -0.979366 -2.396364
-4.413582 -20.00794 7.951309 0.115247 -3.724815 -3.678269 -4.653105 -0.388222 -2.920585
-6.413582 -20.00794 7.951309 -1.823715 -2.456754 -0.894843 -0.597627 0.629125 -0.173404
-8.413582 -20.00794 7.951309 1.577826 3.069204 3.61705 4.293806 -0.794805 -0.687966
-10.41358 -20.00794 7.951309 2.328822 2.98968 3.812104 4.68768 0.792463 0.294012
13.58642 -22.00794 7.951309 3.268952 1.853609 -1.065262 -2.219394 -0.305217 -1.917773
9.586418 -22.00794 7.951309 1.914251 0.225412 -0.42595 -1.134138 0.726425 0.637456
-2.413582 -22.00794 7.951309 -2.406002 -1.513763 -0.8305 0.855722 -3.64739 -4.698847
13.58642 -24.00794 7.951309 1.461936 0.486959 -1.099294 -1.190923 1.082775 0.657957
9.586418 -24.00794 7.951309 6.104789 4.20671 0.654152 -0.803182 2.90665 2.905561
-0.413582 -24.00794 7.951309 -0.684802 0.811817 -2.912167 -2.55656 0.005273 1.184718
-2.413582 -24.00794 7.951309 -1.102648 -0.85013 -0.014013 1.193182 -1.232237 -1.200965
-4.413582 -24.00794 7.951309 0.69478 0.905565 1.828596 2.784784 0.216321 -0.032304
-6.413582 -24.00794 7.951309 -2.12401 -1.081139 -1.397983 -0.994184 -2.86075 -2.792527
-8.413582 -24.00794 7.951309 -2.116092 -2.984869 -0.268198 0.48601 -3.042416 -4.60226
13.58642 -26.00794 7.951309 3.782466 2.305238 1.332561 1.844192 0.423239 0.256057
11.58642 -26.00794 7.951309 8.302499 6.906906 2.110298 1.923504 3.012178 2.538978
-0.413582 -26.00794 7.951309 -5.274528 -6.328426 -5.325896 -6.548978 -6.495665 -5.970391
-2.413582 -26.00794 7.951309 -0.175246 -2.480684 -2.638283 -3.80557 0.550939 0.33764
-4.413582 -26.00794 7.951309 1.328172 2.462331 -1.877068 -1.208212 0.62489 1.507933
-6.413582 -26.00794 7.951309 -1.549072 -0.083568 -2.334789 -1.964442 -2.247581 -2.07825
-8.413582 -26.00794 7.951309 -1.056424 -0.836224 -0.127059 0.484758 -1.231705 -1.35951
-10.41358 -26.00794 7.951309 0.613146 0.969011 0.850965 1.177638 0.752665 0.419364
13.58642 -28.00794 7.951309 5.060132 1.913778 3.88284 3.299056 1.288418 -0.186891
-2.413582 -28.00794 7.951309 -5.444373 -4.077514 -3.147177 -3.016534 -1.899696 -1.293268
-4.413582 -28.00794 7.951309 -4.50702 -2.908559 0.192044 1.138855 0.435124 1.014418
-6.413582 -28.00794 7.951309 -1.776483 -1.607201 -0.508982 -0.379534 1.013276 0.460562
-10.41358 -18.00794 9.951309 -2.131313 -0.087251 -1.389849 -0.595811 0.474387 2.758826
-4.413582 -20.00794 9.951309 -2.439559 -1.815272 -6.367399 -6.087021 -2.61917 -2.080868
-6.413582 -20.00794 9.951309 -2.413119 -1.25248 -1.928827 -1.024206 -1.279526 -1.472774
-8.413582 -20.00794 9.951309 0.739511 2.029176 3.056028 4.27072 -4.134531 -3.794342
-10.41358 -20.00794 9.951309 2.561478 2.467727 1.27159 1.139111 -1.608185 -1.846236
13.58642 -22.00794 9.951309 0.956391 0.419098 1.958895 2.184911 -0.047914 -1.200836
11.58642 -22.00794 9.951309 -0.068972 -0.440799 2.072549 1.722312 -2.998553 -4.320452
9.586418 -22.00794 9.951309 2.645496 1.194199 2.085477 0.704619 -1.441221 -2.23361
-2.413582 -22.00794 9.951309 -4.386765 -4.041311 -2.98213 -0.972859 -6.852512 -6.779269
-4.413582 -22.00794 9.951309 -1.618806 -2.059406 -2.585852 -2.943713 -4.500521 -5.824756
-6.413582 -22.00794 9.951309 -1.908581 -0.947851 -1.295285 -1.129092 -5.254027 -6.051444
-8.413582 -22.00794 9.951309 0.332214 0.208368 0.172643 0.789019 -4.671654 -5.844575
15.58642 -24.00794 9.951309 0.845077 1.161525 3.950654 4.729203 2.985652 3.310839
13.58642 -24.00794 9.951309 3.005373 2.141069 3.31664 3.411977 1.952116 1.462871
11.58642 -24.00794 9.951309 1.513547 0.154207 -0.871404 -1.361103 -0.494129 -0.984952
9.586418 -24.00794 9.951309 2.618498 1.248429 -0.396836 -1.799343 -0.64748 -1.48411
-0.413582 -24.00794 9.951309 -3.48485 0.518032 -4.088479 -1.951658 -1.572074 0.66911
-2.413582 -24.00794 9.951309 -5.829793 -5.297054 -3.135242 -1.415724 -5.015317 -4.96066
15.58642 -26.00794 9.951309 1.841723 -0.264905 1.401861 2.00843 0.227637 -0.434883
13.58642 -26.00794 9.951309 5.145167 3.340493 2.35379 2.525524 2.056079 1.635882
11.58642 -26.00794 9.951309 4.635418 3.216763 2.567681 2.218057 2.289262 1.603187
9.586418 -26.00794 9.951309 0.577648 -1.523079 0.885079 0.00378 1.412234 -0.495223
-0.413582 -26.00794 9.951309 -7.138869 -4.021344 -6.953083 -5.872766 -6.893586 -5.893062
-2.413582 -26.00794 9.951309 -3.298922 -0.929311 -2.091177 -0.861905 -1.078015 -0.019477
-8.413582 -26.00794 9.951309 0.851918 0.184707 -2.585683 -3.132097 -3.190223 -3.97511
-10.41358 -26.00794 9.951309 -1.591386 -1.774519 -0.640069 -0.524654 -0.651852 -1.343695
13.58642 -28.00794 9.951309 5.423932 2.055967 3.042662 3.086401 0.182452 -1.745769
11.58642 -28.00794 9.951309 7.001002 4.767397 5.541458 5.727514 1.601066 -0.067656
9.586418 -28.00794 9.951309 1.771242 0.348668 0.867977 1.291146 -0.88517 -2.954249
-0.413582 -28.00794 9.951309 -4.693923 -3.825123 -5.564962 -5.258467 -5.87701 -7.154994
-2.413582 -28.00794 9.951309 -2.227769 -0.458412 -1.851492 -1.450073 -1.831151 -2.040514
-4.413582 -28.00794 9.951309 -0.577525 -0.508303 0.050202 -0.328593 -1.081066 -2.30705
-6.413582 -28.00794 9.951309 -0.015235 -2.227866 -0.281123 -1.338173 -0.820615 -2.995247
-8.413582 -28.00794 9.951309 -0.036684 -0.856996 -2.203583 -2.930272 -0.085506 -1.039307
-10.41358 -28.00794 9.951309 -0.387904 0.257076 -0.48636 -0.358924 0.556233 0.248486
13.58642 -30.00794 9.951309 2.654158 2.255855 3.849906 4.553118 -0.954251 -1.674976
-4.413582 -30.00794 9.951309 -3.80825 -3.302211 -0.216358 -0.325715 -3.600135 -4.30748
-6.413582 -30.00794 9.951309 -1.13395 -3.642737 2.239961 1.373178 -1.149027 -3.411392
-8.413582 -20.00794 11.95131 1.042073 1.678294 1.58696 3.399842 0.335943 1.273891
-10.41358 -20.00794 11.95131 0.355691 0.759968 -0.758436 -0.744377 -1.6136 -2.169425
-4.413582 -22.00794 11.95131 -2.551438 -3.739408 -2.695831 -3.664242 -2.209868 -2.778712
-6.413582 -22.00794 11.95131 -1.123458 -1.890802 1.498919 1.447567 -1.963869 -2.736387
-8.413582 -22.00794 11.95131 -1.712476 -1.075202 0.433743 1.972591 -2.965604 -2.851157
-10.41358 -22.00794 11.95131 -0.696387 -0.862866 -3.035365 -3.136055 -3.140725 -4.398567
15.58642 -24.00794 11.95131 0.859318 1.919556 0.131609 0.845713 -0.628249 -0.321093
13.58642 -24.00794 11.95131 2.075688 1.444547 0.164571 1.019424 -0.452487 -0.12378
-2.413582 -24.00794 11.95131 -9.845483 -9.461635 -8.106425 -7.464843 -10.6348 -10.27415
-4.413582 -24.00794 11.95131 -7.423357 -8.413244 -1.885402 -1.435261 -5.935215 -7.058211
-6.413582 -24.00794 11.95131 -3.093509 -3.653735 -0.59808 -0.718375 -6.361679 -7.092179
-8.413582 -24.00794 11.95131 -0.418631 -0.185653 0.458623 0.279392 -4.720021 -5.784621
15.58642 -26.00794 11.95131 4.327437 3.215933 1.554104 2.751305 0.253291 -0.124913
13.58642 -26.00794 11.95131 6.128415 4.002947 1.075269 1.384675 3.050871 2.969892
11.58642 -26.00794 11.95131 4.912787 2.053048 2.780886 2.955119 1.64626 0.889164
9.586418 -26.00794 11.95131 5.797284 4.817942 6.423009 7.924293 4.339572 4.055427
-0.413582 -26.00794 11.95131 -4.851381 -1.30849 -5.075214 -3.146834 -5.40881 -3.747238
-2.413582 -26.00794 11.95131 -7.284574 -2.929667 -5.294639 -3.699112 -4.967329 -2.675808
-4.413582 -26.00794 11.95131 -5.264351 -3.504505 -5.00029 -4.622171 -3.472724 -3.308078
15.58642 -28.00794 11.95131 2.836393 2.817343 0.624266 1.281996 0.189976 -0.546652
13.58642 -28.00794 11.95131 8.231762 5.64318 2.079705 1.90397 3.453671 1.962827
11.58642 -28.00794 11.95131 8.142947 4.811236 3.254306 2.880948 3.392687 1.25006
9.586418 -28.00794 11.95131 8.092247 5.034702 5.903642 6.444794 3.714957 1.66126
-0.413582 -28.00794 11.95131 -1.340699 -1.277771 -3.504033 -3.016622 -3.195207 -4.609463
-2.413582 -28.00794 11.95131 -1.479758 -0.247443 -4.031678 -4.636583 -2.621162 -2.657737
-6.413582 -28.00794 11.95131 -2.912584 -2.593102 -2.754356 -2.626344 -4.475489 -4.641407
-8.413582 -28.00794 11.95131 -0.126967 0.568894 -0.499774 -0.838298 0.703313 0.654454
-10.41358 -28.00794 11.95131 -1.797256 -1.148895 0.727536 0.715471 2.633506 2.218628
13.58642 -30.00794 11.95131 4.341432 2.663328 4.206522 4.748496 0.201767 -1.207136
-2.413582 -30.00794 11.95131 -1.856115 -1.706234 -2.482188 -2.984046 -1.101121 -1.528998
-4.413582 -30.00794 11.95131 -1.964649 -1.505048 -2.470304 -2.925713 -3.343602 -3.021152
-6.413582 -30.00794 11.95131 -1.637807 -2.238699 0.599514 -0.189282 -1.809216 -2.347546
13.58642 -32.00794 11.95131 4.594127 4.512716 2.602492 2.688825 0.753238 0.548288
-8.413582 -22.00794 13.95131 -3.751805 -2.428539 0.909232 1.81092 0.348468 0.293962
-10.41358 -22.00794 13.95131 -2.430921 -1.179508 -1.990632 -1.895922 0.013532 0.075211
11.58642 -24.00794 13.95131 -0.005897 -0.70379 0.867451 0.941593 -2.219481 -2.46098
9.586418 -24.00794 13.95131 0.475728 1.805527 1.772214 3.775561 -0.926095 -0.124824
-2.413582 -24.00794 13.95131 -7.820655 -8.310244 -2.970929 -2.963588 -10.13984 -10.74503
-4.413582 -24.00794 13.95131 -5.496963 -5.492102 -0.808136 0.123968 -4.876525 -5.090329
-6.413582 -24.00794 13.95131 -1.884166 -1.593992 1.448045 2.308648 -1.233759 -1.600918
-8.413582 -24.00794 13.95131 -1.198173 -0.556705 2.32243 3.423007 0.094597 -1.08696
-10.41358 -24.00794 13.95131 -2.296095 -1.41867 -1.970044 -1.452321 -0.873025 -1.431132
15.58642 -26.00794 13.95131 3.088781 1.65765 -0.854777 -1.412827 0.928638 -0.181218
13.58642 -26.00794 13.95131 3.985258 0.996372 -0.050135 -1.135842 1.853688 0.24084
11.58642 -26.00794 13.95131 2.681062 1.614141 0.445157 0.347312 -0.146128 -0.720794
9.586418 -26.00794 13.95131 2.130817 3.72075 1.781349 3.948879 2.686439 3.289204
-0.413582 -26.00794 13.95131 -2.243019 -0.463198 -2.828246 -2.351258 -1.926443 -0.901885
-2.413582 -26.00794 13.95131 -6.012786 -3.731699 -2.849559 -2.606452 -4.227119 -3.300242
-4.413582 -26.00794 13.95131 -3.438883 -2.028269 -3.650983 -2.957967 -3.737284 -3.321237
-6.413582 -26.00794 13.95131 -4.248213 -2.91887 -3.340533 -2.042099 -4.065764 -3.944194
-8.413582 -26.00794 13.95131 -3.922298 -2.810442 -2.379176 -1.081321 -1.711856 -1.784388
15.58642 -28.00794 13.95131 3.841703 2.74598 -0.26206 -1.069073 1.906347 0.85982
13.58642 -28.00794 13.95131 5.395908 2.91974 0.503853 -0.302392 3.920154 2.634306
11.58642 -28.00794 13.95131 4.802764 3.421937 -0.70127 -0.87303 3.515445 2.54456
9.586418 -28.00794 13.95131 5.949652 4.41464 1.691382 2.046502 4.985927 3.064546
7.586418 -28.00794 13.95131 2.238088 0.865963 1.011881 -0.084571 -0.13362 -1.424407
-0.413582 -28.00794 13.95131 -2.238479 -1.081095 -2.524477 -1.637733 -2.240121 -1.611226
-2.413582 -28.00794 13.95131 -2.891908 -1.747056 -5.663549 -5.972029 -2.10042 -1.658134
15.58642 -30.00794 13.95131 1.148075 1.051753 -0.095708 -0.335005 -1.105605 -1.103735
13.58642 -30.00794 13.95131 2.748531 2.257199 2.070978 2.650915 0.908474 0.762711
11.58642 -30.00794 13.95131 1.766057 1.444366 1.506079 1.920975 4.733353 3.890971
9.586418 -30.00794 13.95131 4.799165 4.152274 4.214409 4.78753 5.763217 4.488005
-2.413582 -30.00794 13.95131 -2.192714 -1.464531 -4.315223 -3.966176 0.562028 1.126423
-4.413582 -30.00794 13.95131 0.053895 0.52913 -1.875627 -2.040706 -0.409025 -0.223825
-6.413582 -30.00794 13.95131 -1.657378 -0.411423 0.102791 0.927329 -1.774433 -1.574449
-8.413582 -30.00794 13.95131 0.727651 -0.254169 0.95748 1.143903 -0.789273 -1.869048
-10.41358 -30.00794 13.95131 4.862284 1.938191 1.900189 0.889793 1.721294 -0.390301
13.58642 -32.00794 13.95131 -0.557776 0.606889 1.305767 2.674082 -0.986468 -0.195013
-2.413582 -32.00794 13.95131 -1.756121 -0.648683 0.060039 0.912578 0.535499 0.650451
-4.413582 -32.00794 13.95131 0.231472 0.896446 -1.064732 -0.651049 0.676142 0.378928
9.586418 -22.00794 15.95131 -0.753124 -1.436927 -3.753136 -4.219738 -2.633588 -2.13895
11.58642 -24.00794 15.95131 -0.200152 0.06838 1.549659 2.108348 -2.159853 -2.009466
9.586418 -24.00794 15.95131 -0.920495 -0.022464 -1.890653 -1.494673 -3.257509 -2.761616
-10.41358 -24.00794 15.95131 -2.904233 -4.395466 -4.18912 -4.382544 -1.695439 -2.958858
9.586418 -26.00794 15.95131 -0.816697 0.261706 1.037519 2.158602 -0.647426 -0.271778
7.586418 -26.00794 15.95131 0.311325 2.082203 0.8529 2.517082 -0.802263 -0.525088
5.586418 -26.00794 15.95131 -0.265708 1.269884 2.051395 3.443415 0.104247 0.945941
-6.413582 -26.00794 15.95131 1.864093 0.889943 1.412376 2.475236 1.5586 1.473529
-8.413582 -26.00794 15.95131 -0.953074 -2.483198 -1.232567 -1.080388 1.095839 0.362639
-10.41358 -26.00794 15.95131 -1.296487 -3.482562 -0.278901 -0.209284 -0.518192 -1.960659
13.58642 -28.00794 15.95131 2.718983 2.414766 1.412567 2.492362 0.961621 1.071746
11.58642 -28.00794 15.95131 2.897908 1.472875 1.799266 2.080329 2.203078 0.984018
9.586418 -28.00794 15.95131 0.782072 0.250535 1.565397 2.227612 1.654336 0.791578
7.586418 -28.00794 15.95131 -0.85951 0.447563 0.461111 0.64761 -0.107209 0.254208
5.586418 -28.00794 15.95131 -0.702652 0.529441 1.836524 1.499588 0.497292 1.191584
3.586418 -28.00794 15.95131 1.848771 0.588514 2.216235 2.000472 2.13791 1.915402
13.58642 -30.00794 15.95131 3.331769 4.467753 1.968352 2.402954 1.556377 2.267239
11.58642 -30.00794 15.95131 3.5033 2.241657 1.534215 0.649128 3.313232 1.901402
9.586418 -30.00794 15.95131 0.81808 0.646815 0.664455 0.737945 2.28648 1.549993
7.586418 -30.00794 15.95131 0.793302 1.775159 1.791311 1.341536 0.895475 0.936748
5.586418 -30.00794 15.95131 1.017784 2.481684 3.324736 2.762622 1.467185 1.754582
3.586418 -30.00794 15.95131 1.694817 1.954352 3.024358 3.687716 4.324406 4.486736
-6.413582 -30.00794 15.95131 1.811921 2.258837 1.951866 2.746652 0.237022 -0.130942
-8.413582 -30.00794 15.95131 -0.837539 -1.561821 -0.471341 0.010684 -1.570878 -2.39449
-10.41358 -30.00794 15.95131 2.602469 0.468393 -0.340575 -1.419412 1.899843 0.479076
13.58642 -32.00794 15.95131 -0.899244 0.564135 0.249438 1.033931 -1.001764 -0.496365
9.586418 -32.00794 15.95131 -3.112896 -1.559757 -0.03852 0.571295 0.374183 0.854375
-6.413582 -32.00794 15.95131 2.890207 2.802967 1.737687 2.307243 -0.114023 -0.07445
-10.41358 -32.00794 15.95131 4.468364 2.420282 3.961263 3.079725 2.98392 1.784594
13.58642 -34.00794 15.95131 -3.277833 -1.994984 -0.590537 -0.091984 -1.840431 -1.592003
11.58642 -34.00794 15.95131 -2.176916 -2.181266 -1.788617 -0.939667 -1.861804 -2.955467
11.58642 -24.00794 17.95131 5.135484 4.995144 3.691304 4.195241 2.533869 3.113658
9.586418 -24.00794 17.95131 2.863575 2.266937 -0.23429 -0.23847 0.401975 -0.336136
7.586418 -24.00794 17.95131 3.925153 3.284979 -0.80489 -0.590548 1.044242 0.431894
9.586418 -26.00794 17.95131 1.459063 2.92493 0.468982 0.785487 0.694144 0.992648
7.586418 -26.00794 17.95131 3.529981 5.740144 -0.417074 0.247909 -0.19272 0.3075
5.586418 -26.00794 17.95131 3.259682 4.733492 -0.145284 0.397329 0.207049 1.589494
5.586418 -28.00794 17.95131 5.404038 4.976839 1.72945 0.122945 1.394163 1.539918
3.586418 -28.00794 17.95131 7.002745 2.188927 1.629212 -0.777888 3.649741 1.977188
13.58642 -30.00794 17.95131 4.75282 4.224269 0.795611 0.338945 3.615054 3.440363
11.58642 -30.00794 17.95131 3.115412 1.835245 0.164491 -0.952002 1.822553 0.762328
9.586418 -30.00794 17.95131 -0.025366 0.357049 -0.291617 -0.142634 -0.565368 -0.856387
7.586418 -30.00794 17.95131 1.430676 2.317008 1.6515 1.191634 -0.418696 -0.286714
5.586418 -30.00794 17.95131 4.58918 3.211666 1.579153 -1.047395 1.268198 0.715429
3.586418 -30.00794 17.95131 6.112646 4.083444 2.166678 0.952292 4.826824 4.782053
13.58642 -32.00794 17.95131 0.820972 0.643309 -0.465331 -0.650068 0.610452 0.640979
11.58642 -32.00794 17.95131 -0.629232 -0.108766 -0.039432 -0.306372 -0.097586 0.039355
9.586418 -32.00794 17.95131 0.210816 0.568749 -0.327942 -0.433462 0.128241 0.243218
7.586418 -32.00794 17.95131 2.806801 1.873405 1.010163 0.098186 1.62818 1.068698
5.586418 -32.00794 17.95131 3.255458 2.11112 1.882606 0.376845 2.861636 2.021652
13.58642 -34.00794 17.95131 -2.007489 -1.297186 0.586111 0.604226 -0.516187 -0.461557
11.58642 -34.00794 17.95131 0.299085 -0.432103 -0.458678 -0.393235 -0.142967 -0.744926
11.58642 -24.00794 19.95131 3.035044 1.90658 1.867204 0.661358 4.885169 4.927571
11.58642 -26.00794 19.95131 7.071923 5.019631 4.025409 3.184122 4.727725 3.212506
9.586418 -26.00794 19.95131 0.328694 2.039911 -2.266272 -2.223521 2.034177 2.943235
7.586418 -26.00794 19.95131 0.179411 1.24142 -0.808477 -1.388501 0.78534 0.804525
9.586418 -28.00794 19.95131 5.143712 3.353298 5.793806 6.135714 5.960415 5.009922
7.586418 -28.00794 19.95131 10.42161 6.332692 9.235699 8.186594 6.721953 4.64783
5.586418 -28.00794 19.95131 9.951761 7.572743 5.328653 3.758569 6.749449 5.45478
3.586418 -28.00794 19.95131 13.47851 9.467423 3.511386 0.669596 7.173561 4.65429
5.586418 -30.00794 19.95131 8.178284 4.567996 3.000622 0.752361 4.039502 1.829835
3.586418 -30.00794 19.95131 12.77535 9.434467 1.597293 -0.657252 7.947318 6.767374
11.58642 -32.00794 19.95131 -2.365671 -2.787494 -0.521174 -0.29946 0.959405 0.991823
9.586418 -32.00794 19.95131 1.678269 0.247822 -0.321651 -0.685088 1.409701 0.458524
7.586418 -30.00794 21.95131 3.557542 3.56459 1.993667 1.719571 3.275341 3.355181
