-3.140472 -12.00105 -1.579239 -1.757267 0.341731 1.786545 1.987691 -1.487695 -0.366209
-3.140472 -14.00105 -1.579239 -2.383137 0.980671 1.718222 3.581513 -0.915316 -1.196014
4.859528 -18.00105 -1.579239 2.508574 0.023211 1.283462 1.281723 0.464983 1.298061
6.859528 -10.00105 0.420761 -1.835113 0.817485 4.209112 6.483673 -1.518718 0.415541
4.859528 -10.00105 0.420761 -3.395115 -0.276907 3.229763 7.1249 -0.869788 1.408776
-3.140472 -10.00105 0.420761 2.863035 2.225532 -0.24313 -0.060199 -1.898599 -4.022979
6.859528 -12.00105 0.420761 -1.960426 1.23589 5.82634 6.505062 -0.514015 0.445867
4.859528 -12.00105 0.420761 -3.58829 -1.122792 1.104383 3.060295 -0.138921 0.524478
-3.140472 -12.00105 0.420761 -1.667752 -2.726023 -2.536484 -4.423791 -2.924908 -4.860662
-5.140472 -12.00105 0.420761 0.643465 0.439125 1.525294 0.016959 0.467644 0.811295
6.859528 -14.00105 0.420761 -0.038314 0.751324 7.38316 5.702042 1.621409 1.572035
4.859528 -14.00105 0.420761 -0.53719 0.41352 0.452547 0.285097 0.883049 1.193729
-1.140472 -14.00105 0.420761 -1.011969 -2.329404 -2.401082 -2.6097 -2.256844 -2.397685
-3.140472 -14.00105 0.420761 -2.687693 -2.871654 -4.215539 -4.176101 -2.858576 -3.478859
6.859528 -16.00105 0.420761 2.40833 1.333073 5.608072 3.397894 1.973444 0.987224
4.859528 -16.00105 0.420761 2.022941 1.867142 0.870034 0.661725 0.581234 1.605158
2.859528 -16.00105 0.420761 2.518139 0.958405 1.92399 4.365232 1.521364 3.513046
-1.140472 -16.00105 0.420761 0.569391 -0.58267 -1.093359 -0.57549 0.512939 0.360932
-3.140472 -16.00105 0.420761 0.339689 1.016478 -3.686259 -0.718182 -1.747675 -0.720331
4.859528 -18.00105 0.420761 2.656993 2.508879 1.4872 1.790894 -0.011117 0.955013
-3.140472 -18.00105 0.420761 1.636245 1.737661 -0.802101 1.699684 0.115548 1.114598
6.859528 -8.001053 2.420761 -4.636692 -4.722667 -2.386885 -2.436435 -5.457685 -6.435475
4.859528 -8.001053 2.420761 -1.378726 -1.731824 -2.957486 -1.258805 -3.498738 -1.95647
-3.140472 -8.001053 2.420761 0.874643 -2.072878 3.002985 1.030607 -1.87724 -5.427274
6.859528 -10.00105 2.420761 -2.626491 -4.310307 -1.122756 -1.38149 -4.766676 -4.518414
4.859528 -10.00105 2.420761 -5.37958 -3.352093 -2.068733 0.722966 -2.539737 -0.441633
-3.140472 -10.00105 2.420761 -0.138985 -2.137197 -0.536362 -3.839146 -1.76978 -4.806622
6.859528 -12.00105 2.420761 -1.520357 -2.732182 -0.905944 -0.675521 -3.039804 -2.75337
4.859528 -12.00105 2.420761 -5.480096 -0.608957 -3.140266 2.63535 -0.113936 2.891777
-1.140472 -12.00105 2.420761 -5.156684 -3.472855 -0.962423 -1.947306 -0.390088 -1.714636
-3.140472 -12.00105 2.420761 -4.333243 -4.157196 -2.4651 -5.34828 -1.281558 -3.847777
-5.140472 -12.00105 2.420761 -3.981911 -1.337566 -1.822115 -2.526617 -0.062537 0.032595
6.859528 -14.00105 2.420761 0.447477 -0.815547 -0.120007 0.977462 -1.7625 -1.611393
4.859528 -14.00105 2.420761 -1.569718 1.217627 -3.271334 2.045319 1.329445 3.695979
0.859528 -14.00105 2.420761 -1.155396 -1.328176 1.268749 5.678993 0.601289 1.849691
-1.140472 -14.00105 2.420761 -4.865042 -5.603339 -2.010206 -2.849673 -0.508544 -2.285442
6.859528 -16.00105 2.420761 2.957133 2.811594 -0.670205 1.621093 -1.477183 -1.11552
4.859528 -16.00105 2.420761 3.155325 3.129397 -1.391396 1.94784 1.564256 2.956591
0.859528 -16.00105 2.420761 0.988872 -2.556401 1.04741 3.633708 1.632054 1.872081
-1.140472 -16.00105 2.420761 -3.520454 -6.652719 -4.796551 -5.669194 -0.816857 -1.918606
-3.140472 -16.00105 2.420761 -2.085809 -3.825466 -5.145524 -4.396791 0.166652 0.398362
6.859528 -18.00105 2.420761 3.583726 5.515143 -1.945312 1.523863 -2.203568 -1.909338
4.859528 -18.00105 2.420761 4.70753 5.661445 -0.045682 3.496712 0.994301 2.615882
-1.140472 -18.00105 2.420761 -3.916317 -5.721429 -4.222367 -5.753947 -1.798828 -2.690021
-3.140472 -18.00105 2.420761 0.729779 -1.290862 -1.869353 -2.363922 0.525504 0.628161
6.859528 -6.001053 4.420761 -0.312734 -3.399334 -0.740314 -2.581389 -1.039613 -0.086033
4.859528 -6.001053 4.420761 -5.09837 -2.643878 -4.607459 -2.159878 -0.927164 2.7373
6.859528 -8.001053 4.420761 -2.631809 -2.717268 -3.217775 -3.434573 -2.609013 -2.583647
4.859528 -8.001053 4.420761 -1.61781 1.194611 -6.146383 -3.402968 -4.871522 -0.472995
-3.140472 -8.001053 4.420761 1.681011 -1.602797 5.017969 2.428886 -1.00176 -3.340591
6.859528 -10.00105 4.420761 -2.555381 -0.430546 -2.306088 0.076775 -5.304222 -3.78316
4.859528 -10.00105 4.420761 -2.604553 1.577638 -5.457318 -2.37714 -5.61903 -2.517231
2.859528 -10.00105 4.420761 -1.435784 -1.431862 -3.595266 0.244166 -4.579996 -6.896026
-1.140472 -10.00105 4.420761 1.804647 -1.839216 -0.023886 -2.259961 -2.597296 -3.851819
-3.140472 -10.00105 4.420761 -0.706308 -3.764335 -0.721333 -3.367366 -3.232926 -3.776491
-5.140472 -10.00105 4.420761 -3.054797 -2.318264 -3.211217 -2.067606 -0.216502 1.498467
4.859528 -12.00105 4.420761 -3.879244 -0.024178 -3.296537 1.613304 -2.722506 -0.805148
2.859528 -12.00105 4.420761 -4.706479 -3.35938 -1.096657 0.524785 -3.191159 -5.07455
0.859528 -12.00105 4.420761 -3.441459 -4.914226 -2.263875 -3.209259 -1.332491 -4.118304
-1.140472 -12.00105 4.420761 -0.766214 -1.049333 -1.164804 -0.124306 0.465889 0.130876
-3.140472 -12.00105 4.420761 -2.426487 -2.797411 -1.927967 -1.452081 -1.472205 -0.476737
6.859528 -14.00105 4.420761 -1.500828 -1.871637 -5.450209 0.099084 -3.791026 -3.427231
4.859528 -14.00105 4.420761 -1.510328 -2.140282 -2.0683 2.836394 -0.659 -1.228407
0.859528 -14.00105 4.420761 -4.492905 -5.362129 -0.670725 0.158187 -0.22772 -1.978933
-1.140472 -14.00105 4.420761 -4.016538 -2.200416 -2.920847 1.672757 2.024449 2.899806
8.859528 -16.00105 4.420761 -0.718492 1.083735 -3.289761 0.936094 -3.882808 -2.41031
6.859528 -16.00105 4.420761 0.850505 -0.07033 -5.939735 -0.835106 -3.281541 -2.416887
0.859528 -16.00105 4.420761 -2.763197 -5.132815 -0.569999 -0.011936 0.560694 -0.591395
-1.140472 -16.00105 4.420761 -4.60032 -4.145936 -5.32405 -2.339049 1.059834 2.066485
-3.140472 -16.00105 4.420761 -1.771073 -0.801021 -4.15624 -0.791082 3.039129 5.572358
8.859528 -18.00105 4.420761 -0.86574 0.210981 -5.530834 -2.482285 -4.473566 -3.711298
6.859528 -18.00105 4.420761 1.003745 0.623202 -5.800921 -2.623475 -4.415953 -3.865386
-1.140472 -18.00105 4.420761 -4.344635 -3.983857 -4.274144 -5.006054 -2.018759 -0.780691
-3.140472 -18.00105 4.420761 -0.220492 0.534897 -2.274699 -2.86439 1.499712 3.513075
8.859528 -20.00105 4.420761 -3.167903 -1.427414 -5.932317 -3.44697 -3.518513 -3.095562
6.859528 -20.00105 4.420761 1.277754 0.809883 -4.171069 -2.060118 -3.66399 -3.585871
-1.140472 -20.00105 4.420761 -4.712796 -2.401057 -2.208633 -2.336782 -3.886504 -2.659899
-3.140472 -20.00105 4.420761 0.247663 0.529355 0.556659 -1.80828 0.114791 0.539059
6.859528 -22.00105 4.420761 2.978028 2.046862 -1.681708 0.152072 -0.901611 -0.276597
4.859528 -22.00105 4.420761 5.286682 2.637835 0.224603 0.53537 1.350257 0.984305
-1.140472 -22.00105 4.420761 -4.846291 -2.36507 -3.298664 0.144744 -3.750173 -2.582209
-3.140472 -22.00105 4.420761 1.057701 -0.651601 1.245309 0.62708 -0.404031 -0.83568
6.859528 -24.00105 4.420761 3.562318 1.588255 2.722881 2.853563 0.376447 0.258478
-3.140472 -24.00105 4.420761 2.76621 1.268468 1.130737 1.752539 -0.062369 0.362366
4.859528 -28.00105 4.420761 4.104245 2.884993 0.877861 1.166417 1.70329 3.313995
-3.140472 -8.001053 6.420761 -2.326083 -2.980337 3.612365 0.415388 0.245397 -1.949243
4.859528 -10.00105 6.420761 -1.853409 2.378887 -2.797154 0.995182 -4.141435 -1.668929
2.859528 -10.00105 6.420761 -5.757732 -2.269647 -4.504225 0.489101 -6.407658 -4.800011
-1.140472 -10.00105 6.420761 8.57717 5.864275 1.787638 0.177853 -0.49038 -1.807484
-3.140472 -10.00105 6.420761 2.75082 0.175943 3.300037 -0.711079 -1.324406 -3.263123
4.859528 -12.00105 6.420761 -0.574566 0.178319 -0.931824 0.837565 -2.301443 -2.066153
2.859528 -12.00105 6.420761 -2.394909 -3.26839 0.303181 -0.062173 -2.846656 -4.509639
-1.140472 -12.00105 6.420761 8.513703 6.524796 1.980389 1.900607 1.054778 0.584801
-3.140472 -12.00105 6.420761 5.789363 2.057037 2.282223 -1.358844 0.768276 -1.609197
6.859528 -14.00105 6.420761 -0.833985 -0.665553 -1.469247 0.816616 0.784813 1.425947
4.859528 -14.00105 6.420761 -3.318482 -2.593398 1.867794 3.636962 -0.199411 -0.297918
2.859528 -14.00105 6.420761 -2.844787 -3.181245 4.553485 4.863566 -0.962767 -1.548367
0.859528 -14.00105 6.420761 -3.101126 -5.785013 2.491463 -0.497251 -0.476093 -1.239868
-1.140472 -14.00105 6.420761 0.183394 1.610352 -2.63311 1.038471 1.626464 4.290346
-3.140472 -14.00105 6.420761 5.624677 3.586771 0.227605 0.421635 4.029886 3.998487
8.859528 -16.00105 6.420761 5.351892 3.161467 -1.067529 0.370142 0.685298 1.700968
6.859528 -16.00105 6.420761 0.061037 -0.52912 -1.299948 0.435104 1.925721 2.648626
4.859528 -16.00105 6.420761 -3.960429 -3.223987 0.708351 4.19901 -0.175869 0.153343
2.859528 -16.00105 6.420761 -3.452121 -1.918747 4.452468 8.142912 -1.525019 0.526549
0.859528 -16.00105 6.420761 -6.093564 -5.966227 1.189877 1.444256 -1.672749 0.486912
-1.140472 -16.00105 6.420761 -5.706035 -3.976526 -6.658129 -3.006957 1.028445 5.581094
8.859528 -18.00105 6.420761 3.477293 1.811948 -1.291085 0.676834 -0.187812 0.859993
6.859528 -18.00105 6.420761 -1.841633 -1.490996 -3.66298 -1.984624 0.069182 1.07169
4.859528 -18.00105 6.420761 -3.009741 -2.519415 -2.329163 1.687213 -1.337604 -0.927534
2.859528 -18.00105 6.420761 -4.189725 -3.322821 0.888482 3.648201 -2.392166 -0.38297
0.859528 -18.00105 6.420761 -6.228202 -5.677359 -1.417645 -1.654202 -2.575943 0.829725
-1.140472 -18.00105 6.420761 -7.535392 -7.268507 -5.337029 -5.493225 -0.998464 2.272816
10.85953 -20.00105 6.420761 -2.116274 -2.514346 -0.062307 -1.214315 -1.653614 -1.570001
8.859528 -20.00105 6.420761 -1.535379 -1.379697 -1.787034 -0.462251 -1.902842 -0.808625
6.859528 -20.00105 6.420761 -4.033133 -2.378265 -3.480729 -1.820495 -2.003365 -1.183136
4.859528 -20.00105 6.420761 -3.784745 -2.690178 -3.268735 -1.012364 -1.299502 -1.560425
2.859528 -20.00105 6.420761 -6.409189 -6.93666 -1.755695 -1.949557 -1.597022 -1.617156
0.859528 -20.00105 6.420761 -4.634375 -4.837648 -0.372955 -1.845751 -2.608298 -0.7147
-1.140472 -20.00105 6.420761 -5.611073 -5.979931 -0.372104 -1.551506 -2.596855 -1.862249
-3.140472 -20.00105 6.420761 -4.88951 -4.592001 -2.037858 -2.388675 0.260341 1.312766
10.85953 -22.00105 6.420761 1.577654 -0.267631 -0.892266 -1.563983 -0.76849 -0.997015
8.859528 -22.00105 6.420761 -1.816424 -2.045585 -2.314691 0.098167 -2.440538 -1.256897
6.859528 -22.00105 6.420761 -2.569822 -0.8092 -2.359678 0.519691 -1.995791 -0.282738
-1.140472 -22.00105 6.420761 -5.172912 -4.716436 -0.165221 0.914656 -3.899357 -4.611988
-3.140472 -22.00105 6.420761 -3.774935 -3.845226 -1.220324 -0.70374 -1.103131 -1.584264
8.859528 -24.00105 6.420761 3.965498 1.093768 -0.403004 1.394872 -0.351004 -1.163744
6.859528 -24.00105 6.420761 0.524912 1.851058 -1.643584 0.653012 -1.501348 -0.539233
4.859528 -24.00105 6.420761 -2.713691 1.501619 -4.761945 1.001502 -0.96798 1.874201
0.859528 -24.00105 6.420761 -3.550596 -2.31168 -1.97233 -0.423677 -3.753959 -2.576646
-1.140472 -24.00105 6.420761 -5.328561 -5.960076 -3.494292 -4.144566 -5.063743 -7.140334
-3.140472 -24.00105 6.420761 -1.750978 -1.879473 -0.359867 -0.638664 -2.111445 -2.669201
-5.140472 -24.00105 6.420761 -0.728384 0.332309 0.557356 0.566032 0.623236 1.104613
8.859528 -26.00105 6.420761 5.315704 1.929072 -0.597049 -1.008147 2.761509 -0.704354
6.859528 -26.00105 6.420761 2.16412 1.372146 -1.413088 0.007866 0.748113 -0.853833
4.859528 -26.00105 6.420761 1.578596 4.935864 -2.698403 3.342507 0.0852 3.210173
-1.140472 -26.00105 6.420761 -4.867076 -6.738622 -3.656229 -5.154215 -3.050513 -7.127017
-3.140472 -26.00105 6.420761 -1.345376 -0.745972 -2.839994 -1.626636 -1.072554 -1.420401
-5.140472 -26.00105 6.420761 -1.983669 0.684289 -3.700421 -1.294701 -0.383715 1.425852
8.859528 -28.00105 6.420761 -1.196632 -1.888066 -0.660984 0.078237 2.583627 0.239758
6.859528 -28.00105 6.420761 2.648771 -0.948867 0.634735 1.034504 2.31791 -0.646354
4.859528 -28.00105 6.420761 2.020177 1.56891 -2.232039 1.601877 -0.787183 0.579003
-1.140472 -28.00105 6.420761 -2.372218 -3.372643 -1.824914 -2.005433 -2.044441 -3.72051
-3.140472 -28.00105 6.420761 0.09972 0.001115 -1.440387 -1.26389 -0.751114 -1.769775
-5.140472 -28.00105 6.420761 -1.03691 -0.379591 -4.510975 -2.873693 -0.309932 0.098532
6.859528 -30.00105 6.420761 5.448962 2.175679 2.128099 3.411162 1.321972 1.493791
-1.140472 -30.00105 6.420761 -1.360831 -0.198705 -1.735298 1.077361 -2.69065 -3.002348
-3.140472 -30.00105 6.420761 2.066565 1.508263 -1.495323 -0.510908 -1.954296 -3.786108
-5.140472 -30.00105 6.420761 2.865109 1.525196 -3.039538 -1.431883 -0.797678 -1.781614
-1.140472 -32.00105 6.420761 1.41827 2.110299 -0.375613 2.962001 -0.430266 0.330452
-1.140472 -10.00105 8.420761 -1.462183 -1.643473 0.038681 -2.501908 1.748328 0.479932
2.859528 -12.00105 8.420761 -9.3355 -9.099309 -3.474012 -8.394322 -3.223285 -7.187619
0.859528 -12.00105 8.420761 -2.702099 -5.696168 -0.108961 -5.187568 -0.062047 -2.956008
2.859528 -14.00105 8.420761 -5.327786 -7.367781 0.05632 -5.760211 -3.093287 -6.463271
0.859528 -14.00105 8.420761 -0.302058 -3.478471 1.110735 -2.385645 -1.251311 -2.566365
-3.140472 -14.00105 8.420761 7.488072 5.623479 2.644879 -0.925691 5.025586 3.917712
-5.140472 -14.00105 8.420761 3.726672 0.169421 2.441085 -2.162394 3.012097 -0.957886
2.859528 -16.00105 8.420761 -4.244572 -6.479815 0.156467 -3.608975 -3.57993 -4.754714
-3.140472 -16.00105 8.420761 6.766347 4.984005 0.431179 -2.0751 3.568536 3.354994
-5.140472 -16.00105 8.420761 -0.327196 -1.996915 0.899668 -1.997743 1.718964 -1.084094
2.859528 -18.00105 8.420761 -4.724443 -6.220775 -1.321986 -3.19098 -4.262176 -3.465982
-1.140472 -18.00105 8.420761 -1.402821 0.309658 -3.838429 -2.907792 0.861471 1.550131
-3.140472 -18.00105 8.420761 -0.312384 0.878177 -1.469462 -2.275561 0.078429 0.419599
-5.140472 -18.00105 8.420761 -2.715803 -1.224671 0.953704 -0.013639 1.911803 1.08767
10.85953 -20.00105 8.420761 3.611746 1.918393 4.629126 1.558082 1.675455 3.446088
8.859528 -20.00105 8.420761 1.28083 1.317709 4.929906 4.700061 1.096426 0.914298
6.859528 -20.00105 8.420761 -1.705558 -0.375359 1.466408 2.775306 -0.59953 1.002555
4.859528 -20.00105 8.420761 -2.719203 -1.745548 -3.021619 -0.687942 -2.015727 -0.314942
2.859528 -20.00105 8.420761 -4.034681 -5.362497 -2.123206 -2.953093 -3.440661 -3.434791
-1.140472 -20.00105 8.420761 -0.989168 -0.013652 -0.134614 -0.737384 -0.500548 -0.168746
-3.140472 -20.00105 8.420761 -3.503873 -0.975683 -0.520741 -0.065742 -1.992918 -1.174359
10.85953 -22.00105 8.420761 4.931439 2.742096 0.604241 -1.063004 0.344298 1.341471
8.859528 -22.00105 8.420761 3.656962 2.062156 3.039549 2.922184 -0.672371 -1.00533
6.859528 -22.00105 8.420761 -0.908228 -0.382052 1.672926 2.136495 -1.059965 -0.020325
4.859528 -22.00105 8.420761 -4.083646 -2.477334 -2.086828 0.709057 -1.829715 0.178891
2.859528 -22.00105 8.420761 -3.861073 -3.548685 -1.07331 0.030228 -1.765841 -0.679959
0.859528 -22.00105 8.420761 -1.221885 0.410116 0.256983 1.587233 -2.299408 -1.007171
-1.140472 -22.00105 8.420761 -3.88356 -3.89763 0.695567 0.517268 -2.301341 -3.47049
10.85953 -24.00105 8.420761 6.077389 2.337301 1.245536 1.435249 2.001991 2.686795
8.859528 -24.00105 8.420761 4.710984 2.607562 0.138697 3.049398 0.387501 1.53879
6.859528 -24.00105 8.420761 -0.80721 0.961666 -2.213214 0.120136 -1.336811 0.340382
4.859528 -24.00105 8.420761 -3.960335 -0.950027 -3.068253 2.099481 -1.914605 0.526007
0.859528 -24.00105 8.420761 -1.457366 -0.741112 -1.261938 0.435814 -2.438042 -2.546107
-1.140472 -24.00105 8.420761 -5.767909 -4.159904 -1.828676 -0.657633 -3.172225 -3.917818
10.85953 -26.00105 8.420761 6.448353 2.509412 2.687853 1.460602 2.867804 1.991288
8.859528 -26.00105 8.420761 3.977807 0.990671 -1.242967 0.381504 1.635416 1.478968
6.859528 -26.00105 8.420761 0.042118 0.510668 -3.272172 -0.319928 -1.279818 -1.135402
4.859528 -26.00105 8.420761 -0.647798 0.980682 -2.195681 1.084541 -1.603098 -0.791699
0.859528 -26.00105 8.420761 0.495179 -3.065698 -0.776443 -3.437884 -1.741815 -5.255602
-1.140472 -26.00105 8.420761 -3.080783 -4.558083 -2.228895 -2.366178 -0.118128 -2.265554
10.85953 -28.00105 8.420761 0.900534 -0.12954 1.442909 0.201455 0.557072 -0.463408
8.859528 -28.00105 8.420761 0.058548 -1.300265 -0.9726 0.293878 1.10627 -1.192565
6.859528 -28.00105 8.420761 1.151072 -0.73096 -0.124176 1.326023 -0.014551 -3.166099
0.859528 -28.00105 8.420761 0.963575 -4.860531 0.138778 -5.116786 -2.711447 -7.623498
-1.140472 -28.00105 8.420761 1.831964 0.135178 0.239074 -0.186525 0.076956 -0.393644
-3.140472 -28.00105 8.420761 2.262715 1.735811 -1.929693 0.559437 -0.132009 1.201034
-5.140472 -28.00105 8.420761 0.402639 0.279499 -4.82469 -2.466483 0.972346 1.979168
8.859528 -30.00105 8.420761 -0.519203 -1.19468 -0.989997 -0.105789 0.043207 -2.194998
6.859528 -30.00105 8.420761 3.692057 2.135529 1.168126 2.393289 -0.964848 -4.31626
0.859528 -30.00105 8.420761 -0.57667 -4.556508 2.566536 -0.229733 -0.559537 -3.353331
-1.140472 -30.00105 8.420761 1.029319 1.251195 1.489613 2.135689 -0.093536 0.945409
-3.140472 -30.00105 8.420761 4.283768 2.916927 -0.424283 1.310788 -0.379144 -0.0937
-5.140472 -30.00105 8.420761 5.372674 0.855594 -2.732664 -1.518983 1.305678 0.866573
0.859528 -32.00105 8.420761 0.84552 -0.115326 1.863374 1.664992 0.680454 1.344897
-1.140472 -32.00105 8.420761 0.359595 1.798165 0.747408 2.543141 0.776239 2.931115
-3.140472 -32.00105 8.420761 1.961509 2.326498 -2.398757 1.23218 -0.538445 0.441202
-5.140472 -32.00105 8.420761 2.33718 -1.160134 -2.586369 0.254428 0.149494 0.551851
0.859528 -34.00105 8.420761 0.938613 1.360758 -0.59911 2.507805 -0.121435 2.552429
-1.140472 -34.00105 8.420761 0.416111 0.517322 -0.232223 1.100694 0.45638 1.847822
4.859528 -12.00105 10.42076 2.165869 -2.118188 -0.233639 -7.715641 -1.273182 -5.169328
2.859528 -12.00105 10.42076 -2.40259 -3.470358 0.574832 -6.503341 -3.131321 -5.623935
4.859528 -14.00105 10.42076 -0.48477 -2.260882 -0.707609 -2.505724 -2.814109 -4.620137
2.859528 -14.00105 10.42076 -3.906376 -2.847752 -0.328606 -4.192558 -4.937252 -7.294759
-3.140472 -14.00105 10.42076 3.77073 3.949569 2.884897 1.271273 1.84886 1.888685
6.859528 -16.00105 10.42076 -0.897842 -0.022108 0.177519 1.385256 -2.722358 -3.161928
4.859528 -16.00105 10.42076 0.960648 -0.858069 -0.158971 -0.163941 -3.138214 -5.320394
2.859528 -16.00105 10.42076 0.529216 -1.06437 0.065775 -4.558429 -3.512718 -6.879593
-1.140472 -16.00105 10.42076 4.085558 3.22059 2.014491 1.857953 1.781418 1.448817
-3.140472 -16.00105 10.42076 4.038628 3.688458 3.824294 2.132662 1.382208 1.381559
6.859528 -18.00105 10.42076 -2.429477 -0.832929 2.47011 2.224067 -2.047269 -3.319927
4.859528 -18.00105 10.42076 3.470459 -2.753804 1.828298 -3.944354 -1.253837 -6.414039
2.859528 -18.00105 10.42076 4.741764 -6.753151 2.650958 -12.00194 -0.624112 -8.957611
-1.140472 -18.00105 10.42076 -1.763223 0.334383 -0.004136 0.238479 1.345883 1.225978
-3.140472 -18.00105 10.42076 -2.177524 1.071808 0.917135 0.558432 0.85966 1.111862
-5.140472 -18.00105 10.42076 -5.542104 -1.120847 -1.71268 -0.391222 -0.119041 -1.448522
6.859528 -20.00105 10.42076 -1.802753 -0.863428 2.704107 1.260428 -0.557047 -2.079281
4.859528 -20.00105 10.42076 1.433746 -4.068766 2.268616 -3.834857 -1.477679 -5.292461
2.859528 -20.00105 10.42076 0.230316 -11.48196 0.851815 -14.17175 -2.898417 -10.95992
-1.140472 -20.00105 10.42076 -5.112648 -3.408622 -0.373755 -2.380426 -0.138084 -0.087372
-3.140472 -20.00105 10.42076 -5.493117 -1.02405 0.992113 1.144082 -0.614256 0.030722
-5.140472 -20.00105 10.42076 -2.764285 2.002692 -0.274719 1.138078 0.355556 0.184565
4.859528 -22.00105 10.42076 0.432144 -1.320652 -0.532055 -3.454632 -1.177029 -0.974373
2.859528 -22.00105 10.42076 1.949991 -1.573595 0.266853 -5.673936 -1.916082 -2.615797
-1.140472 -22.00105 10.42076 -2.53067 -2.63554 -1.00077 -2.741493 -1.918806 -3.412086
-3.140472 -22.00105 10.42076 -3.050728 -0.900537 -0.718585 -1.446822 -1.030813 -1.089614
-5.140472 -22.00105 10.42076 0.441441 3.192229 1.352465 1.549203 0.235849 0.163136
10.85953 -24.00105 10.42076 0.874398 -1.12428 -3.276189 -3.567749 1.476229 2.087173
8.859528 -24.00105 10.42076 0.962904 1.504062 -1.84151 -0.990927 -0.120609 0.502007
4.859528 -24.00105 10.42076 -0.819071 -0.801347 -2.444622 -1.395185 -1.501058 0.268484
-1.140472 -24.00105 10.42076 -0.551517 0.182542 0.192539 0.165934 -2.037342 -2.435618
-3.140472 -24.00105 10.42076 -0.695849 1.587534 0.266039 0.447122 -1.585373 -0.033114
-5.140472 -24.00105 10.42076 -0.470705 0.581185 0.922558 1.005888 -1.424615 -1.401811
12.85953 -26.00105 10.42076 1.988541 -1.014179 -0.640858 -3.543253 1.868125 1.125982
10.85953 -26.00105 10.42076 2.420366 0.822039 1.346331 1.040528 2.370561 3.323493
8.859528 -26.00105 10.42076 1.082645 0.816138 -0.668511 0.293395 0.391752 1.574755
6.859528 -26.00105 10.42076 1.921215 1.165143 0.440372 0.056187 -0.548063 0.189374
4.859528 -26.00105 10.42076 2.778949 2.161391 -0.069744 0.713384 -0.81376 1.3788
2.859528 -26.00105 10.42076 2.304459 0.377912 -0.409072 1.188987 -0.262457 1.437695
0.859528 -26.00105 10.42076 -0.49628 -2.960901 -0.306688 0.188101 -2.464181 -2.795569
-1.140472 -26.00105 10.42076 0.442644 -1.616243 0.437609 1.328822 -1.273272 -0.605191
-3.140472 -26.00105 10.42076 -0.733067 -0.775906 -0.923033 0.351383 -1.066536 0.094947
12.85953 -28.00105 10.42076 1.797881 1.212855 -2.037505 -2.585663 -0.557168 -0.573796
10.85953 -28.00105 10.42076 0.104238 -0.350977 0.698202 0.916166 1.430242 1.760006
8.859528 -28.00105 10.42076 0.342806 -0.501971 0.527272 1.664389 1.0166 1.652175
6.859528 -28.00105 10.42076 3.488536 2.48128 2.570299 4.637627 0.579893 2.791256
4.859528 -28.00105 10.42076 3.611973 2.155785 1.118278 1.434581 -0.480652 0.676469
2.859528 -28.00105 10.42076 -1.023076 -4.700157 -0.946366 -3.064012 -1.213862 -1.942085
0.859528 -28.00105 10.42076 0.20858 -3.172348 -0.170922 -1.443805 -2.31162 -2.983454
-1.140472 -28.00105 10.42076 1.16798 0.669401 0.498732 1.553483 -1.572254 0.642145
12.85953 -30.00105 10.42076 0.565056 2.012975 -0.058494 1.782696 -1.032272 1.339398
10.85953 -30.00105 10.42076 -0.73087 -1.516644 1.298019 1.293356 2.005136 2.815288
8.859528 -30.00105 10.42076 -0.092038 -1.193647 1.644163 1.569931 1.938902 2.736497
6.859528 -30.00105 10.42076 2.850914 3.459412 2.359249 5.750301 1.001197 3.204964
4.859528 -30.00105 10.42076 1.772714 1.571759 1.036342 2.769361 0.147663 2.244083
2.859528 -30.00105 10.42076 -2.294985 -4.237231 -0.571669 -0.449873 -0.638062 0.048261
0.859528 -30.00105 10.42076 -1.305922 -3.744363 0.920434 1.036753 -1.154306 -0.940555
-1.140472 -30.00105 10.42076 2.171996 1.541233 2.558633 2.511348 0.377123 2.982532
8.859528 -32.00105 10.42076 -0.216165 -1.462975 -0.31695 0.50911 1.233237 0.808207
0.859528 -32.00105 10.42076 -1.623894 -1.732657 -0.368875 0.922945 0.051546 1.754915
-3.140472 -32.00105 10.42076 3.011095 1.310491 2.237059 2.969584 1.56676 1.561335
-5.140472 -32.00105 10.42076 1.156198 -2.047527 -1.343654 -0.35696 0.509808 -0.215252
0.859528 -34.00105 10.42076 -1.593168 -0.943916 -1.398163 -0.029386 0.425825 2.076138
-1.140472 -34.00105 10.42076 -1.103603 0.149845 0.347183 1.728875 0.865873 3.5471
-3.140472 -34.00105 10.42076 -0.119256 0.030242 -0.159429 2.768581 0.415119 2.310422
0.859528 -36.00105 10.42076 -2.968657 -3.688688 -0.677838 -0.56953 -0.279478 -0.837582
4.859528 -14.00105 12.42076 0.458621 1.398103 2.123487 -0.939887 -2.250307 -2.197626
-1.140472 -16.00105 12.42076 2.440899 -1.502709 -0.753947 -5.814226 -0.836504 -3.981108
6.859528 -18.00105 12.42076 -1.056644 -0.968366 -1.608761 -1.304963 -1.912275 -2.83816
4.859528 -18.00105 12.42076 3.643904 -2.442432 -1.507297 -8.857317 -3.037602 -8.36184
0.859528 -18.00105 12.42076 0.242015 -0.210064 -0.298212 -2.619394 -1.680951 -1.880301
-1.140472 -18.00105 12.42076 0.077781 -0.311191 1.203297 -0.823014 0.224671 -0.40417
6.859528 -20.00105 12.42076 -3.249575 -2.699283 0.203428 -0.509473 -0.636546 -1.986
4.859528 -20.00105 12.42076 2.704787 -5.842473 0.537937 -10.00454 -3.160206 -9.577273
-1.140472 -20.00105 12.42076 -4.600254 -4.397464 0.731117 -1.694966 0.269069 -0.044312
-3.140472 -20.00105 12.42076 -1.322572 1.25881 1.659936 0.651578 1.255913 0.756378
6.859528 -22.00105 12.42076 -4.362156 -1.426394 -0.967028 0.967871 0.070406 0.502343
4.859528 -22.00105 12.42076 -1.004342 -3.610661 1.495775 -4.260739 -1.444529 -4.004057
0.859528 -22.00105 12.42076 -2.950347 -3.774841 -1.40769 -4.652725 -0.362282 -2.671008
-1.140472 -22.00105 12.42076 -3.227325 -1.498797 -2.277552 -1.395521 -0.62365 -0.107976
-3.140472 -22.00105 12.42076 -4.506586 -1.806724 -2.043419 -1.90632 0.005071 -0.14306
-5.140472 -22.00105 12.42076 -1.934099 0.617528 -1.849823 -1.966852 0.20342 -0.577853
6.859528 -24.00105 12.42076 -3.113988 -2.884817 -1.05893 -1.060461 -0.229764 -2.44561
4.859528 -24.00105 12.42076 -1.969053 -2.010252 0.336644 0.058285 -0.924334 -1.974438
2.859528 -24.00105 12.42076 -0.238293 2.080806 0.489292 2.34535 -2.42142 -2.529708
0.859528 -24.00105 12.42076 -4.375601 -2.184879 -2.019965 -2.049705 -1.989169 -3.980562
-1.140472 -24.00105 12.42076 -1.396988 0.67157 -0.292214 0.697619 -0.731914 -1.188747
-3.140472 -24.00105 12.42076 -4.95443 -1.091808 -1.661701 0.168168 -2.387852 -1.147135
-5.140472 -24.00105 12.42076 -2.441105 -0.728814 0.042997 0.601868 -1.418407 -1.382709
10.85953 -26.00105 12.42076 -0.617526 -1.426722 -2.209245 -2.064244 -1.100632 -0.594121
4.859528 -26.00105 12.42076 -1.989797 0.038049 -1.521532 0.963225 -1.209045 -0.584344
2.859528 -26.00105 12.42076 -7.330325 -0.759515 -6.113897 3.695117 -2.53966 -1.086885
-3.140472 -26.00105 12.42076 -6.629175 -4.440595 -0.347891 2.048627 -1.928458 -0.159948
-5.140472 -26.00105 12.42076 -1.904486 -2.651688 1.410157 1.992981 -1.768214 -1.805808
-7.140472 -26.00105 12.42076 3.89549 2.916287 3.431252 2.226697 1.018945 -0.788385
12.85953 -28.00105 12.42076 1.047508 -1.824985 -2.097734 -4.834847 -2.188027 -3.033045
10.85953 -28.00105 12.42076 -1.910029 -3.216122 -2.68101 -3.705235 -2.025678 -1.567071
8.859528 -28.00105 12.42076 -1.465199 -1.18213 -1.872284 -0.643975 -0.40009 0.457876
2.859528 -28.00105 12.42076 -6.684413 -1.102301 -4.010028 3.040709 -1.79942 -0.061789
-3.140472 -28.00105 12.42076 -5.749078 -3.186281 -0.152459 1.224546 -2.830065 -0.470983
-5.140472 -28.00105 12.42076 -3.222753 -2.575521 0.097443 -0.468124 -2.429625 -1.960339
-7.140472 -28.00105 12.42076 3.033922 2.099245 1.602757 1.559585 -0.259172 -0.958869
12.85953 -30.00105 12.42076 2.355435 0.364947 -0.500689 -0.392016 -2.747519 -1.87686
10.85953 -30.00105 12.42076 -0.901842 -2.808757 -1.518527 -2.873267 -1.522785 -0.472431
8.859528 -30.00105 12.42076 -1.706146 -1.814158 -0.326744 -0.482965 -0.199539 1.194617
6.859528 -30.00105 12.42076 -1.078163 0.927235 1.807229 3.409121 0.241613 2.371906
4.859528 -30.00105 12.42076 1.024698 0.972093 1.429832 1.702998 -0.390684 1.047611
2.859528 -30.00105 12.42076 -2.03587 0.622755 -1.82322 1.644361 -2.281291 -0.425056
-1.140472 -30.00105 12.42076 1.063306 -0.333373 0.892549 -1.707782 -0.372741 -1.959889
-3.140472 -30.00105 12.42076 1.299234 1.050249 2.235963 1.958556 -0.197695 0.99063
-5.140472 -30.00105 12.42076 -0.507414 -0.443256 1.277447 -0.063347 -1.555256 -1.233998
12.85953 -32.00105 12.42076 3.415254 3.55312 1.273919 4.214328 -0.702291 2.138566
8.859528 -32.00105 12.42076 -1.248856 -1.001404 1.125715 2.055848 -0.01728 1.245846
6.859528 -32.00105 12.42076 -1.492983 0.106915 0.762627 2.052781 -0.669089 1.638347
4.859528 -32.00105 12.42076 3.34847 2.224266 1.615986 1.566304 -0.31376 2.187834
2.859528 -32.00105 12.42076 1.358569 2.501138 -0.40346 1.969311 -0.370206 2.152664
0.859528 -32.00105 12.42076 -1.319024 -0.828912 -0.756003 0.018913 -0.296591 -0.01597
-1.140472 -32.00105 12.42076 -1.197541 -2.644907 0.837652 -1.287039 0.231976 -0.276073
-3.140472 -32.00105 12.42076 2.723757 1.014894 2.303528 1.849509 0.227397 0.97459
6.859528 -34.00105 12.42076 -0.784813 0.707766 0.785507 1.978574 -1.076129 0.830939
4.859528 -34.00105 12.42076 2.47551 2.863967 1.398825 3.231352 0.099417 2.51494
2.859528 -34.00105 12.42076 2.064364 2.495379 0.928604 3.603413 2.111504 4.623619
0.859528 -34.00105 12.42076 -3.043286 -1.314718 -1.055161 0.746218 0.558591 3.138262
-1.140472 -34.00105 12.42076 -3.89244 -3.351115 -0.221583 0.075416 0.238927 2.418562
-1.140472 -16.00105 14.42076 0.229614 -1.082484 -1.116022 -2.710783 -1.565045 -3.674185
0.859528 -18.00105 14.42076 -4.374625 -2.510173 0.07279 -0.850885 -3.375076 -2.386379
0.859528 -20.00105 14.42076 -6.827918 -4.051471 0.477982 -0.872872 -5.005113 -4.508079
-1.140472 -20.00105 14.42076 -9.167466 -5.723772 -4.030719 -2.672992 -4.646396 -4.78532
0.859528 -22.00105 14.42076 0.987595 0.563719 -1.46495 -3.717367 -1.037263 -1.55729
-1.140472 -22.00105 14.42076 -5.760713 -3.634431 -2.368059 -1.235779 -1.752094 -0.961173
8.859528 -24.00105 14.42076 -5.398523 -2.680541 -1.968505 -0.327347 -2.250696 -1.014082
6.859528 -24.00105 14.42076 -2.27785 -2.740482 0.57344 0.969547 -1.461045 -2.23839
4.859528 -24.00105 14.42076 1.025062 -1.689276 1.266923 0.263484 -1.409011 -1.652547
0.859528 -24.00105 14.42076 -3.822256 -2.694515 -4.111326 -5.181693 -0.123454 -0.021392
-1.140472 -24.00105 14.42076 -4.86511 -3.483115 -2.461445 -1.88195 -0.887083 -1.234271
-3.140472 -24.00105 14.42076 -3.02273 0.454988 -0.096892 1.88353 0.03571 1.249544
-5.140472 -24.00105 14.42076 1.837626 3.063705 1.073086 1.964164 1.253099 3.223812
6.859528 -26.00105 14.42076 -2.822798 -2.420656 1.332325 0.747781 -1.996544 -4.212392
4.859528 -26.00105 14.42076 -2.79822 -1.770736 -0.667654 2.154984 -2.082972 -2.077116
0.859528 -26.00105 14.42076 -7.315354 -4.137014 -3.487505 -2.217646 -0.669289 -1.802665
-1.140472 -26.00105 14.42076 -6.509367 -4.474061 -1.944006 -1.217758 -1.01377 -0.967663
-3.140472 -26.00105 14.42076 -7.165818 -3.430074 0.247405 3.031436 0.33984 2.087599
-5.140472 -26.00105 14.42076 -0.68267 -0.7731 0.572574 1.683462 0.418826 1.10188
-7.140472 -26.00105 14.42076 1.996541 1.290453 0.771055 0.446655 1.855918 1.908101
4.859528 -28.00105 14.42076 -4.752028 -1.480558 -2.267855 1.242711 -0.221945 -0.14142
2.859528 -28.00105 14.42076 -11.70398 -1.984491 -7.564291 7.373562 0.206555 3.851481
-1.140472 -28.00105 14.42076 -5.794285 -4.378543 -2.743731 -3.349077 -2.414571 -1.941392
-3.140472 -28.00105 14.42076 -5.838989 -3.390535 -1.866135 0.697064 -1.340439 0.535881
-5.140472 -28.00105 14.42076 -1.35366 -1.619777 -1.361805 -1.456716 -0.844403 -1.213117
-7.140472 -28.00105 14.42076 0.442224 -1.063504 -0.693055 -0.871697 0.411546 0.314119
12.85953 -30.00105 14.42076 0.318326 -0.800371 -0.909654 0.916112 -3.050972 -2.804255
10.85953 -30.00105 14.42076 -1.670923 -1.119938 -1.111493 0.18073 -1.787396 -1.121033
2.859528 -30.00105 14.42076 -8.651196 -0.353094 -5.779119 6.301762 0.336439 4.003537
-3.140472 -30.00105 14.42076 -3.210542 -1.804342 -2.447382 -0.256063 -1.021796 -0.221531
-5.140472 -30.00105 14.42076 -0.448223 -0.208603 -0.856508 -1.561901 -1.428911 -2.148648
-7.140472 -30.00105 14.42076 0.820216 -0.963255 1.955841 0.022874 0.499165 -0.700435
2.859528 -32.00105 14.42076 -6.018098 -2.687051 -0.891669 1.90727 -0.109545 0.701421
0.859528 -32.00105 14.42076 -6.91039 -6.320375 -3.49248 -2.447099 -0.991258 -2.229281
-3.140472 -32.00105 14.42076 -2.678756 -2.529367 -0.496919 0.965483 -1.456244 -2.527098
-5.140472 -32.00105 14.42076 -1.943322 -1.181636 -0.21103 -0.577229 -1.653614 -3.00094
6.859528 -34.00105 14.42076 -1.382285 -1.079348 1.326915 -0.648602 -1.858379 -2.78934
4.859528 -34.00105 14.42076 -0.520433 -0.974323 2.906954 0.712268 -1.042009 -1.733653
2.859528 -34.00105 14.42076 -5.001127 -5.188296 1.887879 -2.12076 0.522307 -0.08271
6.859528 -36.00105 14.42076 -1.916869 -1.511798 1.050907 0.300681 -1.706546 -1.972382
4.859528 -36.00105 14.42076 -2.994473 -1.963353 1.01206 1.754133 -1.159298 -0.056455
2.859528 -36.00105 14.42076 -2.14294 -3.177588 2.338365 -0.046535 0.67982 1.149795
-1.140472 -20.00105 16.42076 -3.106647 0.72043 -1.882926 0.563877 -4.734269 -2.329342
-3.140472 -20.00105 16.42076 -0.694076 1.618727 -0.655373 -0.762336 -1.439959 0.693754
0.859528 -22.00105 16.42076 1.320523 3.511717 -2.439741 -1.251306 1.332603 2.26127
-1.140472 -22.00105 16.42076 -1.895031 0.075148 -1.172152 -0.423291 -2.467461 -1.895635
-3.140472 -22.00105 16.42076 1.48154 1.364202 0.425153 -0.138312 0.019783 -0.101372
0.859528 -24.00105 16.42076 -9.581578 -5.89562 -14.45022 -13.28214 5.206059 5.209945
-1.140472 -24.00105 16.42076 -1.985868 0.203675 -2.661428 -2.743249 -1.384316 -1.511951
6.859528 -26.00105 16.42076 -1.103513 -0.566955 -0.759866 -1.26613 -0.870906 -1.353883
4.859528 -26.00105 16.42076 -3.599165 -2.755636 0.178197 -0.538775 -1.652767 -2.377285
0.859528 -26.00105 16.42076 -6.006608 -4.447385 -6.285862 -8.982473 2.621777 1.576983
-1.140472 -26.00105 16.42076 -1.466142 -0.089143 -0.873339 -2.593831 1.690391 2.097748
8.859528 -28.00105 16.42076 1.577599 1.892933 0.886274 -0.839973 -1.082139 -1.967459
6.859528 -28.00105 16.42076 2.240881 2.739549 0.314544 0.442538 -0.744662 -1.22537
4.859528 -28.00105 16.42076 0.916788 1.464327 0.374072 -0.275801 -0.162639 -0.600281
0.859528 -28.00105 16.42076 -2.498589 -0.625287 -1.616499 -0.57745 -1.269224 -0.635003
-1.140472 -28.00105 16.42076 -0.054332 -0.423277 -0.04186 -1.782055 -0.134266 -0.31556
-3.140472 -28.00105 16.42076 -0.249002 -1.166854 1.525907 -0.672822 0.030392 -0.223675
-5.140472 -28.00105 16.42076 1.199448 0.807245 1.69238 0.403585 0.49146 0.772236
-7.140472 -28.00105 16.42076 0.932644 1.158949 1.552588 2.075897 0.462825 1.280103
4.859528 -30.00105 16.42076 3.788785 2.279323 1.450532 -1.464467 1.189059 -0.611534
2.859528 -30.00105 16.42076 -4.013363 -1.458231 -2.943726 0.416824 -0.232333 0.930679
-1.140472 -30.00105 16.42076 0.922354 -0.462851 0.080975 -1.542679 -2.059283 -4.175694
-3.140472 -30.00105 16.42076 2.287788 0.981429 0.354609 -0.493984 -0.901893 -1.932309
-5.140472 -30.00105 16.42076 1.920741 1.024271 1.250663 0.729958 0.446322 0.827461
-7.140472 -30.00105 16.42076 1.755867 0.084315 1.85223 -0.239182 1.25459 1.158602
2.859528 -32.00105 16.42076 -2.986028 -3.239507 0.299126 -0.666288 -0.394782 -1.67746
0.859528 -32.00105 16.42076 -5.896585 -5.896914 -2.084269 -0.851895 -0.44664 -0.948998
-3.140472 -32.00105 16.42076 2.389804 1.046402 0.752595 0.721108 -1.236752 -3.407816
-5.140472 -32.00105 16.42076 -1.26476 -1.984039 0.223701 -0.965848 0.387897 -0.271762
-7.140472 -32.00105 16.42076 1.628097 -1.512361 1.28262 -3.608647 1.293087 -1.473224
6.859528 -34.00105 16.42076 -3.502177 -3.525721 -0.726799 -2.674635 -0.275145 -1.812935
4.859528 -34.00105 16.42076 -2.326732 -3.554188 1.17077 -2.544846 0.347672 -1.782047
2.859528 -34.00105 16.42076 -1.2832 -5.521941 3.339979 -7.333332 -0.425649 -4.389475
0.859528 -34.00105 16.42076 -4.647182 -8.486926 -0.370036 -9.680817 0.050591 -3.05949
4.859528 -36.00105 16.42076 -3.099488 -2.18213 0.024062 -1.423699 0.253972 -0.06436
2.859528 -36.00105 16.42076 -1.307527 -3.808291 2.892233 -5.905104 -0.86885 -2.61541
-3.140472 -22.00105 18.42076 0.191273 -1.29868 0.786025 -1.310969 -0.276428 0.232879
-1.140472 -24.00105 18.42076 -0.997609 2.503476 -1.925658 0.322327 -1.854568 -0.000858
-3.140472 -24.00105 18.42076 2.091062 1.692154 0.510929 -1.282636 -0.578535 -0.046655
-5.140472 -24.00105 18.42076 0.92693 -0.248986 -0.266021 -3.829793 -0.367319 -0.017824
0.859528 -26.00105 18.42076 1.1904 2.547622 -0.734581 -0.290666 2.537016 1.664689
-1.140472 -26.00105 18.42076 2.272486 4.798851 -0.271034 -0.870042 1.91915 3.727052
6.859528 -28.00105 18.42076 1.519647 1.973196 -0.234018 0.522528 -1.73311 -1.032202
0.859528 -28.00105 18.42076 10.16721 9.633114 4.731688 1.915161 -0.413511 -1.043899
-1.140472 -28.00105 18.42076 2.438983 2.029281 1.237494 -1.627613 0.56095 0.289842
-3.140472 -28.00105 18.42076 -0.334427 -1.30571 0.558612 -1.792584 -0.026791 -0.74939
6.859528 -30.00105 18.42076 2.134883 2.37299 0.991607 0.472974 -1.240066 -1.851376
4.859528 -30.00105 18.42076 0.320057 0.191255 -1.254913 -2.434242 -1.295359 -2.899731
-1.140472 -30.00105 18.42076 -2.295421 -1.32909 -2.292019 -1.808684 -2.709563 -3.692972
-3.140472 -30.00105 18.42076 -1.929703 -1.20155 -1.631502 -1.574496 -2.175004 -2.99185
4.859528 -32.00105 18.42076 -1.191104 -1.238336 0.168174 -2.069229 -0.543032 -1.996651
2.859528 -32.00105 18.42076 0.888777 0.934956 0.047618 -0.238849 -0.557217 -1.219753
-1.140472 -32.00105 18.42076 -3.118305 -1.903251 -3.121181 -3.673477 -2.53961 -4.789922
-3.140472 -32.00105 18.42076 0.110008 0.131578 -1.216416 -1.068744 -1.46487 -1.990616
-5.140472 -32.00105 18.42076 -3.426499 -3.493545 -0.159919 -1.394264 0.636534 -0.112487
8.859528 -34.00105 18.42076 -1.256792 -0.833996 -2.294887 -1.490864 -0.903599 -0.581397
6.859528 -34.00105 18.42076 -0.522345 -1.114071 -1.162436 -2.635351 -0.236812 -0.765817
2.859528 -34.00105 18.42076 3.497992 0.410781 2.883566 -4.449915 -1.642503 -4.971493
0.859528 -34.00105 18.42076 4.515698 -0.450079 -0.343781 -9.368342 -1.12918 -6.07548
-5.140472 -34.00105 18.42076 -2.933393 -2.433773 -1.318682 -2.265874 -0.315311 -1.26517
6.859528 -36.00105 18.42076 0.128723 -0.903618 0.138868 -1.778787 0.442423 0.417234
4.859528 -36.00105 18.42076 0.369925 -0.17546 0.948994 -0.89025 -0.240312 -0.490466
2.859528 -36.00105 18.42076 3.432812 0.743487 3.63044 -4.536617 -2.647337 -5.820166
-1.140472 -24.00105 20.42076 -3.608292 -3.776797 -0.99697 -3.497436 -3.001976 -3.502109
-3.140472 -24.00105 20.42076 -3.571224 -4.410277 -1.435928 -4.146439 -1.121747 -2.656096
-5.140472 -24.00105 20.42076 -1.753025 -2.644391 -0.076037 -3.244627 -0.912049 -0.94133
0.859528 -26.00105 20.42076 7.906088 7.592833 6.408156 5.371247 1.117569 1.334587
-1.140472 -26.00105 20.42076 0.66154 -0.781303 1.267832 -3.730695 -0.151456 -2.455702
6.859528 -28.00105 20.42076 -2.397945 -1.496834 -0.659986 -0.294257 -1.209096 -1.395722
0.859528 -28.00105 20.42076 11.0315 9.429647 7.145445 1.708259 2.144242 1.330055
-1.140472 -28.00105 20.42076 4.440546 1.438318 3.699615 -2.453848 1.18819 -0.493139
-3.140472 -28.00105 20.42076 -0.892743 -1.355653 -0.015096 -0.90952 0.472623 0.243727
-5.140472 -28.00105 20.42076 -1.28557 0.798765 0.47072 1.248872 -0.443574 0.301361
8.859528 -30.00105 20.42076 0.653719 -0.178831 0.611509 -0.456584 0.313245 -0.624699
6.859528 -30.00105 20.42076 -0.343546 0.758593 1.127377 0.992926 -1.17646 -2.027423
4.859528 -30.00105 20.42076 -0.400489 -0.432572 -0.387614 -1.755635 -0.745558 -1.942514
-1.140472 -30.00105 20.42076 -4.077761 -5.449897 -2.562286 -3.607612 -1.382147 -1.946766
-3.140472 -30.00105 20.42076 -3.611887 -2.92239 -2.365744 -1.719919 -1.767928 -2.090135
-5.140472 -30.00105 20.42076 -1.562167 0.462805 -0.897507 1.302386 -0.911698 0.270852
10.85953 -32.00105 20.42076 -0.172809 0.119976 0.320753 -0.061482 0.542448 0.563389
4.859528 -32.00105 20.42076 0.791772 1.439842 1.005926 0.615759 0.072242 -0.258606
2.859528 -32.00105 20.42076 1.060221 1.191027 1.240911 2.339386 0.940864 1.159171
-1.140472 -32.00105 20.42076 -3.248426 -3.104247 -2.966262 -3.69968 -2.95632 -3.854397
-3.140472 -32.00105 20.42076 -0.976271 -0.07052 -1.402938 -1.392133 -2.445544 -1.647905
-5.140472 -32.00105 20.42076 -3.002163 -0.531439 -0.760091 0.863945 -0.680059 0.12985
12.85953 -34.00105 20.42076 -1.192369 -0.3541 -1.373716 -1.331875 -1.096093 -1.056436
10.85953 -34.00105 20.42076 -2.137686 -1.307593 -1.569998 -1.607612 -0.369091 -0.577434
8.859528 -34.00105 20.42076 -2.636045 -1.818534 -3.18494 -3.029704 -1.217869 -1.325998
4.859528 -34.00105 20.42076 0.089002 0.13017 1.079193 0.46441 -0.373722 -0.688841
2.859528 -34.00105 20.42076 0.840108 -0.352918 2.227906 0.873935 -0.541508 -1.633192
-5.140472 -34.00105 20.42076 -2.314216 -0.284824 -1.196708 -0.409292 -1.077911 -0.678492
8.859528 -36.00105 20.42076 -3.443617 -2.072745 -2.800343 -2.784903 -1.453778 -0.869652
6.859528 -36.00105 20.42076 -1.334392 -1.783599 -0.499065 -1.574441 -0.712378 -1.306644
4.859528 -36.00105 20.42076 0.775396 0.51286 1.221583 0.949722 -0.892884 -1.565503
2.859528 -36.00105 20.42076 2.68907 1.345723 2.513205 -0.976515 -2.063259 -3.880166
-1.140472 -26.00105 22.42076 2.296562 -1.595069 2.321573 -1.836229 -0.064177 -3.615584
0.859528 -28.00105 22.42076 2.788072 2.337289 2.556975 1.841571 2.822298 4.154311
-1.140472 -28.00105 22.42076 2.940082 1.411919 3.093934 1.618655 1.769217 2.001015
-3.140472 -28.00105 22.42076 0.070785 -0.6998 0.626178 0.826058 -0.518793 0.357716
-5.140472 -28.00105 22.42076 -0.614215 0.426401 -0.117136 0.266822 -1.499459 -0.660672
8.859528 -30.00105 22.42076 0.247719 -0.994111 0.60436 -1.878677 -0.544316 -0.727556
6.859528 -30.00105 22.42076 -0.208021 -1.757753 1.987242 -0.329447 -0.065407 -0.978396
4.859528 -30.00105 22.42076 0.92975 -0.604123 1.638058 -0.916914 0.451032 -0.708655
-1.140472 -30.00105 22.42076 -3.294863 -5.067859 -2.086204 -2.505693 0.088493 0.139081
-3.140472 -30.00105 22.42076 -2.27645 -3.820729 -1.825478 -2.310923 -1.074242 -1.605489
-5.140472 -30.00105 22.42076 -2.399035 -1.11088 -1.828322 -0.369492 -1.216632 0.883531
12.85953 -32.00105 22.42076 -2.57268 -0.797319 0.226936 0.148154 -0.189575 0.774688
6.859528 -32.00105 22.42076 2.203609 -0.509494 2.220835 0.129562 0.063097 -1.254622
4.859528 -32.00105 22.42076 4.126816 2.148761 2.388984 1.296058 0.758406 -0.173545
-1.140472 -32.00105 22.42076 5.357741 2.706939 2.322784 -2.225168 -2.013658 -3.641958
-3.140472 -32.00105 22.42076 2.175225 0.048314 0.807372 -2.572208 -1.770316 -3.047709
12.85953 -34.00105 22.42076 -2.104304 -0.40418 -1.322298 -1.378623 -1.3496 -0.658346
10.85953 -34.00105 22.42076 -3.354537 -2.41786 -2.82908 -3.028179 -1.07994 -0.683833
8.859528 -34.00105 22.42076 -1.331502 -3.279332 -2.736939 -4.511194 -0.743718 -2.034611
4.859528 -34.00105 22.42076 0.303896 -0.522656 -0.410651 -1.161928 -0.129692 -0.379429
2.859528 -34.00105 22.42076 -1.228894 -2.34602 -0.787209 -1.359103 -1.078658 -1.310845
-3.140472 -34.00105 22.42076 5.225365 1.341279 2.895361 -2.324668 -1.908769 -4.3927
-5.140472 -34.00105 22.42076 -0.846021 -1.148908 -0.320783 -1.494223 -1.656795 -1.35229
10.85953 -36.00105 22.42076 -2.643013 -0.805066 -3.40139 -2.316034 -1.044123 -0.342233
8.859528 -36.00105 22.42076 -2.189868 -1.011738 -2.759213 -1.831767 -0.084701 0.65897
6.859528 -36.00105 22.42076 0.416461 0.669952 -0.967552 -1.405591 -0.720397 -0.526575
4.859528 -36.00105 22.42076 0.915103 1.608841 -1.097993 -0.796063 -0.934546 -1.040179
-1.140472 -26.00105 24.42076 1.460563 -0.591895 -0.363975 -0.368714 -0.182792 -0.683901
-1.140472 -28.00105 24.42076 1.906789 1.540553 2.186688 2.310416 1.346813 3.210147
-3.140472 -28.00105 24.42076 0.385696 -1.614137 0.720293 -0.20794 -0.319453 0.158336
-5.140472 -28.00105 24.42076 0.862365 -1.170861 0.52555 0.049799 -1.189343 -0.656401
-7.140472 -28.00105 24.42076 -1.075671 -1.664908 1.020749 1.185346 -0.715659 -0.589093
6.859528 -30.00105 24.42076 0.92106 0.838357 1.610177 1.86914 -0.14072 1.024161
4.859528 -30.00105 24.42076 0.638087 1.037684 1.131077 1.247512 -0.238661 0.629817
-3.140472 -30.00105 24.42076 0.275823 -1.573907 0.358626 -0.632171 0.271069 0.106441
-5.140472 -30.00105 24.42076 -0.982386 -2.216066 0.047342 -0.535462 0.109231 0.879645
-7.140472 -30.00105 24.42076 -0.262945 -0.196372 0.674984 2.069768 0.407975 1.81872
14.85953 -32.00105 24.42076 -3.846013 -3.874939 -0.964888 -0.223795 -1.447547 -0.832316
12.85953 -32.00105 24.42076 -3.468956 -1.77617 -0.917233 0.89755 -1.122703 0.064806
6.859528 -32.00105 24.42076 0.819664 0.053086 0.596917 -0.295011 -0.675956 -0.649334
4.859528 -32.00105 24.42076 0.287712 0.66144 0.904096 0.923363 -1.136899 -0.949469
-1.140472 -32.00105 24.42076 8.555413 4.97328 4.49202 3.576397 0.085936 -2.952204
-3.140472 -32.00105 24.42076 3.346452 1.692699 3.09841 1.566518 -0.059913 -1.924582
-5.140472 -32.00105 24.42076 -0.874515 -1.877999 0.49571 -0.900375 -0.661187 -0.687494
12.85953 -34.00105 24.42076 -3.639561 -1.951282 -0.970734 -0.696541 -1.226018 -0.489582
10.85953 -34.00105 24.42076 -3.488559 -2.600262 -1.530925 -1.065408 -0.609135 0.195834
8.859528 -34.00105 24.42076 -1.305912 -3.411605 -1.434645 -3.00137 -0.921056 -2.188585
4.859528 -34.00105 24.42076 0.07639 -0.126376 -0.168123 -1.157272 -0.481591 -0.414444
-1.140472 -34.00105 24.42076 6.810009 3.165819 2.933217 0.225127 0.467361 -2.739427
-3.140472 -34.00105 24.42076 4.242142 1.579647 3.208646 -0.102059 -0.706894 -2.982846
-5.140472 -34.00105 24.42076 -0.040277 -2.38451 0.290879 -3.279199 -1.648262 -2.421163
10.85953 -36.00105 24.42076 -2.632443 -2.134447 -1.70623 -1.456567 0.42814 0.793042
8.859528 -36.00105 24.42076 -3.519561 -2.956722 -2.538287 -2.076116 -0.231206 -0.093894
6.859528 -36.00105 24.42076 -2.008865 -1.981897 -2.206561 -3.930475 -1.269446 -1.502514
4.859528 -36.00105 24.42076 0.399962 0.948528 -0.686288 -1.137238 -0.938971 -0.162464
-3.140472 -36.00105 24.42076 0.578293 -1.452779 0.734082 -2.681109 -1.99478 -3.309843
-5.140472 -36.00105 24.42076 -2.443006 -4.109267 -1.966607 -4.944927 -3.220576 -3.626351
-1.140472 -28.00105 26.42076 4.846984 3.174842 1.593478 1.403705 0.004264 0.444093
-7.140472 -28.00105 26.42076 0.465896 -1.667291 0.864777 0.051831 -0.845133 -1.540127
-5.140472 -30.00105 26.42076 0.178593 1.050478 0.747412 1.791557 0.449202 1.700074
-7.140472 -30.00105 26.42076 0.334151 -0.054688 1.011818 1.113251 0.182301 -0.159374
-9.140472 -30.00105 26.42076 -1.285734 -1.894003 -1.839776 -2.236332 -0.643408 -1.405409
12.85953 -32.00105 26.42076 -3.471498 -2.370163 -2.39058 0.472407 -2.407963 -1.644199
10.85953 -32.00105 26.42076 -1.516518 -1.804693 -1.640344 -0.863823 -1.605084 -1.411995
6.859528 -32.00105 26.42076 0.396464 -0.134226 -0.917261 -0.833319 -0.24242 0.401793
4.859528 -32.00105 26.42076 0.903436 0.687183 -0.081558 1.081841 -1.19125 -0.210909
2.859528 -32.00105 26.42076 2.063114 0.810622 0.040056 -0.042392 -1.004148 -0.629619
-3.140472 -32.00105 26.42076 2.331638 3.775334 1.524093 5.212463 -0.259746 0.738129
-5.140472 -32.00105 26.42076 0.114195 -0.153784 -0.192066 0.271201 -0.635018 -0.158396
-7.140472 -32.00105 26.42076 -0.441499 0.236343 -0.285228 -0.15545 -0.138703 0.642792
10.85953 -34.00105 26.42076 -4.020355 -3.783695 -3.70784 -0.841471 -1.669573 -0.354874
8.859528 -34.00105 26.42076 -2.726145 -3.746387 -3.215537 -1.735057 -2.693968 -3.161141
4.859528 -34.00105 26.42076 1.509603 -0.016765 1.393678 0.386358 0.792861 0.727379
-1.140472 -34.00105 26.42076 2.696198 2.530774 1.474506 2.472362 0.431646 0.461713
-7.140472 -34.00105 26.42076 -2.806305 -2.793238 -1.863925 -1.580298 -0.508518 0.266986
6.859528 -36.00105 26.42076 -3.258362 -3.889099 -1.418152 -2.860694 -1.875255 -1.576778
4.859528 -36.00105 26.42076 -0.102839 -1.158133 -0.282872 -1.70918 -0.33876 0.328864
-3.140472 -36.00105 26.42076 0.48476 0.765766 -0.60535 -0.095055 -2.1778 -1.359647
-5.140472 -36.00105 26.42076 -1.012084 -2.796639 -1.944938 -2.590651 -2.614747 -3.2559
-7.140472 -36.00105 26.42076 -5.351995 -6.2396 -3.283823 -3.120221 -2.131084 -3.030496
-7.140472 -28.00105 28.42076 0.665712 -0.998552 1.298794 0.681202 0.54288 0.616635
-9.140472 -28.00105 28.42076 2.414306 0.937036 2.025309 0.968747 0.506245 0.772283
12.85953 -30.00105 28.42076 -1.096158 -1.048745 0.667736 1.255602 -0.420788 -0.649454
-9.140472 -30.00105 28.42076 3.856238 1.060576 1.915112 0.403418 1.123873 -0.230701
12.85953 -32.00105 28.42076 -2.066321 -2.750141 -1.710367 -0.157215 -2.249706 -2.799518
10.85953 -32.00105 28.42076 -2.487297 -2.982086 -2.644474 -1.305453 -2.647699 -3.017842
8.859528 -32.00105 28.42076 0.211751 -0.240554 -1.153285 1.064391 -0.665668 -0.175926
4.859528 -32.00105 28.42076 2.77979 2.28617 -1.542291 -0.591286 -0.590759 -0.188692
-3.140472 -32.00105 28.42076 1.097582 3.25414 -0.18679 3.596956 -0.808466 0.90255
-5.140472 -32.00105 28.42076 2.03738 2.316083 0.506094 2.108079 -0.690947 -1.04429
-7.140472 -32.00105 28.42076 1.851435 2.284875 0.75993 1.317882 0.381918 0.473672
-9.140472 -32.00105 28.42076 2.277264 1.243436 1.050775 0.572792 1.181848 0.86941
8.859528 -34.00105 28.42076 -2.21268 -2.805867 -3.944793 -1.105825 -3.316347 -3.041671
6.859528 -34.00105 28.42076 -0.61603 -0.043784 -1.210849 -0.333777 -1.484522 -0.37215
4.859528 -34.00105 28.42076 0.540153 0.045466 -0.822667 -0.688305 -0.618669 -0.233042
2.859528 -34.00105 28.42076 1.213021 -0.673681 0.236626 -0.763563 -0.397382 -1.600931
-1.140472 -34.00105 28.42076 1.258889 1.564091 -0.698609 0.916885 -1.5787 -0.22426
-3.140472 -34.00105 28.42076 0.87059 1.322093 -1.306955 0.113888 -0.860048 0.040314
6.859528 -36.00105 28.42076 0.221177 0.065079 -1.037876 -1.326308 -1.374196 -0.018611
4.859528 -36.00105 28.42076 -0.603494 -1.019544 -1.758054 -2.468991 -1.059519 -0.25838
-1.140472 -36.00105 28.42076 -0.47798 -2.443669 0.260895 -1.730176 -0.986801 -0.657543
-3.140472 -36.00105 28.42076 0.090798 -0.629444 -0.641215 -0.522276 0.172945 0.348641
-11.14047 -28.00105 30.42076 -0.055849 -1.179555 -0.374815 -1.9555 0.140841 -0.297749
10.85953 -30.00105 30.42076 -1.49729 -0.992889 0.342102 1.219729 -0.405802 -0.303687
10.85953 -32.00105 30.42076 -0.752025 0.054225 0.585549 2.110491 -0.863027 -1.242653
8.859528 -32.00105 30.42076 0.682944 1.364422 0.582216 2.755681 0.701339 1.258778
6.859528 -32.00105 30.42076 2.233505 2.159982 0.827256 1.807173 1.660928 2.13984
8.859528 -34.00105 30.42076 -0.00081 0.975789 -1.975135 1.533996 -0.811871 -0.09332
6.859528 -34.00105 30.42076 1.080796 2.298609 -0.50429 1.621121 -0.377871 1.179903
10.85953 -28.00105 32.42076 0.238089 0.804726 -1.231448 1.376396 -0.108301 0.054091
8.859528 -28.00105 32.42076 1.077924 -0.538715 -0.274098 -0.45334 -0.113165 -1.003146
10.85953 -30.00105 32.42076 0.982161 0.032464 -0.12328 0.763243 0.486037 -0.711722
8.859528 -30.00105 32.42076 0.650597 0.170234 0.088526 0.513286 -0.177007 -1.794552
6.859528 -30.00105 32.42076 -1.946119 -2.012236 0.402177 0.438396 -0.444065 -1.198418
8.859528 -32.00105 32.42076 3.004725 2.763763 3.34841 4.342652 2.179841 1.460661
6.859528 -32.00105 32.42076 0.826465 0.130486 1.685955 1.80683 1.313968 0.251711
6.859528 -34.00105 32.42076 1.704695 1.290585 1.134111 1.76104 0.328471 -0.467761
10.85953 -26.00105 34.42076 1.685401 1.245682 -1.348349 0.060641 -0.411855 0.986561
10.85953 -28.00105 34.42076 0.881608 0.854603 -1.075767 0.494159 -0.423461 0.182611
8.859528 -28.00105 34.42076 2.909592 1.2898 -1.309669 0.177648 0.120675 0.061941
6.859528 -32.00105 34.42076 1.674274 1.917851 1.630413 4.23786 0.993729 0.365265
