9.824318 -21.30853 0.086479 -1.271865 -0.266119 -1.245544 -0.208194 -2.891719 -2.170125 -1.939977 -1.962499 -0.100968 -1.737605 -0.475581 -1.297956
11.82432 -23.30853 0.086479 -0.341657 4.664485 -1.583412 2.666305 0.238201 -0.42507 -1.783417 -1.121068 -2.900448 0.885495 -3.11037 2.695854
9.824318 -23.30853 0.086479 -2.258275 1.280712 -0.628854 -0.88932 -3.235402 -2.126436 -2.79895 -0.797586 -1.068944 -0.294889 -0.881684 0.953387
7.824318 -23.30853 0.086479 -1.540294 0.7643 -0.545847 0.928498 -2.436643 -2.320517 -1.138378 -0.591026 -0.635388 2.714346 -0.257422 -0.197967
9.824318 -25.30853 0.086479 -1.255871 3.40006 -1.299985 4.931091 -1.493435 0.519277 -1.911592 0.208506 -0.908639 0.435921 -1.804243 1.493658
7.824318 -21.30853 2.086479 1.100316 0.064938 0.948176 1.56671 0.188288 0.761293 -0.313922 -0.63942 -0.12434 -1.204699 -1.618692 1.802327
11.82432 -23.30853 2.086479 -2.8873 2.426985 -3.962085 3.404243 -1.293271 1.285128 -1.192982 0.165212 -3.360337 -0.419977 -4.678776 0.198105
9.824318 -23.30853 2.086479 -3.788471 1.12241 -3.455812 -2.132169 -4.622911 1.18459 -2.677252 0.182357 -1.041245 -1.126145 -4.950586 0.399139
7.824318 -23.30853 2.086479 -2.866777 0.401368 -0.235332 0.057816 -2.827121 -1.569793 -1.600834 1.775839 -0.456518 2.436758 -3.651342 0.391915
5.824318 -23.30853 2.086479 -2.225159 0.929237 0.18499 0.97892 -3.141672 -1.249395 -2.407472 -0.319247 -1.062993 1.434164 -4.841083 -1.052447
-8.175682 -23.30853 2.086479 -4.230561 2.024571 -3.527163 6.612878 -1.159678 6.756807 -5.971036 -2.14755 -5.752546 0.001819 -6.922893 -7.091878
-10.17568 -23.30853 2.086479 -3.231277 0.018158 -5.590237 4.594493 -1.765713 4.834852 -3.73111 0.369964 -2.059635 0.442668 -3.058976 -1.660891
9.824318 -25.30853 2.086479 -4.226765 -0.503975 -5.498927 3.147467 -4.169395 -1.668291 -3.409709 -1.490643 -3.194059 -3.370421 -5.563694 -2.2506
7.824318 -25.30853 2.086479 -6.802406 2.927704 -6.568072 -0.625873 -5.693146 -1.816068 -2.902147 0.428622 -2.371532 -0.172604 -5.872042 -0.828231
-10.17568 -25.30853 2.086479 -2.343348 -0.476773 -6.414376 0.261972 -1.816571 1.656028 -4.851806 -2.3317 -3.917539 -1.600742 -4.76559 -5.6636
-8.175682 -21.30853 4.086479 -1.507718 -2.405515 -1.230411 -1.399759 0.845276 -2.677787 -0.668273 -1.213112 0.741806 0.596877 -0.679932 -3.003203
-10.17568 -21.30853 4.086479 -0.089272 0.77476 -1.269929 -0.251187 3.719893 0.502266 -0.722783 -0.702222 1.230166 1.51017 0.197247 -0.915563
9.824318 -23.30853 4.086479 -0.02399 -0.371088 -2.230425 -1.671298 0.47572 3.805835 -2.769374 -1.218047 -1.410372 -2.78902 -4.373212 0.323773
7.824318 -23.30853 4.086479 -0.936163 0.61015 0.328683 0.28741 -1.082575 0.704357 -2.43643 0.272642 -2.372942 0.141319 -5.110835 -1.195028
5.824318 -23.30853 4.086479 -2.409819 0.07435 -2.3074 0.343192 -4.39413 0.936157 -2.679919 -0.96206 -4.05667 -2.223204 -4.969217 -3.921684
-6.175682 -23.30853 4.086479 -3.027796 2.15609 -2.480569 3.166624 -2.802129 2.490188 -3.188436 0.729622 -0.500127 -1.280417 -1.29704 -2.408416
-8.175682 -23.30853 4.086479 -2.321327 -3.050733 -3.192314 -1.873029 -0.838053 2.453494 -1.505438 -2.613973 -0.305338 -0.604857 -1.562688 -4.236272
-10.17568 -23.30853 4.086479 -0.046389 -1.737646 -3.193419 -2.204525 0.611694 1.877845 -1.909622 -2.736404 0.51387 -0.944176 -0.830745 -1.409049
11.82432 -25.30853 4.086479 0.510407 -2.417753 -2.35134 -0.505965 0.375069 -3.337947 0.301938 -2.449005 -2.666165 -2.328372 -1.335895 -1.62818
9.824318 -25.30853 4.086479 -1.34322 -2.763255 -4.470266 -3.410427 -3.507683 -1.156444 -4.970474 -3.060645 -4.32722 -6.153118 -5.754339 -3.05622
7.824318 -25.30853 4.086479 -5.634277 1.244434 -6.28784 -1.767867 -6.208117 1.36102 -6.871729 -0.35873 -4.562463 -1.417617 -7.402877 -0.450876
-10.17568 -25.30853 4.086479 -0.866388 -4.14457 -3.088595 -3.543902 -2.122707 1.068943 -3.072039 -3.326862 -0.937864 -1.995444 -2.284265 -3.440876
-12.17568 -25.30853 4.086479 -1.061557 -2.078858 -2.460746 -6.223562 -0.361312 0.264002 -0.885714 -0.555323 -0.183717 -2.029785 -1.08306 -2.292266
-12.17568 -27.30853 4.086479 -1.359702 -2.030356 -3.386672 -1.777587 -1.62839 -0.27369 -0.757405 -0.507437 -0.135593 0.467194 0.085021 -0.974155
9.824318 -21.30853 6.086479 -0.105327 1.621655 -2.296763 3.407177 -0.634442 2.362806 -4.145784 -2.587749 -1.123309 -0.32704 -1.577362 -1.465062
-8.175682 -21.30853 6.086479 0.924687 -0.971939 -0.918227 -2.03501 2.801366 -4.719234 -1.381817 -1.376119 1.090145 0.410822 -0.183124 -2.804635
11.82432 -23.30853 6.086479 -0.602515 -1.243528 -1.105602 -2.108543 4.38958 0.310837 0.578566 -5.36797 -0.230568 -4.116486 -0.195461 -0.573945
9.824318 -23.30853 6.086479 0.654005 -0.11243 -2.536463 0.629026 1.781081 2.186096 -1.901448 -3.74773 -1.10166 -2.449288 -1.899713 -1.447515
7.824318 -23.30853 6.086479 -0.916203 1.11775 -1.571702 -0.799263 -1.576869 1.106443 -0.996523 -1.32437 -1.932661 0.794402 -3.49183 -2.100467
5.824318 -23.30853 6.086479 -1.600533 1.297901 -0.916481 -0.760529 -4.179815 1.62936 -0.816293 0.466042 -1.78854 0.609314 -2.527785 -2.928406
-6.175682 -23.30853 6.086479 -1.580976 1.042479 -3.525436 1.31829 -2.267239 -0.668876 -4.059503 -1.062016 -0.575698 -1.378733 -0.72712 -3.270388
-8.175682 -23.30853 6.086479 -0.995696 -2.44377 -1.421729 -4.864471 0.004102 -4.096479 -2.805184 -3.456733 0.709048 -1.378088 -2.009529 -4.293832
-10.17568 -23.30853 6.086479 0.70544 1.335576 0.779349 -0.095149 0.985204 0.445174 -1.018607 -0.101212 2.026912 -1.459567 -0.705865 -0.722567
11.82432 -25.30853 6.086479 -1.732731 -0.163983 -1.291453 -4.320254 -0.781554 -0.743697 0.034943 -2.241144 0.026697 -1.849546 -1.815372 -1.635546
9.824318 -25.30853 6.086479 -1.141939 0.604425 -1.584817 -3.339952 -1.27287 -1.314888 -2.885365 -1.073666 -2.228052 -1.650396 -2.349577 -2.808565
7.824318 -25.30853 6.086479 -5.183363 0.549939 -5.347448 -2.658983 -5.60968 0.408093 -5.520478 -1.973294 -4.018222 -0.762751 -5.230554 -1.220625
-8.175682 -25.30853 6.086479 0.027693 -4.810472 -0.682536 -4.859809 -0.275217 0.271441 -1.873978 -4.160327 -1.292089 -2.333954 -1.959874 -4.169421
-10.17568 -25.30853 6.086479 -0.300653 -1.181341 1.444066 -0.549293 -0.169812 1.516687 -3.213236 -2.688049 0.438198 -2.703638 -2.182766 -1.065428
-12.17568 -25.30853 6.086479 -1.36227 1.085505 1.101778 -0.13912 1.747155 -1.032942 -1.409979 0.036877 1.253821 -0.580943 0.256479 0.051839
-10.17568 -27.30853 6.086479 -2.206581 -2.080414 -1.868878 -1.140556 -2.814674 -0.057398 -3.472712 -2.501502 -1.69412 -1.91001 -4.027895 -2.844868
-12.17568 -27.30853 6.086479 -3.07759 -0.036647 -2.418085 -1.589707 -2.955181 -2.937606 -2.259667 -0.489537 -0.286222 0.37486 -1.422575 -0.474219
-12.17568 -29.30853 6.086479 -3.38 -1.282424 -4.707377 -2.517111 -5.834338 -1.585746 -5.053859 -0.613852 -0.757054 -0.328657 -1.744847 -0.39754
-8.175682 -19.30853 8.086479 2.267561 1.163756 -1.874643 -1.233543 0.30292 0.257734 0.139611 4.139313 1.252782 3.454688 1.309938 1.683072
9.824318 -21.30853 8.086479 1.592699 2.356207 1.431201 2.130136 4.973683 4.057457 -0.309165 -0.383101 -0.347171 1.475277 -0.373218 -2.649482
7.824318 -21.30853 8.086479 2.08314 -0.503562 1.671247 -3.721004 3.924944 -0.458996 1.052612 -0.991756 -0.209707 0.927235 -1.705627 -3.357872
-8.175682 -21.30853 8.086479 1.292122 1.736128 -2.818298 1.141207 1.324071 1.849928 -2.382255 3.460157 0.050926 2.344411 -1.400567 1.103355
-10.17568 -21.30853 8.086479 0.3177 1.163391 -1.481416 -0.08414 -2.246796 -0.361616 -0.450065 4.912881 0.801347 3.15313 -0.353535 1.027026
11.82432 -23.30853 8.086479 0.590644 1.212815 1.028935 0.160116 6.111979 0.020124 1.43395 -0.830332 0.090631 -0.332626 -0.47241 1.526504
9.824318 -23.30853 8.086479 1.331335 0.924632 -0.96415 2.650174 4.615444 3.579465 1.390907 -1.03505 -0.584992 0.790719 -1.374648 -0.231364
7.824318 -23.30853 8.086479 0.429317 1.254871 -0.044124 -0.246038 0.771993 2.322666 2.835854 2.158879 0.452121 2.951022 -0.666894 1.053826
5.824318 -23.30853 8.086479 0.598942 6.754735 3.72991 4.25363 0.325397 4.907492 -1.08335 2.139096 1.210507 2.612442 0.901523 1.289314
-6.175682 -23.30853 8.086479 -2.057252 1.263212 -5.028271 1.689064 -2.344861 0.969953 -2.554465 -2.14026 -1.527078 -0.853623 0.263081 -4.165233
-8.175682 -23.30853 8.086479 -2.154573 -0.915088 -2.718048 1.546986 -1.177755 -0.133051 -2.556314 -0.274823 -1.467829 -0.361307 -3.529393 -0.150522
-10.17568 -23.30853 8.086479 -1.575769 2.110593 -2.227436 4.590829 -1.427803 2.847533 -1.398418 3.369545 0.302767 0.600038 -2.236962 1.717548
11.82432 -25.30853 8.086479 -1.157753 1.658613 -0.135464 -2.780021 1.752762 0.22401 0.393517 0.68223 0.037661 -0.094638 -2.579056 0.836744
9.824318 -25.30853 8.086479 -1.874976 1.954475 -1.729302 0.177827 0.305032 2.127125 -0.884721 1.249767 -0.795788 2.487208 -2.020559 0.312879
-8.175682 -25.30853 8.086479 -2.44431 -2.574492 -1.230967 0.699995 -2.509852 1.503065 -0.196496 -2.993299 -1.617396 -1.558679 -1.638581 -0.887297
-10.17568 -25.30853 8.086479 -4.179017 2.289226 -0.963997 5.704971 -1.814474 3.317753 -2.906329 0.813498 -0.179951 -0.268858 -2.200418 1.515601
-12.17568 -25.30853 8.086479 -5.123576 5.288074 -2.86996 4.419697 -1.198299 1.928275 -1.907208 3.334137 1.005416 1.819985 -0.034217 1.435019
11.82432 -27.30853 8.086479 -0.885461 0.285443 -1.73437 -3.101894 -4.691506 1.887649 -2.174792 0.153084 0.089183 -1.267231 -2.53681 1.757138
9.824318 -27.30853 8.086479 -2.845269 1.847748 -0.545131 -3.210097 -3.951293 1.943244 -3.564487 1.608539 -0.729688 1.253765 -2.332923 1.577362
-12.17568 -27.30853 8.086479 -3.707292 2.74616 -3.765476 0.597958 -1.867733 -0.575327 -2.527013 1.499884 -0.212355 2.612095 -0.827197 0.899976
-12.17568 -29.30853 8.086479 -3.995863 -0.221545 -3.086728 -1.596508 -3.120924 -0.462724 -2.876182 -2.049904 -0.389145 0.602787 -2.620071 0.791937
-8.175682 -19.30853 10.08648 2.324161 2.880836 -2.094192 1.6679 2.036311 3.431176 0.459024 3.440874 1.154404 1.843699 2.697114 2.309636
-6.175682 -21.30853 10.08648 -0.611757 4.668005 -2.931369 1.675259 2.956921 4.788337 -2.343565 3.431568 -0.772021 2.315453 1.142063 0.410621
-8.175682 -21.30853 10.08648 0.07552 4.159042 -4.567538 2.012077 2.483765 3.440824 -3.3314 4.818881 -1.033736 1.505227 -0.363801 3.545101
-10.17568 -21.30853 10.08648 0.894097 3.496776 -3.257608 1.273751 -0.253031 0.80794 -0.757654 4.850117 -0.5484 1.803824 -0.122173 2.45833
-6.175682 -23.30853 10.08648 -2.473947 1.007252 -5.069695 0.907302 0.198908 1.816165 -2.339355 0.522436 -2.749213 1.092028 -0.466154 -1.826575
-8.175682 -23.30853 10.08648 -2.213691 0.689297 -4.155379 0.660796 0.089343 0.579004 -3.291098 2.481395 -2.803145 -0.497644 -2.389034 1.922809
-10.17568 -23.30853 10.08648 -0.151558 2.281767 -3.142577 0.909521 0.436164 2.342292 -1.318776 3.805438 -1.538291 -0.234928 -1.642337 1.777902
11.82432 -25.30853 10.08648 -2.365807 4.153075 -3.261875 -1.324747 -3.080487 -0.578426 -1.429667 0.763984 -1.067778 1.422347 -2.662619 2.931824
-8.175682 -25.30853 10.08648 -2.280467 -0.97493 -2.005009 -0.769787 -1.035064 1.150298 -1.040065 -0.903957 -0.903251 -1.541026 -0.192876 -1.06205
11.82432 -27.30853 10.08648 -2.378712 4.364762 -4.620562 -0.036327 -5.52588 1.775729 -4.026339 0.175101 -2.072469 1.974898 -4.251238 2.599023
9.824318 -27.30853 10.08648 -2.751299 2.894729 -1.237581 -1.412511 -1.759249 1.554387 -2.728109 2.055725 -0.352005 3.016425 -1.834833 2.175465
-8.175682 -27.30853 10.08648 -2.877842 0.756706 -3.632023 -0.238624 -1.091146 3.124076 -0.153753 -0.923087 0.258363 -0.874844 1.369888 -2.202192
-10.17568 -27.30853 10.08648 -3.42178 0.293116 -3.094742 1.290931 -0.820502 3.579387 -0.740066 1.490525 -0.687156 1.836242 0.036563 -0.192842
11.82432 -29.30853 10.08648 -1.468815 0.989029 -3.118979 0.585567 0.484961 2.397222 -5.008638 -0.787494 -1.089376 1.482589 -2.951973 0.652255
-8.175682 -29.30853 10.08648 -4.949979 0.460764 -3.413158 -0.65994 -1.942752 2.189117 -2.257794 -1.077371 -0.996616 -0.06889 -0.545287 -1.812133
-10.17568 -29.30853 10.08648 -5.727594 1.077186 -2.989015 -0.053636 -0.444469 1.777748 -1.728388 -0.439133 -0.88136 0.972022 -2.061926 -1.738824
-12.17568 -29.30853 10.08648 -5.493639 1.853654 -2.59874 0.687715 -0.783233 1.046888 -1.856766 -0.438152 0.281791 2.266728 -2.985226 0.26512
-6.175682 -21.30853 12.08648 1.140034 3.983476 -0.412756 2.259197 2.971745 2.909742 0.122303 -0.099904 0.148278 -0.796804 1.070606 1.316152
-8.175682 -21.30853 12.08648 3.214368 3.665784 -0.453201 2.787971 4.476637 1.732334 -1.519377 -0.144495 -0.141182 -1.270287 0.385033 0.121867
-10.17568 -21.30853 12.08648 0.895359 2.400092 -1.430967 0.621004 2.523086 0.556371 -1.519777 0.005494 -0.758743 0.389641 -0.677197 -0.72351
11.82432 -23.30853 12.08648 -0.510434 -0.569179 -3.285347 -2.461049 -2.796616 -0.169434 -0.551416 -1.497685 0.120249 -2.790625 -1.015186 -0.283543
-6.175682 -23.30853 12.08648 -0.845338 -1.319851 -2.023189 2.906928 0.965536 3.394473 -0.354017 0.472729 -0.924001 0.249413 1.301065 0.130049
-8.175682 -23.30853 12.08648 -1.278454 -0.638013 -3.579578 0.941542 0.724005 0.736472 -1.690142 2.717782 -1.736306 -0.35404 -0.222401 0.058002
-10.17568 -23.30853 12.08648 -1.814946 0.187783 -2.152301 -2.397201 0.369798 1.227571 -1.404834 0.88334 -1.400716 0.230431 -0.762465 -1.643134
13.82432 -25.30853 12.08648 -0.745499 -1.571976 -5.69686 -0.2633 -2.741207 1.222095 -3.346339 -1.991094 -3.122283 -2.273546 0.441572 -1.540769
11.82432 -25.30853 12.08648 -1.183906 -0.198514 -6.900681 -0.996546 -4.620433 -0.096796 -2.870047 -2.020784 -2.537353 -3.375504 -1.535436 0.437913
-6.175682 -25.30853 12.08648 1.343635 -2.914222 -0.439238 -0.941877 1.073382 1.82081 0.257286 -0.161489 0.323972 -0.510725 1.696152 -0.040723
-8.175682 -25.30853 12.08648 -1.354874 -1.367499 -1.581352 -2.673047 -1.402914 0.892847 -1.043853 0.131308 -0.780866 -0.65877 1.689751 -1.20278
-10.17568 -25.30853 12.08648 -1.870028 -1.125201 -1.61309 -0.13386 -0.681212 2.572009 -1.180178 -0.357478 -1.022948 -0.082109 0.691256 -2.210498
13.82432 -27.30853 12.08648 -1.743476 -0.143741 -5.117278 1.890762 -1.871917 1.886368 -2.803128 -4.395387 -3.326221 -1.332547 -1.084157 -2.16942
11.82432 -27.30853 12.08648 -0.794059 -0.821544 -6.147492 1.175042 -2.164069 0.466854 -2.738015 -2.841957 -3.316042 -1.300919 -2.449553 -0.703724
-6.175682 -27.30853 12.08648 1.90892 0.088626 -1.731865 -1.147569 -0.655896 1.406682 -1.508531 0.15665 0.747681 -0.275657 1.043926 2.096489
-8.175682 -27.30853 12.08648 -0.638842 2.432067 -1.872187 -2.846461 -0.71082 1.07954 -0.75587 -1.2074 -0.309788 -1.210251 1.695347 0.139889
11.82432 -29.30853 12.08648 -2.258269 -0.950025 -5.889811 2.657063 -0.422683 2.041136 -3.495332 -2.498866 -1.95151 0.098314 -1.711971 0.106459
-6.175682 -29.30853 12.08648 0.011858 0.175335 -0.127954 -3.691209 -0.923387 2.828813 -1.145848 -0.174267 0.096486 -2.10546 0.574467 3.293002
-8.175682 -29.30853 12.08648 -2.695686 0.325748 -0.658473 -2.572573 -0.858162 1.912935 0.177727 -0.735946 -0.438665 -1.551 0.012918 0.642142
-10.17568 -29.30853 12.08648 -2.444124 0.381295 -1.881137 0.765541 -1.978486 1.959743 0.013328 -0.435072 -0.956581 -0.157709 -1.820427 -1.396348
-6.175682 -31.30853 12.08648 -1.74696 -0.477232 -0.555503 -2.684205 -0.653531 2.244499 -1.337106 2.574023 -0.039526 -2.167845 -0.316333 1.461072
-8.175682 -31.30853 12.08648 -4.066795 0.035092 -1.042713 -3.492782 -1.682321 2.650666 -2.856659 1.927032 -1.024284 -2.81312 -1.221207 -0.178088
-10.17568 -31.30853 12.08648 -3.594445 2.086788 -1.110995 1.826277 -1.944264 1.905 -1.638559 1.066194 -0.525411 -0.886061 -1.467538 0.800788
-6.175682 -33.30853 12.08648 -4.690027 1.115744 -6.236586 0.112021 -6.809724 5.365264 -8.51472 2.551278 -2.783259 -0.108604 -4.280267 -1.935643
-8.175682 -33.30853 12.08648 -6.159046 1.366122 -3.559126 -0.959491 -7.288931 3.954762 -9.177852 1.599513 -3.613976 -1.61336 -5.816261 -1.121358
-10.17568 -33.30853 12.08648 -3.117941 2.210925 -0.43352 1.171027 -0.781176 3.237205 -2.544026 2.113762 -0.887978 0.14162 -1.591649 1.754753
-4.175682 -35.30853 12.08648 0.026909 -1.370438 -3.480481 5.250412 -1.070465 2.542363 -4.722482 -0.182927 -2.131312 0.372819 -0.171088 -2.309778
-8.175682 -21.30853 14.08648 1.910406 2.624483 -2.047227 -0.645634 0.693316 1.822955 -3.29363 -0.143102 -0.414577 -0.496031 -1.007463 -1.248359
-10.17568 -21.30853 14.08648 -0.76104 0.857291 -5.522543 -3.376071 1.825992 0.684783 -4.255648 0.013812 -1.07145 1.475405 -1.379292 -1.405644
13.82432 -23.30853 14.08648 -0.6565 -1.296362 -3.338176 -2.523111 -1.340726 0.508473 -0.281694 -0.349167 -1.510856 -3.082306 -0.419656 1.023374
11.82432 -23.30853 14.08648 0.208377 -1.501765 -4.090963 -3.589892 -2.032632 -0.459979 -1.384207 -1.528353 -1.487199 -3.21883 -1.601158 0.307036
9.824318 -23.30853 14.08648 -0.24354 -2.877395 -4.127586 -4.214263 -2.398017 -2.565943 -2.841272 -1.029037 -1.024054 -2.460127 -2.351147 -1.508243
-8.175682 -23.30853 14.08648 -2.753511 -1.525068 -5.439156 -2.51479 -2.681346 0.988161 -3.525002 0.98477 -1.899135 -0.143439 -2.294159 -0.813687
-10.17568 -23.30853 14.08648 -3.157638 -1.947043 -7.601995 -6.315894 -2.420645 1.250939 -3.965046 -1.224309 -1.847841 -0.610477 -1.790545 -3.354773
-12.17568 -23.30853 14.08648 -1.577141 -1.122492 -5.046561 -5.014248 -3.061575 0.99976 -2.075441 -0.849368 -0.38122 -0.099288 0.774905 -2.496007
13.82432 -25.30853 14.08648 -0.847983 -5.019878 -6.892679 -4.788199 -4.253772 -1.480153 -4.28554 -3.220784 -2.073213 -3.790222 -1.773376 -2.107115
11.82432 -25.30853 14.08648 -2.72332 -4.712348 -8.882968 -2.835983 -5.437977 -2.398863 -5.450054 -3.352484 -1.919361 -4.991721 -3.081199 -0.241179
9.824318 -25.30853 14.08648 -3.319663 -5.219046 -9.08057 -3.68561 -5.311007 -4.372358 -5.480037 -1.544101 -1.205009 -3.914774 -3.115762 -0.867476
-8.175682 -25.30853 14.08648 -2.782237 -3.580984 -4.799097 -5.662781 -6.251336 0.034153 -2.39335 -4.651235 -2.451785 -2.428113 -1.962009 -4.118399
-10.17568 -25.30853 14.08648 -3.789449 -4.07947 -8.260097 -6.883811 -6.761374 0.861966 -4.08982 -5.338469 -1.938533 -4.268846 -2.34656 -6.122499
-12.17568 -25.30853 14.08648 -1.275196 0.937153 -5.880326 -1.150396 -2.485866 2.339206 0.0933 -0.739135 -0.073161 -0.63153 -0.473755 -2.108525
11.82432 -27.30853 14.08648 -2.652667 -6.077846 -6.55902 -3.891181 -2.276716 -0.57735 -2.265334 -4.521914 -1.316491 -3.181576 -1.348879 -2.133019
-8.175682 -27.30853 14.08648 -4.143777 -0.661577 -6.526538 -3.5426 -4.776491 -0.337795 -2.859118 -5.105422 -2.077865 -3.304231 -3.305786 -4.359904
-10.17568 -27.30853 14.08648 -4.518562 -1.857816 -6.792346 -4.220278 -6.484567 -0.111944 -3.342885 -5.096673 -1.46985 -3.028837 -3.159746 -4.610337
-6.175682 -29.30853 14.08648 -1.97191 -5.480698 -3.539181 -5.489447 -2.495268 -2.850651 -1.28608 -3.163521 -1.860812 -5.678258 0.830723 -2.012336
-8.175682 -29.30853 14.08648 -6.037813 -3.502485 -2.854116 -5.526424 -3.799047 -1.389203 -1.140661 -3.283818 -1.909119 -4.473326 -2.367415 -2.954863
-10.17568 -29.30853 14.08648 -3.15056 0.724955 -2.099678 -0.696483 -3.412654 1.929973 -1.18737 -1.928271 -1.461063 -1.749478 -2.922466 -1.715467
-6.175682 -31.30853 14.08648 -0.347327 -5.413771 0.082954 -4.858358 0.56435 -2.3426 1.0114 -0.553336 -0.216782 -2.859785 2.920678 0.72019
-8.175682 -31.30853 14.08648 -1.376548 -1.593449 0.090811 -4.647774 -0.723648 0.177424 0.801747 -1.607857 -0.37238 -2.048478 0.720237 -0.053486
-4.175682 -33.30853 14.08648 0.443563 0.663874 -2.860513 -0.348812 0.594824 -1.773503 -1.123576 2.748102 -0.051861 0.776955 1.861795 1.383257
-6.175682 -33.30853 14.08648 0.69764 -1.186737 -2.029272 -3.452291 -1.026694 -0.705607 -2.278934 1.390724 0.318433 -0.430801 1.600416 1.578622
-8.175682 -33.30853 14.08648 -0.521747 0.102011 -1.021235 -1.555069 -2.579158 1.594258 -2.435742 -1.248421 -0.477012 -1.115137 -0.131208 0.784759
-8.175682 -35.30853 14.08648 -0.062582 1.31516 0.764193 1.632598 -1.656138 2.233049 -1.519997 -0.769602 -0.507058 -1.339274 -0.806779 -0.527678
13.82432 -23.30853 16.08648 1.047413 1.498952 -0.422197 -3.677104 -0.18904 -0.634445 -1.066155 -0.06271 -1.210473 -0.978558 0.549713 0.712939
11.82432 -23.30853 16.08648 0.213128 0.636226 -0.568015 -3.795124 -1.579853 -1.154027 -2.01326 -0.856697 -1.010664 -0.486239 -0.189818 0.237105
13.82432 -25.30853 16.08648 -0.703888 -1.261204 -4.375962 -4.466846 -2.826621 -2.169669 -3.480206 -1.528056 -1.667689 0.630891 -3.402862 -1.567668
11.82432 -25.30853 16.08648 -3.191599 -0.94051 -4.85518 -2.558769 -6.891398 -2.852927 -4.681503 -1.928614 -1.667496 -1.18459 -4.612128 0.743137
-12.17568 -25.30853 16.08648 -3.244555 -0.025661 -5.397913 -4.247492 -3.837525 -0.357418 -3.391289 -1.245805 -1.734702 -2.405014 -0.477324 0.643368
13.82432 -27.30853 16.08648 -3.684303 -3.234783 -4.816858 -3.296306 -5.698436 -1.398703 -2.477194 -3.342959 -1.243373 -0.762456 -2.646446 -3.630512
11.82432 -27.30853 16.08648 -4.985711 -2.488186 -6.645972 -4.029875 -6.384219 -1.720757 -2.928324 -3.848291 -1.868618 -1.939178 -2.882277 -1.877434
9.824318 -27.30853 16.08648 -4.19517 -0.874345 -6.78595 0.223534 -3.931775 -0.732377 -3.118207 -3.097306 -2.646898 -2.645904 -1.749055 -1.173983
-10.17568 -27.30853 16.08648 -4.233264 -1.473373 -6.510995 -4.929932 -5.922938 -3.254659 -4.206253 -2.743656 -2.803644 -0.902543 -3.413465 -1.131605
11.82432 -29.30853 16.08648 -3.026256 -2.218145 -6.376027 -3.908265 -3.539394 -1.044442 -0.803094 -3.476912 -1.881714 -2.053394 -1.465623 -1.577365
9.824318 -29.30853 16.08648 -1.735544 -1.815932 -5.366703 0.34907 0.419146 -1.202084 -1.74349 -3.333873 -2.283905 -2.321421 -0.737193 -0.343716
11.82432 -31.30853 16.08648 -0.494313 -0.215547 -4.921562 1.288262 0.683384 2.423376 1.019679 -2.998608 -1.102764 -1.456465 -0.699343 -1.476859
13.82432 -25.30853 18.08648 0.397326 0.659009 0.437271 1.305782 0.765834 -1.815851 -1.268907 0.243191 -2.192216 3.24456 -1.933277 2.293948
11.82432 -25.30853 18.08648 -1.503618 1.686404 -2.182557 -0.585218 -2.927806 -1.949398 -3.131031 -0.358708 -2.967176 0.502032 -4.438542 1.977798
13.82432 -27.30853 18.08648 -1.360371 -2.212174 -2.038581 -0.964211 -2.335805 -3.462622 -0.736828 -1.513449 -2.772267 1.213037 -3.111794 -1.801172
11.82432 -27.30853 18.08648 -2.495946 -1.128234 -3.976028 -2.390216 -4.658136 -1.523893 -2.070841 -3.711806 -3.065152 -2.92923 -4.110874 -3.354657
9.824318 -27.30853 18.08648 -2.960849 0.170061 -7.925964 -0.671407 -5.100484 1.277165 -2.215657 -3.465488 -3.70552 -4.39969 -3.661457 -3.290019
13.82432 -29.30853 18.08648 -0.398456 -1.292415 -4.340522 -2.397079 -1.113719 -4.221957 -1.252075 -1.728628 -1.29196 -0.521043 -1.968633 -2.072583
11.82432 -29.30853 18.08648 -0.7401 -2.898517 -5.755624 -3.692811 -2.50535 -1.657132 -3.533146 -4.931528 -2.701968 -4.013072 -4.039727 -4.970922
13.82432 -31.30853 18.08648 -0.797413 -0.206547 -3.387926 0.171893 1.818758 0.075913 1.171788 -1.384623 0.302824 -0.998655 0.652725 -2.686764
11.82432 -31.30853 18.08648 0.946507 1.054409 -2.896933 1.149588 3.619925 5.033641 -1.148172 -2.854877 -1.223205 -1.967222 -0.246077 -3.166967
11.82432 -25.30853 20.08648 -1.442941 1.991454 0.590398 1.560568 1.718435 -0.206431 -0.961301 -0.62649 -0.710472 1.238527 -0.436628 2.168444
11.82432 -27.30853 20.08648 -3.774355 1.492014 -1.822081 0.735966 -1.75951 1.175389 -1.020274 -0.193772 -0.879227 1.727096 -1.974359 -1.657025
13.82432 -29.30853 20.08648 -3.672066 1.008203 -3.052988 0.59861 -0.672654 -1.762037 -0.820637 0.524568 -1.288738 0.109211 -3.390388 0.054636
11.82432 -29.30853 20.08648 -4.099612 -0.184484 -5.164277 0.779254 -2.081975 0.079363 -2.335943 0.293286 -0.889423 -0.066252 -3.62253 -2.790235
