-1.759506 -31.27403 -4.262772 -2.780873 1.625199 -2.76352 -0.207841 -1.435526 -2.49333 0.960536 -2.544393 2.342762 -2.119972 1.099638 2.360551
-3.759506 -31.27403 -4.262772 -1.619662 1.398284 -4.370147 3.272108 -5.693045 -0.893276 0.358365 2.618109 1.245734 0.562653 1.873141 2.236247
-3.759506 -33.27403 -4.262772 -2.398395 0.211714 -3.48697 0.130767 -5.245488 -0.95639 0.988325 -0.008598 0.231543 -0.419922 1.072301 1.755297
10.24049 -31.27403 -2.262772 3.336861 3.504553 3.679857 3.137887 1.265767 -0.238633 -1.468859 -2.635287 2.93552 1.75629 1.84301 -0.656214
-1.759506 -31.27403 -2.262772 -0.240308 0.214558 3.247805 -0.129352 -1.438158 -2.76115 -0.30993 -1.367539 0.59031 -2.490427 3.763558 -1.859259
-3.759506 -31.27403 -2.262772 0.366242 -1.900331 0.296899 3.416955 -1.675501 -3.016467 -0.510551 1.759082 -1.802256 -0.486285 4.232896 -1.447541
10.24049 -33.27403 -2.262772 3.504889 4.585232 2.994841 4.344347 0.885582 4.28343 -0.318902 -1.2532 5.414374 3.826334 1.643697 0.240786
-3.759506 -33.27403 -2.262772 -0.409226 -2.409669 -1.763339 1.471247 -3.21142 -1.578507 0.07658 -0.012975 -3.125533 -1.456855 1.557785 -0.691807
-3.759506 -35.27403 -2.262772 -1.129006 -0.549201 -4.028968 0.176747 -2.272519 -0.114632 1.179813 0.222351 -1.921226 -1.009169 -2.090943 -0.317514
12.24049 -31.27403 -0.262772 2.846734 4.250682 5.474997 0.95779 2.472881 3.088248 0.442465 -1.78442 2.153656 -0.618067 1.775318 1.516278
10.24049 -31.27403 -0.262772 2.151899 1.48891 3.268324 0.461104 0.403799 -0.144334 0.48743 -0.813545 1.498316 -0.04337 0.797291 -0.422228
6.240494 -31.27403 -0.262772 5.170353 0.150287 5.643899 0.353282 -0.232913 2.244428 1.413828 0.186099 2.071064 2.0863 5.095423 1.26199
0.240494 -31.27403 -0.262772 2.386501 -0.241594 2.229153 -0.304574 0.036684 -2.277526 -0.156943 0.486673 -0.367724 -1.550555 1.470053 -1.133584
12.24049 -33.27403 -0.262772 3.667843 5.617441 8.707315 3.667852 0.691133 5.673699 0.428642 -0.689898 4.776787 -0.772098 1.407406 1.27647
2.240494 -33.27403 -0.262772 2.371801 0.298562 3.938762 1.10499 2.381974 -1.45656 1.002923 -2.353321 -0.863305 -2.715879 1.944413 -0.157806
0.240494 -33.27403 -0.262772 2.770184 1.297092 3.853929 0.368276 0.74875 -0.020518 1.355409 -0.176909 1.015507 -0.770804 3.454508 -0.231427
-1.759506 -33.27403 -0.262772 2.806398 0.318907 5.758239 -0.042934 -1.611222 -0.703355 1.288674 -0.75068 -0.617546 -1.495712 4.013228 -1.270069
-3.759506 -33.27403 -0.262772 3.5423 -2.852876 1.011251 0.293306 0.103479 -1.361207 1.872799 0.230339 -2.629315 -1.578949 2.745996 -2.130856
12.24049 -35.27403 -0.262772 5.122627 7.357629 10.42083 6.439153 0.996504 8.809916 2.291227 2.257094 3.488454 4.451889 1.030908 2.236511
10.24049 -35.27403 -0.262772 1.855623 3.135861 8.170864 4.285286 -0.853333 6.007612 1.485906 3.197965 2.832357 1.658679 -0.075368 1.247888
-1.759506 -35.27403 -0.262772 2.843601 1.610623 4.884027 1.299075 -0.486003 2.010454 1.914201 0.543329 0.359078 0.753557 3.192344 0.844337
-3.759506 -35.27403 -0.262772 3.053097 -0.296037 1.243784 -0.501004 -0.245152 0.610095 2.77461 0.296009 -1.247196 -1.312059 2.112167 -0.797821
-5.759506 -35.27403 -0.262772 -1.065844 0.65117 -0.349396 -0.450808 -1.365191 0.961536 1.702423 1.233747 -0.758152 -1.565462 -0.031791 -0.629697
12.24049 -31.27403 1.737228 -0.557005 -2.146246 0.432182 -1.618016 -1.035535 -0.783371 0.032096 -3.463051 0.26306 -2.901662 4.853086 -1.151955
10.24049 -31.27403 1.737228 1.813639 -0.809228 2.02652 -1.416253 -0.418867 -1.443024 1.916564 0.137633 -0.184283 -1.056764 2.22991 0.054394
6.240494 -31.27403 1.737228 5.756866 -0.310758 1.695394 -0.76695 0.799177 0.177551 2.153123 -0.420311 1.496876 1.579997 2.900581 -0.272683
4.240494 -31.27403 1.737228 0.604035 -1.0645 1.21402 0.618347 -0.462572 1.71723 0.307425 -2.269077 -0.819795 0.953401 0.860543 -3.509635
0.240494 -31.27403 1.737228 0.952411 -1.235882 1.300428 1.233401 -0.144636 -1.64894 -1.859895 -0.727527 0.800851 -0.434666 0.71278 -1.083701
14.24049 -33.27403 1.737228 -0.553565 1.488008 2.346461 2.730681 0.362329 -1.110732 1.116712 -2.35377 1.354655 -0.692391 1.583015 0.766101
12.24049 -33.27403 1.737228 -1.07118 1.851086 2.129407 2.462408 -2.996218 0.600717 0.724771 -4.070181 0.728941 -0.575157 3.522041 0.83958
10.24049 -33.27403 1.737228 0.142499 0.62099 -0.685196 -0.210462 -0.997403 -0.795719 1.619759 0.330909 0.181807 0.214047 2.979332 -0.079192
8.240494 -33.27403 1.737228 2.698773 -0.189972 1.716236 -0.868572 1.224105 -0.842991 2.688148 -0.131444 -0.93873 0.020277 2.291845 -0.876889
6.240494 -33.27403 1.737228 3.045244 0.018018 2.331007 -2.957811 0.995479 -0.609978 1.564566 -2.052011 -0.265151 -0.827286 2.825383 -0.494963
2.240494 -33.27403 1.737228 -0.181288 -1.061949 -0.809065 -0.488489 -0.518538 -0.24289 -2.086337 -3.742525 -3.859219 -1.856847 0.166255 -3.065771
0.240494 -33.27403 1.737228 0.71489 -0.470945 1.162101 1.862767 0.004704 -0.868089 -0.458032 0.290421 0.044879 0.100635 1.796204 -1.043746
12.24049 -35.27403 1.737228 1.327587 5.639129 5.70536 6.371403 -1.035829 4.255402 1.82021 -2.655076 1.549242 3.357646 2.988968 0.760168
0.240494 -35.27403 1.737228 0.010539 -1.437872 1.758532 0.775177 0.752986 0.358519 0.062751 -1.906427 -0.783056 -1.479699 1.785419 -1.842706
-1.759506 -35.27403 1.737228 1.983258 -1.925448 4.506926 -1.366003 0.522695 0.451342 2.640719 -0.215412 0.631066 -1.881521 2.265888 -0.265333
-3.759506 -35.27403 1.737228 1.489264 0.237911 1.641552 -0.137664 -0.322229 2.187377 1.843173 0.653935 -0.445266 -0.1263 1.278461 0.132364
-5.759506 -35.27403 1.737228 -3.666303 0.704472 -2.058681 0.213071 -2.820038 1.72759 -0.44614 1.471498 -0.758814 1.024956 -0.890713 0.261693
12.24049 -37.27403 1.737228 1.658999 7.874044 7.242578 6.782665 0.263279 7.120962 1.687141 -1.023409 0.927842 4.571694 0.896083 -0.094317
-1.759506 -37.27403 1.737228 1.644586 -0.189234 4.721314 -0.688748 0.948462 2.210905 1.707361 1.032375 1.096771 -0.170732 1.350589 0.388267
-3.759506 -37.27403 1.737228 0.114234 0.981085 2.365743 -0.478306 -1.082056 2.503187 1.516167 -0.157418 -0.670919 -0.258244 1.063287 0.130653
-5.759506 -37.27403 1.737228 -3.770124 0.675449 -0.225021 0.71801 -3.228194 0.971205 -0.846753 0.326454 -2.232748 -0.14821 -0.102437 0.886276
12.24049 -39.27403 1.737228 2.081448 3.836236 7.290395 3.559776 0.4805 5.219035 0.821179 0.616836 1.667965 1.932349 1.365517 -0.569437
-1.759506 -39.27403 1.737228 -0.672063 1.375175 3.362011 0.662868 0.209267 1.273714 -0.759629 1.360423 1.372706 0.442339 0.181657 -0.271965
-3.759506 -39.27403 1.737228 -1.286108 2.32699 4.371424 0.773429 -0.527511 1.607996 0.953736 0.644217 -0.490866 -0.26363 2.010878 -0.307481
6.240494 -31.27403 3.737228 2.966929 2.492045 3.363164 0.858381 3.210992 1.021677 1.18139 0.121582 0.203302 1.867679 1.671204 0.486743
4.240494 -31.27403 3.737228 0.842138 1.024525 3.067098 0.267535 2.621954 0.591384 -0.529883 -4.979279 -1.092663 -0.749316 0.393408 -4.080713
0.240494 -31.27403 3.737228 1.91721 -0.134102 2.425496 0.779227 0.413092 -0.368856 -2.685232 -1.654474 -2.203504 0.173883 1.959929 -1.601561
-1.759506 -31.27403 3.737228 -0.127748 1.045927 0.074162 0.029267 -0.915831 0.471032 -2.10524 -1.933126 -2.262534 -0.906238 0.351012 -1.370321
6.240494 -33.27403 3.737228 2.070668 1.371754 1.919045 -1.425701 1.4654 -0.714075 1.357298 -1.4589 -1.049019 0.113387 2.409156 -1.175855
4.240494 -33.27403 3.737228 1.583903 -0.010244 3.621119 -1.880805 1.97223 0.273128 -0.249517 -5.083462 -0.026398 -2.184198 0.288668 -3.353818
2.240494 -33.27403 3.737228 1.414918 -0.316856 2.733235 -0.480232 0.732496 1.144981 -1.409037 -3.798413 -3.078784 -2.106127 -0.671775 -4.909586
0.240494 -33.27403 3.737228 0.961545 0.662845 1.929892 2.190207 0.563233 1.637334 -1.600833 0.195188 -1.785177 -0.282308 1.052979 -1.540993
12.24049 -35.27403 3.737228 2.739202 5.073268 4.289631 3.656907 1.719067 3.44404 -0.217565 -1.770033 -2.101511 2.646239 2.019047 0.096283
10.24049 -35.27403 3.737228 2.257287 4.726704 4.148402 2.770598 2.069496 1.21359 1.577368 1.371512 -1.43519 0.481297 1.457781 0.435382
8.240494 -35.27403 3.737228 -0.190523 4.600468 -0.445041 2.241358 0.573901 2.065218 1.535543 1.44329 -1.08168 0.067653 -0.459631 0.386063
6.240494 -35.27403 3.737228 0.956346 1.95812 0.260057 -0.707421 1.309991 0.979101 1.118841 -0.947238 0.079613 -1.23538 1.993695 -0.717539
0.240494 -35.27403 3.737228 -0.295973 -0.299032 1.315566 -0.023337 -0.169962 1.864301 -1.092097 -0.857489 -2.131348 -1.462986 -0.898401 -1.340142
-1.759506 -35.27403 3.737228 -1.172363 -0.575281 1.315525 -1.299683 -0.453722 0.878513 0.368278 -2.007968 0.358365 -3.254722 -0.711015 -0.731225
14.24049 -37.27403 3.737228 -0.123319 1.016789 5.509344 1.746743 -1.243781 -0.107949 -2.199796 -1.648342 -0.326644 -0.13969 0.045074 -1.764938
12.24049 -37.27403 3.737228 4.191486 3.308295 13.00291 4.347592 1.5237 3.578772 1.758623 -2.926636 1.831476 0.749454 1.276471 -2.523434
-1.759506 -37.27403 3.737228 -0.398852 0.196069 0.323609 -0.734514 -1.338141 1.991936 1.274965 -2.97659 0.573646 -1.840851 -1.946845 -1.440216
-3.759506 -37.27403 3.737228 -0.165158 -1.132156 -1.587733 -0.238796 -0.791802 0.320216 -0.888976 -2.80203 -0.647234 -0.377208 -2.696548 -2.121056
-5.759506 -37.27403 3.737228 -0.474916 -0.129349 0.148012 -0.299709 -0.371886 -1.348609 -1.581169 -1.547086 -1.457063 -1.094461 -0.546613 -0.733588
12.24049 -39.27403 3.737228 4.525683 1.904583 11.53345 4.837092 0.337171 4.469553 0.478656 -2.154242 2.176956 0.800676 2.838296 -2.554888
-1.759506 -39.27403 3.737228 -2.338907 -0.563454 0.091149 -0.182273 -1.652239 0.468608 0.107591 -1.361652 -0.402189 -1.693722 -2.435511 -1.591046
-5.759506 -39.27403 3.737228 0.274694 0.018445 1.420148 0.809713 -0.395097 -0.422478 -1.410159 -0.68289 -0.978286 -1.324736 0.646483 0.331209
-1.759506 -41.27403 3.737228 -2.061605 0.502008 -0.711194 1.145567 -0.652203 0.445188 -0.068556 -1.829022 0.013995 0.623035 -1.560573 -0.736545
-3.759506 -41.27403 3.737228 -1.723695 0.761028 2.678587 0.789954 -0.102129 0.512984 -0.505348 -1.365626 -0.955654 0.018244 0.995176 -0.673995
-3.759506 -43.27403 3.737228 -1.006449 2.369735 4.709469 3.091557 1.45701 0.745299 -0.977653 -1.64204 -1.265541 0.58985 1.890957 -2.311715
8.240494 -31.27403 5.737228 2.319077 2.69224 0.278366 2.023987 3.285268 0.851116 1.527566 0.445726 2.203436 1.471707 -0.996756 1.540836
8.240494 -33.27403 5.737228 2.774349 2.397012 1.983603 2.536224 2.714267 0.621137 1.493284 -0.854533 -0.495648 0.92966 0.232348 0.444885
6.240494 -33.27403 5.737228 3.581633 2.329077 4.459418 3.188549 3.057251 1.916044 2.95322 -0.254533 0.153803 1.686082 4.000819 0.573217
4.240494 -33.27403 5.737228 1.604134 2.80482 6.509421 2.617824 2.087897 2.947049 0.077479 -5.536353 -0.287 -2.269162 1.01093 -2.847466
0.240494 -33.27403 5.737228 1.877098 1.559958 2.373833 1.497133 0.445174 2.300247 -0.601596 -3.152352 -1.325316 -3.253262 1.219996 -2.212909
-1.759506 -33.27403 5.737228 0.093693 0.545595 0.640821 2.879223 0.034536 3.345784 -1.880625 -2.507167 -1.089994 -2.654797 0.260642 -0.966644
-3.759506 -33.27403 5.737228 -0.928271 0.994283 1.665087 2.114252 -1.146848 2.831475 -1.039929 -1.454453 -0.3426 -1.695864 -0.189618 -1.095061
-5.759506 -33.27403 5.737228 -0.053031 -0.186865 3.185765 0.900771 -1.00352 2.110545 -0.493557 -2.180084 -0.093569 -3.348633 0.389367 -2.768421
6.240494 -35.27403 5.737228 1.720271 0.348084 1.674244 0.844635 0.979865 0.088548 0.576354 -2.136937 -0.386909 -0.518904 1.365874 -0.3553
4.240494 -35.27403 5.737228 1.80415 2.197654 5.505643 0.723106 2.640531 1.471668 0.202944 -3.771803 0.018809 -0.643912 0.527595 -1.296427
0.240494 -35.27403 5.737228 0.12402 0.880553 1.039362 0.938891 -0.922441 0.658959 -1.181757 -0.485498 -1.720546 -0.226047 0.449903 -1.039532
-5.759506 -35.27403 5.737228 -0.718651 0.576062 1.402044 -0.839377 -1.674777 -1.490893 -2.260463 -5.792744 -0.002406 -5.081425 -2.514697 -4.078458
14.24049 -37.27403 5.737228 1.19173 -0.401156 4.467696 -1.673592 0.867051 -2.301037 -1.831289 -2.091557 1.566197 -1.605008 1.242635 -2.24361
12.24049 -37.27403 5.737228 0.825962 -1.083538 7.749385 -1.252131 0.557046 -1.607338 0.439068 -2.305987 2.170613 -1.361748 2.030113 -2.971599
10.24049 -37.27403 5.737228 0.943874 0.150406 5.395954 1.553506 1.538569 0.344368 1.406386 -1.270536 0.076627 0.130895 3.199122 -1.442141
8.240494 -37.27403 5.737228 1.077835 2.254064 2.854382 3.201362 1.40337 2.305953 1.558565 0.143355 -1.749983 2.645764 2.070148 1.226713
6.240494 -37.27403 5.737228 2.500041 1.853046 5.259449 1.190401 3.041914 1.249525 1.776837 -0.89463 -0.025203 1.319116 0.816621 0.505842
0.240494 -37.27403 5.737228 -1.377498 -0.12568 -0.524613 -0.286606 -1.342284 -1.148038 -1.924407 0.015231 -1.622414 -0.390565 -0.892125 -0.157795
-1.759506 -37.27403 5.737228 -0.917553 -0.402689 -1.757763 0.057318 -1.764614 -0.110451 0.222096 -1.567237 -0.445507 -0.658724 -0.556756 -0.847201
14.24049 -39.27403 5.737228 0.929372 1.256247 4.615962 0.669551 0.792547 -1.089211 -2.084885 -1.499492 0.539501 -1.434477 1.984513 -0.406625
12.24049 -39.27403 5.737228 1.706228 0.655765 7.665729 2.548069 0.210467 0.920224 -0.638119 -2.078857 3.376095 -1.186691 1.872259 -1.821679
0.240494 -39.27403 5.737228 -0.630104 0.980688 0.716655 0.620059 -0.752553 0.857378 0.098648 -1.419722 -0.886189 -0.77263 -0.538012 0.364289
-1.759506 -39.27403 5.737228 -1.323689 -0.786641 -1.568254 -0.516805 -1.22292 0.66421 -0.12606 -1.665218 -0.038581 -1.340085 -1.620931 0.059787
-3.759506 -39.27403 5.737228 -2.099419 -0.517195 -0.556676 0.092018 -0.111447 0.07815 0.267041 -2.434534 0.352055 0.248675 -1.022494 -0.621798
-3.759506 -41.27403 5.737228 0.372403 1.371248 3.075904 0.253579 0.522277 -0.021214 -0.708585 -0.150941 -1.011473 0.320442 0.719311 0.162801
-3.759506 -43.27403 5.737228 1.806404 2.647878 6.839883 1.548589 2.585666 1.641697 -2.034187 -0.912887 -1.784623 -0.046493 1.007255 -1.770828
-1.759506 -45.27403 5.737228 -2.275084 2.231621 6.877233 4.795856 -1.560834 1.836636 -3.753276 -6.931167 -3.690315 -3.153334 -1.901564 -6.091302
-3.759506 -45.27403 5.737228 0.022211 3.257937 3.51835 3.967632 -0.429676 2.611488 -3.796901 -3.209299 -2.874205 -1.278373 -1.174496 -1.97879
10.24049 -31.27403 7.737228 0.564738 -0.320721 -0.283864 -0.120983 2.403437 1.332445 1.885047 -1.181527 1.884313 -0.831743 2.172735 -0.292503
10.24049 -33.27403 7.737228 1.198431 0.459175 1.049581 1.588618 2.897954 1.510139 1.105877 -1.308246 1.68691 -0.705663 2.564565 -0.127891
8.240494 -33.27403 7.737228 2.108938 1.35829 1.782579 2.340211 2.831007 2.35681 -1.779942 0.315164 -0.77028 0.575572 0.237729 2.008683
6.240494 -33.27403 7.737228 3.444387 1.681746 3.746364 3.538164 2.820798 1.98599 0.587523 -1.316507 -0.347918 0.792269 0.363848 0.35587
-1.759506 -33.27403 7.737228 1.756721 -0.224078 2.267247 1.479568 0.829108 2.882015 -1.371833 -1.023062 -0.886689 -1.961501 0.145615 0.78099
10.24049 -35.27403 7.737228 -0.507855 -0.264176 -0.5583 2.394397 2.705705 0.905019 0.464029 0.157756 0.146003 -0.873831 0.122811 -0.96184
8.240494 -35.27403 7.737228 -0.348838 0.305911 1.116903 2.243134 1.267865 1.098184 -1.550021 0.141925 -0.677295 -1.11502 1.172517 0.284396
6.240494 -35.27403 7.737228 1.270296 -1.031485 2.030061 0.225901 -0.284463 -0.522824 -0.676279 -2.674956 -0.329706 -0.43148 -1.538982 -1.903183
4.240494 -35.27403 7.737228 2.396293 0.229692 4.687926 1.739857 -0.004175 2.348093 -1.484874 -4.10978 -1.359616 -0.735537 -1.448837 -3.309869
0.240494 -35.27403 7.737228 1.674407 0.24428 2.92175 1.119377 -0.239826 -1.931178 -1.357411 -1.42805 0.667762 -2.907238 1.79784 -0.523367
-1.759506 -35.27403 7.737228 1.810323 -2.273273 2.137338 0.489854 -0.884241 -3.810408 -1.377423 -1.550517 -0.042182 -3.691032 0.360947 -1.850408
-3.759506 -35.27403 7.737228 1.564862 -1.964008 2.547359 -1.343947 -2.041125 -2.192317 -3.651035 -7.054826 -2.64293 -6.977396 -3.208079 -6.215785
6.240494 -37.27403 7.737228 1.508196 0.586569 1.991285 0.509246 1.042125 0.293569 -0.378831 -2.737185 1.394953 0.586758 0.465916 -1.568904
4.240494 -37.27403 7.737228 2.959738 -0.183768 4.424082 1.213051 2.116802 1.88428 0.434466 -2.06019 2.361325 -0.357161 0.640872 -1.845097
2.240494 -37.27403 7.737228 1.567227 0.132774 2.845962 0.42509 1.106099 1.234748 -1.846071 -0.982221 -0.492566 -0.375127 1.758697 -1.661443
0.240494 -37.27403 7.737228 -0.584641 -0.186256 1.349694 1.186662 -0.841126 -0.422601 -3.979088 -1.379099 -2.261179 -2.177409 -0.197241 -0.781969
-3.759506 -37.27403 7.737228 1.280571 -1.348731 2.43431 0.507678 0.685068 -1.343021 -1.682469 -5.663443 -0.602565 -4.401828 -1.406162 -4.482934
-5.759506 -37.27403 7.737228 1.440237 2.094532 3.004822 1.822942 -0.876802 1.444995 -3.470973 -2.993764 -0.523497 -2.769298 -1.555728 -2.330599
14.24049 -39.27403 7.737228 -0.096088 3.287611 0.854197 3.086438 2.094345 0.646048 -0.528751 -0.244201 0.279318 1.18343 0.030651 0.975048
12.24049 -39.27403 7.737228 0.706897 3.068287 1.713981 4.142435 2.326347 2.325531 -0.472383 -0.862642 2.335154 1.075912 -0.571768 1.135212
10.24049 -39.27403 7.737228 2.695148 3.186571 4.813129 4.048439 2.353369 0.54315 -0.419695 -1.399333 1.917782 0.173426 1.317518 -1.570288
8.240494 -39.27403 7.737228 2.353686 4.675421 5.263876 5.097589 1.888521 1.546864 -0.789333 -2.368766 -0.543207 1.252128 3.67651 -2.297223
6.240494 -39.27403 7.737228 3.992118 2.99669 6.394866 4.930213 3.399353 4.182834 1.482358 -3.81908 1.126305 1.539062 2.612098 -1.492965
2.240494 -39.27403 7.737228 0.25641 -0.134032 1.479122 1.353694 -0.416711 1.578809 0.320182 -2.356888 0.016746 -0.732426 1.206049 -2.365749
0.240494 -39.27403 7.737228 0.113251 -0.535897 0.305441 1.323226 -0.101664 1.909743 -1.511814 -2.001857 -1.617372 -1.951343 0.25774 -0.848266
-5.759506 -39.27403 7.737228 0.625799 0.983534 3.387141 1.517589 0.536544 -1.56948 -1.815555 -1.763102 0.462614 -1.067583 -2.255584 -2.136905
-7.759506 -39.27403 7.737228 -1.161978 1.166095 1.159702 0.728369 0.788215 -0.791187 -1.448136 -1.835175 -1.016558 -2.21089 -0.852416 -2.373172
0.240494 -41.27403 7.737228 -0.621392 2.283595 -0.216668 1.626456 0.168142 4.610792 -0.296876 -1.370993 -1.568121 -0.390395 0.967434 0.827753
-1.759506 -41.27403 7.737228 0.559825 0.754788 0.212409 -0.144117 -1.649502 4.107403 -2.080755 -1.370059 -0.635425 0.547535 -1.345467 1.704727
0.240494 -43.27403 7.737228 -1.875723 3.406898 -0.012952 1.491794 0.806948 3.956776 2.024559 -0.368557 -0.989835 1.335492 0.539208 1.607606
-1.759506 -43.27403 7.737228 -0.258549 0.051802 1.877775 -1.254309 0.025168 2.465779 1.12996 -0.323622 -1.132772 0.439863 -0.887299 -0.783276
0.240494 -45.27403 7.737228 -0.034778 0.596478 4.552923 1.89289 0.720512 0.664174 0.331911 -2.718533 -0.446688 -0.927831 -0.01398 -0.838938
-1.759506 -45.27403 7.737228 0.364163 -1.943504 2.980157 1.094892 0.873568 0.485173 -2.274669 -2.002033 -1.525505 -1.095771 -1.33065 -2.484373
12.24049 -35.27403 9.737228 0.904409 2.036411 1.491695 1.632188 1.753142 3.090009 -0.795465 -0.726068 0.490124 -1.007725 1.516294 -0.821865
10.24049 -35.27403 9.737228 0.759472 0.021674 -0.447895 0.4031 1.392057 1.110779 -2.371874 -0.476749 -0.173467 -1.258768 1.102961 -0.388937
8.240494 -35.27403 9.737228 0.643891 1.421809 0.667184 0.357337 1.916566 0.80119 -1.704215 -2.013567 -0.892012 -2.105716 2.435175 -1.420913
6.240494 -35.27403 9.737228 1.159156 2.366349 1.169412 1.899409 1.106228 3.285557 -2.483953 -2.942839 -0.847909 -1.242137 -1.306594 -3.564651
4.240494 -35.27403 9.737228 1.746727 -0.098233 4.246685 2.96419 -0.831005 2.561653 -4.253307 -4.685915 -0.834841 -1.607899 -2.186757 -4.950447
6.240494 -37.27403 9.737228 1.046665 2.420761 2.290707 1.129642 0.4608 3.631749 -1.219437 -2.787672 0.362112 -0.434766 0.115891 -2.321928
4.240494 -37.27403 9.737228 1.887818 2.052812 3.510487 1.951391 -0.302479 5.081414 -1.496919 -0.687232 2.441786 -0.292606 -1.393354 -1.106221
0.240494 -37.27403 9.737228 -1.414802 -1.200179 1.693807 1.869621 0.010802 -0.28316 -4.839365 -6.773281 -3.667911 -5.921841 -3.797862 -5.032844
-1.759506 -37.27403 9.737228 -1.085972 -2.911366 2.61059 1.084085 -0.975063 -1.901352 -4.190042 -7.779075 -3.706273 -7.148073 -3.840856 -5.512404
6.240494 -39.27403 9.737228 2.130835 2.145025 2.947936 2.788064 1.20576 1.268355 2.330251 -2.560159 0.574697 0.1951 1.918801 -2.106386
4.240494 -39.27403 9.737228 1.823191 2.020201 1.657243 3.304325 0.109083 3.527602 2.915703 -2.723756 1.668891 0.343195 1.172417 -2.035442
2.240494 -39.27403 9.737228 0.291733 3.237391 -0.967223 1.865971 -0.545767 3.77444 -1.156857 -3.844867 -1.363245 -0.351005 -0.451378 -2.926458
0.240494 -39.27403 9.737228 0.436083 1.218984 0.566147 2.299856 1.211857 2.49047 -3.756517 -3.722571 -2.284374 -1.700391 -1.501861 -2.254956
-1.759506 -39.27403 9.737228 0.127 0.957138 1.785563 2.948024 0.409737 3.079498 -2.563718 -2.676259 -1.043006 0.046774 -0.945853 0.012953
-3.759506 -39.27403 9.737228 2.782321 2.317619 4.181024 2.968356 -0.204975 2.641654 -2.310769 -1.812573 0.98505 -0.214286 -0.2455 -0.966248
-5.759506 -39.27403 9.737228 2.038684 0.21199 5.874572 1.093513 0.585955 -0.770832 -2.34774 -2.164873 0.30857 -4.633861 -1.401561 -4.685464
-7.759506 -39.27403 9.737228 0.499109 0.493287 3.629037 -0.099329 2.341517 -1.194317 -3.530393 -1.36388 -1.11733 -4.198956 -0.692956 -3.667454
14.24049 -41.27403 9.737228 0.375004 4.688589 2.461046 3.872858 0.224103 3.739139 0.905434 -0.590782 -0.447485 1.825879 0.027796 0.985918
12.24049 -41.27403 9.737228 1.593008 4.411459 2.606375 3.661029 2.779365 4.00089 0.69019 -1.167863 0.222652 0.721837 -0.131698 1.258736
10.24049 -41.27403 9.737228 2.47293 2.699703 2.368376 2.567818 3.503752 2.265141 1.306861 -0.74188 1.357513 -0.407596 0.242447 -0.111095
8.240494 -41.27403 9.737228 2.449866 1.765713 4.479437 2.216583 3.185111 0.621809 1.800981 -0.673988 2.041677 0.338476 1.597007 -1.26712
6.240494 -41.27403 9.737228 2.023623 0.625483 2.486771 3.267708 3.568853 1.132665 2.706527 -0.660846 1.926615 -0.391733 1.926677 -1.634337
0.240494 -41.27403 9.737228 -0.132174 2.847412 -0.614137 1.69898 1.158154 4.227242 -2.250654 -1.625565 -0.913163 -0.941903 0.218876 0.130374
-1.759506 -41.27403 9.737228 0.348347 -0.196578 2.954581 0.221468 -0.230093 2.605048 -1.848706 -1.770638 0.032135 0.520417 -1.255498 0.844094
-3.759506 -41.27403 9.737228 1.657742 -0.829266 5.244865 0.780053 -0.455543 0.177547 -2.878406 -0.635461 -0.014168 -0.099003 -3.250323 0.248909
-5.759506 -41.27403 9.737228 1.755394 -2.773835 6.398002 -1.145835 0.176669 -3.882641 -1.124524 -1.898467 -0.181986 -4.411027 -0.972251 -3.34363
14.24049 -43.27403 9.737228 0.769848 4.217873 2.362806 2.378966 0.655177 3.923214 0.101451 -0.111408 0.286194 0.30299 -0.03471 0.457266
12.24049 -43.27403 9.737228 2.425179 2.155969 3.731021 2.988735 3.47575 2.276804 -0.439797 -2.444553 0.848101 -1.23553 1.004569 -0.649289
10.24049 -43.27403 9.737228 2.160209 0.678002 3.648938 2.652883 4.140763 1.147796 0.910699 -2.491503 0.866267 -1.569542 0.040719 -1.671647
8.240494 -43.27403 9.737228 2.851856 -0.106997 5.344388 2.610586 4.315917 1.388576 1.420559 -2.956013 0.891813 -0.948727 -0.771147 -1.258883
6.240494 -43.27403 9.737228 4.452691 0.527561 7.267775 4.653785 6.385554 3.667216 2.585221 -2.814735 1.555085 -1.759166 1.714239 -1.850399
0.240494 -43.27403 9.737228 -1.403995 0.590952 -0.091791 1.260469 0.863772 2.241876 1.361819 -1.787512 1.589663 -0.828288 0.452244 0.115744
-1.759506 -43.27403 9.737228 -1.305661 -3.350405 -0.725796 -2.095625 -0.609768 -0.178219 0.620475 -1.744257 1.138229 -2.184636 -0.102824 -1.344673
-3.759506 -43.27403 9.737228 -0.607574 -3.11068 0.084492 -1.441489 -2.702476 -1.322413 -1.271101 -1.05827 -0.1944 -3.668762 -0.987275 -1.531125
12.24049 -45.27403 9.737228 0.002728 2.581054 1.693578 3.666749 1.101953 1.470054 0.241622 -1.612212 0.457912 0.068258 1.619778 -1.502507
8.240494 -45.27403 9.737228 2.451287 1.097667 3.725572 2.605005 3.554737 2.895624 0.315824 -3.061235 -0.667435 -1.552546 -1.673182 -1.489373
0.240494 -45.27403 9.737228 -0.678006 -3.827376 1.817806 0.433177 -0.334003 0.256352 0.311896 -2.22001 0.393211 -1.919333 -0.578399 -0.799722
-1.759506 -45.27403 9.737228 -0.143844 -4.998958 -0.102575 0.554702 0.536079 0.817182 -0.432723 -1.505754 1.314149 -2.03672 0.157074 -1.849913
-3.759506 -45.27403 9.737228 1.543739 -2.211723 1.683588 1.586105 0.245811 1.322354 -1.808811 -2.668689 0.667852 -2.380981 0.248468 -2.627242
-5.759506 -45.27403 9.737228 1.047224 -2.185696 0.844523 1.679128 -0.147986 -0.846632 -0.452863 -2.715245 0.547431 -2.128997 1.499907 -1.214207
10.24049 -47.27403 9.737228 1.299997 0.52273 4.165653 2.363508 0.570751 0.72738 0.329967 -2.0611 0.992262 -0.8686 -0.600528 -0.423183
8.240494 -47.27403 9.737228 0.089405 2.971 0.414783 1.176225 -0.795114 1.602752 -0.657953 -2.342717 -2.835229 -1.974297 -2.86491 -0.628317
6.240494 -47.27403 9.737228 5.076551 5.948266 13.21924 8.727372 2.878346 7.442203 0.198265 -3.86948 -1.950982 2.03397 0.928929 -1.66258
8.240494 -49.27403 9.737228 -1.283259 1.038135 3.166303 0.726047 -1.017299 -0.204898 -0.206138 -1.313064 -1.421014 -1.705002 -2.079572 -2.008768
12.24049 -35.27403 11.73723 2.142448 2.662021 0.976707 0.114849 1.71811 0.118281 -3.289459 -0.393541 -2.098132 -0.52062 -0.50675 -1.85773
12.24049 -37.27403 11.73723 2.502388 1.546604 2.648682 -0.045936 0.494093 0.802703 -0.502495 -1.128685 -1.298962 -0.562825 -0.541035 -2.269426
10.24049 -37.27403 11.73723 1.127883 -0.483085 0.879355 -1.537989 -1.819093 -1.936274 -2.343087 -3.621104 -3.201735 -1.727001 -0.760618 -2.641318
8.240494 -37.27403 11.73723 0.034016 2.097343 1.903203 -0.402591 -1.47863 0.085553 -2.862652 -5.901453 -3.83028 -3.348309 1.005601 -2.750295
6.240494 -37.27403 11.73723 0.752479 3.631953 3.807346 2.125008 -0.714865 5.205334 -3.415603 -3.874785 -1.24449 -2.229619 -0.447439 -1.860194
4.240494 -37.27403 11.73723 2.016423 1.962316 4.761406 1.871386 -1.043 5.367789 -3.375941 -0.382764 0.756698 0.165065 -1.681135 -0.098313
6.240494 -39.27403 11.73723 1.741277 4.881084 3.076516 1.740194 -1.287771 4.227458 -0.865746 -0.288307 -1.671106 -0.534305 0.352275 -0.197826
4.240494 -39.27403 11.73723 1.295776 3.883314 0.061218 0.779787 -2.367208 3.14009 -0.169075 -0.254811 -1.084623 -0.275163 -0.173159 -0.924114
-7.759506 -39.27403 11.73723 2.473192 -0.934874 4.226782 -0.372737 3.99049 -4.214958 -3.131609 -5.937394 -1.01617 -5.144022 -1.931501 -5.1156
6.240494 -41.27403 11.73723 -0.882789 0.877622 -1.97025 0.015563 -1.187848 0.657864 -1.665948 -0.023948 -1.551396 -1.526056 -1.767495 -0.401635
4.240494 -41.27403 11.73723 -0.584228 1.205461 -3.964112 1.522168 -2.778231 1.632933 -0.645942 -1.522308 -1.171169 -1.728351 0.843115 -1.019203
-1.759506 -41.27403 11.73723 -2.044464 1.192214 0.45886 1.378868 2.105145 2.331553 -1.981537 -2.275873 -1.110805 -0.964687 0.450179 -0.51929
-3.759506 -41.27403 11.73723 0.413888 0.296694 3.802396 2.460675 3.193898 1.285848 -2.509851 -4.397447 -1.188203 -2.379431 -1.179879 -2.573641
-5.759506 -41.27403 11.73723 0.970603 -1.540741 5.405574 0.850745 2.504617 -2.389017 -3.222725 -7.152774 -2.566519 -6.563855 -1.988051 -5.384519
-7.759506 -41.27403 11.73723 1.571275 -1.301292 6.26772 -0.133163 1.965276 -2.301988 -1.17497 -4.317407 -0.435421 -4.786768 0.8904 -3.994509
6.240494 -43.27403 11.73723 -0.692677 0.494507 0.575336 0.848638 1.306419 1.600922 -1.196851 -0.755997 -1.868756 -0.818523 0.683697 -1.262289
4.240494 -43.27403 11.73723 -0.058302 -0.310675 0.330693 1.775942 0.792836 1.495704 -1.754556 -1.899068 -1.482337 -2.137365 -0.108075 -2.391961
-1.759506 -43.27403 11.73723 -1.905515 -0.246895 -1.896813 0.327662 1.698255 1.221906 -2.132906 -2.856291 -1.478616 -2.637245 -0.621246 -2.649792
-3.759506 -43.27403 11.73723 -1.068728 0.616621 2.449105 2.345662 -0.147324 1.377073 -3.997167 -5.494662 -3.6393 -6.153357 -1.531394 -5.675585
-5.759506 -43.27403 11.73723 -0.464664 0.558032 3.248846 2.39435 -1.773404 0.210014 -3.053847 -4.43646 -3.932294 -4.876588 -1.363343 -3.99
12.24049 -45.27403 11.73723 -0.564565 2.215698 -0.826446 2.513046 0.203353 1.890195 0.345065 -0.105297 0.349446 0.540378 1.253861 -0.419591
10.24049 -45.27403 11.73723 0.775096 1.099762 1.475124 2.542142 1.755355 1.907709 -0.19407 -3.385117 1.55967 -0.581564 -0.810846 -1.440623
8.240494 -45.27403 11.73723 -0.706034 0.835448 1.452646 0.582755 -0.117124 0.673328 0.017728 -2.712621 -0.909254 -1.674248 -1.691301 -0.84012
6.240494 -45.27403 11.73723 -0.680439 0.235021 2.254817 0.862482 1.510018 1.476199 -0.183555 -1.067876 -0.918431 -1.163621 1.754733 -0.56986
-5.759506 -45.27403 11.73723 0.64726 1.192444 1.642569 3.400942 -0.491282 1.715427 -1.168733 -4.465792 -0.719402 -3.158522 -1.005504 -2.59324
8.240494 -47.27403 11.73723 0.031395 1.020267 1.571805 1.569143 -0.524532 0.844098 -0.92441 -1.176385 -0.725248 -1.150831 0.706324 -0.103041
6.240494 -47.27403 11.73723 2.000825 2.159246 5.892498 2.55627 1.501939 2.317955 0.865102 -1.522129 0.669582 1.129087 2.636304 -0.177173
-3.759506 -47.27403 11.73723 0.468336 1.911035 3.149994 3.495028 -0.695435 1.695251 -3.205903 -4.826906 -0.953365 -2.424121 0.586437 -3.508773
-5.759506 -47.27403 11.73723 1.409496 -0.572066 -0.364759 0.680549 -0.067219 2.17848 -0.582279 -2.126129 0.738844 -0.452687 -0.158724 -0.239692
8.240494 -49.27403 11.73723 -0.303371 -0.159431 3.04373 1.407477 0.090462 -1.224064 -0.440907 -1.228323 0.074417 -1.116782 -0.034695 -1.539156
6.240494 -49.27403 11.73723 1.397111 1.456972 6.236278 3.27984 0.89413 2.060595 0.199319 -3.61638 0.695844 0.103833 0.634614 -2.239635
-3.759506 -49.27403 11.73723 0.7983 0.461055 0.154186 2.058872 0.47838 1.091025 -0.684043 -0.840657 0.924338 -0.022879 0.528659 -0.120658
8.240494 -51.27403 11.73723 2.63591 -1.765666 8.719436 3.060945 3.195266 0.813129 2.609528 -3.47493 3.817199 -0.669341 0.394053 -2.696773
14.24049 -39.27403 13.73723 0.579294 1.116089 1.207831 0.177989 0.10926 0.833984 -3.148846 -1.383097 -2.278218 -3.6719 0.241289 -2.515445
12.24049 -39.27403 13.73723 0.807045 0.757919 -0.186883 1.953508 -0.720995 2.099466 -3.706072 -1.290416 -2.520372 -1.865763 -0.527782 -2.576172
10.24049 -39.27403 13.73723 1.369147 2.466069 1.46718 4.122538 0.718034 3.661731 -3.801194 -5.859991 -1.68186 -2.399744 -2.055865 -4.110079
8.240494 -39.27403 13.73723 1.581675 4.870773 3.145749 4.692722 1.101606 7.319164 -3.177315 -5.619911 -2.259549 -1.06309 -0.152073 -2.047935
6.240494 -39.27403 13.73723 2.434426 3.208339 3.887718 1.492317 -0.00779 5.321929 -3.889103 -2.100971 -2.681824 -0.882357 1.805743 -0.355563
14.24049 -41.27403 13.73723 4.139859 0.505404 6.444955 0.823313 2.252158 1.280195 -0.304973 -1.235579 1.089503 -1.204805 -0.077306 -1.667336
12.24049 -41.27403 13.73723 3.260137 0.470653 6.312252 3.022939 2.118245 3.613563 -3.879119 -4.21371 -2.72375 -2.835494 -1.433778 -2.932908
10.24049 -41.27403 13.73723 3.75207 3.943314 7.089251 5.96091 2.037191 5.484718 -4.857461 -9.4916 -3.429584 -3.570923 -1.964217 -5.451591
8.240494 -41.27403 13.73723 1.564207 4.234908 4.473325 2.996945 1.380549 4.90538 -3.704904 -6.218374 -2.694627 -1.813989 -2.27121 -3.486698
6.240494 -41.27403 13.73723 0.423629 -0.200236 1.705947 0.509224 0.755756 2.102596 -3.13379 -2.693309 -2.268361 -2.121034 -0.856882 -1.071313
4.240494 -41.27403 13.73723 -0.174151 -2.489464 -1.391986 0.694377 -2.087097 0.798212 -3.090782 -2.263674 -3.247503 -1.614061 0.914676 -1.984345
-7.759506 -41.27403 13.73723 0.279394 1.43446 4.705248 2.242418 0.121584 -0.934193 -1.653946 -4.017469 -0.704171 -3.765954 -0.258449 -2.200532
10.24049 -43.27403 13.73723 2.620388 4.299719 4.327997 5.814313 0.378352 5.699391 -2.148713 -4.351473 -2.791773 -1.19315 0.136277 -1.671132
8.240494 -43.27403 13.73723 1.882932 6.375064 2.328222 4.417701 0.756606 6.107306 -3.492721 -2.695215 -3.178355 -0.149902 -2.087014 -0.991213
6.240494 -43.27403 13.73723 1.380609 2.78266 1.866583 2.628666 1.02746 3.457733 -1.857945 0.146714 -2.37283 0.851911 -0.35265 0.056909
4.240494 -43.27403 13.73723 0.845882 -2.034378 1.306992 1.123267 0.49245 0.072465 -1.830139 -0.174908 -2.173613 -0.718026 0.05141 -1.167913
-3.759506 -43.27403 13.73723 0.574195 2.295733 3.748925 3.99851 0.707549 1.932501 -3.17364 -4.81705 -2.375195 -3.198211 -0.346919 -3.391511
-5.759506 -43.27403 13.73723 -0.455784 0.954735 3.88568 2.16591 0.167463 1.11238 -2.940339 -6.571808 -1.724272 -4.439549 -1.043248 -4.137621
6.240494 -45.27403 13.73723 1.283906 3.928511 3.075712 2.55624 0.979175 3.634194 -1.014986 -0.845614 -1.905228 -0.091071 1.692573 0.578937
4.240494 -45.27403 13.73723 1.138106 0.880919 4.28132 1.321727 2.528302 -1.127736 -1.865687 -1.827375 -2.00865 -1.801248 0.229083 -0.761165
6.240494 -47.27403 13.73723 0.897645 2.89391 2.62167 2.266851 0.743401 1.922681 0.844784 -2.181404 -1.655071 0.066134 2.841622 -0.936233
4.240494 -47.27403 13.73723 0.375026 0.605125 4.928754 2.309161 1.735474 -1.011766 -0.430187 -3.972987 -1.166846 -2.341913 0.619397 -2.536067
10.24049 -49.27403 13.73723 2.938226 0.801101 6.133655 2.694325 3.238634 1.094394 0.693012 -2.265535 0.805316 -0.831123 1.470735 -1.890985
8.240494 -49.27403 13.73723 -0.048929 0.295003 2.946702 2.320338 0.895857 0.39451 -0.150378 -1.128312 -0.765001 -0.903033 0.481811 -1.073716
6.240494 -49.27403 13.73723 0.769659 1.03971 1.855082 1.654525 0.911959 1.33255 0.278397 -2.42972 -0.979449 -0.127256 1.139766 -0.945986
10.24049 -51.27403 13.73723 3.959926 1.488887 10.80283 5.103694 3.553769 4.945864 1.74148 -3.577999 2.230326 -0.652144 1.242028 -3.315025
8.240494 -51.27403 13.73723 3.299065 -2.355325 11.42784 3.945814 2.688762 3.878332 1.941387 -4.18418 3.197697 -2.981661 1.944209 -2.043518
14.24049 -41.27403 15.73723 5.199367 0.733538 10.05123 3.248202 4.327226 6.991329 -2.532486 -7.974164 -0.961414 -6.68193 0.465736 -4.243273
-5.759506 -41.27403 15.73723 -0.612006 -1.440711 2.596338 -0.827734 0.263522 0.891097 -2.132466 -1.337133 -0.037203 -1.439567 0.33884 -0.195755
14.24049 -43.27403 15.73723 2.475136 -0.330986 6.683224 2.675041 1.902311 2.949272 0.110675 -2.396104 0.546879 -2.371665 1.803124 -1.447446
12.24049 -43.27403 15.73723 3.414147 0.964738 5.49833 4.990087 1.92363 6.424784 -1.894592 -5.490623 -1.176956 -4.188962 3.542912 -3.136794
12.24049 -45.27403 15.73723 1.156993 0.073986 2.177478 2.485994 -0.415512 3.106321 -0.170041 -1.081739 -0.657239 -1.046921 1.622014 0.475906
10.24049 -45.27403 15.73723 0.20506 1.016967 1.948798 2.707455 0.319061 4.889008 -0.687886 -3.368433 -0.991942 -2.670419 1.889233 0.024178
8.240494 -45.27403 15.73723 1.665584 3.16507 3.773846 4.611345 1.953194 7.041719 -2.685786 -6.485696 -2.263254 -4.747104 3.332821 -2.024755
6.240494 -45.27403 15.73723 3.892675 3.382905 7.701824 3.946607 2.055363 5.898599 -2.702051 -7.334063 -2.454333 -4.26832 3.243201 -2.833987
8.240494 -47.27403 15.73723 -0.373128 0.400427 0.024805 0.007299 0.955647 1.559584 -0.726035 -1.562364 -1.296579 -1.730445 1.707222 -1.526535
6.240494 -47.27403 15.73723 2.623785 0.675374 4.470155 2.511616 1.933203 4.099297 -0.900328 -3.515629 -1.094251 -2.583811 2.252892 -3.215558
8.240494 -49.27403 15.73723 1.039555 3.162857 1.468548 2.077617 0.32894 2.133239 -0.483417 -0.39726 -0.653417 0.603545 1.478586 -0.669953
6.240494 -49.27403 15.73723 2.79346 2.42402 3.153871 1.762457 1.265264 3.423892 -0.494983 -1.641914 -0.599659 0.105995 1.271619 -1.378206
10.24049 -51.27403 15.73723 1.312709 1.544173 3.790549 2.163425 0.254304 1.759273 0.85507 -2.010212 0.539342 0.813812 2.207189 -1.557957
8.240494 -51.27403 15.73723 2.662975 -0.111724 6.673977 3.142585 0.366987 5.069974 0.372373 -3.109476 0.807267 -1.322096 2.034887 0.346081
12.24049 -47.27403 17.73723 0.729524 2.254829 2.803468 2.696151 1.130832 2.874311 0.874618 0.079662 0.687391 1.826944 1.785274 0.240446
10.24049 -47.27403 17.73723 -0.092866 2.267702 1.682332 1.606402 0.799456 3.563213 1.679695 -1.188617 0.408242 0.694739 1.500559 -0.574219
8.240494 -47.27403 17.73723 -0.531049 3.031533 0.504669 2.537386 0.030108 4.191986 0.49832 -2.112786 -1.416383 0.183122 0.169266 -1.861933
10.24049 -49.27403 17.73723 0.29071 2.186836 2.414954 1.934855 0.206418 2.121616 0.540201 0.719756 0.16514 1.74393 3.059521 -0.129088
8.240494 -49.27403 17.73723 -0.332723 3.584124 0.715881 2.879487 -1.197783 3.14857 -0.536824 -1.053377 -0.549745 1.954715 1.002503 -0.920389
10.24049 -51.27403 17.73723 1.484718 2.199358 2.773512 1.626261 0.447858 1.125042 -0.099523 1.819468 0.196447 1.863326 2.449311 1.213536
8.240494 -51.27403 17.73723 1.83596 1.386391 4.622444 2.704143 -0.135898 5.402765 -0.375411 -1.490051 0.803197 0.712181 2.721659 0.9472
10.24049 -51.27403 19.73723 -0.619855 2.225465 1.321534 2.197661 -1.891972 3.038852 0.069182 1.569323 0.950078 1.362745 3.45771 0.701337
