-0.813858 -29.53345 7.437675 -2.285517 1.465367 2.730515 4.925416 -1.354428 2.310365
-0.813858 -31.53345 7.437675 -1.789486 1.105342 5.927997 7.383379 -0.285354 2.087167
13.18614 -25.53345 9.437675 4.125345 5.310074 0.758014 2.959381 0.77029 3.247515
15.18614 -27.53345 9.437675 2.181566 1.463744 -4.512244 -4.251667 -1.711349 -0.703004
11.18614 -27.53345 9.437675 5.535573 6.833523 1.216573 3.17414 3.498193 5.453296
9.186142 -27.53345 9.437675 4.044683 6.71861 4.50415 6.387299 4.083686 5.038474
-0.813858 -27.53345 9.437675 -3.565924 -5.381523 1.872307 -0.013593 -0.437327 -1.214108
-2.813858 -27.53345 9.437675 -2.454265 -1.116499 -0.449722 0.639282 0.543777 1.288889
15.18614 -29.53345 9.437675 4.91684 2.963615 3.250141 1.667527 -0.149783 -0.122494
13.18614 -29.53345 9.437675 1.441235 1.492651 4.723801 3.129182 -0.360027 0.681172
-0.813858 -29.53345 9.437675 2.919057 0.777817 5.899579 4.811801 3.896183 3.733437
-2.813858 -29.53345 9.437675 1.188632 0.792363 0.374429 0.441923 3.432148 3.975677
13.18614 -31.53345 9.437675 0.741024 0.554797 2.163254 2.058899 -2.268636 -1.53057
-0.813858 -31.53345 9.437675 1.263165 0.600841 6.402324 4.072426 1.57173 0.521922
-0.813858 -33.53345 9.437675 3.826364 1.873416 5.810126 3.81649 4.489212 3.527166
-2.813858 -25.53345 11.43768 2.510878 3.084815 -0.194073 1.996494 -2.492783 -0.731275
-4.813858 -25.53345 11.43768 0.601582 3.275942 -0.161701 2.177247 -3.827035 -2.052887
15.18614 -27.53345 11.43768 -0.971378 2.005964 -6.354054 -3.778952 1.967594 2.124434
13.18614 -27.53345 11.43768 1.772975 4.0692 -4.659104 -0.942155 1.333758 2.287802
1.186142 -27.53345 11.43768 -0.455779 1.882948 -5.736717 -4.816252 -2.450133 -1.208129
-0.813858 -27.53345 11.43768 -2.281789 -2.392278 -3.415187 -3.512399 -0.140372 0.454594
-2.813858 -27.53345 11.43768 -1.937356 -1.478885 -0.661987 -0.153034 0.639521 1.079474
15.18614 -29.53345 11.43768 0.317104 2.823861 -0.663315 0.399196 0.893389 1.483052
13.18614 -29.53345 11.43768 -1.387755 -1.232531 -0.206939 -0.603004 -0.552411 -1.162601
-0.813858 -29.53345 11.43768 -1.962072 -1.371274 -0.697197 0.046601 -0.170967 0.951015
-2.813858 -29.53345 11.43768 -1.208467 -2.007483 1.008895 -0.04773 2.399227 1.39649
17.18614 -31.53345 11.43768 0.803422 0.246822 2.28894 2.456228 1.53418 1.727959
15.18614 -31.53345 11.43768 1.239521 -0.74171 0.237658 -1.057274 1.535366 0.820683
13.18614 -31.53345 11.43768 -0.106338 -1.959684 0.178049 -1.295978 1.018668 0.23628
11.18614 -31.53345 11.43768 1.995826 2.122333 5.213512 4.793628 2.227893 2.427824
9.186142 -31.53345 11.43768 5.073098 3.407767 6.206171 4.729836 2.60905 2.499312
-0.813858 -31.53345 11.43768 2.309479 -0.738843 2.772981 1.569808 1.145234 0.268873
-2.813858 -31.53345 11.43768 2.196749 1.678797 4.115735 3.213753 2.686743 2.223503
15.18614 -33.53345 11.43768 4.493786 0.826965 1.731652 -1.087691 0.825917 0.286742
13.18614 -33.53345 11.43768 1.597683 1.925061 1.493908 1.870147 -0.052481 -0.083967
11.18614 -33.53345 11.43768 2.593 3.746671 2.424893 3.485556 0.419281 0.985589
9.186142 -33.53345 11.43768 1.954387 0.345031 2.10385 1.748253 0.835332 1.407634
1.186142 -33.53345 11.43768 3.25843 2.772209 -0.166987 0.603452 0.262066 0.914086
-0.813858 -33.53345 11.43768 3.289011 2.067686 2.221704 3.24335 0.796542 2.569901
-2.813858 -33.53345 11.43768 1.212358 2.234993 -0.294482 2.974516 0.259856 2.14324
13.18614 -35.53345 11.43768 2.560368 4.314878 -0.323144 1.480739 -0.839726 0.233407
1.186142 -35.53345 11.43768 0.582286 1.961206 1.863501 3.867446 1.694954 1.846698
-0.813858 -35.53345 11.43768 -1.175301 -0.455658 1.039098 2.684619 -0.972672 0.661751
-0.813858 -27.53345 13.43768 -1.076315 -0.255847 -4.614357 -3.562483 -0.971171 0.100504
-2.813858 -27.53345 13.43768 0.173694 -1.709927 1.212654 2.165657 3.961177 4.067204
-4.813858 -27.53345 13.43768 0.14659 -1.715823 -0.936745 -1.090458 2.019169 0.817762
-6.813858 -27.53345 13.43768 2.24966 -0.464277 -0.676015 -1.267276 1.831018 0.286305
-8.813858 -27.53345 13.43768 3.733492 0.907556 0.554565 0.567029 -0.400017 -0.893377
9.186142 -29.53345 13.43768 -2.463222 1.875021 -1.327471 2.6184 -2.427259 1.250692
-0.813858 -29.53345 13.43768 1.225263 1.815808 -0.118385 0.734712 -0.487832 0.100296
-2.813858 -29.53345 13.43768 1.049371 0.743629 2.573974 3.515175 3.486717 3.726881
-4.813858 -29.53345 13.43768 1.26649 0.297518 0.392994 0.38179 2.105711 1.34918
-6.813858 -29.53345 13.43768 3.898886 3.492608 -2.73934 -0.082679 -1.423403 0.080463
17.18614 -31.53345 13.43768 1.718549 1.534837 0.995257 1.351559 1.512138 3.092436
15.18614 -31.53345 13.43768 5.020928 2.86886 3.129287 2.010831 2.34631 2.482969
13.18614 -31.53345 13.43768 4.606982 -0.059231 2.879375 1.455678 1.919331 1.077441
11.18614 -31.53345 13.43768 1.056083 -0.963474 -0.011334 0.248647 -0.918278 -0.918488
9.186142 -31.53345 13.43768 3.046157 0.353836 1.984 0.887215 1.515619 1.135899
-0.813858 -31.53345 13.43768 4.585705 1.915463 1.897769 0.703744 2.422156 1.162659
-2.813858 -31.53345 13.43768 0.55187 0.686148 -0.782622 -1.334453 2.965852 2.449937
-4.813858 -31.53345 13.43768 1.214974 2.306112 3.618315 2.228554 1.740733 0.827974
17.18614 -33.53345 13.43768 5.994051 2.560024 5.430988 2.521129 2.730399 2.092468
15.18614 -33.53345 13.43768 6.226143 2.182349 4.67873 1.495597 4.495878 3.228032
13.18614 -33.53345 13.43768 6.018638 3.231271 5.672454 3.741964 5.745301 4.327041
11.18614 -33.53345 13.43768 2.63941 0.983941 4.338576 3.387369 2.675247 1.851001
9.186142 -33.53345 13.43768 1.193545 -0.311649 1.146454 0.825105 0.919075 1.078935
7.186142 -33.53345 13.43768 1.975966 1.432686 -0.916122 -0.310069 2.279905 2.035394
1.186142 -33.53345 13.43768 7.470422 5.306991 4.455167 4.576321 0.103868 -0.231679
-0.813858 -33.53345 13.43768 4.176085 3.231383 1.869353 2.89579 0.014995 0.795359
-2.813858 -33.53345 13.43768 1.765058 1.753341 -0.910515 0.327574 0.486564 0.868132
-4.813858 -33.53345 13.43768 0.953475 1.129881 1.668573 -0.376976 1.116514 -0.396407
17.18614 -35.53345 13.43768 5.444734 3.265896 5.151062 4.375902 1.361513 1.193147
15.18614 -35.53345 13.43768 5.918193 2.762985 4.542456 3.999923 1.809631 1.744722
11.18614 -35.53345 13.43768 2.386514 2.450307 1.902395 2.396015 1.721415 3.063555
9.186142 -35.53345 13.43768 0.692914 2.248933 1.696405 3.139818 -1.499163 1.352142
1.186142 -35.53345 13.43768 1.969266 2.145823 3.358202 3.560164 0.229424 0.367622
-2.813858 -35.53345 13.43768 -3.125685 0.315121 -3.705775 -1.449199 -3.962281 -0.794892
-4.813858 -35.53345 13.43768 -4.504827 -0.665178 -5.536773 -4.738 -4.459772 -2.299682
-6.813858 -35.53345 13.43768 -1.498443 -1.287719 -2.461179 -2.280296 -5.215358 -3.863839
15.18614 -37.53345 13.43768 6.955965 3.158086 7.900045 6.525122 -0.678873 0.162054
-2.813858 -37.53345 13.43768 -6.854331 -1.484501 -4.367611 -1.014638 -5.24634 0.298504
-4.813858 -37.53345 13.43768 -6.413478 -1.329517 -6.769744 -3.905682 -5.471689 -0.478757
-6.813858 -37.53345 13.43768 -2.017035 -2.267217 -2.333402 -2.252491 -3.448473 -2.844493
15.18614 -39.53345 13.43768 7.792378 3.714619 7.750914 5.717247 -4.301435 -1.758388
-2.813858 -39.53345 13.43768 -6.217796 -0.457307 -2.991227 1.42339 -6.236437 -0.154428
-4.813858 -39.53345 13.43768 -3.311016 1.002613 -1.576248 2.093604 -4.718873 0.205167
-0.813858 -41.53345 13.43768 -3.270265 -1.035294 -2.307419 -1.019364 -4.354977 -1.876648
-2.813858 -41.53345 13.43768 -1.593963 1.867064 1.430417 3.284085 -4.811966 -1.173741
-0.813858 -43.53345 13.43768 0.742266 2.609311 0.232516 0.855057 -0.872534 0.953511
-2.813858 -43.53345 13.43768 1.776118 1.49965 2.53702 2.402518 -1.58588 -0.206834
-8.813858 -27.53345 15.43768 0.862209 2.066764 -2.465424 -0.673771 -5.748697 -3.718954
9.186142 -29.53345 15.43768 1.426481 5.907613 -4.408787 -0.982765 -3.580497 -0.333036
7.186142 -29.53345 15.43768 2.430315 6.630609 -11.54986 -6.13915 -7.667249 -1.834735
-8.813858 -29.53345 15.43768 2.265446 1.792789 -4.378535 -3.987122 -5.669225 -5.827545
9.186142 -31.53345 15.43768 0.192665 0.619195 -2.518367 -2.43158 -0.415653 -0.885886
7.186142 -31.53345 15.43768 2.076283 2.351762 -3.200298 -3.561986 0.341613 0.197619
-0.813858 -31.53345 15.43768 2.641896 1.936931 -2.774347 -3.007766 0.018217 -0.722572
-2.813858 -31.53345 15.43768 -1.002104 -0.729899 -6.702953 -6.701191 -0.93037 -1.081962
-4.813858 -31.53345 15.43768 6.388386 5.332787 1.895253 0.488887 -2.767494 -1.962417
-6.813858 -31.53345 15.43768 7.546792 8.262404 1.529372 1.695507 -5.41181 -4.114842
-8.813858 -31.53345 15.43768 3.397699 4.268318 1.779938 2.129051 -4.119627 -4.004355
15.18614 -33.53345 15.43768 3.20903 5.143299 1.017727 1.383183 0.841474 2.389279
13.18614 -33.53345 15.43768 3.283437 3.851227 2.397537 2.870047 1.857715 2.181154
11.18614 -33.53345 15.43768 2.43982 2.310569 2.729195 3.819784 0.252882 0.484812
9.186142 -33.53345 15.43768 0.801735 1.386198 -0.14306 0.931148 -0.766373 -0.690936
7.186142 -33.53345 15.43768 2.816858 2.521297 -3.440737 -2.68504 1.153968 0.796257
-0.813858 -33.53345 15.43768 4.571247 5.619347 0.667956 1.967417 -1.188043 -0.146405
-2.813858 -33.53345 15.43768 2.411345 4.571208 -3.084569 0.041909 -1.928822 1.066095
-4.813858 -33.53345 15.43768 6.415691 7.866907 -0.985361 1.193933 -3.596411 0.478619
-6.813858 -33.53345 15.43768 7.575793 8.402797 -0.836657 1.009318 -5.702051 -2.311289
-8.813858 -33.53345 15.43768 2.893332 1.823617 3.292186 2.658894 -2.383311 -1.87629
17.18614 -35.53345 15.43768 3.652154 3.038194 0.562132 0.709425 1.89773 1.271203
15.18614 -35.53345 15.43768 1.407121 0.625572 1.470501 2.411792 2.328717 1.61381
13.18614 -35.53345 15.43768 3.040362 1.612895 3.317058 3.041508 5.161621 3.184621
11.18614 -35.53345 15.43768 6.148798 3.779949 3.3506 2.60953 6.102792 4.914098
9.186142 -35.53345 15.43768 4.929903 4.124191 3.226652 3.46018 2.466791 2.594722
7.186142 -35.53345 15.43768 7.007706 6.027596 2.133641 2.875668 4.351671 4.091042
1.186142 -35.53345 15.43768 5.130411 0.67621 5.141612 1.823667 1.686799 0.092645
-0.813858 -35.53345 15.43768 1.693137 1.226026 3.162508 1.55761 -2.826314 -2.516755
-2.813858 -35.53345 15.43768 0.421822 4.083472 -3.040129 -1.563736 -6.085742 -2.434819
-4.813858 -35.53345 15.43768 1.347251 5.792192 -8.621793 -5.341569 -7.026155 -2.631678
-6.813858 -35.53345 15.43768 2.049497 2.503268 -4.641934 -2.290475 -2.912935 -1.421613
-8.813858 -35.53345 15.43768 2.323903 0.808214 -0.247303 1.262349 -0.869017 0.08009
15.18614 -37.53345 15.43768 4.027283 -0.118917 4.701935 2.43945 2.422711 -1.075416
13.18614 -37.53345 15.43768 4.234913 0.582186 2.21647 1.058706 5.575236 2.644308
1.186142 -37.53345 15.43768 0.247069 -4.822485 -1.041044 -6.103515 -1.838167 -4.42763
-0.813858 -37.53345 15.43768 -1.186662 -2.964313 0.768891 -1.658571 -4.768353 -4.210189
-2.813858 -37.53345 15.43768 -8.315473 -1.716733 -6.255591 -2.264689 -8.687071 -3.03507
-8.813858 -37.53345 15.43768 1.56045 1.460835 -0.60787 0.620993 -0.78749 -0.195079
15.18614 -39.53345 15.43768 4.516429 -0.630733 4.511924 0.329532 1.546188 -1.3266
13.18614 -39.53345 15.43768 0.486369 -0.319415 2.999569 0.680933 1.405334 0.393651
-0.813858 -39.53345 15.43768 -3.617036 -2.747991 -3.005448 -1.280698 -5.498861 -3.444218
-2.813858 -39.53345 15.43768 -11.65807 -3.462716 -8.581856 -2.007702 -8.699851 -1.977537
-6.813858 -39.53345 15.43768 -1.444435 -1.235203 -0.380632 0.2018 -1.506393 -1.437177
-8.813858 -39.53345 15.43768 -0.861123 -0.430499 -0.071559 0.959215 -1.472355 -0.566233
15.18614 -41.53345 15.43768 5.622083 0.040123 5.538103 1.673756 0.126522 -2.243382
13.18614 -41.53345 15.43768 4.870903 1.793062 5.387453 2.397394 -0.354646 -0.899925
-4.813858 -41.53345 15.43768 0.382435 0.824369 -2.661161 -0.559997 -2.455833 -0.832214
-6.813858 -41.53345 15.43768 0.423015 0.45226 -0.315845 0.62761 -2.889718 -1.953835
15.18614 -43.53345 15.43768 9.401996 3.597752 9.69849 6.860617 0.430153 -0.928487
13.18614 -43.53345 15.43768 7.572905 3.245846 5.552325 3.903921 -0.404885 -0.891641
11.18614 -43.53345 15.43768 1.481647 2.748559 0.518032 1.566276 -0.97355 0.708371
9.186142 -43.53345 15.43768 -0.332497 2.638948 0.045904 1.452203 1.539314 3.325399
-0.813858 -43.53345 15.43768 2.587601 4.227602 -3.345723 -2.08284 -0.964821 0.924351
-2.813858 -43.53345 15.43768 3.684978 3.374302 -3.973693 -4.100609 -1.012961 -0.651206
-4.813858 -43.53345 15.43768 2.897314 0.650222 -3.130399 -3.095333 -1.01121 -1.501651
15.18614 -45.53345 15.43768 9.614308 4.6396 11.27073 9.06428 -1.145646 -0.73348
13.18614 -45.53345 15.43768 9.148161 4.168458 8.372201 5.872147 -1.462598 -1.808401
11.18614 -45.53345 15.43768 3.821185 1.45582 1.295506 0.633349 -1.117731 -0.53658
9.186142 -47.53345 15.43768 4.744742 2.543113 3.838623 3.176229 0.373025 0.585354
9.186142 -29.53345 17.43768 4.271937 8.166677 2.364779 3.94747 0.920781 2.581193
-10.81386 -29.53345 17.43768 2.997344 2.196906 3.758327 3.750479 -1.194259 -1.070691
11.18614 -31.53345 17.43768 1.027558 3.097758 4.514826 5.716405 0.280429 0.775388
9.186142 -31.53345 17.43768 0.490589 3.614841 -3.055758 -0.850245 -1.142614 -0.148927
7.186142 -31.53345 17.43768 6.712154 6.167838 -2.773144 -2.51965 0.73044 0.827008
-8.813858 -31.53345 17.43768 5.712009 5.805127 3.370133 4.019303 -2.467269 -2.92958
-10.81386 -31.53345 17.43768 4.584336 4.257107 0.440748 0.922365 -0.709693 -1.332034
7.186142 -33.53345 17.43768 3.831882 4.437639 -1.807139 -0.692765 -0.379623 -0.638678
5.186142 -33.53345 17.43768 6.732278 6.875014 2.405892 4.198961 0.14508 0.586619
-8.813858 -33.53345 17.43768 4.352698 3.910494 2.975241 2.964294 -2.226572 -2.952668
11.18614 -35.53345 17.43768 3.952331 3.235344 1.551275 2.403087 2.364574 2.205822
9.186142 -35.53345 17.43768 2.475692 3.308532 2.116524 3.2709 2.203902 2.227692
7.186142 -35.53345 17.43768 3.834527 3.911386 2.44346 3.39191 3.15626 2.529109
5.186142 -35.53345 17.43768 5.416448 3.614119 3.347301 3.330432 3.467624 1.794917
-8.813858 -35.53345 17.43768 1.775218 1.496991 -0.141227 0.900909 0.240493 0.07867
11.18614 -37.53345 17.43768 0.246966 0.666559 0.03737 1.681804 3.115916 3.825106
9.186142 -37.53345 17.43768 -0.74279 1.226968 -1.00811 1.175868 2.037329 3.268751
7.186142 -37.53345 17.43768 2.587099 3.648875 0.767273 2.405078 2.133379 1.9955
-6.813858 -37.53345 17.43768 -0.195456 3.745328 -5.54509 -1.385105 -2.489823 -0.425502
-8.813858 -37.53345 17.43768 -0.379659 3.155241 -5.171201 -1.590941 -2.18657 0.072662
9.186142 -39.53345 17.43768 -0.752392 0.7235 -0.409061 1.670417 0.238646 1.218985
7.186142 -39.53345 17.43768 0.714795 1.115379 -2.527564 -0.997657 1.869953 2.254391
-4.813858 -39.53345 17.43768 -9.078659 -1.162459 -11.57253 -3.39331 -7.107427 -1.30818
-6.813858 -39.53345 17.43768 -2.370521 1.845108 -5.801113 -1.9583 -3.371957 -1.11925
-8.813858 -39.53345 17.43768 -0.56099 2.263619 -4.424422 -0.594398 -1.739998 0.641412
9.186142 -41.53345 17.43768 -0.071777 -0.518852 1.711794 2.360811 -0.674548 -0.547112
7.186142 -41.53345 17.43768 0.048746 0.660842 -2.284095 -0.615936 -0.83182 0.954213
5.186142 -41.53345 17.43768 4.774086 4.311509 -0.767759 0.321756 -2.627569 -1.84594
-4.813858 -41.53345 17.43768 -4.388375 -1.792655 -6.495358 -3.369029 -3.084266 -1.662389
-6.813858 -41.53345 17.43768 0.075404 1.068458 -2.12979 -0.91922 -1.675485 -1.648273
9.186142 -43.53345 17.43768 -0.52772 0.331096 2.709895 3.471642 -0.511009 -0.112111
7.186142 -43.53345 17.43768 1.15729 1.969222 1.916184 2.511492 1.73806 2.145954
5.186142 -43.53345 17.43768 1.690213 2.087139 0.944664 0.829207 -1.848915 -2.382128
-4.813858 -43.53345 17.43768 0.886215 0.839997 -3.40704 -2.501344 -2.357525 -2.95121
-6.813858 -43.53345 17.43768 -0.377325 -0.075521 -1.930288 -1.844058 -2.372149 -2.389878
7.186142 -45.53345 17.43768 3.209474 2.058558 1.720664 1.761257 1.431605 0.686334
5.186142 -45.53345 17.43768 1.62777 0.191065 0.962279 0.023788 -2.075134 -3.151109
-2.813858 -45.53345 17.43768 5.682169 3.197745 3.706019 2.444164 1.194389 0.862319
-4.813858 -45.53345 17.43768 2.370156 2.059403 -0.133404 0.233982 0.030339 -0.229238
7.186142 -47.53345 17.43768 4.291483 1.543284 -0.416115 -1.353511 1.036946 -0.645265
5.186142 -47.53345 17.43768 4.541501 2.276305 0.968737 0.452763 -1.005022 -0.906086
-2.813858 -47.53345 17.43768 2.711433 0.549572 2.249232 1.398068 1.933653 1.942553
7.186142 -49.53345 17.43768 2.408031 0.816109 -0.792836 -0.417564 -0.334424 0.067012
9.186142 -29.53345 19.43768 1.16139 3.952011 3.730444 5.102215 -1.737857 0.618227
11.18614 -31.53345 19.43768 -1.090883 3.309165 5.337667 8.243494 -1.43599 1.910086
9.186142 -31.53345 19.43768 -0.011923 3.643318 0.088632 3.578605 -2.236937 -0.152692
7.186142 -31.53345 19.43768 6.400131 4.839209 1.285555 3.12821 1.394064 1.872494
11.18614 -33.53345 19.43768 3.190716 2.512158 6.311805 7.077641 -1.919567 -0.749624
9.186142 -33.53345 19.43768 2.457042 2.528515 5.123099 5.89571 0.224384 0.36943
7.186142 -33.53345 19.43768 5.556361 5.162362 2.734356 4.054854 1.574111 1.692445
5.186142 -33.53345 19.43768 9.12414 8.381048 5.354216 8.493673 3.47643 4.470239
7.186142 -35.53345 19.43768 5.17618 4.268157 4.723082 5.539958 2.469529 2.371202
5.186142 -35.53345 19.43768 6.447507 4.706406 4.407534 5.314198 2.483399 2.17734
7.186142 -37.53345 19.43768 4.350054 2.787627 5.185629 4.792017 2.493161 2.078725
5.186142 -37.53345 19.43768 5.714432 4.190517 4.888827 5.724376 3.285775 2.886926
11.18614 -39.53345 19.43768 5.86973 1.063578 2.63263 1.627215 -2.271341 -1.115852
9.186142 -39.53345 19.43768 4.820392 -0.375296 4.12393 2.875529 1.141122 1.030211
7.186142 -39.53345 19.43768 3.066338 1.640433 3.016464 3.636779 1.31338 1.90565
5.186142 -39.53345 19.43768 3.841257 4.332178 1.618641 4.62043 1.867412 3.035249
-6.813858 -39.53345 19.43768 -3.918256 2.112305 -5.795955 -0.179845 -3.403585 0.296943
11.18614 -41.53345 19.43768 7.105635 4.761649 1.896012 1.747161 -5.21382 -3.293639
9.186142 -41.53345 19.43768 3.551775 0.020728 2.169791 1.32698 -1.93575 -1.327671
7.186142 -41.53345 19.43768 1.40465 0.878796 0.058588 1.117151 -1.00283 0.235474
5.186142 -41.53345 19.43768 2.780041 3.494815 -0.818965 1.370386 0.254329 1.395112
-4.813858 -41.53345 19.43768 -3.843937 -1.098919 -3.758998 -0.122537 -2.310925 -0.138349
-6.813858 -41.53345 19.43768 -1.274439 0.974367 0.07882 2.303047 -0.737535 -0.092206
-8.813858 -41.53345 19.43768 0.325971 1.649003 0.597248 2.766963 0.295929 0.928674
13.18614 -43.53345 19.43768 7.983042 9.715009 2.567891 6.079895 -4.71397 -1.06983
11.18614 -43.53345 19.43768 6.586894 7.637046 1.190912 3.72656 -5.432113 -2.369007
9.186142 -43.53345 19.43768 1.647553 2.700545 2.017355 3.784685 -5.31915 -2.216044
7.186142 -43.53345 19.43768 1.768837 1.894755 2.931562 3.976748 -2.922877 -0.747097
5.186142 -43.53345 19.43768 2.674294 2.833277 1.172118 1.685181 -0.740697 0.032783
-6.813858 -43.53345 19.43768 -0.402325 0.380864 -0.671585 -0.098014 -3.183637 -2.774308
11.18614 -45.53345 19.43768 4.507544 6.824292 0.234241 3.979036 -3.697632 -0.856028
9.186142 -45.53345 19.43768 0.135862 3.191024 -1.110559 3.144007 -4.820283 -1.491802
7.186142 -45.53345 19.43768 3.707236 4.002489 3.770364 5.792363 -2.181236 0.286992
-4.813858 -45.53345 19.43768 -0.849734 0.366788 -1.519326 -0.435037 -1.866389 -1.512075
9.186142 -47.53345 19.43768 0.589866 2.731139 -2.16423 0.797362 -3.67587 -1.962211
7.186142 -47.53345 19.43768 4.554275 2.462978 2.420088 2.501366 1.892285 1.193689
9.186142 -49.53345 19.43768 0.521021 1.028093 -0.833332 0.562231 -2.20505 -1.410791
7.186142 -49.53345 19.43768 2.861468 1.051901 1.243564 1.314184 -0.922238 -0.823864
11.18614 -33.53345 21.43768 1.210454 1.648435 6.59497 5.914656 0.412331 0.280438
9.186142 -33.53345 21.43768 0.859907 1.428453 4.541336 4.534136 1.929518 1.458882
7.186142 -33.53345 21.43768 2.323047 1.849278 4.381934 5.245474 2.035439 2.3953
11.18614 -35.53345 21.43768 4.626047 2.469171 5.410863 2.78405 2.221117 1.142447
9.186142 -35.53345 21.43768 6.612294 4.646639 8.805165 5.973105 4.47578 3.396135
7.186142 -35.53345 21.43768 5.454946 3.500087 6.795592 5.925542 4.110055 3.368715
5.186142 -35.53345 21.43768 -0.5801 -0.549947 1.823923 3.519871 1.31848 1.829203
13.18614 -37.53345 21.43768 2.843325 5.79025 1.020866 2.648166 -1.975063 -0.773524
11.18614 -37.53345 21.43768 3.86119 4.405714 -0.155306 0.875303 -2.436266 -0.645188
9.186142 -37.53345 21.43768 7.639915 4.757676 5.765654 3.485164 1.757443 1.394796
7.186142 -37.53345 21.43768 8.528799 3.742057 9.988228 7.559948 5.895676 4.311
5.186142 -37.53345 21.43768 2.50848 1.352095 2.9279 5.490449 3.671077 4.737081
11.18614 -39.53345 21.43768 12.3892 7.895255 2.360463 0.502774 0.695336 -0.714564
9.186142 -39.53345 21.43768 11.14346 5.499053 4.38536 1.405423 3.538445 1.82755
7.186142 -39.53345 21.43768 10.13227 6.100229 7.745579 5.986335 5.874745 4.708893
9.186142 -41.53345 21.43768 7.589134 3.908096 1.014529 -0.724361 0.951865 -0.027017
7.186142 -41.53345 21.43768 5.810616 4.925159 2.313381 2.473405 2.450717 2.702384
7.186142 -43.53345 21.43768 4.79171 3.282965 2.432003 2.163445 -0.015831 -0.107467
-4.813858 -43.53345 21.43768 -2.34094 -0.510059 0.449802 1.584507 -1.319188 -0.234493
-6.813858 -43.53345 21.43768 -0.171251 -0.073249 0.810822 1.341953 -0.15772 0.318692
11.18614 -35.53345 23.43768 5.984081 4.90694 8.297278 8.495597 4.381183 4.909379
9.186142 -35.53345 23.43768 7.098919 5.7363 7.596009 8.307136 3.969499 5.295793
11.18614 -37.53345 23.43768 7.048798 9.763893 4.153418 6.638642 1.496302 2.335082
9.186142 -37.53345 23.43768 12.0344 11.15553 10.6823 11.12043 6.337182 6.139807
7.186142 -37.53345 23.43768 16.30112 12.41838 15.72928 15.97952 9.056303 9.121953
