14.23135 8.356453 9.491379 -0.736918 -3.074967 -2.740511 -3.955092 -1.610938 0.390332 2.021464 -1.991093 -1.608816 0.483615 -1.879465 2.455064
14.23135 6.356453 9.491379 -1.658549 -1.291674 -0.855733 -1.597765 -0.844173 -1.704242 -0.687265 -1.211129 -0.627641 -0.229175 -0.217335 -2.244752
12.23135 12.35645 11.49138 -4.248537 -3.738518 -2.63653 6.762083 0.087108 -1.279086 0.463556 0.682087 0.580335 0.75257 -2.059193 3.748721
12.23135 10.35645 11.49138 4.798107 -7.176467 -2.474744 3.432173 -1.945974 0.986806 2.05157 -0.596536 1.25221 0.167557 -1.585723 -2.026767
10.23135 10.35645 11.49138 4.794513 -5.612613 -0.09279 4.582394 -2.370671 0.667561 1.882981 -1.932985 1.398797 -2.070291 0.27972 0.186659
8.231346 10.35645 11.49138 2.157278 -6.951097 1.50773 1.02066 -1.60537 -0.576791 2.325691 -1.659575 -0.27841 -2.028597 0.895724 -0.329731
-5.768654 10.35645 11.49138 -3.802708 0.198811 0.09952 -0.517978 -3.207294 0.054181 -2.697439 2.451606 2.623684 0.867377 -1.494195 1.199261
-7.768654 10.35645 11.49138 0.169633 -1.137465 0.95213 1.036942 -0.93918 -0.489857 -1.757882 3.854938 2.63831 3.445558 -0.42607 1.407344
14.23135 8.356453 11.49138 -3.243763 -2.033357 -4.312855 -0.396316 -2.3946 -0.691961 0.305953 -0.224571 -1.055122 3.201965 -1.63898 1.625555
12.23135 8.356453 11.49138 -3.293981 -3.032468 -3.854875 0.24702 -0.422201 0.458863 2.142426 0.388265 -0.562208 2.65105 -2.291863 2.737349
10.23135 8.356453 11.49138 3.909836 -2.54341 0.322009 -1.07388 1.251502 -0.816686 2.161443 0.010107 0.217922 -1.396015 -3.765253 1.101873
8.231346 8.356453 11.49138 3.819448 -4.305253 3.904285 -1.453432 1.341845 -1.518477 1.399688 -1.423148 1.178082 -1.972465 -2.824631 -1.340329
-5.768654 8.356453 11.49138 3.54117 -2.297592 3.943506 -4.935987 4.692152 -2.736932 -0.868399 0.660581 3.63012 -1.714282 -0.432499 -2.144104
-7.768654 8.356453 11.49138 3.371729 -0.561779 3.604953 -1.601058 0.774917 -1.834743 0.193486 0.883862 1.836812 0.838773 -0.919367 0.168302
14.23135 6.356453 11.49138 -2.609573 3.236233 -0.740156 -0.613888 1.541994 -1.756903 -0.031875 0.230512 -1.319827 0.47163 -1.241696 -0.982744
-3.768654 6.356453 11.49138 2.769041 -2.829179 -3.726475 -4.084667 7.656675 -0.471734 0.883899 -0.575412 -0.127081 -2.133957 -0.492908 -5.089593
-5.768654 6.356453 11.49138 2.238758 -4.702383 -1.971908 -5.095129 4.056157 -3.795257 -0.661842 -0.682441 0.299829 -4.435483 -0.797355 -5.427743
-7.768654 6.356453 11.49138 1.59338 -3.908556 0.063326 -4.255984 -2.712012 -1.405107 0.128886 -0.389003 0.198771 -1.928291 -2.580269 -2.139442
14.23135 4.356453 11.49138 -1.443295 0.100077 -2.767336 -3.666672 -1.372336 -1.965403 -1.934739 -0.081401 -1.832747 -0.212659 -0.624828 -1.376362
-3.768654 4.356453 11.49138 -0.873271 6.896574 0.182402 1.451422 2.544039 2.180062 -0.6337 -2.318123 1.148283 1.828231 -1.701293 -3.7236
-5.768654 4.356453 11.49138 -0.00655 -2.684851 -1.108266 -1.677304 1.423277 -3.74982 -0.522126 -2.551215 0.387215 -0.175116 -0.986221 -3.637742
-7.768654 4.356453 11.49138 3.647436 -2.485025 -4.501607 -1.177613 1.597775 -2.908911 -1.408328 -2.055194 0.589515 0.707566 -1.228619 0.005023
10.23135 10.35645 13.49138 4.788553 -4.451375 1.472593 2.99592 -2.181036 1.614803 2.185051 -0.776716 0.845876 -0.950186 0.257681 2.268332
8.231346 10.35645 13.49138 1.821464 -10.48701 3.198363 -3.9574 -1.514313 -1.891037 3.477184 -1.52112 0.352386 -2.056619 -0.67968 -1.767014
-5.768654 10.35645 13.49138 1.677983 -2.885439 4.170517 -1.069892 -1.165294 -0.130392 0.660987 0.713919 1.661536 -0.225317 1.032033 -2.211678
-7.768654 10.35645 13.49138 3.810645 -5.798596 6.211258 -1.679484 -0.575983 -2.122327 0.707961 2.722079 1.955336 2.716565 0.860853 -1.230595
12.23135 8.356453 13.49138 0.744209 -1.600908 -4.120861 1.822061 1.921363 -1.868821 0.078357 0.868127 0.668584 1.249496 -1.319093 3.260127
10.23135 8.356453 13.49138 6.001593 -2.906632 -0.76756 0.72542 -1.849132 -0.97669 1.899445 1.308558 0.274968 -1.600376 -1.763183 2.852318
8.231346 8.356453 13.49138 1.743 -3.585612 -0.838421 -1.080492 -0.962297 -4.007281 2.906497 0.207934 -0.22195 -1.137221 -3.104961 -0.858099
6.231346 8.356453 13.49138 -6.916646 -5.990879 -4.22681 -5.254287 0.304143 -6.501837 2.382027 -0.314735 -0.78191 -2.760351 -1.223808 -3.005666
-3.768654 8.356453 13.49138 -2.577871 -5.579338 0.519019 -1.75948 1.047702 -2.246454 0.260471 -0.871555 1.538681 -0.245472 -0.434637 -1.58207
-5.768654 8.356453 13.49138 0.258714 -4.709296 1.080934 -4.420383 -0.154085 -0.266846 0.283966 1.002499 1.050458 -0.900994 -0.9441 -3.722556
-7.768654 8.356453 13.49138 2.058431 -6.228368 3.762674 -0.68388 0.016399 0.268738 -0.319633 2.698123 -0.057428 1.165464 -0.578699 -1.83725
12.23135 6.356453 13.49138 -1.309234 -2.361224 -0.822353 1.356784 -0.487465 -2.195801 -2.262362 0.189926 -0.777824 -2.610521 -0.278291 -0.908271
10.23135 6.356453 13.49138 -0.851543 -2.028738 2.15929 4.164596 -1.462007 -3.125336 0.564215 2.185715 0.017916 -0.98586 -1.998353 1.622561
8.231346 6.356453 13.49138 -3.687946 -1.840291 3.996505 6.03471 1.109838 -6.338585 2.455314 1.379784 0.18426 0.368305 -3.385075 3.666091
-3.768654 6.356453 13.49138 1.969489 -6.805965 -4.472059 -2.557957 4.237795 -1.902267 2.575667 -0.121719 -0.998156 -2.526528 -0.042452 -2.87841
-5.768654 6.356453 13.49138 -0.398423 -7.130213 -3.650947 -4.942347 1.13033 -0.483923 0.177514 -0.951686 -0.829737 -1.352217 -2.069022 -2.870069
-7.768654 6.356453 13.49138 1.103884 -5.611434 0.077305 -1.026178 0.523305 2.119003 -0.18416 0.429544 -0.023835 -0.051801 -1.395282 -2.54341
14.23135 4.356453 13.49138 2.15341 -2.613311 -1.210933 -3.491551 -0.74941 -0.192594 0.024652 -0.069813 0.75606 -0.136958 0.591922 -1.340383
12.23135 4.356453 13.49138 4.095564 -0.226109 1.654477 2.280494 1.698057 2.026422 -2.811986 1.858049 0.35812 0.536128 2.042443 0.597465
10.23135 4.356453 13.49138 1.084436 -0.376726 1.582192 1.503893 0.352852 -0.235363 -0.605438 -0.684497 0.663114 1.298267 -0.75176 0.545375
-3.768654 4.356453 13.49138 0.480999 -3.131708 0.550618 3.208943 4.191581 2.860976 0.595141 -1.38942 -0.415318 0.056773 -0.491131 -1.081184
-5.768654 4.356453 13.49138 -1.113482 -6.378633 -1.993186 3.763638 0.866433 2.855758 -1.41607 -0.600224 -0.863044 -0.21468 -2.685837 -1.831003
-7.768654 4.356453 13.49138 4.897073 -7.163621 -1.86892 1.123208 3.050805 2.024703 -1.710901 -0.210817 -0.392173 0.519493 -2.849049 -3.159098
-9.768654 4.356453 13.49138 7.86469 -6.988372 -3.048046 -1.161467 2.341707 -0.903149 -1.134693 -0.666307 -1.435621 -1.410233 -2.432009 -2.10509
-5.768654 2.356453 13.49138 -2.423532 1.934972 -3.271353 5.586685 1.520952 2.690706 -1.782607 -2.840301 1.037055 -0.305305 -0.709006 0.728541
-7.768654 2.356453 13.49138 2.859245 -5.840333 -3.516186 -0.492473 1.037958 -0.042927 -0.895232 -1.621302 -0.699608 -0.914943 -2.787428 -3.858815
-9.768654 2.356453 13.49138 3.044466 -5.694244 -4.742049 -1.525348 -1.968043 -1.319954 -1.971174 -1.698734 -2.109884 -1.564252 -2.194136 -6.352894
-5.768654 0.356453 13.49138 -1.304258 -1.56464 -5.04597 -0.805291 0.675271 -1.288052 -1.075357 -5.159751 0.826596 -0.516752 -0.29525 0.565167
-7.768654 0.356453 13.49138 0.10545 -1.475542 -0.298773 0.754481 0.356881 0.998079 -0.271045 -2.171671 -0.676087 -1.264135 -0.575345 -0.51618
-9.768654 0.356453 13.49138 2.612404 -1.264208 -2.478086 -2.466195 -0.024577 0.946824 -0.676782 -1.314049 -2.55427 -2.235046 -2.944637 -5.631747
8.231346 10.35645 15.49138 -1.282702 -8.028234 -0.876762 -6.151742 -2.888948 -0.546583 0.869412 0.747817 -1.486912 -1.529168 -5.419801 -6.646091
10.23135 8.356453 15.49138 5.911456 -2.245317 2.342048 -4.595606 -1.478186 1.364537 0.388799 -0.245319 2.800922 -0.317491 0.029802 -2.211338
8.231346 8.356453 15.49138 0.449512 -3.832019 2.633144 -6.275699 -1.438117 0.640059 -0.340286 -0.098203 -1.622929 -0.659204 -3.412563 -5.208311
6.231346 8.356453 15.49138 -3.320782 -6.929539 2.292134 -3.285359 0.885859 -2.205039 -2.138378 -0.040188 -2.467597 -1.558098 -0.044748 -4.354887
-3.768654 8.356453 15.49138 -5.965883 -1.750192 -2.472655 -3.836645 -5.827229 -1.839668 -1.511169 -1.459236 1.037746 -0.673045 -3.826369 0.211482
-5.768654 8.356453 15.49138 -4.095854 0.125941 -3.330899 -0.775003 -3.185971 2.409683 0.13245 3.563927 -0.679102 2.936996 -2.143944 1.533622
12.23135 6.356453 15.49138 6.615359 -2.288844 6.314475 5.434088 0.605134 0.623817 0.887423 1.910543 4.533307 -0.611525 2.74845 3.594005
10.23135 6.356453 15.49138 10.03574 -0.892327 9.109303 3.313537 2.841953 1.043035 2.584722 1.726488 4.039245 0.575117 3.577291 2.000193
8.231346 6.356453 15.49138 0.276985 -0.614486 5.466422 5.15782 -0.513103 -1.192194 -0.424411 1.249317 -0.133337 0.444498 -0.255783 1.703804
6.231346 6.356453 15.49138 -4.152094 -4.451745 1.969888 3.571248 -3.198032 -1.648475 -1.898123 0.523298 -1.14854 0.390125 -0.538834 -0.623169
-3.768654 6.356453 15.49138 -6.814661 -1.366905 -6.466739 1.361197 -3.224666 1.381329 -2.327541 2.636963 -0.133164 -1.100396 -3.160905 0.913596
-5.768654 6.356453 15.49138 -1.524563 -2.418087 -4.344285 -1.067471 -0.469298 2.373841 -1.352934 0.569736 -0.568781 1.713462 -2.94841 1.358807
-7.768654 6.356453 15.49138 4.971297 -2.971992 -2.398237 1.688791 3.137799 1.09438 1.081962 0.421388 1.515943 2.097687 -1.692261 -0.180304
12.23135 4.356453 15.49138 -2.484591 0.706707 2.239701 3.961183 -4.044773 3.88918 1.242013 4.727304 0.417647 2.345951 -0.32634 1.166847
10.23135 4.356453 15.49138 2.192686 0.265888 1.49196 7.313788 -1.562008 1.741758 1.677915 3.098809 0.910912 2.724395 0.204493 1.591087
8.231346 4.356453 15.49138 -0.245593 -0.020599 3.33468 8.142992 1.750244 -2.280583 -1.572577 3.257973 1.069889 1.821925 -0.444416 0.875735
-3.768654 4.356453 15.49138 0.178313 -1.869576 -2.937074 7.877868 5.237362 2.164876 -0.455542 2.160863 0.221314 1.179302 -1.456996 1.255566
-5.768654 4.356453 15.49138 2.277049 -2.503092 -0.543259 5.577703 3.021377 3.436775 -0.626069 2.283531 -0.586728 1.571885 -3.591245 -0.465676
-7.768654 4.356453 15.49138 6.703816 -2.961017 -0.664952 2.285087 2.986061 2.991946 0.322114 0.715177 -0.486816 1.806017 -3.120643 0.003148
-9.768654 4.356453 15.49138 2.575169 -4.542026 -0.472565 -1.933611 -0.540256 2.474131 0.271839 -1.819916 -0.29719 -2.001846 -2.820793 -1.530078
14.23135 2.356453 15.49138 3.839249 -3.872458 3.284092 -1.522649 0.682099 3.416471 0.337621 0.028734 -1.080798 3.600371 -1.623808 -5.299898
12.23135 2.356453 15.49138 0.058904 -2.881212 1.922254 1.635832 -2.237833 4.349931 0.728157 5.532585 -0.480375 4.479207 0.39287 -1.995641
10.23135 2.356453 15.49138 1.555377 -2.855264 0.002076 1.710629 0.57736 1.372502 0.897356 4.27016 0.336008 2.786806 -1.524282 -1.812812
-3.768654 2.356453 15.49138 0.78909 4.556975 0.156465 5.134856 2.496139 1.621818 1.422382 0.004185 2.634231 0.513716 -1.243584 2.906847
-5.768654 2.356453 15.49138 1.557209 2.260172 -2.388873 3.40883 4.14447 -0.142702 -0.758781 -0.049189 0.779195 -1.682011 -2.136196 0.11896
-7.768654 2.356453 15.49138 4.211179 -6.075751 -3.656172 -2.220894 3.247866 -1.143557 -0.470128 -1.449075 -1.160387 -1.193092 -2.748479 -2.802047
-9.768654 2.356453 15.49138 2.834861 -7.387841 -0.496277 -1.63441 -0.835442 0.6244 -0.097127 -3.448107 -0.973248 -0.912606 -3.025155 -5.265512
16.23135 0.356453 15.49138 2.097413 -9.281438 1.885132 -6.916209 1.88164 -0.458925 0.45346 -1.107859 -0.77839 0.664388 -1.059116 -1.806086
14.23135 0.356453 15.49138 0.98154 -5.046432 -1.26182 -4.050175 -0.191893 2.616386 0.368311 -0.229453 -0.021693 1.923698 -2.20502 -1.365628
12.23135 0.356453 15.49138 -1.566965 -3.360161 0.857486 -0.159027 -1.082858 5.279282 -0.536361 1.581171 1.032041 1.704425 -0.589077 0.994815
-3.768654 0.356453 15.49138 -1.622341 4.778306 -4.053236 1.978324 -0.44898 0.448031 -0.620146 -3.010089 1.696393 -0.566756 -4.875857 0.947513
-5.768654 0.356453 15.49138 -6.678055 1.848593 -1.633881 1.687515 -0.98003 -1.476822 0.160706 -2.657422 2.054896 -2.345129 -2.145611 -0.9621
-7.768654 0.356453 15.49138 0.841622 -1.584119 -3.882713 0.413564 1.082543 -0.84418 1.564701 -1.510797 0.600662 -1.475438 -0.251769 0.114312
-9.768654 0.356453 15.49138 5.197197 -5.755576 -3.974002 0.439865 0.4715 0.066117 1.043674 -2.206677 -0.149397 -1.951147 -2.556914 -4.10102
-11.76865 0.356453 15.49138 3.359362 -2.352892 -0.303698 1.24465 -0.751727 1.124984 2.190045 -0.457974 0.858536 0.148869 -0.418933 -3.416519
-7.768654 -1.643547 15.49138 2.455355 4.98615 -4.514466 1.809886 -0.760007 2.049353 1.161659 0.292074 -0.367172 -0.217978 -1.20864 1.748937
-9.768654 -1.643547 15.49138 6.821572 -2.570962 -2.424955 0.144706 -0.949624 1.334845 0.808639 -0.611841 -1.059253 -0.292524 -3.630018 -2.582317
-11.76865 -1.643547 15.49138 7.896987 -4.025943 -0.00871 -1.785659 -1.319754 0.554048 1.733852 -0.27773 -0.468837 -1.128913 -1.954924 -5.496387
-9.768654 -3.643547 15.49138 1.258228 0.664727 -3.277776 -0.47129 -3.664831 0.00334 -1.620925 1.214656 -2.118576 1.924733 -5.674077 -1.96133
8.231346 10.35645 17.49138 -4.047745 5.242399 2.113382 -2.544006 0.276705 1.005879 -0.409483 1.597768 -2.036232 0.478733 -2.302599 -5.107068
6.231346 10.35645 17.49138 -3.428482 8.125712 5.189087 2.792845 2.677098 2.264423 -1.061784 3.053575 -2.319916 1.92936 2.528231 -0.089355
-1.768654 10.35645 17.49138 0.494062 2.220781 2.651786 6.266913 6.368929 -0.183078 -1.171898 3.017414 1.488306 3.250875 1.856123 4.176807
-3.768654 10.35645 17.49138 0.736604 1.85922 0.553717 3.109763 4.293868 -0.003231 -0.83088 1.587275 1.364321 3.986937 2.563078 4.917378
10.23135 8.356453 17.49138 -3.769895 -1.388182 2.951088 -11.61353 2.125434 -1.397828 0.592279 -3.662007 1.457343 0.055712 0.623377 -3.548837
8.231346 8.356453 17.49138 -3.057014 3.432802 2.542221 -6.785901 2.313354 2.46325 -1.42979 -1.983612 -2.137387 -0.102544 0.139674 -3.401605
6.231346 8.356453 17.49138 -5.554737 4.52807 1.880653 -2.925987 2.372029 3.376321 -1.851154 -0.010405 -2.485063 -0.243557 1.896696 -1.361186
-1.768654 8.356453 17.49138 -5.655798 -1.737701 1.840029 3.781917 1.968449 -0.660688 -0.327836 0.563578 0.548697 1.744872 -2.759486 6.943576
-3.768654 8.356453 17.49138 -5.935309 1.415923 -0.098165 3.088279 -2.491424 -2.113395 -2.854776 0.512705 -0.339597 2.296468 0.050001 6.412912
-5.768654 8.356453 17.49138 -0.252208 -0.745296 -3.640942 -0.570921 -1.859787 -0.955595 0.106449 1.106425 -2.282345 0.670444 -0.487299 2.440749
10.23135 6.356453 17.49138 5.313787 -0.877252 9.696547 -0.666756 4.939612 -0.59536 3.278853 -0.193134 3.819118 0.56323 4.787409 -1.07801
8.231346 6.356453 17.49138 1.989578 0.857495 -0.056867 0.698168 1.132053 -1.272796 -1.808093 -0.731893 0.182804 0.792238 1.923034 -0.686901
6.231346 6.356453 17.49138 -1.755596 4.468382 -5.200899 0.520848 -1.11613 0.305377 -1.433034 -0.274689 -1.575809 -1.011471 -1.014196 -0.143214
-1.768654 6.356453 17.49138 -5.339452 3.676005 -2.417986 6.910353 -1.260227 2.54689 -0.696606 3.172079 0.726559 2.898895 -1.923156 6.181578
-3.768654 6.356453 17.49138 -3.768175 0.727316 -1.240841 4.234596 -4.977797 0.852893 -2.727457 3.554444 0.123226 1.919485 -0.967905 5.529913
-5.768654 6.356453 17.49138 1.87731 -4.303303 -6.04002 -0.612918 -2.261162 -1.317277 -1.316464 -0.572432 0.193391 -0.838747 -2.225158 0.661254
-7.768654 6.356453 17.49138 2.665986 -3.452588 -5.210202 3.059878 4.566923 1.291901 -0.024946 0.040216 0.076762 0.728579 -1.940984 0.561464
12.23135 4.356453 17.49138 -8.187209 5.063029 4.067598 3.614432 -3.776386 1.65648 3.618688 3.437675 1.038745 1.497763 -1.462664 1.670589
10.23135 4.356453 17.49138 -1.992806 2.29361 4.312099 7.046263 -5.05547e-05 -0.18101 1.774722 2.889444 0.71388 -0.158172 -0.103002 -1.092626
8.231346 4.356453 17.49138 0.342156 2.689245 -2.110974 7.411506 2.584865 -2.106064 -0.946738 4.537539 2.213701 1.191128 0.09127 -2.976331
6.231346 4.356453 17.49138 4.169466 7.206987 -3.013582 2.892805 1.813613 -0.918199 1.100346 3.172627 0.374836 1.407999 -1.770423 -1.030609
-1.768654 4.356453 17.49138 -1.465175 6.13155 -4.889249 7.139352 3.186498 3.781178 -0.396155 2.51278 -0.689813 1.632544 1.500723 4.020877
-3.768654 4.356453 17.49138 0.133822 0.715756 -0.326027 4.841455 2.748729 1.150189 0.037873 2.663289 0.127308 1.495107 -1.112993 1.832982
-5.768654 4.356453 17.49138 5.969588 -2.599676 -1.69989 2.290234 2.470918 0.802415 0.963558 0.572961 1.007063 2.233103 -3.361101 -1.312563
-7.768654 4.356453 17.49138 2.698678 0.535658 -5.985639 4.951548 1.461685 6.990132 -0.254791 0.002187 -1.420646 3.331643 -4.263359 3.07921
14.23135 2.356453 17.49138 -3.565378 -2.573244 0.650952 -2.861472 -0.437398 2.381146 1.071397 1.250794 -1.232451 1.835839 -0.021906 -5.700796
12.23135 2.356453 17.49138 -5.977066 1.144507 3.940355 -0.635985 -2.760539 3.732677 1.797811 4.989852 -2.025922 1.06159 -0.054164 -3.028984
10.23135 2.356453 17.49138 -1.245762 0.742842 2.305648 3.064757 1.784159 -0.984222 -0.499275 4.067616 -1.12662 0.246376 -1.498391 -4.774594
-3.768654 2.356453 17.49138 0.835419 2.650073 -0.067438 5.718149 0.619695 -0.612695 0.210997 1.188172 0.600293 1.478855 -0.184036 -0.137266
-5.768654 2.356453 17.49138 1.930223 1.42009 -5.018294 3.649306 0.627861 -0.216519 0.831249 0.927456 0.15395 2.836416 -3.490242 -1.778662
-7.768654 2.356453 17.49138 1.367034 2.550474 -7.289654 2.168466 2.556016 2.386058 0.770791 0.62137 -1.271816 3.530064 -1.914569 0.354794
-9.768654 2.356453 17.49138 1.860856 -5.24636 -0.982365 0.898218 1.126399 0.733699 -0.023909 -1.959257 -0.733285 0.528909 0.813529 0.963653
16.23135 0.356453 17.49138 -2.86975 -2.741801 -1.146015 -0.521455 -0.562937 1.943775 0.369973 0.509324 -1.034413 2.068596 -0.536537 -1.126855
14.23135 0.356453 17.49138 -3.928694 -3.909751 -4.244919 -0.123271 -0.984108 2.277215 1.273426 1.36805 -0.838272 1.486891 -2.24963 -1.667941
12.23135 0.356453 17.49138 0.447764 -2.486395 -0.299491 -2.019905 1.285403 2.64739 1.363472 2.588022 1.1065 -0.185141 0.308146 -2.979834
10.23135 0.356453 17.49138 1.892405 -2.216012 1.289775 -2.677902 1.791313 1.611951 -0.351452 0.469864 1.684841 -1.697705 0.714716 -3.333886
-3.768654 0.356453 17.49138 0.11407 5.64171 -0.702857 4.465377 0.309891 -0.220929 -4.122306 -1.264928 -0.839747 -0.407454 -1.828827 -0.000188
-5.768654 0.356453 17.49138 -6.346397 2.920475 -1.19157 6.135574 -3.27617 -2.838346 0.36274 -1.551336 0.602027 0.225218 -2.424042 -4.093492
-7.768654 0.356453 17.49138 -0.238205 3.558982 -3.030385 3.809886 0.832242 -2.458725 0.618655 1.055879 1.603014 2.21986 1.479657 -1.182131
-9.768654 0.356453 17.49138 3.635869 -4.902321 -3.944319 1.308047 1.026544 -1.668326 0.373036 0.624107 1.812924 0.582639 1.496564 -0.423202
-11.76865 0.356453 17.49138 2.851095 -4.720425 0.920324 2.908731 0.712309 -0.249445 1.844223 0.137251 1.949145 0.719848 1.885716 1.666869
-5.768654 -1.643547 17.49138 -7.138443 2.701391 -0.353373 4.280963 -4.811432 -2.299365 -0.355936 -1.625852 1.74833 -1.823296 -0.740461 -2.798188
-7.768654 -1.643547 17.49138 -1.559493 5.490755 -2.104685 3.622576 -1.302714 -1.457342 -0.191584 1.59025 1.605483 0.992243 1.419618 0.104769
-9.768654 -1.643547 17.49138 -0.748964 -2.572687 -2.272002 3.600734 0.859723 -0.42031 -0.855472 1.323484 1.314554 0.652909 -2.043128 -0.440075
-11.76865 -1.643547 17.49138 3.913613 -7.815048 -0.536402 1.867116 0.375337 -0.280673 0.454964 -1.200575 0.713031 -1.275499 -1.506066 -0.731927
-7.768654 -3.643547 17.49138 -4.298387 5.358882 -5.739391 -0.051889 -3.09287 0.245538 -2.368165 0.918261 -0.016105 0.096727 0.391958 0.700975
-9.768654 -3.643547 17.49138 -3.556698 1.198572 -1.971353 2.426322 0.134062 -0.57391 -3.008623 1.826171 -2.152374 2.445584 -5.961075 0.095344
-11.76865 -3.643547 17.49138 3.181599 -3.162484 -0.059778 -1.069732 2.114769 -1.351261 -0.915758 0.096513 -1.749583 -0.401579 -3.458027 -0.59697
6.231346 12.35645 19.49138 -1.633196 1.064323 3.698772 0.400736 3.012804 2.222871 -0.40309 1.331524 0.980244 2.024822 -0.452412 -1.713123
6.231346 10.35645 19.49138 -2.426174 4.518829 6.11791 -1.227199 5.016513 2.878912 -0.254619 2.644559 1.098239 0.55738 2.381916 0.755891
-1.768654 10.35645 19.49138 1.27236 -1.069844 0.871751 -2.4556 4.16578 -2.012192 -2.303311 2.240475 0.597233 4.258689 2.721262 0.871739
-3.768654 10.35645 19.49138 -0.667072 -3.065007 -0.342767 -0.945756 3.409667 1.185425 -1.913478 1.479076 0.509083 3.657697 0.942471 0.872818
6.231346 8.356453 19.49138 -0.692612 3.671051 1.815651 -3.210549 5.72706 3.32678 0.639078 -0.93357 1.292229 0.496091 2.617645 1.773343
-1.768654 8.356453 19.49138 -2.384825 -1.331182 -0.111763 -0.187409 4.606051 -1.163566 0.816392 1.085809 -1.306531 4.322965 -0.726695 3.204342
-3.768654 8.356453 19.49138 -0.293864 -2.131325 -2.020828 0.325996 -0.117574 -2.887682 -1.475497 0.08414 -1.06524 2.978594 -1.042523 1.10676
8.231346 6.356453 19.49138 6.501195 -0.219878 -3.649752 -3.049735 2.470677 -1.66871 0.706873 -5.326562 1.397565 0.098257 1.864494 -1.986431
6.231346 6.356453 19.49138 4.557919 6.493227 -6.765872 -1.370448 -0.297457 1.465518 2.072809 -3.556103 0.74468 0.59446 0.209113 0.834918
-1.768654 6.356453 19.49138 -1.606741 6.064221 -0.203604 4.157238 3.697658 -0.789902 1.586626 1.244305 -0.425543 4.931061 1.345492 4.353577
-3.768654 6.356453 19.49138 2.840199 1.117755 0.755207 1.723464 -0.218467 -3.108867 -0.040819 1.171292 -0.302485 2.862039 0.376889 4.178918
10.23135 4.356453 19.49138 -0.122087 0.437508 -1.192513 7.319035 0.652103 0.311029 0.696477 0.831133 0.831795 0.4234 -0.209823 0.338157
8.231346 4.356453 19.49138 1.355688 -0.337789 -8.672543 3.725003 1.613151 -2.311596 2.368505 -0.663062 0.995767 1.131704 -0.533181 -5.279517
6.231346 4.356453 19.49138 4.991066 7.125822 -7.165757 1.525928 -1.20155 1.9678 3.26074 -0.848787 -0.494753 1.941543 -1.167482 -2.994406
-1.768654 4.356453 19.49138 2.134012 6.147266 -0.713146 2.254699 2.785992 -1.65322 -0.858303 1.829274 -1.675626 2.319798 3.316338 5.560114
-3.768654 4.356453 19.49138 4.579844 3.482988 3.621253 1.634722 5.137458 -1.775124 0.223059 1.788171 -0.592553 1.067034 1.497249 4.436602
12.23135 2.356453 19.49138 2.809343 3.523277 2.86782 0.976751 0.925476 1.289961 1.769233 3.864023 1.004185 3.065309 -0.510626 1.417711
10.23135 2.356453 19.49138 0.669882 -2.300596 -0.418872 2.333566 2.795472 -2.792354 0.951933 0.842441 -0.123355 1.399094 -0.847166 -2.304505
8.231346 2.356453 19.49138 -3.340332 -4.731636 -4.526027 -1.747753 0.531049 -5.099225 2.241015 -1.474745 -0.579226 -0.007165 -2.410908 -6.09507
-3.768654 2.356453 19.49138 2.212184 -0.010314 3.526912 0.036657 0.926943 -0.782352 -0.805695 0.480638 -1.503765 0.061055 0.181878 -2.603875
12.23135 0.356453 19.49138 7.745189 3.460143 2.127399 0.339879 4.260932 2.345538 3.840199 4.458578 1.466223 4.896564 0.224252 1.882151
10.23135 0.356453 19.49138 6.546483 -4.003828 4.171483 -1.421723 5.201384 1.714565 2.263625 0.896316 1.586771 1.864123 2.64997 -0.188771
-3.768654 0.356453 19.49138 1.94687 5.262185 4.557084 4.464496 1.017285 3.08303 -4.877668 1.398505 -3.07186 1.648879 -0.602551 1.843853
-5.768654 0.356453 19.49138 -0.893882 1.841706 3.673372 2.709403 0.775885 -1.071529 -1.205605 0.966855 -0.25809 3.52741 0.383564 -2.322993
-5.768654 -1.643547 19.49138 -1.266484 7.64895 2.002654 3.326021 -0.052185 1.101392 0.272416 1.44013 -0.142981 2.397325 0.299021 0.424169
-7.768654 -1.643547 19.49138 0.174855 4.884663 0.650553 0.069723 1.627943 -0.072553 1.022176 2.517942 1.008911 2.94399 0.536337 -2.98016
-9.768654 -1.643547 19.49138 1.428014 0.093721 -1.061538 1.814945 1.83874 2.059188 0.405487 3.74898 1.724554 1.223732 -0.992039 -0.498997
-7.768654 -3.643547 19.49138 0.073826 2.95171 -1.705873 -2.136881 2.255962 1.322966 0.037938 0.951944 0.019317 0.380726 -0.875085 -0.973992
-9.768654 -3.643547 19.49138 0.531465 1.14332 -0.158934 1.13974 3.502216 2.02298 0.36178 0.619311 -0.7456 -0.169333 -5.2684 0.900688
-9.768654 -5.643547 19.49138 6.680334 3.012948 -1.206915 -1.063956 5.681236 0.921076 1.123977 -1.141837 -1.64203 -0.228988 -2.800664 -1.155742
-11.76865 -5.643547 19.49138 3.937706 -2.282568 1.299281 -4.344385 4.117764 0.443461 1.878643 0.1375 0.577239 -2.7003 -1.487951 -2.307215
-13.76865 -5.643547 19.49138 0.41745 -1.051509 0.473651 -2.921581 2.172185 -0.298822 1.250492 0.915853 0.903149 -0.116679 -0.81545 -1.076697
6.231346 10.35645 21.49138 -3.8199 1.813412 5.687093 1.460304 4.281356 2.759581 3.856408 4.262159 2.125743 2.346495 -0.514325 -0.077375
6.231346 8.356453 21.49138 -3.637267 -2.238569 -1.536389 -4.206983 0.734552 -0.444728 1.729889 0.573387 1.232104 0.635072 -1.176467 -1.132561
6.231346 6.356453 21.49138 -3.35672 0.398089 -7.430793 -4.422815 -5.05729 -1.50459 1.45459 -2.631974 0.739178 0.111166 -2.38113 -0.755371
-1.768654 6.356453 21.49138 2.924407 6.917565 -3.495136 2.023574 5.432106 1.880643 -1.422636 -0.637634 -1.711824 1.027771 1.116042 7.460792
-3.768654 6.356453 21.49138 4.763454 5.047545 -3.176236 1.293793 2.819034 -0.568014 0.467218 -2.966728 -0.657639 -1.670852 1.011075 2.82646
6.231346 4.356453 21.49138 -2.455872 1.335031 -6.356405 -0.386193 -1.017761 0.888426 2.040531 -1.086369 -1.081858 1.535729 -1.25297 -1.801359
-1.768654 4.356453 21.49138 2.462427 7.362047 -5.976209 0.403539 0.71236 -1.437317 -3.566529 1.477713 -0.851357 0.73856 0.583768 6.462507
-3.768654 4.356453 21.49138 6.426134 7.797317 -3.532615 2.27521 1.579771 0.402342 -0.614063 0.247577 -0.618391 -0.013023 1.031456 6.133307
8.231346 2.356453 21.49138 1.71855 -4.763585 -3.887752 -3.039134 4.801098 -2.436722 3.725072 -1.230133 -1.190546 -0.674772 -1.766247 -3.083695
-1.768654 2.356453 21.49138 2.179808 1.242758 -3.281824 -4.661266 -3.098172 -3.929033 -2.741914 1.523092 -1.486572 0.248248 -2.217055 0.358326
-3.768654 2.356453 21.49138 1.02061 3.533112 -0.421108 -1.465633 -2.192442 0.888743 -2.352094 3.441914 -1.765127 0.164082 -1.82046 0.107382
10.23135 0.356453 21.49138 2.615508 0.908301 3.737398 -0.428381 4.596533 5.543313 1.234266 2.342068 0.549498 2.304675 -1.219953 2.869704
8.231346 0.356453 21.49138 3.71588 -0.187496 -1.334281 -0.24865 3.695421 3.722668 1.020385 -0.691774 -0.793541 -1.415359 -2.583048 3.507997
-3.768654 0.356453 21.49138 -1.935367 6.320485 2.592483 2.909283 0.463148 2.068477 -3.944033 3.849056 -2.255108 2.940838 -2.370806 1.444733
-3.768654 -1.643547 21.49138 -2.016382 6.889812 1.97653 5.039977 -0.047223 2.181016 -3.399166 3.01098 -1.496242 3.917447 -2.44399 3.380415
-5.768654 -3.643547 21.49138 -0.266682 6.695063 1.895732 1.009522 0.941905 3.222532 -0.088497 2.446226 -1.755301 2.134622 -0.213025 1.713766
-7.768654 -3.643547 21.49138 0.383445 -0.202211 1.353639 -3.257521 4.77105 -0.894679 -1.989884 0.638649 -2.323468 -0.336884 -1.268673 -0.946772
-3.768654 -1.643547 23.49138 1.13757 1.959641 -0.146339 1.495001 2.799921 -2.429994 -0.192721 -0.396095 0.147002 2.197687 -1.556363 -0.538867
-5.768654 -3.643547 23.49138 -1.607735 1.118368 0.160894 -3.662594 0.393532 0.913117 1.102113 -0.097083 -1.353641 0.899728 -0.221225 0.082565
