-1.339066 -7.265579 -12.04917 -12.0471 -6.869061 -5.433113 -2.559959 -7.284314 -5.235837
-1.339066 -11.26558 -12.04917 -2.864024 -1.883115 0.049259 0.585268 0.87643 1.524425
6.660934 -15.26558 -12.04917 -9.828835 -8.301477 0.131113 0.957182 0.507897 0.488507
6.660934 -17.26558 -12.04917 -9.196481 -7.3434 4.790637 4.45259 -2.570955 -3.448872
-1.339066 -5.265579 -10.04917 -12.33152 -12.08356 -0.923992 -1.461955 -2.291769 -3.433642
-1.339066 -7.265579 -10.04917 -12.5792 -15.33569 0.735545 -2.279569 -1.632133 -4.319955
-3.339066 -7.265579 -10.04917 -6.836396 -7.775395 5.119164 1.422167 -1.083027 -3.829938
-1.339066 -9.265579 -10.04917 -3.768462 -7.829305 3.462324 1.022719 0.506535 -2.247834
-3.339066 -9.265579 -10.04917 -7.653217 -10.08513 0.852791 -2.012015 -1.904893 -5.160705
6.660934 -11.26558 -10.04917 2.597392 -0.31342 -6.051012 -7.079127 3.07906 2.55261
4.660934 -11.26558 -10.04917 0.756207 -3.309245 -2.832926 -4.349999 -0.399238 -2.985221
-1.339066 -11.26558 -10.04917 4.500006 -0.641394 6.078622 4.91691 3.7062 1.532141
-3.339066 -11.26558 -10.04917 -4.935522 -6.39622 -1.475263 -0.560745 -0.98007 -2.349028
6.660934 -13.26558 -10.04917 3.847037 0.383099 -4.805328 -5.431432 4.296475 3.502682
4.660934 -13.26558 -10.04917 1.593157 -6.221595 -8.896849 -10.08857 0.126975 -3.098952
-1.339066 -13.26558 -10.04917 4.430729 -0.140853 6.231439 6.354074 5.596756 4.561667
-3.339066 -13.26558 -10.04917 -2.759631 -2.308458 0.890481 4.420003 0.882094 2.298154
6.660934 -15.26558 -10.04917 0.223434 -0.064175 -2.122476 -0.341097 4.30207 4.165266
4.660934 -15.26558 -10.04917 1.290185 -9.253055 -8.75247 -10.03825 0.647911 -2.222189
8.660934 -17.26558 -10.04917 -5.40416 0.821368 -0.599144 1.381012 3.48416 4.534775
6.660934 -17.26558 -10.04917 -5.258422 0.290571 1.826714 5.992322 1.42925 2.282724
4.660934 -17.26558 -10.04917 -2.011201 -9.726528 -1.848197 -3.80045 -2.381882 -4.368902
6.660934 -19.26558 -10.04917 -5.989141 1.129998 5.750897 9.534923 -2.612044 -1.657781
0.660934 -21.26558 -10.04917 -13.89678 -2.830729 -5.088016 0.798734 -3.4906 -0.356665
-1.339066 -21.26558 -10.04917 -4.27632 -5.177444 -6.486945 -5.061317 -0.462189 0.096704
4.660934 -23.26558 -10.04917 -3.836056 -3.051882 3.854324 4.167047 -5.955984 -5.483192
-1.339066 -23.26558 -10.04917 -5.774901 -7.74325 -4.531291 -4.440989 -1.139728 -2.21212
-1.339066 -25.26558 -10.04917 -5.876519 -8.180601 -3.091227 -4.528535 1.567424 -1.234134
-1.339066 -3.265579 -8.049171 -5.970443 -3.956012 1.683366 1.725471 -2.548161 -3.672227
-3.339066 -3.265579 -8.049171 0.174095 -7.124493 4.709202 -0.377034 2.069845 -2.1135
-1.339066 -5.265579 -8.049171 -7.158326 -5.589382 0.346735 1.275802 -3.80824 -5.607911
-3.339066 -5.265579 -8.049171 -2.323467 1.651415 2.315665 4.871954 -1.448824 -1.939618
-1.339066 -7.265579 -8.049171 -8.312094 -14.12587 5.604444 1.501425 -2.497472 -7.956985
-3.339066 -7.265579 -8.049171 3.300375 -1.718819 3.34326 1.025419 -0.741784 -2.118774
6.660934 -9.265579 -8.049171 9.04462 13.7788 5.815063 9.125594 2.999702 6.889165
4.660934 -9.265579 -8.049171 6.914313 5.926597 12.58709 12.28731 0.886618 1.296575
2.660934 -9.265579 -8.049171 12.58847 6.943161 12.25146 11.94217 -0.887509 -3.864779
-1.339066 -9.265579 -8.049171 -5.18492 -12.24067 8.56797 4.192899 -2.515773 -7.603376
-3.339066 -9.265579 -8.049171 4.067784 0.043819 3.249033 2.023052 -2.986779 -3.391838
6.660934 -11.26558 -8.049171 5.898154 7.579422 -2.301726 -0.554922 0.012868 2.963597
4.660934 -11.26558 -8.049171 -4.104325 -3.62347 -1.444393 -1.999663 -1.510066 -2.238055
2.660934 -11.26558 -8.049171 -3.135259 -1.064096 -8.032105 -3.113154 -4.204501 -5.248394
-3.339066 -11.26558 -8.049171 2.986709 3.478771 3.271074 5.468522 -3.824493 -2.887711
6.660934 -13.26558 -8.049171 10.95021 5.71814 -0.949396 -3.169348 0.464623 0.469381
4.660934 -13.26558 -8.049171 -4.16065 -11.86666 -5.054699 -10.44978 -0.710286 -5.712004
-1.339066 -13.26558 -8.049171 2.006047 -6.056144 13.72509 8.686175 3.413019 -0.328947
-3.339066 -13.26558 -8.049171 8.311589 4.459059 5.840075 5.519896 -0.098545 0.031346
6.660934 -15.26558 -8.049171 11.45696 5.069407 2.041426 0.280779 0.406412 -0.995183
4.660934 -15.26558 -8.049171 0.796961 -15.40735 -2.438772 -11.79208 1.629765 -6.131094
-3.339066 -15.26558 -8.049171 10.95957 4.023461 7.294502 4.585152 3.265073 2.196795
8.660934 -17.26558 -8.049171 -6.598703 -1.681629 3.074639 4.720484 -1.501287 -0.34318
6.660934 -17.26558 -8.049171 4.967518 1.524087 2.718062 4.22814 -0.640465 -1.957545
4.660934 -17.26558 -8.049171 1.848672 -14.58897 0.864941 -8.352415 2.015437 -4.545466
-1.339066 -17.26558 -8.049171 4.469584 -1.648397 9.371363 4.469324 6.072795 4.418818
6.660934 -19.26558 -8.049171 0.152807 -4.213449 3.47812 4.902276 -1.140055 -2.823552
4.660934 -19.26558 -8.049171 -1.481956 -13.26578 4.264912 -2.758208 0.704433 -3.538057
-1.339066 -19.26558 -8.049171 3.560175 2.50921 0.47612 -0.95247 3.431772 4.2055
6.660934 -21.26558 -8.049171 -0.121265 -9.035069 4.330223 1.800124 -1.10908 -3.535304
0.660934 -21.26558 -8.049171 -5.543468 2.887806 -2.437723 1.267104 -1.041956 1.461329
-1.339066 -21.26558 -8.049171 1.244236 1.436535 -4.519174 -4.172171 1.07146 1.785651
8.660934 -23.26558 -8.049171 -3.125417 -4.795272 -6.264366 -7.976633 -1.024822 -0.841291
6.660934 -23.26558 -8.049171 -6.786755 -12.56048 -1.036217 -3.892151 -2.168934 -3.389056
4.660934 -23.26558 -8.049171 -9.193552 -17.50085 2.603548 -1.095455 -0.91818 -3.786211
0.660934 -23.26558 -8.049171 -7.436268 -4.238062 -0.510885 -0.49155 -1.888815 -2.014437
-1.339066 -23.26558 -8.049171 -0.549115 -1.696716 -3.625882 -3.021553 -0.090762 -0.490752
8.660934 -25.26558 -8.049171 -6.919294 1.869526 -8.653287 -4.814319 -2.226352 0.325971
6.660934 -25.26558 -8.049171 -11.08666 -11.49809 -5.694782 -6.240652 -2.225788 -2.097953
4.660934 -25.26558 -8.049171 -11.54626 -17.22422 -1.265701 -3.803137 -1.419567 -3.128592
0.660934 -25.26558 -8.049171 -2.00085 -5.041039 3.623031 0.687982 1.939096 0.145308
-1.339066 -25.26558 -8.049171 -0.956181 -2.849927 0.015741 0.126798 0.697597 0.005073
-3.339066 -25.26558 -8.049171 -2.14411 -1.832584 -3.029983 -3.941738 2.948243 1.873466
8.660934 -27.26558 -8.049171 -3.112745 1.029541 -4.856515 -2.910908 -2.108405 -2.164146
0.660934 -27.26558 -8.049171 2.045558 -0.213582 5.634977 3.798548 3.655573 2.798953
-1.339066 -27.26558 -8.049171 -2.017549 -1.178437 2.605067 2.721194 0.802899 1.338024
-3.339066 -27.26558 -8.049171 1.47314 0.589912 4.34986 2.350581 4.012765 4.151987
6.660934 -7.265579 -6.049171 9.696097 9.96834 6.103294 6.178738 5.968288 6.562395
4.660934 -7.265579 -6.049171 10.23075 -0.846742 9.923649 5.919989 -0.088027 -4.819911
-1.339066 -7.265579 -6.049171 6.485468 0.167841 0.114795 -0.850709 -3.669797 -5.981982
-3.339066 -7.265579 -6.049171 6.291453 2.279272 1.406634 1.580398 -1.032711 -1.422104
6.660934 -9.265579 -6.049171 5.782055 8.756651 5.559651 7.408176 1.999858 4.344085
4.660934 -9.265579 -6.049171 8.845236 5.336788 -4.600423 -0.881177 -4.485775 -5.408854
2.660934 -9.265579 -6.049171 3.999685 4.375485 -15.79507 -9.246846 -7.812798 -7.813452
-1.339066 -9.265579 -6.049171 0.648171 -1.500929 -1.605474 -0.235157 -5.911336 -7.132731
-3.339066 -9.265579 -6.049171 5.293474 1.162052 -3.647649 -2.576764 -4.175928 -3.353945
6.660934 -11.26558 -6.049171 -2.929449 -3.998535 1.334584 0.364331 -2.431464 -1.557726
4.660934 -11.26558 -6.049171 -2.563077 1.592838 -17.42701 -11.3865 -3.886269 -2.260262
2.660934 -11.26558 -6.049171 -3.428624 11.54848 -28.09572 -13.01759 -2.915194 3.937291
-1.339066 -11.26558 -6.049171 -4.465351 -1.03859 -1.053964 2.182778 -8.80746 -8.310628
-3.339066 -11.26558 -6.049171 5.029722 4.410076 -4.411183 -1.587032 -6.189301 -3.76043
8.660934 -13.26558 -6.049171 -2.518142 -8.374677 2.741048 -2.837941 -5.23898 -6.791332
6.660934 -13.26558 -6.049171 -2.305554 -10.26282 2.851257 -4.465123 -2.479113 -4.969896
4.660934 -13.26558 -6.049171 -7.871534 -5.090757 -14.52965 -14.41413 0.505225 0.830589
0.660934 -13.26558 -6.049171 -8.451295 -2.023153 4.94583 6.833213 1.714447 2.238515
-1.339066 -13.26558 -6.049171 -3.911479 -3.858077 6.005406 4.596257 -4.269641 -5.180735
-3.339066 -13.26558 -6.049171 9.100731 4.940046 5.344013 3.717123 -0.43901 0.943036
8.660934 -15.26558 -6.049171 -5.384047 -8.99094 2.730999 -2.407073 -4.278101 -5.827324
6.660934 -15.26558 -6.049171 2.756771 -3.996993 5.586672 -1.33226 -2.758696 -5.008166
4.660934 -15.26558 -6.049171 -2.330556 -5.62922 -3.915136 -9.654888 3.292515 1.69111
-3.339066 -15.26558 -6.049171 11.88317 2.814266 12.97733 6.593317 5.49368 4.533725
-5.339066 -15.26558 -6.049171 3.558238 6.082293 4.39291 4.773674 -0.38929 1.833637
8.660934 -17.26558 -6.049171 -5.132761 -5.052033 5.121418 2.119179 -4.144863 -4.996917
6.660934 -17.26558 -6.049171 5.172937 4.284661 4.895376 4.469332 -5.354161 -5.025645
4.660934 -17.26558 -6.049171 5.901481 -0.89946 1.785039 -3.739324 2.513577 1.072462
-1.339066 -17.26558 -6.049171 2.730943 -3.366275 6.463995 0.954401 3.849765 1.160712
-3.339066 -17.26558 -6.049171 7.38331 -0.794037 9.542319 4.274569 4.516287 1.78411
-5.339066 -17.26558 -6.049171 2.356863 5.882587 2.706051 5.180524 -0.392692 1.327566
6.660934 -19.26558 -6.049171 5.195865 5.394069 2.183636 6.05128 -6.962506 -5.559577
4.660934 -19.26558 -6.049171 7.859002 1.943613 2.876866 0.559336 0.743357 0.183716
0.660934 -19.26558 -6.049171 3.296052 7.326101 -0.570188 0.319111 2.46838 4.336906
-1.339066 -19.26558 -6.049171 1.462558 -0.037956 -2.508863 -3.489915 0.660688 -0.253409
-3.339066 -19.26558 -6.049171 3.147685 -2.7885 2.412821 0.366398 0.719071 -2.582195
-5.339066 -19.26558 -6.049171 0.121579 1.469393 0.946 3.601215 -2.34147 -2.055617
6.660934 -21.26558 -6.049171 4.173972 0.698354 2.155057 4.358005 -5.404589 -4.719926
0.660934 -21.26558 -6.049171 -1.48945 1.428003 -0.254174 -0.006867 -2.730684 -2.318492
-1.339066 -21.26558 -6.049171 0.783307 2.007773 -5.277161 -4.624105 -1.721207 -2.06995
6.660934 -23.26558 -6.049171 -2.088923 -4.673909 4.040246 3.624327 -3.149702 -2.750513
4.660934 -23.26558 -6.049171 -1.235912 -4.835317 2.206256 2.18054 -1.153654 -1.241675
0.660934 -23.26558 -6.049171 -2.220423 -3.61817 4.004004 1.80568 -3.567491 -5.536864
8.660934 -25.26558 -6.049171 -5.878065 -2.958875 4.384758 3.713778 0.531257 0.862595
6.660934 -25.26558 -6.049171 -3.292997 -3.777646 4.994692 3.748513 0.330846 0.782366
4.660934 -25.26558 -6.049171 -2.969357 -4.464526 -0.473957 -0.190654 -2.629312 -1.210266
0.660934 -25.26558 -6.049171 2.529159 -1.5266 7.729688 4.515575 2.240526 -0.74617
8.660934 -27.26558 -6.049171 1.865973 1.258364 4.849941 3.514541 2.39384 1.710542
6.660934 -27.26558 -6.049171 7.226762 3.525406 7.723405 5.207305 5.06083 4.742424
4.660934 -27.26558 -6.049171 5.917248 7.044511 2.355053 2.543972 1.23002 3.633969
0.660934 -27.26558 -6.049171 1.907364 0.710166 9.220716 6.465211 6.015782 3.587486
-1.339066 -27.26558 -6.049171 -1.39931 -2.356436 9.288837 7.509987 4.028966 3.191599
-3.339066 -27.26558 -6.049171 -0.21344 -2.80745 6.137558 4.010945 4.0096 3.402956
6.660934 -29.26558 -6.049171 7.229894 2.104814 5.287944 2.687434 4.407136 3.491659
0.660934 -29.26558 -6.049171 1.94378 4.894899 7.174521 7.290742 4.408809 4.508365
-1.339066 -29.26558 -6.049171 -0.634647 -2.358858 2.011262 0.810171 2.755719 1.909863
-3.339066 -29.26558 -6.049171 -0.649699 -3.879699 4.279476 2.409239 1.478851 1.119191
4.660934 -9.265579 -4.049171 8.800106 0.061342 0.150499 -1.701833 0.414962 -2.350674
2.660934 -9.265579 -4.049171 5.9888 -3.04492 -8.385979 -10.45532 0.692771 -1.491745
6.660934 -11.26558 -4.049171 -2.005476 -3.384969 0.113872 0.048701 -2.187655 -2.28717
4.660934 -11.26558 -4.049171 2.388898 -0.964327 -0.764114 -2.59428 -0.786929 -2.709534
8.660934 -13.26558 -4.049171 -5.070157 -7.34959 4.987631 4.234429 -7.198722 -6.267519
6.660934 -13.26558 -4.049171 -3.743122 -10.15605 6.364449 1.98379 -2.005778 -4.490606
4.660934 -13.26558 -4.049171 -2.828119 -3.913395 -0.274848 -2.094799 0.770102 -0.5692
0.660934 -13.26558 -4.049171 -8.352673 -3.973249 3.498477 4.227712 1.069304 1.684764
-1.339066 -13.26558 -4.049171 -7.296616 -6.629305 0.347106 1.744454 -1.979564 -0.688739
-3.339066 -13.26558 -4.049171 -1.061526 -7.550715 2.085068 0.154635 2.95668 3.772465
8.660934 -15.26558 -4.049171 -1.266159 -6.445012 5.687582 3.266522 -3.380271 -4.027415
6.660934 -15.26558 -4.049171 -3.638891 -9.637442 6.468868 1.786965 -0.919269 -3.656401
4.660934 -15.26558 -4.049171 -2.848409 -2.499285 0.872098 -0.039263 3.003289 3.14772
0.660934 -15.26558 -4.049171 -3.021731 -4.020235 2.45535 1.220112 0.746514 -0.177141
-1.339066 -15.26558 -4.049171 -6.942096 -12.30498 5.122141 0.949163 1.655349 -0.176608
-3.339066 -15.26558 -4.049171 0.483553 -6.706851 8.189764 5.185833 6.732748 7.271442
10.66093 -17.26558 -4.049171 1.516275 -0.498899 3.143967 4.160648 1.119538 0.577112
8.660934 -17.26558 -4.049171 0.666179 -4.056463 3.185852 1.059506 1.226322 0.199174
6.660934 -17.26558 -4.049171 -1.233182 -1.930784 1.542877 1.718984 -1.543249 -1.679187
4.660934 -17.26558 -4.049171 1.64211 2.248962 1.824483 2.376143 2.486797 3.672491
-1.339066 -17.26558 -4.049171 -4.099776 -11.3688 2.312814 -2.990421 2.188238 -1.137599
-3.339066 -17.26558 -4.049171 0.821381 -4.980379 7.734396 5.251702 5.306236 5.014419
-5.339066 -17.26558 -4.049171 5.453117 6.880525 2.330329 3.879736 0.139186 1.088401
10.66093 -19.26558 -4.049171 1.413179 -1.645093 6.399853 4.70438 3.995595 1.845689
8.660934 -19.26558 -4.049171 1.816712 -2.738744 1.09916 -0.592114 2.241436 1.216703
4.660934 -19.26558 -4.049171 5.083694 4.905166 1.992168 3.894347 -0.128439 1.140605
-1.339066 -19.26558 -4.049171 -2.260527 -6.915993 -3.589588 -6.504711 -0.301658 -3.001781
-3.339066 -19.26558 -4.049171 0.109647 -4.204084 1.736525 0.887827 0.871543 -0.530421
-5.339066 -19.26558 -4.049171 1.130125 -0.995707 0.495898 -0.182495 -2.137447 -2.816875
10.66093 -21.26558 -4.049171 -2.944728 -4.862731 5.790786 3.468848 3.371638 0.899276
8.660934 -21.26558 -4.049171 1.306057 -3.49641 -0.169409 -1.526812 -0.012587 -1.220493
6.660934 -21.26558 -4.049171 3.610911 0.592673 -3.076589 0.686462 -4.286478 -3.704734
0.660934 -21.26558 -4.049171 -3.600155 -8.969559 -0.988815 -4.804912 -5.744924 -8.645811
-1.339066 -21.26558 -4.049171 -2.856447 -4.678841 -3.742735 -5.260873 -2.819259 -4.459001
-5.339066 -21.26558 -4.049171 2.973575 -3.616633 0.571593 -2.223722 -3.638302 -6.150558
8.660934 -23.26558 -4.049171 -4.205781 -5.2416 0.55735 0.763019 -1.440896 -2.265167
6.660934 -23.26558 -4.049171 0.096366 -3.42501 4.411567 3.525192 -0.136622 -1.039542
4.660934 -23.26558 -4.049171 9.116774 8.369424 8.700252 10.428 2.487515 4.673665
0.660934 -23.26558 -4.049171 -6.215753 -12.1054 5.398076 0.784832 -4.249146 -7.641881
-1.339066 -23.26558 -4.049171 -4.929789 -3.59028 0.758413 -0.089921 -2.343903 -3.5643
-3.339066 -23.26558 -4.049171 -1.255239 -2.166779 0.770763 -0.034752 -3.391646 -6.65813
-5.339066 -23.26558 -4.049171 6.68908 2.173954 2.688666 1.430076 -2.818384 -5.525267
8.660934 -25.26558 -4.049171 -7.305743 -5.712611 9.195312 8.419827 -2.115929 -3.062017
6.660934 -25.26558 -4.049171 -0.973605 -3.541007 12.05993 7.304491 2.319431 0.414618
4.660934 -25.26558 -4.049171 8.731881 8.676064 9.697603 10.77711 2.1082 5.25551
0.660934 -25.26558 -4.049171 1.547137 -1.589232 5.71156 5.195416 0.829924 -0.54685
-1.339066 -25.26558 -4.049171 -1.693584 1.115501 7.673192 7.615527 1.064977 0.671571
-3.339066 -25.26558 -4.049171 -0.658248 -0.496603 6.115068 4.6953 -1.959051 -4.464575
-5.339066 -25.26558 -4.049171 7.277719 3.76923 6.019985 4.610407 1.891685 -0.022841
8.660934 -27.26558 -4.049171 -1.707159 0.216156 12.06074 10.3597 -1.998528 -2.505765
6.660934 -27.26558 -4.049171 1.663916 0.595702 10.10743 7.027445 0.950412 -0.386945
0.660934 -27.26558 -4.049171 8.087754 5.855278 5.89504 6.165467 4.086732 2.500051
10.66093 -29.26558 -4.049171 2.412649 4.124045 0.505302 1.638914 -3.671816 -3.924226
8.660934 -29.26558 -4.049171 0.343114 -0.743539 6.215544 4.163773 -4.049635 -5.887656
6.660934 -29.26558 -4.049171 -0.853513 -6.699693 6.786901 2.647494 0.144735 -2.629524
0.660934 -29.26558 -4.049171 1.519045 1.181662 2.526785 2.474098 1.871336 0.969194
6.660934 -31.26558 -4.049171 -4.272989 -9.669989 4.081315 1.605951 -1.547106 -3.517236
0.660934 -31.26558 -4.049171 -1.009876 -2.421387 6.139315 5.511659 -2.204429 -2.01608
6.660934 -13.26558 -2.049171 -5.097006 -11.35734 6.05078 1.893863 -0.450349 -2.858286
-1.339066 -13.26558 -2.049171 -0.463389 -5.555939 2.26814 3.042117 -0.629624 -1.087966
8.660934 -15.26558 -2.049171 3.6127 -4.667365 5.001427 3.568083 0.120995 0.060326
6.660934 -15.26558 -2.049171 1.415893 -6.656829 8.821168 3.6516 2.262388 -2.063579
0.660934 -15.26558 -2.049171 -4.253552 -5.344349 -2.564789 -2.075343 0.759153 -0.684676
-1.339066 -15.26558 -2.049171 -2.992533 -5.523756 1.132809 2.252972 1.028832 0.328938
8.660934 -17.26558 -2.049171 10.28578 -0.799576 8.053711 4.231158 3.830968 1.99731
6.660934 -17.26558 -2.049171 5.314923 -0.906359 3.591222 1.339162 3.240778 -0.645915
4.660934 -17.26558 -2.049171 -2.667347 -6.196126 -2.942076 -4.374898 1.492875 -2.412722
0.660934 -17.26558 -2.049171 -2.823637 -5.741568 -5.732614 -4.804686 -2.708247 -5.081752
-1.339066 -17.26558 -2.049171 -5.166594 -7.240971 -2.99683 -2.053388 0.596258 -1.409205
10.66093 -19.26558 -2.049171 6.150697 0.016775 8.253819 4.336939 3.12325 0.600317
8.660934 -19.26558 -2.049171 8.457293 -1.31558 4.486939 1.066181 4.016981 1.92678
6.660934 -19.26558 -2.049171 3.060495 -0.870533 -3.374938 -2.257142 1.497904 -0.429228
4.660934 -19.26558 -2.049171 -3.470673 -5.489988 -1.448168 -3.192154 1.555949 -1.074565
0.660934 -19.26558 -2.049171 -0.710155 -4.045807 -8.495088 -6.631075 -4.938459 -6.930275
-1.339066 -19.26558 -2.049171 -4.832222 -6.415008 -5.253946 -4.205094 -0.453024 -2.58866
-3.339066 -19.26558 -2.049171 -3.208905 -3.657465 0.886939 2.450258 -0.647261 -0.347686
-5.339066 -19.26558 -2.049171 0.728318 3.163166 -1.429612 1.392425 -2.503854 -1.830326
10.66093 -21.26558 -2.049171 -6.408414 -9.247608 2.954652 -0.771249 0.666866 -1.97646
8.660934 -21.26558 -2.049171 -0.131916 -2.62327 -1.719611 -1.587299 -0.199795 0.158606
6.660934 -21.26558 -2.049171 -1.895205 -4.597773 -4.57347 -1.797339 -1.968566 -1.59555
4.660934 -21.26558 -2.049171 -0.357428 -3.889201 2.559484 0.646406 -0.998088 -3.475778
-1.339066 -21.26558 -2.049171 -2.943674 -2.951874 -0.996201 -0.295526 -0.159343 -0.455871
-3.339066 -21.26558 -2.049171 -3.156263 -4.965905 -0.925942 -0.361288 -1.677312 -2.692487
-5.339066 -21.26558 -2.049171 2.046973 0.417718 0.105579 -0.849714 -1.677408 -2.517087
10.66093 -23.26558 -2.049171 -8.833482 -5.033635 -2.197594 -1.160579 -2.088213 -1.954522
8.660934 -23.26558 -2.049171 -5.001351 -0.495791 -1.959751 0.609789 -4.292902 -2.684266
6.660934 -23.26558 -2.049171 -3.098243 -3.446245 0.525397 2.661958 -3.759237 -2.816006
4.660934 -23.26558 -2.049171 5.224921 0.641825 4.764223 3.742501 -1.774094 -3.460785
-1.339066 -23.26558 -2.049171 -1.247251 -1.251978 5.827874 3.946587 2.962657 2.56318
-3.339066 -23.26558 -2.049171 1.040462 0.255316 3.434397 2.199779 -0.889169 -2.857578
-5.339066 -23.26558 -2.049171 8.089232 9.068782 2.005239 2.666644 -3.080427 -3.71296
-7.339066 -23.26558 -2.049171 4.092659 13.65194 -3.875673 2.098574 -3.011679 -0.670358
10.66093 -25.26558 -2.049171 1.661584 -1.550204 3.560312 3.954991 -1.761808 -3.228225
8.660934 -25.26558 -2.049171 -1.353463 -1.077765 4.868872 4.64847 -2.693636 -3.979428
6.660934 -25.26558 -2.049171 1.854942 1.41603 5.134937 3.601822 -1.765937 -2.276327
4.660934 -25.26558 -2.049171 2.674701 -2.146042 1.52579 0.389782 -1.891721 -1.406279
-3.339066 -25.26558 -2.049171 3.993378 1.828268 6.213812 4.044987 0.794209 -1.221364
-5.339066 -25.26558 -2.049171 1.720689 5.671626 4.88715 5.980588 -2.41866 -2.254074
-7.339066 -25.26558 -2.049171 -0.680632 8.108929 -5.122652 2.455891 -3.429348 -0.767312
8.660934 -27.26558 -2.049171 2.88464 -0.213335 7.162579 5.894077 -1.472904 -1.988955
6.660934 -27.26558 -2.049171 -0.854207 3.180909 0.361109 2.931254 -4.670982 -4.321545
0.660934 -27.26558 -2.049171 1.641357 -4.45154 1.653318 -0.887316 0.001132 -2.728134
-1.339066 -27.26558 -2.049171 1.214039 -3.960682 11.21891 7.402986 0.704163 -1.988205
-3.339066 -27.26558 -2.049171 4.276319 -0.046064 6.667812 4.247689 1.080338 -1.210199
-5.339066 -27.26558 -2.049171 0.873917 -2.776059 5.092408 -0.198216 1.307534 -1.280437
2.660934 -29.26558 -2.049171 -1.689783 -8.353428 0.29674 -3.62757 -0.05931 -2.226211
0.660934 -29.26558 -2.049171 0.823705 -6.380981 2.074182 -0.891734 -0.471202 -3.191183
0.660934 -15.26558 -0.049171 -1.121743 -5.733386 -3.236556 -5.224628 -3.013562 -6.591063
-1.339066 -15.26558 -0.049171 8.181096 2.398659 -1.872316 -1.683594 -3.425761 -6.116454
6.660934 -17.26558 -0.049171 13.49458 4.823432 6.040413 3.075717 1.651757 -1.564473
0.660934 -17.26558 -0.049171 -2.610767 -8.349572 -6.134759 -7.396535 -4.210749 -8.462371
-1.339066 -17.26558 -0.049171 3.363902 -0.53395 -2.086719 -1.660461 -5.324409 -8.084048
6.660934 -19.26558 -0.049171 8.63058 4.760803 0.301094 -0.570029 -0.313158 -2.103316
4.660934 -19.26558 -0.049171 -2.065028 -6.990521 5.208011 -0.167661 2.637774 -1.187256
0.660934 -19.26558 -0.049171 -4.503215 -8.618184 -8.995086 -8.876382 -5.414886 -8.29124
-1.339066 -19.26558 -0.049171 -0.953805 -4.349335 -3.050473 -3.019847 -4.65305 -7.200944
10.66093 -21.26558 -0.049171 -4.744734 -1.96326 -0.25673 -0.727177 0.79382 0.434678
6.660934 -21.26558 -0.049171 -1.994666 -2.496105 -2.138219 -2.122136 -2.797459 -3.938808
4.660934 -21.26558 -0.049171 -0.291292 -7.991761 5.444909 -0.661841 0.42241 -5.614258
2.660934 -21.26558 -0.049171 -1.466781 -9.58404 -2.977054 -5.431636 -1.589406 -5.345273
0.660934 -21.26558 -0.049171 -2.487847 -5.372085 -7.016483 -6.747682 -2.973098 -3.948093
-1.339066 -21.26558 -0.049171 -1.857162 -4.33781 -0.739464 -1.63368 -1.765766 -3.062634
-3.339066 -21.26558 -0.049171 -4.188323 -9.491755 -0.897453 -3.157144 -1.123569 -3.227459
10.66093 -23.26558 -0.049171 -1.965205 -0.182261 0.752582 1.89016 1.304472 0.813844
8.660934 -23.26558 -0.049171 -4.754734 -0.482263 -0.640361 0.945693 0.13404 0.344115
6.660934 -23.26558 -0.049171 -8.140693 -9.971196 0.076411 -0.831119 -3.02119 -4.487658
4.660934 -23.26558 -0.049171 0.022598 -3.538893 1.063725 -0.380637 -2.02439 -5.144284
-1.339066 -23.26558 -0.049171 1.442599 1.196604 5.55357 4.387727 -0.090335 0.538585
-3.339066 -23.26558 -0.049171 -1.305032 -0.822366 4.103128 3.515406 -0.236729 -0.280165
-5.339066 -23.26558 -0.049171 1.383124 5.465526 0.814855 3.797479 -0.791187 1.27906
-7.339066 -23.26558 -0.049171 2.286535 13.46305 -1.382921 5.414728 -2.628318 1.836949
12.66093 -25.26558 -0.049171 2.679939 0.077352 1.008506 0.724551 0.110291 -0.438142
10.66093 -25.26558 -0.049171 3.779985 -1.325886 3.534494 2.294044 0.700112 -1.514735
8.660934 -25.26558 -0.049171 -1.447067 -3.86577 -1.608973 -1.686771 -1.082555 -1.83292
6.660934 -25.26558 -0.049171 -2.456738 -8.123238 -0.486425 -2.89744 -0.685479 -1.972754
4.660934 -25.26558 -0.049171 -10.2566 -17.89747 1.851093 -2.64589 1.427771 1.018823
-7.339066 -25.26558 -0.049171 2.400035 8.341497 2.230656 7.426198 -1.850022 0.098048
10.66093 -27.26558 -0.049171 5.740884 -0.203611 1.621736 0.54433 1.683553 0.448335
8.660934 -27.26558 -0.049171 4.624416 -2.067726 -0.630996 -1.60719 0.061906 -0.801109
6.660934 -27.26558 -0.049171 0.407397 -0.688965 -2.584453 -1.057943 -2.232322 -3.315704
4.660934 -27.26558 -0.049171 -3.252342 -6.823887 8.17316 7.093956 1.280885 0.882469
-5.339066 -27.26558 -0.049171 4.141611 2.892051 5.526204 4.435888 1.652617 0.959936
6.660934 -19.26558 1.950829 8.034551 1.791019 1.682725 -3.446086 -1.042369 -3.353066
4.660934 -19.26558 1.950829 4.830506 -3.736129 7.40279 -0.7719 0.893715 -4.647387
0.660934 -19.26558 1.950829 -1.906166 6.327013 -5.923625 -1.093363 -1.594322 2.175346
-1.339066 -19.26558 1.950829 1.913197 5.221287 0.704671 1.529878 -3.849015 -3.62963
6.660934 -21.26558 1.950829 3.388974 0.446288 0.114597 -3.703727 -2.865817 -5.779511
4.660934 -21.26558 1.950829 7.068969 2.300902 2.31716 -2.466527 -1.16739 -5.293465
0.660934 -21.26558 1.950829 2.72834 9.20218 0.314425 1.28515 -1.440352 1.903131
-1.339066 -21.26558 1.950829 5.04698 5.367004 2.057897 0.800587 -1.58694 -2.07337
-3.339066 -21.26558 1.950829 2.485147 -3.484651 0.189118 -2.157856 -1.224603 -2.980551
10.66093 -23.26558 1.950829 -3.297454 0.96619 -4.188818 -1.163939 -1.82091 -1.064352
4.660934 -23.26558 1.950829 -3.033223 -2.276877 -4.369234 -5.490857 -2.631906 -3.979817
2.660934 -23.26558 1.950829 -9.379255 -6.640441 0.368099 -2.938493 -3.291221 -5.162305
0.660934 -23.26558 1.950829 2.428586 2.483349 4.82302 1.547549 0.148857 -1.343078
-1.339066 -23.26558 1.950829 3.141193 2.749221 2.726755 1.531999 -1.177841 -1.330451
-3.339066 -23.26558 1.950829 0.759443 -2.85252 0.704516 -1.922974 -0.637713 -1.756156
-5.339066 -23.26558 1.950829 -2.109662 0.840526 -0.06926 0.935999 0.250158 1.117641
12.66093 -25.26558 1.950829 -2.62909 -2.115323 -2.450785 -2.464102 -3.991139 -4.2789
10.66093 -25.26558 1.950829 -0.975707 -1.031703 -3.671601 -2.719726 -1.183584 -1.719346
8.660934 -25.26558 1.950829 -3.893195 -5.590729 -5.556068 -6.06885 -0.569071 -1.604426
6.660934 -25.26558 1.950829 -1.788184 -7.8613 -2.104237 -5.986773 1.176644 -1.330946
4.660934 -25.26558 1.950829 -3.429732 -15.42706 2.952736 -4.674743 2.257575 -1.429096
-1.339066 -25.26558 1.950829 -6.787921 3.127779 -1.332492 4.386847 -1.751362 1.628973
-3.339066 -25.26558 1.950829 -1.654688 2.701139 -0.916269 1.076228 -0.212418 0.584028
-5.339066 -25.26558 1.950829 -0.721487 3.819331 -1.86905 1.271162 -1.198442 0.886299
-7.339066 -25.26558 1.950829 -1.878238 0.944269 -1.404382 0.325399 -0.60191 0.182643
12.66093 -27.26558 1.950829 0.788548 -3.235569 0.68229 -1.945679 -1.733714 -3.180482
10.66093 -27.26558 1.950829 -0.477993 -4.077856 -1.640096 -3.504296 -0.377291 -2.33052
8.660934 -27.26558 1.950829 -3.307466 -5.082033 -3.499053 -5.09078 -1.056955 -2.370814
6.660934 -27.26558 1.950829 2.957723 0.059333 0.924796 -1.397207 0.850994 -1.205833
4.660934 -27.26558 1.950829 9.827056 -0.474449 14.22929 7.82275 7.698893 4.358521
8.660934 -29.26558 1.950829 -0.773834 -5.096413 -0.959018 -3.258053 2.528981 1.117339
6.660934 -29.26558 1.950829 6.803895 3.587155 7.150933 4.093492 3.3548 0.865018
-1.339066 -19.26558 3.950829 -1.109061 4.642597 -2.416013 2.306591 -2.287022 -0.362354
6.660934 -21.26558 3.950829 1.268147 1.895561 3.075912 2.781449 -0.162681 -1.065729
0.660934 -21.26558 3.950829 2.703826 -2.266594 3.769099 -2.012334 -0.516135 -2.158547
-1.339066 -21.26558 3.950829 4.203704 3.208683 1.936993 2.01956 -3.181082 -4.242913
-3.339066 -21.26558 3.950829 1.533442 -1.655914 2.758595 2.744261 -2.386771 -4.257074
6.660934 -23.26558 3.950829 -0.426367 -1.855048 -0.596629 -1.044639 0.171957 -1.251883
4.660934 -23.26558 3.950829 -4.732549 -5.43259 -7.93177 -7.539434 -1.870999 -3.465216
0.660934 -23.26558 3.950829 0.305934 3.879725 -10.56329 -10.00517 -3.18135 -4.548724
-1.339066 -23.26558 3.950829 0.681352 0.984634 -6.824282 -6.078969 -2.374897 -3.919902
10.66093 -25.26558 3.950829 1.043934 -0.849012 -2.781569 -2.783761 -2.141951 -3.310473
6.660934 -25.26558 3.950829 -1.225555 -2.549318 -1.37993 -2.560678 -0.103076 -1.506003
4.660934 -25.26558 3.950829 -1.037195 -8.615465 -5.522033 -7.245011 -3.759086 -6.989877
0.660934 -25.26558 3.950829 -3.225599 15.72661 -3.057016 7.505624 -4.128771 1.729185
-1.339066 -25.26558 3.950829 -7.272829 4.027807 -7.453916 0.293195 -1.898793 1.604963
-3.339066 -25.26558 3.950829 -2.915631 -0.365496 -3.98535 -1.624865 -1.496854 -0.652225
-5.339066 -25.26558 3.950829 -1.105246 0.480402 -3.45078 -2.082427 -1.381335 0.086329
-7.339066 -25.26558 3.950829 -1.677804 -3.691952 -5.947614 -6.436716 -1.187644 -1.455598
12.66093 -27.26558 3.950829 -1.517237 -4.039918 0.876853 -0.399091 -3.301087 -4.505605
10.66093 -27.26558 3.950829 -2.734114 -5.79992 -0.05078 -1.63008 -2.49925 -4.009591
8.660934 -27.26558 3.950829 -5.661078 -5.433279 -1.330652 -2.25853 -1.69918 -2.833098
6.660934 -27.26558 3.950829 -0.463402 -0.991074 0.511196 -1.189494 0.970554 -1.506276
4.660934 -27.26558 3.950829 5.294418 -0.182336 -1.708459 -4.195993 0.768784 -2.464819
10.66093 -29.26558 3.950829 -9.332993 -8.689912 0.863661 0.056978 0.665581 0.140634
8.660934 -29.26558 3.950829 -6.937582 -7.999156 1.808144 -0.381664 1.300549 -0.805592
6.660934 -29.26558 3.950829 1.681206 -0.667997 5.38358 2.111387 4.513937 1.67826
4.660934 -29.26558 3.950829 4.701858 0.809623 1.42178 -2.492687 4.201655 1.049236
6.660934 -31.26558 3.950829 2.212609 -1.799232 5.133717 2.165367 2.067693 -0.217379
-1.339066 -21.26558 5.950829 -4.214808 -8.142038 -0.543874 -1.925692 -0.332563 -1.631757
-3.339066 -21.26558 5.950829 -0.859468 -3.422292 1.565843 1.610788 -2.697483 -2.376008
0.660934 -23.26558 5.950829 -5.821776 -9.775327 -11.91167 -14.78848 -1.221853 -5.35071
-1.339066 -23.26558 5.950829 -8.433453 -8.658082 -8.169478 -6.776749 -2.04954 -2.810771
-3.339066 -23.26558 5.950829 -4.777057 -3.89477 -6.522362 -4.443906 -3.322825 -2.611553
6.660934 -25.26558 5.950829 -2.610884 2.716105 0.950079 4.131843 -0.520582 0.931063
4.660934 -25.26558 5.950829 -1.687547 -4.264184 1.578864 2.359617 -1.529932 -2.866564
0.660934 -25.26558 5.950829 -8.352947 0.225052 -7.64753 -4.517578 -4.219954 -4.244504
-1.339066 -25.26558 5.950829 -11.08796 -3.358931 -7.559804 -2.8505 -3.706824 -2.390417
-3.339066 -25.26558 5.950829 -5.218245 -0.201653 -7.065453 -3.471441 -2.858627 -1.102878
12.66093 -27.26558 5.950829 0.504321 1.335516 0.520451 1.300442 0.247699 0.300722
10.66093 -27.26558 5.950829 -4.153455 -0.483805 -2.175129 -0.415596 -2.68789 -2.124214
6.660934 -27.26558 5.950829 -0.457318 4.368445 0.353795 3.434515 2.940723 3.766947
4.660934 -27.26558 5.950829 3.746957 5.243588 -1.534145 1.289158 -1.819609 -1.920769
-1.339066 -27.26558 5.950829 -3.805602 -2.543421 1.12958 1.43337 -2.51739 -2.014292
-3.339066 -27.26558 5.950829 -0.773199 0.594855 -1.853205 -0.165221 -0.177833 0.28745
-5.339066 -27.26558 5.950829 -1.261124 0.254539 -3.184827 -1.304088 -1.409944 -1.145132
-7.339066 -27.26558 5.950829 -2.428346 -2.895092 -5.51014 -4.548259 -2.882196 -2.974533
12.66093 -29.26558 5.950829 -1.986155 -1.032799 -0.332614 0.25409 0.388343 -0.233858
10.66093 -29.26558 5.950829 -8.257184 -4.846853 -4.308142 -2.554811 -2.181833 -2.253639
8.660934 -29.26558 5.950829 -4.118595 -4.23999 2.143712 0.103243 1.354136 -0.020277
6.660934 -29.26558 5.950829 2.822504 1.513332 5.648956 4.203592 5.413934 4.308218
4.660934 -29.26558 5.950829 4.297681 4.699994 0.344716 1.527332 1.047041 0.593523
12.66093 -31.26558 5.950829 -1.028974 -3.190699 3.232617 1.156199 1.970328 -0.740543
10.66093 -31.26558 5.950829 -1.699218 -4.881855 0.364733 -0.776485 -0.220368 -1.99053
8.660934 -31.26558 5.950829 1.973476 -2.58182 4.559902 1.998876 0.625239 -2.051005
6.660934 -31.26558 5.950829 2.702641 -2.648738 5.38986 2.765363 1.718805 -1.131462
4.660934 -31.26558 5.950829 -1.350882 -6.784535 3.416696 0.000234 0.439408 -2.934123
8.660934 -33.26558 5.950829 2.342144 -4.086355 0.387086 -2.774214 1.441315 -1.563533
6.660934 -33.26558 5.950829 -0.946436 -6.396223 3.275128 0.083076 0.234275 -2.669329
-3.339066 -21.26558 7.950829 2.823212 -0.941931 -1.344195 -0.145196 -1.819541 -1.235814
-1.339066 -23.26558 7.950829 -5.020319 -8.926223 -5.817624 -6.703954 -1.671614 -2.277464
-3.339066 -23.26558 7.950829 1.753907 -2.345114 -4.726718 -4.705381 -1.758524 -2.528033
6.660934 -25.26558 7.950829 -0.56589 4.658719 2.631528 5.805805 0.979445 3.563608
4.660934 -25.26558 7.950829 -1.644159 3.44815 0.398219 4.036933 -1.437871 0.990284
0.660934 -25.26558 7.950829 -7.780901 -3.262439 -6.317026 -5.133611 -4.154304 -2.548251
-1.339066 -25.26558 7.950829 -6.177418 -6.179239 -3.641761 -3.293016 -2.815732 -2.316849
6.660934 -27.26558 7.950829 -2.012423 2.907197 -1.879224 1.017922 0.447549 2.788653
4.660934 -27.26558 7.950829 -1.864015 3.514162 -3.360055 0.556371 -3.804883 -1.64528
0.660934 -27.26558 7.950829 -2.712017 -0.932231 -4.715196 -2.246116 -4.263299 -2.052899
-1.339066 -27.26558 7.950829 -3.351162 -3.410993 -2.300735 -2.467787 -2.386307 -1.179398
-3.339066 -27.26558 7.950829 0.845042 -0.281521 0.496419 -0.387131 0.994463 0.917375
-5.339066 -27.26558 7.950829 -0.462137 -2.95507 0.687652 -1.467273 -0.164437 -1.85918
-7.339066 -27.26558 7.950829 -4.116064 -5.151286 -3.518338 -4.602133 -1.616208 -2.436651
-9.339066 -27.26558 7.950829 -2.734567 -3.3713 -4.561728 -3.436731 -3.701056 -4.06823
6.660934 -29.26558 7.950829 -4.203355 -5.851142 1.936281 -0.407405 1.978205 0.982439
4.660934 -29.26558 7.950829 -2.465322 0.980323 -2.556262 0.220164 -1.128597 0.716009
-1.339066 -29.26558 7.950829 -0.195455 -0.599065 -4.242548 -3.756645 -1.095552 -0.445579
-9.339066 -29.26558 7.950829 -4.207938 -6.327336 -3.441696 -3.731286 -2.983242 -4.019299
-11.33907 -29.26558 7.950829 -4.165378 -4.447981 -3.029076 -1.876372 -2.391054 -2.845978
16.66093 -31.26558 7.950829 -2.856859 -1.442693 -1.326895 -1.337949 -0.809121 -1.300942
14.66093 -31.26558 7.950829 -1.572708 -0.397427 0.512693 0.234292 -1.170745 -2.329854
4.660934 -31.26558 7.950829 -4.364232 -5.961917 0.085509 -0.199477 -0.622547 -1.256224
-11.33907 -31.26558 7.950829 -1.926717 -3.955417 -1.782731 -2.022827 -0.707087 -0.530555
12.66093 -33.26558 7.950829 0.517898 0.294182 2.28588 2.226963 0.69349 -0.201695
10.66093 -33.26558 7.950829 0.043554 0.222126 0.459894 0.684089 0.352724 -0.021627
8.660934 -33.26558 7.950829 -0.17334 -0.476315 0.078567 0.729248 0.625515 0.036647
6.660934 -33.26558 7.950829 0.235724 1.906105 -1.556322 0.273987 0.506832 1.207181
4.660934 -33.26558 7.950829 -4.173493 -4.225618 0.902772 0.498541 -0.700635 -0.804683
8.660934 -35.26558 7.950829 1.249076 0.364656 2.677256 1.809988 2.825456 1.777701
6.660934 -35.26558 7.950829 2.217047 -0.08336 3.068747 1.858827 2.80043 2.067697
4.660934 -35.26558 7.950829 -1.11167 -2.626244 4.170757 2.307873 1.159958 0.246382
-3.339066 -23.26558 9.950829 6.107364 0.779619 5.921723 4.435082 2.09841 0.264065
6.660934 -25.26558 9.950829 7.497659 8.857178 5.140826 6.96138 1.046859 2.639109
0.660934 -25.26558 9.950829 -8.752574 -8.393322 -1.942326 -2.763659 -1.693769 -2.763949
-1.339066 -25.26558 9.950829 -1.482193 -6.150962 5.045773 2.582128 0.019108 -1.110005
6.660934 -27.26558 9.950829 1.219961 2.375113 1.75514 3.423846 -0.390993 1.606518
4.660934 -27.26558 9.950829 -0.249892 0.63808 3.431313 3.759008 -0.332929 0.596711
-3.339066 -27.26558 9.950829 2.374748 -1.713629 3.083225 0.033419 0.582982 -1.013005
-5.339066 -27.26558 9.950829 0.461553 -3.150647 1.717543 -1.273547 0.137407 -1.457895
-7.339066 -27.26558 9.950829 -2.911155 -3.053994 -0.948831 -2.015553 -0.360729 -0.240514
10.66093 -29.26558 9.950829 -2.547417 -3.863856 -0.17807 -1.111467 -1.963286 -3.336465
4.660934 -29.26558 9.950829 -1.741914 -0.030104 -1.50059 -0.108657 0.075257 0.937183
-3.339066 -29.26558 9.950829 2.806612 1.939286 0.355804 0.262402 0.470552 1.464372
-5.339066 -29.26558 9.950829 3.483261 4.397562 0.510744 0.725464 0.120261 1.002857
-7.339066 -29.26558 9.950829 -1.225821 -1.86546 -1.544173 -1.595719 -1.118719 -1.517024
-9.339066 -29.26558 9.950829 -6.560017 -7.598333 -2.726708 -2.72974 -2.206678 -3.361145
-11.33907 -29.26558 9.950829 -1.661728 -1.615818 -1.272785 -0.865769 -0.808364 -1.972114
16.66093 -31.26558 9.950829 -4.514018 -4.298602 -1.731511 -2.26047 -1.403651 -2.113542
14.66093 -31.26558 9.950829 -4.048706 -2.708257 1.002905 0.823631 -1.771801 -2.749131
12.66093 -31.26558 9.950829 -1.705953 -3.241743 1.299835 1.596007 0.157857 -0.46001
10.66093 -31.26558 9.950829 -3.420081 -5.236863 -0.508775 -0.78672 0.016693 -1.599193
8.660934 -31.26558 9.950829 -2.832183 -5.499794 1.939293 0.936044 0.099074 -1.190046
4.660934 -31.26558 9.950829 -2.055778 -1.993718 0.062378 0.580474 -1.178337 -1.005993
-11.33907 -31.26558 9.950829 -1.311139 -1.484975 -1.140368 -0.576945 -1.24368 -1.684346
16.66093 -33.26558 9.950829 4.735034 4.885396 -0.545092 -0.787465 -0.816279 0.147369
14.66093 -33.26558 9.950829 6.706162 6.552026 3.802246 4.345495 0.131959 0.10732
12.66093 -33.26558 9.950829 4.075058 1.80634 4.200318 4.234 1.467055 1.252743
10.66093 -33.26558 9.950829 0.643112 -1.811845 1.521562 0.759167 1.197092 0.694998
8.660934 -33.26558 9.950829 -2.420511 -3.836065 -1.164753 -2.318231 0.366994 -0.648685
6.660934 -33.26558 9.950829 0.522289 2.586791 -3.260268 -2.307622 -1.38675 -0.317167
4.660934 -33.26558 9.950829 -4.541352 -2.213482 -0.987017 0.179171 -1.695159 -1.023057
-11.33907 -33.26558 9.950829 -3.789166 -2.687201 -2.113276 -1.021582 -0.988442 -0.914975
8.660934 -35.26558 9.950829 1.921567 -0.619265 -0.785931 -2.31682 1.854792 0.911369
6.660934 -35.26558 9.950829 -1.453601 2.044618 -1.573521 -0.354178 -1.29113 -0.103232
4.660934 -35.26558 9.950829 -1.61367 0.532156 0.146467 1.491699 -0.83239 -0.684033
12.66093 -27.26558 11.95083 1.932788 2.549992 5.945138 4.699412 -0.451394 -0.634405
10.66093 -27.26558 11.95083 -0.694719 -1.631335 3.404494 2.030685 -1.818458 -2.462626
4.660934 -27.26558 11.95083 -1.432155 -5.549744 3.28231 -1.605054 0.337634 -3.126968
2.660934 -27.26558 11.95083 0.590481 -9.007113 3.693678 -3.567612 0.274008 -4.05394
14.66093 -29.26558 11.95083 -0.858081 -5.919032 5.486578 2.220231 0.739507 -2.53586
12.66093 -29.26558 11.95083 0.375713 -3.561217 6.370812 3.035566 0.558357 -2.269644
10.66093 -29.26558 11.95083 -0.714754 -4.010662 2.950741 -0.187313 -2.149986 -4.848247
8.660934 -29.26558 11.95083 -3.683651 -5.178491 2.581136 1.30458 -2.220154 -3.102679
4.660934 -29.26558 11.95083 -4.486088 -2.44602 -3.800168 -3.924921 -2.972458 -3.844537
2.660934 -29.26558 11.95083 1.560379 -5.803627 3.928473 -0.383226 -0.051185 -3.439639
-5.339066 -29.26558 11.95083 1.989398 -1.604156 4.134996 0.302074 3.108431 0.53341
-7.339066 -29.26558 11.95083 -2.190252 -4.677248 2.125929 -0.837941 1.208377 -0.852408
-9.339066 -29.26558 11.95083 -3.280252 -6.680865 3.257149 1.36259 0.114581 -1.712867
-11.33907 -29.26558 11.95083 -0.108893 -3.782535 2.37479 0.774515 0.441014 -1.470503
16.66093 -31.26558 11.95083 -1.209965 -3.135269 1.059359 0.830239 0.139547 -0.442605
14.66093 -31.26558 11.95083 0.454508 -3.543655 3.599973 0.924534 -0.162129 -2.086967
12.66093 -31.26558 11.95083 2.301584 -4.247379 4.818862 1.994397 0.084848 -2.63253
10.66093 -31.26558 11.95083 1.864445 -3.519879 2.738379 -0.022334 -0.724462 -4.046475
8.660934 -31.26558 11.95083 1.570346 -4.524073 5.439754 2.041836 1.266443 -1.065636
6.660934 -31.26558 11.95083 1.746154 -0.934956 3.483372 -0.017461 -1.47222 -2.482971
4.660934 -31.26558 11.95083 -3.555186 -4.525881 -0.43333 -1.037044 -2.943573 -3.633546
2.660934 -31.26558 11.95083 -1.588216 -7.917082 3.047062 0.162732 0.666083 -2.826802
-7.339066 -31.26558 11.95083 -5.093842 -6.409247 1.247205 -0.665278 0.162824 -1.446963
-9.339066 -31.26558 11.95083 -4.865673 -6.77591 4.141279 1.049965 -0.353948 -2.629653
-13.33907 -31.26558 11.95083 0.914218 -1.152403 1.932002 2.213907 -1.521022 -1.364298
14.66093 -33.26558 11.95083 4.369583 2.804524 4.541703 2.250533 -0.234896 -0.93659
12.66093 -33.26558 11.95083 6.975521 3.695882 5.449714 3.398456 0.499061 -0.483794
10.66093 -33.26558 11.95083 5.776114 2.676855 5.65355 3.001385 2.278575 0.483268
8.660934 -33.26558 11.95083 2.43352 -2.314166 4.800263 -0.372351 3.237891 0.387346
6.660934 -33.26558 11.95083 -1.217472 -4.808649 2.054729 -3.10139 0.213264 -1.782676
4.660934 -33.26558 11.95083 -6.693422 -7.645317 0.973231 -1.067275 -1.40944 -2.535018
6.660934 -35.26558 11.95083 -1.489413 -2.987428 0.843109 -2.541538 1.21992 -0.460525
4.660934 -35.26558 11.95083 -4.156899 -6.102275 0.707113 -1.085364 1.477492 -0.745126
10.66093 -27.26558 13.95083 0.431127 0.906556 1.783387 1.48143 -0.424161 -0.930669
8.660934 -27.26558 13.95083 -3.418398 -0.849842 -2.090241 -1.308699 -4.081448 -3.695869
-9.339066 -27.26558 13.95083 -4.893266 -4.52768 -2.400551 -3.272075 -1.76677 -2.31491
-11.33907 -27.26558 13.95083 -2.468498 1.536943 -3.116371 -0.707567 -2.228859 -0.73682
10.66093 -29.26558 13.95083 0.20894 0.494644 -0.609472 -1.816391 -3.107576 -4.892591
8.660934 -29.26558 13.95083 -4.297781 -3.402351 -1.705046 -2.41475 -4.553916 -4.934606
4.660934 -29.26558 13.95083 -8.079813 -4.548153 -7.070328 -7.609949 -6.588158 -7.680372
2.660934 -29.26558 13.95083 -6.757742 -10.32736 1.109468 -3.169172 -4.350475 -7.401209
-7.339066 -29.26558 13.95083 -3.160342 -2.482251 1.278468 -0.448509 0.476871 -1.537857
-9.339066 -29.26558 13.95083 -4.608303 -5.185996 1.489763 -0.299238 -1.696821 -3.629245
-11.33907 -29.26558 13.95083 -1.183837 -2.774134 -0.665654 -1.10845 -1.970371 -3.611429
8.660934 -31.26558 13.95083 -1.855862 -6.616146 1.674612 -2.882929 -2.022523 -4.812214
6.660934 -31.26558 13.95083 -4.407061 -7.08314 -2.383763 -5.615443 -3.911909 -6.196587
4.660934 -31.26558 13.95083 -7.758203 -6.820457 -4.910875 -5.328528 -6.333508 -7.764748
2.660934 -31.26558 13.95083 -5.859258 -7.288912 1.276687 -0.180223 -1.604435 -4.334866
-7.339066 -31.26558 13.95083 -5.827881 -5.261368 -2.25534 -3.907438 -1.190426 -3.593931
-9.339066 -31.26558 13.95083 -5.792712 -5.373868 2.366722 0.564334 -2.180462 -4.403224
6.660934 -33.26558 13.95083 -3.68202 -11.41561 -1.690622 -10.60667 -0.713686 -6.02225
12.66093 -25.26558 15.95083 -0.279151 -1.72181 1.601386 1.25459 -4.585728 -5.815438
10.66093 -25.26558 15.95083 2.271961 0.979459 2.151933 2.704246 -2.626693 -2.93323
-11.33907 -25.26558 15.95083 0.247172 1.129496 1.306445 2.158714 -0.51497 -0.723118
12.66093 -27.26558 15.95083 2.769679 -1.989633 4.373026 0.387687 2.51822 -1.898316
10.66093 -27.26558 15.95083 3.695619 2.5389 1.439367 0.894835 0.920463 -0.289644
8.660934 -27.26558 15.95083 0.283099 0.659597 -2.666821 -1.654362 -2.733812 -3.201104
-11.33907 -27.26558 15.95083 1.963604 -1.187389 2.150693 0.908067 -0.589469 -2.48881
10.66093 -29.26558 15.95083 2.833515 0.761873 3.051564 -0.019709 1.549115 -0.72587
8.660934 -29.26558 15.95083 1.228277 -1.400563 -1.133791 -2.620191 -2.257479 -3.491342
6.660934 -29.26558 15.95083 -1.017034 -2.85828 -1.736864 -3.223202 -2.794171 -3.802806
4.660934 -29.26558 15.95083 -2.592357 -5.696474 -1.75372 -4.621193 -3.525071 -5.288523
6.660934 -31.26558 15.95083 -1.143406 -7.033897 0.023259 -2.805562 -4.061568 -6.7368
4.660934 -31.26558 15.95083 -3.951411 -5.423654 -2.943006 -3.241874 -4.770469 -5.982752
12.66093 -27.26558 17.95083 8.486454 1.228699 8.955448 5.099464 2.268029 -2.648665
4.660934 -31.26558 17.95083 0.542259 -3.389349 -1.784421 -1.953315 -0.428858 -0.467619
