4.240494 -23.27403 -4.262772 0.424513 0.542586 2.221666 2.225984 4.24458 7.170581
-3.759506 -19.27403 -2.262772 -1.603293 -2.435131 0.362564 0.870698 -0.255596 -1.692484
8.240494 -21.27403 -2.262772 -2.178367 -2.707953 2.719036 3.096992 2.518931 3.784287
6.240494 -21.27403 -2.262772 -0.998692 -2.129753 1.718614 2.492418 2.219797 3.658947
4.240494 -21.27403 -2.262772 2.07947 3.928112 3.949523 4.466388 -0.351268 3.461626
-3.759506 -21.27403 -2.262772 -3.359883 -3.198095 0.363555 0.941313 3.328971 3.692818
8.240494 -23.27403 -2.262772 -0.560501 -0.824808 2.35904 3.320645 0.468742 0.788762
6.240494 -23.27403 -2.262772 -2.489508 -4.258647 1.36999 1.706329 -0.351258 -0.040309
4.240494 -23.27403 -2.262772 1.063009 1.885111 4.492394 4.670132 -0.097785 3.685219
-1.759506 -23.27403 -2.262772 0.44823 1.602966 2.584613 2.817113 -0.765414 1.18873
10.24049 -21.27403 -0.262772 1.124846 1.199125 4.127584 3.003552 -1.213563 -0.784727
8.240494 -21.27403 -0.262772 -0.746666 1.027062 2.686558 2.002778 1.595174 4.540626
6.240494 -21.27403 -0.262772 -0.9214 0.581996 0.723023 1.633183 3.049171 5.270826
4.240494 -21.27403 -0.262772 3.134964 5.55147 8.116425 7.371774 1.71153 5.354073
-3.759506 -21.27403 -0.262772 -3.374856 -1.364623 0.272855 0.971951 0.464994 1.240841
-5.759506 -21.27403 -0.262772 -3.268136 -2.094468 -2.572632 -1.01688 -1.36937 -2.783266
10.24049 -23.27403 -0.262772 -0.081268 0.154858 1.410067 1.931305 -1.752285 -1.99962
8.240494 -23.27403 -0.262772 -0.595406 0.290929 1.309776 1.758285 0.572731 1.144405
6.240494 -23.27403 -0.262772 -0.524832 -2.324187 0.00898 0.489393 2.59261 2.235144
2.240494 -23.27403 -0.262772 4.591457 6.406426 8.10183 6.177533 2.884982 5.682017
0.240494 -23.27403 -0.262772 1.356901 2.045635 5.418038 5.001139 -0.973249 -0.894069
-1.759506 -23.27403 -0.262772 -0.698802 0.016334 2.529167 3.099936 -1.723337 -1.261321
-3.759506 -23.27403 -0.262772 -1.391768 0.047061 0.996147 0.466017 0.156301 -0.134835
-5.759506 -23.27403 -0.262772 -2.339699 -2.677977 -1.901816 -2.052437 -1.898115 -3.740825
0.240494 -25.27403 -0.262772 0.072707 -0.355028 3.307806 3.04541 0.51966 1.395627
-1.759506 -25.27403 -0.262772 1.336465 0.96544 2.252186 1.863518 0.882357 1.0456
-3.759506 -25.27403 -0.262772 -0.316328 0.913324 1.822966 1.001904 0.111559 0.294704
8.240494 -19.27403 1.737228 -2.499335 4.368237 -0.020869 2.329008 -0.121605 4.576214
6.240494 -19.27403 1.737228 -0.54363 6.385386 1.204568 3.946414 1.598576 5.163578
8.240494 -21.27403 1.737228 -1.298911 3.272747 1.334157 2.220836 1.384706 5.337677
6.240494 -21.27403 1.737228 0.677358 4.969488 3.758923 4.562917 2.726045 6.049863
4.240494 -21.27403 1.737228 1.215465 6.017904 5.233688 6.180481 0.58804 5.068739
0.240494 -21.27403 1.737228 -0.022931 -0.421768 6.336324 3.79346 0.484739 -0.233608
-1.759506 -21.27403 1.737228 -0.246707 0.936081 5.356032 4.206643 1.324923 2.623855
12.24049 -23.27403 1.737228 -0.928564 -0.286912 -1.920196 -0.140591 -1.526451 0.345843
10.24049 -23.27403 1.737228 -1.829273 -1.251646 -0.082243 1.091594 -1.353652 -0.858729
8.240494 -23.27403 1.737228 -0.801952 0.645908 1.545576 1.568534 1.797614 2.654982
6.240494 -23.27403 1.737228 1.868915 1.518838 3.506199 2.638439 2.636552 3.192851
0.240494 -23.27403 1.737228 1.684124 1.126866 6.833375 4.143714 -1.496806 -2.173867
-1.759506 -23.27403 1.737228 0.189614 -0.792711 4.53923 2.526597 0.077245 -0.725898
2.240494 -25.27403 1.737228 2.454747 3.895194 1.626842 2.739311 2.826893 4.247946
0.240494 -25.27403 1.737228 3.931358 2.339518 6.130902 3.700901 3.021287 1.250516
-1.759506 -25.27403 1.737228 1.130659 0.230552 3.088932 1.852225 3.552776 1.979046
-3.759506 -25.27403 1.737228 1.12278 1.928954 2.313497 1.480319 1.665895 1.806192
-5.759506 -25.27403 1.737228 0.448199 0.107102 0.580885 -0.019375 0.362989 -0.531838
-7.759506 -25.27403 1.737228 -0.621287 1.522758 -1.529059 -0.82434 -1.26675 -1.218111
0.240494 -27.27403 1.737228 1.087381 1.203777 2.85795 2.7691 3.352163 3.772001
-1.759506 -27.27403 1.737228 0.724841 0.549097 4.119406 3.007294 3.887103 3.634722
-3.759506 -27.27403 1.737228 -0.511211 -0.567334 4.645582 2.679082 -0.413326 -1.53846
-5.759506 -27.27403 1.737228 -2.380788 -1.161824 0.646149 1.104799 -1.510259 -1.720211
8.240494 -19.27403 3.737228 -1.834896 0.189673 -0.458334 0.580931 -2.450976 -1.344468
8.240494 -21.27403 3.737228 0.671231 1.428913 4.025576 3.13485 1.247818 2.719408
6.240494 -21.27403 3.737228 3.049433 3.740885 7.056664 5.206305 1.968036 3.153809
4.240494 -21.27403 3.737228 -1.682838 -0.213936 0.405714 1.546272 0.330763 2.239397
12.24049 -23.27403 3.737228 -3.157398 -1.930438 -1.244083 0.592063 -1.482624 0.587454
10.24049 -23.27403 3.737228 -0.892632 0.645373 3.172762 3.784245 -0.95402 1.172137
8.240494 -23.27403 3.737228 1.102896 1.076424 5.25599 3.618112 1.991925 1.558279
6.240494 -23.27403 3.737228 3.084616 2.996855 6.307204 4.116431 1.430885 0.265764
0.240494 -23.27403 3.737228 2.383637 4.780217 5.05263 2.677726 -2.351197 -1.046793
-1.759506 -23.27403 3.737228 1.980438 -0.092025 2.36993 -0.40569 0.024224 -1.462976
12.24049 -25.27403 3.737228 -2.152095 -2.112499 -3.297334 -1.680681 0.854648 1.376584
8.240494 -25.27403 3.737228 -1.056647 0.37699 1.827041 2.089305 0.723017 0.84458
6.240494 -25.27403 3.737228 -0.389682 0.378002 3.298157 3.061049 -0.107464 0.015358
0.240494 -25.27403 3.737228 3.317636 3.668667 6.488396 4.245304 3.268112 4.017706
-5.759506 -25.27403 3.737228 2.483568 1.973954 1.375071 0.587172 0.0478 0.963507
-7.759506 -25.27403 3.737228 1.887433 3.319216 -1.168721 -0.091368 -0.533046 1.021418
8.240494 -27.27403 3.737228 -0.916097 0.922209 -1.347795 0.578189 0.846632 1.270245
2.240494 -27.27403 3.737228 3.385638 2.734036 1.761091 2.106226 1.524561 2.856811
-1.759506 -27.27403 3.737228 -0.032127 1.68635 2.379651 1.996548 4.206263 4.573512
-3.759506 -27.27403 3.737228 -0.441078 0.57233 2.288002 1.615414 0.380988 1.131238
-5.759506 -27.27403 3.737228 0.176643 2.873237 1.4389 2.340864 -2.48473 -0.152792
-7.759506 -27.27403 3.737228 0.598509 3.309992 -0.59909 1.57391 -2.59974 -0.704899
2.240494 -29.27403 3.737228 1.755679 2.484741 4.479336 3.620106 1.653653 3.499377
0.240494 -29.27403 3.737228 1.871503 3.754884 2.624965 3.288792 1.204293 2.759175
-1.759506 -29.27403 3.737228 1.339283 3.849922 2.737109 2.813326 2.02607 3.532025
8.240494 -21.27403 5.737228 1.421651 0.622884 5.009331 2.133235 0.919232 -0.167816
12.24049 -23.27403 5.737228 -2.671015 -2.823993 -1.342968 -0.915931 0.484767 1.087383
8.240494 -23.27403 5.737228 1.161315 1.691948 4.996572 3.417206 0.431805 1.255577
6.240494 -23.27403 5.737228 3.186813 3.256878 4.534283 3.614778 3.083727 2.315227
4.240494 -23.27403 5.737228 0.991629 1.698437 1.473539 2.552008 1.389585 1.630943
12.24049 -25.27403 5.737228 -3.858889 -1.852611 -5.501638 -3.018904 1.9439 1.94083
10.24049 -25.27403 5.737228 -3.653671 -0.253683 -1.891091 0.577716 -1.249315 -0.495409
8.240494 -25.27403 5.737228 -2.354585 -0.224441 -0.681811 0.787353 -2.71178 -1.816789
6.240494 -25.27403 5.737228 1.055669 2.180287 1.61439 2.126392 1.127441 0.391827
0.240494 -25.27403 5.737228 4.306568 4.408125 4.259091 2.109551 1.374617 0.845698
-1.759506 -25.27403 5.737228 0.613397 -0.727398 1.72624 0.920953 0.053191 -0.731732
8.240494 -27.27403 5.737228 -3.612809 -1.700777 -4.094109 -1.508561 -2.182184 -2.744729
6.240494 -27.27403 5.737228 -0.42229 0.84861 1.522765 2.181968 2.009294 1.736165
2.240494 -27.27403 5.737228 2.605477 1.260701 -0.054545 -0.215311 0.98812 0.211373
0.240494 -27.27403 5.737228 1.186668 1.463778 2.454337 1.774138 2.132216 2.087965
-3.759506 -27.27403 5.737228 -1.507379 -0.976208 0.72731 0.79583 -1.05013 -1.052759
-5.759506 -27.27403 5.737228 1.718793 2.784682 0.754837 1.070104 -2.103425 -1.43692
-7.759506 -27.27403 5.737228 1.516155 1.57757 -0.37457 0.35011 -1.876506 -1.389359
2.240494 -29.27403 5.737228 2.423442 2.076058 2.155877 1.102903 1.636821 1.323487
0.240494 -29.27403 5.737228 1.771164 1.694199 3.654007 2.244745 0.221942 -0.090763
-1.759506 -29.27403 5.737228 0.55178 0.943033 2.414018 1.797253 0.919897 1.58468
-3.759506 -29.27403 5.737228 1.253431 1.393089 2.52268 2.028323 0.551689 1.769828
0.240494 -31.27403 5.737228 2.356914 2.121847 3.635347 2.190637 1.790055 1.286206
8.240494 -23.27403 7.737228 0.663213 1.145198 0.368573 0.499639 2.347726 3.55893
6.240494 -23.27403 7.737228 3.04742 4.137666 3.155778 2.786336 4.487517 5.535169
14.24049 -25.27403 7.737228 -0.53278 -1.140769 -5.407576 -4.422514 1.114474 0.217058
12.24049 -25.27403 7.737228 -1.832714 0.188953 -5.797966 -3.012663 1.720795 1.194635
8.240494 -25.27403 7.737228 -0.449771 1.95798 -0.449022 1.434755 -2.073706 -0.970904
6.240494 -25.27403 7.737228 4.806198 6.714358 2.921326 2.745169 1.466189 1.818628
4.240494 -25.27403 7.737228 3.702851 3.638196 1.032607 1.340545 1.658785 1.237202
10.24049 -27.27403 7.737228 -2.351416 -1.270222 -4.103547 -1.791459 -1.331544 -2.973947
8.240494 -27.27403 7.737228 -1.892403 -0.033511 -2.047179 0.289989 -2.257672 -2.320993
6.240494 -27.27403 7.737228 1.949709 3.739235 2.378726 2.907912 2.653224 2.41799
0.240494 -27.27403 7.737228 1.058931 1.297071 1.501523 1.796247 1.113422 1.704556
-1.759506 -27.27403 7.737228 0.376505 -0.282378 3.242069 2.327417 1.517961 1.242562
-5.759506 -27.27403 7.737228 2.115841 2.834058 0.191355 0.429441 -0.995901 -0.863553
-7.759506 -27.27403 7.737228 0.917785 1.224731 -0.73299 -0.09968 -1.10279 -0.735238
10.24049 -29.27403 7.737228 -1.039224 -0.953117 -2.904709 -1.908657 1.602111 1.498563
8.240494 -29.27403 7.737228 -3.445735 -1.112177 -3.835012 -0.981427 0.051484 1.384644
6.240494 -29.27403 7.737228 -1.702943 0.120635 -0.265227 1.304002 2.673276 2.779122
2.240494 -29.27403 7.737228 0.920163 1.776768 -0.091439 0.355924 0.055911 -1.12927
0.240494 -29.27403 7.737228 0.708829 1.215074 2.403254 1.840899 -0.236641 -0.562598
-1.759506 -29.27403 7.737228 0.122675 0.709192 2.496711 2.517124 0.627896 1.344526
-3.759506 -29.27403 7.737228 0.953463 0.78307 2.594905 1.935284 0.739804 1.444141
-5.759506 -29.27403 7.737228 0.836514 -1.383371 1.749703 0.795461 -0.487346 -0.344234
-7.759506 -29.27403 7.737228 0.810384 -1.02941 0.367504 -0.325881 -0.263592 -1.001366
10.24049 -31.27403 7.737228 0.587669 1.750982 -0.552818 0.013624 2.435809 3.178408
8.240494 -31.27403 7.737228 -1.247153 1.258056 -3.461978 -1.027292 2.000101 3.527975
0.240494 -31.27403 7.737228 2.344388 2.314083 1.734214 1.22455 -0.016027 0.361644
-1.759506 -31.27403 7.737228 0.174509 -0.926879 1.142108 0.16938 0.216821 -0.269911
-3.759506 -31.27403 7.737228 0.37981 -0.842257 2.963874 0.97362 -0.411485 -0.891054
-5.759506 -31.27403 7.737228 -0.184989 -3.86419 2.365616 0.842642 -1.356012 -2.789207
-7.759506 -31.27403 7.737228 0.409118 -3.162676 1.885582 0.688543 -1.539006 -3.297939
-1.759506 -33.27403 7.737228 1.652861 0.943365 1.985126 0.828852 0.78629 0.704826
8.240494 -23.27403 9.737228 0.277159 -0.28847 1.069083 0.10038 1.41621 2.293164
8.240494 -25.27403 9.737228 -0.129311 -0.067194 2.801894 1.773807 -0.130956 0.692412
6.240494 -25.27403 9.737228 3.152535 3.817301 5.009467 2.74388 0.528069 2.607475
4.240494 -25.27403 9.737228 3.572947 3.181233 1.515591 0.468374 0.6465 2.58733
14.24049 -27.27403 9.737228 -0.779982 -0.604566 -3.591447 -0.935635 -0.360949 1.090145
12.24049 -27.27403 9.737228 -0.477542 -1.699392 -0.726663 0.127968 0.460131 -1.189144
8.240494 -27.27403 9.737228 0.859128 0.83028 0.410126 1.132291 0.042816 -0.778451
6.240494 -27.27403 9.737228 4.49166 5.329638 6.518883 5.178541 2.667332 3.557606
4.240494 -27.27403 9.737228 3.876766 5.18749 2.881629 3.195642 2.164881 4.237284
0.240494 -27.27403 9.737228 -1.052719 -1.533672 0.556291 0.865196 1.390182 3.315038
16.24049 -29.27403 9.737228 -1.337642 -1.311506 -4.643031 -3.042977 -0.792304 1.028809
14.24049 -29.27403 9.737228 0.884495 0.670487 0.211557 0.329546 1.019558 1.039141
12.24049 -29.27403 9.737228 2.3504 1.508403 3.185297 2.149889 1.894779 0.804551
10.24049 -29.27403 9.737228 0.320721 0.879993 -2.0094 -0.458641 -0.298661 -0.90566
8.240494 -29.27403 9.737228 -1.37838 0.998426 -4.429458 -1.326622 -1.111162 -1.349729
6.240494 -29.27403 9.737228 1.243003 3.511619 1.828888 2.864069 1.359761 2.011486
4.240494 -29.27403 9.737228 1.881609 4.341119 4.045985 4.465594 1.792141 2.65204
0.240494 -29.27403 9.737228 0.686685 1.146363 1.780317 1.865977 -0.734738 1.257028
-7.759506 -29.27403 9.737228 -0.53287 -2.036631 1.833723 1.174445 -0.813707 1.192152
14.24049 -31.27403 9.737228 1.859579 1.323145 0.606104 0.13407 1.724029 0.796956
12.24049 -31.27403 9.737228 1.794014 2.156418 1.452515 1.218887 0.519522 0.420593
10.24049 -31.27403 9.737228 0.64647 2.869442 -1.733943 0.168928 -0.216402 1.468762
8.240494 -31.27403 9.737228 -1.884697 1.506608 -4.689807 -1.328368 -0.189034 0.269201
0.240494 -31.27403 9.737228 1.35715 1.429687 0.057284 1.463167 -0.864689 0.496091
-1.759506 -31.27403 9.737228 -0.334814 1.227257 0.11162 1.558452 -0.784733 1.940714
-3.759506 -31.27403 9.737228 0.173675 1.654348 2.940596 3.238437 0.699693 3.203673
-5.759506 -31.27403 9.737228 -0.262635 -0.487584 1.997972 2.444747 0.363792 2.048124
-7.759506 -31.27403 9.737228 -0.062392 -1.747032 0.777618 0.583532 -0.582733 0.561128
0.240494 -33.27403 9.737228 0.68165 2.742923 -0.256431 1.388637 -0.848974 0.448182
-1.759506 -33.27403 9.737228 0.203293 2.441458 -0.764574 1.14564 -0.546649 1.23674
-3.759506 -33.27403 9.737228 0.125668 0.895741 0.768142 1.994238 -0.211949 0.988747
8.240494 -25.27403 11.73723 0.131802 -0.467612 4.116178 1.407851 -0.039367 0.862942
6.240494 -25.27403 11.73723 -0.361751 -1.526441 3.573674 -0.207653 -1.396222 -1.552202
8.240494 -27.27403 11.73723 0.255892 0.125486 1.743701 0.82071 -0.747928 -0.181435
6.240494 -27.27403 11.73723 1.853251 0.686356 5.835429 2.772082 -1.123055 -1.498802
-7.759506 -27.27403 11.73723 -0.899952 -1.520149 -0.100634 -0.451341 -0.05404 0.70321
-9.759506 -27.27403 11.73723 -0.880942 -2.086408 -0.223981 -0.637697 -1.61321 -0.347745
18.24049 -29.27403 11.73723 0.502205 -2.52702 1.955146 -0.446468 -0.453679 -1.733914
16.24049 -29.27403 11.73723 -0.009338 -0.824727 0.750002 -0.26059 0.980166 2.894088
8.240494 -29.27403 11.73723 -0.908358 -1.433078 -1.329192 -0.874221 -0.689892 0.201125
6.240494 -29.27403 11.73723 1.143219 0.028861 4.417978 2.539855 1.315719 1.443193
0.240494 -29.27403 11.73723 -0.685146 -1.184915 1.667181 0.738895 -0.870775 0.073692
-1.759506 -29.27403 11.73723 -0.587 -2.450346 2.375276 0.622066 -1.070438 -0.581012
-5.759506 -29.27403 11.73723 0.434524 0.367319 2.147446 0.996537 0.547555 2.254292
-7.759506 -29.27403 11.73723 -0.315689 -1.668465 2.599844 0.585044 0.714781 1.727527
16.24049 -31.27403 11.73723 1.138684 0.06173 1.580556 0.817182 0.587632 2.37128
14.24049 -31.27403 11.73723 0.712195 1.086821 2.128103 2.438839 1.154482 3.679205
12.24049 -31.27403 11.73723 -0.606373 -0.140684 0.690422 2.321753 0.361776 3.887485
10.24049 -31.27403 11.73723 -1.67588 -2.797073 -1.805763 -0.032087 0.492752 4.375412
8.240494 -31.27403 11.73723 -1.28846 -2.105071 -0.60338 -0.245542 1.677868 2.851297
6.240494 -31.27403 11.73723 -1.364123 -1.437149 2.435595 2.097343 2.183258 2.708645
0.240494 -31.27403 11.73723 -0.139387 -2.491076 0.580202 0.704398 0.216659 0.435118
-1.759506 -31.27403 11.73723 -0.268602 -2.644342 0.2655 -0.030482 -0.536127 -0.99505
-3.759506 -31.27403 11.73723 -0.013597 -0.473928 1.111904 1.084102 -0.324071 0.648707
-5.759506 -31.27403 11.73723 0.116611 0.078434 1.470186 1.399697 -0.491217 1.35731
0.240494 -33.27403 11.73723 -1.34891 -0.868037 -0.146532 1.024645 -0.210906 1.255751
-1.759506 -33.27403 11.73723 -0.009875 0.031168 -0.285212 -0.082175 1.569988 2.269539
-3.759506 -33.27403 11.73723 1.453513 0.820246 1.110568 0.730862 1.455356 2.040736
14.24049 -25.27403 13.73723 -0.807493 -1.217858 2.277304 1.445784 0.231457 0.815095
12.24049 -25.27403 13.73723 -0.179557 -0.929931 1.933851 0.219941 1.120016 0.9561
16.24049 -27.27403 13.73723 1.128847 0.739773 4.693316 2.612724 -1.288391 1.440672
14.24049 -27.27403 13.73723 -0.125337 -1.232214 5.493223 3.438987 -0.708298 0.841885
12.24049 -27.27403 13.73723 0.964873 -0.881841 5.652143 2.779729 0.681801 0.461152
10.24049 -27.27403 13.73723 1.013161 -0.992119 3.579156 1.326791 0.174681 0.28704
-7.759506 -27.27403 13.73723 -0.389045 -0.86088 -2.585109 -1.868334 -0.862939 -0.535803
-9.759506 -27.27403 13.73723 -0.164746 -1.468178 -1.80806 -1.474825 -1.645072 -0.796458
-11.75951 -27.27403 13.73723 -1.668687 -2.154912 -0.722261 -0.269416 -1.130422 -1.236123
18.24049 -29.27403 13.73723 2.569685 0.54694 6.392817 2.772119 0.921515 0.026062
16.24049 -29.27403 13.73723 1.591543 1.600676 6.248577 3.435373 0.913039 1.953488
14.24049 -29.27403 13.73723 0.339494 0.637217 6.772859 4.239343 0.989794 1.670835
12.24049 -29.27403 13.73723 0.229677 -0.841713 6.237098 3.492546 0.24047 0.102511
10.24049 -29.27403 13.73723 -0.516955 -2.496549 2.660281 0.973143 -1.543495 -0.541475
8.240494 -29.27403 13.73723 -1.319104 -1.832749 0.524859 -0.509266 -1.16293 0.191988
6.240494 -29.27403 13.73723 -0.919101 -1.24646 2.597645 0.537397 -0.132137 -0.645911
0.240494 -29.27403 13.73723 -2.193059 -2.287399 0.726109 -0.160465 -0.210108 -0.981652
-1.759506 -29.27403 13.73723 -1.866177 -3.147475 0.702241 -0.506217 -1.175117 -1.061375
-5.759506 -29.27403 13.73723 -0.072389 -0.287702 -0.807558 -1.433456 -1.34647 0.009157
-9.759506 -29.27403 13.73723 -0.250378 -2.870311 -1.31652 -1.99779 -0.699347 -0.074989
-11.75951 -29.27403 13.73723 -0.229118 -1.053679 0.030029 -0.505814 -0.628573 0.071967
-13.75951 -29.27403 13.73723 -0.877031 -1.16442 0.132847 -0.451901 -2.317471 -1.741793
14.24049 -31.27403 13.73723 -0.348488 0.814718 4.583838 3.830351 2.105842 2.549039
12.24049 -31.27403 13.73723 -3.072875 -2.775304 1.105963 1.769266 -0.070129 0.378151
10.24049 -31.27403 13.73723 -3.883899 -5.935702 0.175389 0.48943 -2.154935 -0.852863
8.240494 -31.27403 13.73723 -1.279178 -1.745399 4.056498 2.464494 0.455688 1.744219
0.240494 -31.27403 13.73723 -1.316288 -3.622933 -0.195865 -0.978424 -0.640287 -1.709178
-1.759506 -31.27403 13.73723 -0.73928 -4.311759 0.948302 -1.346269 -0.053817 -0.937982
-3.759506 -31.27403 13.73723 0.213188 -1.334769 0.671861 -0.887881 -1.762095 -1.490627
-5.759506 -31.27403 13.73723 -1.585753 -2.711214 -1.399772 -1.773575 -3.566153 -3.357288
-1.759506 -33.27403 13.73723 -1.546999 -3.942166 -0.554544 -2.303063 0.930398 0.096446
14.24049 -25.27403 15.73723 -0.98723 1.044692 2.181067 1.51431 1.030444 1.201004
12.24049 -25.27403 15.73723 -0.253113 2.135999 1.310836 0.444895 0.997139 1.854827
10.24049 -25.27403 15.73723 -0.167286 1.132335 0.885502 0.688383 0.508796 2.080715
14.24049 -27.27403 15.73723 -0.702892 0.468249 3.740729 2.86738 0.203089 0.825989
10.24049 -27.27403 15.73723 1.883284 1.607289 4.443948 2.711893 0.682531 0.849335
-1.759506 -27.27403 15.73723 -2.972735 -3.446483 2.609185 1.345085 -0.179843 -0.845301
-7.759506 -27.27403 15.73723 -0.776769 -0.366089 0.050221 -0.07897 -0.325287 0.335147
8.240494 -29.27403 15.73723 0.938944 1.524115 1.519347 0.92352 -1.471101 0.917639
0.240494 -29.27403 15.73723 -0.916856 0.715484 -0.740136 -0.255324 -0.170714 -0.354946
-1.759506 -29.27403 15.73723 -0.693289 -0.35253 0.522594 0.117492 -0.866255 -0.406567
-5.759506 -29.27403 15.73723 0.167612 0.091533 1.255167 -0.171843 0.70748 1.329351
-7.759506 -29.27403 15.73723 0.212893 -1.115728 -0.93616 -1.938734 -0.181108 -0.948978
-9.759506 -29.27403 15.73723 1.003605 -1.04141 0.367749 -1.600257 0.829282 0.025936
-11.75951 -29.27403 15.73723 1.170483 1.367065 1.171431 0.020108 0.194445 0.387478
-13.75951 -29.27403 15.73723 -0.496423 -1.115446 -1.55954 -1.60129 -1.668279 -2.425287
8.240494 -31.27403 15.73723 1.802076 2.463032 3.757821 2.533862 -0.055395 1.813997
0.240494 -31.27403 15.73723 -1.975567 -2.345028 -2.237716 -1.770464 -0.887979 -1.991037
-1.759506 -31.27403 15.73723 -1.065503 -2.588806 0.326983 -0.466356 -0.290429 -0.476728
-3.759506 -31.27403 15.73723 0.400487 -0.805983 0.47864 -0.650556 0.328928 -0.075105
-5.759506 -31.27403 15.73723 0.46853 -0.482287 -0.134191 -1.254219 0.033811 -1.275772
-9.759506 -31.27403 15.73723 0.607751 -1.552536 -0.185735 -1.678526 -1.417968 -2.966011
-1.759506 -33.27403 15.73723 -1.817668 -3.740132 -1.363585 -2.114581 0.868869 -0.292919
14.24049 -25.27403 17.73723 0.264539 0.928005 2.726025 1.066364 1.250294 1.454863
12.24049 -25.27403 17.73723 -0.2415 0.718114 1.738606 0.294293 0.604405 1.729757
12.24049 -27.27403 17.73723 -0.049598 0.986757 3.425341 1.346433 0.598464 1.725397
10.24049 -27.27403 17.73723 1.093806 1.204482 3.694344 1.831377 -0.531939 0.64993
-9.759506 -27.27403 17.73723 -1.637944 -1.505897 -0.383739 -0.810056 -0.618051 1.160753
-11.75951 -27.27403 17.73723 0.859318 1.315552 -0.067457 -0.321458 -1.640098 0.454298
10.24049 -29.27403 17.73723 1.71383 1.876667 2.204648 1.186785 1.119948 2.108268
8.240494 -29.27403 17.73723 0.964238 1.597498 2.363113 1.239409 -0.457481 0.413744
0.240494 -29.27403 17.73723 0.207674 -1.804058 3.296538 -0.093975 1.46095 0.328801
-5.759506 -29.27403 17.73723 -0.570197 -2.669866 0.456516 -0.643245 0.667919 0.310548
-7.759506 -29.27403 17.73723 -1.125482 -3.289759 -0.567877 -1.35136 -0.590372 -1.034505
-9.759506 -29.27403 17.73723 -0.831894 -3.134326 -1.118561 -2.334316 -0.366044 0.164509
-11.75951 -29.27403 17.73723 -0.44459 -1.959889 -1.924166 -2.358617 -1.582525 -0.641537
8.240494 -31.27403 17.73723 2.425351 2.90372 2.127615 1.296842 0.555357 1.551268
0.240494 -31.27403 17.73723 -2.01362 -3.962057 -0.702492 -1.250654 -0.779501 -2.192744
-1.759506 -31.27403 17.73723 -2.02105 -2.951926 0.47535 -0.183347 -1.120895 -0.703048
-3.759506 -31.27403 17.73723 -1.438315 -3.77078 -0.477868 -1.486539 0.517043 0.198783
-5.759506 -31.27403 17.73723 -0.195303 -3.636381 -0.736874 -1.804807 0.678443 -0.879505
-7.759506 -31.27403 17.73723 -0.298105 -5.049977 -1.271273 -2.722654 -0.385875 -2.574872
-9.759506 -31.27403 17.73723 -0.501585 -3.925207 -1.719043 -3.374267 -1.164475 -1.847674
-5.759506 -33.27403 17.73723 -2.156545 -4.262987 -1.832743 -2.002871 -1.357901 -2.453243
14.24049 -25.27403 19.73723 1.956739 0.653821 2.779645 1.203009 0.250681 1.783299
12.24049 -25.27403 19.73723 1.769637 -0.127275 2.843212 0.939331 0.960595 2.209948
-9.759506 -25.27403 19.73723 -1.372098 -0.809989 -0.557923 0.577093 -0.961896 1.957765
-11.75951 -25.27403 19.73723 0.664511 -0.037409 1.960987 1.463759 0.526115 2.221091
12.24049 -27.27403 19.73723 0.659541 0.076072 1.610064 0.440279 1.038834 3.31832
-9.759506 -27.27403 19.73723 -0.276042 -0.568313 -2.252833 -1.142634 -1.106726 2.141808
-11.75951 -27.27403 19.73723 0.069387 -0.841855 -1.112528 -0.391722 -0.868646 2.138251
10.24049 -29.27403 19.73723 0.113955 -1.982375 2.727853 1.585418 1.048231 1.941289
-7.759506 -29.27403 19.73723 1.034899 -1.19194 1.109941 0.406529 0.837007 1.541682
-9.759506 -29.27403 19.73723 1.011952 -0.763918 -0.618432 -0.681825 1.159783 2.394395
-3.759506 -31.27403 19.73723 -0.35552 -2.283021 1.64547 0.686055 1.009775 2.013418
-5.759506 -31.27403 19.73723 -0.551913 -2.870068 0.22695 -0.198939 1.601929 1.673143
-7.759506 -31.27403 19.73723 -0.642559 -4.428457 -0.134794 -1.074317 1.597675 0.676314
-5.759506 -33.27403 19.73723 -2.726467 -5.521651 0.396209 -0.517349 -2.198085 -2.195935
14.24049 -25.27403 21.73723 2.017597 1.822704 2.511899 2.174189 1.398292 4.59564
14.24049 -27.27403 21.73723 4.021071 4.018033 4.029186 3.226975 3.715331 6.903196
12.24049 -27.27403 21.73723 1.906981 1.916166 1.772321 1.759989 1.574969 4.800853
12.24049 -29.27403 21.73723 1.668481 -0.962091 2.724614 1.42011 2.045723 2.581141
-7.759506 -29.27403 21.73723 2.173477 -0.36454 -0.475734 -0.726208 0.947932 1.535169
-5.759506 -31.27403 21.73723 0.478957 -1.482463 1.15896 1.124776 2.285735 3.657113
12.24049 -25.27403 23.73723 2.716994 2.68686 1.856818 1.491246 0.559276 2.783471
14.24049 -27.27403 23.73723 3.75726 3.058781 4.547981 2.780061 4.804928 6.415107
12.24049 -27.27403 23.73723 1.69633 2.141434 1.111554 1.268357 1.56933 4.01432
