1.487839 -17.62343 10.02956 0.588216 6.345224 -3.288928 3.405151 -0.69735 4.134881
1.487839 -19.62343 10.02956 0.696963 5.036168 -5.383772 -2.718169 -3.898128 0.27971
1.487839 -21.62343 10.02956 2.587372 1.654902 -1.252925 -1.909968 -1.200825 0.256109
7.487839 -25.62343 10.02956 4.000071 1.78929 4.196586 6.895271 3.671757 4.204268
7.487839 -27.62343 10.02956 -1.300846 -0.16852 0.950225 4.410023 1.290047 2.710553
7.487839 -29.62343 10.02956 -2.572678 -0.456599 0.256628 1.863311 0.875574 1.908028
7.487839 -31.62343 10.02956 0.275015 0.045495 2.701194 3.447288 2.362313 2.771763
9.487839 -33.62343 10.02956 1.215796 -0.089023 1.896082 1.754739 1.269787 -0.339372
7.487839 -33.62343 10.02956 -0.860382 0.57042 1.49721 1.160688 2.988009 3.753544
11.48784 -35.62343 10.02956 -1.454513 -0.560913 -4.274621 -4.397266 -0.954214 -2.09172
9.487839 -35.62343 10.02956 -0.384402 -1.813931 -1.21477 -3.248824 2.313063 0.442446
7.487839 -35.62343 10.02956 1.296932 0.699273 1.33123 -2.627845 3.53775 2.825866
11.48784 -37.62343 10.02956 -3.253375 -2.233306 -2.230657 -2.31483 0.524952 0.92493
9.487839 -37.62343 10.02956 -3.094656 -3.188055 -0.80671 -2.354546 2.433485 1.459825
9.487839 -39.62343 10.02956 0.933021 0.014969 -0.027351 -0.421126 -0.090522 -0.081752
9.487839 -41.62343 10.02956 0.802991 -0.592722 1.991671 2.121151 -0.292273 -0.288903
9.487839 -43.62343 10.02956 0.28437 -0.013915 2.122857 3.323439 0.127135 0.373959
7.487839 -43.62343 10.02956 -1.904948 0.678106 -1.436816 -0.705305 -0.919468 1.150748
9.487839 -45.62343 10.02956 0.238497 -0.039358 -0.21458 1.114556 -0.059827 0.883013
7.487839 -17.62343 12.02956 4.879003 4.219002 0.813874 1.619133 2.333598 4.439122
7.487839 -19.62343 12.02956 6.175938 4.745974 2.854613 2.822773 5.902204 7.014008
1.487839 -19.62343 12.02956 -3.956672 3.518391 -3.211456 -0.10964 -1.634421 2.736643
-0.512161 -19.62343 12.02956 -0.529592 3.319439 0.732085 6.398827 1.421239 6.785556
7.487839 -21.62343 12.02956 7.075312 2.5966 3.92212 1.579109 7.476746 5.899333
1.487839 -21.62343 12.02956 -1.113442 1.523036 0.707878 2.67764 2.158057 4.358731
-0.512161 -21.62343 12.02956 -0.966434 2.000864 -0.087364 3.259233 1.802994 5.543099
7.487839 -23.62343 12.02956 7.285685 2.356426 5.366812 4.007138 8.543381 7.605639
5.487839 -23.62343 12.02956 7.000685 2.385076 1.492695 -4.436141 11.59732 11.06386
1.487839 -23.62343 12.02956 1.048505 0.371278 2.906137 2.754096 6.852495 7.398328
7.487839 -25.62343 12.02956 4.755458 3.581039 4.616821 7.452624 7.917764 9.918128
5.487839 -25.62343 12.02956 4.261016 0.09942 3.984171 0.749853 10.50355 10.0287
3.487839 -25.62343 12.02956 1.415635 -0.707742 6.645767 2.744689 10.48131 8.950506
1.487839 -25.62343 12.02956 -1.614049 -0.241395 0.199753 -1.304732 5.278905 5.973638
7.487839 -27.62343 12.02956 -0.168741 3.266627 1.552177 6.525043 3.978772 7.302722
5.487839 -27.62343 12.02956 2.139886 1.552155 3.933749 3.903571 7.476807 8.31979
3.487839 -27.62343 12.02956 -0.57121 0.386459 5.406804 3.733159 7.501431 7.381634
1.487839 -27.62343 12.02956 -3.418877 0.092163 -2.296354 -1.770486 0.862739 2.283289
7.487839 -29.62343 12.02956 -1.418555 2.546527 0.968941 4.46068 1.502127 5.042997
5.487839 -29.62343 12.02956 0.424801 1.897096 2.444414 1.878712 4.566219 5.849919
3.487839 -29.62343 12.02956 -1.018805 2.098332 2.238744 2.203197 4.781006 5.754539
1.487839 -29.62343 12.02956 -2.707838 1.183102 -2.13071 1.476391 -0.656169 1.295826
7.487839 -31.62343 12.02956 1.345948 1.092877 4.756502 6.591299 4.263353 7.397827
3.487839 -31.62343 12.02956 1.414831 3.621209 0.853916 0.412026 6.93638 8.207052
1.487839 -31.62343 12.02956 0.36931 2.183645 2.023163 5.495449 3.441513 5.364598
9.487839 -33.62343 12.02956 -0.255833 -0.929667 3.425239 4.958023 0.940262 1.056067
7.487839 -33.62343 12.02956 2.004888 1.672339 5.422169 8.484448 3.299332 5.554533
3.487839 -33.62343 12.02956 2.969849 2.094652 3.177822 1.699643 7.761487 7.585596
11.48784 -35.62343 12.02956 -0.864047 0.175601 -1.726147 -0.154726 -0.240921 0.787801
9.487839 -35.62343 12.02956 0.015191 -0.884424 0.968625 1.138399 1.091779 1.202133
7.487839 -35.62343 12.02956 0.732749 -0.141808 1.924319 0.950255 0.292607 -0.264267
11.48784 -37.62343 12.02956 -1.746681 -0.400472 0.567774 2.057962 1.383221 2.916481
9.487839 -37.62343 12.02956 -0.870078 -0.68311 -1.350095 -1.593768 -0.554945 -0.146414
7.487839 -37.62343 12.02956 3.286351 3.287262 1.034451 0.75581 -0.562851 0.4939
9.487839 -39.62343 12.02956 4.091911 1.395921 0.574991 0.075088 -0.819817 -0.710291
7.487839 -39.62343 12.02956 3.649764 2.783211 0.786511 0.309984 -0.427471 0.786673
9.487839 -41.62343 12.02956 3.470897 0.682206 1.892648 0.921078 0.078312 -0.374804
7.487839 -41.62343 12.02956 -0.772741 0.09683 -1.036408 -2.904595 -0.788536 -0.414947
11.48784 -43.62343 12.02956 1.102294 1.047266 0.204222 1.556388 -1.15554 -0.077915
9.487839 -43.62343 12.02956 1.232879 1.396065 1.840156 2.922421 -1.089617 -0.605986
7.487839 -43.62343 12.02956 -3.358876 0.242652 -0.476171 0.722671 -1.70455 0.132728
13.48784 -45.62343 12.02956 2.011883 1.468538 -0.28536 -0.689219 -0.859577 -0.413858
11.48784 -45.62343 12.02956 0.509188 0.070913 -0.654206 -0.438343 -0.470838 -0.167391
9.487839 -45.62343 12.02956 -1.679016 -0.501002 -0.064343 1.060842 -2.518254 -1.641879
7.487839 -45.62343 12.02956 -5.760374 -1.445033 -1.641811 0.347267 -4.147048 -2.170016
11.48784 -47.62343 12.02956 -0.505971 -0.969296 -0.909464 -1.347933 1.81686 1.370739
9.487839 -47.62343 12.02956 -3.547043 -1.795343 -2.627759 -2.046259 -0.287173 -0.030781
9.487839 -17.62343 14.02956 -4.461796 -3.45936 -3.914969 -5.538393 -0.210656 -1.8209
7.487839 -17.62343 14.02956 -1.420429 -0.276527 -1.843647 -3.451622 -1.063896 -0.736099
9.487839 -19.62343 14.02956 1.602616 0.374202 0.720543 1.704521 0.600047 -0.791645
7.487839 -19.62343 14.02956 4.075566 3.00547 -0.279263 -1.081184 -0.096716 0.313164
-0.512161 -19.62343 14.02956 3.045142 5.505688 2.133109 6.332801 2.273429 6.657242
9.487839 -21.62343 14.02956 7.889448 4.194858 6.14604 9.430943 1.774554 0.257355
7.487839 -21.62343 14.02956 6.630847 3.844824 1.174586 2.858622 1.105393 1.00251
1.487839 -21.62343 14.02956 1.238604 0.398406 3.461612 6.412979 2.160163 2.316927
-0.512161 -21.62343 14.02956 -0.051897 2.002321 -0.15048 2.296554 1.731314 4.594561
9.487839 -23.62343 14.02956 8.60479 5.214089 7.209466 9.222353 2.755584 1.678125
7.487839 -23.62343 14.02956 4.46149 1.129865 3.296096 4.068703 3.607778 2.549702
1.487839 -23.62343 14.02956 0.191088 -0.986285 2.315395 3.023765 4.581787 3.755058
-0.512161 -23.62343 14.02956 -1.807002 -0.604425 -1.836834 -1.278204 2.079793 2.633336
9.487839 -25.62343 14.02956 6.89622 4.394671 6.35448 6.892505 4.278898 3.381474
7.487839 -25.62343 14.02956 2.998447 1.002184 3.880093 4.112079 4.718203 3.512209
3.487839 -25.62343 14.02956 4.027787 2.838017 4.278526 5.148059 8.28446 9.18291
1.487839 -25.62343 14.02956 0.9435 1.141517 0.351429 -0.187081 6.415956 6.350554
-0.512161 -25.62343 14.02956 -1.410927 -0.24293 -0.759487 0.226197 1.714 2.068605
9.487839 -27.62343 14.02956 5.287351 2.923931 5.320903 6.273818 5.875452 3.809765
7.487839 -27.62343 14.02956 1.061032 2.344293 0.450164 1.673237 3.030039 2.516272
5.487839 -27.62343 14.02956 5.884934 3.735608 0.960897 -0.512284 6.735112 6.382249
3.487839 -27.62343 14.02956 4.812647 4.7223 1.713047 1.318458 8.205574 9.180693
1.487839 -27.62343 14.02956 3.215535 3.310365 0.130249 1.365333 4.419465 5.566806
9.487839 -29.62343 14.02956 3.002801 2.43573 3.018011 4.141905 3.46117 2.181922
7.487839 -29.62343 14.02956 0.950828 3.255324 -1.772607 -1.645397 2.886477 4.856253
5.487839 -29.62343 14.02956 4.647678 5.82967 -0.206579 -0.615296 5.42524 7.293278
3.487839 -29.62343 14.02956 3.491758 5.046213 -0.104999 0.514145 5.084257 6.115135
1.487839 -29.62343 14.02956 3.299265 2.809734 -0.067658 2.620946 2.388034 3.521517
7.487839 -31.62343 14.02956 6.267423 3.897788 2.140134 -0.421764 9.003249 12.32442
5.487839 -31.62343 14.02956 6.219763 5.607598 2.68043 1.917665 5.438813 7.891057
3.487839 -31.62343 14.02956 2.326096 4.227674 0.305225 3.156403 2.332455 3.755106
1.487839 -31.62343 14.02956 2.503161 1.769448 1.222874 3.753351 4.040459 4.698327
7.487839 -33.62343 14.02956 6.286852 1.496427 4.892952 3.508732 10.7723 11.60952
3.487839 -33.62343 14.02956 5.94873 4.330373 3.916647 5.533756 5.117253 5.889791
1.487839 -33.62343 14.02956 6.667224 3.455855 3.004167 4.064755 4.357775 5.036971
11.48784 -35.62343 14.02956 0.73795 0.171504 -0.072407 1.329162 2.636406 4.362127
7.487839 -35.62343 14.02956 0.656884 -0.812202 0.365034 -0.353279 2.842145 2.252084
3.487839 -35.62343 14.02956 4.486705 2.300707 4.775949 4.032955 3.991064 4.062973
11.48784 -37.62343 14.02956 -0.347423 1.233289 -0.965712 1.001196 2.188075 4.274594
7.487839 -37.62343 14.02956 1.872538 2.709398 -1.913162 -0.439653 -3.260265 -2.214584
9.487839 -39.62343 14.02956 0.959848 0.832004 -0.634264 -0.766988 -1.708802 -1.190923
7.487839 -39.62343 14.02956 2.848992 3.139188 -0.516959 0.390723 -3.30835 -2.56582
9.487839 -41.62343 14.02956 3.071032 1.466968 2.733773 2.607403 -0.093782 0.315051
7.487839 -41.62343 14.02956 2.421187 2.762288 1.701042 1.776871 0.207848 0.812659
13.48784 -43.62343 14.02956 0.442325 1.389092 -2.298333 -3.248651 -1.45007 -1.401346
9.487839 -43.62343 14.02956 3.442713 2.994082 4.102426 4.847573 -0.18594 0.872395
3.487839 -43.62343 14.02956 2.360375 1.082922 2.608942 3.74522 3.953491 3.455556
11.48784 -45.62343 14.02956 -0.11417 0.20516 1.123908 2.126036 0.267967 0.385698
9.487839 -45.62343 14.02956 -2.762627 0.825389 0.382397 2.53035 -1.6639 -0.106482
3.487839 -45.62343 14.02956 4.116144 1.549092 1.442262 0.959241 3.052292 2.52753
11.48784 -47.62343 14.02956 -3.624543 -1.958929 -1.230834 -0.531438 1.099157 1.347097
9.487839 -47.62343 14.02956 -5.914299 -1.684744 -2.804186 -0.732361 -0.984554 0.362597
13.48784 -49.62343 14.02956 -0.88674 -1.447628 -0.39359 -1.457531 0.16388 -0.864146
11.48784 -49.62343 14.02956 -2.596789 -1.290854 -1.831939 -1.457014 0.246449 0.650807
9.487839 -49.62343 14.02956 -3.920653 -1.592882 -0.325862 1.898712 1.266566 1.911705
11.48784 -51.62343 14.02956 0.307935 -0.425728 -0.346188 -0.734371 1.114198 0.303446
9.487839 -51.62343 14.02956 -1.396356 -0.901464 0.792981 2.364041 1.696262 1.309843
9.487839 -17.62343 16.02956 -4.445643 -0.369623 -6.538898 -5.891882 -2.254936 -2.490417
9.487839 -19.62343 16.02956 -1.862828 0.485224 -3.938444 -3.686466 -4.840121 -6.009498
7.487839 -19.62343 16.02956 1.204689 1.098895 -0.579368 -1.622691 -3.674489 -3.722719
9.487839 -21.62343 16.02956 -2.150556 -0.37778 -1.455455 0.203586 -5.868921 -7.20181
7.487839 -21.62343 16.02956 0.935343 -0.195223 -0.316803 -0.586098 -3.794027 -4.563903
1.487839 -21.62343 16.02956 -1.978224 -1.786262 0.814752 2.185035 0.326148 -1.385484
-0.512161 -21.62343 16.02956 -4.055348 -0.661368 -2.819298 -2.592535 2.779088 3.705243
9.487839 -23.62343 16.02956 -5.374541 -2.047887 -2.711255 -1.262326 -3.255186 -4.452748
7.487839 -23.62343 16.02956 -4.779208 -4.111053 -1.974728 -1.922426 -1.80407 -3.679245
1.487839 -23.62343 16.02956 -1.615904 -2.10432 0.471724 0.749647 1.725645 0.43255
-0.512161 -23.62343 16.02956 -5.549687 -1.465302 -2.865619 -3.046957 2.067774 2.534638
-2.512161 -23.62343 16.02956 -1.972426 -0.071021 -0.773868 -1.657811 3.377236 3.958752
9.487839 -25.62343 16.02956 -3.159487 -1.998308 -4.200362 -6.95177 0.876761 -0.693879
7.487839 -25.62343 16.02956 -3.770019 -3.457751 -2.893697 -5.349207 0.322202 -2.850937
1.487839 -25.62343 16.02956 2.465974 1.372306 -0.280163 -0.213866 2.906024 3.799454
-0.512161 -25.62343 16.02956 -2.293365 0.489802 -0.778326 0.704888 1.258331 2.483513
9.487839 -27.62343 16.02956 0.035754 -0.424084 -3.592638 -5.578604 3.05919 2.385609
7.487839 -27.62343 16.02956 -1.568204 -0.48335 -3.231395 -4.598482 -0.722794 -2.942713
1.487839 -27.62343 16.02956 3.591055 2.60488 -0.937758 0.442806 2.005198 4.177787
11.48784 -29.62343 16.02956 7.039769 4.542422 2.395313 1.859686 3.753694 3.504642
9.487839 -29.62343 16.02956 -2.436023 -0.927632 -2.406708 -1.546426 1.153073 1.617015
7.487839 -29.62343 16.02956 -5.602584 -1.355445 -2.906494 -1.315957 -2.758749 -1.455276
3.487839 -29.62343 16.02956 3.945266 4.502598 -2.997266 -5.099249 1.637034 3.767112
1.487839 -29.62343 16.02956 5.154368 2.450296 0.855318 1.863088 1.207052 2.4717
11.48784 -31.62343 16.02956 3.790916 0.898652 1.360803 0.699761 3.097196 2.258359
9.487839 -31.62343 16.02956 -2.275968 -1.5876 0.067221 -0.750507 0.056787 -1.093343
7.487839 -31.62343 16.02956 -0.546892 0.311321 -0.262798 -1.730538 2.142489 3.875057
3.487839 -31.62343 16.02956 3.477019 2.864081 2.218756 2.471767 1.912443 2.514293
1.487839 -31.62343 16.02956 4.149243 1.550686 2.770108 3.0261 2.198265 2.380919
11.48784 -33.62343 16.02956 3.437292 0.789157 1.813065 1.046798 3.045405 3.219772
9.487839 -33.62343 16.02956 3.010527 0.265548 2.266843 1.067833 2.908731 1.960584
7.487839 -33.62343 16.02956 3.431781 0.135956 3.609488 2.560063 7.773692 7.421498
1.487839 -33.62343 16.02956 2.299373 0.225669 2.227189 1.370912 2.447832 2.020437
-0.512161 -33.62343 16.02956 0.666706 1.080838 -1.414986 -3.312792 0.113168 0.321887
11.48784 -35.62343 16.02956 3.695254 1.257169 0.639201 1.335845 3.121508 3.410331
9.487839 -35.62343 16.02956 1.56539 0.518592 1.034601 2.563651 2.261935 2.796895
7.487839 -35.62343 16.02956 -1.744155 -0.550506 -2.600077 -0.949746 2.322303 3.313226
1.487839 -35.62343 16.02956 0.670347 0.038024 3.634024 3.754645 2.798963 3.534935
7.487839 -37.62343 16.02956 -0.521673 2.523854 -6.040648 -2.909099 -4.555064 -2.756902
3.487839 -37.62343 16.02956 1.079047 0.291042 2.428133 2.044995 3.320256 3.377568
1.487839 -37.62343 16.02956 -0.453592 0.909964 0.186571 0.603931 0.838445 2.860599
9.487839 -39.62343 16.02956 -2.981762 0.171024 -1.465297 1.00472 -1.030585 0.039086
7.487839 -39.62343 16.02956 -0.158047 2.998689 -4.485227 -2.099089 -4.893771 -3.774923
3.487839 -39.62343 16.02956 0.015604 1.085541 0.683538 0.474599 3.16124 4.122518
1.487839 -39.62343 16.02956 -3.504043 0.720929 -3.159249 -0.786082 -0.176129 2.164751
9.487839 -41.62343 16.02956 -4.644351 -1.370963 -0.405972 3.104396 0.04118 1.202903
7.487839 -41.62343 16.02956 -1.455127 1.396626 -2.305931 -0.725804 -1.603563 -0.301311
5.487839 -41.62343 16.02956 1.633456 1.526645 -0.469258 -0.543294 0.293852 1.837012
3.487839 -41.62343 16.02956 -0.67472 0.662538 0.696165 1.487318 2.480019 3.781335
9.487839 -43.62343 16.02956 2.752191 2.594931 3.568261 5.47962 0.951388 1.872899
5.487839 -43.62343 16.02956 2.47789 2.093357 -1.026742 -0.581987 0.267373 1.451364
3.487839 -43.62343 16.02956 1.633067 1.550879 0.896669 1.610161 1.352504 1.999597
9.487839 -45.62343 16.02956 2.298079 2.18751 3.06904 4.15006 0.58397 0.935383
3.487839 -45.62343 16.02956 2.656654 2.287684 0.869199 1.014565 0.95079 1.114822
9.487839 -47.62343 16.02956 -3.378324 -0.012886 -1.137236 1.435966 -1.275821 0.562078
13.48784 -49.62343 16.02956 -1.850528 -2.409326 -1.25274 -2.319606 -1.872077 -3.339037
11.48784 -49.62343 16.02956 -0.246495 -1.489959 0.156902 0.279022 -0.618363 -1.862789
9.487839 -49.62343 16.02956 -1.535543 -0.421261 1.912961 3.421048 0.80355 1.190698
13.48784 -51.62343 16.02956 -4.986681 -3.694608 -1.474204 -1.840572 -0.01591 -0.11404
11.48784 -51.62343 16.02956 -0.609643 -0.718539 0.097506 0.971488 0.580031 0.772375
9.487839 -51.62343 16.02956 0.124829 -0.405546 1.782737 2.324635 0.841825 0.788207
11.48784 -53.62343 16.02956 -2.220801 -0.343503 1.147055 3.375768 1.593323 2.480671
13.48784 -29.62343 18.02956 2.194921 -0.158783 1.340939 -0.372953 0.056083 -0.98277
11.48784 -29.62343 18.02956 4.993193 3.133683 -2.021624 -3.98201 1.281278 1.467629
3.487839 -29.62343 18.02956 4.115356 4.189511 -6.373351 -9.984631 -1.703023 -0.190968
13.48784 -31.62343 18.02956 1.153078 0.773977 -1.471376 -0.353735 -0.728232 -0.425484
11.48784 -31.62343 18.02956 3.097265 1.46194 -4.715121 -6.602198 -0.333636 -0.426023
9.487839 -31.62343 18.02956 -2.897073 -0.645233 -4.4748 -3.259307 -3.483951 -2.990729
3.487839 -31.62343 18.02956 3.920248 3.57455 -1.660241 -2.894295 1.533735 2.866658
1.487839 -31.62343 18.02956 1.071009 1.925126 -3.681881 -5.238921 1.360805 3.313234
13.48784 -33.62343 18.02956 2.298515 0.816778 1.415178 1.491918 -0.36152 -0.555724
11.48784 -33.62343 18.02956 4.308765 1.664305 0.729505 0.133246 1.406707 1.135002
9.487839 -33.62343 18.02956 1.596057 1.967027 -0.127595 2.612489 1.652624 2.733547
3.487839 -33.62343 18.02956 3.974069 2.813494 3.426379 4.435203 3.949507 4.742802
1.487839 -33.62343 18.02956 0.591792 1.114944 -3.512021 -5.604801 3.142728 4.010424
13.48784 -35.62343 18.02956 3.701603 1.138602 1.665273 0.268901 1.638457 0.975724
9.487839 -35.62343 18.02956 3.329471 2.184005 -0.1341 1.093586 2.795091 4.064899
7.487839 -35.62343 18.02956 0.259544 1.666742 -4.647899 -3.72211 3.241385 5.6226
3.487839 -35.62343 18.02956 6.104705 3.927558 5.799029 8.067596 5.292529 6.832144
1.487839 -35.62343 18.02956 2.571166 2.420152 1.692548 2.780008 4.33084 6.080594
-0.512161 -35.62343 18.02956 0.162669 0.609785 -2.525143 -3.257566 0.939435 1.670446
13.48784 -37.62343 18.02956 1.452718 0.826032 1.027465 0.941922 2.559459 3.201879
11.48784 -37.62343 18.02956 2.566237 0.671097 1.632777 2.262176 3.472047 3.425193
9.487839 -37.62343 18.02956 0.993886 1.526685 -1.875548 -0.918171 1.411421 2.746353
7.487839 -37.62343 18.02956 0.13212 1.988589 -8.878227 -8.353248 -1.41907 1.004547
1.487839 -37.62343 18.02956 4.13027 3.092914 2.278511 2.164903 2.976027 4.414011
-0.512161 -37.62343 18.02956 2.141159 1.533286 -1.776737 -2.153795 0.450144 0.527304
11.48784 -39.62343 18.02956 -2.053958 -1.160534 1.709224 4.47764 3.385887 5.203309
9.487839 -39.62343 18.02956 -1.20992 -0.732478 -0.897987 0.405654 1.047053 1.795475
7.487839 -39.62343 18.02956 -0.790388 1.618219 -7.926058 -7.38884 -4.158115 -2.489675
3.487839 -39.62343 18.02956 0.996862 0.420085 1.343454 -1.487021 1.692842 1.023643
1.487839 -39.62343 18.02956 1.021352 1.190943 0.682697 -1.200691 1.877852 1.513582
-0.512161 -39.62343 18.02956 1.114018 2.09719 -3.084897 -4.445659 0.665407 0.573162
9.487839 -41.62343 18.02956 -2.567481 -1.095389 0.215512 2.985106 0.019022 0.636279
7.487839 -41.62343 18.02956 -0.624319 1.049299 -7.509725 -8.956908 -4.455886 -4.174588
3.487839 -41.62343 18.02956 -1.280053 -1.392094 1.688519 -0.094244 0.524506 -0.119226
1.487839 -41.62343 18.02956 0.305392 1.164307 1.652725 2.032683 2.321748 2.411111
-0.512161 -41.62343 18.02956 -0.285769 1.731288 -1.134299 -0.683742 1.436578 2.573796
9.487839 -43.62343 18.02956 -0.849645 0.996203 2.852999 6.405813 -1.329168 -0.650341
7.487839 -43.62343 18.02956 0.509701 1.655973 -4.228732 -5.25287 -3.686778 -3.506848
3.487839 -43.62343 18.02956 -1.501881 -2.257288 1.573849 1.113835 0.59156 0.464882
1.487839 -43.62343 18.02956 2.471994 2.765804 3.017996 5.215464 3.055292 4.780632
9.487839 -45.62343 18.02956 0.962286 1.517558 2.482393 5.012589 0.120283 1.062438
3.487839 -45.62343 18.02956 1.747891 0.542914 0.996973 0.479999 1.575285 1.658574
1.487839 -45.62343 18.02956 2.827213 2.752416 2.39467 3.305434 2.860461 4.473815
9.487839 -47.62343 18.02956 -1.371953 1.985333 -1.543125 1.673642 -1.884105 0.472275
3.487839 -47.62343 18.02956 -1.802314 1.946429 -3.911053 -2.027239 -2.47916 0.168726
1.487839 -47.62343 18.02956 -1.914479 0.841378 -1.042333 0.171986 0.306596 2.379303
9.487839 -49.62343 18.02956 -1.186163 1.083514 -1.191673 -0.957938 -1.575096 -1.05035
7.487839 -49.62343 18.02956 -2.657348 -2.009659 -4.923232 -7.978122 -1.374913 -3.624393
13.48784 -51.62343 18.02956 -4.027552 -1.72361 -1.661945 -1.276753 -0.449149 0.56221
11.48784 -51.62343 18.02956 -0.353126 0.942853 0.457865 2.034154 0.36896 1.90902
9.487839 -51.62343 18.02956 -0.484699 0.606122 1.269536 3.037796 0.072469 0.906016
7.487839 -51.62343 18.02956 -3.345699 -1.654126 -2.248894 -2.650386 -0.886808 -0.704112
13.48784 -53.62343 18.02956 -4.174421 -2.022503 -1.341551 -1.260267 -0.62932 0.006937
11.48784 -53.62343 18.02956 -4.819757 -1.992146 -0.128727 1.640848 0.567655 2.000886
9.487839 -53.62343 18.02956 -0.045887 -0.303561 2.296689 3.458903 1.453387 1.916053
3.487839 -53.62343 18.02956 3.163238 1.640212 3.779748 4.338462 2.635916 2.336118
11.48784 -31.62343 20.02956 2.177347 1.977396 -3.056123 -3.468415 1.030859 2.553285
9.487839 -31.62343 20.02956 -0.071684 0.111642 -2.820422 -3.482304 -0.723494 -1.548474
1.487839 -31.62343 20.02956 0.156054 0.152935 -1.411686 -3.757542 0.359501 -0.160023
11.48784 -33.62343 20.02956 2.622619 0.633913 0.645811 0.24775 2.033679 1.943031
9.487839 -33.62343 20.02956 2.556568 1.316965 -0.139221 -0.490884 2.26945 1.503923
3.487839 -33.62343 20.02956 4.779586 4.265684 1.083209 2.498673 1.521345 2.778505
1.487839 -33.62343 20.02956 0.769794 1.452574 -2.567274 -3.661504 2.073398 2.989944
-0.512161 -33.62343 20.02956 1.914738 2.695149 -4.134957 -5.295622 0.638732 2.36841
13.48784 -35.62343 20.02956 2.482594 2.16525 -1.627841 -3.095662 1.272847 1.886334
11.48784 -35.62343 20.02956 2.566483 0.333709 0.119931 -2.025919 2.026796 1.942829
9.487839 -35.62343 20.02956 5.287961 1.811662 -0.646058 -3.428962 2.603784 3.149598
3.487839 -35.62343 20.02956 6.727071 7.337343 3.363986 7.258688 2.301474 6.366519
-0.512161 -35.62343 20.02956 0.232478 1.657263 -4.84881 -4.62156 1.183868 2.738634
-2.512161 -35.62343 20.02956 1.694351 4.152788 -0.260087 1.556468 2.566888 6.603038
13.48784 -37.62343 20.02956 0.700256 0.167691 -1.296486 -2.170258 0.457803 1.737611
11.48784 -37.62343 20.02956 3.106641 0.973016 1.959383 0.898046 1.167928 1.40366
3.487839 -37.62343 20.02956 5.21509 3.781048 1.051361 0.171696 1.235438 2.8189
13.48784 -39.62343 20.02956 1.006185 1.292526 0.383345 1.046755 2.630615 4.792168
11.48784 -39.62343 20.02956 1.381531 0.771547 1.124005 0.673349 3.322459 4.699096
9.487839 -39.62343 20.02956 2.873465 0.7471 0.175296 -2.490541 2.040175 2.398356
7.487839 -39.62343 20.02956 4.260479 2.243433 -4.302849 -7.359258 -0.632788 0.179976
3.487839 -39.62343 20.02956 3.119095 -0.487567 0.028554 -4.814597 0.216317 -2.075368
1.487839 -39.62343 20.02956 4.511787 1.941231 3.69209 2.445043 1.892408 1.172978
-0.512161 -39.62343 20.02956 4.052611 4.589523 -2.692174 -3.408376 0.256561 1.396423
11.48784 -41.62343 20.02956 -1.352008 0.797266 -0.70566 0.534222 1.705715 3.730127
9.487839 -41.62343 20.02956 1.481102 1.7439 -1.209876 -2.292926 1.607148 2.931252
7.487839 -41.62343 20.02956 5.041291 3.224292 -5.669664 -9.462424 0.229819 0.984173
-0.512161 -41.62343 20.02956 2.888789 4.449397 1.150808 3.41329 2.183496 4.122872
9.487839 -43.62343 20.02956 -2.835022 0.041094 -1.378675 0.297249 -0.623097 0.623882
7.487839 -43.62343 20.02956 0.37242 1.066603 -5.749123 -8.218298 -0.628227 -0.155936
3.487839 -43.62343 20.02956 -1.001877 -2.821677 0.409191 -2.21338 2.939164 1.178872
1.487839 -43.62343 20.02956 2.96133 0.594966 2.450431 2.043013 4.708339 4.439652
-0.512161 -43.62343 20.02956 2.52558 2.304563 3.12977 5.796164 2.946818 4.865217
9.487839 -45.62343 20.02956 -4.147754 -1.991029 -0.817455 0.701731 -0.995821 -0.163538
7.487839 -45.62343 20.02956 -3.328339 -0.935835 -4.139826 -4.847521 -2.077508 -0.963693
3.487839 -45.62343 20.02956 0.46296 -2.619408 -2.774796 -7.322456 2.075772 -0.761957
1.487839 -45.62343 20.02956 2.752753 0.178874 -0.227122 -2.249615 2.59044 2.291344
-0.512161 -45.62343 20.02956 1.899339 0.489147 1.973949 2.553893 1.926153 2.791446
9.487839 -47.62343 20.02956 -3.039046 -1.272451 -1.950151 -0.976583 -2.484351 -1.840383
7.487839 -47.62343 20.02956 -3.065765 -0.831126 -6.4468 -7.583808 -3.530954 -3.393903
1.487839 -47.62343 20.02956 0.220092 0.131325 -1.430019 -1.580069 0.869876 2.391376
9.487839 -49.62343 20.02956 -2.404528 -0.580468 -3.230724 -4.042365 -2.877659 -2.042924
7.487839 -49.62343 20.02956 -3.525552 -1.172822 -7.130593 -8.846484 -2.364777 -2.485496
3.487839 -49.62343 20.02956 -2.675978 -0.944298 -2.174403 -0.891796 -2.347788 -0.520696
1.487839 -49.62343 20.02956 -3.638957 -0.848424 -2.175858 -0.263372 -1.935651 0.640861
9.487839 -51.62343 20.02956 -0.903973 0.725774 0.161277 1.842346 -0.85719 0.67379
7.487839 -51.62343 20.02956 -0.751182 1.003983 -1.925486 -1.291986 -2.040111 -1.081865
3.487839 -51.62343 20.02956 -0.931007 -0.943598 1.090043 1.87898 1.081572 1.51084
11.48784 -53.62343 20.02956 -3.391541 -2.573584 -1.329392 -2.134246 -1.020685 -1.669357
9.487839 -53.62343 20.02956 -0.070782 0.401771 -0.163645 -0.338987 -0.097485 0.428822
3.487839 -53.62343 20.02956 2.691049 0.859141 2.904628 3.62081 2.873617 3.123834
3.487839 -55.62343 20.02956 1.430048 0.728352 1.453239 1.326313 0.932886 1.271438
1.487839 -55.62343 20.02956 3.312061 2.072341 1.463825 0.693514 -0.036617 0.215112
-0.512161 -55.62343 20.02956 3.119467 1.594631 0.783803 0.252167 -1.023538 -1.536222
13.48784 -29.62343 22.02956 2.707345 0.494592 1.003497 -0.034505 0.642366 -0.546749
11.48784 -29.62343 22.02956 3.17801 2.475266 1.149648 2.532001 1.555757 3.095359
9.487839 -29.62343 22.02956 -0.577382 -0.415642 -2.77081 -2.882472 -1.360492 -0.529926
7.487839 -29.62343 22.02956 -2.005263 -0.457642 -3.06863 -2.320772 0.320232 0.67749
13.48784 -31.62343 22.02956 0.17965 -0.596009 0.016391 -0.203317 0.274852 0.155398
11.48784 -31.62343 22.02956 1.633991 0.5052 -0.520422 -1.34679 0.017047 0.301617
9.487839 -31.62343 22.02956 1.340773 0.373292 -2.364487 -4.62077 -1.23008 -2.030484
13.48784 -33.62343 22.02956 2.146586 1.314607 -0.864915 -0.556695 1.433769 1.895612
11.48784 -33.62343 22.02956 -0.32052 -0.964651 -0.614556 -1.864688 1.015348 0.640877
9.487839 -33.62343 22.02956 3.129549 1.186779 0.865337 -0.237432 1.086982 0.302946
1.487839 -33.62343 22.02956 0.421764 1.755461 -1.729173 -0.971758 0.703757 3.48507
-4.512161 -33.62343 22.02956 -0.930392 -1.282408 -0.95686 -1.530711 0.842614 0.717906
9.487839 -35.62343 22.02956 3.835982 0.960705 2.488822 1.674624 1.821219 2.059612
1.487839 -35.62343 22.02956 -0.160441 1.828307 -1.223104 0.582768 0.059117 2.33817
-6.512161 -35.62343 22.02956 2.667312 0.647978 1.422149 1.136276 1.031255 0.50061
11.48784 -37.62343 22.02956 2.968808 1.375123 0.685783 -0.793453 1.687525 2.486786
9.487839 -37.62343 22.02956 3.761578 1.77812 3.941012 3.633105 1.436058 2.653609
3.487839 -37.62343 22.02956 0.886789 -0.47391 2.660829 3.373321 0.081893 0.557556
1.487839 -37.62343 22.02956 2.448759 2.068862 1.522559 3.752547 1.57445 3.060318
-0.512161 -37.62343 22.02956 1.374418 1.359708 -1.790134 -1.748196 1.511249 2.788445
-2.512161 -37.62343 22.02956 -2.130915 0.239698 -2.192088 -0.832823 -0.279343 1.853843
-4.512161 -37.62343 22.02956 3.738733 3.852478 1.214676 3.195727 2.693039 5.641031
13.48784 -39.62343 22.02956 2.554816 0.308981 1.409306 0.38775 1.339647 -0.051403
11.48784 -39.62343 22.02956 3.905707 1.244787 2.08273 1.222649 2.73088 2.00505
9.487839 -39.62343 22.02956 2.994846 0.935018 2.932046 2.184595 1.829529 2.463888
3.487839 -39.62343 22.02956 -0.556166 -1.46575 1.322193 0.677001 -0.482315 -0.954656
-0.512161 -39.62343 22.02956 3.776899 3.246855 0.314096 1.01442 1.433922 3.103471
-2.512161 -39.62343 22.02956 2.683922 3.349538 -0.985462 0.438409 2.245244 4.226753
-4.512161 -39.62343 22.02956 8.320546 5.503771 2.013901 3.485218 4.693153 5.633086
13.48784 -41.62343 22.02956 2.464741 0.855292 0.453822 -0.53134 1.909497 0.886352
3.487839 -41.62343 22.02956 -1.300168 -0.584284 0.038732 -0.259796 0.021618 0.703716
1.487839 -41.62343 22.02956 4.233804 2.106332 3.851685 2.632032 4.18482 4.065027
11.48784 -43.62343 22.02956 -1.02456 -1.100128 -3.694696 -4.440228 1.41044 1.282065
9.487839 -43.62343 22.02956 -1.192907 -0.062892 -0.143197 0.83859 1.556291 1.924065
7.487839 -43.62343 22.02956 -0.004476 0.677815 -2.000371 -3.745872 0.906936 1.185995
-0.512161 -43.62343 22.02956 4.762689 4.848689 4.274401 7.133075 4.193912 7.340462
-2.512161 -43.62343 22.02956 5.411181 4.670701 2.262814 3.425757 3.002454 4.21108
11.48784 -45.62343 22.02956 -4.667628 -4.561216 -7.14185 -11.70381 -1.378073 -3.144943
9.487839 -45.62343 22.02956 -6.225075 -5.235736 -4.759113 -7.363274 -0.792329 -2.904508
7.487839 -45.62343 22.02956 -4.658247 -3.334405 -5.093688 -8.155077 -0.934996 -2.250832
-0.512161 -45.62343 22.02956 1.416922 0.71142 0.551061 1.23932 1.140683 2.108604
-2.512161 -45.62343 22.02956 0.488889 1.764562 -0.765267 -0.500848 0.986479 2.103604
11.48784 -47.62343 22.02956 -3.613323 -3.02133 -3.272904 -6.215734 -2.063135 -3.476254
9.487839 -47.62343 22.02956 -4.300078 -4.355013 -4.703651 -8.635578 -1.414379 -3.750228
1.487839 -47.62343 22.02956 0.726762 -1.263915 -2.837918 -4.83764 0.6404 0.837636
-0.512161 -47.62343 22.02956 2.0389 -0.025266 -2.051189 -3.62575 0.555753 1.086812
-2.512161 -47.62343 22.02956 -0.048477 0.495737 -2.268734 -3.191288 0.603106 1.74621
9.487839 -49.62343 22.02956 -2.631624 -1.238927 -3.915242 -6.550123 -2.462687 -1.874837
3.487839 -49.62343 22.02956 1.500755 -1.174378 -1.292953 -3.261667 -0.016276 -1.219011
1.487839 -49.62343 22.02956 1.304801 -1.170514 -1.345019 -4.140872 0.159006 -0.337811
-0.512161 -49.62343 22.02956 -0.417067 -0.937613 -3.111669 -5.584647 -0.716908 -0.055754
9.487839 -51.62343 22.02956 -2.61446 0.381699 -2.16654 -1.905593 -2.143728 -0.254505
7.487839 -51.62343 22.02956 -1.389796 1.543901 -2.253422 -2.076996 -0.207702 2.422541
3.487839 -51.62343 22.02956 2.845999 0.252121 -0.171614 -2.137658 1.213332 0.576815
1.487839 -51.62343 22.02956 -0.732292 -1.415901 -1.469774 -3.276117 -0.001775 -0.447515
11.48784 -53.62343 22.02956 0.459023 -0.151872 -0.128792 -1.166386 -0.243616 -0.986994
9.487839 -53.62343 22.02956 -0.724084 -0.197366 -0.715191 -1.475579 -0.714736 -0.636828
3.487839 -53.62343 22.02956 2.871271 0.814829 0.827444 0.038562 0.918653 1.330253
-0.512161 -53.62343 22.02956 0.051305 0.739831 -0.378868 0.279644 -0.106012 0.443029
3.487839 -55.62343 22.02956 0.116801 -0.162805 0.784364 0.368589 0.042134 0.685895
1.487839 -55.62343 22.02956 1.1979 1.205441 -0.024253 -1.031455 -0.26409 0.250961
-0.512161 -55.62343 22.02956 1.269525 1.37453 0.510295 0.654987 0.115881 0.70688
-2.512161 -55.62343 22.02956 2.30572 1.183136 1.074002 1.265223 0.517569 0.974043
-0.512161 -57.62343 22.02956 -0.656657 1.230524 -1.042195 -0.36379 -0.842073 1.094532
9.487839 -27.62343 24.02956 2.034085 0.506076 -0.920315 -1.517803 -1.72 -1.054123
7.487839 -27.62343 24.02956 0.037021 0.503358 -3.463676 -5.154209 -3.110305 -3.356974
7.487839 -29.62343 24.02956 -0.966589 0.171181 -5.659985 -7.642825 -2.073413 -1.100451
13.48784 -31.62343 24.02956 -0.123545 -0.150139 -2.677239 -5.529318 -1.900167 -2.237087
11.48784 -31.62343 24.02956 2.810812 1.776654 -1.356353 -2.914577 -0.552016 -0.125913
9.487839 -31.62343 24.02956 1.370615 1.08163 -4.242275 -5.59299 -1.304907 -0.122166
7.487839 -31.62343 24.02956 -1.208305 0.553954 -8.001735 -10.78489 -0.970543 0.706367
15.48784 -33.62343 24.02956 4.112822 1.639523 -0.025143 -0.82862 0.351485 -0.488953
13.48784 -33.62343 24.02956 1.57365 0.328646 -1.744081 -2.434847 0.175452 -0.140456
11.48784 -33.62343 24.02956 0.680356 0.474641 -2.619086 -4.888178 0.749041 0.999932
9.487839 -33.62343 24.02956 3.498737 3.213165 -1.582913 -1.968359 -0.158087 0.96085
7.487839 -33.62343 24.02956 1.356218 2.371308 -3.752872 -4.931032 -0.099369 0.857798
-4.512161 -33.62343 24.02956 -1.919132 -1.433839 -0.027561 1.003488 0.919379 1.68629
13.48784 -35.62343 24.02956 2.538334 3.709391 -0.919348 1.376071 1.25517 3.373145
11.48784 -35.62343 24.02956 1.213439 1.471311 0.214447 2.138296 2.021274 4.654367
9.487839 -35.62343 24.02956 3.222227 1.664181 1.966697 2.489487 1.009528 1.65025
-4.512161 -35.62343 24.02956 0.209808 0.339173 -0.62927 0.118662 -0.125793 0.531175
-6.512161 -35.62343 24.02956 1.763522 0.364146 0.166238 -0.01817 0.106402 -0.707078
11.48784 -37.62343 24.02956 4.365617 2.414897 2.647663 3.638152 2.419759 3.974061
9.487839 -37.62343 24.02956 3.834784 1.444157 3.51295 3.409934 2.070267 3.064698
7.487839 -37.62343 24.02956 3.727738 3.409075 0.394676 -0.446235 -0.200529 1.097874
1.487839 -37.62343 24.02956 -1.919537 0.463421 -1.388614 0.985714 0.317546 2.573452
-6.512161 -37.62343 24.02956 6.433123 3.825789 -0.312845 -0.583893 1.472473 2.09071
9.487839 -39.62343 24.02956 2.562484 1.165543 1.521688 1.679995 1.136348 2.374841
7.487839 -39.62343 24.02956 4.539047 3.564433 -0.161124 -2.749656 -2.764346 -1.85883
3.487839 -39.62343 24.02956 -1.449736 0.227481 0.496867 2.719028 0.965195 3.005485
1.487839 -39.62343 24.02956 0.187584 1.741717 -1.606991 -0.07954 0.811188 3.225699
-4.512161 -39.62343 24.02956 4.763284 5.09128 -2.620878 -1.838787 -1.195751 0.013229
-6.512161 -39.62343 24.02956 6.465947 6.345478 -1.416038 -0.28269 -0.20062 1.221126
13.48784 -41.62343 24.02956 6.667836 2.921028 0.210273 -2.94998 2.176045 0.339825
11.48784 -41.62343 24.02956 6.758206 3.991548 2.366659 2.755997 3.964513 3.311625
9.487839 -41.62343 24.02956 1.600218 1.593143 0.765096 1.254603 3.035031 3.488831
7.487839 -41.62343 24.02956 3.5342 2.047583 1.245359 -2.373463 1.112103 0.716028
3.487839 -41.62343 24.02956 -0.184996 1.005347 -1.805502 -2.216336 -0.178117 1.861189
-0.512161 -41.62343 24.02956 6.680509 4.47929 2.224569 3.461907 1.43077 3.24697
-2.512161 -41.62343 24.02956 7.229884 3.611433 0.573477 -0.83013 0.424186 0.422417
-4.512161 -41.62343 24.02956 5.497236 4.525769 -2.411531 -3.384665 -1.410945 -0.796505
13.48784 -43.62343 24.02956 2.754298 0.770559 -3.060754 -6.716081 2.350319 1.527915
9.487839 -43.62343 24.02956 4.092359 3.024052 -0.564027 -1.046653 4.922078 4.698287
7.487839 -43.62343 24.02956 2.092351 0.547758 0.196854 -2.198621 3.507929 2.747311
3.487839 -43.62343 24.02956 0.552355 0.063398 -2.438635 -5.186755 -0.431683 0.581011
1.487839 -43.62343 24.02956 2.984177 3.537239 -0.128564 0.203811 2.202857 4.860996
13.48784 -45.62343 24.02956 -0.738182 -1.27942 -3.476088 -6.939305 1.138786 0.73486
3.487839 -45.62343 24.02956 -0.362326 -1.431691 -2.271071 -4.623508 -0.685767 -1.654188
1.487839 -45.62343 24.02956 -0.50501 -1.198363 -1.28553 -2.658335 0.111477 0.28997
-0.512161 -45.62343 24.02956 -0.508631 -1.555717 -1.417194 -1.955725 -0.691652 -1.154942
13.48784 -47.62343 24.02956 -1.64746 -1.201991 -2.983696 -4.942583 -0.144574 -0.701318
11.48784 -47.62343 24.02956 0.639551 0.737796 -4.64998 -6.917804 -0.630096 -0.738917
3.487839 -47.62343 24.02956 -2.193943 -1.71747 -2.529642 -3.405258 -0.769855 -0.960679
1.487839 -47.62343 24.02956 -0.299072 -1.205366 -1.590268 -2.545493 -0.02376 0.036284
-0.512161 -47.62343 24.02956 0.122019 -1.091414 -0.244287 -0.971416 0.563477 0.83905
-2.512161 -47.62343 24.02956 -0.4931 -0.325263 -0.973412 -1.375703 1.348562 2.275423
11.48784 -49.62343 24.02956 0.173252 1.304793 -4.407537 -6.087229 -1.74285 -0.948656
9.487839 -49.62343 24.02956 2.730241 2.757447 -1.836617 -2.109875 0.822938 2.459534
1.487839 -49.62343 24.02956 1.992484 0.189686 -0.576001 -1.45691 0.368077 -0.045707
-0.512161 -49.62343 24.02956 1.149812 -0.020093 0.352033 -0.610111 0.495698 0.457752
11.48784 -51.62343 24.02956 -0.822595 0.231816 -3.173678 -5.530758 -1.901996 -1.716544
9.487839 -51.62343 24.02956 -0.021579 0.995636 -1.773318 -3.314703 -0.387123 0.414131
3.487839 -51.62343 24.02956 0.779358 -0.192311 -0.721758 -2.022881 -1.284092 -1.458967
1.487839 -51.62343 24.02956 0.706914 0.104738 0.147276 -0.586724 -0.849366 -0.666773
-0.512161 -51.62343 24.02956 -1.202022 0.22429 0.01589 0.785344 -0.259956 0.948933
11.48784 -53.62343 24.02956 0.078635 0.578651 -0.541056 -2.174649 -0.718002 -0.703144
9.487839 -53.62343 24.02956 -3.519853 -1.623489 -0.797096 -1.965443 -2.418197 -2.25246
3.487839 -53.62343 24.02956 -0.176052 1.228456 0.172884 1.18653 -2.151219 0.152749
1.487839 -53.62343 24.02956 -0.937865 0.331182 1.145625 1.869276 -1.297284 0.847154
11.48784 -55.62343 24.02956 -2.277422 0.222213 -0.591138 -0.244475 -1.314787 -0.01914
9.487839 -55.62343 24.02956 -4.199102 -0.941032 -0.369958 1.15487 -2.498412 -1.319268
3.487839 -55.62343 24.02956 -1.060829 1.009174 1.430942 3.804702 -1.345015 0.605016
1.487839 -55.62343 24.02956 -3.350245 -0.493531 0.447981 2.316337 -2.647481 -0.875056
-0.512161 -55.62343 24.02956 -3.354624 -1.120269 1.042032 3.066046 -0.507279 1.031108
3.487839 -57.62343 24.02956 -0.355482 -0.399357 1.07916 1.807887 -1.307935 -1.828066
1.487839 -57.62343 24.02956 -2.819652 -0.63866 -0.92036 0.276037 -2.990521 -2.289412
-0.512161 -57.62343 24.02956 -3.90713 -0.754623 -1.893509 -0.466758 -2.29526 -0.904684
15.48784 -27.62343 26.02956 1.824231 0.075312 -0.026181 0.196393 -0.438744 -0.060444
13.48784 -27.62343 26.02956 6.559435 4.151351 -0.248968 -0.388953 -1.052618 0.375832
11.48784 -27.62343 26.02956 8.737144 6.409183 0.536243 0.25372 -0.715067 2.465676
9.487839 -27.62343 26.02956 3.807974 2.676738 0.807329 1.221921 -1.498055 0.08278
15.48784 -29.62343 26.02956 1.510676 -0.070439 0.70168 -0.316701 -1.070755 -1.134865
13.48784 -29.62343 26.02956 6.379952 3.792871 -1.149251 -2.898155 -1.669621 -0.264364
11.48784 -29.62343 26.02956 6.908713 4.479849 -1.235029 -2.733406 -0.922087 0.545694
9.487839 -29.62343 26.02956 0.466654 1.363168 -2.090812 -1.126984 -2.135223 0.288847
7.487839 -29.62343 26.02956 0.991817 1.005087 -1.984372 -2.051913 -1.771037 -1.381516
13.48784 -31.62343 26.02956 2.143657 2.077151 -3.608357 -7.240776 -1.280796 -0.938524
11.48784 -31.62343 26.02956 2.726004 1.585149 0.130181 -0.629666 -1.21109 -1.28834
9.487839 -31.62343 26.02956 0.686418 0.245191 -1.386436 -1.751109 -2.049171 -1.43202
7.487839 -31.62343 26.02956 3.304868 2.140138 -4.288383 -7.622359 -0.182327 0.976283
9.487839 -33.62343 26.02956 3.153226 2.425562 -1.113158 -4.239163 1.807821 2.606388
7.487839 -33.62343 26.02956 5.716576 3.118318 -2.189946 -6.531462 0.873703 1.603442
15.48784 -35.62343 26.02956 3.330021 1.911623 2.014964 2.185099 0.426525 0.469558
13.48784 -35.62343 26.02956 2.752248 2.391932 1.661217 2.926536 0.693341 0.831831
11.48784 -35.62343 26.02956 -0.028825 0.170501 1.003542 1.943974 4.275059 5.135554
9.487839 -35.62343 26.02956 2.277627 1.834785 0.753307 -0.650364 3.775568 5.302612
7.487839 -35.62343 26.02956 3.085347 1.711614 0.771283 -0.156761 -0.707253 -0.089678
-4.512161 -35.62343 26.02956 -0.574704 0.777496 -0.707003 0.264772 -0.037749 0.407979
-6.512161 -35.62343 26.02956 2.01438 0.702824 1.003204 0.641204 -0.346263 -1.630862
15.48784 -37.62343 26.02956 3.139222 1.930979 1.047449 2.510912 1.037123 1.541189
13.48784 -37.62343 26.02956 1.356383 1.333679 1.688871 3.416906 -0.346722 -0.300637
11.48784 -37.62343 26.02956 2.872017 2.745056 2.286526 4.163179 0.242483 0.863911
9.487839 -37.62343 26.02956 2.85694 1.897954 2.821938 3.743315 1.285454 2.341105
-4.512161 -37.62343 26.02956 1.566507 1.743147 -0.746454 -1.336657 -0.152694 -1.038183
-6.512161 -37.62343 26.02956 4.249634 1.224949 1.993438 0.86329 0.909479 -1.895506
-8.512161 -37.62343 26.02956 1.598255 -0.388929 1.583128 1.811077 1.109494 -0.826166
13.48784 -39.62343 26.02956 3.061878 3.403921 0.066973 0.866491 0.535911 1.679304
11.48784 -39.62343 26.02956 1.827958 3.809584 1.691661 4.033552 -0.031425 1.736245
9.487839 -39.62343 26.02956 -0.540267 0.250077 -0.511301 0.272109 -0.687671 0.350705
3.487839 -39.62343 26.02956 4.485755 3.2522 6.234188 8.705317 3.46192 5.426227
-6.512161 -39.62343 26.02956 0.419543 0.488126 -0.374849 -0.881128 -1.176774 -2.715914
-8.512161 -39.62343 26.02956 0.868637 1.24827 1.075675 3.67625 -0.491197 0.436862
7.487839 -41.62343 26.02956 -1.355918 -2.831751 1.522659 -2.241709 -1.528847 -3.668194
3.487839 -41.62343 26.02956 4.893127 3.202846 3.433074 3.651317 1.868582 3.396885
1.487839 -41.62343 26.02956 4.920228 3.324929 2.165775 2.13011 1.392818 2.312046
-0.512161 -41.62343 26.02956 5.841915 3.714329 1.982137 1.719752 1.896575 2.224891
-2.512161 -41.62343 26.02956 2.61666 3.245015 -0.496472 -0.84273 1.90863 2.781073
-4.512161 -41.62343 26.02956 -2.422726 1.656995 -2.788539 -2.218417 -0.986765 -0.512025
-6.512161 -41.62343 26.02956 -3.686277 -0.16884 -3.152108 -2.816249 -2.739309 -3.340646
7.487839 -43.62343 26.02956 -2.752811 -2.318802 -0.273474 -2.371427 2.013211 1.392489
3.487839 -43.62343 26.02956 3.236061 1.754724 0.183745 -1.754675 0.719803 2.044106
-2.512161 -43.62343 26.02956 3.616853 3.496115 -1.073593 -2.511445 1.655748 2.975026
11.48784 -45.62343 26.02956 1.85065 2.601703 -1.916698 -0.729646 1.963651 3.237487
9.487839 -45.62343 26.02956 4.867516 4.366096 -1.23349 -0.449881 2.718055 3.917162
7.487839 -45.62343 26.02956 0.939934 0.894078 -2.123348 -3.590394 1.795303 1.995275
3.487839 -45.62343 26.02956 0.652977 -0.479504 -0.209705 -1.147601 -0.349928 -0.777531
11.48784 -47.62343 26.02956 0.186465 0.570938 -1.881621 -1.445059 0.403914 0.420019
9.487839 -47.62343 26.02956 1.023343 2.201872 -1.865884 -1.25994 0.595174 1.533898
7.487839 -47.62343 26.02956 1.816683 2.157158 -1.661127 -2.729561 -0.224051 0.576894
3.487839 -47.62343 26.02956 -0.982811 -0.115948 0.678124 1.987711 -0.731272 -0.64566
1.487839 -47.62343 26.02956 1.00099 0.426699 1.2513 1.788715 -1.060043 -0.864492
11.48784 -49.62343 26.02956 0.430114 -0.08146 -1.338599 -2.092528 0.349733 0.138645
9.487839 -49.62343 26.02956 2.077181 2.220881 -0.227261 0.873527 0.513895 1.636326
7.487839 -49.62343 26.02956 3.470828 2.898054 0.348826 0.634718 0.49585 1.800222
3.487839 -49.62343 26.02956 0.926189 1.390793 -0.06964 1.779289 -0.333057 0.283254
1.487839 -49.62343 26.02956 2.598617 1.636297 0.366279 0.960322 -0.301973 0.027692
-0.512161 -49.62343 26.02956 3.103106 1.996525 0.9403 1.119577 0.143033 0.670138
11.48784 -51.62343 26.02956 -1.171955 -1.197468 -2.113664 -3.895851 -0.921007 -1.203468
9.487839 -51.62343 26.02956 0.98301 0.093023 -1.461002 -3.289538 0.35451 -0.512544
1.487839 -51.62343 26.02956 0.663029 0.829436 0.610301 1.218337 -1.773552 -0.965777
-0.512161 -51.62343 26.02956 1.213743 1.859079 0.850597 1.270619 -0.213682 0.485227
11.48784 -53.62343 26.02956 -3.549779 -1.511201 -2.53051 -4.090719 -2.117113 -1.716805
9.487839 -53.62343 26.02956 -4.156623 -2.075109 -2.803654 -4.177608 -2.793847 -2.745206
3.487839 -53.62343 26.02956 -2.026542 -0.957036 0.24297 1.485177 -3.056404 -1.581035
1.487839 -53.62343 26.02956 -2.318953 -1.515131 2.244876 3.763133 -1.237423 -0.175505
11.48784 -55.62343 26.02956 -0.733609 0.050207 -1.001571 -2.409204 -0.80845 -0.392783
9.487839 -55.62343 26.02956 -1.265912 -0.644386 -0.645442 -0.575969 -1.811146 -1.808561
3.487839 -55.62343 26.02956 -2.685873 -0.351274 1.514096 4.063417 -3.209049 -1.346977
1.487839 -55.62343 26.02956 -4.803208 -1.613187 1.149505 4.282198 -3.923373 -2.232236
9.487839 -57.62343 26.02956 0 0 0 0 0 0
3.487839 -57.62343 26.02956 -0.026387 0.202341 0.154583 0.997561 -0.525618 -0.226593
1.487839 -57.62343 26.02956 -1.59142 -0.356272 -1.33452 -0.117779 -1.982477 -1.604531
-0.512161 -57.62343 26.02956 -2.281065 0.004535 -1.566121 -0.350603 -2.172442 -1.7338
-0.512161 -59.62343 26.02956 0 0 0 0 0 0
15.48784 -27.62343 28.02956 0.829357 -0.872267 -0.321583 -2.630773 -1.089952 -2.736028
15.48784 -29.62343 28.02956 3.590768 1.36395 -0.201464 -2.481 -0.815146 -0.942537
13.48784 -29.62343 28.02956 6.335938 2.695596 -0.999184 -4.189289 -0.672972 -0.912237
11.48784 -29.62343 28.02956 5.129047 3.401481 -1.004233 -3.13648 -0.435642 -0.247826
9.487839 -29.62343 28.02956 -0.212235 -0.07286 -0.027239 0.473951 -1.053478 -0.616608
15.48784 -31.62343 28.02956 1.662754 1.990755 0.811189 0.40363 -1.340937 -0.441905
13.48784 -31.62343 28.02956 4.804741 2.256749 0.570028 -2.846071 0.11839 -0.959668
11.48784 -31.62343 28.02956 3.349265 0.966369 3.650637 2.52994 -0.818271 -2.709282
13.48784 -33.62343 28.02956 2.677895 1.730441 1.310328 -0.35174 2.778244 3.244278
11.48784 -33.62343 28.02956 4.016265 1.436988 2.317731 -1.334987 6.779915 6.555891
9.487839 -33.62343 28.02956 1.489646 0.471533 1.383845 -1.73175 2.640712 2.784362
7.487839 -33.62343 28.02956 3.247171 0.492132 1.070672 -2.551385 1.255666 0.92446
7.487839 -35.62343 28.02956 0.797843 0.484918 0.667913 -0.199582 0.368736 1.142239
15.48784 -37.62343 28.02956 0.040328 0.154401 3.41705 5.489182 -0.805806 -2.249401
13.48784 -37.62343 28.02956 -0.707082 0.362499 1.132275 3.264134 -1.200965 -2.092818
11.48784 -37.62343 28.02956 2.794185 2.927401 1.714738 2.907239 1.225982 1.316639
9.487839 -37.62343 28.02956 6.123347 4.587717 2.117381 2.077098 1.363404 2.522468
7.487839 -37.62343 28.02956 2.009063 0.875936 0.482424 -0.697657 -1.712069 -0.658341
-4.512161 -37.62343 28.02956 2.851386 2.739841 2.831977 3.930882 0.775178 -0.438853
-6.512161 -37.62343 28.02956 4.461897 2.276073 5.314091 5.821586 1.026326 -0.771952
-8.512161 -37.62343 28.02956 2.237344 2.20121 3.110072 4.939019 0.273491 0.782507
13.48784 -39.62343 28.02956 0.758515 2.046961 0.057515 0.597357 -0.850851 -0.829296
11.48784 -39.62343 28.02956 0.517303 2.30533 0.245691 -0.140638 -0.21016 0.410707
-4.512161 -39.62343 28.02956 0.789048 0.487509 -0.381683 -1.91248 0.117662 -1.109306
-6.512161 -39.62343 28.02956 0.996084 -0.415346 3.101783 2.062566 -0.771801 -2.044708
-8.512161 -39.62343 28.02956 1.515781 1.154711 2.953547 4.611758 -0.708728 -0.240876
13.48784 -41.62343 28.02956 2.200667 2.319221 -0.69328 -1.82655 1.060322 1.288767
11.48784 -41.62343 28.02956 -2.145914 -0.220794 -0.238557 -0.511785 0.461823 0.342481
9.487839 -41.62343 28.02956 -1.984826 -1.015781 -1.054528 -1.581845 -1.846059 -2.870549
7.487839 -41.62343 28.02956 0.043859 -2.702395 1.537547 -2.08788 -2.427359 -5.341648
1.487839 -41.62343 28.02956 5.408791 3.146999 4.680084 4.706334 0.050194 1.529576
-0.512161 -41.62343 28.02956 6.348243 4.803569 4.946801 6.03197 0.832932 2.95012
-8.512161 -41.62343 28.02956 0.585279 0.453277 1.057611 2.748102 -2.64797 -2.715311
11.48784 -43.62343 28.02956 -3.070137 -0.464575 -0.614841 0.952862 0.612272 1.062382
9.487839 -43.62343 28.02956 -2.767967 0.019353 -0.58427 1.030942 -0.888521 0.029787
7.487839 -43.62343 28.02956 -2.652982 -2.466064 1.423673 -0.698638 0.730345 -0.349193
3.487839 -43.62343 28.02956 5.918529 4.736464 4.937227 4.606967 1.746924 4.777864
1.487839 -43.62343 28.02956 8.084624 5.832658 5.499626 5.881665 0.242488 3.179615
-0.512161 -43.62343 28.02956 7.465482 6.644136 3.514762 3.652195 0.457241 4.181021
-2.512161 -43.62343 28.02956 1.039139 3.942321 -0.934518 -1.960173 -0.294428 2.932299
-4.512161 -43.62343 28.02956 -3.54151 -0.284511 -2.950688 -3.532768 -2.881691 -2.926594
-6.512161 -43.62343 28.02956 -3.584439 -1.620793 -2.444539 -2.331033 -3.42157 -4.529598
9.487839 -45.62343 28.02956 0.155692 2.196334 0.802319 2.690025 0.088747 2.023079
7.487839 -45.62343 28.02956 -1.151089 -0.061958 1.603454 1.523707 1.761241 2.617555
1.487839 -45.62343 28.02956 7.416791 6.020828 3.763689 4.456755 0.519529 4.030473
-0.512161 -45.62343 28.02956 4.438201 3.879776 -0.555388 -2.174183 0.579355 3.053667
-2.512161 -45.62343 28.02956 1.204804 2.674017 -3.816324 -7.314685 1.407021 3.595017
9.487839 -47.62343 28.02956 1.118812 2.202077 1.543285 2.699721 0.397338 1.413657
7.487839 -47.62343 28.02956 2.007823 2.237857 2.141642 2.522285 0.307139 1.741378
3.487839 -47.62343 28.02956 3.325679 5.454273 4.955129 9.875113 -0.09533 5.03606
1.487839 -47.62343 28.02956 3.745478 3.90404 2.258039 4.234631 0.126447 3.518739
-0.512161 -47.62343 28.02956 0.66488 0.811258 -0.858428 -1.149024 1.111242 2.547485
-2.512161 -47.62343 28.02956 1.864271 2.295121 -1.030472 -2.413379 2.088645 3.61569
9.487839 -49.62343 28.02956 1.078207 1.168388 1.389648 2.24334 0.0961 0.757833
7.487839 -49.62343 28.02956 1.868644 1.754167 0.863995 1.26936 0.201606 1.952016
3.487839 -49.62343 28.02956 2.550129 4.404902 3.107599 7.204807 -0.209171 3.639647
-0.512161 -49.62343 28.02956 0.86059 1.404898 -0.516549 0.289136 0.641776 2.332835
-2.512161 -49.62343 28.02956 -0.016765 1.723791 -1.522649 -1.227376 -0.002617 2.111737
9.487839 -51.62343 28.02956 1.081145 -0.119992 -0.70146 -2.220437 0.396362 -0.474344
7.487839 -51.62343 28.02956 3.190037 1.488614 -1.02908 -3.007633 0.604939 0.180696
3.487839 -51.62343 28.02956 0.96116 1.547619 1.064528 2.178939 -0.611061 1.203915
1.487839 -51.62343 28.02956 1.535882 1.928696 0.187894 0.882904 -0.831304 0.540805
9.487839 -53.62343 28.02956 -0.74122 -0.287901 0.316717 0.092206 -0.206689 0.46271
7.487839 -53.62343 28.02956 1.872193 1.528616 -0.193659 -0.306555 -0.852051 -0.452158
3.487839 -53.62343 28.02956 1.208231 -0.214973 1.965289 1.846444 -0.425366 -0.268253
1.487839 -53.62343 28.02956 -0.072985 -0.651408 1.560231 1.191542 0.334335 0.252893
9.487839 -55.62343 28.02956 -2.03719 -1.494614 -0.526855 -0.734126 -0.511684 -1.080123
7.487839 -55.62343 28.02956 -1.81586 -0.981402 -0.299675 0.222642 -1.347766 -1.670559
3.487839 -55.62343 28.02956 -2.606722 -1.347061 0.889185 2.591636 -2.122303 -1.241708
1.487839 -55.62343 28.02956 -3.181877 -1.335224 -0.60078 0.18101 -2.092796 -1.681027
9.487839 -57.62343 28.02956 0 0 0 0 0 0
7.487839 -57.62343 28.02956 0 0 0 0 0 0
1.487839 -57.62343 28.02956 1.749338 0.763757 0.436937 0.154125 0.205411 0.265311
-0.512161 -57.62343 28.02956 4.738914 3.059617 0.233901 -1.462026 0.907896 0.329658
-0.512161 -59.62343 28.02956 0 0 0 0 0 0
17.48784 -31.62343 30.02956 0.341191 0.250576 2.395957 2.868991 0.679237 0.021005
15.48784 -31.62343 30.02956 -0.164097 0.525852 2.43307 3.075738 -1.578236 -1.024844
13.48784 -31.62343 30.02956 4.329116 2.257978 1.455156 0.310981 -0.75234 -1.517151
15.48784 -33.62343 30.02956 -1.667037 0.115805 1.771596 2.286652 -0.465313 0.605189
13.48784 -33.62343 30.02956 1.539953 1.803896 0.168572 0.05822 -0.134111 0.483576
11.48784 -33.62343 30.02956 2.691418 2.857408 1.73174 2.205656 3.743725 6.070328
9.487839 -33.62343 30.02956 -1.92306 0.211499 -0.683736 -0.516601 -0.039452 1.96822
-4.512161 -33.62343 30.02956 3.735652 3.732916 1.324185 1.611104 0.876398 0.950585
-6.512161 -33.62343 30.02956 1.7333 2.404304 0.24371 1.857962 0.169336 1.213714
9.487839 -35.62343 30.02956 0.316627 0.963768 -0.276652 -1.283018 2.013501 3.007609
7.487839 -35.62343 30.02956 -3.223236 -1.345538 -1.886478 -2.35026 1.167297 2.233724
-4.512161 -35.62343 30.02956 6.71435 6.671793 5.306487 8.3578 3.117846 4.441362
-6.512161 -35.62343 30.02956 5.40119 4.984066 3.550249 5.297956 1.693758 3.669156
-8.512161 -35.62343 30.02956 2.733985 2.214313 1.139856 1.546378 2.646201 4.702905
13.48784 -37.62343 30.02956 0.573371 -0.824946 1.604201 1.290988 0.368748 -1.645821
11.48784 -37.62343 30.02956 2.46901 1.404429 0.740653 -0.605931 -0.088344 -0.156049
9.487839 -37.62343 30.02956 3.234093 3.218536 0.949944 0.506474 1.099708 2.549027
7.487839 -37.62343 30.02956 0.61898 0.346915 -0.452289 -2.454177 0.231756 1.163314
-4.512161 -37.62343 30.02956 4.6624 4.737012 4.028469 6.740066 2.981428 2.931657
-6.512161 -37.62343 30.02956 4.887285 4.398361 4.10849 6.205473 3.23865 4.4698
-8.512161 -37.62343 30.02956 1.500825 2.250831 2.871606 4.956621 1.266001 3.004507
13.48784 -39.62343 30.02956 1.498717 -1.065812 -1.345307 -5.258201 0.41598 -2.646422
11.48784 -39.62343 30.02956 2.446371 0.725056 -2.03036 -5.833024 0.25528 -0.60339
-4.512161 -39.62343 30.02956 0.755146 1.437081 0.797802 0.16044 1.638197 1.693559
-8.512161 -39.62343 30.02956 3.955761 2.545005 2.890594 3.810802 0.373642 0.332218
-10.51216 -39.62343 30.02956 0.784682 1.474472 2.333366 5.020377 -2.312178 -1.173524
13.48784 -41.62343 30.02956 -0.165334 -1.998998 -3.036368 -8.097074 -0.230847 -3.087018
11.48784 -41.62343 30.02956 -0.100358 -1.070914 -2.311929 -6.310151 -0.191796 -2.004256
9.487839 -41.62343 30.02956 -1.411196 -0.792606 -0.799607 -2.335811 -3.006603 -3.49453
7.487839 -41.62343 30.02956 -3.64905 -2.141896 0.501085 -0.906404 -4.54009 -5.24793
-8.512161 -41.62343 30.02956 6.099203 3.999463 2.578284 2.636359 -0.078515 -0.459097
-10.51216 -41.62343 30.02956 2.413328 3.074324 3.431514 6.881151 -2.806991 0.013338
11.48784 -43.62343 30.02956 -1.859004 -1.276851 -0.944496 -1.675855 -0.582547 -1.510704
9.487839 -43.62343 30.02956 -2.287642 -0.732844 -0.07865 -0.096207 -2.392243 -2.491619
7.487839 -43.62343 30.02956 -1.817872 -0.900831 2.52532 1.310339 -0.83753 -1.543796
-0.512161 -43.62343 30.02956 5.435754 6.485456 2.344527 4.119164 -3.42626 1.435805
-2.512161 -43.62343 30.02956 -1.547496 1.994361 0.157564 1.057027 -4.09709 -1.435972
-4.512161 -43.62343 30.02956 -2.33523 -1.811453 -2.389056 -4.691475 -1.888817 -3.461912
-6.512161 -43.62343 30.02956 1.332419 -0.267624 0.324858 -2.242486 -0.473701 -2.320748
-8.512161 -43.62343 30.02956 3.549059 2.637649 3.041787 3.143496 -1.881997 -1.900665
9.487839 -45.62343 30.02956 1.084246 1.520067 1.396151 1.735361 -0.672802 0.02428
7.487839 -45.62343 30.02956 2.254344 2.013736 4.058505 4.779611 3.736245 4.34658
-0.512161 -45.62343 30.02956 4.512799 4.435349 0.427113 -0.350417 -1.758601 1.619998
-2.512161 -45.62343 30.02956 1.548286 2.097145 -0.853843 -3.002143 -1.593619 -0.316293
-4.512161 -45.62343 30.02956 0.493095 0.575507 -1.947678 -4.276775 -0.037124 -0.318164
9.487839 -47.62343 30.02956 2.989876 2.11023 2.534093 2.414017 0.35832 1.103758
7.487839 -47.62343 30.02956 4.314672 2.909611 3.536183 4.241179 3.531124 4.743114
1.487839 -47.62343 30.02956 6.690477 5.857444 5.29091 6.384724 0.642188 5.628154
-0.512161 -47.62343 30.02956 2.095158 1.971239 2.510142 2.113711 0.675215 2.954517
-2.512161 -47.62343 30.02956 3.588453 2.940224 1.015656 -0.202316 1.071075 2.461104
9.487839 -49.62343 30.02956 2.119138 0.6061 0.980907 -0.197846 0.251988 0.054585
7.487839 -49.62343 30.02956 2.371309 1.201461 0.661587 -0.138634 1.315266 2.427453
3.487839 -49.62343 30.02956 3.754097 3.537105 7.005648 10.57129 1.373904 5.583529
1.487839 -49.62343 30.02956 3.264199 2.289642 4.763624 5.408036 -1.382596 0.415603
-0.512161 -49.62343 30.02956 0.882561 1.34278 2.625499 2.884664 0.666568 2.30135
-2.512161 -49.62343 30.02956 1.279335 2.582718 0.251288 0.363408 -0.202016 2.23993
7.487839 -51.62343 30.02956 0.317188 0.606047 -1.512032 -2.847411 -0.67457 0.482821
3.487839 -51.62343 30.02956 0.248008 2.223637 6.085428 10.49423 -0.677428 3.309501
1.487839 -51.62343 30.02956 1.332595 1.227624 2.554144 2.963458 -1.128107 0.326728
-0.512161 -51.62343 30.02956 1.01804 1.138281 -0.056389 -0.871406 -0.127788 0.560225
-2.512161 -51.62343 30.02956 -2.043348 -0.358234 -2.118957 -3.01353 -1.25193 -0.458847
7.487839 -53.62343 30.02956 -2.130398 -0.498226 0.066159 0.175922 -1.427529 -0.362694
3.487839 -53.62343 30.02956 0.278029 0.973656 4.380016 6.795407 0.284922 2.789234
1.487839 -53.62343 30.02956 4.073491 2.120366 3.267432 2.211854 1.372111 2.187411
-0.512161 -53.62343 30.02956 3.725237 1.866434 1.317878 -0.501748 0.636124 0.850162
-2.512161 -53.62343 30.02956 -0.974733 -0.739621 -1.167955 -1.360457 -0.050811 0.336044
7.487839 -55.62343 30.02956 -1.585334 -0.570656 -0.500294 -0.507561 -1.491151 -1.870562
3.487839 -55.62343 30.02956 -0.321923 0.620778 1.843132 3.65403 -0.375775 0.856585
1.487839 -55.62343 30.02956 2.704946 1.373178 1.683762 1.227627 0.098852 -0.051771
-0.512161 -55.62343 30.02956 4.317081 1.479925 1.290813 -0.975835 -0.370633 -0.694672
9.487839 -57.62343 30.02956 -1.17074 -0.505119 -0.005588 -0.088141 -0.724163 -1.059239
7.487839 -57.62343 30.02956 -0.653754 -0.173886 -0.595772 -0.737537 -0.466486 -0.985973
1.487839 -57.62343 30.02956 1.465488 0.662087 -0.411153 -0.597208 -0.120894 -0.272122
-0.512161 -57.62343 30.02956 3.919409 1.931486 -1.396642 -3.498296 0.048302 -0.042433
-0.512161 -59.62343 30.02956 0 0 0 0 0 0
-2.512161 -59.62343 30.02956 0.934243 -0.386525 -2.343205 -3.293456 -0.408881 -1.342784
-2.512161 -61.62343 30.02956 0 0 0 0 0 0
17.48784 -31.62343 32.02956 2.617186 1.53469 3.352988 3.183803 1.286558 0.645556
15.48784 -31.62343 32.02956 3.220592 0.986117 4.294716 4.542015 2.257567 2.237329
15.48784 -33.62343 32.02956 1.114548 1.193426 2.388112 2.88069 1.725128 2.761736
13.48784 -33.62343 32.02956 1.559232 3.205143 1.378281 3.41853 1.819946 4.260176
11.48784 -33.62343 32.02956 1.357008 3.817665 0.638567 2.799022 3.672797 7.649001
9.487839 -33.62343 32.02956 -2.517506 0.716566 -1.050205 0.252848 2.453337 6.10133
-4.512161 -33.62343 32.02956 4.174217 4.248385 1.477563 3.225405 -0.565109 0.835572
-6.512161 -33.62343 32.02956 1.421324 1.348775 0.633399 0.717701 0.771317 1.221623
11.48784 -35.62343 32.02956 0.820103 1.478283 -2.314602 -3.687553 1.867665 3.601659
9.487839 -35.62343 32.02956 1.806707 1.660844 -0.598447 -1.494863 3.284465 5.283273
7.487839 -35.62343 32.02956 -0.264313 0.149439 -0.124235 -0.202541 3.211546 5.59405
-4.512161 -35.62343 32.02956 2.74125 4.450964 1.280504 4.613839 0.460477 2.634152
-6.512161 -35.62343 32.02956 3.172434 2.373722 1.736874 1.252167 2.283842 2.161714
11.48784 -37.62343 32.02956 1.507275 0.609385 1.359386 -0.673932 0.843086 0.694996
9.487839 -37.62343 32.02956 1.595595 1.519152 0.945453 0.505959 0.179474 0.728047
7.487839 -37.62343 32.02956 2.022689 1.354866 0.037037 -1.790537 0.275141 0.90438
-2.512161 -37.62343 32.02956 1.809671 2.660959 1.505213 2.834591 2.349246 3.480958
-4.512161 -37.62343 32.02956 1.610917 3.33524 0.558153 3.11186 2.590641 4.482175
-6.512161 -37.62343 32.02956 3.658557 3.852204 1.787517 3.973517 2.303177 3.888565
-8.512161 -37.62343 32.02956 2.81877 1.251819 4.115738 4.546104 0.440984 0.187895
13.48784 -39.62343 32.02956 -0.455665 -0.949334 0.9266 -1.127565 2.581973 1.632038
11.48784 -39.62343 32.02956 2.900223 0.50355 1.58868 -1.496496 2.48686 1.048062
9.487839 -39.62343 32.02956 1.78935 0.31298 0.720302 -0.958723 -0.165247 -1.271049
7.487839 -39.62343 32.02956 -0.9671 -0.738239 -0.559538 -1.289822 -1.496122 -1.352819
-0.512161 -39.62343 32.02956 2.703434 2.037931 2.168128 1.668612 2.220972 2.527415
-2.512161 -39.62343 32.02956 0.333137 0.874428 0.564812 -0.509075 1.458709 1.577403
-4.512161 -39.62343 32.02956 0.326748 2.550424 0.499794 1.500565 2.366856 4.293364
-6.512161 -39.62343 32.02956 1.252 3.542379 1.146739 4.71919 1.051151 4.064341
-8.512161 -39.62343 32.02956 1.16032 0.391247 2.848326 3.411071 -1.151733 -1.178761
9.487839 -41.62343 32.02956 0.073723 -0.812722 -1.312337 -4.370289 -1.064328 -1.8624
7.487839 -41.62343 32.02956 -2.374085 -1.440803 -0.491503 -1.297787 -3.786517 -4.141292
-0.512161 -41.62343 32.02956 2.312222 2.642476 2.415408 3.439883 -1.573022 -0.47183
-2.512161 -41.62343 32.02956 -0.869131 -0.050686 1.878822 2.209186 -1.403575 -1.276717
-4.512161 -41.62343 32.02956 -1.263679 0.529703 -0.32743 0.080771 0.632259 1.731708
-6.512161 -41.62343 32.02956 -0.489158 2.088727 0.035843 1.951438 1.078278 3.413614
-8.512161 -41.62343 32.02956 0.761442 1.487606 1.034532 1.414068 0.006179 0.671985
9.487839 -43.62343 32.02956 -1.726975 -1.34106 -2.045316 -2.712975 -1.223091 -1.349459
7.487839 -43.62343 32.02956 -0.63789 -0.402436 0.064711 -0.789343 -0.81919 -1.048258
-2.512161 -43.62343 32.02956 -1.5403 0.035133 0.359993 1.911511 -5.263884 -4.429553
-8.512161 -43.62343 32.02956 0.364475 1.403674 1.144126 1.383917 -0.33062 0.136806
7.487839 -45.62343 32.02956 1.711376 2.227872 1.667042 3.256017 4.311394 5.943923
5.487839 -45.62343 32.02956 4.765026 4.67601 3.351295 4.06572 6.808502 9.453556
-2.512161 -45.62343 32.02956 1.411592 1.134156 -0.782718 -1.853435 -2.782762 -2.88092
-4.512161 -45.62343 32.02956 -0.936049 1.147705 -1.971634 -1.377438 -0.776874 0.150212
-6.512161 -45.62343 32.02956 -1.594852 -0.320797 -0.148232 0.5821 -1.311172 -1.083381
9.487839 -47.62343 32.02956 2.090786 1.745031 0.354383 0.798932 -0.203662 0.615439
7.487839 -47.62343 32.02956 1.943151 2.126471 0.851419 2.959141 5.114068 6.976513
-0.512161 -47.62343 32.02956 3.561762 2.450078 1.887344 0.895623 0.283181 0.773967
-2.512161 -47.62343 32.02956 3.055471 2.040942 -0.343863 -2.91458 0.947292 0.328268
-4.512161 -47.62343 32.02956 1.714279 2.42461 -0.715452 -1.249769 0.265226 0.667631
-6.512161 -47.62343 32.02956 -1.186595 0.259087 -0.123549 0.515458 -0.638314 -0.320691
9.487839 -49.62343 32.02956 -0.81997 0.725859 -2.406888 -2.555829 -0.914332 -0.14874
7.487839 -49.62343 32.02956 -0.016538 1.030371 -1.330042 -1.117647 1.103188 1.778314
-0.512161 -49.62343 32.02956 2.349241 2.242469 1.168592 0.105204 0.077526 -0.115219
-2.512161 -49.62343 32.02956 1.095256 1.368907 -0.55804 -2.930128 -0.3835 -0.869109
7.487839 -51.62343 32.02956 -1.862801 0.40648 -1.256351 -1.560736 -0.270381 1.343882
1.487839 -51.62343 32.02956 -1.307044 -0.517756 2.00809 1.365247 -2.186512 -2.076968
-0.512161 -51.62343 32.02956 -0.770082 0.236013 -0.192519 -1.3449 -2.642015 -3.765095
-2.512161 -51.62343 32.02956 -1.535832 -0.094303 -1.01771 -2.408549 -3.123103 -3.545925
7.487839 -53.62343 32.02956 -1.114207 0.855848 -0.020766 -0.206718 -0.746825 1.193003
3.487839 -53.62343 32.02956 -1.441024 0.806518 3.128651 4.824064 -3.252887 -0.506339
1.487839 -53.62343 32.02956 1.855218 0.585084 1.394683 -0.33504 -2.546539 -2.924413
-0.512161 -53.62343 32.02956 3.328719 1.058928 0.832212 -1.725692 -2.168014 -3.356586
-2.512161 -53.62343 32.02956 1.106739 0.500655 0.204947 -0.552754 -1.823959 -1.690549
9.487839 -55.62343 32.02956 -1.706866 -0.445141 -1.04461 -0.02737 -0.316178 0.885766
7.487839 -55.62343 32.02956 0.904971 1.851074 -0.716473 -0.567403 -1.376188 -0.360087
3.487839 -55.62343 32.02956 -0.206059 1.163802 2.114892 4.059191 -1.513157 0.047136
1.487839 -55.62343 32.02956 3.692679 1.651202 2.041089 1.476215 -1.331377 -1.752495
-0.512161 -55.62343 32.02956 7.144422 2.67403 2.257143 -0.632494 -1.397594 -2.006255
-2.512161 -55.62343 32.02956 4.503281 1.605235 1.655611 0.1371 -0.250627 -0.423095
9.487839 -57.62343 32.02956 1.195855 1.149635 0.665213 1.776824 -0.307136 0.274167
7.487839 -57.62343 32.02956 1.070637 1.32339 -0.456452 0.146909 -0.341922 0.122562
1.487839 -57.62343 32.02956 4.857304 2.965614 2.806699 2.908039 0.376262 1.406804
-0.512161 -57.62343 32.02956 7.775249 4.470723 1.772802 0.391181 -0.485553 0.533798
-2.512161 -57.62343 32.02956 7.366728 2.900132 1.828627 -0.371936 0.936291 0.20697
-0.512161 -59.62343 32.02956 1.006072 0.978505 -1.161995 -1.157655 -0.740839 0.159481
-2.512161 -59.62343 32.02956 -0.288751 -0.230338 -2.222317 -1.469375 0.258711 0.463667
-4.512161 -59.62343 32.02956 0.699366 -0.392696 -0.97142 -0.740171 0.157071 -1.058871
-2.512161 -61.62343 32.02956 0 0 0 0 0 0
-4.512161 -61.62343 32.02956 0 0 0 0 0 0
17.48784 -31.62343 34.02956 3.053814 2.30157 2.572124 2.163458 2.082716 1.830587
17.48784 -33.62343 34.02956 4.611 3.700735 2.764242 3.421638 1.447936 2.376215
15.48784 -33.62343 34.02956 2.398284 2.46612 0.908212 1.10442 2.432494 3.16951
13.48784 -33.62343 34.02956 0.496892 2.232259 -1.143776 -1.592269 2.856274 4.115393
15.48784 -35.62343 34.02956 1.405161 1.867579 0.960382 2.566138 -0.113875 1.30413
13.48784 -35.62343 34.02956 1.307338 1.829444 0.628129 0.132923 -0.392958 1.23678
11.48784 -35.62343 34.02956 2.236407 2.137545 -1.351979 -3.339682 1.789361 2.568883
9.487839 -35.62343 34.02956 2.239418 2.199136 -2.484356 -4.388784 1.459686 1.931394
7.487839 -35.62343 34.02956 -2.919166 0.006809 -3.203753 -3.369589 1.156976 3.448716
-4.512161 -35.62343 34.02956 1.245764 2.44851 0.654408 2.558593 0.077319 1.076448
-6.512161 -35.62343 34.02956 2.641269 2.109422 1.602998 1.332777 2.249535 2.298101
-8.512161 -35.62343 34.02956 1.987787 0.964716 2.107307 1.760356 0.809384 0.30267
7.487839 -37.62343 34.02956 0.887954 0.553733 0.603556 0.862941 1.951337 3.011641
5.487839 -37.62343 34.02956 2.302519 0.683403 2.216748 1.269238 2.763998 3.837139
-0.512161 -37.62343 34.02956 1.0576 1.408068 0.756147 -0.447476 1.209739 1.176738
-2.512161 -37.62343 34.02956 0.073398 1.070411 0.397412 -0.255101 -0.921913 -0.927141
-4.512161 -37.62343 34.02956 2.356712 3.634272 0.532121 1.84446 0.302791 2.041151
-6.512161 -37.62343 34.02956 4.955563 4.80867 2.663845 5.39183 2.176735 3.748835
9.487839 -39.62343 34.02956 0.652297 0.509156 1.912849 2.534176 -0.183862 0.051825
7.487839 -39.62343 34.02956 2.606458 1.586872 1.602948 2.669519 1.156658 1.80372
5.487839 -39.62343 34.02956 4.096323 0.975609 2.495062 1.499563 1.500126 1.500272
-0.512161 -39.62343 34.02956 1.27094 0.689888 -1.200983 -2.975094 0.718653 0.900031
-2.512161 -39.62343 34.02956 0.187987 0.153845 -0.811051 -2.513019 -1.070002 -1.45614
11.48784 -41.62343 34.02956 -0.757892 -0.831625 0.945922 0.002891 1.139649 1.260625
9.487839 -41.62343 34.02956 0.211692 -0.637196 -0.099446 -2.499239 0.150272 -0.900484
7.487839 -41.62343 34.02956 1.770344 1.102089 0.56065 0.129049 0.099927 -0.371984
-0.512161 -41.62343 34.02956 2.151523 0.254565 0.629497 -0.557151 1.078296 -0.060854
-2.512161 -41.62343 34.02956 2.089339 -0.087315 0.366018 -1.680335 -1.128184 -2.142653
-4.512161 -41.62343 34.02956 -0.842971 0.71805 -0.516048 0.13205 -1.622523 -0.547497
13.48784 -43.62343 34.02956 0.390168 -0.365056 0.240494 0.10925 -1.31292 -1.445135
11.48784 -43.62343 34.02956 -0.462997 -0.896003 -1.880782 -3.093008 -1.223638 -1.414947
9.487839 -43.62343 34.02956 -1.388751 -1.435116 -2.654513 -3.979263 -0.728367 -1.786153
7.487839 -43.62343 34.02956 0.61451 0.254209 -1.064617 -1.840715 -0.351029 -1.134993
-0.512161 -43.62343 34.02956 1.777483 0.455858 1.987697 2.601194 -0.047897 -0.204404
-2.512161 -43.62343 34.02956 2.351523 0.814361 1.549628 1.5779 -1.30141 -1.103435
-4.512161 -43.62343 34.02956 -0.125724 0.814267 -0.391671 1.205075 -1.084883 0.38859
-6.512161 -43.62343 34.02956 -2.496379 -0.377526 -0.46706 1.247211 -0.72171 0.633801
-8.512161 -43.62343 34.02956 -1.345641 0.608675 0.096233 1.440333 -0.90021 0.086047
13.48784 -45.62343 34.02956 1.460436 0.83724 -0.726501 -1.653589 -0.786933 -0.583228
11.48784 -45.62343 34.02956 0.690149 0.49178 -1.989597 -2.005868 -0.97004 -0.416982
9.487839 -45.62343 34.02956 0.58486 0.254821 -0.677691 0.654402 -0.101251 0.066949
7.487839 -45.62343 34.02956 0.899267 1.457465 -0.927388 -0.158932 1.276233 2.084633
1.487839 -45.62343 34.02956 0.818132 2.360153 1.544256 3.726147 0.491394 2.269562
-0.512161 -45.62343 34.02956 2.529088 1.456334 2.466439 2.743136 0.611739 1.1041
-6.512161 -45.62343 34.02956 -0.185352 1.391077 -0.841264 0.613081 -0.851982 1.009285
-6.512161 -47.62343 34.02956 1.863363 2.114089 0.282838 0.059648 0.223775 0.90886
9.487839 -49.62343 34.02956 -1.331096 -0.078283 -2.464673 -2.584969 -1.374329 -1.714123
7.487839 -49.62343 34.02956 -1.786906 0.926271 -5.08542 -6.382027 -0.842264 -0.239109
-2.512161 -49.62343 34.02956 1.972781 0.859198 2.904343 1.020594 -0.119118 -0.725373
-4.512161 -49.62343 34.02956 3.908246 2.354213 3.017216 1.696147 -0.026275 -1.157272
7.487839 -51.62343 34.02956 -2.114591 -0.075544 -2.866934 -3.355429 -0.488128 0.577125
-2.512161 -51.62343 34.02956 -2.028062 -0.888568 0.208682 -1.06168 -1.815223 -2.25971
-4.512161 -51.62343 34.02956 -0.579602 -0.487306 1.822546 0.723129 -0.271252 -1.632337
7.487839 -53.62343 34.02956 2.272119 1.661016 1.363091 0.470743 0.317072 1.331547
-0.512161 -53.62343 34.02956 -2.529898 -0.848094 -3.238037 -5.252259 -3.773659 -4.047117
11.48784 -55.62343 34.02956 -0.339829 -2.118507 -0.390519 -1.745275 1.258943 1.235814
9.487839 -55.62343 34.02956 3.254936 0.435778 1.642347 0.998338 0.448339 0.482826
7.487839 -55.62343 34.02956 -0.070057 0.7465 -0.398186 0.272012 -0.44088 1.202794
-0.512161 -55.62343 34.02956 -1.806033 -0.610708 -2.715856 -4.832309 -3.583053 -4.207058
9.487839 -57.62343 34.02956 -0.549282 -0.679259 -2.712936 -3.392411 -0.107691 -0.105591
7.487839 -57.62343 34.02956 -3.057261 -0.990648 -2.397383 -1.575072 -0.496718 0.373797
-0.512161 -57.62343 34.02956 -1.332369 0.220171 -1.938811 -4.277551 -2.996001 -2.654053
-2.512161 -57.62343 34.02956 -2.90175 -0.472477 -3.142209 -4.493674 -1.961191 -1.906436
-0.512161 -59.62343 34.02956 -2.510549 -2.18417 -1.773165 -4.321323 -1.309068 -1.095167
-2.512161 -59.62343 34.02956 -4.945122 -1.91075 -3.719951 -4.519299 -0.788553 -0.177738
17.48784 -33.62343 36.02956 3.897573 3.717067 2.458246 3.105779 1.740318 2.814474
15.48784 -33.62343 36.02956 0.889702 0.960646 2.057662 2.404418 2.697897 2.477738
17.48784 -35.62343 36.02956 1.604341 1.999924 2.828718 5.242816 1.754736 2.510288
15.48784 -35.62343 36.02956 -0.073358 -0.389652 3.842108 5.556326 3.677594 4.252638
13.48784 -35.62343 36.02956 1.202553 -0.685762 3.786123 4.230713 3.891928 4.378705
11.48784 -35.62343 36.02956 2.203753 0.58605 1.509004 0.911025 4.219215 4.49836
9.487839 -35.62343 36.02956 1.836431 0.713245 -0.773602 -2.76691 2.206191 1.694148
15.48784 -37.62343 36.02956 -0.103237 -0.078164 3.707944 4.838759 3.984069 4.870052
13.48784 -37.62343 36.02956 2.664064 1.347315 6.290226 9.181313 7.063257 9.713588
11.48784 -37.62343 36.02956 2.890047 0.847123 4.420152 5.591621 4.993021 6.707716
9.487839 -37.62343 36.02956 1.721155 -0.720695 1.673152 0.739837 3.320242 3.44838
7.487839 -37.62343 36.02956 1.229925 -0.676013 2.412267 2.04218 3.48886 3.415239
-2.512161 -37.62343 36.02956 -0.331498 0.024029 0.600897 -0.204019 1.965832 1.72929
-4.512161 -37.62343 36.02956 2.340174 1.392646 0.830293 0.736648 1.245432 0.92271
-6.512161 -37.62343 36.02956 3.834487 2.377081 1.877976 1.25987 1.674513 0.866883
13.48784 -39.62343 36.02956 2.611447 2.400762 6.833743 10.64108 7.995354 11.16248
11.48784 -39.62343 36.02956 1.139274 1.019555 4.585835 7.250876 5.329923 8.579685
9.487839 -39.62343 36.02956 0.217368 -0.203259 1.578105 1.667238 1.043399 1.886742
7.487839 -39.62343 36.02956 3.816445 1.804174 1.453388 1.573507 2.674326 3.171072
-2.512161 -39.62343 36.02956 -0.836202 -0.951167 -0.726564 -0.313318 1.642588 1.606487
-4.512161 -39.62343 36.02956 0.431048 1.087442 -0.064335 1.413787 1.981132 2.536465
-6.512161 -39.62343 36.02956 2.756537 1.903579 0.98408 0.86031 2.975445 2.509214
9.487839 -41.62343 36.02956 0.970503 0.918859 2.00954 2.526611 1.190767 1.511663
7.487839 -41.62343 36.02956 3.355408 2.896191 0.789419 0.970306 2.235113 3.1907
9.487839 -43.62343 36.02956 2.550278 1.394219 2.572558 2.936475 2.177684 2.068671
11.48784 -45.62343 36.02956 0.693834 0.608796 0.143348 0.270543 0.011897 0.561624
9.487839 -45.62343 36.02956 1.570928 0.233716 1.887975 2.332264 1.591237 1.388145
7.487839 -45.62343 36.02956 -0.676686 0.4435 3.787849 5.744908 2.838696 4.56286
-0.512161 -45.62343 36.02956 4.303737 3.109085 3.976685 5.508284 1.638439 2.033297
-2.512161 -45.62343 36.02956 2.002642 2.391227 1.440921 3.240105 0.221675 0.606335
-4.512161 -45.62343 36.02956 0.573402 1.581701 -0.864417 0.853582 -1.21299 -0.125315
-6.512161 -45.62343 36.02956 -1.509714 0.646349 -1.067766 0.398395 -1.463505 -0.043075
13.48784 -47.62343 36.02956 -0.838824 -0.321026 -0.331613 0.024032 -0.935134 -1.064689
11.48784 -47.62343 36.02956 -0.120022 0.495492 -1.424213 -1.369449 -0.378567 0.078629
9.487839 -47.62343 36.02956 -1.316554 -0.982346 -1.017569 -1.276097 -0.187078 -0.821403
7.487839 -47.62343 36.02956 -6.987437 -1.865909 -4.764782 -5.631456 -0.892392 -1.041815
1.487839 -47.62343 36.02956 5.220205 3.959116 2.898298 4.125119 2.109353 3.317443
-0.512161 -47.62343 36.02956 3.421434 2.344497 3.035243 3.594631 2.13179 1.938085
-2.512161 -47.62343 36.02956 0.592172 1.166069 0.197252 1.11271 0.461257 0.103238
-4.512161 -47.62343 36.02956 0.254701 0.626774 -1.624015 -1.421952 -1.331197 -1.899532
-6.512161 -47.62343 36.02956 -0.310456 -0.100132 -0.882878 -1.434941 -0.138703 -0.385464
13.48784 -49.62343 36.02956 -2.988882 -2.201036 -3.850378 -4.809651 -2.958997 -4.356667
11.48784 -49.62343 36.02956 -0.627785 0.454581 -3.155481 -3.423497 -2.260197 -2.818563
9.487839 -49.62343 36.02956 -3.926777 -0.866649 -4.703552 -4.616733 -3.215542 -4.030571
7.487839 -49.62343 36.02956 -6.152024 -1.253477 -6.719094 -8.703583 -1.556679 -1.549627
-4.512161 -49.62343 36.02956 -0.33876 -0.957198 -1.495414 -2.342798 -0.548081 -2.140025
7.487839 -51.62343 36.02956 -2.73129 -0.57046 -5.919292 -6.895327 -1.316776 -0.739568
7.487839 -53.62343 36.02956 0.960982 -0.077973 0.543506 -0.097708 0.047374 -0.65489
9.487839 -55.62343 36.02956 2.572012 -0.796146 1.157819 -0.948389 1.517724 0.280147
7.487839 -55.62343 36.02956 -3.159724 -1.806975 -0.441072 1.119336 0.118149 1.097196
17.48784 -35.62343 38.02956 0.392677 0.283227 3.956676 5.154268 1.748771 1.973701
15.48784 -35.62343 38.02956 0.73443 0.498361 4.657312 6.468541 4.236581 4.638855
15.48784 -37.62343 38.02956 1.065794 1.084256 4.051519 6.072415 4.173514 5.414837
9.487839 -37.62343 38.02956 1.519497 -0.1435 -0.363279 -0.648204 3.7315 4.306455
15.48784 -39.62343 38.02956 5.276442 2.913601 5.114202 5.922087 5.093761 5.589347
13.48784 -39.62343 38.02956 6.4141 4.039458 5.817366 8.639383 8.240775 10.88934
11.48784 -39.62343 38.02956 3.673197 2.519228 2.641306 4.638461 5.431964 7.883473
9.487839 -39.62343 38.02956 0.274857 0.640528 1.205949 2.822378 0.609746 1.815288
7.487839 -39.62343 38.02956 1.609261 0.816036 0.287925 0.942593 0.882084 1.010396
13.48784 -41.62343 38.02956 8.040833 5.453035 5.31642 7.613308 6.333574 8.304093
7.487839 -41.62343 38.02956 1.994678 2.354993 1.821953 3.152766 2.540713 4.516646
13.48784 -49.62343 38.02956 -0.776517 -1.018994 -1.282722 -3.167564 -2.586087 -4.064513
11.48784 -49.62343 38.02956 -1.362628 -0.132372 -1.366932 -1.771928 -1.64466 -1.616673
9.487839 -49.62343 38.02956 -0.969287 0.685547 -2.139487 -2.105891 -1.722899 -1.542908
7.487839 -49.62343 38.02956 -0.522974 -0.183622 -2.742065 -5.225734 0.203815 -0.467436
11.48784 -51.62343 38.02956 -5.171763 -2.629143 -4.663315 -6.496018 -3.652701 -4.551933
9.487839 -51.62343 38.02956 -0.347796 1.818972 -4.800823 -5.982961 -2.791582 -1.722701
7.487839 -51.62343 38.02956 1.874094 3.425357 -6.390133 -8.169809 -2.110237 -0.581385
7.487839 -53.62343 38.02956 -0.63809 1.102837 -4.051505 -4.842605 -1.734558 -0.873924
7.487839 -55.62343 38.02956 -3.43316 -2.277108 -1.573863 -1.346587 0.625156 1.030053
15.48784 -39.62343 40.02956 5.603551 4.393257 2.526402 3.322724 2.601381 3.646457
15.48784 -41.62343 40.02956 7.05375 4.681761 3.979066 4.832587 3.84157 4.255047
13.48784 -41.62343 40.02956 7.944547 4.852623 4.344361 5.586047 3.325461 4.746254
