-1.788589 -12.51701 -5.907745 4.561583 3.00537 4.833426 8.834414 1.133387 3.472784
6.211411 -14.51701 -5.907745 -3.886997 -3.700337 -0.583381 -0.973143 1.825106 3.27656
4.211411 -14.51701 -5.907745 -1.290486 -1.314594 0.452043 6.563784 2.306895 5.16656
6.211411 -16.51701 -5.907745 -4.285363 -4.378205 -2.428885 -2.783466 -0.793695 -0.178043
4.211411 -16.51701 -5.907745 0.82415 1.499231 0.714875 7.097137 2.124386 6.086119
-3.788589 -4.517014 -3.907745 0.673458 3.17987 -0.536782 3.352979 0.652362 5.278764
-1.788589 -6.517014 -3.907745 -2.44441 -8.513696 -0.398085 -1.262391 4.179872 5.143643
-1.788589 -8.517014 -3.907745 1.856889 -6.72603 2.441137 1.399711 2.832236 -0.498328
-3.788589 -8.517014 -3.907745 0.845146 -1.131801 1.179677 7.944643 2.704752 4.278077
4.211411 -10.51701 -3.907745 0.394113 -8.139123 1.399897 0.422725 -1.240753 -5.90551
2.211411 -10.51701 -3.907745 2.531992 -6.198616 -1.527229 5.631577 0.672014 0.540894
-1.788589 -10.51701 -3.907745 3.967465 -3.200828 3.593064 4.470522 1.300365 -3.504099
-3.788589 -10.51701 -3.907745 0.666888 -3.950454 0.450243 4.42895 1.71228 -0.566792
4.211411 -12.51701 -3.907745 -3.114023 -9.955923 0.03409 -4.14506 3.44111 2.46059
2.211411 -12.51701 -3.907745 1.280424 -4.488868 -2.094703 0.589765 4.393092 7.017637
-1.788589 -12.51701 -3.907745 3.273718 0.815276 1.995652 5.393591 -0.18207 -2.631599
6.211411 -14.51701 -3.907745 -4.982384 -6.690056 -0.528525 -5.14533 4.224598 5.006025
4.211411 -14.51701 -3.907745 -5.433882 -7.714699 -0.80547 -4.096106 5.331047 7.747891
-1.788589 -14.51701 -3.907745 0.246528 2.054632 -1.785873 2.288318 -0.668296 0.955659
6.211411 -16.51701 -3.907745 -3.248495 -5.08922 -2.390839 -4.824043 1.819964 0.093083
-1.788589 -16.51701 -3.907745 -1.620133 1.702268 -2.811612 0.524901 1.100679 5.27028
-3.788589 -4.517014 -1.907745 -0.406807 0.182702 -1.639541 2.911493 -1.491712 3.983304
-1.788589 -6.517014 -1.907745 3.709323 4.305076 2.434175 1.780767 2.476925 5.569292
6.211411 -8.517014 -1.907745 -1.189032 -7.091475 0.651046 -3.754694 -3.262178 -9.026999
4.211411 -8.517014 -1.907745 6.539095 0.015192 -1.052214 -7.893099 -3.6464 -11.80347
-1.788589 -8.517014 -1.907745 3.750413 0.82043 3.821416 3.454449 1.915045 0.806605
-3.788589 -8.517014 -1.907745 1.551932 -4.416151 4.099112 9.198536 1.68514 0.784008
6.211411 -10.51701 -1.907745 -1.153466 -4.144817 -1.61665 -3.045044 -1.699444 -0.784427
4.211411 -10.51701 -1.907745 5.650697 -1.061029 -0.969047 -6.195211 -1.299912 -5.186274
-1.788589 -10.51701 -1.907745 2.668324 0.361095 4.178565 4.997658 2.019899 -0.36167
-3.788589 -10.51701 -1.907745 -1.962961 -7.406441 2.31171 5.678986 3.361085 2.0585
6.211411 -12.51701 -1.907745 -1.204921 -1.226074 -0.468322 -0.154023 0.673601 4.914449
4.211411 -12.51701 -1.907745 1.774765 -3.045242 -0.892521 -6.131536 1.572223 2.091741
2.211411 -12.51701 -1.907745 3.502637 -2.039721 0.01324 -4.732848 3.222539 2.209239
0.211411 -12.51701 -1.907745 1.718647 1.058671 1.855631 3.308566 -0.787716 -1.501408
-1.788589 -12.51701 -1.907745 1.868827 3.639013 2.699789 3.316039 2.567499 2.991691
-3.788589 -12.51701 -1.907745 -3.449668 -5.691378 0.291522 0.711115 4.169502 4.123127
8.211411 -14.51701 -1.907745 2.406365 4.336132 2.637215 3.21421 3.840672 5.670282
6.211411 -14.51701 -1.907745 -0.357747 -0.050509 1.535167 1.584674 1.832362 3.47577
4.211411 -14.51701 -1.907745 -0.652564 -2.683352 -1.102393 -5.982506 2.919154 4.693691
0.211411 -14.51701 -1.907745 0.15297 3.099757 -0.053055 2.278563 1.393425 4.461865
-1.788589 -14.51701 -1.907745 1.685287 6.113274 -0.059352 -1.555517 1.994009 4.860713
6.211411 -16.51701 -1.907745 2.195461 1.107362 1.719718 0.597971 1.148258 -1.006502
0.211411 -16.51701 -1.907745 -0.862037 2.449708 -2.447343 -0.152581 1.85722 4.528501
-1.788589 -16.51701 -1.907745 2.219155 5.478192 -0.873496 -3.616284 2.43249 4.517438
-3.788589 -16.51701 -1.907745 1.39548 3.363897 1.39197 -1.204488 3.058408 4.430622
0.211411 -18.51701 -1.907745 -1.240292 0.709397 -1.924971 -0.490517 0.741791 0.687831
-1.788589 -18.51701 -1.907745 2.048615 3.035177 1.865932 1.247382 3.71832 4.188414
-3.788589 -18.51701 -1.907745 3.909831 6.099789 3.564998 3.166113 2.096027 3.507133
8.211411 -20.51701 -1.907745 -0.321814 -1.2269 -1.348881 -3.206257 0.901538 -0.258841
6.211411 -20.51701 -1.907745 5.02515 3.164145 -0.18795 -2.962691 0.133443 -3.269966
2.211411 -20.51701 -1.907745 1.708655 0.110488 1.823837 0.689767 -0.112968 -1.449278
0.211411 -20.51701 -1.907745 -1.971198 -0.398068 1.687024 1.378918 0.048771 -0.420957
-1.788589 -20.51701 -1.907745 -1.409742 -0.146906 3.262675 4.733118 1.131391 2.333517
-3.788589 -20.51701 -1.907745 2.239207 3.853076 2.127264 3.220376 0.486913 2.158005
8.211411 -22.51701 -1.907745 -0.751973 -0.692774 -0.415026 -4.405501 1.651647 2.579175
6.211411 -22.51701 -1.907745 3.527137 1.782169 -0.332925 -2.701112 0.792232 -0.219887
2.211411 -22.51701 -1.907745 1.573487 0.006416 0.708198 0.055154 0.810572 2.099219
0.211411 -22.51701 -1.907745 -0.303278 -0.131524 2.446932 2.929394 0.124545 -0.003678
-1.788589 -22.51701 -1.907745 0.608082 2.867187 4.176803 6.00048 0.388883 0.238328
-3.788589 -22.51701 -1.907745 3.558751 7.755904 4.25982 6.25607 0.66827 2.06569
8.211411 -24.51701 -1.907745 1.136698 1.119649 3.033198 -0.17523 2.15307 3.49969
2.211411 -24.51701 -1.907745 2.081641 -0.268216 0.985079 3.325444 0.449732 1.26684
0.211411 -24.51701 -1.907745 1.563806 0.325821 1.281552 2.660535 -0.367961 -1.170239
-1.788589 -24.51701 -1.907745 2.72896 3.459198 3.038851 5.001698 -2.075114 -4.606631
-3.788589 -24.51701 -1.907745 2.893605 6.243719 6.295907 6.930574 0.893268 0.329326
2.211411 -26.51701 -1.907745 2.919988 1.379548 3.119723 4.515841 0.780485 -0.058713
0.211411 -26.51701 -1.907745 1.951831 1.267661 0.635978 0.627314 -0.439434 -2.151021
-3.788589 -26.51701 -1.907745 -0.262432 1.432071 5.471043 4.671062 0.944876 0.682782
0.211411 -28.51701 -1.907745 1.328953 2.472674 0.235967 1.201492 0.117414 0.413353
-1.788589 -28.51701 -1.907745 1.690975 2.973432 3.25991 4.919784 -1.768005 -1.161921
6.211411 -6.517014 0.092255 0.162536 -3.181267 2.661549 -0.884556 -0.733066 -3.289402
4.211411 -6.517014 0.092255 -1.527097 -2.110066 -1.367999 -5.946279 0.204377 0.570466
-3.788589 -6.517014 0.092255 -1.063894 -2.969076 -2.116162 0.267489 -0.311585 -1.079368
6.211411 -8.517014 0.092255 0.209288 -3.261346 -0.666523 -4.577262 -2.026211 -4.574666
4.211411 -8.517014 0.092255 0.150034 -0.971648 -3.802145 -7.410551 -3.654721 -7.340484
-1.788589 -8.517014 0.092255 1.182435 2.236642 2.164294 0.959944 -0.023579 -1.053414
-3.788589 -8.517014 0.092255 -1.957275 -3.950577 -0.15061 2.086639 0.396857 -0.695504
8.211411 -10.51701 0.092255 0.101851 -5.505797 2.88939 -4.137531 -0.645245 -3.538296
6.211411 -10.51701 0.092255 1.104854 0.1012 -1.312043 -2.643342 -1.27413 -0.300505
4.211411 -10.51701 0.092255 5.617598 5.735996 -0.412498 1.608101 -2.076733 -2.438948
-1.788589 -10.51701 0.092255 0.198517 1.441664 3.742852 5.420689 -1.791583 -1.154607
-3.788589 -10.51701 0.092255 -3.998235 -4.022224 2.581884 5.483346 0.978976 1.504817
8.211411 -12.51701 0.092255 -1.719536 -3.293544 0.862431 -0.055005 -0.611054 -0.850528
6.211411 -12.51701 0.092255 2.195652 2.184144 1.346138 2.636106 -0.016959 2.358414
4.211411 -12.51701 0.092255 6.469279 5.391544 2.720151 7.31527 1.233792 4.647367
0.211411 -12.51701 0.092255 2.044971 4.849498 2.075614 8.796824 -0.557456 2.616329
-1.788589 -12.51701 0.092255 2.066861 5.397601 3.718079 8.010804 1.105572 5.27268
-3.788589 -12.51701 0.092255 -2.36037 0.385875 4.667638 8.024834 2.644284 5.127917
10.21141 -14.51701 0.092255 0.713858 -0.254516 4.02849 8.39523 2.593563 3.75329
8.211411 -14.51701 0.092255 -1.065838 0.436261 3.044542 7.417376 1.098335 3.006152
2.211411 -14.51701 0.092255 4.243144 8.088474 0.273263 2.20458 1.707491 6.193364
0.211411 -14.51701 0.092255 2.501734 7.92264 -1.233575 6.144207 1.358158 7.074102
10.21141 -16.51701 0.092255 3.809776 3.289173 8.715257 12.50481 4.640281 5.194512
8.211411 -16.51701 0.092255 1.114192 1.709096 5.805376 9.506057 3.680686 5.902122
6.211411 -16.51701 0.092255 2.825144 2.006249 1.039225 2.208336 3.876333 7.206021
0.211411 -16.51701 0.092255 0.621995 4.491125 -2.759239 2.291504 1.743215 5.961934
8.211411 -18.51701 0.092255 2.30003 2.163457 5.5629 7.973326 4.133897 5.790684
6.211411 -18.51701 0.092255 3.107208 2.900904 0.433913 1.505504 3.873104 7.280639
0.211411 -18.51701 0.092255 -1.481811 1.047432 -1.001787 1.269799 1.400163 5.519992
8.211411 -20.51701 0.092255 1.907189 3.465303 3.632047 7.374553 2.367038 4.286602
6.211411 -20.51701 0.092255 2.735276 2.787848 2.393317 4.624456 1.69042 2.693319
4.211411 -20.51701 0.092255 3.570694 6.512701 0.346883 0.833157 -0.954792 1.657948
2.211411 -20.51701 0.092255 1.491757 5.797732 0.364287 -0.133257 -0.196402 4.994215
0.211411 -20.51701 0.092255 -2.518422 -0.356055 0.759751 1.450586 0.318049 5.477337
8.211411 -22.51701 0.092255 1.806684 4.201292 5.3422 10.24886 1.896865 6.292703
6.211411 -22.51701 0.092255 2.135521 2.534059 4.28421 7.341413 -0.161431 0.852213
2.211411 -22.51701 0.092255 2.019941 3.231061 -2.025452 -2.528892 -2.377536 0.370132
0.211411 -22.51701 0.092255 -2.180796 -3.024431 -0.526133 -0.404896 -0.856975 1.422598
8.211411 -24.51701 0.092255 2.270945 3.19873 7.281782 9.062859 3.033036 7.63082
6.211411 -24.51701 0.092255 1.98618 2.033426 5.838338 4.913607 0.343335 2.649105
2.211411 -24.51701 0.092255 3.934405 4.135619 -1.527118 -0.296765 -2.53265 -1.427376
0.211411 -24.51701 0.092255 -0.405365 -1.409732 0.7292 1.914703 -0.942466 0.554746
10.21141 -26.51701 0.092255 -0.298651 -0.395437 -0.148057 -0.296419 3.573659 5.354907
8.211411 -26.51701 0.092255 0.649392 0.984347 3.030535 1.127015 2.783988 4.553376
6.211411 -26.51701 0.092255 0.953302 0.46168 4.896265 -0.754215 2.537551 4.384796
2.211411 -26.51701 0.092255 4.427772 5.014157 2.499758 3.580961 0.870448 1.547654
0.211411 -26.51701 0.092255 -0.131048 -0.263729 1.560535 2.3944 -0.352357 0.732085
-1.788589 -26.51701 0.092255 -3.668575 -5.950055 -0.581631 -0.078272 -4.056529 -5.06166
-3.788589 -26.51701 0.092255 -1.745734 -1.499358 1.046736 1.019786 -0.728473 -1.444615
6.211411 -28.51701 0.092255 -0.023278 0.968159 4.747834 2.053538 3.599088 5.980833
2.211411 -28.51701 0.092255 2.055894 3.578022 1.650023 2.279883 3.183135 6.160212
0.211411 -28.51701 0.092255 -1.450723 -1.543057 -1.124072 0.482294 0.13733 1.192637
2.211411 -30.51701 0.092255 -0.130702 3.67076 1.787174 3.020891 2.698392 6.378531
0.211411 -30.51701 0.092255 0.830549 2.498227 0.160245 1.951201 0.04233 2.055888
8.211411 -6.517014 2.092255 6.965432 8.403524 3.552145 4.32032 1.078351 -1.263786
6.211411 -6.517014 2.092255 3.615552 0.680516 0.54506 -0.873507 1.963764 0.068174
4.211411 -6.517014 2.092255 -3.686008 -5.038071 -0.781535 2.056388 3.267448 4.433415
-3.788589 -6.517014 2.092255 -1.069049 -0.535354 -4.779977 -3.607517 -3.33257 -2.692202
6.211411 -8.517014 2.092255 3.241467 1.337476 -0.768166 -3.668907 -1.848003 -5.517834
4.211411 -8.517014 2.092255 -5.871475 -2.953277 -3.967383 -3.998409 -9.332232 -12.09343
-1.788589 -8.517014 2.092255 -0.784168 -0.776266 -1.411661 -4.665013 -1.441963 -3.086769
-3.788589 -8.517014 2.092255 -2.024809 -0.915073 -4.64526 -1.955273 -3.653886 -2.259758
6.211411 -10.51701 2.092255 -0.012684 1.190326 -1.589943 -3.160915 -5.429175 -7.063802
4.211411 -10.51701 2.092255 1.192442 6.088273 2.119314 1.714147 -12.17093 -14.39411
-1.788589 -10.51701 2.092255 -3.108758 -3.594206 0.056024 -3.552494 -0.553258 -0.514151
-3.788589 -10.51701 2.092255 -2.965267 -3.848401 0.840717 2.321271 -0.944018 -1.219933
8.211411 -12.51701 2.092255 0.892209 -0.033441 -2.528998 -3.093731 -2.567288 -4.157815
6.211411 -12.51701 2.092255 -1.097291 0.96084 -0.939789 1.646452 -5.18156 -3.766538
4.211411 -12.51701 2.092255 4.523894 5.67455 7.381981 8.959702 -3.259111 -1.076786
-1.788589 -12.51701 2.092255 -2.960201 -3.707949 3.132173 -1.62621 2.259253 3.462396
-3.788589 -12.51701 2.092255 -1.802775 -2.788576 5.3916 3.751757 2.829116 1.335544
10.21141 -14.51701 2.092255 0.440279 -1.485962 -0.871307 -1.456219 -2.029833 -4.502293
8.211411 -14.51701 2.092255 0.708985 1.142462 -2.726555 -1.443805 -2.793889 -3.140115
6.211411 -14.51701 2.092255 0.113077 0.240786 -1.212241 2.137812 -1.100773 1.737752
4.211411 -14.51701 2.092255 2.289518 0.315339 5.813652 6.545453 2.718227 5.863779
2.211411 -14.51701 2.092255 2.399363 1.678605 4.602683 1.924777 3.052221 5.239921
-1.788589 -14.51701 2.092255 -0.668249 0.221876 3.100692 0.939097 4.142927 6.667772
-3.788589 -14.51701 2.092255 1.055901 1.485601 5.147535 2.335764 3.668169 2.044157
10.21141 -16.51701 2.092255 1.81612 0.34437 2.294307 1.18587 -0.999776 -2.761897
8.211411 -16.51701 2.092255 2.129751 1.801253 -0.960321 0.166724 -1.303419 -0.799489
6.211411 -16.51701 2.092255 1.964711 0.97077 -2.209863 0.567186 2.63408 6.537847
4.211411 -16.51701 2.092255 -0.52078 -1.634852 0.922059 0.742452 3.199528 6.46271
2.211411 -16.51701 2.092255 -0.989047 -1.642595 1.006583 -2.819427 -0.859777 -0.590134
-1.788589 -16.51701 2.092255 0.768911 4.635268 -0.183417 4.365376 2.127247 6.090525
-3.788589 -16.51701 2.092255 3.716282 4.447706 2.377805 2.228252 0.424922 -0.399814
10.21141 -18.51701 2.092255 2.966705 3.038598 2.433437 0.038714 -0.658876 -1.127032
8.211411 -18.51701 2.092255 3.454889 4.443243 -0.24446 1.401273 -1.169643 0.274355
6.211411 -18.51701 2.092255 3.388421 4.751154 -1.405995 2.711215 2.41438 7.708626
4.211411 -18.51701 2.092255 -0.623726 1.256541 -1.672331 0.012335 1.989053 7.472612
0.211411 -18.51701 2.092255 -0.999881 2.894186 -2.296802 -0.325128 -0.606471 4.267252
-1.788589 -18.51701 2.092255 0.319982 6.208575 0.145203 7.164814 -0.397537 3.930723
-3.788589 -18.51701 2.092255 5.129274 6.723228 3.798568 6.550602 -1.774615 -1.90533
-5.788589 -18.51701 2.092255 3.191466 5.831426 5.739775 7.112718 -0.891502 0.003419
10.21141 -20.51701 2.092255 1.052782 3.972409 1.330972 -0.696846 -0.435921 1.882468
8.211411 -20.51701 2.092255 2.839712 6.815607 -0.049066 1.73637 -1.116187 2.098011
4.211411 -20.51701 2.092255 -0.792949 1.833807 1.066004 4.532592 0.311244 5.185934
0.211411 -20.51701 2.092255 -2.190231 -0.060234 -0.085533 -0.449707 -0.210626 4.388224
-1.788589 -20.51701 2.092255 -0.395177 4.054636 3.673645 7.80313 -1.314123 2.232397
-3.788589 -20.51701 2.092255 4.899445 8.140352 7.342716 10.96532 -0.530099 -0.773165
-5.788589 -20.51701 2.092255 4.80117 6.420801 7.790661 7.860264 1.814497 0.715866
10.21141 -22.51701 2.092255 -1.303812 3.732397 1.922634 2.474615 -0.145026 4.865717
8.211411 -22.51701 2.092255 0.947841 6.166217 3.487529 6.20551 0.77471 6.529466
6.211411 -22.51701 2.092255 -1.500062 1.399656 4.432534 9.849828 -1.383635 2.083139
4.211411 -22.51701 2.092255 -2.210314 -0.34314 3.864413 7.161088 -1.596554 0.119646
2.211411 -22.51701 2.092255 -1.464274 -0.622927 0.874761 -0.311285 -0.148315 1.896596
0.211411 -22.51701 2.092255 -3.329099 -2.856981 2.398365 1.64853 -0.560035 3.593862
-1.788589 -22.51701 2.092255 -0.279686 0.935728 5.233516 7.267531 -0.799404 3.419801
-3.788589 -22.51701 2.092255 1.803393 4.192238 4.199356 8.049434 -0.823258 1.408874
-5.788589 -22.51701 2.092255 0.78089 2.182858 1.975784 2.485988 1.106004 2.542391
10.21141 -24.51701 2.092255 -0.830214 1.72558 0.565641 2.490759 -0.723053 2.964834
8.211411 -24.51701 2.092255 -0.296849 2.206774 7.507865 10.25906 1.693615 6.880076
6.211411 -24.51701 2.092255 -2.505744 -1.635537 5.99918 9.184269 -0.840655 2.534497
0.211411 -24.51701 2.092255 -1.531943 0.904503 5.287309 7.91678 1.719629 8.023575
-1.788589 -24.51701 2.092255 -0.799391 -1.94584 5.634252 5.525894 2.449387 7.000069
-3.788589 -24.51701 2.092255 -0.687525 -0.792112 3.557732 5.259145 0.899049 3.692592
10.21141 -26.51701 2.092255 -2.372284 -3.54621 -2.423291 -3.515857 -2.368224 -2.250393
8.211411 -26.51701 2.092255 -1.831977 -2.41537 2.547027 2.24515 -0.243414 1.274422
6.211411 -26.51701 2.092255 -1.534946 -1.564403 3.801386 1.458213 1.239009 3.627887
2.211411 -26.51701 2.092255 4.178836 7.978434 3.90731 7.311098 1.229956 4.649957
0.211411 -26.51701 2.092255 0.29319 2.278368 5.083899 7.265383 2.361412 6.052212
2.211411 -28.51701 2.092255 2.740797 5.253703 3.383019 4.460097 2.163455 5.759719
6.211411 -8.517014 4.092255 6.051886 6.747625 3.482009 3.719373 2.686194 0.059139
4.211411 -8.517014 4.092255 4.051882 6.631941 4.453015 6.571759 0.1098 1.769849
-3.788589 -8.517014 4.092255 -0.046313 1.261032 -0.274662 0.099683 1.172048 -0.114613
6.211411 -10.51701 4.092255 3.116297 3.566227 3.129508 3.172849 0.441756 -1.903776
-1.788589 -10.51701 4.092255 -0.124703 0.427564 2.320509 0.78975 1.632553 -0.616009
-3.788589 -10.51701 4.092255 -0.220346 -2.131724 3.397304 3.072747 0.978763 -2.654781
6.211411 -12.51701 4.092255 -1.850818 -2.707732 1.678474 2.342333 0.680388 -0.246747
4.211411 -12.51701 4.092255 -5.310427 -9.466278 7.158564 3.803607 3.2601 1.050558
-1.788589 -12.51701 4.092255 -0.558094 0.509097 3.556663 2.119701 0.580764 -0.052853
-3.788589 -12.51701 4.092255 0.025027 -2.194042 4.212924 3.203075 0.198273 -3.465601
4.211411 -14.51701 4.092255 -5.993005 -10.81511 5.48443 2.803741 4.985882 2.594343
2.211411 -14.51701 4.092255 -2.894623 -6.935847 2.574441 -1.7087 3.961028 1.166632
-1.788589 -14.51701 4.092255 -0.697421 1.182097 1.495291 0.714938 -0.307814 -0.056799
-3.788589 -14.51701 4.092255 0.663689 1.441892 1.336869 -0.052525 -0.080683 -2.322825
4.211411 -16.51701 4.092255 -5.338342 -6.995713 3.363697 4.108318 3.460408 2.968704
2.211411 -16.51701 4.092255 -6.110942 -8.994392 1.794561 -0.568835 1.216382 -1.938535
-1.788589 -16.51701 4.092255 -0.031101 1.191555 -1.505669 0.406437 -0.984763 -0.481454
-3.788589 -16.51701 4.092255 2.601507 4.038892 -1.716377 -0.976878 -0.905307 -1.400322
-5.788589 -16.51701 4.092255 1.188109 2.603528 0.503979 1.051621 -2.175038 -2.617874
10.21141 -18.51701 4.092255 -1.594702 -0.720116 1.128862 0.416614 -1.148481 -1.120326
8.211411 -18.51701 4.092255 0.146588 0.997052 1.924536 4.762169 -0.726292 0.136087
6.211411 -18.51701 4.092255 0.958488 4.521301 1.100948 6.242568 0.329263 3.960759
4.211411 -18.51701 4.092255 -6.300834 -2.445727 -0.449711 5.908525 -0.632387 3.075006
2.211411 -18.51701 4.092255 -8.391434 -7.66992 -0.674535 2.09857 -1.169663 -0.920716
-1.788589 -18.51701 4.092255 -0.293003 2.156141 0.991198 4.158911 -2.254551 -0.527187
-3.788589 -18.51701 4.092255 4.592898 5.455913 1.890684 6.303606 -1.04011 -0.134195
-5.788589 -18.51701 4.092255 3.485752 5.142902 1.269168 5.618092 -0.527353 0.780546
12.21141 -20.51701 4.092255 2.567116 4.840043 2.926739 3.275119 0.563114 2.465963
10.21141 -20.51701 4.092255 -1.675538 -0.146978 0.349411 0.950971 -1.108877 0.836237
8.211411 -20.51701 4.092255 -1.692353 0.14581 -0.563741 0.867937 -1.587008 -0.01143
6.211411 -20.51701 4.092255 -0.778667 4.827284 -0.4109 3.707753 -1.54903 2.482753
4.211411 -20.51701 4.092255 -6.747896 -0.947394 -1.25501 6.635211 -3.78707 1.351731
2.211411 -20.51701 4.092255 -7.255939 -6.368295 -0.669983 3.335934 -3.173884 -1.98379
-1.788589 -20.51701 4.092255 -0.996004 0.627778 5.817241 8.81286 -2.283685 -0.861175
-3.788589 -20.51701 4.092255 3.86508 4.914061 5.687912 11.3396 0.251694 0.82641
-5.788589 -20.51701 4.092255 3.997562 5.658204 4.07762 8.478354 2.045556 3.2205
12.21141 -22.51701 4.092255 -0.304211 1.102582 3.151378 6.269691 2.535459 4.818071
10.21141 -22.51701 4.092255 -3.490248 -1.231829 -0.911565 0.289205 -0.492005 2.429254
6.211411 -22.51701 4.092255 -1.790072 0.557663 0.44208 1.201636 -0.608488 1.254645
4.211411 -22.51701 4.092255 -5.733162 -3.522428 0.914421 4.129217 -4.145518 -2.040811
2.211411 -22.51701 4.092255 -3.487604 -3.165365 1.895065 1.655452 -3.104396 -2.817992
-5.788589 -22.51701 4.092255 1.54007 4.262818 2.827329 3.947448 2.413458 4.520071
12.21141 -24.51701 4.092255 0.197907 -0.280158 0.631156 2.967593 0.762933 0.686793
10.21141 -24.51701 4.092255 -1.871604 -0.125984 -0.872183 1.341021 0.17092 2.481413
8.211411 -24.51701 4.092255 -0.52256 1.565457 1.517068 3.504723 0.699827 3.333495
6.211411 -24.51701 4.092255 -0.736691 -1.098002 1.674168 3.336174 -0.031209 0.913956
4.211411 -24.51701 4.092255 -2.907818 -1.915448 -0.971592 0.194741 -2.486805 0.147435
-1.788589 -24.51701 4.092255 4.018549 2.474785 6.324479 6.855548 3.918048 6.62773
-3.788589 -24.51701 4.092255 2.139357 2.608911 5.817322 8.16859 2.590141 5.291574
-5.788589 -24.51701 4.092255 -0.206173 4.108465 4.479268 6.078833 1.265215 4.907458
6.211411 -26.51701 4.092255 0.379652 1.192949 3.484997 4.438194 1.04741 3.411527
4.211411 -26.51701 4.092255 -0.805204 0.493735 -0.471185 -1.057768 -0.214072 2.409084
0.211411 -26.51701 4.092255 3.947087 6.112418 5.277396 7.496799 2.274195 4.302903
-1.788589 -26.51701 4.092255 0.721451 0.965263 5.706384 7.226069 2.76599 5.941129
-3.788589 -26.51701 4.092255 -2.879302 -3.913235 4.751957 7.436012 0.958054 3.793946
-5.788589 -26.51701 4.092255 -1.695411 0.843944 0.759756 3.640589 -0.392457 2.340333
6.211411 -10.51701 6.092255 3.109042 2.523764 5.108687 3.397515 0.87341 -1.686146
8.211411 -12.51701 6.092255 2.388113 4.063259 1.925232 1.603154 2.144533 2.667638
8.211411 -14.51701 6.092255 1.554419 2.684425 3.363583 1.843056 1.299926 2.067671
6.211411 -14.51701 6.092255 0.489617 3.296073 2.545506 5.066203 2.186297 5.777963
-1.788589 -14.51701 6.092255 -2.100291 -2.831398 0.412547 -4.496265 -0.935606 -3.828159
6.211411 -16.51701 6.092255 0.668579 4.002838 3.040302 5.882523 3.508446 6.507225
4.211411 -16.51701 6.092255 0.17648 2.24849 5.790697 10.67598 3.812633 6.851828
-1.788589 -16.51701 6.092255 -0.9333 -2.788153 -0.749198 -2.839431 -1.070856 -3.049206
6.211411 -18.51701 6.092255 2.534098 6.688464 3.565001 6.935863 1.522452 4.017924
4.211411 -18.51701 6.092255 -0.489062 3.705492 5.734954 12.92127 2.195525 5.861763
0.211411 -18.51701 6.092255 -0.851686 -3.010968 1.222817 -1.108458 0.759314 -1.507905
-1.788589 -18.51701 6.092255 2.420832 0.885054 3.165961 2.070238 -0.12988 -0.348897
10.21141 -20.51701 6.092255 -1.12221 1.291727 3.555499 4.790947 0.530569 1.468235
4.211411 -20.51701 6.092255 -1.572151 3.823593 3.013719 10.25108 -0.809545 3.249268
0.211411 -20.51701 6.092255 1.220091 -1.963753 -0.996539 -2.507902 0.223446 -1.546787
-1.788589 -20.51701 6.092255 0.194769 -3.105263 2.877676 3.49045 -0.313958 -0.928168
-3.788589 -20.51701 6.092255 2.352239 1.99932 3.232123 5.205774 -1.345839 -1.619676
-5.788589 -20.51701 6.092255 1.611512 1.534745 2.356445 4.34406 -0.814475 -1.969239
12.21141 -22.51701 6.092255 1.128277 2.390532 3.40428 3.297876 1.172703 2.065436
10.21141 -22.51701 6.092255 -1.182325 1.130558 2.568335 3.936131 -1.405811 -0.27514
8.211411 -22.51701 6.092255 -0.842025 2.718204 1.287256 0.581537 1.293771 3.304883
4.211411 -22.51701 6.092255 0.097 1.074904 1.937719 4.117198 -1.342041 0.570604
2.211411 -22.51701 6.092255 3.835701 3.751785 -0.434278 -1.441561 -0.400457 -0.341083
0.211411 -22.51701 6.092255 1.895662 -3.027931 -1.684411 -4.552189 1.21547 -0.957564
-1.788589 -22.51701 6.092255 -1.907887 -5.76625 1.887267 3.606579 1.358843 0.03394
-3.788589 -22.51701 6.092255 1.405223 0.441827 0.976736 0.241101 0.837278 -1.528865
-5.788589 -22.51701 6.092255 2.859948 1.779581 2.137104 0.133259 0.193176 -3.118582
-7.788589 -22.51701 6.092255 0.930008 0.684062 0.40936 0.934596 -1.347944 -3.911749
12.21141 -24.51701 6.092255 2.729912 3.446658 3.346126 3.315387 1.316682 1.521698
10.21141 -24.51701 6.092255 -0.293345 2.130598 0.403882 3.158469 0.572887 3.181624
8.211411 -24.51701 6.092255 0.893735 3.64902 0.299607 2.301831 1.317833 4.680833
6.211411 -24.51701 6.092255 2.161693 0.7443 0.694452 1.156412 3.072389 4.319404
4.211411 -24.51701 6.092255 0.316118 -1.112341 0.746378 2.954701 0.835071 3.336717
2.211411 -24.51701 6.092255 2.741704 3.946201 2.388387 2.492695 1.582915 3.224593
-1.788589 -24.51701 6.092255 0.323331 -1.652008 1.307162 1.83623 2.300593 0.84666
-5.788589 -24.51701 6.092255 3.435691 2.609676 3.64754 3.083365 2.856937 0.719583
6.211411 -26.51701 6.092255 2.303749 1.679287 2.787259 4.358797 2.117289 3.912278
4.211411 -26.51701 6.092255 -0.46921 -0.55068 1.363195 4.198935 2.003522 4.004505
6.211411 -28.51701 6.092255 0.749416 0.782482 1.461765 0.623473 0.425483 1.212079
4.211411 -28.51701 6.092255 1.550459 2.611804 0.760043 1.501409 0.964715 2.586015
4.211411 -30.51701 6.092255 4.596708 3.781731 0.38151 1.736826 0.184886 -0.555979
8.211411 -16.51701 8.092255 0.085962 1.490336 0.241879 -0.746971 2.459846 4.70484
0.211411 -16.51701 8.092255 -2.028776 -1.934686 -0.227393 2.367436 1.560991 3.255326
-1.788589 -16.51701 8.092255 -1.636111 -1.374303 -0.369505 -1.042375 0.337563 1.045021
8.211411 -18.51701 8.092255 2.531598 6.619818 2.921465 5.662584 4.644587 8.418389
6.211411 -18.51701 8.092255 6.738369 10.53634 7.994294 11.6121 5.754968 10.69994
0.211411 -18.51701 8.092255 0.008154 -2.832153 2.45581 1.950172 3.85105 2.700929
6.211411 -20.51701 8.092255 4.813964 11.06564 4.33598 11.69857 5.272579 12.08058
4.211411 -20.51701 8.092255 2.575985 10.53166 9.392551 23.03584 5.677845 14.15838
0.211411 -20.51701 8.092255 1.52291 0.382819 0.827031 1.182075 2.416462 4.513023
6.211411 -22.51701 8.092255 0.929198 4.724174 3.530523 4.223341 6.996601 13.17533
4.211411 -22.51701 8.092255 5.729577 9.138774 3.604239 9.310843 4.669971 10.2224
0.211411 -22.51701 8.092255 5.086931 6.736159 -2.78938 -4.498077 1.735453 7.747905
-1.788589 -22.51701 8.092255 0.924357 4.235871 3.028222 5.309221 3.058201 9.102974
-3.788589 -22.51701 8.092255 2.44683 4.464068 3.543246 1.516126 0.560551 0.269911
-5.788589 -22.51701 8.092255 2.743511 1.7522 0.679646 -1.066361 -2.265177 -6.038222
-7.788589 -22.51701 8.092255 1.296742 0.512799 -0.55033 -0.522256 -2.98091 -5.789092
10.21141 -24.51701 8.092255 0.946697 3.035117 2.401374 3.188001 1.482988 4.468983
8.211411 -24.51701 8.092255 0.706341 2.935441 1.374828 2.656895 1.208283 4.661318
4.211411 -24.51701 8.092255 1.474543 1.872199 2.28576 4.324021 2.524274 4.63436
0.211411 -24.51701 8.092255 4.459567 5.309094 -1.929261 -4.417886 2.764476 5.202684
-1.788589 -24.51701 8.092255 2.005631 6.090655 4.463234 8.534365 1.863919 5.914975
-3.788589 -24.51701 8.092255 3.090206 4.770213 5.045328 4.247938 0.654175 0.528727
-5.788589 -24.51701 8.092255 3.600686 2.693949 3.272428 3.716372 -0.647702 -3.488562
-7.788589 -24.51701 8.092255 2.44309 1.316665 -1.109318 -0.31056 -3.175207 -7.001457
10.21141 -26.51701 8.092255 0.910711 1.940761 1.014556 0.349395 2.084079 3.992229
8.211411 -26.51701 8.092255 0.180017 0.866019 0.266468 1.60063 -1.569957 -0.079032
4.211411 -26.51701 8.092255 -0.023046 1.658846 5.771354 8.894077 3.202075 4.291571
2.211411 -26.51701 8.092255 0.236551 -0.639458 5.24553 1.219738 4.527006 2.291219
0.211411 -26.51701 8.092255 2.390425 1.050142 1.055567 -2.658702 4.064837 3.095005
-1.788589 -26.51701 8.092255 2.791013 3.749219 0.708938 2.031417 1.564303 2.182892
8.211411 -28.51701 8.092255 -2.325932 -2.507551 -0.583016 -2.422332 -0.456725 -0.948935
6.211411 -28.51701 8.092255 1.620415 2.704246 1.339427 3.010391 0.393529 -0.361159
4.211411 -28.51701 8.092255 1.545714 2.701341 5.316659 4.99405 2.597477 1.177516
2.211411 -28.51701 8.092255 -0.067037 1.292202 5.784664 3.959244 2.625031 3.305107
10.21141 -30.51701 8.092255 -2.454691 -2.552173 0.699222 -0.673596 -0.018842 0.300171
8.211411 -30.51701 8.092255 -1.060487 -0.53055 1.586411 0.381434 0.415295 -0.18765
6.211411 -30.51701 8.092255 1.349409 3.81901 2.887925 7.103516 1.483649 2.233988
4.211411 -30.51701 8.092255 3.715214 4.700491 3.42978 3.309828 1.624596 0.930941
2.211411 -30.51701 8.092255 2.004093 3.89773 3.892847 3.316959 -0.187191 1.236776
8.211411 -32.51701 8.092255 -0.240656 -0.546807 0.448936 0.717122 -0.090199 -0.257526
6.211411 -32.51701 8.092255 1.344498 2.108359 2.98025 5.445214 1.44636 2.880975
4.211411 -32.51701 8.092255 4.626102 6.108315 2.435076 4.148952 2.374448 4.147262
-1.788589 -16.51701 10.09225 0.152122 3.347322 5.116833 4.708801 1.082126 2.569345
8.211411 -18.51701 10.09225 1.059117 0.184605 1.819921 5.193304 2.028093 1.575053
-1.788589 -18.51701 10.09225 2.78461 5.494426 5.468586 7.565354 0.723237 -0.8294
8.211411 -20.51701 10.09225 1.166173 2.742498 0.865207 5.283834 3.581467 6.118756
6.211411 -20.51701 10.09225 6.455206 11.44944 6.197207 13.22943 5.375864 11.35324
0.211411 -20.51701 10.09225 -0.522202 -1.910624 9.20239 13.4762 1.989915 3.866689
-1.788589 -20.51701 10.09225 2.556289 3.250603 7.810231 12.82241 4.221499 5.447305
8.211411 -22.51701 10.09225 -0.418737 1.650007 1.428503 2.708451 2.760702 6.317609
6.211411 -22.51701 10.09225 -0.499818 3.705774 5.51538 10.49364 6.469487 13.27269
4.211411 -22.51701 10.09225 3.702793 10.68326 5.815746 12.07094 6.448211 15.6567
0.211411 -22.51701 10.09225 5.906785 14.28328 5.462936 2.793868 0.372409 11.97464
-7.788589 -22.51701 10.09225 -0.344979 2.537447 0.387147 4.400863 -1.268284 0.729838
6.211411 -24.51701 10.09225 -4.808344 -2.785041 2.459591 3.846437 3.029274 7.109625
4.211411 -24.51701 10.09225 -0.291024 3.133997 2.832269 6.461134 3.733231 8.345457
0.211411 -24.51701 10.09225 7.173927 11.45011 -0.892517 -11.95597 1.38727 6.374762
-3.788589 -24.51701 10.09225 0.077806 1.972169 7.276249 5.993964 3.048259 4.346251
-5.788589 -24.51701 10.09225 2.537442 3.652731 4.685181 7.162387 0.541941 1.074981
-7.788589 -24.51701 10.09225 -1.058841 -0.053166 -0.497304 3.571203 -0.5582 0.797451
6.211411 -26.51701 10.09225 -0.707759 0.967272 0.610193 3.634302 1.381426 4.9855
4.211411 -26.51701 10.09225 -2.403834 2.375591 4.568845 7.978726 3.697006 8.150294
0.211411 -26.51701 10.09225 2.46911 0.945352 0.719938 -4.980327 2.734824 2.120439
-1.788589 -26.51701 10.09225 -2.485054 -0.455839 1.4512 2.041548 1.122072 3.569336
-3.788589 -26.51701 10.09225 -2.527642 -1.308378 4.273801 3.14536 2.689425 4.013085
4.211411 -28.51701 10.09225 -0.501622 3.940038 7.296549 9.792254 4.982956 7.163633
10.21141 -30.51701 10.09225 0.823434 1.709421 1.892511 1.659335 2.862636 5.043092
4.211411 -30.51701 10.09225 3.347739 6.53429 5.87055 8.233232 4.352847 8.954499
2.211411 -30.51701 10.09225 -0.161863 2.661707 3.18395 4.892575 5.567435 11.14834
10.21141 -32.51701 10.09225 -1.479596 -1.793728 1.494405 3.596113 1.996458 4.151862
8.211411 -32.51701 10.09225 -0.931606 -1.431215 0.39159 0.257186 1.807474 4.223305
4.211411 -32.51701 10.09225 2.928131 6.21406 4.885292 7.452914 3.264024 7.531443
2.211411 -32.51701 10.09225 2.135426 5.777123 4.505485 6.278738 3.209864 6.760945
8.211411 -34.51701 10.09225 -0.839375 -5.121956 0.90854 0.237452 2.920224 3.268719
6.211411 -34.51701 10.09225 2.021679 -0.284773 4.724758 5.239829 4.435952 5.865481
4.211411 -34.51701 10.09225 2.634811 2.544677 7.78867 7.647866 3.531062 3.31996
2.211411 -34.51701 10.09225 0.995074 -0.447281 6.174456 5.076843 2.755452 1.652973
0.211411 -20.51701 12.09225 -0.424276 -2.850901 9.107125 16.5902 0.468808 0.155021
-1.788589 -20.51701 12.09225 2.581072 -3.015724 3.006703 14.55698 -2.390213 -7.06021
8.211411 -22.51701 12.09225 1.902492 2.111382 1.998677 2.633123 0.449919 1.098993
6.211411 -22.51701 12.09225 2.415235 3.713967 4.598581 10.13221 2.953218 5.709319
0.211411 -22.51701 12.09225 -1.797234 0.91663 4.012162 -1.668984 1.759605 7.359149
-1.788589 -22.51701 12.09225 -0.326773 -3.099243 7.339351 10.16122 4.175559 5.234032
-7.788589 -22.51701 12.09225 0.684917 3.046028 3.998108 5.608686 0.756372 3.205558
8.211411 -24.51701 12.09225 1.772643 0.991877 1.284604 2.31196 1.482073 2.074075
6.211411 -24.51701 12.09225 -0.071045 -1.011138 1.686282 3.358202 2.188475 4.530581
0.211411 -24.51701 12.09225 1.338573 1.889302 -2.038122 -13.87447 -2.108943 -2.541514
-3.788589 -24.51701 12.09225 0.142453 -3.324292 2.790755 3.692753 1.799235 -0.990433
-5.788589 -24.51701 12.09225 1.768429 1.311073 2.545761 4.854525 -0.004714 -0.039997
-7.788589 -24.51701 12.09225 0.992328 1.351812 1.510952 6.19954 1.048578 3.59251
10.21141 -26.51701 12.09225 0.499085 0.190883 0.583567 0.006527 2.061362 2.667815
8.211411 -26.51701 12.09225 1.096159 0.318401 -0.201001 2.580282 1.966139 3.432226
6.211411 -26.51701 12.09225 1.477422 2.335014 0.195996 1.01445 0.332828 3.026808
0.211411 -26.51701 12.09225 1.007611 -1.696152 -0.793847 -1.255956 -1.226438 -3.638347
-1.788589 -26.51701 12.09225 -0.349466 -2.593447 -1.725287 -2.633737 -0.910144 -2.062098
-3.788589 -26.51701 12.09225 -1.769093 -4.188775 1.23297 1.401162 0.259809 -1.068964
10.21141 -28.51701 12.09225 0.969281 -0.393173 -0.471716 -1.133996 1.73955 3.893233
8.211411 -28.51701 12.09225 0.83718 -0.058192 -0.588128 1.696045 0.783676 1.681366
6.211411 -28.51701 12.09225 0.503843 0.486472 0.831254 2.343198 0.523528 2.015587
4.211411 -28.51701 12.09225 -0.638489 4.213964 1.498536 1.932266 1.301275 6.706073
8.211411 -30.51701 12.09225 1.620161 0.637225 1.029062 0.090001 2.020983 4.338042
6.211411 -30.51701 12.09225 1.360161 0.17911 1.777073 1.84119 2.274815 5.888935
4.211411 -30.51701 12.09225 -0.086818 0.691688 1.767262 2.815939 1.163984 5.370056
12.21141 -32.51701 12.09225 -1.595438 -5.69569 0.012272 -0.487185 -1.98984 -4.347374
10.21141 -32.51701 12.09225 -2.304679 -4.481675 -0.019402 1.111641 -0.909148 -1.112047
6.211411 -32.51701 12.09225 1.687682 1.637294 5.168212 4.921793 4.176408 10.09208
4.211411 -32.51701 12.09225 -0.12324 2.877586 4.520892 7.368069 2.473027 9.79297
10.21141 -34.51701 12.09225 -1.341672 -7.895135 -1.422292 -2.292002 -1.177359 -3.925225
8.211411 -34.51701 12.09225 0.401075 -6.553424 0.460601 -1.364627 0.75716 -1.145332
6.211411 -34.51701 12.09225 1.373786 -2.651844 3.422362 2.75636 3.555005 4.668523
4.211411 -34.51701 12.09225 0.588288 -1.904003 7.2051 8.049789 3.696727 5.336829
8.211411 -36.51701 12.09225 -0.088979 -2.446047 -0.684329 0.029444 0.890807 1.12586
6.211411 -36.51701 12.09225 0.822534 -0.797382 2.237075 2.662806 2.686844 3.946378
4.211411 -36.51701 12.09225 3.39181 1.588006 3.080745 2.118614 3.467618 2.744677
10.21141 -22.51701 14.09225 -2.232433 -1.55194 0.142941 -1.026501 0.103965 0.924828
8.211411 -22.51701 14.09225 1.013866 2.492557 1.835177 2.28061 1.287209 3.216646
6.211411 -22.51701 14.09225 2.704103 5.616395 2.438911 3.341972 0.417965 2.697541
-1.788589 -22.51701 14.09225 2.341105 1.607315 4.474171 7.485955 8.920976 12.22876
-3.788589 -22.51701 14.09225 2.930564 3.028969 1.315604 3.214326 5.79807 8.445411
12.21141 -24.51701 14.09225 -1.936747 0.194684 0.003964 0.593221 -1.034336 0.102753
10.21141 -24.51701 14.09225 -2.497637 -2.410607 -0.230934 -0.762024 -0.0456 -0.27777
8.211411 -24.51701 14.09225 0.774656 0.731934 0.087586 1.007855 1.627722 3.565888
6.211411 -24.51701 14.09225 3.653031 4.220457 1.088595 0.482765 0.357206 2.350357
-1.788589 -24.51701 14.09225 2.90961 2.589507 3.355646 3.939327 3.558756 2.612323
-5.788589 -24.51701 14.09225 2.535584 1.71092 2.584636 1.364935 2.239214 1.556012
-7.788589 -24.51701 14.09225 2.032932 1.03656 3.638734 3.551934 1.56988 0.706481
-9.788589 -24.51701 14.09225 0.070415 1.485708 2.457492 4.278763 -0.353431 0.281909
12.21141 -26.51701 14.09225 -1.788121 -2.19718 -0.912886 -3.621972 -0.07483 -1.45962
10.21141 -26.51701 14.09225 -0.594135 -0.518422 0.611414 0.630289 2.63771 3.738543
8.211411 -26.51701 14.09225 0.675337 0.91552 3.073907 4.632162 2.9298 4.891408
6.211411 -26.51701 14.09225 3.127154 3.980417 3.757254 1.68952 0.620205 1.830958
0.211411 -26.51701 14.09225 -1.270117 -2.820778 0.722109 -0.077039 -1.225065 -3.925387
-1.788589 -26.51701 14.09225 1.422467 1.958257 2.69398 2.935741 0.90163 0.072381
-3.788589 -26.51701 14.09225 1.696555 2.359683 2.339592 4.172227 0.524704 0.956337
-5.788589 -26.51701 14.09225 1.028426 -0.139945 0.932536 0.106559 0.369696 0.141087
-9.788589 -26.51701 14.09225 -0.621874 -0.895822 1.80637 2.263801 0.948258 2.259658
-11.78859 -26.51701 14.09225 -1.34277 -1.503586 -1.007153 -1.260061 0.280694 0.286774
10.21141 -28.51701 14.09225 1.888537 1.224273 -1.384735 -3.367203 2.526805 4.140255
8.211411 -28.51701 14.09225 1.679702 2.146898 2.671741 2.838779 3.985761 6.27203
-1.788589 -28.51701 14.09225 -0.287229 -2.863629 1.435172 1.085159 1.138008 0.075723
-3.788589 -28.51701 14.09225 0.863243 -0.374854 1.016271 2.751838 0.05948 0.176519
-11.78859 -28.51701 14.09225 0.121134 -1.40055 -1.539992 -0.807706 1.503468 1.159368
8.211411 -30.51701 14.09225 3.307498 1.541699 0.153211 0.010639 2.051939 2.514542
8.211411 -32.51701 14.09225 2.497742 -0.938033 0.271548 -1.611803 0.262476 -1.857316
6.211411 -32.51701 14.09225 1.055455 -0.076742 2.375637 1.351887 0.423662 1.735619
6.211411 -34.51701 14.09225 0.697103 -1.313622 0.656879 -1.595608 0.900061 1.246705
6.211411 -36.51701 14.09225 0.032174 -1.412402 1.476155 0.846588 2.234265 2.609261
12.21141 -22.51701 16.09225 -0.773767 -0.424497 -0.483573 -0.460105 0.559888 2.029079
10.21141 -22.51701 16.09225 -1.585968 -2.434723 -2.225643 -2.820424 -0.679078 -0.648947
-3.788589 -22.51701 16.09225 4.238786 4.231378 0.555853 3.403941 3.240509 4.774176
12.21141 -24.51701 16.09225 -3.080012 -3.596365 -0.059387 -1.98279 -0.455438 -0.38844
10.21141 -24.51701 16.09225 -3.745983 -4.05178 -0.745136 -0.317889 -0.585638 0.119118
-7.788589 -24.51701 16.09225 0.70416 -0.22969 0.176646 -1.949969 1.027932 0.87194
10.21141 -26.51701 16.09225 -3.354304 -3.663854 -1.637086 0.477325 0.53805 0.908972
8.211411 -26.51701 16.09225 -3.002913 -3.424222 1.302251 2.628256 0.254738 1.036901
0.211411 -26.51701 16.09225 -2.301113 -1.792391 1.057972 0.210935 0.198597 0.690644
-1.788589 -26.51701 16.09225 1.215092 3.049417 2.342283 3.35075 -0.010829 -0.231329
-3.788589 -26.51701 16.09225 2.583041 1.547776 -0.07014 0.354054 0.56307 0.315684
-5.788589 -26.51701 16.09225 0.447046 -1.573213 -0.776395 -0.812586 0.685546 1.107433
-7.788589 -26.51701 16.09225 0.330965 -1.197912 -0.986277 -0.948913 1.875072 2.633036
-9.788589 -26.51701 16.09225 -1.383854 -1.357982 -1.153174 -0.394427 1.532644 2.47459
-11.78859 -26.51701 16.09225 -1.241027 -0.722007 -1.841948 -1.753623 0.378761 -0.478595
10.21141 -28.51701 16.09225 -0.498018 -1.592612 -1.702389 -0.0574 0.051265 0.310654
0.211411 -28.51701 16.09225 -1.016678 -1.521297 0.889049 0.147598 -0.645619 -2.681681
-1.788589 -28.51701 16.09225 0.55724 -0.498408 1.711304 2.932932 0.617044 0.013342
-3.788589 -28.51701 16.09225 0.573009 -1.811782 -2.479473 -2.205647 -0.874375 -1.156948
-5.788589 -28.51701 16.09225 -0.446121 -2.956532 -0.761032 -1.64175 -0.088759 0.265806
-7.788589 -28.51701 16.09225 -0.42201 -3.092282 0.42793 0.79698 0.896256 1.252236
-11.78859 -28.51701 16.09225 -0.122774 -2.292878 -1.513039 0.434694 1.631272 1.076716
12.21141 -22.51701 18.09225 1.767083 0.334143 1.109191 -1.82114 1.579701 -0.464632
10.21141 -22.51701 18.09225 0.527073 -1.374532 2.328015 0.488955 -0.944005 -3.31557
12.21141 -24.51701 18.09225 0.310146 -0.331009 1.944698 -1.795671 1.528345 0.146595
10.21141 -24.51701 18.09225 0.152668 -0.836393 3.625196 2.596566 0.065607 -1.687308
-9.788589 -24.51701 18.09225 0.422466 0.911169 1.238714 2.675732 -0.906087 -0.495812
-11.78859 -24.51701 18.09225 0.290667 -0.021138 1.459401 3.78637 0.024605 0.68652
10.21141 -26.51701 18.09225 0.314624 -0.531494 0.333117 0.204671 0.158632 -1.216359
-3.788589 -26.51701 18.09225 1.610937 1.803057 1.791187 3.472572 -0.785495 -0.504536
-5.788589 -26.51701 18.09225 1.755324 1.645803 1.981249 4.814422 -0.120549 1.30555
-7.788589 -26.51701 18.09225 0.202545 -0.706645 -0.236247 2.565282 1.453268 2.996937
-9.788589 -26.51701 18.09225 -2.417401 -3.971686 -2.473709 -0.996058 -0.134965 -0.717102
-11.78859 -26.51701 18.09225 -2.767188 -4.499424 -2.955134 -2.756927 -0.357772 -1.797922
-3.788589 -28.51701 18.09225 0.069702 -2.172907 -2.299472 -1.112508 -1.445614 -1.387686
-7.788589 -28.51701 18.09225 -2.747893 -5.070379 -2.110944 1.638827 -0.164644 1.50223
-9.788589 -22.51701 20.09225 1.613928 3.080982 3.402562 5.096542 -0.903543 -1.366871
-5.788589 -24.51701 20.09225 1.241678 2.573117 3.652576 6.508075 -0.632105 0.32663
-7.788589 -24.51701 20.09225 0.347126 1.858245 4.044355 6.045306 0.278466 0.965755
-9.788589 -24.51701 20.09225 2.112469 3.090737 4.209431 5.445768 -0.994463 -1.924824
-3.788589 -26.51701 20.09225 3.588045 5.420012 4.125552 6.635021 0.625892 2.360409
-5.788589 -26.51701 20.09225 2.731755 4.731192 5.395933 8.880146 -0.016098 0.772439
-7.788589 -26.51701 20.09225 0.834135 1.54739 3.546094 6.216839 0.732559 0.760375
