7.924477 -27.72536 11.80731 -1.442328 -2.845088 -0.758183 -1.039351 2.101163 0.749329
5.924477 -27.72536 11.80731 -1.116064 -0.368113 -2.131431 -1.004556 -1.334245 -1.062584
3.924477 -27.72536 11.80731 -2.142889 -0.714266 -1.573802 0.23328 -2.082928 -1.342929
1.924477 -27.72536 11.80731 -3.290703 -3.509558 -2.441782 -3.714215 -0.072872 0.739154
9.924477 -29.72536 11.80731 1.428297 0.508417 4.584264 5.687653 0.018987 -0.611465
7.924477 -29.72536 11.80731 0.313015 -0.081723 0.377305 1.58422 0.023702 -1.545601
5.924477 -29.72536 11.80731 -0.937737 -0.873891 -2.02473 -1.369699 -0.347631 1.256934
3.924477 -29.72536 11.80731 -1.213036 -1.434407 -1.080314 -0.08433 0.068248 1.638202
1.924477 -29.72536 11.80731 -0.896372 -2.141393 -0.416074 -1.270451 1.729351 1.87957
-4.075523 -29.72536 11.80731 -3.982271 -5.715474 -0.694035 -1.63725 -2.173388 -0.243019
9.924477 -31.72536 11.80731 1.520459 1.452662 1.553291 2.790964 -1.810032 -2.117461
7.924477 -31.72536 11.80731 0.172054 1.047989 -0.723418 2.046402 -3.06654 -3.503196
-2.075523 -31.72536 11.80731 -1.818123 -1.657483 0.331819 2.067171 2.449728 2.121918
-4.075523 -31.72536 11.80731 -3.020769 -5.246846 1.8053 1.410406 0.50348 -0.540344
-6.075523 -31.72536 11.80731 -2.766292 -2.700775 1.127562 3.790572 -2.837325 -1.931985
-6.075523 -33.72536 11.80731 -4.965477 -6.708181 0.196364 -0.385163 -2.331594 -5.793491
-6.075523 -35.72536 11.80731 -6.575187 -7.940651 -0.384374 -1.66637 -3.043943 -6.344601
5.924477 -25.72536 13.80731 1.173923 2.60228 0.615388 3.391029 -2.090148 -0.273652
3.924477 -25.72536 13.80731 -0.48313 3.008357 2.869876 7.925365 -3.156698 1.186935
3.924477 -27.72536 13.80731 -0.787894 1.606702 0.987339 4.467483 -2.705738 -1.582191
1.924477 -27.72536 13.80731 -0.283148 1.512061 1.781148 4.993967 -2.460638 0.796408
3.924477 -29.72536 13.80731 -0.22504 -0.62755 1.230968 2.359139 0.191663 -1.950056
1.924477 -29.72536 13.80731 0.546415 -0.77563 2.344554 2.847719 1.686469 2.189286
-6.075523 -29.72536 13.80731 -1.482676 -1.130653 -0.162853 1.721874 -1.46497 3.690012
-8.075523 -29.72536 13.80731 -0.022383 0.92085 -1.088125 1.579073 -1.420592 1.768175
-10.07552 -29.72536 13.80731 -0.761073 -0.824441 -0.501242 1.030274 -0.705555 0.246801
7.924477 -31.72536 13.80731 0.686122 0.57837 2.413126 2.684328 -1.314371 -2.443309
5.924477 -31.72536 13.80731 0.281631 -0.508237 -0.111945 -0.912718 -1.299013 -2.054693
3.924477 -31.72536 13.80731 1.213834 -0.239236 -0.045852 -0.640489 -0.008218 -2.527112
1.924477 -31.72536 13.80731 1.588159 1.073411 0.989721 1.912442 0.26383 1.197421
-8.075523 -31.72536 13.80731 -1.015651 0.825314 -1.570368 0.584461 -2.123676 -0.173717
-10.07552 -31.72536 13.80731 -1.383248 -1.27142 0.614163 0.726185 0.04155 1.40664
7.924477 -33.72536 13.80731 0.580892 0.764352 0.964962 1.586948 -0.050897 0.232689
5.924477 -33.72536 13.80731 -0.187649 -1.314201 -0.661016 -1.526924 -1.551319 -1.952449
3.924477 -33.72536 13.80731 0.537303 -0.448791 -1.887484 -3.190559 -0.870051 -2.653953
-10.07552 -33.72536 13.80731 -2.507475 -2.252264 -0.065284 -0.129645 -0.95684 -0.588808
7.924477 -35.72536 13.80731 0.18925 0.601714 0.826499 2.06382 -0.055877 0.363315
-8.075523 -35.72536 13.80731 -6.304169 -7.434515 -4.284107 -4.968299 -1.688837 -3.576263
-10.07552 -35.72536 13.80731 -3.384705 -2.832175 -0.281686 1.016753 -0.705805 -1.324273
-6.075523 -37.72536 13.80731 -5.903928 -6.095639 -4.308473 -5.36409 -4.162592 -4.47271
-8.075523 -37.72536 13.80731 -3.470103 -4.937453 -3.48642 -4.863247 0.044615 -2.431267
-4.075523 -39.72536 13.80731 -3.556857 -4.423637 -0.251157 -1.867044 -0.956263 -1.578223
-6.075523 -39.72536 13.80731 -3.353251 -4.758816 -3.207482 -5.729797 -0.333098 -2.284944
-8.075523 -39.72536 13.80731 -2.290596 -3.750453 -4.26022 -6.41858 0.703978 -1.360162
5.924477 -25.72536 15.80731 -0.131659 -0.678171 1.183715 0.422804 -0.665082 -2.169718
7.924477 -27.72536 15.80731 0.019035 2.082056 2.412281 5.594501 -3.908406 -2.469535
5.924477 -27.72536 15.80731 0.89336 2.416596 1.483397 4.007039 -1.72106 -1.86875
9.924477 -29.72536 15.80731 -2.790607 -1.785885 3.175283 5.425271 -4.010467 -1.824366
7.924477 -29.72536 15.80731 -1.879759 0.663491 0.651812 4.910962 -4.406964 -3.100343
5.924477 -29.72536 15.80731 -0.037373 2.378145 1.869099 6.95027 -1.745368 -0.611972
3.924477 -29.72536 15.80731 -0.453744 2.279037 4.441641 9.182006 -2.082297 -0.998687
-10.07552 -29.72536 15.80731 -0.221549 0.669029 0.43541 1.176515 -1.572787 -1.760628
-12.07552 -29.72536 15.80731 -0.621443 -0.366799 0.944204 0.85528 -1.740125 -1.621098
11.92448 -31.72536 15.80731 -0.996013 -2.877858 2.409614 1.196959 1.314268 2.098165
9.924477 -31.72536 15.80731 -4.845712 -5.604259 1.11881 0.235054 -3.413111 -3.051003
3.924477 -31.72536 15.80731 -0.610757 -0.354935 4.790819 5.659605 -0.154135 -1.756221
1.924477 -31.72536 15.80731 1.232529 1.940625 5.104387 6.067513 0.929469 0.376427
-10.07552 -31.72536 15.80731 -1.124626 -0.671884 1.377295 1.690905 -1.959232 -1.344589
-12.07552 -31.72536 15.80731 -1.43729 -2.068285 -2.003092 -3.583648 -2.644018 -3.324436
3.924477 -33.72536 15.80731 -2.063248 -2.766808 0.669512 -1.278211 -0.235981 -1.91145
-12.07552 -33.72536 15.80731 -2.227883 -2.301078 -2.975714 -3.835129 -2.371754 -2.290091
7.924477 -35.72536 15.80731 -0.993243 -0.648417 0.543443 2.015759 -0.197354 -0.246111
5.924477 -35.72536 15.80731 -1.129888 -0.26813 0.414561 1.549119 1.348316 2.049949
-10.07552 -35.72536 15.80731 -1.07594 -1.133305 1.343126 1.888134 -1.47198 -2.382177
-6.075523 -37.72536 15.80731 -1.247593 -1.025371 -1.630538 -2.250814 -3.47861 -3.450986
-8.075523 -37.72536 15.80731 0.220873 -0.520739 0.53662 -0.123016 -2.281892 -4.165155
-10.07552 -37.72536 15.80731 -0.255968 -0.549323 1.179673 1.419287 0.256496 -1.389375
-2.075523 -39.72536 15.80731 -0.808727 -0.608586 1.807244 3.404258 -2.648061 -2.838315
-4.075523 -39.72536 15.80731 -3.267789 -4.525268 0.63782 -1.110231 -0.683201 -1.630367
-6.075523 -39.72536 15.80731 -0.68891 -2.387909 -0.965868 -3.129465 -0.224671 -3.030196
-8.075523 -39.72536 15.80731 -0.205956 -0.257132 -2.564838 -2.833849 -2.275123 -3.961747
-6.075523 -41.72536 15.80731 -0.298685 -0.528077 -0.662741 -1.411935 -0.325643 -0.167738
9.924477 -29.72536 17.80731 0.087936 1.601261 3.694166 7.12105 -4.107263 -2.295326
7.924477 -29.72536 17.80731 -0.48986 2.817459 1.430892 6.871795 -5.179884 -4.542005
5.924477 -29.72536 17.80731 -1.288686 1.944357 1.138288 6.54583 -5.030059 -1.234615
11.92448 -31.72536 17.80731 -1.628723 -3.10141 1.190339 -0.04779 -0.28846 1.043146
9.924477 -31.72536 17.80731 -1.648604 -1.149999 0.865688 1.415166 -2.562782 -2.153143
7.924477 -31.72536 17.80731 0.939841 2.99093 1.623074 5.302752 -2.473346 -1.257476
5.924477 -31.72536 17.80731 -2.186346 0.250672 2.967882 8.456981 -6.121801 -1.575842
3.924477 -31.72536 17.80731 -4.748504 -1.403467 2.113906 7.664381 -7.594735 -4.447842
-12.07552 -31.72536 17.80731 -2.49114 -1.901275 -1.534657 -1.997523 -4.176836 -2.725147
11.92448 -33.72536 17.80731 -2.551503 -2.782696 0.594288 1.477986 0.145515 0.22914
9.924477 -33.72536 17.80731 -2.572148 -3.173097 -3.160906 -4.590181 -2.01934 -1.765807
7.924477 -33.72536 17.80731 -0.35754 -0.12399 -0.801859 0.090059 -1.275437 -0.915905
5.924477 -33.72536 17.80731 -3.805285 -3.571244 0.271365 1.480037 -3.219327 -2.234203
3.924477 -33.72536 17.80731 -5.971952 -4.955561 0.935323 2.785654 -5.010802 -3.778652
-12.07552 -33.72536 17.80731 -3.051789 -1.958211 -2.598642 -1.230922 -6.665279 -5.239929
11.92448 -35.72536 17.80731 -1.879779 -0.012279 0.873811 3.861607 -1.258025 -0.128047
9.924477 -35.72536 17.80731 -0.618542 -0.922845 -1.267053 -1.278128 -2.771909 -1.909006
3.924477 -35.72536 17.80731 -2.826935 -2.719668 0.449371 -0.492468 -0.786507 -0.186659
-10.07552 -35.72536 17.80731 -2.965247 -2.877279 0.638961 0.583667 -3.812171 -5.638462
-12.07552 -35.72536 17.80731 -1.058701 -1.245786 -1.410592 -1.553733 -2.956313 -2.503007
3.924477 -37.72536 17.80731 0.469925 -0.649957 2.414167 1.374025 -0.383545 -0.365505
-6.075523 -37.72536 17.80731 -0.799261 -0.32578 -1.488219 -1.265656 -6.329101 -5.562991
-8.075523 -37.72536 17.80731 -1.017072 -1.246319 -0.232271 -0.15046 -5.116975 -5.452252
-10.07552 -37.72536 17.80731 -0.876815 -1.604792 -0.005203 -1.229244 -1.016519 -2.712142
-4.075523 -39.72536 17.80731 -2.09215 -3.366725 0.240871 -0.553818 -0.429783 -0.338796
-6.075523 -39.72536 17.80731 -0.878674 -2.370429 -0.667775 -1.834835 -2.294905 -3.840616
-4.075523 -41.72536 17.80731 -1.395494 -2.486209 0.963904 0.410983 0.772648 0.108231
-12.07552 -31.72536 19.80731 -4.27378 -3.210343 -1.877014 -1.882057 -2.960544 -0.955677
5.924477 -33.72536 19.80731 -3.374384 -3.3191 0.289404 1.553842 -3.33049 -1.674317
3.924477 -33.72536 19.80731 -2.960525 -2.673678 0.945597 4.439332 -1.523124 -0.309009
-12.07552 -33.72536 19.80731 -3.150506 -3.245262 0.329273 0.613322 -3.396058 -4.688337
-14.07552 -33.72536 19.80731 -3.600776 -3.168691 1.065893 2.087828 -0.941883 -1.230434
11.92448 -35.72536 19.80731 -1.092638 1.478585 -0.016185 2.983943 -4.105543 -1.04292
9.924477 -35.72536 19.80731 -0.505795 0.906072 0.17323 2.282157 -4.111758 -2.145405
7.924477 -35.72536 19.80731 -2.259169 -1.909737 0.054463 1.753205 -2.078597 -0.110263
5.924477 -35.72536 19.80731 -3.768854 -4.178013 0.452181 0.184484 -0.312632 -1.007334
3.924477 -35.72536 19.80731 -2.948365 -2.377708 2.439366 4.304584 0.248713 -0.82342
1.924477 -35.72536 19.80731 -0.716153 -0.293757 3.416985 6.619167 -0.745767 1.01928
-12.07552 -35.72536 19.80731 -2.258247 -3.329965 1.986728 0.768257 0.552372 -2.331835
11.92448 -37.72536 19.80731 -1.512755 0.128148 -1.228603 -0.12223 -2.73972 -0.824194
9.924477 -37.72536 19.80731 -0.402999 1.301402 1.998891 5.099844 -2.025753 -0.955185
7.924477 -37.72536 19.80731 -0.561287 -0.271396 1.04088 2.759871 -0.348777 0.97441
5.924477 -37.72536 19.80731 -1.404939 -2.744782 2.435534 2.101267 2.150437 0.829154
3.924477 -37.72536 19.80731 -0.239688 -1.490518 3.638049 2.748951 1.174266 0.09693
1.924477 -37.72536 19.80731 1.82406 1.606532 2.405349 3.95154 -1.166918 -0.69876
-10.07552 -37.72536 19.80731 -1.144454 -1.393952 -0.147417 -0.639208 0.577329 -0.889288
-12.07552 -37.72536 19.80731 -0.966639 -1.541626 0.961834 0.021118 1.240551 -0.058652
9.924477 -39.72536 19.80731 1.457915 1.080923 4.488891 5.832066 1.552673 1.03669
7.924477 -39.72536 19.80731 2.262059 2.845333 4.491388 6.35282 -0.665157 -0.278421
5.924477 -39.72536 19.80731 1.349123 0.243676 4.672717 4.76509 -0.017449 -0.262903
-4.075523 -39.72536 19.80731 -0.489741 -0.245585 0.951584 1.759954 -0.630422 1.146463
-6.075523 -39.72536 19.80731 -2.811486 -2.17722 0.01077 2.154297 -1.372637 -0.645604
-8.075523 -39.72536 19.80731 -2.56166 -3.243716 -1.496886 -0.839486 -1.559443 -1.687163
7.924477 -41.72536 19.80731 -0.52066 -0.129992 0.854912 1.9124 -1.609626 -1.56772
5.924477 -41.72536 19.80731 -1.622091 -2.074115 1.405014 1.465472 -1.069175 -1.184173
-4.075523 -41.72536 19.80731 2.414881 1.947773 2.280559 3.141877 1.78654 3.08594
-4.075523 -43.72536 19.80731 2.073624 1.527403 2.685982 3.813159 1.730278 2.085994
-14.07552 -33.72536 21.80731 -4.762831 -3.814381 -0.06031 1.665483 -3.903569 -2.943881
3.924477 -35.72536 21.80731 -3.25828 -1.774789 1.402289 4.120361 -2.730936 -0.300979
-12.07552 -35.72536 21.80731 -1.899277 -2.994024 2.979838 1.415528 -1.122533 -2.960169
11.92448 -37.72536 21.80731 0.817356 1.179963 -0.404082 0.033514 -0.709483 0.365572
5.924477 -37.72536 21.80731 0.851004 1.429959 2.180172 2.861428 0.29856 -1.852121
3.924477 -37.72536 21.80731 1.113763 2.002988 3.270679 4.368452 -1.05921 -1.330775
-10.07552 -37.72536 21.80731 -1.317403 -1.088939 0.403958 0.859923 -0.687377 -0.524015
-12.07552 -37.72536 21.80731 -1.359667 -1.975454 1.115512 0.318905 0.648615 -0.297915
11.92448 -39.72536 21.80731 0.214187 -0.079 -1.262215 -0.831917 -1.199513 0.105309
9.924477 -39.72536 21.80731 -0.568505 0.424276 -0.24729 1.701368 -1.210054 -3.491074
3.924477 -39.72536 21.80731 2.849367 3.821592 6.838636 8.786973 0.66598 -0.343965
-4.075523 -39.72536 21.80731 0.710227 0.255366 -0.69469 -0.501758 -1.181561 0.103564
-6.075523 -39.72536 21.80731 -2.313685 -2.564898 -0.444045 0.753164 -1.290465 -2.200157
-8.075523 -39.72536 21.80731 -3.195754 -3.733931 -2.345932 -2.093496 -2.18342 -2.520683
-10.07552 -39.72536 21.80731 -1.701577 -1.764346 -1.944922 -1.836981 -0.992235 -0.334997
9.924477 -41.72536 21.80731 0.286245 1.73649 -0.181272 2.185944 -1.503006 -2.048503
7.924477 -41.72536 21.80731 -0.117209 1.327091 2.570938 4.799147 -1.84351 -1.023417
-2.075523 -41.72536 21.80731 1.425215 0.899627 -0.037291 -0.481509 0.310945 0.362287
-4.075523 -41.72536 21.80731 3.022715 2.105245 1.029841 1.244463 -0.234833 0.40009
5.924477 -43.72536 21.80731 -0.580219 1.215163 4.222534 7.511363 -1.871634 -0.660077
-4.075523 -43.72536 21.80731 3.012459 2.870055 2.635837 3.386222 0.151194 2.315027
-6.075523 -43.72536 21.80731 1.48973 2.5917 3.280428 4.965417 -1.172516 0.3737
11.92448 -37.72536 23.80731 -0.868652 -1.669225 -0.563473 -2.190928 -0.269298 -0.592016
9.924477 -37.72536 23.80731 -2.4306 -2.436417 -0.688855 -1.325021 -0.377425 -2.493672
-12.07552 -37.72536 23.80731 1.593157 0.563968 2.055785 1.35694 0.51974 -1.263301
9.924477 -39.72536 23.80731 -1.529557 -1.362756 -1.036316 -0.654392 -1.699119 -3.234773
7.924477 -39.72536 23.80731 -0.69686 0.218822 0.439835 1.327557 -2.415527 -1.952998
-10.07552 -39.72536 23.80731 -1.245248 -0.845474 0.043457 0.595142 -1.156489 1.287747
-12.07552 -39.72536 23.80731 1.694284 2.644356 1.590476 3.16915 -0.388575 1.064729
7.924477 -41.72536 23.80731 0.687862 1.0744 3.988725 5.684247 -1.076459 -0.104795
5.924477 -41.72536 23.80731 -0.193862 0.837229 3.513747 5.408196 -0.630228 -0.612883
-2.075523 -41.72536 23.80731 -1.227278 -2.040779 -0.873126 -2.302728 -0.713807 -2.346254
-4.075523 -41.72536 23.80731 0.504852 0.413552 0.676542 1.830075 -1.180712 -1.343993
-6.075523 -41.72536 23.80731 -1.101111 -0.08421 -0.079673 1.715251 -2.884712 -2.531221
-8.075523 -41.72536 23.80731 -1.776321 -1.451317 0.276459 0.033096 -2.248667 -2.672902
-10.07552 -41.72536 23.80731 -0.599766 0.065287 0.748132 1.247714 -1.242023 0.305107
5.924477 -43.72536 23.80731 1.015114 2.122469 4.672006 7.877253 1.951546 -0.010914
-2.075523 -43.72536 23.80731 0.001375 -0.312738 0.325512 0.256545 -0.092339 -1.785773
-4.075523 -43.72536 23.80731 1.963084 2.283104 3.40309 4.813855 -1.364806 -0.807884
11.92448 -37.72536 25.80731 -1.36341 -1.277558 -2.654397 -3.476939 -2.643481 -3.061219
9.924477 -37.72536 25.80731 -1.176639 -1.410212 -1.373518 -3.086572 -1.779833 -3.6665
-12.07552 -37.72536 25.80731 1.489761 0.359865 2.542318 1.447976 -0.597192 -1.762456
9.924477 -39.72536 25.80731 -1.912556 -1.876652 -1.059378 -1.08035 -2.478647 -3.199545
7.924477 -39.72536 25.80731 -0.00112 0.794487 -0.364895 0.378825 -2.72908 -1.893765
7.924477 -41.72536 25.80731 -0.467523 0.133234 4.046081 6.504286 -2.355515 -4.040093
5.924477 -41.72536 25.80731 -0.689783 -0.355149 1.305697 2.996523 -0.600918 -3.608976
-4.075523 -41.72536 25.80731 -0.861554 -1.096062 1.911224 2.311256 -1.994752 -0.331025
-12.07552 -41.72536 25.80731 0.314577 1.785425 0.36073 1.41404 -1.380657 0.393043
5.924477 -43.72536 25.80731 0.1764 0.327841 3.549061 6.210066 1.852022 -5.564173
-2.075523 -43.72536 25.80731 -0.967149 -1.760903 0.355062 -1.255974 -2.889375 -0.693694
-4.075523 -43.72536 25.80731 -0.196302 -0.368631 2.228224 2.294303 -2.755433 0.161876
-6.075523 -43.72536 25.80731 0.176611 0.389928 1.344738 1.358811 -2.47424 0.221027
-8.075523 -43.72536 25.80731 1.543267 2.361611 1.650881 2.629108 -1.289342 1.154088
-10.07552 -43.72536 25.80731 -1.67470e-05 1.079242 0.320801 1.537809 -1.268779 -0.539108
-2.075523 -45.72536 25.80731 -2.337741 -3.281783 -0.96882 -2.883561 -1.445914 2.235193
11.92448 -39.72536 27.80731 -1.478243 -0.814273 -1.522757 -1.033131 -0.584419 0.226827
9.924477 -39.72536 27.80731 -1.814598 -1.838896 -1.160046 -1.389943 0.280102 -4.520856
9.924477 -41.72536 27.80731 -2.707975 -1.990159 0.980067 2.920628 -0.007955 -1.929423
7.924477 -41.72536 27.80731 -3.617465 -3.477092 1.530755 3.078677 -0.667727 -4.397441
9.924477 -43.72536 27.80731 -0.106746 -0.556724 3.583422 4.336609 0.620313 -0.280641
7.924477 -43.72536 27.80731 -1.184506 -2.517584 4.617168 4.866505 0.104315 -3.889434
5.924477 -43.72536 27.80731 -2.838815 -3.648313 2.736979 3.341334 -0.895958 -5.321697
7.924477 -45.72536 27.80731 0.37161 -1.424019 3.210896 1.615804 -0.094366 -2.474948
-2.075523 -45.72536 27.80731 -0.656436 -2.158485 1.423849 0.4786 3.067767 4.082782
-4.075523 -45.72536 27.80731 0.308344 -0.890553 2.545412 2.486283 2.330954 2.890465
-6.075523 -45.72536 27.80731 -0.271581 -1.149838 0.837681 0.427915 -0.538907 -0.113182
-8.075523 -45.72536 27.80731 -0.402984 -0.85699 -0.452593 -0.645283 -0.279856 -1.035073
-4.075523 -47.72536 27.80731 -0.240605 -1.814907 0.004798 -0.850613 1.045167 -1.879891
-6.075523 -47.72536 27.80731 -0.303572 -1.132406 -0.731196 -1.294572 -0.962245 -3.299428
11.92448 -39.72536 29.80731 -0.625849 -0.288038 -0.412243 -0.520172 0.343132 1.467893
11.92448 -41.72536 29.80731 -0.377793 0.247709 0.099285 0.199919 -0.370697 -0.38396
9.924477 -41.72536 29.80731 -1.445209 -1.341543 0.444475 0.659681 -1.102644 -3.057891
9.924477 -43.72536 29.80731 -0.658329 -1.448358 1.459448 1.184578 -0.549962 -1.360395
9.924477 -45.72536 29.80731 -0.234127 -0.498612 0.460769 0.18214 -2.182404 -0.138458
7.924477 -45.72536 29.80731 -0.267988 -0.949476 2.582751 1.609832 -2.849357 -1.783136
-10.07552 -45.72536 29.80731 -0.516973 -0.068253 0.325028 1.357 -1.99212 0.402185
-8.075523 -47.72536 29.80731 -1.77643 -1.641389 -2.658068 -4.348965 -3.840196 0.383615
