7.5 -17 -1 1.65202 -0.214994 1.034468 1.591706 0.625466 0.26446
5.5 -17 -1 0.029707 -0.803707 1.461587 1.664773 2.30308 2.165081
7.5 -19 -1 0.56491 -1.417819 1.321997 -0.674428 1.483122 0.631209
7.5 -21 -1 3.466767 -1.853015 4.95616 1.783509 0.338676 -2.972936
7.5 -7 1 -4.568763 -4.157785 1.870206 4.187823 2.319656 2.80057
3.5 -7 1 7.205729 5.547045 2.446644 0.464261 4.701862 2.088965
1.5 -7 1 6.298634 2.240553 1.265931 -2.991061 5.638252 3.452259
7.5 -9 1 1.744979 -3.077669 0.856179 -0.872551 6.608109 5.377345
5.5 -9 1 5.610843 0.127907 3.080624 0.520937 4.0596 2.197762
3.5 -9 1 9.995723 4.686766 4.816816 4.553075 5.366143 2.757037
1.5 -9 1 9.129385 2.981878 2.962594 1.929717 7.50929 4.612279
7.5 -11 1 9.152581 2.978141 1.691459 -2.756736 7.37379 3.651873
5.5 -11 1 7.855514 1.496042 5.607563 3.018256 6.872884 3.164377
1.5 -11 1 5.0531 -0.110065 1.080523 -1.552988 3.893922 2.206252
5.5 -13 1 5.104808 2.619117 4.758244 4.987469 4.617666 2.012943
5.5 -15 1 5.337768 3.755783 3.361443 2.489078 0.418346 -0.181583
5.5 -17 1 3.795721 1.963478 4.630343 3.566907 1.792192 1.109388
7.5 -19 1 4.320376 3.274673 5.760923 8.372643 1.952746 1.112233
5.5 -19 1 2.423467 1.450058 5.037304 4.213451 3.898446 2.593713
7.5 -21 1 3.128753 0.49231 5.856898 5.962501 -0.430679 -3.345209
5.5 -21 1 1.67462 1.226275 1.320312 0.589887 -0.262569 -2.519201
7.5 -23 1 2.798122 0.568376 3.820966 3.001559 -0.655626 -4.420036
7.5 -7 3 1.175586 4.477619 3.786615 13.10542 -0.383811 -0.963804
1.5 -7 3 2.432358 0.683149 -3.982962 -11.5906 -1.988901 -5.391477
-0.5 -7 3 -4.650904 -3.729609 -2.603487 -4.047831 -0.635763 -2.786815
7.5 -9 3 2.752555 2.31575 3.379265 10.34193 3.443041 2.193408
5.5 -9 3 -0.228847 -2.288984 0.68545 4.24131 -0.065489 -2.29441
1.5 -9 3 8.101269 2.692339 -0.858243 -6.450828 4.398992 0.021837
-0.5 -9 3 1.859235 -0.877154 -1.789204 -3.242634 1.160593 -1.987262
7.5 -11 3 8.376776 5.017659 4.064137 7.471287 5.071368 0.936827
1.5 -11 3 4.96515 0.265777 -0.213515 -3.507779 2.253613 -0.984406
-0.5 -11 3 3.330926 -0.15423 -0.184166 -1.404285 -0.921426 -3.342861
7.5 -13 3 8.08902 2.762314 1.630761 -2.451488 4.001808 -1.011754
5.5 -13 3 1.252752 -1.827299 2.953261 3.995389 4.013259 1.750298
1.5 -13 3 -2.160778 -2.089152 -2.191166 -2.633905 -1.007306 -1.146007
-0.5 -13 3 1.332583 0.462799 0.234884 2.748701 -1.528423 -1.720611
5.5 -15 3 2.816754 1.722631 2.082344 1.132263 0.270828 1.090524
1.5 -15 3 -2.320764 2.019713 -3.210049 2.180739 -2.588049 0.79518
-0.5 -15 3 0.084789 2.738326 -0.821125 6.891921 0.278687 1.964511
5.5 -17 3 -1.505023 -0.565142 1.468163 2.067973 -3.645178 -1.999359
1.5 -17 3 0.545395 5.040132 -3.952855 1.515441 -0.199008 3.873695
-0.5 -17 3 -2.650877 2.14098 -3.447729 3.5567 0.815227 3.224083
5.5 -19 3 0.354695 1.483244 -1.771195 -1.934301 0.368929 0.957982
5.5 -21 3 2.655627 3.256707 -4.149158 -4.439176 1.296137 1.17288
9.5 -23 3 2.681259 1.296146 2.815483 3.308164 3.672247 2.52625
7.5 -23 3 0.709805 -0.997482 2.682053 2.87026 0.887354 -0.905557
5.5 -23 3 1.442761 1.22516 -2.185112 -1.042794 1.216887 0.451889
9.5 -25 3 0.704516 0.993929 1.77017 2.874396 3.558537 3.070002
7.5 -25 3 -0.154772 1.733647 1.507563 6.183372 -0.759794 -0.77192
5.5 -25 3 1.180241 3.18531 -0.358846 3.662783 -0.17661 0.059901
7.5 -27 3 1.249367 3.573007 2.655191 8.549522 0.953832 0.808775
5.5 -27 3 2.672061 5.783044 1.671158 8.134876 -0.950129 -0.70978
5.5 -29 3 3.723391 2.631583 2.575255 5.505661 0.356057 -1.185404
1.5 -5 5 -9.82961 -9.937621 -3.461149 -6.06223 -6.271744 -6.516776
9.5 -7 5 -6.738566 -3.53008 1.697897 1.439029 -0.471887 -0.832576
7.5 -7 5 -1.172804 2.084479 -0.481911 2.979138 1.182879 1.417472
1.5 -7 5 -4.936034 -5.628297 -3.944487 -9.052911 -1.239141 -2.709922
-0.5 -7 5 -6.10664 -5.247171 0.081033 -2.197757 1.367417 -0.352008
9.5 -9 5 -3.45033 -2.28076 5.131776 6.258444 0.921724 -0.038991
7.5 -9 5 -0.316084 1.573183 2.885862 7.392364 2.124936 1.983013
1.5 -9 5 7.58739 4.47853 0.170024 -0.487985 7.664542 5.661403
-0.5 -9 5 -3.112466 -4.882318 0.494312 0.636069 2.856641 2.136144
9.5 -11 5 -0.254867 0.198244 5.204875 10.84377 1.244423 1.270101
7.5 -11 5 1.690109 2.787472 4.916998 10.05145 1.798141 1.325864
1.5 -11 5 9.530743 5.09562 4.107613 7.798003 5.740656 2.471642
-0.5 -11 5 -1.007317 -5.204518 2.444271 2.040146 -0.315429 -0.840525
7.5 -13 5 1.879882 -0.700221 2.286668 3.175717 0.314167 -1.448616
5.5 -13 5 -4.272104 -6.614284 0.943577 4.700245 2.090051 3.295646
-0.5 -13 5 2.689575 1.733444 2.589096 5.039884 -1.028665 -1.752729
-2.5 -13 5 0.310999 -0.785645 0.10407 2.82698 -2.046453 -1.87117
7.5 -15 5 3.758297 -2.048368 1.548064 1.613483 2.14313 -0.145615
5.5 -15 5 -1.447271 -2.788849 1.86531 4.625142 1.14895 3.749376
-0.5 -15 5 6.292385 8.961521 2.606854 10.35225 1.299464 1.658285
-2.5 -15 5 -2.20633 0.983787 -2.96511 1.576437 -2.852966 -1.815114
7.5 -17 5 4.137886 -0.939334 -0.16311 -1.429386 -0.020712 -1.250132
5.5 -17 5 -5.927893 -4.831898 0.763459 3.884615 -4.646649 -1.93312
-0.5 -17 5 7.491597 9.441192 2.836553 10.34146 2.757043 4.267721
-2.5 -17 5 -4.532717 -0.847317 -3.44831 0.040335 -3.624906 -1.467162
7.5 -19 5 3.087871 0.309575 -2.733404 -5.363066 -1.108209 -0.278932
5.5 -19 5 -6.135403 -5.611269 -1.85967 -1.137087 -2.344707 -0.838076
1.5 -19 5 4.432787 0.445716 0.249914 1.057629 4.26299 3.985495
-0.5 -19 5 6.087722 4.443867 1.129426 2.345694 3.991112 4.338008
-2.5 -19 5 -2.416642 -0.718713 -1.74478 -0.717606 -2.499336 -1.289952
7.5 -21 5 4.49718 1.986283 -0.191761 -0.770485 0.491193 1.350364
5.5 -21 5 -1.490158 -2.10691 -2.608142 -2.578753 0.296298 1.709663
1.5 -21 5 1.320449 -3.488623 -1.697229 -5.668175 5.08493 3.951005
-0.5 -21 5 -0.596775 -3.681102 -1.854483 -5.505289 2.722486 1.599323
5.5 -23 5 1.287412 -1.304955 -2.345834 -3.238073 1.950593 2.368269
1.5 -23 5 0.736558 -3.761533 -2.733903 -6.268261 0.447571 0.769503
-0.5 -23 5 -2.043201 -3.899271 -3.22855 -3.814769 -0.989074 -0.821471
9.5 -25 5 5.209175 2.081644 2.018281 1.401913 -0.265288 -0.997974
7.5 -25 5 5.496227 3.371694 3.665936 7.766775 1.671757 1.549479
5.5 -25 5 4.599149 1.396825 -2.237794 -3.894183 2.770897 2.848332
9.5 -27 5 3.086073 1.540976 1.062766 1.007612 -1.434437 -2.644362
7.5 -27 5 6.55017 5.565893 3.835885 7.99174 1.416675 0.073752
5.5 -27 5 7.291137 6.29005 -0.645478 -0.026089 2.143298 1.878747
3.5 -27 5 7.60843 5.214321 0.297781 -1.241024 0.233801 -0.291819
9.5 -29 5 1.226119 2.006115 1.198316 0.647014 0.341148 -0.351771
7.5 -29 5 6.680926 4.928591 2.638531 2.511119 2.139049 0.149144
5.5 -29 5 7.017952 4.555837 1.041986 -0.179873 1.076264 -0.104443
3.5 -29 5 2.866462 1.284353 2.691771 3.466814 1.820619 1.099856
5.5 -31 5 6.07111 1.37634 3.116507 0.098324 0.484117 -0.843978
3.5 -31 5 -1.170773 -1.548489 3.076579 4.134896 -0.826055 -0.500959
5.5 -33 5 6.779847 4.519477 4.687837 5.823295 1.521686 0.451778
7.5 -35 5 0.580664 0.382587 3.648849 6.928255 -0.218848 -0.331141
7.5 -7 7 -6.174059 -2.235715 1.07168 3.794056 -0.058264 1.894127
-0.5 -11 7 -2.239348 -2.662127 -1.734958 -3.700784 -1.61634 -1.178174
-0.5 -17 7 1.27935 3.328325 3.265395 9.473924 1.148755 3.045427
-2.5 -17 7 -3.425236 0.868227 -3.344805 -0.404287 -2.180801 0.162914
9.5 -19 7 6.169511 3.710333 -0.793878 0.085039 -0.083775 -0.767544
7.5 -19 7 4.472752 2.685579 -2.889837 -4.230431 -0.080493 -0.594701
-0.5 -19 7 2.845027 0.767421 4.736387 9.326688 1.666476 1.868413
-2.5 -19 7 -2.763877 -1.714926 0.151562 1.871181 -2.281389 -0.322036
7.5 -21 7 5.717668 4.136037 -2.042325 -2.557234 0.535584 0.882426
5.5 -21 7 0.837335 -0.130456 3.130157 4.339675 0.677086 0.186254
-0.5 -21 7 -0.71296 -4.559812 2.969174 3.256883 1.523739 -0.318467
-2.5 -21 7 -3.876842 -4.416718 1.599889 0.853807 -1.704626 -1.891662
7.5 -23 7 7.360582 3.989269 1.089755 0.404003 2.561128 2.103821
5.5 -23 7 2.742034 -0.87203 2.103897 1.309631 1.905829 0.430183
-0.5 -23 7 -3.86703 -6.146105 0.871801 0.680953 -1.675007 -3.018008
-2.5 -23 7 -4.9723 -5.816887 0.472654 -2.275996 -2.227681 -2.994649
9.5 -25 7 5.561314 3.092579 3.254929 4.383629 0.486618 1.121845
5.5 -25 7 3.737275 -1.654451 0.193854 -2.590766 2.558864 1.845485
3.5 -25 7 -0.56155 -2.239404 -2.190417 -6.994532 -4.306896 -4.102431
-0.5 -25 7 -0.614386 -0.782679 -0.591524 0.885081 -1.717735 -1.158052
9.5 -27 7 4.671753 1.465246 2.16803 1.356039 0.407384 -0.540635
5.5 -27 7 6.094699 2.018268 -1.482593 -4.624297 1.871016 1.970652
3.5 -27 7 6.068536 2.25988 -2.349571 -8.182209 -0.726575 -1.013541
1.5 -27 7 5.958854 2.572855 -1.68086 -4.613845 -0.939801 -1.814677
-0.5 -27 7 1.497791 2.450041 -0.538081 2.080739 0.144689 2.225554
9.5 -29 7 2.648947 0.429459 3.172404 4.499957 0.758397 0.470959
7.5 -29 7 6.853753 5.035269 0.940693 1.047509 0.113639 0.522879
5.5 -29 7 6.251788 2.507582 -2.224716 -7.840233 0.180773 -0.217633
3.5 -29 7 3.608787 -0.841676 -1.966676 -8.50451 2.348547 2.00798
1.5 -29 7 3.704803 1.129523 -0.517725 -2.918239 0.19683 0.172003
-0.5 -29 7 2.889191 3.338128 0.163158 1.835361 -0.004979 1.727204
7.5 -31 7 5.526684 4.959674 -0.605499 0.309808 -1.43045 -0.518156
5.5 -31 7 3.767292 1.150403 -0.857923 -6.01038 -1.501451 -1.419315
3.5 -31 7 -0.81569 -3.842316 -1.037073 -5.511087 -0.370552 0.700632
-0.5 -31 7 3.690271 3.066766 -0.509267 -2.005681 0.215948 0.224576
7.5 -33 7 5.764234 4.584894 1.832199 3.43555 0.756999 0.91064
5.5 -33 7 4.949313 4.170292 2.121311 2.553158 0.243697 1.108545
-0.5 -33 7 2.234687 0.573477 -0.494728 -3.05928 0.459371 0.354537
-2.5 -33 7 3.002404 -1.207919 0.154877 -5.411484 2.581655 2.194973
7.5 -35 7 -0.768755 -1.055637 1.52295 2.443638 0.584398 0.557976
5.5 -35 7 -0.30955 -0.096909 2.002715 2.930324 0.260844 1.571942
-0.5 -35 7 1.895898 2.044177 -0.866694 -1.360064 0.307105 0.707163
5.5 -37 7 -0.911045 -1.134635 1.60102 2.734804 0.740424 0.918494
5.5 -39 7 4.339638 1.413762 1.932697 2.981087 1.904026 0.286284
7.5 -19 9 1.962533 0.129653 -0.456936 -2.781749 -0.040888 -2.263397
5.5 -19 9 -3.669561 -1.581031 3.480042 6.828617 2.278136 1.790835
-0.5 -19 9 -6.787823 -6.458447 -0.208794 2.125478 -1.816889 -1.629715
9.5 -21 9 2.290229 0.668034 -1.004622 0.83584 -3.922055 -3.00439
7.5 -21 9 1.379946 2.104933 -1.336936 -1.208396 -0.998761 -1.386895
5.5 -21 9 -0.310001 0.932444 4.002718 5.761115 1.714736 0.199049
-0.5 -21 9 -4.390112 -6.541153 1.682855 2.624523 0.263817 -0.996544
-2.5 -21 9 -7.508171 -8.07445 0.892001 0.646284 -1.4938 -2.498907
9.5 -23 9 0.481901 1.118062 -0.965426 1.509161 -2.963318 -1.116197
7.5 -23 9 2.099279 3.173677 0.247998 1.90008 -0.068024 0.860087
5.5 -23 9 1.051154 -0.858066 4.230644 4.473561 2.71826 1.384815
-0.5 -23 9 -4.772778 -5.673027 0.365729 1.633508 -0.505683 -0.7747
-2.5 -23 9 -7.74157 -7.269456 0.123711 1.332021 -0.652842 -0.713068
9.5 -25 9 1.438701 3.064896 0.603059 3.646815 -0.34177 1.89745
7.5 -25 9 2.49226 3.485602 2.6757 5.789996 2.601691 4.38184
5.5 -25 9 -0.037698 -2.646315 2.69493 2.682395 2.928561 3.183108
-0.5 -25 9 -0.709592 -0.72439 -2.133077 -1.663475 -1.096202 -0.382547
-2.5 -25 9 -6.805607 -5.618714 -1.94028 -0.012716 -0.718418 1.368971
7.5 -27 9 4.069516 4.225811 1.274956 2.243113 1.426781 2.904766
5.5 -27 9 0.793738 -0.424277 -0.073719 -0.136972 1.584928 2.793192
1.5 -27 9 4.726322 0.623007 -0.616985 -2.751331 1.304391 -0.009299
-0.5 -27 9 1.062954 1.347096 -3.069857 -3.860266 -1.068014 0.058859
7.5 -29 9 7.611712 4.287668 1.130206 -0.358188 -0.393528 0.440188
5.5 -29 9 4.390914 0.756371 -1.122649 -5.475479 1.050226 0.658125
3.5 -29 9 3.787484 -0.528054 -0.843872 -5.759457 2.751674 1.890454
1.5 -29 9 3.436894 -0.614266 -0.328975 -3.471125 2.072391 1.005277
-0.5 -29 9 2.604472 1.368702 0.841457 0.781796 0.14583 -0.062756
5.5 -31 9 3.73162 -0.480104 -1.698713 -8.449975 -0.638511 -1.269804
3.5 -31 9 -0.276252 -2.841627 -3.097752 -8.775863 -3.036235 -2.63483
1.5 -31 9 -0.148595 -1.729423 -1.294019 -4.029858 -0.941949 -0.924109
-0.5 -31 9 4.886578 1.304579 3.081305 1.37159 1.860367 -0.397066
5.5 -33 9 4.860425 0.936798 -0.796385 -5.077114 0.678509 0.938561
3.5 -33 9 1.349356 -0.62071 -2.372135 -6.889667 -1.578822 -0.313416
-0.5 -33 9 3.808172 -0.503217 2.242142 -1.410809 1.229236 -0.188807
5.5 -35 9 3.452502 -0.105701 1.141835 -1.327195 2.444023 2.354213
-0.5 -35 9 4.428678 2.505723 1.649741 0.607664 1.875644 1.887819
5.5 -37 9 2.291582 -1.044994 2.60021 2.901006 1.820023 2.003351
7.5 -39 9 0.972762 -0.270335 2.992447 5.314241 -0.29558 -0.653197
5.5 -39 9 4.635147 1.801036 4.901782 9.341006 1.113763 1.523477
7.5 -41 9 -4.329991 -3.963247 4.173707 5.203257 -1.82267 -2.190746
5.5 -41 9 1.124656 -0.938676 5.224566 7.397972 -0.59486 -0.497301
-4.5 -17 11 1.617616 -0.831425 2.720804 1.130716 3.871437 4.179699
9.5 -19 11 5.306972 0.588647 1.191773 0.104111 0.195006 -0.846355
7.5 -19 11 3.978737 1.21766 0.386584 -4.042206 0.09307 -1.704107
-2.5 -19 11 -1.910014 -5.106775 -0.351706 -5.641526 1.312228 -0.385722
-4.5 -19 11 -3.525691 -3.774203 0.203384 -0.583032 0.965953 2.010888
-6.5 -19 11 0.060875 -0.233754 2.015481 1.875359 0.483854 1.447866
7.5 -21 11 2.979028 3.250906 -0.322349 -0.425205 -0.943042 -1.829394
5.5 -21 11 1.02945 4.117454 4.822569 9.297991 0.671516 -0.590672
-2.5 -21 11 -0.163826 -2.644517 -0.469567 -3.957493 2.336705 0.477451
-4.5 -21 11 -6.040299 -3.429721 -1.476896 -0.277145 -0.04024 0.931154
9.5 -23 11 1.768564 1.133036 -3.014674 -2.126985 -2.453036 -0.926157
7.5 -23 11 3.507838 4.926666 -0.400014 1.945131 -1.01956 -0.901462
5.5 -23 11 -0.017804 1.991904 5.806778 12.10439 1.094798 0.459026
-0.5 -23 11 -0.509859 -0.4983 0.892192 2.734162 1.59319 2.405266
-2.5 -23 11 -1.702433 -1.238873 -0.363093 1.055704 2.672384 2.317517
9.5 -25 11 0.401302 1.679567 -0.091101 3.560972 -1.164699 1.444409
7.5 -25 11 1.774385 4.886332 2.869558 9.935466 1.875475 3.162386
5.5 -25 11 -2.254888 0.51165 4.582344 11.77867 2.573893 2.953421
3.5 -25 11 -4.019014 -3.091681 2.962807 6.670345 -0.515811 -0.475246
-0.5 -25 11 -0.009469 -0.108705 -1.979998 -1.762191 2.067157 2.813029
9.5 -27 11 0.768645 3.520204 1.778332 6.525113 0.48159 1.599312
-0.5 -27 11 0.231006 -1.639407 -2.616233 -5.113611 0.742633 0.088995
-2.5 -27 11 -7.070951 -4.035629 -4.093153 -0.674457 -0.44768 2.070006
9.5 -29 11 3.647864 3.184903 3.40164 5.676156 2.178176 1.80588
7.5 -29 11 0.868261 1.898116 1.719745 6.085608 0.644405 1.174433
5.5 -29 11 0.227119 0.189687 1.232626 3.958152 2.65081 2.175156
1.5 -29 11 0.91978 -1.282919 1.497394 1.930521 1.528799 0.113332
-0.5 -29 11 1.14506 -1.70524 3.179224 3.185144 1.443211 -0.081298
-2.5 -29 11 -1.379992 -1.107298 0.143921 2.693044 1.231416 2.834675
-4.5 -29 11 -2.241752 -1.24481 -0.461565 2.329316 -0.424938 1.742127
7.5 -31 11 5.405256 2.400251 1.148622 1.692948 0.97323 0.505722
5.5 -31 11 0.329424 -1.560062 -1.364636 -3.131782 -1.022465 -2.061953
-0.5 -31 11 2.843041 1.001136 3.898038 5.405334 0.241703 -0.61231
-2.5 -31 11 2.090126 1.947248 2.367042 5.135192 1.095047 1.939672
5.5 -33 11 3.037374 -1.607037 -0.482202 -3.890786 0.237103 -0.391823
-0.5 -33 11 5.673015 3.264112 1.444615 2.546752 1.060806 0.678628
7.5 -35 11 5.454757 0.929675 -0.060357 -3.444007 3.658936 2.643876
5.5 -35 11 7.678824 2.735137 1.634449 0.319937 2.97882 1.805318
-0.5 -35 11 7.901857 4.516522 1.5341 3.227438 3.679588 3.33256
-2.5 -35 11 5.087994 3.596305 3.092584 7.221658 2.833691 2.946112
-4.5 -35 11 2.178436 -1.431846 2.060395 1.146777 4.135512 2.443501
7.5 -37 11 2.107107 -2.315198 -1.886964 -6.496861 2.211301 1.806002
5.5 -37 11 4.593731 0.198763 0.948309 -0.363765 3.028784 2.579066
-0.5 -37 11 4.074564 3.239808 -1.028296 1.173288 1.771829 2.725858
-2.5 -37 11 3.748358 2.344737 -0.125042 1.430734 2.12372 1.88758
-4.5 -37 11 -1.575183 -1.285973 -1.942902 -1.556216 0.681329 1.229323
5.5 -39 11 -0.509504 -2.486835 1.82799 4.358821 -0.952974 0.926553
3.5 -39 11 4.869663 1.202467 0.601008 2.483408 0.685687 1.483287
7.5 -41 11 -6.477286 -5.60731 2.314889 3.030252 -4.616724 -4.072419
5.5 -41 11 -3.593163 -6.045963 2.916291 1.417851 -2.514689 -1.972305
-4.5 -17 13 2.826514 3.019705 2.177544 3.89862 1.8403 1.417533
11.5 -19 13 4.961219 1.884986 0.881726 2.109842 0.336074 -0.057904
9.5 -19 13 7.187485 3.928797 0.959731 -0.988586 2.761151 1.7793
7.5 -19 13 3.132374 0.490354 0.142512 -1.844627 0.54823 -0.260928
-2.5 -19 13 0.960033 0.345048 0.34651 -0.471018 0.842521 -0.0249
-4.5 -19 13 2.76669 1.832073 0.201817 -0.292881 1.681202 1.408359
-6.5 -19 13 0.339698 0.91719 1.397759 2.256226 1.07745 1.211566
11.5 -21 13 11.1554 4.421081 3.769066 2.523868 0.144495 -2.512372
9.5 -21 13 8.29608 6.455751 2.917439 2.854416 2.46396 1.0059
7.5 -21 13 1.155086 1.094301 1.414311 0.187097 1.575235 0.721274
1.5 -21 13 2.546144 1.8921 3.577739 7.513083 -3.935465 -5.821457
-0.5 -21 13 6.29563 2.116591 3.952163 4.499824 -0.685664 -2.741588
-2.5 -21 13 3.198177 1.427895 -0.798447 -4.58844 2.873688 1.476656
-6.5 -21 13 0.616256 1.89502 1.797766 5.166585 2.843258 2.696306
9.5 -23 13 4.359516 2.451977 1.239444 -1.079845 -0.236446 -1.47527
7.5 -23 13 1.034194 1.172181 1.541494 1.659449 1.658475 0.77807
5.5 -23 13 2.002098 0.9034 4.965243 5.968958 1.275095 -0.377934
-0.5 -23 13 1.948407 -0.492231 2.086735 1.917467 0.471255 0.538112
-2.5 -23 13 0.591799 -0.962375 0.110998 -1.291816 3.181785 2.692407
-4.5 -23 13 -1.601416 0.423684 -0.838477 2.107874 2.657592 3.764021
-6.5 -23 13 -1.700995 0.808588 1.206269 4.67163 2.6236 3.103678
3.5 -25 13 -2.006837 -2.033378 2.857176 2.317302 1.726003 1.527902
-0.5 -25 13 -2.226105 -3.863301 -0.215844 -2.279225 1.79014 2.344908
-2.5 -25 13 -5.302156 -4.469558 -0.005858 2.763206 0.505081 1.268403
-4.5 -25 13 -7.646289 -4.708324 -0.213228 4.308152 0.310297 2.673964
9.5 -27 13 6.376484 0.822062 2.929592 1.825913 1.236751 -1.373783
7.5 -27 13 -0.714298 -1.041313 5.700047 10.17321 1.251668 1.527973
5.5 -27 13 0.285748 2.624623 6.601762 13.05093 6.729249 7.818281
3.5 -27 13 -2.047052 0.224771 3.306393 6.271866 1.880119 3.459582
-0.5 -27 13 -4.986858 -6.29945 -1.624324 -4.485276 0.384392 0.030143
-2.5 -27 13 -6.403103 -4.128299 -1.127723 2.269865 0.220411 1.331694
9.5 -29 13 6.942754 1.317225 2.175894 0.376461 3.37705 1.180207
7.5 -29 13 3.262536 -0.068737 3.496331 3.971728 4.274428 3.731863
5.5 -29 13 2.2628 1.343295 4.431416 7.084405 7.023588 6.852528
-2.5 -29 13 -1.404694 -0.974553 1.637055 3.509657 4.081672 4.364812
-4.5 -29 13 -3.631812 -1.194514 -0.635335 2.620237 1.590947 3.100231
9.5 -31 13 8.375167 3.423201 2.036449 1.487249 4.76125 2.845417
7.5 -31 13 7.53475 2.560027 1.48251 0.60484 5.324732 3.716628
5.5 -31 13 2.439481 -0.482681 1.52691 1.405505 2.829695 1.335191
-0.5 -31 13 -0.182145 -0.905913 2.38521 5.501467 -0.632741 -1.044791
-2.5 -31 13 -0.259076 -0.5972 1.917597 4.014296 0.840573 1.054483
-4.5 -31 13 -0.419638 0.559645 0.15478 2.095623 0.778215 1.163527
5.5 -33 13 5.727015 1.005148 2.789849 4.343154 2.107394 0.146269
-0.5 -33 13 2.66141 1.317822 2.568198 5.882982 -0.766094 -1.316791
-2.5 -33 13 4.000287 1.83182 2.709482 3.89682 -0.122788 -0.929826
7.5 -35 13 5.774634 0.848246 -0.413188 -2.682933 2.202723 0.284589
5.5 -35 13 11.79084 5.633666 3.595285 5.005119 2.603017 0.182474
3.5 -35 13 8.531394 3.138839 2.676428 3.209349 0.83498 -1.754439
-0.5 -35 13 4.389572 2.934467 1.756535 4.705246 3.14408 1.448221
-2.5 -35 13 3.121206 3.14353 2.359424 6.0602 2.301337 1.19942
-4.5 -35 13 1.914589 1.020017 0.195886 -1.093932 1.663763 0.154632
7.5 -37 13 2.593759 0.28758 -7.458488 -11.90706 3.659716 4.904438
5.5 -37 13 9.478992 4.489047 -2.3865 -4.024804 5.423757 4.901626
-0.5 -37 13 1.148416 -0.127605 -1.668386 -0.710223 3.062153 2.805052
-2.5 -37 13 1.362452 0.963594 -0.683451 1.390467 2.817326 1.69729
7.5 -39 13 -1.13525 0.386399 -5.067222 -3.544842 1.387114 5.259363
5.5 -39 13 2.498025 0.472231 -2.45687 -3.093255 2.06311 3.357276
-0.5 -39 13 2.57234 0.182415 -0.661146 -0.968548 1.896117 1.865921
-2.5 -39 13 0.175288 -0.367952 -1.202 -1.538523 1.268603 1.063796
-4.5 -39 13 0.323332 0.836282 -2.124059 -1.774271 0.921815 1.925816
7.5 -41 13 0.809268 0.869534 -0.862905 -0.125047 0.183528 1.420022
5.5 -41 13 1.791133 -1.247882 1.256759 -0.267387 1.7497 1.123987
-2.5 -41 13 -1.919374 -2.57858 0.188983 0.19074 -0.774601 -0.523236
-4.5 -41 13 -0.618997 -1.110675 -0.533802 -2.146215 0.012978 -0.121294
5.5 -43 13 1.01956 -1.792181 1.466775 0.755812 1.016707 -0.495414
-2.5 -15 15 3.876599 2.594322 1.760986 2.193295 0.126155 -0.715612
-4.5 -15 15 -0.876337 -0.341352 1.039996 1.958242 -0.486189 -0.755976
-6.5 -15 15 -4.232574 -5.208485 -1.397849 -3.724207 -3.3501 -2.253915
-2.5 -17 15 5.011117 5.733644 2.199907 6.096302 0.247979 -0.180265
13.5 -19 15 -2.680998 -0.758837 -1.53005 -0.256156 -0.71131 0.594161
11.5 -19 15 -3.928183 -1.874661 -2.059134 -1.343752 -3.213253 -2.596122
1.5 -19 15 3.545565 -2.312777 3.338874 3.166581 -1.926066 -5.233932
-6.5 -19 15 -1.258449 -2.170966 0.67814 -1.476055 -0.282447 -0.971375
13.5 -21 15 -1.176571 -0.486957 0.203276 2.476499 -1.609335 -0.69464
11.5 -21 15 1.632778 0.554088 1.130034 1.342115 -0.250774 -0.828374
1.5 -21 15 5.621782 0.221198 9.277001 16.03348 1.042802 -2.6754
-0.5 -21 15 5.311423 -1.250092 8.321742 13.85203 1.325941 -2.744908
-2.5 -21 15 2.724972 2.95683 0.431506 -0.482812 1.263335 1.302943
-4.5 -21 15 -0.067861 1.426513 -1.000368 -0.728051 0.129996 0.675336
-6.5 -21 15 -1.212859 -1.796076 0.498097 1.113639 -1.1821 -1.701705
-8.5 -21 15 -3.017469 -1.992451 -1.818931 -1.739536 -3.415659 -2.300411
11.5 -23 15 1.29787 -1.827556 2.829554 1.335505 0.317906 0.490708
-2.5 -23 15 0.51053 0.273054 0.705022 0.235522 0.478183 1.474441
-4.5 -23 15 -2.813466 -1.556009 -1.931657 -0.83257 0.2271 1.405276
-8.5 -23 15 -1.460699 -1.254185 0.628491 1.52252 -1.436711 -1.563444
11.5 -25 15 -0.472845 -3.696964 4.334452 1.301771 -0.461813 -1.433074
9.5 -25 15 0.449968 -2.67668 4.163056 -0.037563 0.552668 -0.882635
7.5 -25 15 0.478333 -0.274029 3.398216 3.050415 1.118351 1.503031
5.5 -25 15 1.816527 1.764523 2.809519 2.874103 0.593864 1.040074
3.5 -25 15 0.692164 1.562445 1.579094 0.707077 1.124715 1.855911
-2.5 -25 15 -2.396912 -1.938027 1.709003 3.509579 -2.268876 -1.144789
-4.5 -25 15 -6.601756 -4.95865 -1.347175 -1.796772 -0.95493 0.249644
-6.5 -25 15 -3.26559 -3.202438 -0.389905 -1.866751 -1.081391 -0.958267
-8.5 -25 15 -0.854101 -2.235172 1.842062 0.804804 -0.534611 -1.168818
5.5 -27 15 4.854486 3.553082 4.656773 5.048712 3.84022 4.146129
3.5 -27 15 0.727473 2.453592 1.666949 3.238224 1.266221 3.333346
-0.5 -27 15 -1.54209 -1.015726 1.958857 3.450602 0.586414 1.085751
-2.5 -27 15 -3.51528 -4.299127 0.195542 0.293539 0.133181 0.307604
-4.5 -27 15 -5.762202 -4.994136 -1.181336 -3.626434 0.571091 0.737106
9.5 -29 15 6.501246 0.054104 -0.137339 -6.883502 2.210044 -0.200478
7.5 -29 15 5.668829 0.111555 0.2515 -6.954586 4.234459 3.518773
5.5 -29 15 4.185399 2.986062 1.832825 0.054635 4.82371 5.548436
3.5 -29 15 1.155697 2.023628 -0.832756 -2.208272 3.170743 4.854791
-0.5 -29 15 -2.485242 -2.436739 1.330248 1.955515 1.704049 1.607365
-2.5 -29 15 -1.359623 -3.748878 0.454256 -0.716663 3.000753 1.797432
-4.5 -29 15 -3.242234 -3.880631 -0.117301 -1.486616 1.600434 1.434985
9.5 -31 15 8.783224 3.310252 -1.337131 -9.114294 5.333672 4.156028
7.5 -31 15 10.511 4.387473 -2.192604 -11.79088 8.276549 7.322183
5.5 -31 15 4.716175 2.848899 1.158621 -0.141012 2.34705 1.972422
-4.5 -31 15 -2.225961 -2.868338 -0.175953 -0.062696 0.768504 0.04905
7.5 -33 15 9.33387 3.189677 -1.309967 -9.124649 9.150053 8.083217
5.5 -33 15 6.038402 1.820763 3.071406 4.125149 2.893191 1.557386
-0.5 -33 15 0.887164 1.137923 4.11446 8.009216 0.261982 -0.283349
-2.5 -33 15 2.452359 1.523965 4.028402 5.839196 0.354119 -1.158523
-4.5 -33 15 1.688406 2.072803 1.474886 2.637074 0.89103 -0.186459
5.5 -35 15 8.208733 2.960123 2.752474 3.144881 1.419621 -0.248342
3.5 -35 15 4.275478 -1.618521 4.800226 4.516591 -0.614507 -2.667012
1.5 -35 15 2.369536 -0.624095 3.618894 4.578758 -1.008367 -2.943929
-0.5 -35 15 5.965598 4.723682 3.609696 5.923594 2.156982 -0.068091
-2.5 -35 15 4.411918 4.476844 3.396075 6.351589 0.482263 -1.212052
9.5 -37 15 3.196186 -0.75831 -1.317564 -5.768407 0.993038 -1.229791
7.5 -37 15 6.521715 2.918662 -3.068315 -7.056543 1.459975 0.099206
5.5 -37 15 8.644816 3.173747 -0.147052 -2.366251 3.389467 1.813271
3.5 -37 15 9.223701 2.566895 4.170025 3.643472 3.532196 0.475606
-0.5 -37 15 6.474341 5.20131 4.132908 7.313396 3.324793 1.569219
9.5 -39 15 2.079684 1.18012 -2.407311 -3.438679 1.287874 2.098432
7.5 -39 15 4.453286 3.052413 -1.27094 -0.426716 1.803498 2.745678
5.5 -39 15 4.162778 0.673353 0.037589 -0.568991 2.161805 1.681266
-0.5 -39 15 2.474309 2.667981 3.742898 7.075052 0.906699 0.679356
9.5 -41 15 3.068039 1.746555 -0.077842 -2.05957 0.339811 0.009037
7.5 -41 15 4.19613 1.567605 0.776836 0.403394 2.091264 1.713196
-0.5 -41 15 0.956486 0.998901 -0.64404 -0.762894 1.877032 1.965632
-2.5 -41 15 2.077634 -0.574707 1.305748 -2.81462 2.00837 0.810615
-4.5 -41 15 1.817601 -0.755205 0.862709 -2.723008 1.7507 0.540057
-2.5 -43 15 2.248636 0.551029 -0.461523 -4.125843 0.691546 0.290489
-4.5 -43 15 2.762979 0.586798 -0.437078 -2.100302 0.989111 0.15083
-2.5 -15 17 -0.218221 -4.187892 -1.489009 -3.184157 0.873945 -1.279384
-6.5 -15 17 -3.569496 -5.72577 -0.344781 -1.906107 -0.833532 -1.306717
-8.5 -15 17 -6.56036 -7.783228 -1.732712 -4.283669 -3.081976 -2.532918
-2.5 -17 17 6.091338 2.325452 0.877028 0.056731 2.609432 0.77924
-4.5 -17 17 2.060295 -0.158296 1.028961 0.186138 1.408118 0.016476
-6.5 -17 17 -1.654733 -3.529403 1.338046 -1.272896 0.666357 -0.081464
13.5 -19 17 0.473831 0.063135 -2.215643 -4.744339 -1.116723 -1.124561
11.5 -19 17 -8.297423 -5.388791 -3.10265 -4.054599 -4.03664 -3.445012
-0.5 -19 17 1.44832 -1.388934 -0.685788 -3.608908 -6.313649 -7.301844
-2.5 -19 17 2.945668 1.940032 -1.730423 -1.892183 -0.614463 -0.295614
13.5 -21 17 -3.019362 -0.900728 -0.835796 0.320568 -3.079805 -1.747342
11.5 -21 17 -5.517908 -2.960217 0.343672 2.122718 -1.878929 -1.377832
-0.5 -21 17 2.40944 -0.382017 3.584852 9.357488 -2.713656 -3.987581
-2.5 -21 17 -0.435127 2.233725 -1.161237 1.96289 -1.356167 0.076564
-6.5 -21 17 -4.381906 -2.03633 -1.766775 1.122154 -2.190196 -0.618982
-8.5 -21 17 -3.251236 -2.464051 -2.771083 -0.446178 -3.26965 -2.018203
13.5 -23 17 -5.87882 -1.104764 -0.92331 2.421183 -2.993784 0.358638
11.5 -23 17 -3.799294 -2.40516 1.984721 4.935102 -0.149493 1.619748
-0.5 -23 17 4.904976 6.651361 8.956924 23.08839 -0.513986 0.479966
-2.5 -23 17 0.033481 2.652733 1.144465 4.979546 -1.468349 0.119662
-4.5 -23 17 -4.424699 -2.325126 -2.411432 -1.031765 -0.966723 0.725823
-6.5 -23 17 -4.821205 -1.532017 -2.114225 1.76902 -3.052837 -0.389892
-8.5 -23 17 -2.720033 -1.43928 -0.576053 4.132146 -3.152716 -2.10408
-10.5 -23 17 0.779486 0.528997 0.855622 3.965486 0.483095 0.456426
13.5 -25 17 -0.422253 0.579409 2.01177 3.410767 -0.786577 0.748966
11.5 -25 17 0.780837 0.180706 4.847624 5.941868 0.325325 0.596968
-2.5 -25 17 0.360363 3.771562 2.732197 6.37254 -2.46791 -0.794806
-4.5 -25 17 -1.695176 -0.31101 -0.245589 0.188705 1.034991 2.265194
-8.5 -25 17 -1.760759 -1.471 0.988788 4.700736 -1.992212 -1.552278
11.5 -27 17 8.732336 5.519699 5.715924 7.741872 2.717069 1.291691
9.5 -27 17 3.973409 1.867873 2.436398 1.783581 0.698468 -0.707456
7.5 -27 17 0.960847 -0.475889 2.091237 2.484974 -1.010394 0.316189
5.5 -27 17 2.122983 1.68946 1.898649 4.204322 0.093524 1.438787
-0.5 -27 17 -1.996039 1.402634 2.732722 7.78451 -2.4073 0.699792
-2.5 -27 17 -3.653003 -3.06883 0.006222 0.998235 -1.244025 0.134158
-4.5 -27 17 -2.254791 -2.103287 -0.450825 -1.940226 0.993408 1.466744
-6.5 -27 17 -2.500408 -1.418478 -0.027933 -0.03072 -0.429647 -0.009224
5.5 -29 17 4.918237 6.085666 1.857319 5.138375 0.146577 2.510687
3.5 -29 17 1.997458 2.231983 1.315265 3.495668 1.915244 3.551154
-0.5 -29 17 -1.749173 -0.976071 2.252318 5.593575 -0.548542 1.051052
-2.5 -29 17 -1.232412 -3.06667 1.153379 1.121574 1.710983 1.386117
7.5 -31 17 10.80648 7.460127 0.494442 -1.468202 3.347753 4.583
5.5 -31 17 8.767956 7.427004 4.361932 7.710764 0.36282 1.504078
3.5 -31 17 6.358505 2.882794 4.544836 3.492162 1.092322 -0.069321
-2.5 -31 17 0.659101 0.093113 2.456225 2.327061 1.653327 1.206644
-4.5 -31 17 1.312432 0.260133 1.237002 0.187438 -0.411232 -1.297837
9.5 -33 17 9.877338 4.773091 -0.283959 -8.71909 7.076994 6.669758
7.5 -33 17 9.330446 4.821471 0.699548 -3.466662 8.705805 9.317719
-0.5 -33 17 2.758531 0.984137 7.073674 8.740938 4.112971 2.50589
-2.5 -33 17 3.305928 1.100782 6.240864 4.097099 3.351825 1.638677
-4.5 -33 17 3.10332 1.746034 4.109365 3.497582 1.098341 0.025619
5.5 -35 17 0.10094 -1.988488 2.634389 5.337459 3.770094 2.872864
-0.5 -35 17 4.985207 2.816581 7.306334 9.214787 4.165742 2.145576
-2.5 -35 17 2.24245 0.66814 6.325406 5.835332 1.932794 0.957017
-4.5 -35 17 2.261056 1.652942 4.655724 4.194396 0.045324 -0.771347
5.5 -37 17 2.851685 0.191824 4.345629 4.948004 2.93795 0.99204
3.5 -37 17 5.496094 -0.123738 6.96695 7.337379 1.905343 -1.64257
-0.5 -37 17 5.709539 4.004221 6.614755 9.992912 3.124178 1.73187
-2.5 -37 17 1.522062 0.968883 5.223249 7.887267 0.808055 0.582475
9.5 -39 17 -0.074429 0.167974 4.05371 5.943977 0.608113 -0.033394
7.5 -39 17 3.880319 3.641682 3.773973 6.492788 1.644504 1.432272
5.5 -39 17 2.33732 0.922708 4.588087 6.777223 0.933939 -0.294459
3.5 -39 17 3.128659 0.795622 5.481148 7.189335 1.007854 -0.838585
-0.5 -39 17 -0.684353 -0.474211 3.753812 6.736392 -1.308974 -1.489928
-4.5 -39 17 -1.511182 -0.749568 0.421263 1.808537 -0.75413 0.06138
7.5 -41 17 3.443352 2.359351 1.984846 3.113924 2.274127 1.924366
5.5 -41 17 2.344851 0.931735 -0.187796 0.085264 0.85373 0.681131
3.5 -41 17 4.186865 2.156407 0.841042 1.146968 1.017904 0.13404
-0.5 -41 17 -0.797755 -1.373425 -0.638669 -0.412324 -1.438045 -1.732121
-2.5 -41 17 -2.651552 -2.484573 -0.151281 -1.024588 -1.201442 -1.024875
-4.5 -41 17 -2.711538 -2.115299 0.971431 1.829669 -0.287258 0.292801
5.5 -43 17 2.886394 -0.308309 0.278969 -1.120847 1.501427 0.644923
-0.5 -43 17 -0.227121 -1.04327 -2.342137 -4.260662 -1.074693 -1.333469
-2.5 -43 17 0.745352 -0.1341 -0.483006 -2.145026 0.537788 -0.102891
-6.5 -15 19 -0.713603 -3.183609 1.216593 1.823734 0.677749 -0.472389
-8.5 -15 19 -4.085177 -4.654624 0.198002 -0.310436 0.594171 1.022523
-4.5 -17 19 4.423558 -0.486681 1.61259 0.800455 0.518011 -1.5032
-6.5 -17 19 4.062418 0.776812 3.373884 5.342151 2.186405 -0.147811
-8.5 -17 19 0.432045 -0.568089 1.704177 3.106259 3.186913 3.299568
-2.5 -19 19 4.194283 0.572882 0.549491 -2.0692 -0.624559 -2.362772
-4.5 -19 19 5.096405 3.042039 2.204977 1.565607 1.514863 -0.073168
-6.5 -19 19 4.627658 4.320059 2.611146 6.125884 3.479874 2.119335
13.5 -21 19 -0.893547 -1.034969 -2.586783 -3.784359 -2.098384 -1.536118
-0.5 -21 19 0.417422 0.217145 1.741905 2.63861 -0.495473 -2.026465
-2.5 -21 19 -1.106688 -0.886679 0.007163 -1.610376 -0.582381 -1.643311
13.5 -23 19 -1.727361 0.329523 -1.216816 -0.186234 -1.74439 -0.260617
11.5 -23 19 -0.85343 0.341136 2.034923 3.740919 2.421106 2.780529
-0.5 -23 19 -0.719782 3.784688 3.958026 10.70047 1.661037 3.220714
-2.5 -23 19 -2.409836 0.440221 -0.294088 -0.782714 1.011835 2.108119
-6.5 -23 19 -5.787589 -1.846463 -1.531278 2.538026 -0.261158 2.106364
-8.5 -23 19 -4.843574 -1.580717 -1.441988 3.085847 -2.009849 -0.099254
-10.5 -23 19 -1.995434 -0.409928 -0.518044 1.905961 0.782625 2.17964
13.5 -25 19 -1.897237 -1.794562 -0.868981 -0.90326 -1.773847 -0.660448
-0.5 -25 19 0.470462 5.389006 3.92302 9.20038 1.026302 4.17222
-2.5 -25 19 -2.429232 2.378924 1.51236 3.890603 1.447188 4.026508
-4.5 -25 19 -4.271761 -0.109014 -0.834736 2.167514 1.721732 4.625321
-6.5 -25 19 -6.750159 -3.900209 -2.134348 -0.41256 -1.954924 0.44306
-10.5 -25 19 -2.700201 -0.520694 -0.999182 1.868381 0.614471 2.181701
11.5 -27 19 0.837484 0.765328 1.179165 2.020915 1.67211 1.379946
-4.5 -27 19 -4.961639 -2.630276 -1.667048 -0.917901 -1.27839 1.183072
-6.5 -27 19 -6.037671 -2.884165 -3.226928 -2.738176 -5.307068 -3.471552
-8.5 -27 19 -6.910978 -3.746501 -1.097723 1.598877 -6.971565 -5.596927
9.5 -29 19 -2.047067 -0.495347 -1.470187 -0.476124 0.508252 0.065301
7.5 -29 19 1.221002 2.754572 -0.386614 2.555035 -1.030101 0.496516
5.5 -29 19 5.335132 5.53793 2.968009 8.383695 -1.59001 0.326536
3.5 -29 19 6.498789 3.577266 5.260643 10.65953 0.079839 -0.463537
-0.5 -29 19 -5.173526 -0.727088 0.026669 5.783367 -3.486136 -0.133241
-2.5 -29 19 -2.309941 -0.300519 0.969093 4.991915 -2.935333 -0.681059
-4.5 -29 19 -0.595403 -0.256851 1.688086 2.346817 -2.369394 -1.549758
-6.5 -29 19 -3.127743 0.858136 0.911934 4.760985 -4.038435 -3.3571
3.5 -31 19 15.30888 8.109971 8.690049 11.49393 0.263797 -1.887336
-0.5 -31 19 -0.093115 -0.688794 3.597331 6.425636 -0.531604 0.914821
7.5 -33 19 9.294819 7.336333 4.161921 7.501242 5.594307 5.615442
5.5 -33 19 6.82874 4.70602 5.009781 7.905332 5.560983 5.923067
3.5 -33 19 11.74069 7.143186 7.527433 8.425856 5.041104 3.623724
-0.5 -33 19 5.470808 3.679919 5.169548 5.703494 1.099025 0.680555
-2.5 -33 19 6.324907 3.85042 6.688612 3.779227 3.433357 1.401018
7.5 -35 19 1.838216 2.828602 1.408661 3.640069 6.54952 8.024325
5.5 -35 19 1.664721 0.959303 3.095718 5.385414 6.901936 7.321085
-0.5 -35 19 5.821444 2.57131 6.407919 5.562238 -0.817497 -2.364398
-2.5 -35 19 3.356688 -0.703899 6.834422 3.400343 -1.385102 -3.716142
5.5 -37 19 1.770438 0.618791 4.673066 5.476954 5.399314 4.984921
3.5 -37 19 7.836619 3.612249 6.954606 8.500916 4.217515 2.223737
-0.5 -37 19 5.356907 2.000061 5.762199 6.911759 0.693886 -0.158955
-2.5 -37 19 1.924484 -0.554253 3.278917 3.286396 -2.390705 -2.623773
7.5 -39 19 1.816233 1.837618 2.402874 2.760197 1.140962 2.283942
3.5 -39 19 6.850081 2.750914 7.188232 10.03793 4.173484 2.919011
-0.5 -39 19 4.068686 1.630054 5.130785 7.266311 2.829303 2.309006
7.5 -41 19 3.815383 2.523306 2.572877 3.368993 1.457717 1.668659
5.5 -41 19 1.797592 2.137115 0.426505 2.060112 2.053517 2.851905
3.5 -41 19 3.043561 2.736416 2.251742 5.013745 2.007693 2.431689
-0.5 -41 19 2.697449 0.537391 3.675976 4.380807 2.014569 0.951049
-2.5 -41 19 -0.116776 -0.071508 3.262094 3.780132 1.090816 1.291546
-4.5 -41 19 -0.063913 1.890853 2.786127 5.406384 0.846789 1.337613
5.5 -43 19 3.928322 0.472753 2.533451 2.076391 0.75387 -0.815019
-2.5 -43 19 -1.957647 -2.576166 0.597133 -0.94883 0.011214 -0.569811
-8.5 -15 21 -4.261294 -2.605351 0.838338 3.422657 0.310833 1.984395
-8.5 -17 21 -0.464474 -1.514343 2.099772 3.910594 2.143739 2.302263
-2.5 -19 21 1.48095 -1.07113 -0.311601 -1.821178 -0.366085 -1.416993
-4.5 -19 21 1.747335 -0.830758 1.412295 -0.855321 0.838029 -1.001254
-6.5 -19 21 -1.295463 -2.846941 2.188987 2.282652 1.451009 0.142451
-0.5 -21 21 -1.073011 -0.911918 2.540631 5.931081 -0.339743 -1.003928
-2.5 -21 21 -3.522763 -2.617056 0.195153 -0.81276 -0.36609 -0.561264
-8.5 -21 21 -0.764038 -1.227258 0.195849 0.030771 -0.393198 -0.01591
13.5 -23 21 -2.701809 -2.318156 -1.854448 -4.047748 -1.683541 -1.659578
-0.5 -23 21 -4.430873 -2.477237 1.735255 4.44707 1.496755 1.864717
-4.5 -23 21 -3.651676 -0.570438 -2.102084 -2.417607 1.430736 3.94704
-6.5 -23 21 -2.622726 0.966307 -0.111783 3.914485 1.499959 4.262494
-8.5 -23 21 -0.823123 0.071757 1.650393 4.39445 0.409801 1.824036
-10.5 -23 21 -1.807021 -2.209874 1.703005 2.409185 0.273564 1.281227
13.5 -25 21 -4.202854 -3.83178 -3.634255 -7.020706 -2.544723 -2.230463
11.5 -25 21 -4.178425 -2.711052 -0.918811 -0.609308 -0.083667 0.550811
-0.5 -25 21 -3.289357 -0.895393 0.630247 1.713446 0.733079 2.745009
-2.5 -25 21 -3.037717 -1.04938 -0.173472 -0.413038 1.975227 4.414243
-4.5 -25 21 -3.649362 -1.549419 -0.480316 -0.130008 3.343132 5.77732
-8.5 -25 21 -1.388023 1.41014 0.710779 4.237824 1.080031 2.277906
-10.5 -25 21 -1.564846 -1.440297 0.621388 1.087952 1.406299 1.479502
13.5 -27 21 -6.762385 -5.244714 -3.399435 -6.027746 -5.365204 -4.158915
11.5 -27 21 -6.353294 -4.719725 -4.529596 -6.707178 -1.793788 -0.430523
-6.5 -27 21 -1.422086 -0.841151 -3.822215 -6.294565 -2.151325 -1.195728
-8.5 -27 21 -1.606554 0.09158 -1.431975 -0.682482 -2.606271 -1.932839
9.5 -29 21 -4.162143 -4.238059 -4.904331 -7.052361 0.858613 1.263665
7.5 -29 21 -1.864205 -1.104617 -2.098122 -0.425576 -1.003704 0.618098
5.5 -29 21 1.917012 1.243277 2.923241 7.928954 -2.187072 -0.842708
3.5 -29 21 1.33051 -0.911432 3.96539 7.186167 -1.386311 -1.556123
-2.5 -29 21 -5.241652 -3.384233 -0.863952 0.967648 -5.337534 -3.085566
-4.5 -29 21 -3.347158 -3.287628 -1.610427 -2.692661 -4.358719 -3.553257
-6.5 -29 21 -0.242014 0.168983 -1.453336 -1.63578 -3.509238 -3.591306
-8.5 -29 21 -1.905887 0.542214 -0.919044 1.738408 -3.325893 -2.239727
5.5 -31 21 7.350168 3.647971 5.882192 10.28534 -2.088455 -2.396119
3.5 -31 21 8.70267 2.26231 8.456085 11.37502 -1.680047 -2.255723
-0.5 -31 21 1.206101 -0.083793 2.840556 6.140419 -4.927291 -3.373122
-2.5 -31 21 -0.471501 1.67945 2.994173 6.711603 -3.439421 -1.983811
-4.5 -31 21 -1.043583 0.700188 1.283771 2.626827 -2.663516 -2.70604
-6.5 -31 21 1.941072 2.256889 0.171804 1.570598 -0.882345 -1.611134
5.5 -33 21 6.637857 5.133865 6.367318 11.41762 3.098744 2.994956
3.5 -33 21 7.236938 2.768078 9.694082 13.16593 0.342324 1.266493
-0.5 -33 21 5.568738 2.223007 5.179426 10.23051 -4.134634 -2.780691
-2.5 -33 21 2.744477 2.067185 4.537427 6.339033 -1.098968 -1.783551
-4.5 -33 21 -1.514703 -0.586645 1.92885 4.444787 -1.042972 -1.315273
5.5 -35 21 1.002881 1.031765 4.04234 6.454088 2.704683 3.248104
3.5 -35 21 3.273823 -0.575919 6.764612 8.062688 -0.553529 -0.985695
-0.5 -35 21 5.544919 1.555662 6.713587 10.49434 -4.966951 -5.551601
-2.5 -35 21 2.672455 -0.437582 4.234064 3.780641 -3.810447 -6.070633
7.5 -37 21 -1.322113 -0.59552 1.852444 -0.993335 1.555706 2.127593
5.5 -37 21 1.203122 1.100358 3.121806 2.151464 3.135885 2.843973
3.5 -37 21 6.69012 3.25394 4.366461 3.862111 2.5038 0.841527
-0.5 -37 21 5.040291 1.614657 8.085935 12.78306 -4.254207 -5.13942
7.5 -39 21 -0.406429 0.719406 0.805323 -0.902372 0.533329 1.774567
5.5 -39 21 3.609301 3.072507 2.756322 3.022726 2.178529 2.838933
3.5 -39 21 8.384714 4.964119 6.597188 7.507965 3.973267 3.464111
-0.5 -39 21 4.542481 2.91143 6.393037 9.579959 0.573778 0.187364
7.5 -41 21 2.672126 0.13295 1.846857 -0.23118 1.831227 1.81884
5.5 -41 21 2.310314 1.453183 1.737634 1.036826 1.686578 2.221283
3.5 -41 21 2.772995 2.647276 4.048074 5.835916 2.560101 3.322652
-0.5 -41 21 1.23963 -0.752808 3.031654 0.914296 1.768156 0.964035
-2.5 -41 21 1.523799 -0.493805 2.03599 0.062899 0.869186 0.31759
-4.5 -41 21 1.516721 0.836576 1.486622 0.21702 0.137593 -0.025069
-2.5 -43 21 -1.37802 -3.789579 -0.283084 -5.043765 -1.29507 -2.674498
-6.5 -17 23 0.569135 -0.278187 2.108224 5.01296 0.591987 -0.229344
-8.5 -17 23 -0.114458 -2.35472 1.472376 0.93305 1.818766 1.030648
-4.5 -19 23 -5.125763 -4.010094 -2.567921 -2.612171 0.473966 0.644621
-6.5 -19 23 -6.849907 -6.419054 -0.870495 -2.613943 0.203415 -0.363333
-0.5 -21 23 -1.103733 -3.221124 3.124659 4.343192 0.793759 -0.828251
-2.5 -21 23 -1.223007 -0.62211 2.956436 4.721974 1.777382 0.833272
13.5 -23 23 0.362077 -0.237579 -0.040174 -2.801365 -0.658452 -1.126343
1.5 -23 23 -3.435993 -7.640413 -4.527527 -13.74692 -0.770953 -4.08358
-0.5 -23 23 -3.417276 -6.037817 2.271259 0.595995 1.699837 -0.833293
-4.5 -23 23 -3.908859 -5.798476 -2.705394 -9.428082 1.232458 0.831253
-6.5 -23 23 -3.002208 -2.854907 -2.648558 -4.259246 0.338254 1.140001
-8.5 -23 23 -0.690463 -0.013472 -1.177365 -0.204582 -1.065445 0.555662
-10.5 -23 23 -1.743922 -0.623036 -0.421447 0.092392 -1.771238 -0.617522
13.5 -25 23 0.507375 -1.046219 -1.309105 -4.663815 0.126982 -0.456297
11.5 -25 23 -3.197441 -1.754145 -1.733293 -0.622803 0.361029 0.665788
-0.5 -25 23 -2.333833 -3.545144 0.786102 -1.187411 -0.94146 -1.526014
-2.5 -25 23 -2.778107 -4.77324 -0.916005 -5.081775 0.153389 -0.478566
-4.5 -25 23 -3.629959 -5.857872 -1.255742 -6.349665 3.461942 2.238332
-6.5 -25 23 -4.937663 -4.945091 -1.670264 -3.83817 1.785656 1.633324
-8.5 -25 23 -2.758133 -2.320635 -1.014917 0.020803 1.471988 1.957547
13.5 -27 23 -5.216778 -4.794207 -3.384696 -6.498061 -3.970061 -2.764405
11.5 -27 23 -5.876315 -6.064725 -5.864411 -9.99909 -2.064162 -1.447282
9.5 -27 23 -0.513452 0.91531 -0.912667 0.883511 0.933862 0.692992
5.5 -27 23 8.183799 2.983421 7.243005 9.35987 2.781671 1.789752
-4.5 -27 23 -5.322999 -6.038363 -3.413769 -7.476931 1.154788 0.241672
-6.5 -27 23 -5.613946 -6.841749 -3.745806 -8.064354 -2.105695 -2.550673
9.5 -29 23 -0.329071 -1.201211 -2.547591 -3.804366 1.853362 1.059324
7.5 -29 23 1.361668 0.855824 -0.09005 1.638586 1.587245 1.644799
5.5 -29 23 5.87167 3.100157 2.951 5.819997 1.256309 1.138728
-2.5 -29 23 -2.939507 -2.230239 0.186971 1.207847 -3.850358 -3.243927
-4.5 -29 23 -2.725588 -2.612497 -1.817804 -2.181176 -4.07317 -3.777999
-6.5 -29 23 -1.019452 -3.353792 -2.017775 -5.5075 -3.879191 -4.844972
5.5 -31 23 8.022098 4.313913 3.641692 6.9954 1.535111 0.659177
3.5 -31 23 6.41844 3.674309 4.226359 4.310753 1.282749 -0.210369
-2.5 -31 23 -0.49655 1.773917 0.52869 1.649511 -3.945612 -3.326772
-4.5 -31 23 0.839515 1.301121 -0.440035 -3.077639 -2.162684 -2.996456
3.5 -33 23 7.497339 3.583438 5.040775 6.427615 1.548556 1.107259
-2.5 -33 23 0.969605 0.766831 -1.029499 -3.962739 -1.049999 -2.034874
-4.5 -33 23 0.599689 -1.118416 -1.980137 -8.086626 0.756064 -1.202439
5.5 -35 23 0.640479 -0.575935 3.22645 5.387687 0.383733 0.99842
3.5 -35 23 5.935596 0.971959 5.699278 7.711416 -1.715 -2.527222
-0.5 -35 23 2.932919 1.138657 2.930078 6.867155 -2.767569 -2.029889
-2.5 -35 23 1.820542 -0.012209 -0.4363 -3.247989 -0.72415 -2.500328
7.5 -37 23 -2.394249 -2.543998 1.364578 -0.056871 0.120815 1.345634
3.5 -37 23 6.434804 1.504102 5.021921 5.206939 -0.931842 -2.954159
-0.5 -37 23 2.876126 2.685948 5.739592 12.93525 -3.355453 -2.445655
-2.5 -37 23 2.329008 2.849047 1.127173 1.502753 -0.900948 -1.360012
7.5 -39 23 -1.375283 0.490584 2.400702 3.785637 1.301389 2.595617
5.5 -39 23 1.343669 1.432516 3.798368 7.169373 0.99454 1.038802
3.5 -39 23 5.963276 2.701694 5.810222 8.704069 0.350257 -0.426596
-0.5 -39 23 2.240413 1.840046 5.699535 11.10127 -1.5738 -1.004243
-2.5 -39 23 0.340727 0.791378 1.42667 1.965775 -0.597437 -0.167439
7.5 -41 23 2.628042 3.049928 2.221352 2.514441 1.298188 0.515604
5.5 -41 23 2.807823 2.208455 3.891836 5.131901 -0.350874 -1.322565
3.5 -41 23 5.446647 2.806408 6.140775 9.163017 0.078627 -0.827299
-0.5 -41 23 -0.594253 -1.556039 1.762939 0.632075 0.12703 -0.505345
-2.5 -41 23 0.364534 -1.066888 1.713166 0.021259 0.557075 -0.327273
-6.5 -17 25 -3.306031 -3.776995 -0.121507 -2.420696 0.317788 0.059835
-8.5 -17 25 -4.512898 -6.614615 -3.151422 -8.842335 -2.436736 -3.610841
-4.5 -19 25 -8.442365 -6.703819 -1.385845 -1.084352 0.547775 1.147087
-6.5 -19 25 -7.438799 -5.847085 -3.129404 -5.017079 -0.787087 -0.986036
-0.5 -21 25 -1.693535 -1.503543 -2.962627 -1.636453 3.611143 3.563705
-2.5 -21 25 0.344883 -0.335573 -0.071532 -2.2565 3.233935 2.170411
-4.5 -21 25 -4.001309 -4.8916 -2.10709 -6.116449 0.245634 0.094149
13.5 -23 25 3.457907 2.623527 2.201478 3.033308 2.22745 1.492509
-0.5 -23 25 -2.700671 -4.715835 -6.644641 -8.845156 3.995274 3.288273
-4.5 -23 25 -4.239794 -6.205413 -5.606513 -13.20733 -1.762745 -2.011269
-6.5 -23 25 -4.240548 -3.65623 -5.072842 -7.607957 -0.811506 0.391704
-8.5 -23 25 -1.194135 -0.053337 -1.80388 -1.296242 1.219706 2.388189
-10.5 -23 25 -2.632056 -1.824889 -0.850133 -1.419437 1.425497 2.312774
13.5 -25 25 3.617054 -0.384128 2.751216 3.483687 2.163046 1.142035
11.5 -25 25 1.524757 -0.639419 0.619663 1.936269 1.475513 1.362546
-0.5 -25 25 -2.085881 -3.565766 -2.902814 -5.860923 0.74745 0.278327
-2.5 -25 25 -2.479265 -4.762753 -1.934382 -5.580163 -0.679078 -2.414062
-4.5 -25 25 -1.726646 -3.330042 -2.190299 -4.311602 1.039961 0.016206
-8.5 -25 25 -2.162293 -2.30218 -1.393724 -0.132537 2.015726 1.721065
-10.5 -25 25 -1.062311 -2.164827 -2.003229 -2.420958 1.748212 1.299306
13.5 -27 25 -4.77039 -6.173873 -1.490134 -0.954098 -3.135692 -1.181825
11.5 -27 25 -2.919845 -5.638093 -1.518799 -1.82169 -1.495542 -0.382606
9.5 -27 25 0.182106 1.394694 1.407901 6.202084 0.248233 0.705202
7.5 -27 25 2.502434 2.662433 6.009485 10.31112 2.056591 2.152082
-2.5 -27 25 -0.773464 -0.799284 1.623018 3.195031 1.006811 0.4621
-4.5 -27 25 -3.572647 -2.761617 -0.606709 1.918461 1.326342 1.817017
-6.5 -27 25 -5.71099 -4.283116 -2.776646 -2.487519 -2.645272 -1.46063
9.5 -29 25 -0.725679 -0.536545 -0.03936 2.64294 0.987496 1.552759
7.5 -29 25 1.118713 -0.745104 2.756531 3.871904 2.201705 1.884538
5.5 -29 25 7.080058 2.222457 4.880089 5.47008 3.024819 3.617943
-0.5 -29 25 -1.806485 -1.39775 -1.073115 -1.871008 -2.111367 -0.582482
-2.5 -29 25 -1.766793 -1.084949 0.835972 4.3685 -1.208167 0.638341
7.5 -31 25 4.142138 1.274758 1.815083 3.592525 0.702977 -0.034859
5.5 -31 25 9.015789 5.898672 2.522777 5.192782 1.549572 0.55462
3.5 -31 25 8.979272 7.887541 3.595863 7.62261 0.966808 0.850024
-0.5 -31 25 1.749655 1.425478 1.923741 3.471319 -2.77397 -2.730691
-2.5 -31 25 1.249548 1.674025 3.040143 5.406631 -2.875578 -2.295579
9.5 -33 25 4.094486 1.354451 1.857955 2.594429 1.632646 -0.10159
7.5 -33 25 6.696076 4.162573 0.961688 1.471774 3.158094 1.702176
5.5 -33 25 8.790382 6.901133 1.952923 3.368282 2.164507 1.015209
3.5 -33 25 13.4783 9.08663 4.691486 6.394032 1.641992 -0.579419
-0.5 -33 25 1.990474 -0.12396 1.761555 0.386473 1.028209 -0.127007
-2.5 -33 25 0.636936 -0.386469 1.502924 -1.056431 -0.377821 -1.595225
7.5 -35 25 5.882027 3.874897 0.837123 1.270356 4.952335 3.88414
5.5 -35 25 7.076571 6.502755 3.442893 6.381481 3.035916 2.675636
3.5 -35 25 15.37053 8.987474 5.988586 7.147728 1.980094 -0.135212
-0.5 -35 25 1.302266 -0.840716 1.089365 -0.319649 2.657146 2.666743
-2.5 -35 25 1.048246 -1.669166 1.126132 -2.104337 2.484012 1.033378
-4.5 -35 25 0.835762 -0.418838 0.338413 0.239934 0.951073 0.240594
7.5 -37 25 4.766953 1.673025 2.209054 2.56267 2.888865 2.124152
5.5 -37 25 8.048556 4.939176 6.95948 10.13074 2.819996 1.724401
3.5 -37 25 16.55674 8.696099 8.3601 8.882449 1.257743 -1.477267
-0.5 -37 25 0.970732 -0.678602 1.671561 3.175621 -0.074268 1.230096
-2.5 -37 25 0.405483 -1.255352 1.710744 0.82355 2.230264 1.885362
3.5 -39 25 13.31448 5.716239 5.551559 6.159557 0.390815 -2.08317
-0.5 -39 25 0.179317 -1.217305 0.674817 2.82783 -3.189746 -1.88201
-2.5 -39 25 -1.723318 -1.522799 0.36512 -0.669014 0.69054 1.044091
5.5 -41 25 2.81514 2.680946 2.59553 5.024343 -2.500242 -3.058005
3.5 -41 25 5.886936 2.902345 1.482454 2.74962 -2.900189 -3.801065
-2.5 -41 25 1.307993 0.131923 1.58006 1.151623 -2.033312 -2.998766
7.5 -43 25 0.134747 1.987718 0.180456 -1.065376 -2.088876 -3.325633
-6.5 -17 27 0.098172 -0.504542 0.220633 -1.917426 0.885859 0.554101
-8.5 -17 27 -1.550048 -2.133948 -1.425719 -4.978367 -0.441277 -0.874124
-4.5 -19 27 -2.134978 -1.283421 0.616005 -0.058538 0.012194 -0.656841
-6.5 -19 27 1.819893 2.086832 0.193154 -0.899568 2.478525 1.755454
-8.5 -19 27 1.48776 1.957321 0.273866 -0.178552 4.588053 3.804242
-10.5 -19 27 -1.482215 0.208143 1.058318 1.200875 3.95877 3.864826
-0.5 -21 27 -0.947245 -2.638493 -1.259235 -2.722614 2.523424 1.958783
-2.5 -21 27 1.372045 -0.896481 0.989367 -2.083508 2.897497 0.542942
-4.5 -21 27 2.841848 1.971806 1.062478 -1.801236 2.118614 -0.253851
13.5 -23 27 0.103092 2.23369 2.382905 4.355916 1.670412 0.761836
11.5 -23 27 -2.980635 0.274482 -1.058026 0.015343 0.840011 1.546091
9.5 -23 27 -2.152119 -0.271397 -1.459971 -1.297678 1.067387 1.857074
-0.5 -23 27 -2.597669 -3.973872 -4.689069 -6.962714 2.421744 1.684845
-4.5 -23 27 1.229097 0.847632 -2.21166 -5.899988 -0.136558 -1.906917
-6.5 -23 27 1.258836 2.497677 -1.566455 -2.530095 2.764246 3.095131
-8.5 -23 27 0.281449 1.68886 0.842046 0.581397 4.850822 4.800879
13.5 -25 27 4.227143 1.462021 1.545438 1.113224 2.683432 1.436257
11.5 -25 27 2.971639 0.458488 0.596501 -0.004363 4.088473 3.950942
9.5 -25 27 3.410672 2.996906 1.206429 2.391554 3.743776 4.787776
-0.5 -25 27 -2.433379 -0.682344 -0.674421 -1.29979 -0.186608 -0.648329
-2.5 -25 27 0.500368 1.579353 1.335894 1.516491 -0.035676 -1.974164
-4.5 -25 27 3.027299 3.588513 -0.699568 0.00923 2.151799 0.649291
-8.5 -25 27 2.21677 1.205211 0.760154 0.212033 4.494138 3.206162
-10.5 -25 27 2.400005 0.364213 -1.30668 -3.147726 3.181176 1.72291
11.5 -27 27 0.164105 -1.99 0.540432 0.989043 1.938053 2.928272
9.5 -27 27 3.064916 3.849797 3.115169 5.357584 2.278842 3.175397
7.5 -27 27 5.544322 4.989578 5.222323 7.935952 3.131609 2.645679
-6.5 -27 27 1.657742 1.889716 -0.335363 0.081298 1.715154 1.279125
-8.5 -27 27 1.756802 -0.110485 1.147336 1.398162 0.177692 -1.417501
9.5 -29 27 2.151039 2.70403 1.1461 3.526469 1.484967 2.784959
7.5 -29 27 2.803503 0.770794 5.060681 7.077982 2.920579 2.622071
5.5 -29 27 2.84529 -0.685695 5.711311 7.743535 3.104609 3.196089
-0.5 -29 27 -0.284918 2.746701 -0.273449 3.913588 -1.682828 1.386822
-2.5 -29 27 -0.309109 1.697647 1.474164 5.648186 0.744547 3.263887
7.5 -31 27 3.33675 1.625853 3.456933 5.357433 2.250785 1.876292
5.5 -31 27 7.854692 4.406835 4.830206 8.093502 3.615349 2.184406
-0.5 -31 27 -2.064199 -0.609585 0.940078 5.304151 -2.658624 -0.770863
-2.5 -31 27 -0.693985 -0.869313 2.661715 5.536033 -1.925763 -0.716832
9.5 -33 27 3.086765 2.213598 0.772626 1.284222 2.66783 2.20927
-0.5 -33 27 -1.788239 -3.096165 2.365644 3.238322 -0.055846 -0.675665
-4.5 -33 27 0.971323 0.719926 2.208342 5.390985 -0.906195 -1.278329
9.5 -35 27 0.651762 -0.174259 -0.766757 -1.817106 1.396297 0.881477
-0.5 -35 27 -0.110249 -1.624504 1.22625 -0.375512 2.242042 2.020285
-2.5 -35 27 1.564881 0.105737 2.275791 3.321088 0.96248 -0.264089
-4.5 -35 27 2.253016 2.178252 2.839873 7.028317 1.485997 0.719423
9.5 -37 27 -0.186257 -0.288299 -0.822092 -1.559487 -0.065876 -0.184794
7.5 -37 27 4.2105 2.771941 1.906257 1.49289 2.949174 1.300781
5.5 -37 27 11.56887 8.620911 6.330732 9.548949 4.962161 3.251161
3.5 -37 27 21.30589 14.29741 8.978532 12.60904 4.960227 2.794962
-0.5 -37 27 3.146872 0.102059 0.786895 -0.073214 1.627146 1.057118
-2.5 -37 27 1.345155 -0.420071 1.319371 1.07436 2.047394 1.080339
9.5 -39 27 1.444248 -0.773231 1.111902 1.390928 -0.287996 -1.082624
7.5 -39 27 4.839685 -0.139196 2.933258 2.063126 1.120093 -1.032689
5.5 -39 27 13.13006 7.546433 5.983277 7.269282 4.25454 1.874084
9.5 -41 27 4.15244 3.452002 0.41227 2.058486 0.779142 1.085315
7.5 -41 27 6.12673 3.047619 2.807923 4.236387 -0.477727 -0.870031
5.5 -41 27 6.363237 3.382926 4.471138 6.97894 -0.005476 -0.797974
-6.5 -19 29 6.311509 4.237849 -0.554899 -4.314051 5.871995 6.923262
-8.5 -19 29 8.558937 3.1826 -0.111249 -6.266953 10.52924 10.646
-10.5 -19 29 5.008115 3.0759 -1.194043 -5.452754 8.284541 8.989681
-0.5 -21 29 0.476593 -0.012074 0.605817 1.700437 1.662894 2.358327
-2.5 -21 29 2.781898 3.017609 2.123386 4.34004 1.957092 3.041091
-4.5 -21 29 2.631839 4.174648 -0.660401 0.036226 2.177158 2.940011
-6.5 -21 29 1.920548 2.487381 -2.924521 -7.115278 2.769663 4.354547
-8.5 -21 29 1.43221 1.539156 -0.678938 -4.868953 4.790315 6.498272
-10.5 -21 29 0.316573 1.642406 0.335063 -0.778286 3.302372 4.349746
13.5 -23 29 -0.216424 0.834106 3.53115 4.386673 -0.136721 -1.50112
11.5 -23 29 -2.932724 -1.833195 2.79927 4.725473 0.04783 1.101845
9.5 -23 29 -4.245729 -0.567802 0.833241 3.608542 -1.998296 0.566069
-0.5 -23 29 -3.728207 -3.347553 -1.885246 -1.60036 -1.635669 -0.876059
13.5 -25 29 2.879917 1.235025 2.129398 2.925726 1.54974 1.050723
11.5 -25 29 2.75398 0.56069 1.787018 3.169281 3.155412 3.84307
-0.5 -25 29 -6.244156 -3.766406 -0.052728 0.54995 -5.221876 -4.750158
-2.5 -25 29 -1.117632 0.661179 1.946599 3.330372 -4.034174 -5.409379
-4.5 -25 29 3.015255 4.41423 1.987268 5.336874 -0.663223 -2.620641
-6.5 -25 29 3.63731 4.012434 -0.134565 1.702571 2.094561 1.404659
-8.5 -25 29 2.093892 1.494359 -1.447379 -2.379498 2.514744 2.186356
-10.5 -25 29 2.172513 0.196282 -1.213416 -3.614217 2.903531 2.674345
11.5 -27 29 2.087149 -0.196369 1.955975 1.801185 2.779201 2.900894
9.5 -27 29 3.781727 2.16186 4.176752 4.562189 1.689707 1.178489
7.5 -27 29 3.906747 3.675616 4.391271 7.807492 0.763301 -0.138111
-10.5 -27 29 3.646202 2.061452 0.81781 1.177759 2.372125 1.801836
-2.5 -29 29 -1.658066 1.078155 1.25532 4.375618 -2.337946 -1.591418
-0.5 -31 29 -3.758085 -2.003459 0.216775 3.752331 -1.832039 -0.418788
-2.5 -31 29 -0.639239 -0.533775 0.260699 1.088357 -1.362917 -1.429571
-0.5 -33 29 -0.982436 -1.2977 0.597576 2.282152 0.000688 0.375817
-2.5 -33 29 -0.727054 -0.306296 0.787142 2.298766 -2.045194 -2.217913
-0.5 -35 29 0.335025 0.26252 1.109989 1.440595 0.216728 0.073144
-2.5 -35 29 1.414607 1.570978 0.62202 2.172434 -0.582098 -1.565709
-4.5 -35 29 1.180638 2.656836 1.40845 5.093399 0.918436 0.525427
-2.5 -37 29 3.03822 0.917932 1.36454 1.597853 1.224584 0.418234
-4.5 -37 29 1.795649 1.131196 1.252064 3.147679 0.511549 0.015794
7.5 -39 29 3.781974 0.219627 2.339974 2.689415 0.375991 -1.484141
-8.5 -19 31 8.289556 -1.614838 -5.209246 -19.91557 14.41839 13.21226
-0.5 -21 31 4.109822 2.345373 -3.473465 -6.312783 6.626153 9.062366
-2.5 -21 31 7.712596 5.719772 -1.648276 -3.089501 6.179645 8.106655
-4.5 -21 31 4.994726 3.438483 -3.802853 -6.987849 5.815731 7.912505
-6.5 -21 31 -0.896999 -1.484064 -4.906987 -10.97696 3.917435 6.665229
-8.5 -21 31 -0.964067 -1.213853 -4.030902 -11.53112 4.502845 6.595816
-0.5 -23 31 -1.807287 -0.662633 -4.624947 -5.438835 0.856694 3.461498
-2.5 -23 31 3.189196 2.611954 0.08064 0.347965 1.44142 1.618835
-6.5 -23 31 -1.192255 0.574928 -0.430811 -0.032113 0.730538 1.917865
11.5 -25 31 3.427763 3.210453 0.549343 3.686767 2.427871 1.721336
9.5 -25 31 3.86294 5.137 0.550577 3.071173 0.36401 -0.71069
-0.5 -25 31 -5.214819 -1.537933 -2.12273 0.051912 -2.495609 -0.096351
-2.5 -25 31 -0.991096 0.914679 0.02006 1.402491 -1.859974 -1.945988
-4.5 -25 31 3.10898 3.407925 2.68472 5.280767 0.207648 -0.411702
-6.5 -25 31 1.602578 2.672586 2.326949 5.85226 0.723962 0.615621
-8.5 -25 31 0.850315 1.969494 0.51193 2.994936 1.272326 1.552456
11.5 -27 31 4.059556 3.721369 0.960432 2.548272 1.924557 1.447702
9.5 -27 31 3.525789 3.53885 2.093201 3.874481 0.841369 -0.193691
7.5 -27 31 4.346282 4.640593 2.623284 5.037333 1.137376 0.370964
-2.5 -27 31 -3.254394 0.159662 -0.023301 1.81714 -2.748507 -1.385055
-4.5 -27 31 0.993085 2.900526 0.008112 1.396895 -1.112505 0.313548
-6.5 -27 31 0.789959 1.845863 0.172769 0.514674 -1.069252 -0.802814
-8.5 -27 31 2.58438 1.942558 -0.129475 -0.184006 0.221067 0.005094
9.5 -29 31 2.776235 3.513386 1.476251 4.907952 1.511075 2.682219
-2.5 -33 31 -3.135453 -2.057014 -1.735439 -1.793292 -1.398705 -1.215182
9.5 -25 33 1.597915 2.646405 0.22802 2.601916 0.493809 -0.111267
-4.5 -25 33 2.413108 0.894303 2.412744 0.808371 0.588099 0.932757
-6.5 -25 33 2.063821 1.763685 1.801072 2.50795 0.177891 0.648025
-8.5 -25 33 3.182036 2.023703 0.773664 0.471734 1.868317 2.019502
11.5 -27 33 1.537493 1.493994 0.678637 2.123736 1.228197 0.626813
9.5 -27 33 1.491487 1.198014 2.134746 4.418897 1.168222 0.615348
-4.5 -27 33 0.407545 0.287062 -0.672723 -1.478553 0.480643 2.579278
-6.5 -27 33 0.789554 0.940203 0.267561 -0.032325 -0.902276 0.279986
-8.5 -27 33 3.234041 2.200179 0.844358 0.700435 -0.213884 0.082045
11.5 -29 33 1.582221 0.720935 0.514876 0.760163 0.204162 0.076566
9.5 -29 33 2.253961 1.108377 0.627196 1.758816 0.698936 0.959757
-4.5 -25 35 2.641674 0.970166 2.455296 1.417704 2.45508 2.388675
-6.5 -25 35 1.790579 1.455864 1.510185 2.877255 2.045835 2.898286
9.5 -29 35 3.477784 1.970831 0.481498 -0.332572 0.172734 -0.768605
