2.595764 -7.222198 -7.245171 -6.151762 7.416548 1.789492 5.920753 -0.286871 5.058962 1.164017 3.63869 0.680031 4.26171 1.309678 4.443644
0.595764 -7.222198 -5.245171 -6.553401 4.683972 -0.20745 4.291781 -3.157563 2.210859 -2.566667 -1.172271 3.185752 2.545549 -0.964881 1.627891
4.595764 -9.222198 -5.245171 2.901129 3.474524 1.233654 0.26219 4.520228 -1.37173 -0.754089 -0.351343 1.661535 -0.99553 0.935511 0.172449
0.595764 -9.222198 -5.245171 -1.812715 5.797899 1.8607 1.586432 -2.799525 4.031009 -1.401036 -1.311693 2.612664 0.891629 0.499985 0.654051
-1.404236 -9.222198 -5.245171 2.295579 0.552388 4.28688 -0.2304 4.784835 -0.776474 -0.358388 -5.157599 4.286841 -1.643657 1.426625 -1.778626
6.595764 -11.2222 -5.245171 2.214453 0.269509 4.730951 1.965392 1.743952 -5.629208 0.967906 1.459356 2.578397 1.031023 2.670382 0.817031
4.595764 -11.2222 -5.245171 3.236066 -1.220344 3.394068 0.502074 7.204376 -1.273809 -0.223899 0.464945 0.407446 0.329092 2.059441 0.493408
0.595764 -11.2222 -5.245171 2.323216 5.166384 1.68322 0.021183 0.101106 0.231443 -1.438157 -2.437242 2.028048 -0.862449 2.166576 -0.703792
-1.404236 -11.2222 -5.245171 2.875498 0.961986 3.461409 0.208535 3.731282 0.344153 -0.31162 -4.619044 1.553352 -0.855523 3.280278 -3.502291
6.595764 -13.2222 -5.245171 1.894642 -0.484219 6.699244 5.089631 2.457002 -2.201692 2.690592 0.325603 1.658334 -0.095245 2.743769 0.419511
4.595764 -13.2222 -5.245171 6.125971 -1.528793 4.861997 3.723485 7.099225 -2.358852 1.865684 -1.891429 -1.35158 0.5111 2.722462 0.898429
0.595764 -13.2222 -5.245171 2.057039 2.54379 -0.172209 -0.608511 2.060666 -1.495988 -0.249018 -2.028835 0.459656 -1.146528 1.215525 0.203407
-1.404236 -13.2222 -5.245171 -0.11547 1.759208 1.129763 0.985523 0.964444 -0.334282 -0.09439 -0.535516 -1.265962 0.864901 1.27102 -0.318366
6.595764 -15.2222 -5.245171 -0.345861 -0.295512 3.595711 4.233709 -0.846934 3.192911 0.927003 -1.542914 -0.113667 1.060413 -0.858122 0.90107
4.595764 -15.2222 -5.245171 6.118834 1.019171 3.625717 5.347672 3.224448 -2.883548 3.277665 -0.697323 -1.245344 1.147982 1.436734 0.890005
-1.404236 -5.222198 -3.245171 -6.61534 -4.504261 -3.754875 3.860553 2.578468 1.382694 -5.355523 -1.692453 2.328047 2.072931 -1.006763 -0.240605
0.595764 -7.222198 -3.245171 -4.11835 0.301222 -1.849318 3.489103 -0.925919 6.008242 -2.846548 -2.691633 1.644003 4.328564 1.836055 -0.465782
-1.404236 -7.222198 -3.245171 -4.925415 -5.160846 -0.902889 1.950209 0.827839 -1.25042 -4.428396 -5.900891 2.453492 -0.690853 0.34463 0.178883
4.595764 -9.222198 -3.245171 2.337898 2.863186 1.276593 2.353613 2.216124 -6.392944 0.415096 0.247521 -1.511492 -1.68733 -2.082458 0.707603
2.595764 -9.222198 -3.245171 -0.266967 5.972531 1.219837 2.968462 -3.583729 -0.947637 2.126266 0.564958 -1.089539 -0.7809 -1.57118 -0.37119
-1.404236 -9.222198 -3.245171 -5.744439 -0.610459 -0.178378 1.941759 -4.610098 0.007396 -3.903882 -8.147779 0.491047 -2.004524 2.82498 0.265795
-3.404236 -9.222198 -3.245171 -6.798921 2.936664 -0.505489 0.047195 -4.374461 -4.768606 -1.130852 -1.832013 1.338894 0.195179 2.794227 1.027751
6.595764 -11.2222 -3.245171 8.319773 -3.642387 3.575317 -0.223281 3.228185 -7.98103 3.329626 -2.450494 0.565247 0.927092 4.448834 -1.904162
4.595764 -11.2222 -3.245171 6.626814 -0.262779 4.57588 0.55562 4.758646 -1.922259 1.605542 -0.908165 1.646114 -0.030972 0.246942 1.400141
2.595764 -11.2222 -3.245171 7.309999 6.185786 4.884904 2.970947 -2.489568 1.444035 2.094375 0.027134 3.021711 -2.607612 0.571695 1.724849
-1.404236 -11.2222 -3.245171 -5.545573 2.95679 0.240279 4.546245 -6.079494 2.485866 -2.499535 -6.832796 -1.337601 -0.55652 3.971361 -0.405323
-3.404236 -11.2222 -3.245171 -5.700882 1.625278 1.112764 2.530165 -4.664792 -0.426246 -2.408759 -3.824202 -1.644378 1.219018 1.851643 1.126617
6.595764 -13.2222 -3.245171 7.131016 -1.49069 5.118123 2.740115 4.942423 -0.975893 3.008986 -0.225351 1.766371 -0.028603 2.763475 -1.142131
4.595764 -13.2222 -3.245171 10.16281 -3.234788 5.313322 1.578424 5.987443 0.501502 3.14254 -1.320884 2.70606 -0.662594 -0.168608 -0.03529
2.595764 -13.2222 -3.245171 8.010038 1.620744 4.186118 1.929949 1.146958 0.996853 3.08523 0.091159 2.360594 -1.268443 0.216757 2.366992
-1.404236 -13.2222 -3.245171 -3.324923 -1.409248 1.247378 0.751484 -1.49704 1.441913 1.006049 -2.508723 -0.935332 0.477484 0.95908 -0.539456
-3.404236 -13.2222 -3.245171 -2.468679 -2.312521 3.670942 0.416322 -1.695715 -1.01318 -1.349201 -2.631747 -2.120963 -0.328629 -1.230669 0.490194
6.595764 -15.2222 -3.245171 1.604501 -0.952537 4.59173 2.767534 1.112386 0.409 -0.379158 -0.315585 1.3022 -0.959242 -0.941015 1.658906
4.595764 -15.2222 -3.245171 6.368716 -4.062088 4.635964 1.387371 3.870434 -2.341683 2.78667 -1.249733 1.86907 -1.989826 -0.630345 0.029457
2.595764 -15.2222 -3.245171 2.424022 3.021395 0.889039 4.287852 3.98753 -0.554826 2.803168 -0.20226 -1.17633 0.285117 -1.056362 4.855531
6.595764 -17.2222 -3.245171 -0.375177 2.728183 2.904127 0.020061 1.018019 2.046916 -0.796606 2.64671 -0.822491 3.015739 -2.094528 0.168686
4.595764 -17.2222 -3.245171 1.250966 -0.930287 4.188553 0.04452 2.193918 -2.571351 0.627453 -0.112006 -0.266376 1.232746 0.373788 -2.077419
2.595764 -17.2222 -3.245171 0.345524 4.576461 1.602451 4.821602 4.020884 -1.666085 -0.708969 0.672178 -1.100877 1.441771 1.809039 2.919023
-1.404236 -3.222198 -1.245171 -4.953501 -0.592882 -3.080836 6.54797 1.079274 3.211598 -1.177873 4.398001 -0.234818 3.462103 1.690463 0.973689
-3.404236 -3.222198 -1.245171 -1.785959 -1.214606 -0.496124 0.154611 1.874969 5.053763 0.541355 2.592193 2.707938 -1.451101 -2.248792 0.073701
-1.404236 -5.222198 -1.245171 -1.28336 -3.252895 -0.461793 5.759752 3.722621 4.390134 0.207561 2.945942 2.684684 2.785281 2.27476 2.579254
-3.404236 -5.222198 -1.245171 0.515848 -4.252666 -1.057879 0.242068 2.895652 1.693602 1.259818 0.266673 3.564145 -1.685721 -1.766761 0.633358
-1.404236 -7.222198 -1.245171 -1.345655 -2.817659 0.197998 4.36138 2.207992 2.282191 0.059346 -0.581204 4.252491 0.813056 3.174807 3.919177
-3.404236 -7.222198 -1.245171 -1.446994 -1.614089 -2.525889 0.220135 1.392943 -1.582338 0.900346 0.047763 4.218981 -1.01502 -0.131302 1.901762
4.595764 -9.222198 -1.245171 3.122082 -1.185727 1.095366 2.211632 0.921201 -8.547796 0.022229 0.439952 0.573375 -2.028337 -3.133558 1.806008
2.595764 -9.222198 -1.245171 -0.241503 -1.982344 1.202635 5.252915 -2.560537 -0.70683 1.669169 0.989114 -0.043519 -4.324622 1.237436 0.538644
-3.404236 -9.222198 -1.245171 -6.417312 2.396379 -3.168334 -0.418887 -2.334811 1.102734 -1.559422 0.391578 2.718604 -0.190181 1.763936 1.103275
-5.404236 -9.222198 -1.245171 1.972388 4.326155 -1.051322 1.885124 0.981091 2.746792 -0.834744 4.171082 3.899341 -0.028028 3.957642 -0.47678
4.595764 -11.2222 -1.245171 4.968102 0.2304 0.91438 1.569725 2.030133 -5.099248 0.340359 -0.162055 1.802948 -2.548379 -3.07859 4.661262
2.595764 -11.2222 -1.245171 5.814545 2.944071 3.035924 7.045226 1.037692 0.501124 2.677758 3.804931 3.266221 -4.830237 2.099485 3.621911
-3.404236 -11.2222 -1.245171 -5.988379 1.701268 0.309449 -0.539344 -3.014775 2.203548 -2.124758 -1.896497 -0.058122 -0.727055 2.388998 -1.187715
-5.404236 -11.2222 -1.245171 2.322833 7.899503 1.893909 2.202276 1.810844 5.728537 -1.111288 4.354361 2.390589 -0.568771 1.637854 0.165005
2.595764 -13.2222 -1.245171 5.550827 7.333561 -0.004661 6.103947 4.160632 1.933197 0.20768 4.815923 2.44979 -0.57787 0.082566 5.023991
-3.404236 -13.2222 -1.245171 -0.652656 -1.219356 3.321378 -1.801293 0.560164 -1.253634 -1.637289 -3.063029 -1.466215 -2.905818 0.166445 -2.027522
-5.404236 -13.2222 -1.245171 5.338519 7.742045 4.178121 1.770557 3.741472 1.927625 0.498306 1.717401 0.793013 -1.088031 -0.696783 2.011464
2.595764 -15.2222 -1.245171 4.814287 4.890368 -1.494182 1.628182 4.044532 -1.224052 -1.971586 1.660778 2.295335 0.658461 0.642655 4.973064
-1.404236 -15.2222 -1.245171 -2.109477 -5.626945 -0.068825 -1.358852 -0.02319 -2.823955 -0.025981 -3.732996 -0.432517 -1.05029 -1.248411 -2.365422
-3.404236 -15.2222 -1.245171 0.121307 -1.76703 1.404788 -2.122122 0.629878 -0.420053 -1.639706 -0.929421 -1.169599 -2.509552 -2.973325 0.274008
2.595764 -17.2222 -1.245171 3.486022 5.523538 -1.691656 2.090426 2.113717 0.56008 0.312291 2.348128 0.488693 2.162936 3.871078 3.584972
2.595764 -19.2222 -1.245171 -1.327803 4.043412 0.111225 0.944265 1.03133 1.023533 1.240353 1.002539 -0.836776 -0.151283 3.77021 -0.153767
-1.404236 -3.222198 0.754829 -4.481256 -4.856502 -0.137448 3.456386 -0.980313 -0.722459 -1.058575 0.733302 3.579155 -1.243971 0.840086 -0.392279
-3.404236 -3.222198 0.754829 0.91543 -2.174819 1.826742 0.9807 -0.879047 4.65989 0.529808 2.048927 6.542613 -1.178992 -0.200142 1.439363
-3.404236 -5.222198 0.754829 2.06264 -1.09978 0.848615 2.154341 2.575025 3.767207 1.96589 1.98101 6.785748 0.379836 3.506676 0.675366
4.595764 -7.222198 0.754829 -1.42907 0.073763 -1.919438 -0.108823 -5.640136 -1.508141 1.43266 1.678673 -1.414278 0.58173 -3.626539 4.066823
2.595764 -7.222198 0.754829 -15.35763 -7.006781 -2.252621 -2.084679 -10.07315 4.207396 -7.993091 -1.427812 -5.858305 -2.687037 -5.734706 1.49961
-1.404236 -7.222198 0.754829 -5.341136 0.022792 0.316917 0.445302 3.809949 -1.039555 0.629745 1.512313 3.856321 -3.154628 3.095742 0.177955
-3.404236 -7.222198 0.754829 0.916045 1.169172 -1.371159 3.123437 5.298223 -0.957437 2.203315 3.586723 4.446057 0.544766 5.429296 0.67599
-5.404236 -7.222198 0.754829 3.592763 -4.257827 -2.038555 2.66237 1.220458 -2.901167 2.277188 -0.76559 0.226131 -0.977494 4.161747 -2.590763
4.595764 -9.222198 0.754829 5.463145 -4.944432 1.838018 -1.097448 -0.246574 -5.2914 2.682018 1.423779 0.867088 0.244498 -2.140053 4.030497
2.595764 -9.222198 0.754829 -8.850081 -10.48399 2.127323 -4.824211 -3.442875 -2.324565 -3.08546 0.814887 -3.066552 -6.093104 -3.381044 1.005296
-1.404236 -9.222198 0.754829 -7.26631 1.711666 0.439921 0.165895 1.201208 -2.800167 -1.762499 1.538233 1.764011 -2.715783 3.354727 -0.290933
-3.404236 -9.222198 0.754829 -2.381655 2.448553 -0.397544 3.069395 2.389712 -0.23951 0.985738 3.52708 1.398273 -0.094445 4.978703 1.153947
-5.404236 -9.222198 0.754829 2.199641 0.66394 -0.191398 5.29408 1.369945 -0.469511 1.798094 2.743708 0.085245 -1.367268 1.809166 0.810846
4.595764 -11.2222 0.754829 7.354243 -5.641609 1.653506 0.565311 3.908771 -6.581058 -0.026208 -0.613281 0.085795 -1.473062 -0.991764 3.282124
2.595764 -11.2222 0.754829 0.307717 -6.243943 4.058821 -0.522554 4.560418 -5.062742 -2.277392 2.026031 -1.252032 -6.410629 -3.133469 3.362605
-1.404236 -11.2222 0.754829 -5.766015 2.829347 3.230101 0.261509 -2.616897 -1.12593 -3.542963 2.100729 0.008236 -1.107925 2.2345 0.93274
-3.404236 -11.2222 0.754829 -3.777683 0.556257 2.868939 2.560127 -2.710441 3.592282 0.181757 0.93578 -1.080308 -0.89081 2.349322 1.904924
-5.404236 -11.2222 0.754829 0.888936 5.169504 2.182534 5.429718 0.973769 3.21115 1.31888 4.925074 0.329687 -1.783421 1.349519 4.074522
6.595764 -13.2222 0.754829 3.177096 4.567014 -1.626297 2.061639 0.002821 2.795523 -0.052216 0.347782 0.449872 -2.547778 -2.194502 0.155722
4.595764 -13.2222 0.754829 2.862382 0.8139 -1.890167 3.914678 1.615837 -3.763035 -1.771024 -3.395926 -0.887316 -3.706594 -2.892663 -0.263393
2.595764 -13.2222 0.754829 5.046859 2.038175 1.878535 2.327936 5.179976 -4.576544 -1.986264 1.504726 0.848734 -3.959643 -4.639398 3.506593
-1.404236 -13.2222 0.754829 -1.894196 2.337397 3.400044 -1.477094 1.694563 -1.138412 -2.410783 0.857314 -2.944932 -1.60905 0.061128 0.516334
-3.404236 -13.2222 0.754829 -0.307897 0.569975 1.221551 -1.240372 -0.679894 1.592754 0.846552 -0.971822 -1.339866 -4.028348 0.47064 0.841941
-5.404236 -13.2222 0.754829 4.114436 3.069373 0.761438 1.238986 1.524977 -1.422487 3.36645 2.679493 1.862698 -3.014243 0.746313 3.807664
6.595764 -15.2222 0.754829 0.642529 0.216034 -0.769647 -2.908313 0.857028 -1.983828 1.140801 0.467904 3.150505 -3.15388 -1.433654 0.769645
4.595764 -15.2222 0.754829 0.674688 4.534011 -1.398205 -0.825694 -1.357037 2.030814 0.327428 -1.029477 1.694654 -2.476269 -2.275116 -1.228334
2.595764 -15.2222 0.754829 10.40776 3.403878 1.42301 -3.346529 -0.859419 -5.088564 0.591014 3.292574 4.859679 -0.840899 -1.368892 0.423854
-1.404236 -15.2222 0.754829 -0.007011 1.251014 2.060397 -0.828226 4.195188 -0.79818 1.054684 -3.161539 -1.242774 -1.858143 -2.132963 -2.452815
-3.404236 -15.2222 0.754829 1.241457 1.686281 0.533507 -5.024334 2.404644 -2.020448 2.611126 -1.453043 0.286492 -5.558255 -2.468509 -0.667154
-5.404236 -15.2222 0.754829 2.768272 -1.092054 -1.547127 -4.910157 0.726763 -8.134795 4.479447 -0.424295 1.437346 -5.974208 -2.620891 1.695445
8.595764 -17.2222 0.754829 1.566537 -0.012694 -2.474273 -0.536417 1.416471 2.225469 1.0637 -0.335874 -0.789232 1.759592 0.470478 4.349713
6.595764 -17.2222 0.754829 0.45179 -2.915953 -2.103534 -1.403546 3.593441 -0.181661 0.832372 -3.696219 1.455701 -1.533781 -1.745915 0.451513
4.595764 -17.2222 0.754829 0.279909 0.773092 -2.520447 -0.25157 -0.569732 2.385164 2.304502 -0.995429 1.338748 -1.799938 -2.032833 1.381468
2.595764 -17.2222 0.754829 7.061369 3.190216 -1.286704 -3.314732 -2.858378 0.034724 0.515799 2.947227 3.272592 1.308031 0.174981 1.101919
6.595764 -19.2222 0.754829 3.457741 1.737076 -1.313299 1.532902 0.396167 -1.25211 0.650022 -2.192741 0.923587 -1.783705 -0.347041 0.792028
4.595764 -19.2222 0.754829 -0.137504 0.014152 -1.992949 0.096787 -2.194144 0.280808 1.8159 -1.667733 -0.126982 -1.38999 -1.006161 0.594995
-5.404236 -5.222198 2.754829 3.116244 -1.813604 0.792067 -3.965934 1.404761 -4.725829 -1.831902 0.285725 -0.783845 -1.630196 0.664258 -0.257369
-1.404236 -7.222198 2.754829 -6.015548 -4.820942 -1.548289 -4.463634 4.462922 -1.872479 -3.348035 1.66326 -1.573888 -3.943257 1.720624 -1.843776
-3.404236 -7.222198 2.754829 1.021358 1.93215 0.500305 -0.217294 4.137518 -4.187608 -1.55519 3.442085 1.153785 1.362076 1.799542 0.640272
-5.404236 -7.222198 2.754829 2.951056 -3.397109 -0.303412 -0.03721 -0.147741 -4.684147 -2.354607 -1.63458 -0.783579 -0.666952 -0.559451 -0.900022
4.595764 -9.222198 2.754829 1.8428 -2.85506 -2.949276 -1.970455 -2.237969 -2.108038 -2.006916 1.559266 -0.596864 -0.653085 -0.766976 0.293619
2.595764 -9.222198 2.754829 0.844436 -5.170533 -2.542703 -6.483202 -6.021418 -0.026443 -2.764239 1.281712 -0.435148 -1.821363 -0.094575 0.928733
-1.404236 -9.222198 2.754829 -3.231296 -7.009885 -0.74064 -2.646216 1.788076 0.787933 -2.71549 2.813232 -0.86124 -1.632715 2.172407 -3.661533
-3.404236 -9.222198 2.754829 -0.419322 1.125276 0.796329 0.815996 0.475004 0.665565 -2.360503 3.460218 0.367844 -1.069965 0.074176 1.689219
-5.404236 -9.222198 2.754829 3.549556 0.213856 1.150412 2.639842 -0.600286 -2.150692 -2.681689 -0.400505 0.890138 -1.516431 0.191967 2.262339
4.595764 -11.2222 2.754829 5.02163 -2.393547 -1.934473 -1.611982 -1.041057 -1.019724 -0.567296 3.475959 0.875011 1.45831 -0.086351 -0.223911
2.595764 -11.2222 2.754829 10.93866 -0.174032 1.048522 -3.898965 -1.186443 -1.213467 0.087492 4.544227 3.019004 1.204255 -0.170897 4.661758
0.595764 -11.2222 2.754829 9.75973 -3.830071 4.503251 -2.306902 -1.808178 -1.484506 1.293049 1.729731 4.645149 0.783769 2.995444 -0.728061
-1.404236 -11.2222 2.754829 0.825351 -7.240518 2.707639 -0.327665 -3.681892 2.022221 -0.657167 3.47718 1.298323 -0.055571 1.485537 -5.115252
-3.404236 -11.2222 2.754829 -1.858106 -1.571902 2.730434 1.352892 -4.466039 6.1464 -2.497648 2.40108 0.422712 -2.234822 0.641632 1.371431
6.595764 -13.2222 2.754829 1.361079 2.201602 -2.780224 -3.426164 -0.963837 3.398622 -0.628522 -0.575267 0.346698 -1.645533 -1.219452 -4.712526
4.595764 -13.2222 2.754829 0.962659 4.150048 -2.057459 -0.088487 -2.295179 3.440022 0.113099 2.470838 0.68148 2.752466 -0.615591 0.714032
2.595764 -13.2222 2.754829 9.356731 5.808345 3.448617 -2.315275 -0.461743 -2.127589 4.336429 3.932462 3.941441 2.343662 -0.943465 7.214632
-1.404236 -13.2222 2.754829 2.785676 -4.954058 4.062373 0.059632 -1.149832 0.285581 3.565311 4.094596 1.404959 -1.259583 -0.076867 -3.114497
-3.404236 -13.2222 2.754829 -0.888026 -4.937018 0.818037 0.596365 -2.22505 5.892873 0.066917 0.749157 0.210953 -2.30421 0.924129 -0.611375
-5.404236 -13.2222 2.754829 -0.626119 -3.419809 1.158185 2.346565 -0.155177 1.119251 -0.243664 0.550757 3.194717 0.589641 4.793444 2.927697
6.595764 -15.2222 2.754829 -1.781106 -0.019228 -2.934675 -4.212579 -3.139766 0.066364 -1.227088 0.003618 -0.575393 -2.304711 -3.038139 -2.72697
4.595764 -15.2222 2.754829 -4.718993 8.510655 -1.133449 0.704472 -4.070061 3.384845 -0.22122 1.614121 -0.668789 0.58783 -0.751359 0.72451
-3.404236 -15.2222 2.754829 4.704627 -6.996771 1.157885 -2.476041 3.122598 -1.10633 4.800608 -2.766876 1.094498 -2.7357 0.802867 -3.539787
-5.404236 -15.2222 2.754829 -0.000738 -8.455597 0.895229 -4.847812 1.885751 -4.837448 4.381206 -2.409793 2.245957 -1.932935 1.644805 -1.746166
8.595764 -17.2222 2.754829 0.060284 -3.773949 -0.987094 -1.262173 1.426615 -3.230268 -0.730315 -2.122989 -4.044633 -1.506351 -2.170857 1.588972
6.595764 -17.2222 2.754829 -2.924622 -5.441177 -1.922736 -4.759434 0.571547 -0.734465 0.034396 -4.68042 -1.971942 -3.619715 -3.182504 -2.41399
4.595764 -17.2222 2.754829 -3.407049 4.063578 -0.62059 -0.641157 0.588821 3.510969 0.843508 -0.929833 -1.932217 -3.187415 -0.563 -0.064374
8.595764 -19.2222 2.754829 3.788656 -0.649788 0.970322 1.103017 -0.679074 -3.384613 0.139595 -2.166833 -1.478429 -1.21208 0.244515 2.504431
6.595764 -19.2222 2.754829 0.623047 -5.301689 -1.470732 -1.678079 1.143602 -2.998484 0.333979 -4.812723 -1.795781 -4.861504 -1.651429 -2.662784
4.595764 -19.2222 2.754829 0.872787 -5.035876 -1.417861 0.201496 1.432956 0.38012 1.461083 -1.672718 -0.712933 -3.782324 -0.80941 -0.84447
-1.404236 -7.222198 4.754829 -4.430668 -2.716004 -0.905822 -1.024819 2.145276 -1.348773 -0.061145 0.82894 -2.166612 0.607658 0.369123 2.782886
6.595764 -9.222198 4.754829 -4.738889 2.404809 0.842895 -3.811997 -1.068254 -3.696721 -3.81748 -0.395424 1.208903 -6.366141 -4.452209 -2.42628
4.595764 -9.222198 4.754829 -3.417642 3.299904 2.471284 -2.269792 -0.301735 -2.890542 -4.851725 -5.314959 -1.958076 -5.870297 -3.85693 -4.205233
2.595764 -9.222198 4.754829 -8.105765 4.105654 -2.046361 -2.223259 -4.375627 0.019974 -5.346592 -5.94322 -1.912136 -4.995089 -2.966282 -4.368801
6.595764 -11.2222 4.754829 -2.791676 1.936154 0.824653 -3.792967 2.22864 0.898865 -1.726359 1.914893 1.683969 -2.672203 -1.437776 -4.214217
4.595764 -11.2222 4.754829 -5.554095 0.982095 2.070842 -2.660666 -1.430588 -0.978924 -3.564017 0.809106 -2.327132 -2.632408 -1.395704 -2.311647
2.595764 -11.2222 4.754829 -2.963227 -0.222828 -0.969211 -5.112659 -5.303146 -0.036308 -4.791095 -0.76481 0.450013 -4.708093 -1.653571 -3.076871
0.595764 -11.2222 4.754829 6.736358 -3.666804 -0.211865 -2.464528 -2.398574 1.133243 -1.338853 -0.612948 3.172284 -0.355933 1.850741 -3.565821
-1.404236 -11.2222 4.754829 4.082156 -3.422058 1.317525 1.584924 0.362937 2.763883 1.426667 0.575423 0.419648 -0.137054 2.345286 0.017004
8.595764 -13.2222 4.754829 -1.093828 0.221154 -0.36117 -4.908372 4.041297 1.95359 -0.065312 -1.584145 1.216499 -5.354525 -0.204216 -4.816827
6.595764 -13.2222 4.754829 -1.468577 -1.944611 -0.037699 -8.249921 3.059555 0.451993 0.204979 0.662558 -0.236926 -0.962339 -0.838792 -3.785361
4.595764 -13.2222 4.754829 -7.565942 -0.228707 -1.052954 -0.840106 -2.124635 1.359417 -2.7139 2.678624 -2.002177 2.151339 -0.17799 0.289785
2.595764 -13.2222 4.754829 3.753982 -2.347319 1.34975 -0.906951 -4.297604 1.402969 0.733415 2.056664 3.050603 0.243034 1.376561 0.904217
0.595764 -13.2222 4.754829 12.05091 -6.108895 4.041575 -3.955995 -2.876691 -3.166303 5.650057 1.233046 5.864235 0.406433 2.186262 0.288306
-1.404236 -13.2222 4.754829 3.51172 -4.702895 2.36048 0.248204 -3.213475 -1.549578 4.632875 1.058307 1.397136 -2.212732 1.632706 -0.462819
-3.404236 -13.2222 4.754829 -3.400983 -6.313688 0.843267 -0.805708 -3.583133 1.683342 -1.058186 -1.471981 -0.260577 -5.219255 1.695421 -1.154101
-5.404236 -13.2222 4.754829 -0.637029 -4.929601 1.497231 0.499842 -0.406146 -1.864645 -0.311136 -0.504878 1.94589 -0.669348 3.496821 -0.917594
6.595764 -15.2222 4.754829 -2.24554 -0.516037 -1.939838 -6.825937 -0.651622 -3.112363 -0.72734 0.231364 -1.83795 -2.089386 -2.325081 -0.51152
4.595764 -15.2222 4.754829 -5.760062 5.716426 -1.378974 3.626831 -2.530884 4.573121 -2.904632 3.776699 -2.513949 2.800864 1.109463 3.056563
0.595764 -15.2222 4.754829 13.51893 -0.522625 5.474921 2.131161 0.276575 -2.424042 9.16221 3.048723 6.339575 2.796249 2.876999 3.111844
-1.404236 -15.2222 4.754829 9.569263 -4.742379 5.334322 0.2185 0.777117 -5.289485 5.755005 1.055375 4.082312 -1.717642 1.483318 0.248981
-3.404236 -15.2222 4.754829 2.253619 -9.071207 0.995465 -3.498204 0.403452 -1.738371 1.404118 -1.649747 1.183283 -4.340824 1.962134 -3.114403
-5.404236 -15.2222 4.754829 0.657214 -6.866856 0.547433 -2.43942 2.044098 -0.355046 1.331012 -0.469507 1.88851 -2.004677 4.145864 -1.214337
6.595764 -17.2222 4.754829 -2.007202 0.054975 -0.649091 -3.835801 -3.060878 -0.963225 0.217604 -1.762674 -2.113223 -2.79805 -3.474396 -0.728159
4.595764 -17.2222 4.754829 -3.150458 3.904246 1.068286 1.167133 -1.48631 5.039092 -0.519975 1.090171 -1.836109 -0.911934 1.435706 2.602802
0.595764 -17.2222 4.754829 8.086627 1.4329 2.318765 2.900162 0.332209 -1.242643 8.142338 -1.679144 2.670348 3.020784 1.583168 3.913171
-1.404236 -17.2222 4.754829 9.454458 -5.638656 3.797049 0.771933 2.868126 -3.801151 3.921784 -2.82593 3.613837 -1.159653 1.106624 0.728672
8.595764 -19.2222 4.754829 2.723848 -4.898541 2.427211 1.08741 -0.967722 -5.403832 1.488984 -2.182979 -3.24103 -1.743889 -0.896081 -0.575636
6.595764 -19.2222 4.754829 -0.005112 -7.230832 0.918699 -2.698761 0.086687 -3.024415 0.465333 -3.412951 -3.261948 -3.365304 -2.378944 -3.118117
4.595764 -19.2222 4.754829 1.398652 -3.052014 1.583185 0.922453 3.52797 0.803269 0.166318 0.663651 1.136682 -2.588929 0.306308 1.045542
6.595764 -21.2222 4.754829 1.983139 -2.894679 0.732777 -1.85973 1.656446 -2.366857 1.25038 -3.334022 -1.630453 -1.82024 -1.591097 -2.266776
6.595764 -9.222198 6.754829 -1.749961 3.184484 0.230447 -1.857325 0.499788 1.236955 -2.120643 -3.346276 2.574261 -3.548292 0.262428 -2.384764
4.595764 -9.222198 6.754829 -5.673846 8.559013 1.53868 -0.870161 -1.926874 -0.552607 -4.680935 -5.066911 -0.306408 -4.818124 -5.084625 -3.219733
8.595764 -11.2222 6.754829 -7.521359 -2.671726 -2.330846 -2.359806 2.471785 0.195931 0.004398 -1.328567 4.07341 -4.835993 1.324844 -4.086063
6.595764 -11.2222 6.754829 0.25706 4.994688 1.275287 -0.050974 2.927943 4.763045 -2.178771 -0.252034 1.58559 -3.73591 1.165876 -2.0401
4.595764 -11.2222 6.754829 -6.334646 9.859435 2.104793 2.064105 0.945274 3.587979 -5.244922 -1.405116 -0.958736 -3.173623 -1.674467 -0.915488
8.595764 -13.2222 6.754829 -2.858998 0.092257 0.322565 -5.663142 5.711544 1.032695 1.11735 -2.492162 1.835397 -1.810495 -0.09763 -1.474514
6.595764 -13.2222 6.754829 -0.708895 4.021949 1.400867 -2.939973 5.489346 2.669284 0.369146 1.549841 0.643364 -1.107912 -0.60805 -0.108046
4.595764 -13.2222 6.754829 -6.348821 8.21143 -0.555413 4.360129 2.117312 5.116277 -3.800676 1.591325 -0.717759 1.008181 -0.092694 2.747303
0.595764 -13.2222 6.754829 0.888953 -2.773611 -0.306132 3.966607 -6.287423 -2.99151 -5.437602 1.084897 2.294473 -0.103788 -4.338261 1.64072
-1.404236 -13.2222 6.754829 0.562125 1.518525 -0.282775 1.361939 -3.375395 -3.126474 1.118689 -1.211035 0.294037 -0.518338 -0.777946 2.171996
8.595764 -15.2222 6.754829 -1.27895 2.010902 1.819131 -5.032261 2.718699 -1.966749 1.846403 -4.023523 -0.355513 -2.287748 -2.030026 -1.167901
6.595764 -15.2222 6.754829 -2.314657 4.694756 1.48803 -3.803861 3.529517 -0.47282 1.492529 -0.245286 0.612911 0.021693 -0.746408 1.490082
0.595764 -15.2222 6.754829 6.043034 -1.703654 4.612031 1.555165 -3.548564 0.223267 0.475694 2.571553 2.34203 2.718431 -1.745378 1.877701
-1.404236 -15.2222 6.754829 7.195417 1.507799 5.329906 1.276525 -0.741694 -3.438041 2.489826 2.515007 2.364033 0.578197 -2.128637 3.324661
8.595764 -17.2222 6.754829 0.611377 3.602276 2.919648 -1.362268 -0.064714 -2.691467 -0.274294 -3.115898 -1.300013 -2.419907 -2.464685 -0.936514
6.595764 -17.2222 6.754829 1.932154 5.96745 1.954449 -1.528162 -1.188623 -0.602827 0.858533 -1.125959 0.76586 -1.000344 1.06604 0.774962
0.595764 -17.2222 6.754829 5.840853 -4.265721 2.601764 0.097263 -0.370123 2.31731 2.596713 0.523079 0.345668 2.818563 0.618355 2.33639
8.595764 -19.2222 6.754829 -0.603593 0.036251 1.178927 0.888728 -1.592817 -4.211257 0.19636 -2.436183 -0.636851 -2.380013 -0.207277 -3.014805
6.595764 -19.2222 6.754829 3.65459 -0.135337 3.349661 0.057191 -3.691438 -1.416984 0.045196 -1.736467 -0.143986 -1.466967 1.637093 0.354005
4.595764 -19.2222 6.754829 0.235304 -1.312499 1.989421 -0.714888 0.071935 0.176324 -1.499518 -0.303124 0.178217 -1.882504 0.198849 3.927813
6.595764 -21.2222 6.754829 0.306025 -0.640827 2.633397 -0.514876 -0.966308 -1.783362 -1.585561 -0.062741 1.573975 0.599934 -0.227343 1.453281
6.595764 -15.2222 8.754829 -6.674661 5.226436 0.377043 1.118301 0.142592 -1.539926 2.491616 0.993831 -1.708426 -1.012396 -3.52731 1.550502
-1.404236 -15.2222 8.754829 2.791515 6.814711 1.279557 5.193683 -6.601653 -4.555802 -2.142456 1.33136 -2.038822 0.041585 -3.403917 3.045388
8.595764 -17.2222 8.754829 -5.918682 5.453848 -0.245775 1.273436 -2.185693 -2.071141 0.376526 -0.233269 -0.170181 -1.852265 -0.571016 2.248992
6.595764 -17.2222 8.754829 -1.929498 4.605289 2.917357 -0.498631 -0.799248 -7.429671 0.096244 -0.81879 -0.151466 -3.536698 -0.988896 0.817088
8.595764 -19.2222 8.754829 -2.747517 3.678729 1.158322 0.356755 -2.759532 -3.455835 1.211972 -1.225584 1.047796 -2.096843 1.285383 0.916601
6.595764 -19.2222 8.754829 4.600608 1.002608 5.381184 -0.762357 -1.616706 -6.907619 1.006232 -0.871557 1.547858 -3.003062 -0.286642 0.914885
4.595764 -19.2222 8.754829 3.493299 -6.325808 6.756491 -4.96569 0.107059 -5.723732 0.641978 -2.285931 0.433848 -3.51344 -0.604517 0.581842
6.595764 -21.2222 8.754829 1.96413 -0.767118 4.769482 -1.396136 0.654446 -3.91957 1.838991 0.859539 3.029214 -0.235141 1.347021 1.094785
