-8.075523 10.27464 1.807312 2.861196 2.092405 -0.314482 0.493161 0.283969 2.845686
-10.07552 10.27464 1.807312 2.660484 1.864105 -0.962657 -1.158374 -6.423164 -4.031223
-28.07552 10.27464 1.807312 3.222129 6.69694 2.014474 4.898597 -4.536347 -1.059027
-8.075523 8.274635 1.807312 -0.657274 -1.166888 2.038961 5.112794 1.618579 1.326245
-10.07552 8.274635 1.807312 -1.496154 -0.394568 -1.850843 -0.106042 -6.603486 -7.54989
-26.07552 8.274635 1.807312 2.11012 0.219719 3.111235 1.516884 -0.297643 -1.491906
-28.07552 8.274635 1.807312 -0.457875 0.468747 0.54307 1.562903 -2.728528 -3.391674
-26.07552 6.274635 1.807312 -5.218386 -5.13435 -0.297486 -0.320175 -0.741353 -0.801458
-28.07552 6.274635 1.807312 -3.494152 -3.992047 0.366349 0.733096 -2.754774 -3.540123
-26.07552 4.274635 1.807312 -5.345307 -6.482886 -0.195135 -2.17987 1.733311 0.279174
-28.07552 4.274635 1.807312 -3.629872 -5.360069 0.837438 0.36199 -0.165824 -0.249931
-10.07552 12.27464 3.807312 0.138168 0.004562 2.014722 2.24064 -3.025934 -0.860004
-12.07552 12.27464 3.807312 1.243575 -0.174699 6.600324 6.059205 -2.072554 -2.470797
-8.075523 10.27464 3.807312 2.522331 1.95664 5.176272 5.334365 2.194391 4.647254
-10.07552 10.27464 3.807312 0.721753 -0.573474 1.048746 0.793509 -1.40017 2.67731
-12.07552 10.27464 3.807312 -1.06822 -3.948463 4.328503 2.782346 -6.247497 -4.990117
-26.07552 10.27464 3.807312 5.05891 3.753768 4.624396 3.956633 1.500932 2.562527
-28.07552 10.27464 3.807312 2.682964 4.384915 2.134004 4.022984 -0.151653 3.494816
-8.075523 8.274635 3.807312 2.110179 1.113157 7.920886 8.416951 5.558682 3.507957
-10.07552 8.274635 3.807312 -0.756273 -2.359472 0.799943 -1.091817 0.788322 -1.912722
-12.07552 8.274635 3.807312 0.343972 -1.104508 -2.627977 -4.922784 -7.24214 -10.00653
-24.07552 8.274635 3.807312 2.582328 2.041312 4.582725 4.244833 -1.195065 0.647883
-26.07552 8.274635 3.807312 2.85162 2.004849 3.633017 2.281929 -1.736919 -2.517883
-28.07552 8.274635 3.807312 -0.579554 -0.372266 -0.182948 -1.52305 -2.112126 -2.996616
-8.075523 6.274635 3.807312 2.862064 1.743052 -2.476692 -5.027977 -1.680314 -3.7953
-10.07552 6.274635 3.807312 3.226839 2.484335 -2.574796 -4.898974 -0.080186 -5.945754
-12.07552 6.274635 3.807312 1.901804 1.936525 -2.352247 -1.935563 -2.744202 -8.778247
-24.07552 6.274635 3.807312 0.455197 1.686283 4.908278 9.735225 -0.135508 4.470107
-26.07552 6.274635 3.807312 -0.63376 0.130328 3.631475 6.388074 -2.942505 -0.063326
-28.07552 6.274635 3.807312 0.455959 0.562059 0.772587 0.738397 -1.897286 -2.269772
-8.075523 4.274635 3.807312 5.110885 5.135479 -3.012187 -3.726128 -0.059059 -0.490969
-10.07552 4.274635 3.807312 6.222882 5.970923 0.757263 -0.088169 3.308424 2.573065
-26.07552 4.274635 3.807312 -3.635525 -3.773064 -2.39189 -2.433907 -2.761005 -0.149976
-28.07552 4.274635 3.807312 -2.806851 -0.673715 -0.689941 2.920402 -3.54639 2.308785
-26.07552 2.274635 3.807312 -4.509164 -7.166842 -4.525213 -10.2801 -0.500718 -3.666605
-28.07552 2.274635 3.807312 -7.975592 -12.01497 1.366636 -3.747514 -2.861562 -2.033177
-28.07552 0.274635 3.807312 1.777237 -0.126494 -1.924553 -6.620471 2.289681 0.340162
-12.07552 12.27464 5.807312 0.169433 0.283996 0.911837 0.405055 -1.638207 -3.739487
-10.07552 10.27464 5.807312 1.162061 -1.823429 2.534595 -0.475098 2.606632 1.855034
-12.07552 10.27464 5.807312 0.207585 -1.749877 1.702207 0.274525 0.435743 -2.113007
-14.07552 10.27464 5.807312 1.569523 0.356491 2.272028 2.352435 0.318291 -3.190393
-24.07552 10.27464 5.807312 5.837653 7.803719 4.395526 8.068763 1.242774 2.445163
-8.075523 8.274635 5.807312 3.57877 0.633713 6.491004 6.017455 5.869922 2.933578
-10.07552 8.274635 5.807312 4.001074 -2.054944 3.036596 -1.807904 8.120501 1.663166
-12.07552 8.274635 5.807312 4.534887 -1.467469 -0.996772 -8.304309 3.416784 -2.98454
-14.07552 8.274635 5.807312 4.68714 0.814013 1.824255 -2.993235 3.148231 -0.623467
-24.07552 8.274635 5.807312 2.66667 4.085609 6.229372 9.021905 1.499864 6.155417
-26.07552 8.274635 5.807312 5.175021 6.196115 1.490159 1.097842 -0.822263 0.395562
-8.075523 6.274635 5.807312 4.129469 3.747644 -1.696686 -2.188751 2.348084 2.47938
-10.07552 6.274635 5.807312 4.318618 2.85275 -1.996174 -3.314047 2.716352 0.858121
-12.07552 6.274635 5.807312 2.420551 0.627847 -2.157839 -4.267408 -0.238218 -3.284482
-24.07552 6.274635 5.807312 2.138884 -1.504538 8.856243 6.994634 6.094423 10.56587
-26.07552 6.274635 5.807312 1.295255 -0.114914 5.320474 4.452362 1.078775 4.43046
-28.07552 6.274635 5.807312 2.400974 3.091271 -0.941131 -1.137198 -1.081078 0.563092
-8.075523 4.274635 5.807312 0.432986 3.220317 -4.354751 -1.02074 -0.622696 0.728789
-10.07552 4.274635 5.807312 0.76634 4.554237 -1.150738 4.071498 0.443972 3.731473
-12.07552 4.274635 5.807312 2.136198 4.49008 0.515661 3.409619 1.333111 3.686053
-24.07552 4.274635 5.807312 -2.993138 -5.069942 -1.164318 -5.56239 -1.752187 -1.308972
-26.07552 4.274635 5.807312 -2.125273 -3.578744 1.657113 -0.597823 -1.183326 0.933193
-28.07552 4.274635 5.807312 -0.691771 0.538623 3.325847 5.776345 -0.384335 3.568264
-6.075523 2.274635 5.807312 -3.003226 -1.87626 -2.240661 -3.217735 0.405993 -1.523231
-8.075523 2.274635 5.807312 -0.642838 1.173981 -3.44818 -4.732754 -2.55986 -3.698122
-24.07552 2.274635 5.807312 -2.960153 -5.433879 -0.216611 -4.752928 -0.878882 -3.327592
-26.07552 2.274635 5.807312 -5.77648 -9.165181 -0.982038 -6.654574 -0.089417 -1.381374
-28.07552 2.274635 5.807312 -6.454443 -11.17573 5.679705 2.507293 0.780829 3.264742
-4.075523 0.274635 5.807312 0.456479 0.557288 -1.18756 -1.805086 0.806937 -3.210966
-6.075523 0.274635 5.807312 0.649539 0.557179 -1.037456 -2.477483 5.443132 -1.233322
-26.07552 0.274635 5.807312 -0.987371 -2.81525 0.200319 -4.134695 -2.629043 -0.774784
-28.07552 0.274635 5.807312 -2.503247 -6.100291 1.801788 -2.621412 -0.429944 0.415423
-30.07552 0.274635 5.807312 -3.971761 -11.67037 5.386856 -2.318384 -2.087295 -3.182608
-30.07552 -1.725365 5.807312 -4.81661 -13.08986 1.292 -9.967637 -1.867988 -9.36173
-14.07552 12.27464 7.807312 -2.960335 -4.49767 -2.811106 -5.958251 -1.42439 -4.833263
-12.07552 10.27464 7.807312 0.118013 0.045334 -1.790532 -3.676943 1.96862 0.862758
-14.07552 10.27464 7.807312 -2.881295 -3.683967 -0.997065 -2.580326 0.719041 -0.248053
-22.07552 10.27464 7.807312 -1.221928 -0.6184 -0.100327 3.389596 0.932473 3.199071
-24.07552 10.27464 7.807312 4.581655 5.702085 1.225435 3.90955 3.366965 2.430018
-10.07552 8.274635 7.807312 4.057988 2.53222 2.615162 2.672027 5.959195 3.544678
-12.07552 8.274635 7.807312 5.530721 2.733013 1.42255 -0.456869 7.495768 4.405977
-14.07552 8.274635 7.807312 3.168736 0.410211 1.352437 -1.425046 6.820765 5.326022
-22.07552 8.274635 7.807312 -3.472133 -3.109454 -3.028731 -1.741124 0.474213 4.45344
-24.07552 8.274635 7.807312 -1.014845 -0.279303 -0.337657 -0.127114 0.814591 1.129189
-26.07552 8.274635 7.807312 2.040317 1.505046 -0.767742 -2.393449 -0.451062 -2.883055
-10.07552 6.274635 7.807312 2.387979 3.314022 0.653636 3.374206 1.908818 2.992841
-12.07552 6.274635 7.807312 2.981716 2.799777 0.440325 1.025034 3.429269 3.344807
-14.07552 6.274635 7.807312 1.688881 0.906432 1.461262 -0.18618 3.474612 1.421069
-22.07552 6.274635 7.807312 0.049736 -0.455247 -0.782131 -1.45878 1.247392 0.889269
-24.07552 6.274635 7.807312 -1.419001 -2.32349 -0.160238 -2.905903 1.704674 1.068931
-26.07552 6.274635 7.807312 -1.517776 -1.637394 -1.319701 -3.405082 -1.679151 -3.265718
-8.075523 4.274635 7.807312 -1.855199 -2.017158 -2.171424 -0.158031 -6.324677 -4.176847
-10.07552 4.274635 7.807312 -3.549586 -0.180108 -0.58911 4.359806 -5.226931 -1.969037
-12.07552 4.274635 7.807312 -0.78986 1.64387 1.309349 3.938803 -2.030818 0.21652
-22.07552 4.274635 7.807312 -1.250146 -0.889107 1.242325 0.962791 -0.200115 -1.358242
-24.07552 4.274635 7.807312 -0.428691 -0.934981 -0.488889 -1.82306 1.482569 0.230419
-26.07552 4.274635 7.807312 -0.420289 -2.276183 -0.414523 -3.547628 -0.083893 -2.945412
-28.07552 4.274635 7.807312 0.697326 -0.206337 0.790908 -0.823367 0.19711 -2.634604
-6.075523 2.274635 7.807312 0.036879 1.416978 3.262094 4.147575 -1.772419 -0.17295
-8.075523 2.274635 7.807312 -0.796914 -0.847251 0.928713 0.585299 -4.454519 -2.346785
-10.07552 2.274635 7.807312 -1.53637 -0.239985 0.384223 3.261498 -4.374275 -1.262644
-24.07552 2.274635 7.807312 -1.053082 -2.483051 -0.845535 -2.698547 2.391851 0.026722
-26.07552 2.274635 7.807312 -1.685912 -3.846707 -0.302635 -2.529661 0.002376 0.247378
-28.07552 2.274635 7.807312 -0.078154 -2.096055 1.907712 -0.388787 -0.634103 1.187126
-6.075523 0.274635 7.807312 3.392694 3.797416 0.964216 0.88726 1.534995 3.509568
-8.075523 0.274635 7.807312 -0.618877 0.00024 2.702499 3.476445 -3.079358 -2.07782
-10.07552 0.274635 7.807312 1.321454 1.307432 1.338551 1.518737 -3.799281 -1.384658
-26.07552 0.274635 7.807312 -3.624933 -4.613012 -2.188266 -4.165243 -3.034213 -1.543875
-28.07552 0.274635 7.807312 -1.625329 -3.486309 -0.7103 -3.646838 -2.442059 -1.430261
-30.07552 0.274635 7.807312 0.222264 -2.073863 0.251221 -2.823044 0.871672 1.15024
-28.07552 -1.725365 7.807312 -0.111898 -0.695263 -2.689399 -5.675463 -1.070257 -2.246891
-30.07552 -1.725365 7.807312 -0.889638 -2.874104 1.410882 -1.47396 1.059018 -2.022679
-28.07552 -3.725365 7.807312 -1.371887 -1.113019 -2.434635 -4.096061 2.314598 1.625692
-30.07552 -3.725365 7.807312 -0.173496 -0.705101 1.245485 0.568083 1.591005 1.977371
-14.07552 12.27464 9.807312 -5.656121 -5.179574 -4.92694 -5.751485 -4.185071 -5.206883
-14.07552 10.27464 9.807312 -3.851666 -3.254323 -3.100999 -5.011746 -0.267836 0.798291
-22.07552 10.27464 9.807312 0.67025 -0.220051 2.328906 3.620544 3.803068 1.070164
-24.07552 10.27464 9.807312 3.17147 2.434548 2.06726 3.260849 4.772972 -0.655763
-12.07552 8.274635 9.807312 0.133962 0.598297 -0.542181 1.430446 1.687664 2.206779
-14.07552 8.274635 9.807312 -1.628586 -1.568034 -2.97175 -3.689126 1.92833 3.067915
-22.07552 8.274635 9.807312 1.483758 0.848516 0.605071 1.292109 1.950476 -1.587679
-24.07552 8.274635 9.807312 0.411561 0.458271 -1.092159 0.023575 1.750056 -3.50261
-12.07552 6.274635 9.807312 0.428393 0.275631 -0.541253 -0.566896 5.275849 3.408754
-14.07552 6.274635 9.807312 -1.548171 -1.119416 -2.292245 -2.859532 2.069289 -3.331637
-20.07552 6.274635 9.807312 3.61216 5.018822 5.850766 10.27754 -0.657831 1.316304
-22.07552 6.274635 9.807312 2.987028 3.263856 2.003401 3.644783 1.528454 -0.264681
-24.07552 6.274635 9.807312 -1.291102 0.87403 -1.969128 0.245455 1.236505 -0.607458
-12.07552 4.274635 9.807312 -2.076203 -0.644573 0.119316 2.056032 0.351349 -1.88655
-22.07552 4.274635 9.807312 0.798118 1.215291 0.937742 1.787215 0.967215 1.193553
-24.07552 4.274635 9.807312 -0.343036 0.843943 -1.259712 0.289055 2.251532 2.411533
-10.07552 2.274635 9.807312 -1.555349 -1.525477 2.419016 4.088522 -2.622806 -1.704137
-12.07552 2.274635 9.807312 -4.109943 -3.369941 1.841712 4.476098 -0.868863 -1.198931
-24.07552 2.274635 9.807312 -0.118543 -0.131916 -0.149958 0.95039 1.598691 1.191339
-10.07552 0.274635 9.807312 -0.753838 -2.186064 3.277092 2.730407 -4.573852 -3.361148
-26.07552 0.274635 9.807312 0.537948 2.244323 1.627274 4.015376 0.139401 1.57907
-26.07552 -1.725365 9.807312 2.594784 3.896383 -0.997249 -1.452412 -1.153963 0.595436
-28.07552 -1.725365 9.807312 1.013056 1.299392 -3.913727 -5.205613 -0.632618 -2.417619
-28.07552 -3.725365 9.807312 -2.423185 -1.410745 -1.535654 -1.340849 1.122232 1.712998
-22.07552 10.27464 11.80731 0.435673 -0.292626 -0.126056 -0.4633 -0.069141 -1.858592
-14.07552 8.274635 11.80731 -0.514076 -0.888899 1.775486 0.306 -0.746136 -0.433738
-14.07552 6.274635 11.80731 -4.203823 -2.823294 1.106719 3.267996 -1.41135 -3.110421
-22.07552 6.274635 11.80731 0.775562 2.153738 1.720507 3.98416 -1.070401 -0.260023
-24.07552 6.274635 11.80731 -0.560957 1.004976 -1.860162 -0.137202 0.923241 1.460011
-14.07552 4.274635 11.80731 -1.18962 -1.8539 -1.620003 -2.700718 -1.351527 -2.069025
-22.07552 4.274635 11.80731 -1.286911 -0.484573 2.759073 4.708024 -0.164702 -0.162611
-24.07552 4.274635 11.80731 0.020246 1.674034 0.758195 3.346491 0.767392 1.387942
-12.07552 2.274635 11.80731 -1.236955 -0.892358 -1.414769 -1.302905 1.1922 1.888799
-24.07552 2.274635 11.80731 0.130979 1.02052 0.082621 2.770571 -0.435535 -1.731229
-10.07552 0.274635 11.80731 -2.141002 -3.392998 1.437957 1.166774 -0.880781 -0.422784
-12.07552 0.274635 11.80731 -1.084593 -3.40634 0.791808 -0.978913 3.215613 1.232069
-24.07552 0.274635 11.80731 -0.302463 0.388154 1.205794 3.600669 1.817884 2.463789
-26.07552 -3.725365 13.80731 -2.235952 -3.241012 1.559789 1.656314 0.069034 -0.68559
