-2.5 -21 7 -3.876842 -4.416718 1.599889 0.853807 -1.704626 -1.891662
-2.5 -23 7 -4.9723 -5.816887 0.472654 -2.275996 -2.227681 -2.994649
7.5 -19 9 1.962533 0.129653 -0.456936 -2.781749 -0.040888 -2.263397
5.5 -19 9 -3.669561 -1.581031 3.480042 6.828617 2.278136 1.790835
9.5 -21 9 2.290229 0.668034 -1.004622 0.83584 -3.922055 -3.00439
7.5 -21 9 1.379946 2.104933 -1.336936 -1.208396 -0.998761 -1.386895
5.5 -21 9 -0.310001 0.932444 4.002718 5.761115 1.714736 0.199049
-0.5 -21 9 -4.390112 -6.541153 1.682855 2.624523 0.263817 -0.996544
-2.5 -21 9 -7.508171 -8.07445 0.892001 0.646284 -1.4938 -2.498907
9.5 -23 9 0.481901 1.118062 -0.965426 1.509161 -2.963318 -1.116197
7.5 -23 9 2.099279 3.173677 0.247998 1.90008 -0.068024 0.860087
-0.5 -23 9 -4.772778 -5.673027 0.365729 1.633508 -0.505683 -0.7747
-2.5 -23 9 -7.74157 -7.269456 0.123711 1.332021 -0.652842 -0.713068
-4.5 -17 11 1.617616 -0.831425 2.720804 1.130716 3.871437 4.179699
9.5 -19 11 5.306972 0.588647 1.191773 0.104111 0.195006 -0.846355
7.5 -19 11 3.978737 1.21766 0.386584 -4.042206 0.09307 -1.704107
-2.5 -19 11 -1.910014 -5.106775 -0.351706 -5.641526 1.312228 -0.385722
-4.5 -19 11 -3.525691 -3.774203 0.203384 -0.583032 0.965953 2.010888
-6.5 -19 11 0.060875 -0.233754 2.015481 1.875359 0.483854 1.447866
7.5 -21 11 2.979028 3.250906 -0.322349 -0.425205 -0.943042 -1.829394
5.5 -21 11 1.02945 4.117454 4.822569 9.297991 0.671516 -0.590672
-2.5 -21 11 -0.163826 -2.644517 -0.469567 -3.957493 2.336705 0.477451
-4.5 -21 11 -6.040299 -3.429721 -1.476896 -0.277145 -0.04024 0.931154
9.5 -23 11 1.768564 1.133036 -3.014674 -2.126985 -2.453036 -0.926157
7.5 -23 11 3.507838 4.926666 -0.400014 1.945131 -1.01956 -0.901462
5.5 -23 11 -0.017804 1.991904 5.806778 12.10439 1.094798 0.459026
-0.5 -23 11 -0.509859 -0.4983 0.892192 2.734162 1.59319 2.405266
-2.5 -23 11 -1.702433 -1.238873 -0.363093 1.055704 2.672384 2.317517
9.5 -25 11 0.401302 1.679567 -0.091101 3.560972 -1.164699 1.444409
7.5 -25 11 1.774385 4.886332 2.869558 9.935466 1.875475 3.162386
5.5 -25 11 -2.254888 0.51165 4.582344 11.77867 2.573893 2.953421
3.5 -25 11 -4.019014 -3.091681 2.962807 6.670345 -0.515811 -0.475246
9.5 -27 11 0.768645 3.520204 1.778332 6.525113 0.48159 1.599312
-4.5 -17 13 2.826514 3.019705 2.177544 3.89862 1.8403 1.417533
11.5 -19 13 4.961219 1.884986 0.881726 2.109842 0.336074 -0.057904
9.5 -19 13 7.187485 3.928797 0.959731 -0.988586 2.761151 1.7793
7.5 -19 13 3.132374 0.490354 0.142512 -1.844627 0.54823 -0.260928
-4.5 -19 13 2.76669 1.832073 0.201817 -0.292881 1.681202 1.408359
-6.5 -19 13 0.339698 0.91719 1.397759 2.256226 1.07745 1.211566
11.5 -21 13 11.1554 4.421081 3.769066 2.523868 0.144495 -2.512372
9.5 -21 13 8.29608 6.455751 2.917439 2.854416 2.46396 1.0059
7.5 -21 13 1.155086 1.094301 1.414311 0.187097 1.575235 0.721274
-2.5 -21 13 3.198177 1.427895 -0.798447 -4.58844 2.873688 1.476656
-6.5 -21 13 0.616256 1.89502 1.797766 5.166585 2.843258 2.696306
9.5 -23 13 4.359516 2.451977 1.239444 -1.079845 -0.236446 -1.47527
7.5 -23 13 1.034194 1.172181 1.541494 1.659449 1.658475 0.77807
5.5 -23 13 2.002098 0.9034 4.965243 5.968958 1.275095 -0.377934
-0.5 -23 13 1.948407 -0.492231 2.086735 1.917467 0.471255 0.538112
-2.5 -23 13 0.591799 -0.962375 0.110998 -1.291816 3.181785 2.692407
-4.5 -23 13 -1.601416 0.423684 -0.838477 2.107874 2.657592 3.764021
-6.5 -23 13 -1.700995 0.808588 1.206269 4.67163 2.6236 3.103678
3.5 -25 13 -2.006837 -2.033378 2.857176 2.317302 1.726003 1.527902
-0.5 -25 13 -2.226105 -3.863301 -0.215844 -2.279225 1.79014 2.344908
-2.5 -25 13 -5.302156 -4.469558 -0.005858 2.763206 0.505081 1.268403
-4.5 -25 13 -7.646289 -4.708324 -0.213228 4.308152 0.310297 2.673964
9.5 -27 13 6.376484 0.822062 2.929592 1.825913 1.236751 -1.373783
7.5 -27 13 -0.714298 -1.041313 5.700047 10.17321 1.251668 1.527973
5.5 -27 13 0.285748 2.624623 6.601762 13.05093 6.729249 7.818281
3.5 -27 13 -2.047052 0.224771 3.306393 6.271866 1.880119 3.459582
-0.5 -27 13 -4.986858 -6.29945 -1.624324 -4.485276 0.384392 0.030143
-2.5 -27 13 -6.403103 -4.128299 -1.127723 2.269865 0.220411 1.331694
7.5 -29 13 3.262536 -0.068737 3.496331 3.971728 4.274428 3.731863
5.5 -29 13 2.2628 1.343295 4.431416 7.084405 7.023588 6.852528
-2.5 -29 13 -1.404694 -0.974553 1.637055 3.509657 4.081672 4.364812
-2.5 -31 13 -0.259076 -0.5972 1.917597 4.014296 0.840573 1.054483
11.5 -19 15 -3.928183 -1.874661 -2.059134 -1.343752 -3.213253 -2.596122
-6.5 -19 15 -1.258449 -2.170966 0.67814 -1.476055 -0.282447 -0.971375
11.5 -21 15 1.632778 0.554088 1.130034 1.342115 -0.250774 -0.828374
-4.5 -21 15 -0.067861 1.426513 -1.000368 -0.728051 0.129996 0.675336
-6.5 -21 15 -1.212859 -1.796076 0.498097 1.113639 -1.1821 -1.701705
-8.5 -21 15 -3.017469 -1.992451 -1.818931 -1.739536 -3.415659 -2.300411
11.5 -23 15 1.29787 -1.827556 2.829554 1.335505 0.317906 0.490708
-4.5 -23 15 -2.813466 -1.556009 -1.931657 -0.83257 0.2271 1.405276
-8.5 -23 15 -1.460699 -1.254185 0.628491 1.52252 -1.436711 -1.563444
11.5 -25 15 -0.472845 -3.696964 4.334452 1.301771 -0.461813 -1.433074
9.5 -25 15 0.449968 -2.67668 4.163056 -0.037563 0.552668 -0.882635
7.5 -25 15 0.478333 -0.274029 3.398216 3.050415 1.118351 1.503031
5.5 -25 15 1.816527 1.764523 2.809519 2.874103 0.593864 1.040074
3.5 -25 15 0.692164 1.562445 1.579094 0.707077 1.124715 1.855911
-2.5 -25 15 -2.396912 -1.938027 1.709003 3.509579 -2.268876 -1.144789
-4.5 -25 15 -6.601756 -4.95865 -1.347175 -1.796772 -0.95493 0.249644
-6.5 -25 15 -3.26559 -3.202438 -0.389905 -1.866751 -1.081391 -0.958267
-8.5 -25 15 -0.854101 -2.235172 1.842062 0.804804 -0.534611 -1.168818
5.5 -27 15 4.854486 3.553082 4.656773 5.048712 3.84022 4.146129
3.5 -27 15 0.727473 2.453592 1.666949 3.238224 1.266221 3.333346
-0.5 -27 15 -1.54209 -1.015726 1.958857 3.450602 0.586414 1.085751
-2.5 -27 15 -3.51528 -4.299127 0.195542 0.293539 0.133181 0.307604
-4.5 -27 15 -5.762202 -4.994136 -1.181336 -3.626434 0.571091 0.737106
7.5 -29 15 5.668829 0.111555 0.2515 -6.954586 4.234459 3.518773
5.5 -29 15 4.185399 2.986062 1.832825 0.054635 4.82371 5.548436
3.5 -29 15 1.155697 2.023628 -0.832756 -2.208272 3.170743 4.854791
-0.5 -29 15 -2.485242 -2.436739 1.330248 1.955515 1.704049 1.607365
-2.5 -29 15 -1.359623 -3.748878 0.454256 -0.716663 3.000753 1.797432
-4.5 -29 15 -3.242234 -3.880631 -0.117301 -1.486616 1.600434 1.434985
7.5 -31 15 10.511 4.387473 -2.192604 -11.79088 8.276549 7.322183
5.5 -31 15 4.716175 2.848899 1.158621 -0.141012 2.34705 1.972422
-6.5 -21 17 -4.381906 -2.03633 -1.766775 1.122154 -2.190196 -0.618982
-8.5 -21 17 -3.251236 -2.464051 -2.771083 -0.446178 -3.26965 -2.018203
-4.5 -23 17 -4.424699 -2.325126 -2.411432 -1.031765 -0.966723 0.725823
-6.5 -23 17 -4.821205 -1.532017 -2.114225 1.76902 -3.052837 -0.389892
-8.5 -23 17 -2.720033 -1.43928 -0.576053 4.132146 -3.152716 -2.10408
-10.5 -23 17 0.779486 0.528997 0.855622 3.965486 0.483095 0.456426
13.5 -25 17 -0.422253 0.579409 2.01177 3.410767 -0.786577 0.748966
11.5 -25 17 0.780837 0.180706 4.847624 5.941868 0.325325 0.596968
-4.5 -25 17 -1.695176 -0.31101 -0.245589 0.188705 1.034991 2.265194
-8.5 -25 17 -1.760759 -1.471 0.988788 4.700736 -1.992212 -1.552278
11.5 -27 17 8.732336 5.519699 5.715924 7.741872 2.717069 1.291691
9.5 -27 17 3.973409 1.867873 2.436398 1.783581 0.698468 -0.707456
7.5 -27 17 0.960847 -0.475889 2.091237 2.484974 -1.010394 0.316189
5.5 -27 17 2.122983 1.68946 1.898649 4.204322 0.093524 1.438787
-0.5 -27 17 -1.996039 1.402634 2.732722 7.78451 -2.4073 0.699792
-2.5 -27 17 -3.653003 -3.06883 0.006222 0.998235 -1.244025 0.134158
-4.5 -27 17 -2.254791 -2.103287 -0.450825 -1.940226 0.993408 1.466744
-6.5 -27 17 -2.500408 -1.418478 -0.027933 -0.03072 -0.429647 -0.009224
5.5 -29 17 4.918237 6.085666 1.857319 5.138375 0.146577 2.510687
3.5 -29 17 1.997458 2.231983 1.315265 3.495668 1.915244 3.551154
-0.5 -29 17 -1.749173 -0.976071 2.252318 5.593575 -0.548542 1.051052
-2.5 -29 17 -1.232412 -3.06667 1.153379 1.121574 1.710983 1.386117
7.5 -31 17 10.80648 7.460127 0.494442 -1.468202 3.347753 4.583
5.5 -31 17 8.767956 7.427004 4.361932 7.710764 0.36282 1.504078
3.5 -31 17 6.358505 2.882794 4.544836 3.492162 1.092322 -0.069321
7.5 -33 17 9.330446 4.821471 0.699548 -3.466662 8.705805 9.317719
-6.5 -23 19 -5.787589 -1.846463 -1.531278 2.538026 -0.261158 2.106364
-8.5 -23 19 -4.843574 -1.580717 -1.441988 3.085847 -2.009849 -0.099254
-10.5 -23 19 -1.995434 -0.409928 -0.518044 1.905961 0.782625 2.17964
-6.5 -25 19 -6.750159 -3.900209 -2.134348 -0.41256 -1.954924 0.44306
-10.5 -25 19 -2.700201 -0.520694 -0.999182 1.868381 0.614471 2.181701
11.5 -27 19 0.837484 0.765328 1.179165 2.020915 1.67211 1.379946
-4.5 -27 19 -4.961639 -2.630276 -1.667048 -0.917901 -1.27839 1.183072
-6.5 -27 19 -6.037671 -2.884165 -3.226928 -2.738176 -5.307068 -3.471552
-8.5 -27 19 -6.910978 -3.746501 -1.097723 1.598877 -6.971565 -5.596927
9.5 -29 19 -2.047067 -0.495347 -1.470187 -0.476124 0.508252 0.065301
7.5 -29 19 1.221002 2.754572 -0.386614 2.555035 -1.030101 0.496516
5.5 -29 19 5.335132 5.53793 2.968009 8.383695 -1.59001 0.326536
3.5 -29 19 6.498789 3.577266 5.260643 10.65953 0.079839 -0.463537
-4.5 -29 19 -0.595403 -0.256851 1.688086 2.346817 -2.369394 -1.549758
-6.5 -29 19 -3.127743 0.858136 0.911934 4.760985 -4.038435 -3.3571
3.5 -31 19 15.30888 8.109971 8.690049 11.49393 0.263797 -1.887336
7.5 -33 19 9.294819 7.336333 4.161921 7.501242 5.594307 5.615442
5.5 -33 19 6.82874 4.70602 5.009781 7.905332 5.560983 5.923067
3.5 -33 19 11.74069 7.143186 7.527433 8.425856 5.041104 3.623724
5.5 -35 19 1.664721 0.959303 3.095718 5.385414 6.901936 7.321085
-8.5 -21 21 -0.764038 -1.227258 0.195849 0.030771 -0.393198 -0.01591
-8.5 -23 21 -0.823123 0.071757 1.650393 4.39445 0.409801 1.824036
-10.5 -23 21 -1.807021 -2.209874 1.703005 2.409185 0.273564 1.281227
-8.5 -25 21 -1.388023 1.41014 0.710779 4.237824 1.080031 2.277906
-10.5 -25 21 -1.564846 -1.440297 0.621388 1.087952 1.406299 1.479502
13.5 -27 21 -6.762385 -5.244714 -3.399435 -6.027746 -5.365204 -4.158915
11.5 -27 21 -6.353294 -4.719725 -4.529596 -6.707178 -1.793788 -0.430523
-6.5 -27 21 -1.422086 -0.841151 -3.822215 -6.294565 -2.151325 -1.195728
-8.5 -27 21 -1.606554 0.09158 -1.431975 -0.682482 -2.606271 -1.932839
9.5 -29 21 -4.162143 -4.238059 -4.904331 -7.052361 0.858613 1.263665
7.5 -29 21 -1.864205 -1.104617 -2.098122 -0.425576 -1.003704 0.618098
5.5 -29 21 1.917012 1.243277 2.923241 7.928954 -2.187072 -0.842708
3.5 -29 21 1.33051 -0.911432 3.96539 7.186167 -1.386311 -1.556123
-4.5 -29 21 -3.347158 -3.287628 -1.610427 -2.692661 -4.358719 -3.553257
-6.5 -29 21 -0.242014 0.168983 -1.453336 -1.63578 -3.509238 -3.591306
-8.5 -29 21 -1.905887 0.542214 -0.919044 1.738408 -3.325893 -2.239727
5.5 -31 21 7.350168 3.647971 5.882192 10.28534 -2.088455 -2.396119
3.5 -31 21 8.70267 2.26231 8.456085 11.37502 -1.680047 -2.255723
-6.5 -31 21 1.941072 2.256889 0.171804 1.570598 -0.882345 -1.611134
5.5 -33 21 6.637857 5.133865 6.367318 11.41762 3.098744 2.994956
3.5 -33 21 7.236938 2.768078 9.694082 13.16593 0.342324 1.266493
5.5 -35 21 1.002881 1.031765 4.04234 6.454088 2.704683 3.248104
3.5 -35 21 3.273823 -0.575919 6.764612 8.062688 -0.553529 -0.985695
-8.5 -23 23 -0.690463 -0.013472 -1.177365 -0.204582 -1.065445 0.555662
-10.5 -23 23 -1.743922 -0.623036 -0.421447 0.092392 -1.771238 -0.617522
-6.5 -25 23 -4.937663 -4.945091 -1.670264 -3.83817 1.785656 1.633324
-8.5 -25 23 -2.758133 -2.320635 -1.014917 0.020803 1.471988 1.957547
11.5 -27 23 -5.876315 -6.064725 -5.864411 -9.99909 -2.064162 -1.447282
9.5 -27 23 -0.513452 0.91531 -0.912667 0.883511 0.933862 0.692992
5.5 -27 23 8.183799 2.983421 7.243005 9.35987 2.781671 1.789752
-4.5 -27 23 -5.322999 -6.038363 -3.413769 -7.476931 1.154788 0.241672
-6.5 -27 23 -5.613946 -6.841749 -3.745806 -8.064354 -2.105695 -2.550673
9.5 -29 23 -0.329071 -1.201211 -2.547591 -3.804366 1.853362 1.059324
7.5 -29 23 1.361668 0.855824 -0.09005 1.638586 1.587245 1.644799
5.5 -29 23 5.87167 3.100157 2.951 5.819997 1.256309 1.138728
-4.5 -29 23 -2.725588 -2.612497 -1.817804 -2.181176 -4.07317 -3.777999
-6.5 -29 23 -1.019452 -3.353792 -2.017775 -5.5075 -3.879191 -4.844972
5.5 -31 23 8.022098 4.313913 3.641692 6.9954 1.535111 0.659177
3.5 -31 23 6.41844 3.674309 4.226359 4.310753 1.282749 -0.210369
3.5 -33 23 7.497339 3.583438 5.040775 6.427615 1.548556 1.107259
-8.5 -23 25 -1.194135 -0.053337 -1.80388 -1.296242 1.219706 2.388189
-10.5 -23 25 -2.632056 -1.824889 -0.850133 -1.419437 1.425497 2.312774
-8.5 -25 25 -2.162293 -2.30218 -1.393724 -0.132537 2.015726 1.721065
-10.5 -25 25 -1.062311 -2.164827 -2.003229 -2.420958 1.748212 1.299306
11.5 -27 25 -2.919845 -5.638093 -1.518799 -1.82169 -1.495542 -0.382606
9.5 -27 25 0.182106 1.394694 1.407901 6.202084 0.248233 0.705202
7.5 -27 25 2.502434 2.662433 6.009485 10.31112 2.056591 2.152082
-2.5 -27 25 -0.773464 -0.799284 1.623018 3.195031 1.006811 0.4621
-4.5 -27 25 -3.572647 -2.761617 -0.606709 1.918461 1.326342 1.817017
-6.5 -27 25 -5.71099 -4.283116 -2.776646 -2.487519 -2.645272 -1.46063
9.5 -29 25 -0.725679 -0.536545 -0.03936 2.64294 0.987496 1.552759
7.5 -29 25 1.118713 -0.745104 2.756531 3.871904 2.201705 1.884538
5.5 -29 25 7.080058 2.222457 4.880089 5.47008 3.024819 3.617943
7.5 -31 25 4.142138 1.274758 1.815083 3.592525 0.702977 -0.034859
5.5 -31 25 9.015789 5.898672 2.522777 5.192782 1.549572 0.55462
3.5 -31 25 8.979272 7.887541 3.595863 7.62261 0.966808 0.850024
9.5 -33 25 4.094486 1.354451 1.857955 2.594429 1.632646 -0.10159
7.5 -33 25 6.696076 4.162573 0.961688 1.471774 3.158094 1.702176
5.5 -33 25 8.790382 6.901133 1.952923 3.368282 2.164507 1.015209
7.5 -35 25 5.882027 3.874897 0.837123 1.270356 4.952335 3.88414
-8.5 -25 27 2.21677 1.205211 0.760154 0.212033 4.494138 3.206162
-10.5 -25 27 2.400005 0.364213 -1.30668 -3.147726 3.181176 1.72291
7.5 -27 27 5.544322 4.989578 5.222323 7.935952 3.131609 2.645679
-6.5 -27 27 1.657742 1.889716 -0.335363 0.081298 1.715154 1.279125
-8.5 -27 27 1.756802 -0.110485 1.147336 1.398162 0.177692 -1.417501
7.5 -29 27 2.803503 0.770794 5.060681 7.077982 2.920579 2.622071
5.5 -29 27 2.84529 -0.685695 5.711311 7.743535 3.104609 3.196089
7.5 -31 27 3.33675 1.625853 3.456933 5.357433 2.250785 1.876292
5.5 -31 27 7.854692 4.406835 4.830206 8.093502 3.615349 2.184406
9.5 -33 27 3.086765 2.213598 0.772626 1.284222 2.66783 2.20927
9.5 -35 27 0.651762 -0.174259 -0.766757 -1.817106 1.396297 0.881477
-10.5 -25 29 2.172513 0.196282 -1.213416 -3.614217 2.903531 2.674345
-10.5 -27 29 3.646202 2.061452 0.81781 1.177759 2.372125 1.801836
