-2.075523 -7.725365 -0.192688 1.248615 -1.037278 0.566469 2.761601 -5.06331 1.669452 1.090554 -1.595263 -0.652909 0.600698 1.91842 2.766211
-4.075523 -5.725365 1.807312 -0.933715 -1.069143 2.230167 2.627571 -1.791298 -0.646408 -1.243397 2.762642 0.50699 0.776123 -1.810839 2.429168
-6.075523 -5.725365 1.807312 -0.226567 -0.882229 -0.042387 -1.034618 1.034654 -2.047945 0.086521 2.448623 -0.769668 1.013393 -0.446552 1.918197
-8.075523 -5.725365 1.807312 -0.615645 0.047053 -2.558851 -1.57526 0.902082 -1.661525 0.350255 -0.763732 -1.462404 0.069995 0.154962 2.538147
-2.075523 -7.725365 1.807312 0.925683 -1.002423 1.747566 1.774215 -1.758502 -0.912323 -0.840232 -0.460742 -2.017008 1.884632 -0.535932 0.319436
-4.075523 -7.725365 1.807312 -3.832833 -1.31793 1.717959 1.465535 0.235218 -3.879407 0.872462 0.85184 -0.887027 0.424009 0.804101 -2.217726
-6.075523 -7.725365 1.807312 -1.247862 -2.486861 -0.078127 -2.198308 1.665887 -4.35336 1.112778 0.745194 -0.75023 1.155357 -0.504489 -4.351695
-2.075523 -9.725365 1.807312 1.038424 -0.564218 0.03457 1.018755 -1.300114 1.001055 -0.262446 1.142638 -2.788862 0.394772 0.68133 0.937165
5.924477 -5.725365 3.807312 0.277397 1.294926 0.103687 -6.815248 -4.910276 -1.752991 -1.005803 -2.742088 -1.92206 1.496775 -2.679483 1.869204
3.924477 -5.725365 3.807312 0.044544 -1.02082 -0.520335 -3.472203 -3.413104 -2.221487 -1.648601 -6.331445 -0.288766 1.725543 1.309302 -2.651361
-6.075523 -5.725365 3.807312 0.76387 1.291326 4.522744 -6.267413 3.059754 -3.59108 -0.827063 1.762252 -1.471041 -2.261778 1.116786 1.119108
-8.075523 -5.725365 3.807312 -1.753904 1.072374 -1.227114 -3.709857 3.385078 0.507455 -1.517662 0.782916 -0.783914 -0.283696 0.011839 3.585484
7.924477 -7.725365 3.807312 0.275409 -1.236776 -0.602433 -3.002252 -1.912871 -1.6667 1.189301 0.340348 -3.375349 1.449185 -0.645788 1.322754
5.924477 -7.725365 3.807312 0.387751 -1.958418 0.514285 -3.220908 -5.14329 -2.038986 0.727016 -0.745136 -0.820186 2.16392 -2.031276 1.9172
3.924477 -7.725365 3.807312 0.481256 -5.737306 -0.455991 -5.701238 -4.840893 -5.134367 -0.302468 -7.245475 -0.887596 -0.715198 1.599366 -2.434738
-2.075523 -7.725365 3.807312 -1.002356 2.62045 1.123013 0.287896 -4.063286 -0.858973 -2.025335 -0.400388 -5.108969 0.317259 -2.277307 -1.356368
-4.075523 -7.725365 3.807312 -2.709425 2.379684 0.350503 3.112986 -3.316342 -4.005037 -2.130075 0.440582 -4.987634 -2.433278 -1.130095 -4.433361
-6.075523 -7.725365 3.807312 -0.220526 0.806801 1.076483 -3.381504 0.70256 -3.547642 0.984848 2.776492 -2.430778 1.051552 0.112271 -3.293079
7.924477 -9.725365 3.807312 1.308199 -2.597941 -0.205023 -2.49223 -1.659761 -1.037919 2.81733 -0.125669 -1.643234 2.534716 0.978122 1.914825
5.924477 -9.725365 3.807312 3.06125 -6.22006 1.943506 -3.777751 -4.862268 -1.005306 2.107459 -2.66383 1.48774 1.170888 2.009688 -0.132365
3.924477 -9.725365 3.807312 3.917524 -7.489711 4.046852 -6.620409 -1.326908 -1.787606 1.256119 -5.823126 2.555962 -1.109966 4.7035 -3.449101
-2.075523 -9.725365 3.807312 -1.792459 0.393881 -0.222653 -0.955968 -6.805871 -1.8385 -2.666059 3.068643 -5.055859 0.656778 -3.30328 0.126993
-4.075523 -9.725365 3.807312 -1.819216 -1.743772 0.442182 -3.325386 -1.243704 -4.734118 -0.953289 2.198975 -3.490308 -3.239431 -1.181633 -1.947946
-6.075523 -9.725365 3.807312 2.047815 -2.097018 3.574734 -5.445129 -0.213653 0.009115 1.469662 1.03916 -0.084557 1.767147 0.319823 -2.742615
5.924477 -11.72536 3.807312 2.860043 -4.781547 3.579799 -4.080028 -0.794401 0.631725 0.999445 -4.182498 2.046403 -0.746484 3.368384 -1.019985
3.924477 -11.72536 3.807312 5.202282 -3.433429 4.724935 -5.633676 2.401594 2.337591 0.654892 -1.681802 2.264911 0.202316 2.594555 0.848899
-2.075523 -11.72536 3.807312 0.022397 -1.786581 1.231518 1.128747 -5.768605 -3.817521 -1.91054 2.488678 -2.198378 0.76329 -2.01514 1.108103
-4.075523 -11.72536 3.807312 -0.020177 -4.403049 1.853928 -7.970667 0.556046 -4.797336 -1.3754 -2.376383 0.630019 -5.13703 0.60999 -1.239499
-6.075523 -11.72536 3.807312 3.018634 -1.413067 6.00453 -3.464414 1.837284 0.62427 0.942162 -1.630167 2.732965 -0.008411 1.106926 0.473688
5.924477 -13.72536 3.807312 1.786569 -0.77643 2.011473 -0.882849 2.392663 1.181785 -0.468362 -1.722113 0.470052 -1.463602 2.19915 -0.173076
3.924477 -13.72536 3.807312 5.490671 1.589229 2.061189 -1.910993 3.303882 4.649897 0.539808 2.289095 0.725659 2.455703 0.722827 5.313889
-2.075523 -13.72536 3.807312 1.181981 -1.945572 2.975788 1.788898 -2.699404 -4.05632 -0.525806 0.457109 -1.276581 0.893324 -0.940159 0.058113
-4.075523 -13.72536 3.807312 0.885809 -2.091549 1.572823 -5.594937 2.247541 -3.56735 -1.623067 -3.880405 1.780863 -3.501148 2.565387 -1.354998
-6.075523 -13.72536 3.807312 1.46789 0.518638 4.053612 0.485478 3.07492 -2.446177 -0.201973 -2.872528 1.897654 -0.93849 0.439625 -0.393947
-0.075523 -15.72536 3.807312 1.679256 -2.421787 2.641373 2.636614 0.87443 -1.701753 -1.534876 1.984102 -2.727532 2.111508 -4.594748 1.086561
-2.075523 -15.72536 3.807312 0.02915 -2.904984 1.910741 0.220164 -0.649173 -3.964643 -0.283301 -1.55695 -2.814079 0.360193 -2.409135 -2.230048
-4.075523 -15.72536 3.807312 2.073308 -1.996787 -0.61675 -1.625574 2.097748 -4.083117 0.949514 -1.606178 0.471916 -0.139489 1.220214 1.302354
3.924477 -1.725365 5.807312 -4.035783 -1.862958 -3.810563 0.779882 -2.135316 -1.73487 -0.327892 -0.325593 -4.09614 0.539109 0.463268 -1.124145
5.924477 -3.725365 5.807312 1.780785 -2.913634 3.59336 -1.057861 -0.104767 -1.692146 1.736139 -3.171479 3.234775 1.830497 1.290676 0.483657
3.924477 -3.725365 5.807312 -2.323612 -3.198763 -0.7158 -3.914529 -0.049716 -5.350625 -0.781959 -9.844006 -4.402031 -0.260407 0.607591 -3.337523
7.924477 -5.725365 5.807312 5.321781 -1.921474 5.66626 -1.677729 0.988042 -1.135614 1.058213 2.070559 2.621757 0.471526 4.302762 1.14915
5.924477 -5.725365 5.807312 3.158277 -0.49707 4.54988 -2.077807 -0.420423 -0.175378 0.373327 0.214747 5.019344 0.520912 3.564127 0.582487
3.924477 -5.725365 5.807312 -0.24608 -3.402307 1.213774 -3.037391 -0.677177 -4.501987 -1.005006 -7.467409 -2.187783 -3.076045 0.192847 -4.825225
-6.075523 -5.725365 5.807312 2.385508 1.818372 6.997378 -2.722777 7.830101 -2.863854 -0.934222 6.568079 -1.759077 -3.270705 3.128615 3.322518
-8.075523 -5.725365 5.807312 -3.735451 0.635842 -0.508551 -1.114033 1.214555 0.516692 -4.552072 1.855083 -0.490207 -0.171296 2.769836 1.896402
7.924477 -7.725365 5.807312 1.833275 -2.140992 1.311793 -1.270574 0.355808 -3.870913 0.946857 1.84358 0.187828 -1.582901 0.241632 -2.338366
3.924477 -7.725365 5.807312 -0.217568 -5.073085 -0.330124 -5.11238 -2.996703 -3.675408 -1.728573 -5.003998 -3.175788 1.59908 1.453406 -3.448384
1.924477 -7.725365 5.807312 -1.900504 -4.488793 -2.084587 -1.891 -2.044428 -1.621728 -0.114922 -4.121327 -3.653248 2.938727 0.656513 -0.651175
-4.075523 -7.725365 5.807312 -1.552715 1.929614 3.172878 4.161866 1.039636 0.237299 1.508917 1.722346 -2.965298 -5.395018 -0.706917 -6.322472
-6.075523 -7.725365 5.807312 2.619728 -0.453118 5.388115 0.106873 6.861543 -2.83935 1.332555 4.419889 0.216831 -2.082197 2.864342 -3.737662
-8.075523 -7.725365 5.807312 -3.273245 -3.478814 0.969445 -3.118219 -0.154842 0.015176 -4.579359 -1.354427 0.206977 -0.720073 1.075047 -5.856425
7.924477 -9.725365 5.807312 1.340934 -1.770449 -1.749639 -2.129158 1.061686 -4.706524 0.24259 -1.271337 -1.993969 -2.867357 0.923445 -2.482413
3.924477 -9.725365 5.807312 3.097252 -4.932261 1.447104 -5.634985 -0.482257 -1.333016 -0.40771 -2.246838 -2.265682 1.143459 3.548631 -1.597794
-2.075523 -9.725365 5.807312 -7.390275 3.203924 -4.807642 -5.620789 -2.64914 1.469904 1.974946 4.419447 -4.61697 0.934985 -2.211225 -0.43911
-4.075523 -9.725365 5.807312 1.348518 -2.658098 3.81417 -1.146033 1.814173 1.499954 -0.299332 3.490691 -1.61965 -1.644796 -1.854618 -1.915207
-6.075523 -9.725365 5.807312 1.713422 -4.064655 5.530705 -2.799434 4.557692 1.211401 0.983793 2.649285 0.662983 -0.797038 0.480292 -3.247273
-8.075523 -9.725365 5.807312 -1.635177 -1.696451 1.388667 0.176578 1.719019 2.760482 -2.948943 -0.486617 -0.115066 0.044516 -3.799421 -6.386063
7.924477 -11.72536 5.807312 1.235924 -4.802494 -2.142947 -9.339318 -0.660726 -4.455644 -1.161485 -6.037603 -2.848696 -2.238053 2.958157 -2.663898
5.924477 -11.72536 5.807312 5.167853 -5.736391 1.632826 -10.79365 -2.166652 -0.233126 -0.463424 -5.656686 -1.515686 0.015678 3.644763 -2.192425
3.924477 -11.72536 5.807312 2.85904 -5.390327 2.260335 -9.3095 -0.066296 -1.143838 1.623495 -2.021043 -2.258866 0.100993 1.474595 -1.20861
-2.075523 -11.72536 5.807312 -5.906114 -1.695522 -4.788679 -8.655202 -7.557745 -4.290914 0.607875 2.358524 -6.349351 -0.179233 0.880329 -0.180416
-4.075523 -11.72536 5.807312 2.710495 -6.483514 4.527112 -9.003233 1.441238 0.23884 -0.678962 -0.628354 -0.129907 -0.44779 -0.039062 -0.257265
-6.075523 -11.72536 5.807312 0.408807 -4.586905 5.308743 -6.575851 3.383849 1.593417 0.185677 -1.017865 2.169777 -1.361386 -0.097214 1.304016
-8.075523 -11.72536 5.807312 0.059825 0.112139 1.317879 5.218001 4.440889 2.24684 -1.947473 0.601629 1.159864 1.582738 -4.55434 0.309114
7.924477 -13.72536 5.807312 0.008632 -5.585073 -0.50932 -4.891981 -1.384026 1.787455 -1.162419 -4.78922 -2.200432 -0.903818 1.785816 -0.963933
5.924477 -13.72536 5.807312 2.163884 -3.980457 2.9474 -7.511464 0.45138 1.500391 -1.681479 -1.513403 -2.686129 0.882325 2.074322 2.095268
3.924477 -13.72536 5.807312 0.777658 -2.188591 -0.106798 -7.617893 -1.570677 -0.497595 1.590871 -0.110815 -3.966506 1.932255 -0.47451 2.002322
-2.075523 -13.72536 5.807312 -3.396731 0.01872 -4.339306 -4.442068 -7.983245 -3.039837 0.419773 -0.370344 -6.989712 -0.522278 3.570275 0.290252
-4.075523 -13.72536 5.807312 1.719487 -1.926457 1.340244 -6.607951 -0.016059 1.890111 1.288329 -2.984899 0.169553 -0.718645 2.541246 -0.773872
-6.075523 -13.72536 5.807312 -1.552123 -0.265536 1.705187 -2.191295 -0.299496 1.691463 0.238709 -3.676846 2.63857 -2.569677 0.474507 2.065764
7.924477 -15.72536 5.807312 -0.074287 -4.544425 0.41305 1.895559 -0.259608 4.73972 -0.874713 -1.465334 -1.69914 -1.835747 -0.68791 0.895992
-2.075523 -15.72536 5.807312 -3.316533 0.756715 -4.922789 -2.611101 -6.026273 -0.828482 0.543278 -1.198805 -5.833065 -1.047721 1.935473 0.126177
-4.075523 -15.72536 5.807312 0.506986 1.366942 -3.964209 -1.35711 -2.005185 3.233157 3.168381 -0.778705 -1.042699 -1.017175 3.040619 4.11225
-6.075523 -15.72536 5.807312 -1.145063 2.903241 -1.900882 4.416992 -3.854236 2.764767 -1.351137 -3.058212 -0.617725 -1.160275 0.631177 4.003838
3.924477 -1.725365 7.807312 -0.150959 -5.460011 -3.094064 2.599561 1.859388 -1.136304 3.452488 0.497244 -2.827871 -0.361593 0.312752 0.854383
7.924477 -3.725365 7.807312 1.648055 -0.869671 0.805654 -2.607767 0.591673 -2.29427 -1.566002 -2.142158 -0.350588 -2.235862 -1.069968 -0.918786
5.924477 -3.725365 7.807312 3.363 -1.564365 1.370148 -2.600026 -0.145732 -3.526325 3.327094 -1.456009 -0.002555 -2.458933 -1.149461 2.383904
3.924477 -3.725365 7.807312 -0.301978 -7.203123 -0.639036 -10.47447 1.632438 -5.005639 1.634799 -7.004031 -2.895618 -7.570698 -0.494937 2.066201
7.924477 -5.725365 7.807312 4.557239 -4.925518 0.189587 -3.968417 -1.69621 0.485341 2.012355 1.171413 1.093384 1.159227 2.786233 0.88001
5.924477 -5.725365 7.807312 4.339294 -1.648606 -0.10318 -7.865386 -2.069058 -2.847984 0.357102 -0.86571 3.20017 -0.062451 1.670638 2.201735
3.924477 -5.725365 7.807312 -1.360323 -4.100086 1.16584 -10.6891 -1.882687 -3.762765 -1.479136 -4.569664 -3.174602 -4.515742 -2.780751 3.146137
-8.075523 -5.725365 7.807312 -0.544774 -2.753778 1.111193 -3.971922 -3.001563 -3.627814 -0.72266 0.66549 -1.146875 -1.135962 1.143967 -2.24131
7.924477 -7.725365 7.807312 2.629079 -3.153978 0.561296 -3.444698 -0.777444 0.472934 1.719905 1.567207 0.477041 0.158054 1.719557 -2.098695
5.924477 -7.725365 7.807312 1.048703 -0.169542 0.941939 -5.505303 -0.569022 -0.830678 -1.378208 2.523405 2.463136 2.023538 2.879436 0.138777
3.924477 -7.725365 7.807312 -1.272458 -2.404346 1.026383 -9.342722 -2.151013 -3.355882 -1.941194 -1.632706 -1.272012 2.054476 0.102553 -1.082728
1.924477 -7.725365 7.807312 -5.882175 -5.672686 -5.047041 -9.58363 -4.769917 -11.50687 -5.115975 -10.02431 -6.197151 -3.369492 0.155842 -0.898965
-6.075523 -7.725365 7.807312 0.789787 1.349386 -0.988093 -0.897625 -0.08854 -0.63727 -1.308166 4.004807 -0.073945 0.088427 -0.103195 -1.316666
-8.075523 -7.725365 7.807312 -0.680014 -1.303934 -1.637214 -1.676625 -1.867144 -2.228916 -3.666417 0.293309 -0.229162 -0.078168 -0.62272 -3.129951
9.924477 -9.725365 7.807312 -0.621824 -0.702138 -1.944244 -1.688283 -0.002549 -1.266403 -1.888311 0.567728 -0.488002 -2.179488 2.121122 -0.872589
7.924477 -9.725365 7.807312 -0.358187 -0.863756 -0.729885 -4.380358 0.62962 -2.827397 -1.564844 -1.733587 -1.700972 -3.79226 -1.37746 -5.446496
5.924477 -9.725365 7.807312 1.082227 0.628429 1.811989 -2.296687 0.500029 -0.33198 -0.591426 1.965038 -1.985281 1.023055 1.41148 -0.732593
3.924477 -9.725365 7.807312 1.464052 0.031031 2.135231 -3.506774 -0.359744 -0.852132 -0.045696 2.858427 -1.469288 2.94979 1.60403 1.007059
1.924477 -9.725365 7.807312 -0.726221 0.654053 -1.963963 -6.44469 -2.523945 -5.960152 -1.847589 -4.248197 -1.602882 -0.591923 3.936762 0.087714
-2.075523 -9.725365 7.807312 -3.203641 4.477568 -2.228264 -7.927166 0.659685 1.378618 3.378225 -0.085177 -2.87498 1.460226 0.507402 4.689091
-4.075523 -9.725365 7.807312 0.884344 -1.060762 2.994862 -6.453393 0.086479 -0.009927 0.355098 0.968805 -1.773157 -1.183355 -0.297369 1.664605
-6.075523 -9.725365 7.807312 1.718723 0.557704 -0.104227 -4.298096 -0.578509 -0.076583 -0.892318 2.067028 1.85031 -0.051287 -1.864375 -1.0292
-8.075523 -9.725365 7.807312 -0.543253 0.874947 -1.333335 -4.034969 -1.583338 -3.743585 -3.754579 -0.009088 1.532028 -0.344217 -3.311441 -3.933804
9.924477 -11.72536 7.807312 -2.449328 0.579259 -1.61243 4.175682 1.409976 -2.59845 -3.138893 0.435037 0.081923 0.031753 2.335932 0.098927
5.924477 -11.72536 7.807312 0.816261 -2.131072 1.5622 -7.897443 -2.538536 0.985784 0.43315 -0.301716 -4.821893 0.259259 0.315502 -2.904209
3.924477 -11.72536 7.807312 0.876785 -1.439895 1.636591 -3.980666 -2.190837 0.443816 0.294794 3.133977 -3.6608 0.632768 -0.05331 -2.09
1.924477 -11.72536 7.807312 2.441566 -0.391544 -0.564217 -5.775074 -0.428963 -3.835365 -0.216687 -3.621088 0.478614 -3.526828 3.663532 -2.48051
-2.075523 -11.72536 7.807312 -2.62462 4.238195 -0.974931 -4.89999 -1.679316 0.9629 2.481506 1.576955 -3.882483 -0.027822 3.765262 5.220512
-4.075523 -11.72536 7.807312 5.73903 -1.226045 8.210118 -3.196664 3.428565 5.789783 0.197079 2.101585 0.639447 0.261155 1.3076 4.241005
-6.075523 -11.72536 7.807312 3.919052 0.958798 3.906174 -0.445137 1.620828 2.883641 -0.626722 1.461501 3.588096 -4.006457 -1.534476 1.321801
-8.075523 -11.72536 7.807312 2.243912 4.233353 3.180908 3.67441 0.971299 -2.732702 -1.636997 2.915145 1.984836 -4.444087 -3.279075 1.086203
9.924477 -13.72536 7.807312 -0.051275 1.884418 -0.195287 6.037883 0.186591 1.53162 -0.964166 -1.224373 4.019868 1.454844 2.33354 0.735326
5.924477 -13.72536 7.807312 -1.00131 -4.483153 1.646983 -14.11298 -3.076023 0.495668 -0.229973 -0.10068 -4.624821 1.956293 0.202137 -1.1867
3.924477 -13.72536 7.807312 -1.805909 -2.65065 1.31483 -9.74017 -5.562789 -1.256774 -1.403731 -0.621691 -5.317848 -0.360776 -1.629824 -5.353707
-2.075523 -13.72536 7.807312 -3.386619 3.986211 -3.791222 -7.884278 -5.260695 -1.56302 0.394327 0.549899 -6.582864 -2.921882 5.570659 1.387809
9.924477 -15.72536 7.807312 -1.501083 3.69256 -0.09361 6.755467 -3.06234 5.870967 0.857843 -1.68254 2.098126 -0.395774 0.334287 -1.612882
7.924477 -15.72536 7.807312 -0.534503 -1.028064 -0.696253 1.878946 -2.524613 6.227904 0.005361 -0.043907 -2.097752 -1.459952 -0.533255 2.989382
-2.075523 -15.72536 7.807312 -6.384664 3.136064 -8.702163 -6.633346 -7.70173 -2.242069 1.347276 1.191755 -7.511587 -2.059003 5.287616 -1.14109
-4.075523 -15.72536 7.807312 -2.920854 1.658427 -5.480756 -4.576931 -4.241757 5.136491 3.207894 2.763628 -1.959055 0.206255 2.468888 5.743577
7.924477 -17.72536 7.807312 0.082091 -2.424191 2.193636 3.735946 -5.60568 5.776614 -0.6456 -1.435382 -3.611427 -2.198536 -2.200439 1.698834
-4.075523 -17.72536 7.807312 -6.867483 2.763748 -10.01266 -0.681765 -6.182992 3.084755 5.294283 5.080454 -2.544741 0.249447 1.441027 7.162588
-6.075523 -17.72536 7.807312 -1.24359 1.984468 -2.215687 4.684005 -3.313548 4.055843 0.371656 -0.024942 0.4686 -0.49345 0.081255 4.04493
-8.075523 -5.725365 9.807312 -0.764212 -1.674654 -0.793594 -4.227012 -4.95335 0.848793 -0.309923 -2.728626 -3.071542 0.155287 -2.846919 0.61202
-6.075523 -7.725365 9.807312 -3.900114 4.146326 -2.440759 5.228479 -4.009055 4.454248 -0.686083 4.517131 -2.2116 2.288791 0.783147 0.598092
-8.075523 -7.725365 9.807312 -0.092049 1.497962 -3.513693 4.770998 -2.757348 6.696887 -2.086471 2.339996 -1.430721 0.021975 -2.041253 3.899432
7.924477 -9.725365 9.807312 -0.966856 -1.499576 3.183452 -2.849715 -0.948047 2.082938 0.694834 -2.977336 2.34928 -2.709135 -0.017302 -3.248727
3.924477 -9.725365 9.807312 1.134181 1.47962 3.390491 -0.947492 3.147816 1.22385 0.345219 -0.632164 5.245898 -0.326225 1.779016 -0.80991
1.924477 -9.725365 9.807312 -1.075464 2.739725 -2.148641 -5.809143 0.540868 -3.48795 2.411777 -6.54867 4.482087 -2.297088 -0.781097 -0.543439
-4.075523 -9.725365 9.807312 1.154973 0.553454 3.868022 -1.189923 0.978121 -2.735102 -0.847498 -3.241647 -1.186699 -4.849164 -0.869984 -1.777408
-6.075523 -9.725365 9.807312 -3.845554 3.630613 -2.007612 3.90769 -1.319813 3.491004 -1.023207 2.801094 -1.700788 -0.722054 -1.758454 0.298886
-8.075523 -9.725365 9.807312 -0.5805 2.077915 -2.835645 2.722985 -1.01815 3.9067 -1.712424 0.821273 1.41484 -0.012317 -1.94968 3.369018
7.924477 -11.72536 9.807312 0.121372 -3.831216 -0.041244 -0.283059 -1.931059 -2.966889 1.453022 -1.751003 2.122229 -2.965279 -0.889381 -3.763765
3.924477 -11.72536 9.807312 0.521566 1.021397 3.204713 3.868923 1.600084 3.549464 1.144902 -3.473028 0.085117 0.344076 3.37809 -3.155376
1.924477 -11.72536 9.807312 -0.606955 3.438222 -1.200622 -1.72368 1.92687 0.911312 2.191695 -6.163786 4.746252 -1.803723 1.265381 -1.743196
-2.075523 -11.72536 9.807312 -0.641065 1.720143 3.293272 4.122735 -0.160812 1.969878 2.058801 0.344233 -0.477349 -3.137863 0.820823 0.031065
-4.075523 -11.72536 9.807312 3.455431 1.775319 8.518591 5.634139 2.734848 6.224493 1.565905 -0.341662 -0.669782 -3.002319 -0.053223 2.631154
-6.075523 -11.72536 9.807312 1.67348 3.3711 2.646174 8.064771 1.207883 5.546486 -0.69434 1.822793 1.152059 -3.186943 -4.176111 3.402375
9.924477 -13.72536 9.807312 0.300103 -4.079798 -0.508726 3.568519 0.167233 -3.561648 3.347224 -3.141683 2.235788 -1.099568 0.333888 -3.152527
7.924477 -13.72536 9.807312 -0.96535 -2.807226 -2.978037 -2.870827 -1.580429 -2.275371 2.34691 -0.094239 0.787666 -1.333317 -0.011384 -3.085648
5.924477 -13.72536 9.807312 -1.57766 -1.89064 -0.442768 -3.988266 -3.455264 -2.702852 1.36626 -1.421435 -3.332186 1.928354 1.338961 -5.987845
3.924477 -13.72536 9.807312 -1.759537 0.052784 0.828855 -0.968231 -2.667062 0.283031 -0.722391 -3.941247 -4.36619 -0.352291 3.376858 -9.513741
1.924477 -13.72536 9.807312 -2.406112 1.099145 -1.739839 -2.448204 0.194813 -1.376613 -0.820554 -6.135198 1.057809 -2.715982 0.580964 -3.565031
-0.075523 -13.72536 9.807312 -0.048695 2.064762 1.399914 -0.743641 0.109827 -4.440012 1.963723 -0.231985 1.539674 0.849346 4.009752 3.12928
-2.075523 -13.72536 9.807312 0.976102 -0.986933 3.219556 -0.685217 -3.022596 -4.005229 2.089142 1.510207 -2.11587 -2.185443 3.695244 0.00647
-4.075523 -13.72536 9.807312 3.675862 -0.694885 4.576943 -3.781161 0.921975 3.054525 0.020374 -0.744614 -2.122147 -2.372435 0.031541 1.266647
7.924477 -15.72536 9.807312 -2.508752 1.772325 -0.523953 1.393236 -0.671175 3.745398 1.712564 1.151804 0.498294 0.373244 0.024686 -1.155182
-2.075523 -15.72536 9.807312 -1.744889 -4.513168 -1.695131 -9.434725 -5.472265 -8.000481 1.120723 1.059596 -2.725793 -1.554485 4.976877 -1.564476
1.924477 -11.72536 11.80731 -2.824658 -1.361282 -4.40982 4.329245 -0.699787 6.281106 3.886695 1.4937 0.471082 3.640913 -2.593525 2.162113
-4.075523 -11.72536 11.80731 0.889385 -0.101554 11.32279 5.851604 3.496018 2.910558 3.654314 -0.561071 2.356231 -2.179665 0.107391 -2.626347
-6.075523 -11.72536 11.80731 -0.845956 5.042654 6.553425 8.263547 0.274445 5.088653 1.333312 -0.296506 1.345626 0.679286 0.162315 -1.981599
5.924477 -13.72536 11.80731 0.626322 -1.164063 -1.323572 3.466044 -1.823005 -0.160452 -2.235359 -3.297902 -3.816998 0.316423 1.865571 -2.256582
3.924477 -13.72536 11.80731 -1.091403 -0.996956 -2.25665 3.999415 -3.619895 2.651556 -1.341118 -2.457424 -5.442269 3.662368 2.003022 -0.813151
1.924477 -13.72536 11.80731 -4.076358 -0.862453 -6.572859 3.563132 -0.862396 5.436127 1.966696 0.300891 2.14354 5.008849 0.938444 5.089021
-0.075523 -13.72536 11.80731 -0.401958 -0.919751 0.273195 1.73187 -2.304551 2.389461 3.137188 -2.027482 3.389863 1.529055 1.077414 6.292163
-4.075523 -13.72536 11.80731 0.757788 -2.316103 7.428627 0.531354 1.420522 1.787463 1.890923 0.872224 -0.513552 -0.032435 -1.118856 -4.050797
-6.075523 -13.72536 11.80731 0.539132 1.006318 6.850172 3.517817 2.171499 1.777003 0.755814 -0.505538 2.068214 1.104555 -0.080732 -0.827216
7.924477 -15.72536 11.80731 -0.587544 -0.081738 -0.407883 1.042839 -2.587527 1.550342 -0.537377 2.152434 -0.734752 1.316485 1.310954 -4.549455
5.924477 -15.72536 11.80731 -0.329715 -0.117306 0.483454 3.492194 -1.282949 2.419353 -1.438932 -1.464866 -2.469802 -1.522424 3.363065 -5.295773
3.924477 -15.72536 11.80731 -1.576013 -1.659432 0.665129 4.677613 -2.551505 1.842119 -2.097829 -2.231367 -4.277701 0.2116 3.09803 -0.766895
1.924477 -15.72536 11.80731 -3.451474 -2.841735 -4.004762 6.127402 -0.678702 2.703471 -0.319826 -1.216735 1.332196 2.654491 2.033392 5.952713
-0.075523 -15.72536 11.80731 0.160155 -5.137564 -0.074254 4.033894 -1.603868 -1.017556 0.998653 -1.298459 4.846509 2.154157 2.102591 4.666036
-2.075523 -15.72536 11.80731 0.936331 -5.549376 1.288623 -2.354121 -6.362919 -5.54775 1.318434 -0.169593 -0.020473 0.080602 0.084437 -0.357356
-4.075523 -15.72536 11.80731 -0.55328 -1.830852 1.230817 -5.735998 -1.560239 -1.728714 0.502358 0.487166 -1.516264 1.452197 -1.180086 -1.749506
-6.075523 -15.72536 11.80731 -1.047102 0.328296 2.42122 -0.157522 1.703631 0.124605 -0.280892 -0.920224 -0.701658 3.184806 0.576101 1.774391
5.924477 -17.72536 11.80731 -1.215831 1.735827 3.637222 7.008769 -1.733202 5.734808 0.233352 1.077424 -1.170308 -0.591827 0.752397 -2.928216
3.924477 -17.72536 11.80731 -0.88428 -1.391516 4.168054 6.962696 -0.685316 2.752983 -1.729975 -0.330801 -0.912815 -1.8008 -0.152572 0.602932
1.924477 -17.72536 11.80731 -1.211401 -1.686857 1.491083 8.310822 -0.440244 0.790871 0.32695 -0.71412 1.504151 1.63726 1.683791 3.893488
-4.075523 -17.72536 11.80731 -2.08603 2.242073 -0.381893 -4.261878 -3.157475 -1.426235 2.304374 3.261369 -0.018301 2.148931 -0.044583 3.088065
-6.075523 -17.72536 11.80731 -1.281164 1.976351 0.364276 0.866931 -1.077462 0.075317 0.992512 0.440441 -2.649289 4.251471 1.523754 2.742637
-0.075523 -13.72536 13.80731 -0.607908 0.505081 0.365501 9.765273 -1.289386 3.833837 0.938303 -1.028551 -2.075816 1.385029 1.318255 2.690702
-4.075523 -13.72536 13.80731 -0.989965 0.040171 4.779299 1.541259 -1.461049 2.678859 1.077939 -1.149181 -0.942098 -2.826706 -2.882189 -2.289848
-6.075523 -13.72536 13.80731 0.533884 5.575796 4.471885 2.578719 2.543111 3.255776 3.481403 -0.314935 2.292842 -0.759104 -0.718487 -0.329143
1.924477 -15.72536 13.80731 -0.03892 -1.149782 -1.952614 9.315775 -3.375723 2.1675 3.032011 0.345305 -0.100332 3.542764 1.694223 3.8238
-0.075523 -15.72536 13.80731 0.774737 -2.999063 -0.425661 10.63794 -3.810148 1.37656 0.815047 -3.376452 0.26257 1.252205 0.119867 1.25239
-4.075523 -15.72536 13.80731 -1.258978 -0.717149 1.448915 2.399018 -2.660121 0.820778 1.047534 -0.628917 -1.992759 -0.167722 -6.212773 -2.633853
-6.075523 -15.72536 13.80731 -2.056715 1.66321 0.664382 4.058263 1.027857 1.487097 0.963333 2.765856 -0.687166 1.411856 -2.863497 0.910116
5.924477 -17.72536 13.80731 0.176745 -0.221709 -0.852887 5.545323 -5.012106 2.250783 -0.148048 1.56792 -1.974846 0.186428 1.575576 -2.513834
3.924477 -17.72536 13.80731 0.366989 -1.443156 0.694462 5.768335 -3.985793 2.044243 0.801026 0.784579 -0.271755 -0.089753 0.853413 -0.141478
1.924477 -17.72536 13.80731 0.186854 -2.479126 0.244217 8.653844 -2.733697 2.640638 1.303618 -0.616288 0.99094 2.415372 0.02322 4.20531
-6.075523 -17.72536 13.80731 -1.999605 1.456897 -0.004434 5.681055 -1.927968 2.739677 0.317326 1.637507 -4.430202 3.050368 -1.16213 0.290755
-8.075523 -17.72536 13.80731 -0.690786 0.15539 2.089226 5.777607 0.782312 0.274464 -0.460279 1.895263 -2.824654 -0.875289 2.56257 1.760716
3.924477 -19.72536 13.80731 0.203214 -0.870355 1.619837 3.622728 -0.53043 0.59364 0.930233 1.073506 0.920411 1.126557 -0.340861 0.052927
3.924477 -17.72536 15.80731 0.153357 -1.604332 -0.525358 0.109759 -2.564482 0.058248 0.347793 1.551501 -3.28622 1.666137 1.648686 0.048744
1.924477 -17.72536 15.80731 -1.097004 -0.959819 -0.050621 1.982179 -0.189921 1.969976 1.489634 3.181186 -1.476895 2.510605 0.647815 3.099475
