3.083771 -3.825195 -18.50076 2.869946 1.249148 2.78435 -0.163134 1.913868 -0.251265 1.415177 -1.721917 3.153513 -3.000578 1.805023 2.83402
3.083771 -5.825195 -18.50076 0.132298 3.851707 -0.43449 -1.304084 1.354957 -0.472906 0.950025 -0.357883 2.720197 -2.447909 -0.973739 1.721872
-2.916229 -5.825195 -18.50076 -2.893657 -0.195924 1.669476 -2.950633 -3.07948 -1.886502 -0.570247 -1.082834 -3.165685 -1.227522 -2.526979 0.643902
-4.916229 -5.825195 -18.50076 -0.720568 0.853945 1.044594 -2.417617 -6.481713 -2.717993 1.230334 -2.537646 3.260077 -0.681041 -1.266346 1.006499
5.083771 -1.825195 -16.50076 2.755181 -1.726807 5.351685 -5.31368 1.692826 -2.024662 -0.854423 -1.640569 1.827115 -1.075541 1.048604 1.333781
3.083771 -1.825195 -16.50076 0.6709 0.96576 -3.487345 -3.25355 0.78378 -5.685134 -0.391442 -2.136439 4.157907 -0.774355 -1.383169 1.715499
-4.916229 -1.825195 -16.50076 -6.708659 1.284184 -1.204152 2.068792 -6.466324 -1.494787 -3.703377 2.623451 -4.299053 0.310084 -5.821157 1.300012
5.083771 -3.825195 -16.50076 1.556215 0.374416 2.896143 -3.516838 2.033764 1.099535 -2.511552 -0.697556 2.142597 -3.036082 1.458442 1.038221
3.083771 -3.825195 -16.50076 0.129011 1.353384 0.02186 -0.902286 3.30363 -2.868783 -0.928358 -3.114516 0.694728 -2.569942 -0.780242 2.914393
-2.916229 -3.825195 -16.50076 -3.238679 2.772909 3.495577 0.169853 -4.735512 4.678595 -2.131802 -1.007221 -1.792801 1.416151 -3.484177 -0.379269
-4.916229 -3.825195 -16.50076 -2.164294 2.171285 2.417482 0.497677 -4.163476 -0.304597 1.082025 0.887453 -0.780251 0.578481 -2.620322 2.955503
5.083771 -5.825195 -16.50076 -1.260661 4.647362 2.125431 -0.098093 3.743618 2.396472 -2.044961 -0.00205 2.086539 -0.670561 -2.341121 1.570821
-0.916229 -5.825195 -16.50076 -2.280327 2.914954 6.884943 2.545218 3.668092 1.207659 0.522486 -0.891837 2.319222 -0.466842 -1.720813 3.000407
-2.916229 -5.825195 -16.50076 -2.960732 3.323633 6.099091 -0.8733 -2.492388 0.774181 -0.249796 -0.966082 -0.363615 -1.088691 -0.566821 3.589875
-4.916229 -5.825195 -16.50076 -0.183022 3.119185 4.646342 -2.145447 -2.939816 -0.744151 3.090342 -1.710289 2.975492 -0.115763 1.309075 4.227787
5.083771 -7.825195 -16.50076 -2.931279 5.8022 2.491958 1.573051 3.887017 3.360723 -1.814963 0.334983 -0.132184 1.723928 -3.6992 1.205135
3.083771 -7.825195 -16.50076 1.541034 5.422899 1.589107 -0.553973 1.388994 -1.089588 -0.895818 -1.348018 0.707166 -1.96739 0.041606 3.906919
-0.916229 -7.825195 -16.50076 -0.006057 1.549899 6.875432 -1.994219 2.780686 -3.540817 -1.031292 -0.421344 1.303697 -2.933053 -1.283959 2.206123
-2.916229 -7.825195 -16.50076 -5.515976 1.813088 1.723713 -2.275933 -4.563493 -2.35401 -2.290917 -1.55461 -2.561426 -1.843263 -1.908873 2.128247
5.083771 -9.825195 -16.50076 -2.670938 -0.294541 1.276914 -3.618574 1.850245 0.573697 -2.99134 -1.368765 -1.681467 -0.621556 -2.700407 -1.595066
3.083771 -9.825195 -16.50076 6.126112 2.149164 2.70297 -0.362146 0.993295 2.69398 -1.774353 -1.286329 2.666313 -2.057084 1.962133 2.619931
1.083771 -9.825195 -16.50076 6.504834 2.538577 3.985758 -1.332024 2.499447 -1.896649 -0.96396 0.255213 3.455762 -3.892637 3.238353 2.543787
-2.916229 -9.825195 -16.50076 -4.424446 -0.207637 -1.068017 -1.343915 -1.841043 -1.61047 -1.844333 -2.431592 -1.498811 -0.982143 1.034753 -1.228334
-4.916229 -9.825195 -16.50076 -1.547069 -0.547594 -0.643632 0.879854 -1.511354 3.44942 -2.253235 -2.726743 1.811675 0.304334 2.108985 0.676835
3.083771 -11.8252 -16.50076 5.037118 -2.859277 2.069804 -3.29533 1.807042 2.046073 -2.345498 -2.460521 2.280793 -2.507054 2.71106 -2.121207
1.083771 -11.8252 -16.50076 3.01366 2.486508 3.025786 -0.568202 2.172524 5.171387 -2.17304 -0.115698 1.71958 -2.410814 2.32851 -1.631005
-2.916229 -11.8252 -16.50076 -2.61863 1.388638 -0.685934 -0.206471 0.231146 -1.435539 -0.927981 -1.698067 0.0994 0.433572 3.77498 -1.057499
-4.916229 -11.8252 -16.50076 1.399341 -1.783068 2.537601 1.398409 1.489832 0.485276 -0.807547 -2.067 2.349364 -0.713226 2.334426 -0.724712
-2.916229 -13.8252 -16.50076 -3.364399 2.515603 -0.429576 0.946472 -1.518267 -0.75482 -1.258964 -0.030391 -1.017806 1.292286 1.947982 0.518614
5.083771 0.174805 -14.50076 1.593498 -0.721401 -1.548261 -0.638506 0.53353 -2.766664 -4.167217 -1.523436 -4.856228 -3.832165 -7.769227 -5.44504
-4.916229 0.174805 -14.50076 2.078404 1.906069 0.192558 5.780622 0.997135 -4.943362 -2.182389 -2.857634 -2.332602 -0.423361 -0.659702 -1.161019
7.083771 -1.825195 -14.50076 4.399049 0.45575 5.442205 1.9914 5.904187 -1.139513 -5.558858 -3.538908 -2.011626 -1.798371 -2.19746 -3.240668
5.083771 -1.825195 -14.50076 3.031269 0.087097 1.216094 0.979015 4.624842 3.572207 -1.570569 -0.668237 0.747135 0.19266 -3.524867 1.277482
-2.916229 -1.825195 -14.50076 0.335965 1.407293 0.63997 -3.366081 -2.681627 -0.917874 -6.658312 -4.222926 -0.92442 1.465717 -5.204176 -4.216706
-4.916229 -1.825195 -14.50076 3.786831 1.619002 2.958353 5.608402 0.446031 -8.171642 -1.383717 0.659014 0.74819 1.898851 -2.000175 -2.008384
-6.916229 -1.825195 -14.50076 3.913691 2.088621 1.966084 7.423209 1.112733 -10.37442 1.725011 1.976462 -0.499755 1.71306 -4.047625 -0.45107
7.083771 -3.825195 -14.50076 1.533709 1.150942 4.825467 2.576045 6.497476 2.717109 -1.708284 -4.049596 1.117853 2.435577 2.072823 -1.219622
-0.916229 -3.825195 -14.50076 -5.072596 2.919641 4.171245 0.135703 -4.66082 4.575434 0.090897 -0.669414 -1.99188 -1.493655 -6.616892 0.252899
-2.916229 -3.825195 -14.50076 0.310364 -0.311484 2.244226 -3.386694 -3.142882 -1.094577 -2.153585 -0.894886 -0.003166 1.665748 -4.30775 -2.576014
-4.916229 -3.825195 -14.50076 2.873528 1.10575 3.372799 -0.238963 0.520578 -5.147639 1.979227 3.51906 3.043381 2.049964 -1.056441 -0.284991
-6.916229 -3.825195 -14.50076 0.294554 4.829154 3.690017 1.274942 2.651113 -11.644 2.616157 0.356868 -0.002011 1.430521 -1.026478 -3.501731
7.083771 -5.825195 -14.50076 -1.849817 -0.028761 2.670716 -0.434562 2.651649 5.288291 -1.662055 -5.061696 0.262958 2.449612 -0.150162 -3.176276
5.083771 -5.825195 -14.50076 -1.502788 7.290659 3.464028 5.230988 2.286293 12.66949 -1.018836 -0.870382 -0.469312 2.357179 -2.061207 -1.355675
-0.916229 -5.825195 -14.50076 -4.142665 2.004896 7.546614 0.491311 -0.382413 2.05477 0.319872 0.169895 2.335286 0.753096 1.406818 1.5298
-2.916229 -5.825195 -14.50076 -0.72843 -1.176416 1.699245 -2.93018 0.146797 -4.236938 0.754493 -0.725199 0.706206 -2.223874 1.644444 -2.307687
7.083771 -7.825195 -14.50076 0.829148 -3.311165 -0.602861 -3.702207 2.644957 2.525547 -0.515604 -6.53574 0.721477 0.92681 -2.919671 -3.724165
3.083771 -7.825195 -14.50076 0.983346 3.748592 1.92165 2.933336 0.2931 3.434161 0.382827 -4.874994 -1.162084 -1.944328 -0.490941 -1.85517
-0.916229 -7.825195 -14.50076 1.46428 0.498448 8.68271 -1.6932 3.557151 -2.843456 -0.011471 -0.481246 2.746789 1.037654 3.553979 0.557247
-2.916229 -7.825195 -14.50076 0.905289 -1.398108 2.978387 -2.738752 2.3334 -6.088395 0.816559 -1.914808 -0.87052 -2.075607 1.440865 -3.031824
7.083771 -9.825195 -14.50076 2.248816 -2.018411 -2.097339 -0.772343 5.099385 1.85657 -1.960862 -3.208441 0.40161 -0.781934 -3.099565 -1.037063
5.083771 -9.825195 -14.50076 3.815912 1.753408 -0.341292 1.741265 2.910089 5.667808 -1.421984 -4.0432 1.39283 -0.769103 -0.054593 -2.221273
3.083771 -9.825195 -14.50076 9.076694 2.25022 2.32659 4.492206 0.329856 5.914818 -1.927116 -5.576498 2.339238 -1.951137 1.524529 -0.494518
-2.916229 -9.825195 -14.50076 0.37896 -1.095156 0.919692 -0.977961 5.031898 -4.447606 1.845757 -2.714113 -0.765064 1.362078 2.159966 -3.709328
-4.916229 -9.825195 -14.50076 1.017436 -0.914018 2.028009 3.03794 1.864481 0.023666 2.561819 -2.86541 3.471703 0.953551 1.948194 -0.519006
7.083771 -11.8252 -14.50076 0.969356 0.366852 -1.694767 0.71008 4.534581 1.059552 -4.474692 -1.323569 -1.433073 -1.824607 -1.031542 1.510403
5.083771 -11.8252 -14.50076 0.86644 0.320559 -3.297535 -1.795233 2.848049 -0.871729 -4.245273 -0.849183 -0.041815 -0.871526 0.516575 -0.115117
3.083771 -11.8252 -14.50076 6.095772 1.336312 -2.424449 0.78171 0.933632 3.51446 -5.805573 -3.300674 2.32017 -0.106377 0.914127 1.225077
-2.916229 -11.8252 -14.50076 -4.31248 0.7349 -1.746971 1.411488 3.851062 -1.981532 0.780157 -2.540359 -0.305346 2.467345 5.360134 -2.633955
-4.916229 -11.8252 -14.50076 -0.048987 -0.120732 2.438564 3.591322 1.286773 -2.175664 1.422606 -2.345311 1.34852 2.639014 2.929753 -1.720147
-2.916229 -13.8252 -14.50076 -8.507887 3.208408 -2.023459 1.143525 -2.137517 -1.586048 -3.345349 -1.68017 -2.001881 2.354985 4.936176 0.924377
-4.916229 -13.8252 -14.50076 -2.89536 1.081121 2.006629 1.869253 0.062866 -2.58319 -2.742302 -1.974311 -1.735834 1.430026 1.312078 -0.756313
-0.916229 -15.8252 -14.50076 -2.734029 5.356524 -0.968857 1.71017 -3.245707 4.912035 -3.669266 1.064921 3.240376 1.07962 5.842971 3.789789
-2.916229 -15.8252 -14.50076 -6.843477 3.126399 -0.61134 -0.644162 -5.31815 -1.848768 -3.776087 -0.694114 -1.72996 2.105613 3.751084 2.617874
-0.916229 -17.8252 -14.50076 -1.017668 1.452591 -0.749554 -2.297613 -2.217792 1.6739 -0.436969 -0.379186 2.802055 -0.729796 4.681784 1.011729
-2.916229 -17.8252 -14.50076 -1.796256 -0.738954 1.326543 -3.138709 -4.309102 -3.59837 -1.233651 -0.352345 -0.251348 1.25915 2.980921 -0.263887
-2.916229 -19.8252 -14.50076 0.558111 -1.649645 1.972271 -3.045492 -2.236537 -2.960605 -0.214784 0.174359 -0.233428 0.61745 1.591632 -2.238845
-4.916229 2.174805 -12.50076 4.298757 -1.429484 2.420277 4.587756 4.006955 2.386738 -0.863236 0.127296 -0.130211 -0.85454 4.73606 -5.686124
5.083771 0.174805 -12.50076 1.489626 -1.063981 -4.942477 1.181356 -1.225268 -5.868942 -4.853185 0.507525 -0.232416 -0.902242 -0.607953 -1.341542
-2.916229 0.174805 -12.50076 -0.785574 -2.608191 -4.086527 -0.111813 1.981077 0.794855 -5.796036 -0.054856 -3.760181 -5.188034 1.081424 2.275893
-4.916229 0.174805 -12.50076 -1.266376 1.099292 0.400311 3.152207 3.861423 2.199611 -2.488025 2.007988 -2.80697 -1.954195 -1.258783 -1.168408
7.083771 -1.825195 -12.50076 3.165924 -2.00188 4.884641 -2.04233 0.260249 -0.597396 -5.157628 -1.753195 -2.256272 -2.569971 -3.914823 -2.366835
5.083771 -1.825195 -12.50076 1.256038 -2.278546 -0.001477 -1.300961 0.149841 1.335484 -6.427153 -1.058622 -2.555717 -1.619147 -3.191952 0.801571
-2.916229 -1.825195 -12.50076 0.85165 -5.83098 -1.516443 -3.943835 0.350045 -12.29778 -7.746214 -3.076475 -2.057328 -4.128765 -7.685397 -4.452
-4.916229 -1.825195 -12.50076 0.185163 -0.566678 4.46187 2.762251 0.737567 -4.872664 -2.313442 2.313204 1.159816 -1.900229 -7.428273 -0.694021
-6.916229 -1.825195 -12.50076 5.493607 3.297652 2.694542 10.57256 4.158884 2.357229 2.792865 3.213184 1.118963 -0.685474 -2.298401 -2.359831
7.083771 -3.825195 -12.50076 2.328397 -1.47121 5.466642 3.905662 2.595079 -1.046092 -1.478696 -4.925493 -1.918956 -0.120623 -3.391596 -0.710806
5.083771 -3.825195 -12.50076 2.294116 1.697363 1.424639 -0.093476 2.321778 5.574576 -3.643084 -1.059628 -2.842633 -0.25119 -8.260449 -0.853097
-0.916229 -3.825195 -12.50076 -5.400345 2.161628 -3.716785 3.039019 0.087079 -5.389952 -6.850471 1.4388 -5.720369 -3.740592 -11.75989 -3.623468
-2.916229 -3.825195 -12.50076 3.850147 -3.459977 1.582334 -0.989987 0.335041 -12.70994 -3.332788 -0.913304 0.798911 -1.635787 -9.472841 -2.664078
7.083771 -5.825195 -12.50076 1.993551 -0.792512 4.753876 4.605186 0.509966 0.267283 -0.367566 -5.344792 1.549432 0.580586 -3.468124 -4.745759
5.083771 -5.825195 -12.50076 0.909732 4.731653 2.121666 2.883519 1.355933 5.978298 -2.476527 -1.719561 0.110231 0.979062 -8.792302 -3.092275
-0.916229 -5.825195 -12.50076 -2.606174 0.676701 -1.506148 2.790652 -1.863716 -10.13383 -8.698633 -1.36242 -2.421342 -3.292943 -4.198631 -2.262196
-2.916229 -5.825195 -12.50076 1.882169 -2.478815 -0.29627 0.135767 0.786882 -14.54203 -1.108049 -1.504079 1.715999 -2.642435 -5.577512 -2.821996
-4.916229 -5.825195 -12.50076 -2.94876 -3.677397 -2.237555 -3.517607 -2.731574 -13.31241 -1.397752 -2.646551 1.278348 -6.078402 -6.21699 -2.656357
9.083771 -7.825195 -12.50076 -2.893873 -4.655304 -3.889836 -4.637812 0.210527 -5.184998 -2.978636 -6.119488 -5.045822 -5.489829 -3.458741 -9.017837
7.083771 -7.825195 -12.50076 0.114505 -1.400169 0.608581 0.563506 -0.689736 0.723515 -0.80605 -5.426147 0.700461 -2.491702 -2.558098 -8.860747
5.083771 -7.825195 -12.50076 1.468707 3.581113 2.03111 2.611712 0.258821 3.315294 0.632162 -3.932979 1.24475 -0.371058 -3.818862 -4.766703
3.083771 -7.825195 -12.50076 -0.982161 -2.284602 -3.106519 1.320463 0.457853 -6.035513 -0.461896 -6.233726 -1.995417 -2.466425 1.052321 -2.579761
-0.916229 -7.825195 -12.50076 -1.619387 -3.227486 0.249555 -1.845556 -4.970321 -12.85694 -8.958217 -3.741773 -0.291093 -1.799003 -0.607406 -2.36437
-2.916229 -7.825195 -12.50076 0.110659 -1.256304 0.976198 -0.167923 1.03263 -12.05698 -1.604049 -2.381387 2.005687 -1.874095 -1.570916 -2.202642
-4.916229 -7.825195 -12.50076 -0.010667 -1.445573 -0.852118 -1.451521 0.942613 -10.3847 -0.697968 -5.209525 0.286604 -7.55273 -2.078116 -2.750644
9.083771 -9.825195 -12.50076 0.410849 -2.586498 -1.715561 -0.974297 1.097116 -1.322462 -3.309853 -5.050694 -1.685233 -4.94153 0.880225 -4.219225
7.083771 -9.825195 -12.50076 0.176331 -0.297318 -2.473038 -1.505069 1.758275 -2.222193 -3.132421 -4.066466 -0.993153 -5.455058 -1.507413 -6.63542
5.083771 -9.825195 -12.50076 3.032211 2.450383 0.424217 -0.58143 0.964508 -1.032993 -0.832994 -3.854423 1.620583 -3.037406 0.044197 -5.447757
3.083771 -9.825195 -12.50076 4.485312 -1.103402 2.289253 -0.793037 1.149703 -3.021618 -2.22267 -9.288754 -0.36735 -3.60937 2.229085 -4.432531
-0.916229 -9.825195 -12.50076 -2.091689 -2.176179 2.336276 -1.632979 -5.575622 -8.041919 -4.677204 -1.923368 -1.99991 -0.069779 -2.586558 -1.147933
-2.916229 -9.825195 -12.50076 -0.863739 -1.064823 2.473233 0.313319 1.459927 -7.58428 0.13516 -1.903274 1.01731 0.117196 -0.368621 -1.409026
9.083771 -11.8252 -12.50076 2.668311 -1.207229 0.7571 0.877304 2.851583 -1.77951 -3.625822 -4.035094 -0.781131 -2.283034 0.755598 0.941128
7.083771 -11.8252 -12.50076 0.94331 2.117374 -3.044564 -1.443445 3.354443 -7.290608 -5.381394 -2.544145 -2.287222 -5.059361 -1.372795 -1.681265
5.083771 -11.8252 -12.50076 1.208195 1.724962 -2.729456 -4.779987 1.89028 -7.020065 -5.021002 -2.419847 -0.417328 -4.394567 -0.299889 -3.088594
3.083771 -11.8252 -12.50076 3.180182 0.184258 2.009292 -3.591991 1.594673 -2.596915 -6.55605 -7.635962 -1.175949 -3.273443 -1.099692 -1.638954
-0.916229 -11.8252 -12.50076 -3.591059 1.948013 0.711511 0.625132 -3.661613 -4.80208 0.21221 0.691498 -4.217649 -1.221822 -3.470227 0.597072
-2.916229 -11.8252 -12.50076 -3.693063 -2.560217 -0.46601 -0.637415 0.460614 -8.369696 2.093219 -1.421086 -0.944129 -0.879779 -0.501074 -3.14248
7.083771 -13.8252 -12.50076 -0.241916 3.84896 -3.540603 -0.726486 -0.4544 -8.486599 -3.528922 -3.394749 -5.296041 -1.796732 -1.331388 -0.655341
-0.916229 -13.8252 -12.50076 -2.898375 3.792611 -0.74433 -0.387554 -1.265352 -4.827389 2.200195 1.390332 -1.025287 -1.533894 -1.252683 1.931795
-2.916229 -13.8252 -12.50076 -4.413444 -1.724398 0.509953 -2.180202 -2.283283 -6.371954 0.267532 -0.946664 -0.555997 -0.636404 0.062881 -1.999755
7.083771 -15.8252 -12.50076 -0.195844 4.792851 -1.860181 1.987781 -3.811053 -2.860959 0.200996 -3.426687 -6.240052 1.052085 0.512457 -0.489269
-0.916229 -15.8252 -12.50076 -1.886839 3.53253 -1.241272 -1.563888 -1.483174 -3.716999 2.397334 0.216219 1.721677 0.069265 -0.248644 1.479248
7.083771 -17.8252 -12.50076 2.082309 3.363569 1.67357 1.770485 -1.004235 -0.342927 1.995045 -2.5393 -4.253039 2.244429 2.782891 0.44648
-0.916229 -17.8252 -12.50076 -0.845741 4.119041 -2.063384 1.362824 -2.907809 -0.183064 3.319207 0.192535 2.220065 0.920838 -1.412783 -1.294267
-0.916229 -19.8252 -12.50076 1.757826 3.790843 -1.456903 3.633899 -3.062786 1.237976 4.524019 1.483924 3.302312 0.493637 -1.536606 -5.316251
-2.916229 -19.8252 -12.50076 0.807688 0.737608 0.067786 1.423644 -4.614667 -1.519508 0.774105 1.377546 0.283667 2.038466 -3.27532 -3.739231
-2.916229 -21.8252 -12.50076 2.651585 2.805488 -1.886696 1.537919 -2.348952 0.563941 -0.170246 2.439425 -1.429909 1.502816 -3.990068 -2.561259
-4.916229 -21.8252 -12.50076 4.076643 0.962005 0.636592 0.666075 1.181741 1.654377 0.094701 0.769124 -1.494915 1.927003 -4.734467 1.843973
-2.916229 0.174805 -10.50076 -2.936329 -7.753615 -5.997978 -1.571474 -4.683295 -2.343828 -5.301757 0.454906 -2.355803 -0.010996 -0.28406 -2.641991
-2.916229 -1.825195 -10.50076 -1.852458 -8.210028 -3.834076 -2.186622 -1.532542 -2.106423 -5.786311 0.213754 -1.212907 -0.985178 -4.87974 -7.040824
-4.916229 -1.825195 -10.50076 -3.775867 -5.382167 1.812458 -0.522699 2.201132 6.683318 -5.894438 3.481886 0.973627 0.501438 -4.492474 -0.549908
-2.916229 -3.825195 -10.50076 1.633842 -3.053755 -2.587832 0.992627 -0.627985 0.682993 -4.757634 1.883391 0.146588 -0.141704 -7.349591 -4.930155
-4.916229 -3.825195 -10.50076 -4.616198 -2.142442 -0.328104 1.744949 -1.630793 5.792668 -3.841326 2.131584 1.694195 0.816928 -2.544996 1.292138
-6.916229 -3.825195 -10.50076 1.971125 -5.905627 -0.6003 -0.290276 2.195935 1.141425 0.986536 -2.082872 1.136072 -3.903558 4.975386 -8.915506
-2.916229 -5.825195 -10.50076 3.291771 -0.576009 -0.693975 1.776069 -0.344585 -4.400715 -3.594294 0.282428 1.706285 -0.155479 -8.062602 -1.298036
-4.916229 -5.825195 -10.50076 -2.823402 -2.420904 -5.180435 0.419709 -1.995091 -4.977415 -3.378013 -0.99283 -1.394812 -0.41728 -4.723011 1.345691
-6.916229 -5.825195 -10.50076 2.817405 -4.143907 3.467429 -0.539389 2.449256 -2.408442 2.618749 -4.436812 3.597173 -3.510402 3.965029 -8.110361
7.083771 -7.825195 -10.50076 -2.133095 -3.208725 -2.119779 3.06396 -1.181995 -3.836734 -1.582998 0.21282 2.30737 -0.267051 -1.410193 -6.019886
-2.916229 -7.825195 -10.50076 1.239444 -1.0296 0.384194 1.345812 -1.161422 -8.568085 -3.05762 -1.968841 0.229546 -0.2951 -6.472218 0.360589
-4.916229 -7.825195 -10.50076 -0.396035 -4.710226 -4.690277 -0.756945 -0.087833 -12.34769 -2.22874 -5.318172 -3.400636 -4.584352 -5.14377 -2.353799
-6.916229 -7.825195 -10.50076 2.397239 -4.730871 1.560393 -0.190332 1.836515 -7.453782 0.88245 -5.098509 0.121611 -4.87397 0.616452 -5.964753
9.083771 -9.825195 -10.50076 -0.201177 -1.249565 -3.903802 2.035243 2.505153 4.379098 -7.203103 -6.359079 -2.479711 -3.547215 -3.38006 -5.53583
7.083771 -9.825195 -10.50076 -0.928112 -1.533501 -3.307993 3.406622 2.010091 -0.563166 -1.517441 -0.129642 1.036657 -2.452246 -2.509134 -4.32764
-0.916229 -9.825195 -10.50076 -3.359802 2.821758 -3.345065 3.400567 -5.474572 -1.623093 -6.614361 2.487896 -7.174591 2.220343 -5.915608 -0.126794
-2.916229 -9.825195 -10.50076 -1.773499 -0.084564 0.546479 1.222476 -2.479853 -7.874938 -2.30269 -1.479934 -1.400263 0.901885 -2.500417 -0.35081
-4.916229 -9.825195 -10.50076 0.771573 -2.376438 -0.482611 2.532879 1.688021 -9.831924 -1.187409 -4.560719 -1.465222 -4.301939 -1.493574 -3.341803
-6.916229 -9.825195 -10.50076 2.253627 -3.403476 -2.461249 4.225283 0.942761 -8.181947 -2.093601 -2.257919 -3.052631 -3.833165 -3.025352 -1.550948
-8.916229 -9.825195 -10.50076 -2.874433 -6.773001 -0.884788 0.067826 -0.256287 -5.502645 0.680781 -3.285825 -3.479692 -4.224838 -3.548637 -1.447367
9.083771 -11.8252 -10.50076 5.79179 -0.732764 -0.085282 -0.580477 2.149077 -0.315288 -8.298908 -4.579169 -3.13684 -2.384098 -3.47922 -2.678948
7.083771 -11.8252 -10.50076 2.460867 0.307224 -0.957362 1.683937 3.136085 -2.395012 -2.98101 -2.99311 -1.060286 -3.505774 -1.452972 -2.31661
5.083771 -11.8252 -10.50076 -3.292647 -4.202862 1.640613 0.06086 3.326092 -1.462667 -2.007453 -3.097146 -3.118992 -3.736315 2.330083 -2.668534
3.083771 -11.8252 -10.50076 -5.480016 -7.188935 1.593687 -3.224872 0.920539 -4.22619 -2.968392 -6.895578 -8.530777 -6.098708 -1.930023 -2.914885
1.083771 -11.8252 -10.50076 -3.525055 -3.30001 3.089297 0.009329 -1.143518 -5.595113 -1.509328 -1.146101 -7.686479 -4.858309 -4.865489 -2.914167
-0.916229 -11.8252 -10.50076 -4.091143 1.581489 1.97882 2.081889 -2.53516 -1.926195 2.010081 -0.589949 -2.94301 -2.122642 -1.84511 -3.479494
-2.916229 -11.8252 -10.50076 -2.497161 -0.214365 0.553096 0.042768 -2.575729 -10.37934 0.705966 0.839507 0.580887 -0.412203 1.303779 -2.826837
-4.916229 -11.8252 -10.50076 0.320682 -1.207882 0.240404 0.815896 2.459319 -11.3927 -2.523321 0.853733 2.098944 -1.352675 1.596799 -3.834251
-6.916229 -11.8252 -10.50076 0.622501 0.688094 -3.995189 4.509221 1.104588 -6.057796 -5.945208 0.241741 -0.881427 -0.983516 -4.680709 1.656399
9.083771 -13.8252 -10.50076 6.112933 -3.050151 1.524869 -4.845476 1.475951 -7.093576 -6.40574 -3.184458 -3.765388 -2.252557 -3.520235 -3.078398
5.083771 -13.8252 -10.50076 -4.781292 -2.893959 -2.95885 -3.015238 -0.116927 -0.995779 -1.836406 -3.018721 -6.35255 -3.61572 0.147612 -4.054337
3.083771 -13.8252 -10.50076 -4.634399 -5.902039 -1.502194 -3.431135 0.586876 -2.365883 -1.814344 -5.514972 -9.153407 -5.006619 -5.025304 -3.163278
-2.916229 -13.8252 -10.50076 -1.910838 0.026317 -1.632516 -0.586019 -1.182034 -8.791326 1.246995 2.333463 -0.292376 -1.474648 0.161213 -1.961873
-4.916229 -13.8252 -10.50076 0.554026 -2.1991 -1.968601 -2.606216 3.199065 -12.42014 -4.351572 2.982643 0.98282 0.039611 0.240652 -3.506032
-6.916229 -13.8252 -10.50076 0.142573 0.943097 -1.887848 0.99197 2.126687 -4.187777 -6.710684 -0.127794 0.061436 -0.347555 -4.35178 1.279461
9.083771 -15.8252 -10.50076 0.85892 -4.584101 -0.428783 -1.527938 1.562578 -8.634523 -2.199018 -3.159217 -4.185717 -1.785989 -3.444982 -4.895689
5.083771 -15.8252 -10.50076 -3.903932 -2.161498 -5.328164 -1.823139 -2.406098 -1.948582 0.382836 -1.295746 -5.028535 -3.512791 -1.062923 -3.723553
3.083771 -15.8252 -10.50076 -4.41821 -4.126831 -5.910152 -3.88994 -1.115792 -3.014269 -2.149891 -3.607605 -7.196676 -2.83589 -5.951228 -3.481115
-0.916229 -15.8252 -10.50076 -4.699236 1.275211 -2.436719 1.567681 0.597521 1.755204 4.811744 -3.053696 -2.324626 -0.058498 -4.280135 -3.045656
-2.916229 -15.8252 -10.50076 -1.6218 0.858173 -2.331917 0.427998 -0.201313 -0.097799 -0.823939 1.631841 -0.911342 -0.233465 -2.351676 1.644729
-4.916229 -15.8252 -10.50076 0.56965 -3.098923 -3.982707 -3.10984 2.654592 -6.998188 -4.514194 -0.412241 -2.611283 -0.712219 -2.30551 -2.253513
9.083771 -17.8252 -10.50076 0.069524 -1.303922 -0.39811 6.221807 3.029614 -4.176627 -0.616782 -3.272364 -4.372937 0.019866 -3.156393 -3.747896
7.083771 -17.8252 -10.50076 -0.060532 0.063169 4.132761 4.483158 -0.376399 -0.751317 2.063788 -1.948422 -1.909309 -1.421775 2.193286 -2.466977
5.083771 -17.8252 -10.50076 -1.890437 -2.834475 -1.76927 1.899615 -1.729034 -2.520761 1.565357 -1.029204 -0.239892 -2.245084 -1.009458 -2.897506
3.083771 -17.8252 -10.50076 -6.183603 -2.660592 -6.103498 0.066144 -3.276491 -2.100062 -2.495603 -1.614383 -5.021733 0.092677 -5.300331 -2.867818
-0.916229 -17.8252 -10.50076 -6.755269 -0.429902 -4.377921 0.768682 -2.430434 2.279792 2.295222 -2.478616 -1.119225 2.846308 -6.836281 -3.098365
-2.916229 -17.8252 -10.50076 -3.343125 -0.988596 -1.49771 -0.392129 -1.62288 3.145674 -2.313625 1.022067 0.2559 0.528612 -2.818933 1.466775
9.083771 -19.8252 -10.50076 0.667464 0.126616 3.605715 2.978304 2.917176 -5.206091 -1.866286 -3.877913 -1.83586 -1.543954 -0.649358 -3.498193
7.083771 -19.8252 -10.50076 1.618329 -2.261939 7.1006 0.484989 0.616754 -5.436261 -1.002151 -3.616199 -2.915984 -0.751094 -0.630695 -1.673376
-0.916229 -19.8252 -10.50076 -3.620374 -0.702705 -4.07266 1.020718 -2.236562 -0.365983 2.091723 -1.4169 -1.234154 1.747993 -4.907485 -6.016237
7.083771 -21.8252 -10.50076 2.660662 -1.35462 3.836436 0.41826 2.282197 -4.456649 -0.94235 -1.78962 -4.324356 -0.663936 -1.680117 -0.439454
-0.916229 -21.8252 -10.50076 0.028707 0.805495 -2.702492 0.680431 -2.969268 -4.969764 -1.203258 -1.257118 -0.196635 0.669953 -2.160698 -8.434961
-2.916229 -21.8252 -10.50076 -2.25086 1.141844 -4.279727 2.662796 -2.30948 2.329174 -2.846083 0.494583 -3.04792 1.207039 -4.122684 -3.340434
-4.916229 -21.8252 -10.50076 -2.774959 3.900264 -2.422524 6.949426 0.251214 6.716285 -2.94998 -0.426189 -4.183894 0.521749 -4.800781 -0.374455
-0.916229 -23.8252 -10.50076 0.529563 0.551189 -2.438298 0.266629 -3.725514 -5.076375 -4.679005 0.704209 0.531919 -0.969471 -1.649791 -7.577626
-2.916229 -23.8252 -10.50076 -0.821448 0.33562 -4.525786 2.099082 -0.409406 3.010561 -3.754521 0.27082 -0.031157 -1.409231 -2.797121 -4.91393
-4.916229 -23.8252 -10.50076 -0.788379 3.243848 -3.779327 5.568296 2.025506 6.88038 -3.638458 -1.084766 -1.540143 1.068974 -2.671453 0.396067
-2.916229 -1.825195 -8.500755 -2.030168 -2.118999 -4.057753 4.677924 -5.389932 4.042889 -5.357154 4.577192 -4.873496 4.791453 -6.460186 1.093995
-4.916229 -1.825195 -8.500755 -4.971719 -1.1692 -2.086312 8.274849 -1.614491 11.68708 -7.167854 5.995219 -4.351697 3.374198 -6.680998 3.733968
-2.916229 -3.825195 -8.500755 -1.162468 -0.292391 -3.533831 4.268832 -0.247019 14.11189 -3.352345 5.873234 -4.819242 3.758093 -5.22911 2.074158
-4.916229 -3.825195 -8.500755 -4.697228 -1.869777 0.402415 6.813411 -1.140931 13.49213 -5.779878 5.188962 -2.349308 3.688667 -4.467701 4.288271
-4.916229 -5.825195 -8.500755 0.836727 -2.663867 -0.801665 2.869367 1.658477 0.600062 -3.729819 2.312929 0.051818 2.496313 -1.634813 4.849668
-6.916229 -5.825195 -8.500755 0.354044 -4.287439 -1.716493 -1.917307 -1.467114 -0.793664 -2.293187 0.364723 -3.793619 -3.623825 -1.973874 -1.521701
-4.916229 -7.825195 -8.500755 4.296107 -2.623774 -3.893812 -0.288398 1.078478 -10.36164 -1.445228 -1.68187 0.877506 0.111256 -3.313366 4.82832
-6.916229 -7.825195 -8.500755 1.605989 -2.230404 -0.619912 1.03567 -0.331148 -1.678335 -1.434878 -0.532079 -0.908888 -1.496439 -4.041357 1.5009
-4.916229 -9.825195 -8.500755 1.925124 -1.163622 -5.852011 1.098426 -3.389844 -11.08585 -0.649421 -4.85176 0.922093 -3.674368 -4.850071 3.738868
-6.916229 -9.825195 -8.500755 2.909347 1.394454 -2.107575 4.739393 -0.380403 -2.362759 -3.042252 -0.34758 -1.498583 -0.969016 -6.113088 2.965071
-8.916229 -9.825195 -8.500755 0.536581 -3.776892 -0.960316 -1.926057 1.513208 1.418769 0.183093 -3.615154 -2.55971 -3.941598 -3.652823 -1.429486
9.083771 -11.8252 -8.500755 0.935599 -4.677883 -3.913562 -1.590853 1.903909 -0.317795 -4.029194 -1.360033 -2.212978 -1.778126 -2.454825 -3.8612
7.083771 -11.8252 -8.500755 1.886435 -7.737733 0.255629 1.00266 5.458286 -6.933871 2.47776 -4.383501 1.54269 -1.505237 -1.761711 -1.336216
-2.916229 -11.8252 -8.500755 -4.928493 -0.670347 -4.651877 2.791113 -4.393833 -6.104666 -0.075805 -3.260288 -1.945989 -1.868402 -4.275099 -3.48133
-4.916229 -11.8252 -8.500755 -0.348001 -0.402732 -6.157391 1.346926 -3.313833 -8.376909 -2.66754 -4.811402 2.803932 -3.47634 -1.536417 0.695294
-8.916229 -11.8252 -8.500755 2.3048 -2.025615 -3.066886 -2.977254 0.942006 -4.333506 -1.344041 -5.220976 -4.466273 -4.507716 -3.286541 -3.626893
11.08377 -13.8252 -8.500755 3.266896 -3.276363 -3.246368 -2.754627 -1.08752 -2.706727 -6.983469 -8.45696 -1.049031 -5.842122 -4.463809 -4.367326
9.083771 -13.8252 -8.500755 3.144631 -1.473111 -2.577035 -1.993898 1.212389 -2.789448 -3.087535 -2.82268 -3.379005 -2.507898 -3.518821 -3.83617
7.083771 -13.8252 -8.500755 2.856578 -4.317775 -0.809835 0.34565 4.337119 -5.07971 0.630732 -3.487225 1.572523 -2.103678 0.046154 -4.091304
-2.916229 -13.8252 -8.500755 -4.95329 0.420814 -5.093533 2.168609 -3.896094 -4.227091 -2.838896 -1.990724 -2.088747 -2.395596 -3.82927 -3.663326
-4.916229 -13.8252 -8.500755 -1.027914 -1.465555 -5.386405 -0.40061 -0.490814 -6.864525 -4.405331 -3.592668 2.008736 -1.60278 -0.365714 -2.128711
-6.916229 -13.8252 -8.500755 2.028719 1.700649 -4.405089 -0.519243 -0.995917 -2.743115 -4.283614 -3.534438 0.301707 -2.261329 -2.208773 -0.859045
-8.916229 -13.8252 -8.500755 1.50513 -1.938397 -1.887893 -1.109658 -1.199957 -4.302073 -3.553041 -6.379117 -2.828569 -4.392369 -3.044467 -3.702466
11.08377 -15.8252 -8.500755 1.086019 -1.461368 -2.371799 0.122812 -0.119197 -3.964247 -4.152867 -6.065505 -1.87652 -2.316251 -5.707991 -4.539708
7.083771 -15.8252 -8.500755 1.499291 -2.054664 -0.9508 0.561649 1.60616 -1.603833 -1.364015 -0.545427 -0.30551 -4.448381 0.848011 -6.000336
3.083771 -15.8252 -8.500755 0.153463 -5.807699 -1.944141 -3.871741 -1.695232 -8.109446 1.740838 -4.147119 -6.895537 -4.12529 -2.390254 -6.590906
-4.916229 -15.8252 -8.500755 -2.074357 -4.870303 -4.880589 -2.289026 0.380068 -7.697172 -3.722221 -5.013363 -3.021123 -3.486463 -3.799409 -3.734207
-6.916229 -15.8252 -8.500755 1.204784 -5.083531 -0.007236 -3.105039 0.958822 -2.946481 -0.819166 -5.751467 -0.644357 -2.536386 -3.369739 -1.983888
-8.916229 -15.8252 -8.500755 0.945133 -6.178497 1.424183 -0.679892 -1.234125 -1.521071 -3.970482 -8.004461 -2.045984 -3.786585 -3.199883 -0.924488
11.08377 -17.8252 -8.500755 -1.413767 -0.108646 -4.094334 6.945354 -0.586047 -0.957333 -2.935454 -2.567613 -3.978456 0.837053 -7.996023 -2.478605
9.083771 -17.8252 -8.500755 -1.29337 0.089807 -4.093327 7.785367 0.000806 1.336668 -3.039337 -1.405318 -7.858825 -0.2951 -7.306935 -0.547561
7.083771 -17.8252 -8.500755 2.04728 -2.053784 0.983984 0.47735 1.291171 0.008122 -1.456993 -0.90652 -4.988033 -4.345696 -2.749771 -3.801591
5.083771 -17.8252 -8.500755 3.690437 -5.507942 -0.309986 -1.64717 1.213851 -6.067737 1.03062 -1.232445 -1.71668 -4.012365 -1.099344 -3.205192
3.083771 -17.8252 -8.500755 0.37462 -7.200815 -0.502643 -4.282114 -1.808894 -10.2269 0.01399 -4.247476 -5.653836 -3.109959 -0.051694 -5.291044
-2.916229 -17.8252 -8.500755 -1.415741 -5.167157 0.164984 -0.415909 -0.060859 -5.488817 0.52097 -3.446104 1.932148 -2.73547 -3.105413 -3.764538
-4.916229 -17.8252 -8.500755 -3.70788 -8.233719 -4.168148 -5.127949 -1.317178 -11.8189 -2.012827 -5.515058 -3.716632 -5.701404 -3.093994 -5.359496
-6.916229 -17.8252 -8.500755 -0.197124 -7.926469 2.662235 -5.566102 1.009411 -4.162314 1.415971 -4.702471 -1.204723 -2.118163 -1.988741 -2.497417
11.08377 -19.8252 -8.500755 3.996548 2.992981 -0.069617 8.128005 0.789102 -0.962991 -5.16103 -1.495529 -3.739214 1.422334 -0.684008 -0.306473
9.083771 -19.8252 -8.500755 5.048023 3.10794 0.254895 9.083485 1.091165 0.884026 -3.786442 -3.1088 -4.936603 -0.075846 -2.427586 2.040656
5.083771 -19.8252 -8.500755 0.134804 -4.558966 4.153326 0.912196 2.565026 -5.21506 -2.588542 -3.730199 -2.959047 -3.677584 -3.309907 -3.779301
3.083771 -19.8252 -8.500755 -3.228482 -5.408556 5.366267 -0.659503 -1.258986 -6.770555 0.622856 -5.08927 -3.725076 -2.817061 0.322374 -3.489365
-0.916229 -19.8252 -8.500755 -6.145481 -5.423742 -1.100958 -0.488937 -0.023305 -4.986061 1.359619 -5.861137 0.431824 -0.806459 -3.72128 -8.367629
-2.916229 -19.8252 -8.500755 -4.447312 -6.954319 2.411056 -3.567998 1.303447 -10.01157 0.732023 -3.601119 1.974224 -2.302027 -0.808272 -6.49004
-4.916229 -19.8252 -8.500755 -5.501065 -5.729234 -1.824726 -2.924157 -2.111465 -10.5915 -1.970008 -1.631725 -0.738502 -3.081135 0.848132 -4.774563
9.083771 -21.8252 -8.500755 4.457833 -0.020205 1.094209 5.034263 3.136508 -5.648081 -5.352014 -2.955893 -5.154599 -2.887429 2.261647 -2.685972
7.083771 -21.8252 -8.500755 6.364786 -1.011887 7.318286 2.321834 2.367637 -5.581756 -1.897392 -0.334748 -5.967517 -2.225689 -0.808841 -2.961215
1.083771 -21.8252 -8.500755 -1.195781 -2.514171 3.871091 1.160981 1.474009 -5.840078 0.992056 -4.633489 -1.86686 -2.882811 0.346468 -5.074654
-0.916229 -21.8252 -8.500755 -2.042755 -0.887435 1.845703 4.349821 1.905291 -5.808619 -0.704764 -4.371524 -0.967698 0.005228 -1.522903 -5.287941
9.083771 -23.8252 -8.500755 3.6909 -1.637315 1.217935 3.154744 3.080471 -7.574662 -1.775693 -0.04491 -3.669562 -4.117957 0.730251 -3.382464
-0.916229 -23.8252 -8.500755 2.400674 -0.329298 3.557886 2.962258 0.03062 -4.314371 -2.308194 -1.717117 1.582466 -0.769572 0.695337 -5.0979
-2.916229 -23.8252 -8.500755 -1.394454 -2.587877 2.978127 -0.227197 -0.124626 -2.93932 0.030228 -1.947906 1.305671 0.263404 0.058797 -5.645732
-4.916229 -23.8252 -8.500755 -3.453064 -1.406528 0.650225 2.620396 -0.381013 -3.12364 -2.635111 -1.05866 -2.289269 -0.018664 0.684587 -2.03451
-6.916229 -23.8252 -8.500755 -0.990519 0.445163 -0.435984 2.07818 -0.542828 -5.519536 -1.557896 -2.909565 -2.436506 -3.884925 0.053176 -2.048574
-0.916229 -25.8252 -8.500755 5.69536 -2.434948 2.668739 -2.156176 0.294548 -4.255256 0.948016 -1.034662 2.628961 -2.144221 3.574692 -5.08797
-2.916229 -25.8252 -8.500755 4.740635 -3.507498 4.446863 -2.526758 1.025978 -4.535971 3.554233 -1.894883 2.700268 -1.238646 3.91154 -4.103729
-4.916229 -25.8252 -8.500755 2.741916 -3.824655 1.902127 -1.09808 1.074157 -7.023814 -1.283399 -2.657173 -1.216497 -2.472216 0.718538 -3.13638
-6.916229 -25.8252 -8.500755 -0.103779 -4.478576 -1.660585 -4.031963 -0.101983 -9.702311 -3.321752 -5.993492 -4.660695 -5.782783 -1.354884 -4.361688
-0.916229 -27.8252 -8.500755 5.947665 -1.399723 0.624002 -3.395878 2.022997 -3.595693 0.979966 -1.844714 2.466498 -1.692121 3.889076 -3.502315
-2.916229 -11.8252 -6.500755 4.917957 -0.416304 -0.816714 0.721504 -0.621465 -3.116214 -1.240462 -5.53189 0.895275 -3.365507 -0.2903 0.487154
-4.916229 -11.8252 -6.500755 3.049163 -1.336549 -1.483521 1.799279 -4.229105 -5.404594 -0.236996 -0.789361 3.677562 -4.359233 -1.045891 -0.109037
-6.916229 -11.8252 -6.500755 -3.136416 2.59548 -5.699731 5.454076 0.57871 3.161307 -3.663149 0.868484 -0.723612 -0.491954 -6.263421 1.777779
9.083771 -13.8252 -6.500755 -4.151914 1.705279 -4.384112 -0.936665 -2.522816 0.479621 0.444537 -1.145956 -5.342638 -1.880412 -5.524085 -0.056802
-2.916229 -13.8252 -6.500755 3.480195 -2.538737 2.430804 -0.181229 -2.129819 1.806483 -3.43871 -4.822487 1.083321 -4.057649 -1.021479 -1.030758
-4.916229 -13.8252 -6.500755 1.533428 -5.650541 -3.370592 -1.160376 -1.118151 -4.233209 -2.994763 -2.125029 0.845825 -3.035305 -2.332394 -2.269948
-6.916229 -13.8252 -6.500755 -2.68275 -3.67352 -9.078517 0.666728 1.055625 0.327141 -4.187348 -2.631867 -4.706872 -1.81608 -6.398246 -1.739391
-8.916229 -13.8252 -6.500755 0.051745 -3.381044 -7.297821 -0.143885 1.353244 -6.887454 -1.485926 -4.87635 -6.381315 -4.846261 -3.448013 -1.844265
11.08377 -15.8252 -6.500755 4.16469 3.85004 -0.97634 2.782078 -0.90959 2.280803 -2.024587 -1.678832 2.047646 -0.119418 -0.047691 1.924612
9.083771 -15.8252 -6.500755 0.337863 3.201982 -2.927182 0.034505 -1.699065 7.036137 0.150702 0.306579 -5.621949 -2.323436 -4.048409 1.667899
5.083771 -15.8252 -6.500755 1.773529 1.156118 0.144201 -2.92396 1.15764 -5.117238 3.27222 3.049179 2.968863 -0.897648 4.835419 1.821603
3.083771 -15.8252 -6.500755 2.18217 -0.629091 0.766827 -0.004982 1.26025 -5.194567 2.864916 0.112949 -1.448733 -0.955254 4.198384 -1.331184
-2.916229 -15.8252 -6.500755 3.018781 -5.265732 3.735318 -3.244905 -1.559331 -0.564844 -2.593161 -4.66442 0.983401 -4.007738 -1.58276 -5.451961
-4.916229 -15.8252 -6.500755 2.948573 -9.687941 -1.637978 -7.847035 1.576607 -4.9567 -3.859664 -3.88504 -3.631208 -3.07794 -5.139395 -4.189688
-6.916229 -15.8252 -6.500755 4.42748 -9.937194 -1.074522 -4.756321 2.556381 -5.303079 -2.702333 -4.442847 -6.230803 -3.806239 -5.77576 -4.230884
-8.916229 -15.8252 -6.500755 1.937033 -6.699882 -3.869907 -2.435975 -2.628693 -6.303777 -2.606094 -6.106057 -8.264745 -4.94966 -3.228392 -3.953321
11.08377 -17.8252 -6.500755 2.915349 4.271868 -1.48217 7.822476 -1.102437 4.657016 -2.700776 2.472808 -0.87376 2.024983 -5.167369 3.497434
9.083771 -17.8252 -6.500755 0.542322 1.782956 -6.452989 4.784292 -3.415975 6.752186 -3.804617 3.193513 -3.451548 0.547514 -6.171603 1.852654
3.083771 -17.8252 -6.500755 0.16659 -1.117054 -1.682835 -1.375332 -1.67211 -5.095891 0.032855 -0.896224 -1.045114 -0.955955 2.702714 -0.310125
1.083771 -17.8252 -6.500755 -3.57456 -0.164132 -0.884981 -3.264905 -2.854039 -0.97719 -4.32093 -2.763631 -1.464665 -2.973684 0.607878 -1.033319
-4.916229 -17.8252 -6.500755 1.978051 -8.469443 1.208039 -8.364532 -0.628358 -10.34097 -2.315862 -2.969762 -4.661835 -3.771827 -5.012438 -5.656758
-6.916229 -17.8252 -6.500755 8.870509 -7.234733 10.14506 -5.415606 2.008723 -6.368549 -0.273131 -1.19165 -5.145142 -2.038643 -4.164005 -3.755939
-8.916229 -17.8252 -6.500755 4.96589 -5.289394 3.194273 -3.308335 -1.46343 -1.262152 -3.253682 -3.6743 -6.270677 -3.204566 -2.808508 -4.193096
13.08377 -19.8252 -6.500755 -1.253916 4.176746 -2.26951 7.549938 1.613151 3.134016 -5.284432 1.568766 -3.04103 -0.039946 -2.684082 0.292099
11.08377 -19.8252 -6.500755 1.467547 5.199827 -3.442193 7.619984 -1.312016 0.801459 -8.385697 -1.49208 -5.476924 0.337652 -6.921055 2.028364
9.083771 -19.8252 -6.500755 -0.547556 3.52416 -6.971876 3.258175 -3.121039 -0.716719 -6.116706 -1.964778 -5.12412 -0.606195 -6.677454 1.841849
7.083771 -19.8252 -6.500755 -0.151696 1.725612 -3.387592 2.493698 -1.421428 0.196387 -1.494297 -0.503168 -4.069684 -0.929726 -4.782614 -0.454849
3.083771 -19.8252 -6.500755 -2.931692 -2.729632 0.290722 1.026219 -3.051116 -3.135656 -0.02732 -2.410685 -2.282049 -1.838488 0.456506 0.510742
1.083771 -19.8252 -6.500755 -7.903564 -1.295183 -2.495076 -3.601831 -5.193592 1.026479 -4.331284 -3.793258 -2.187017 -5.748695 -1.517364 -0.31137
-2.916229 -19.8252 -6.500755 -2.67373 -4.339998 -3.473179 -1.269785 0.105139 -10.44517 -0.356997 -5.522448 -0.016363 -4.567429 -0.165338 -8.306202
-4.916229 -19.8252 -6.500755 -1.202857 -1.957989 0.393582 -1.404809 -4.041437 -11.54589 -1.923846 1.305822 -2.293395 -2.111284 -1.433054 -4.104031
-6.916229 -19.8252 -6.500755 3.062152 1.295937 9.924892 -1.704491 -1.229928 -3.192379 -0.152214 3.70803 -3.404022 1.388616 -2.159749 -0.762589
-8.916229 -19.8252 -6.500755 4.659616 -0.805341 7.015857 -2.042159 2.794765 -2.263634 -1.572004 -1.366871 -1.084969 -0.187825 -2.200408 -1.407328
13.08377 -21.8252 -6.500755 2.348883 3.517742 -2.49164 8.11713 2.357899 0.691289 -6.355584 0.207059 -1.272311 1.10426 -4.342652 -1.766455
11.08377 -21.8252 -6.500755 0.989082 0.194015 -4.544101 3.568292 -0.379626 -3.997681 -7.69626 -1.403106 -6.344219 -0.313696 -2.535934 -3.26146
9.083771 -21.8252 -6.500755 1.585822 -2.403778 -1.854642 -0.403216 -0.405135 -5.352427 -4.708372 -4.994301 -6.408315 -2.709208 0.746228 -4.450297
7.083771 -21.8252 -6.500755 1.806192 -2.246903 2.09831 1.313183 -0.655711 -5.0222 0.620058 -1.81276 -6.273143 -1.531251 -0.948062 -4.460926
5.083771 -21.8252 -6.500755 -4.556467 -2.736614 -1.215274 1.477903 -3.418607 -6.850069 0.837031 -3.106564 -4.596602 -0.152601 -2.518394 -2.722002
3.083771 -21.8252 -6.500755 -3.762788 -2.869628 -2.045354 3.308484 -2.405505 -1.584949 -0.222043 -2.707997 -1.862333 -2.549425 -2.082921 -1.000555
1.083771 -21.8252 -6.500755 -3.361857 -3.967052 -2.355751 2.222884 -1.086702 0.993815 -4.259854 -5.015684 -2.716568 -5.42479 -3.348954 -3.634253
-0.916229 -21.8252 -6.500755 -4.451811 -0.27115 -5.401317 3.488169 -1.105043 -0.239374 -5.052612 -5.754624 -3.349693 -2.580123 -4.736876 -5.382642
-2.916229 -21.8252 -6.500755 -1.168251 -0.787931 -2.737419 0.356312 0.283829 -3.142174 -1.594967 -1.713407 0.499126 -3.2559 -0.24534 -4.452777
-4.916229 -21.8252 -6.500755 -3.286887 0.287405 -1.587404 1.604619 -3.270485 -4.84739 -2.326467 2.293652 -0.45609 -1.99797 1.006019 -1.222445
13.08377 -23.8252 -6.500755 2.755245 -3.828168 4.195059 6.893716 2.306681 -0.45756 -4.183316 -0.585343 -2.100274 -0.744053 -3.172731 -3.430808
11.08377 -23.8252 -6.500755 -0.551103 -4.940331 2.05876 1.381138 1.579428 -6.464105 -2.562421 -1.909315 -4.124906 -2.500947 0.092842 -4.052173
9.083771 -23.8252 -6.500755 1.687775 -5.121517 3.596796 -0.357278 1.155207 -9.070182 -0.632875 -3.56166 -4.163389 -3.768439 2.441319 -6.28372
5.083771 -23.8252 -6.500755 -2.887346 -6.569031 -1.025002 -3.222437 -4.287974 -12.62698 -0.872066 -2.143074 -4.385973 -0.592413 -0.608354 -3.270519
3.083771 -23.8252 -6.500755 -3.514826 -3.91136 -1.780093 -1.443486 -1.825178 -5.736178 -1.392453 -1.907895 -1.305271 -4.471796 -1.588682 -3.438915
-0.916229 -23.8252 -6.500755 0.347516 2.390472 -3.656013 3.250875 -0.995654 -1.626058 -4.883373 -2.653328 -3.216919 -1.885075 -3.942556 -4.563565
11.08377 -25.8252 -6.500755 -2.741097 -5.618586 7.376287 -2.001842 1.202675 -9.141158 -1.062664 -2.948087 -2.44196 -3.306753 0.39279 -4.30777
-0.916229 -25.8252 -6.500755 2.546914 0.517132 -1.958664 0.64393 -0.540487 -4.405311 -1.342065 1.515799 -1.639981 -1.068596 -0.363676 -3.023777
-4.916229 -25.8252 -6.500755 0.391183 -4.289627 1.371629 0.56341 -0.546672 -7.423639 0.564507 -1.007128 -2.44714 -1.356252 0.553864 -4.671925
-6.916229 -25.8252 -6.500755 -2.725878 -4.242602 -2.339246 2.059081 -3.177912 -6.628407 -1.252733 -1.630035 -6.230189 -2.868377 -1.768162 -2.238544
-0.916229 -27.8252 -6.500755 4.832203 -2.815434 -0.474937 -2.002495 2.695905 -4.931898 0.462509 0.013747 1.317873 -1.787532 2.78642 -1.999689
-2.916229 -27.8252 -6.500755 1.592242 -1.772393 1.141564 1.766217 -0.322146 -5.167228 3.257064 -0.498624 2.808599 0.594768 1.686051 -1.738075
-6.916229 -27.8252 -6.500755 -3.5621 -7.595744 -1.338773 1.320646 -3.079983 -9.147936 -1.280436 -5.045806 -3.411386 -4.821903 -2.981547 -5.725847
-2.916229 -11.8252 -4.500755 6.914277 -0.344 -3.360922 4.370905 4.565514 0.030975 0.094962 -4.131459 1.602655 -2.792962 2.296945 -0.556141
-4.916229 -11.8252 -4.500755 4.542499 1.416256 -0.654896 3.956703 1.091581 -3.370117 0.513512 1.806707 4.668522 -2.361145 4.152523 2.162546
-2.916229 -13.8252 -4.500755 2.305979 -2.738563 -3.249678 5.061924 6.101742 0.904055 -0.347223 -1.174772 -0.96642 -0.321985 3.209759 -0.733873
-4.916229 -13.8252 -4.500755 3.350131 -3.245283 -3.507998 3.656603 2.393755 -1.035706 -1.244204 -0.703691 -0.658807 -2.059804 1.871206 -1.008195
-0.916229 -15.8252 -4.500755 0.201962 -2.410326 -1.358209 3.818775 1.030508 0.902178 -2.456843 6.467838 1.039972 0.595161 0.249846 -2.963279
-2.916229 -15.8252 -4.500755 2.424311 -2.064453 1.780094 3.970264 4.406707 2.448701 -0.591108 1.298197 1.2064 1.331846 2.57101 -3.48521
-6.916229 -15.8252 -4.500755 2.512031 -6.573221 -0.086316 4.724547 1.34601 -2.915575 -0.170024 0.718418 -5.492438 -1.431793 -4.359282 0.079394
-8.916229 -15.8252 -4.500755 0.574321 -2.686006 -2.794682 4.162678 -3.288893 -9.570993 0.62493 -1.519567 -2.433461 -4.115634 -4.408986 -4.607515
11.08377 -17.8252 -4.500755 6.217472 1.894626 3.27577 2.106464 -1.633721 0.564022 -0.367707 1.5417 2.373284 0.108833 1.132768 3.6563
5.083771 -17.8252 -4.500755 -3.251055 1.895889 -2.866978 -0.688081 -0.367588 -3.874615 1.49044 3.004437 -1.581385 -1.042601 -3.049529 -0.951857
3.083771 -17.8252 -4.500755 -0.999677 6.463744 -2.731171 2.542116 -1.404777 0.17886 -2.285294 2.183673 0.061452 -0.803183 -0.535002 -1.533758
-2.916229 -17.8252 -4.500755 -0.203702 -3.069649 -0.448352 2.461446 2.2442 -2.691764 -0.855268 0.541163 1.699264 -1.061919 0.712508 -4.2472
-4.916229 -17.8252 -4.500755 2.631699 -4.711058 2.778578 0.186248 2.242143 -0.833334 -1.708558 2.02843 -2.106158 0.81153 -0.899233 -0.496142
-6.916229 -17.8252 -4.500755 6.688596 -4.236807 6.350136 2.963693 2.779743 -1.805691 1.021566 1.387963 -4.379572 -1.053596 -2.400444 0.488486
-8.916229 -17.8252 -4.500755 5.495687 -1.501619 0.840712 2.175396 -1.750266 -1.692903 1.563262 -0.124012 -1.81111 -6.257947 -1.485806 -5.520184
-10.91623 -17.8252 -4.500755 3.856841 3.235646 -0.148075 1.453764 -0.7881 -1.756802 -0.662199 1.368019 0.286052 -6.069088 2.536535 -3.945536
13.08377 -19.8252 -4.500755 2.500676 -1.26965 3.467966 3.592098 1.670784 3.609222 1.219303 -0.101916 1.148792 -1.140839 1.532115 3.032864
11.08377 -19.8252 -4.500755 2.754138 1.857085 1.462121 3.135378 -0.248008 1.030811 -1.83271 -0.165554 -0.512393 -1.454172 -1.75593 2.221045
9.083771 -19.8252 -4.500755 1.827607 0.937559 1.051218 -0.438829 -0.320317 -1.073955 -0.118329 1.199336 -1.292932 -2.200539 0.406884 -2.145188
5.083771 -19.8252 -4.500755 -4.161231 -3.532136 -2.744906 -0.383598 -3.640998 -6.903329 -1.037222 1.076405 -2.949275 -4.51721 -3.475806 -0.832471
3.083771 -19.8252 -4.500755 -1.9175 1.963749 0.163702 4.49054 -3.434576 1.673693 -2.521287 1.851026 0.098996 -0.692887 -2.189286 0.436818
1.083771 -19.8252 -4.500755 -6.887536 3.901436 -2.424967 0.825325 -5.793644 4.689702 -6.443134 0.505895 -3.362411 -2.897814 -5.797956 0.352619
-2.916229 -19.8252 -4.500755 -1.371771 -2.915193 -3.232296 4.114681 -0.564808 -5.178097 -3.215506 -1.76671 -1.909731 -3.915372 -0.435809 -2.868548
-4.916229 -19.8252 -4.500755 -1.14558 -1.58274 1.794124 4.817348 -2.229343 -2.701953 -3.731072 2.716026 -2.762592 -0.478497 0.537944 -2.757968
-6.916229 -19.8252 -4.500755 3.523088 -1.265149 6.701981 1.761971 -0.398491 -1.166538 -2.008806 4.226036 -4.480052 0.869195 -0.028073 -0.239818
-8.916229 -19.8252 -4.500755 5.651573 1.065303 1.53524 -2.607798 0.680049 -1.474355 -1.735128 0.873344 -1.997503 -2.544425 -3.106616 -2.971438
-10.91623 -19.8252 -4.500755 2.335361 1.765437 -0.978648 -2.065437 -0.57507 -6.225026 -3.157666 -0.769291 -3.169408 -4.750352 0.503565 -5.403122
13.08377 -21.8252 -4.500755 1.931999 -0.328191 1.862313 4.055713 2.132808 0.63054 -0.473666 -1.001537 0.021226 -0.015173 1.879397 -0.12762
11.08377 -21.8252 -4.500755 2.516138 -2.232744 -0.474558 0.302931 0.857875 0.437418 -2.319586 -0.937324 -1.262869 -1.646994 0.688701 -0.212578
9.083771 -21.8252 -4.500755 4.927176 -2.675506 -0.422066 -3.05814 0.030231 -1.690455 -0.502696 -0.916764 -1.379112 -2.826319 2.198721 -2.327915
7.083771 -21.8252 -4.500755 0.120562 -1.418615 -0.459908 -1.779491 -1.982057 -2.896373 0.971479 0.916465 -3.252813 -1.174283 0.189209 -3.033136
3.083771 -21.8252 -4.500755 -3.472747 -2.170755 -4.832806 1.595606 -1.213502 -1.478145 -3.738754 -1.155976 -2.041202 -1.183288 -0.260491 -1.716201
1.083771 -21.8252 -4.500755 -4.630916 -0.80566 -6.015031 2.683813 -2.205231 3.425113 -5.735795 -3.952426 -3.930665 -4.486716 -4.005641 -2.200687
-2.916229 -21.8252 -4.500755 0.737563 3.244212 -0.263364 6.266209 -1.845112 3.592088 -2.546108 -3.460813 0.490403 -3.293763 0.198773 -4.500918
-4.916229 -21.8252 -4.500755 -1.558402 0.696889 0.158862 3.534866 -4.040929 -1.407283 -2.300398 1.044498 -2.319135 -2.868401 0.876221 -4.617669
-6.916229 -21.8252 -4.500755 -3.404876 -0.834127 0.362235 -0.04132 -3.017272 -1.70313 -4.265036 5.044921 -2.642812 -0.539701 -0.629699 -0.446916
-8.916229 -21.8252 -4.500755 1.661921 0.886921 0.61224 -2.61198 1.120748 -5.643121 -5.32542 1.420475 -3.140052 -1.161714 -5.925373 0.395618
13.08377 -23.8252 -4.500755 1.295727 -1.278611 3.984607 5.205299 1.475452 3.138172 -1.688119 0.768054 -3.056487 -2.164247 1.582403 0.475898
11.08377 -23.8252 -4.500755 0.407065 -7.171195 1.446585 -3.798641 0.799312 -4.571334 -2.612793 -2.541528 -3.153078 -4.758493 0.705312 -1.607452
9.083771 -23.8252 -4.500755 4.499056 -6.234152 1.315864 -3.992098 0.411587 -6.966128 -1.227356 -2.594579 -1.259932 -2.307446 1.115637 -1.808676
7.083771 -23.8252 -4.500755 2.491442 -4.553594 0.247528 -1.673118 -1.534983 -7.985273 0.975309 -0.721889 -1.039594 1.456506 1.860085 -2.067502
5.083771 -23.8252 -4.500755 -4.765733 -6.509984 -4.1209 -2.838967 -3.897484 -9.00114 -3.449277 -1.569675 -3.943846 -1.150464 -0.235667 -2.862556
3.083771 -23.8252 -4.500755 -4.85482 -8.902497 -4.849965 -5.015518 -1.869292 -8.77051 -5.257419 -2.698936 -1.162497 -4.11629 -0.427704 -2.412811
-2.916229 -23.8252 -4.500755 -1.642818 4.096627 -2.456292 2.506231 0.020448 2.712496 -1.875915 -2.291607 0.086844 -3.32908 -0.78489 -5.066588
-4.916229 -23.8252 -4.500755 0.896896 -1.277064 0.877326 -1.807447 -2.081171 -1.12006 -0.909162 1.80722 -1.197914 -2.999565 2.484837 -2.818072
-6.916229 -23.8252 -4.500755 -1.479739 -2.519308 -4.619533 -1.231484 -3.946112 -3.624014 -4.466234 2.778879 -2.78932 -2.262964 0.425161 -0.067857
9.083771 -25.8252 -4.500755 0.318423 -5.337966 2.764848 -1.439967 1.717677 -6.734968 -3.044177 -2.877269 -0.585811 -2.924709 -0.655365 -1.444084
7.083771 -25.8252 -4.500755 0.787486 -2.951388 0.157873 1.604782 -1.584803 -8.909999 0.116622 0.03596 -0.01013 1.126366 1.661147 0.507138
5.083771 -25.8252 -4.500755 0.00398 -1.027819 -1.800503 0.398571 -3.448138 -7.000016 -2.433104 0.170063 -2.926378 -2.175464 2.83624 0.193721
3.083771 -25.8252 -4.500755 -2.497722 -2.800936 -0.895719 -0.291006 -2.653987 -8.019276 -4.319283 -1.988229 -1.678894 -3.806387 0.270786 -1.758714
-0.916229 -25.8252 -4.500755 -2.84489 1.868634 -7.520067 1.132381 1.249584 -4.232864 -3.044815 1.824508 -3.189275 -0.491907 -1.791702 -2.218034
-2.916229 -25.8252 -4.500755 -4.709099 1.075302 -4.643122 -1.296012 0.183158 -5.570879 -1.460661 -0.270334 -1.334908 -0.545253 -1.227122 -3.519337
-0.916229 -27.8252 -4.500755 1.959106 -2.590165 -1.469554 -1.952135 4.06452 -4.682232 0.108535 0.687997 1.695216 -0.785904 1.487671 -0.943988
-4.916229 -27.8252 -4.500755 -0.371681 -2.480806 -2.218609 0.541593 -2.463976 -2.963008 1.29815 0.299024 2.196433 -1.364987 0.050279 -1.584227
-6.916229 -27.8252 -4.500755 -4.337657 -2.92514 -5.29539 1.17299 -3.62455 0.493143 0.401938 -1.729625 -0.013875 -3.340732 -1.771537 -2.183342
-0.916229 -29.8252 -4.500755 4.3376 -3.711541 1.704883 -0.120918 3.500814 -2.426 0.383786 -2.505883 5.558539 -2.143589 2.627204 -3.469573
-2.916229 -29.8252 -4.500755 1.650385 -1.923529 0.128665 1.775428 2.662169 -1.737908 1.288076 0.238875 3.686225 0.326256 3.070342 -2.833699
-2.916229 -13.8252 -2.500755 3.902509 2.219179 -3.520551 4.612442 4.597329 3.886525 -1.929958 -1.635865 -1.055073 -1.230532 -0.577758 0.56994
-2.916229 -15.8252 -2.500755 4.67118 2.525532 0.568883 6.213136 4.433154 4.52483 1.307766 0.975567 0.038702 1.454889 2.436166 1.159608
-2.916229 -17.8252 -2.500755 -3.175114 2.063304 -4.716416 7.966061 1.04872 6.323803 -1.850419 2.361378 -1.799913 1.958268 -2.134833 2.632562
-4.916229 -17.8252 -2.500755 0.440693 1.265845 -0.478144 5.375451 -0.235269 1.600785 -1.480266 3.045459 -1.176518 3.364151 1.351645 3.458672
-6.916229 -17.8252 -2.500755 2.046729 1.227744 -1.444229 8.636045 1.148826 5.714054 1.952281 3.500324 0.339036 3.40822 0.61914 6.230302
-8.916229 -17.8252 -2.500755 4.968197 3.559791 -0.422931 6.640727 1.015312 4.721988 2.990362 1.35877 2.391303 -2.21491 -2.431287 1.855176
-10.91623 -17.8252 -2.500755 3.856771 4.38653 1.061437 2.4092 0.581944 -1.965633 0.355925 -1.74663 2.22931 -1.416764 1.486839 -4.553759
5.083771 -19.8252 -2.500755 -1.73956 -2.3129 -0.591923 -3.102167 -3.46318 0.35957 -2.859994 0.579653 -4.386984 -4.065735 -0.460238 -0.319474
3.083771 -19.8252 -2.500755 0.094706 0.35206 1.028213 4.684302 -1.372166 7.704832 -1.307736 0.015271 -2.575852 -1.573983 -1.718162 -0.833378
-2.916229 -19.8252 -2.500755 -2.251633 0.204743 -3.974946 6.223817 0.212631 5.442829 -2.495098 2.259684 -2.278493 0.54265 -2.903711 1.299108
-4.916229 -19.8252 -2.500755 -1.682445 -0.795096 0.284357 2.754004 0.496739 4.058524 -1.481781 3.800997 -0.304412 1.792429 1.739003 -0.609679
-6.916229 -19.8252 -2.500755 0.291132 1.201228 -0.787226 3.86477 2.300185 8.399013 -0.520674 2.031117 0.592305 2.106675 0.706211 4.153121
-8.916229 -19.8252 -2.500755 4.508743 5.853135 -1.806074 2.595511 0.669956 9.400405 0.217571 0.659046 -1.652308 -0.621075 -4.576894 2.901465
-10.91623 -19.8252 -2.500755 4.477775 5.035928 2.099066 -0.728176 2.598654 0.775501 0.104521 -2.86542 -2.133279 -2.144044 -1.000303 -4.410793
13.08377 -21.8252 -2.500755 -0.838998 2.60415 0.83215 4.50192 0.012412 0.147444 0.443204 0.633475 -1.243299 0.462773 0.871224 -0.649713
11.08377 -21.8252 -2.500755 3.263158 2.990976 1.709489 6.229943 -0.810089 5.236129 0.259623 1.078572 0.242293 0.651216 1.324049 0.224743
5.083771 -21.8252 -2.500755 0.122658 -3.159521 -0.655788 -1.186412 -2.744917 -5.161739 -3.507265 -0.004173 -1.58845 -2.527422 0.05719 -1.209908
3.083771 -21.8252 -2.500755 -1.714749 -1.35284 -2.342918 3.755124 -1.261024 3.103782 -4.990202 -3.547727 -5.116636 -4.247664 -0.903819 -3.538657
-2.916229 -21.8252 -2.500755 0.422531 0.119665 0.228748 1.695102 0.104608 -1.566621 -1.502687 -0.91025 1.260275 0.546328 -2.213255 -4.153251
-4.916229 -21.8252 -2.500755 1.079437 -2.350674 0.273231 -2.147789 0.177632 0.533589 -0.600915 1.270798 -0.503609 -1.432524 0.139808 -4.213647
-8.916229 -21.8252 -2.500755 0.726231 5.130954 -1.641746 3.720353 -1.251242 5.526712 -5.280054 -0.821945 -3.560136 0.055656 -5.563595 -0.229243
-10.91623 -21.8252 -2.500755 2.815736 2.604692 -0.886939 2.289483 0.278423 3.495891 -3.990738 -5.433042 -6.401979 -3.447542 -4.676742 -4.426483
9.083771 -23.8252 -2.500755 1.673925 0.568149 0.467292 4.750359 -1.614343 -0.907679 -3.04363 2.304204 -0.10007 0.420547 -5.505375 1.623119
3.083771 -23.8252 -2.500755 -1.110989 -3.462518 -2.115435 1.198344 -3.203768 -2.006292 -2.809961 -0.569909 -1.759796 -2.576376 -0.025368 -1.406049
1.083771 -23.8252 -2.500755 0.538705 -2.053134 -5.792261 1.742238 -0.471381 -1.070699 -1.47184 -2.453827 0.026572 -2.341757 0.052816 -5.272248
-4.916229 -23.8252 -2.500755 1.475268 -1.039404 -0.707406 -1.095265 0.231808 0.426683 -0.014443 1.959067 -0.60142 -0.890963 0.978135 -3.462041
-6.916229 -23.8252 -2.500755 2.326218 -0.02839 -3.264775 -0.223513 -0.26954 1.804834 -2.096101 2.796079 -1.476178 -0.381701 -0.758272 -3.141751
-8.916229 -23.8252 -2.500755 -1.993627 2.71238 -3.190204 3.065692 -1.438844 2.64222 -5.047971 -1.343324 -7.498091 -2.012565 -4.946618 -1.594219
-10.91623 -23.8252 -2.500755 -0.259826 1.947744 -1.5945 2.821144 0.371789 2.216918 -6.219436 -3.067547 -8.581864 -2.883167 -3.927104 -1.706424
9.083771 -25.8252 -2.500755 0.124958 -1.856621 -1.526841 4.211339 -0.089441 -1.381845 -6.409009 0.337794 -2.287063 -3.721287 -7.655877 -2.14953
7.083771 -25.8252 -2.500755 1.788603 -1.829275 -0.162237 1.753205 -1.421165 -6.896485 -4.754976 -0.312754 -0.498429 -2.74125 -0.115062 -1.522345
5.083771 -25.8252 -2.500755 0.423064 0.558518 -0.164658 1.613784 -2.93448 -5.372198 -2.926176 0.611524 -2.440199 -4.089434 4.913126 -1.165146
3.083771 -25.8252 -2.500755 -0.232289 0.309396 1.828049 2.760508 -3.626159 -4.009929 -1.890432 0.12992 -0.31596 -2.341825 -0.248267 0.514885
1.083771 -25.8252 -2.500755 2.794474 0.487716 -0.691984 3.430671 -1.706169 -3.642195 -2.24414 -0.021234 1.073888 -0.765053 -2.034865 -2.434414
-0.916229 -25.8252 -2.500755 -2.198222 -0.203813 -5.974349 1.83108 -1.180591 -5.516816 -3.389458 -1.362837 -3.221975 -3.50379 -3.046393 -6.868774
-2.916229 -25.8252 -2.500755 -4.478679 0.502652 -5.987897 1.093566 -0.036754 -1.929678 -2.622564 -0.476764 -4.249249 -2.399763 -1.65658 -6.116479
-4.916229 -25.8252 -2.500755 -0.879333 -0.693322 -3.591316 1.581283 1.090274 2.360721 0.294719 0.799678 -0.617204 -1.051381 0.891992 -2.510895
-6.916229 -25.8252 -2.500755 -1.64434 -2.699959 -6.172514 -1.462433 -1.330367 -3.341437 -0.399091 -0.372035 -2.619387 -1.959075 -2.120393 -5.597395
-8.916229 -25.8252 -2.500755 -2.868627 -1.953513 -3.992608 0.647363 -0.795688 -1.380131 -2.999094 0.387205 -5.53163 -2.665345 -4.832032 -0.642546
7.083771 -27.8252 -2.500755 -0.283474 -2.614223 -1.436018 0.003936 -1.368209 -9.63128 -5.67507 -2.395305 -2.386213 -3.093289 -0.385948 -2.934099
5.083771 -27.8252 -2.500755 -2.465837 -3.43212 -1.700196 -1.425995 -3.501805 -10.84838 -3.362952 0.467829 -4.455106 -3.629337 2.752072 -2.825253
3.083771 -27.8252 -2.500755 -1.880949 -0.883576 -0.368178 3.757686 -1.453767 -5.834564 -2.416169 0.804812 -1.825594 -2.185577 -1.664686 0.046791
1.083771 -27.8252 -2.500755 2.559179 0.107314 0.335222 3.535192 0.611893 -2.54933 -2.047894 0.37541 2.666135 -1.197456 -3.065447 -0.243348
-0.916229 -27.8252 -2.500755 1.146651 -1.837098 -3.159996 -1.527863 0.687972 -4.060476 -2.461876 1.064723 0.356755 -1.271105 -0.89502 -2.277752
-0.916229 -29.8252 -2.500755 3.569733 -1.308356 -0.121401 -0.411462 1.987101 -2.976619 0.456374 -0.756632 5.434461 -2.958227 2.034478 -2.353317
-2.916229 -15.8252 -0.500755 -0.08297 0.134754 -1.798787 2.889194 0.536747 5.42209 0.002566 -2.544243 -3.010579 0.853636 -5.780988 -0.027348
-2.916229 -17.8252 -0.500755 -7.421363 2.880836 -7.65681 8.434661 -0.127527 4.356579 -7.531195 -0.145033 -11.13219 0.049902 -6.272881 0.08622
-4.916229 -17.8252 -0.500755 -0.257763 2.405449 -1.276056 4.404891 -1.824818 5.034218 -2.876516 -1.045885 -5.341068 4.404302 0.665964 0.296749
7.083771 -19.8252 -0.500755 2.083912 3.812807 3.095314 -0.515676 0.936745 1.444226 0.449758 1.645477 -0.298661 0.163213 0.105658 1.859432
-0.916229 -19.8252 -0.500755 -6.904542 10.68061 -2.862342 13.12661 3.343004 8.509249 -7.295304 1.348865 -8.170983 0.657555 -2.983228 -1.335823
-2.916229 -19.8252 -0.500755 -4.923296 1.852007 -4.511322 7.323119 -2.476237 6.03017 -4.913545 1.576797 -8.201375 -0.808793 -3.844306 -2.054731
-6.916229 -19.8252 -0.500755 -1.525562 0.005368 -0.143362 5.353662 1.418235 12.17291 -0.821783 2.370066 1.859396 4.813438 -0.47841 3.228067
-8.916229 -19.8252 -0.500755 0.021898 2.50312 0.060761 4.398623 1.359448 8.705271 0.064311 -1.287858 0.226585 2.652807 -2.460297 5.23572
-10.91623 -19.8252 -0.500755 2.920557 1.483354 5.641336 2.15895 4.290419 0.354865 1.562738 -4.820747 0.779378 -0.290542 -0.438888 -4.46248
7.083771 -21.8252 -0.500755 3.29568 1.088489 1.103678 -1.851421 2.152318 -1.701264 -0.264877 0.778499 0.529106 0.739172 0.367347 0.362144
5.083771 -21.8252 -0.500755 4.281867 -0.566402 3.752173 2.319763 1.848645 -1.937691 -1.511739 0.645061 -2.826537 -1.283947 0.979806 0.815956
3.083771 -21.8252 -0.500755 1.721678 -1.632996 2.451091 1.360301 0.787776 -3.769315 -2.345306 -2.784542 -3.946023 -4.560756 -1.150217 -0.786988
-0.916229 -21.8252 -0.500755 5.046793 3.229079 4.000138 3.272424 2.463292 1.445014 -2.431847 -2.736977 -0.910466 0.222065 -1.037584 -5.674175
-2.916229 -21.8252 -0.500755 0.415901 -1.046546 2.242656 2.766544 0.478299 -2.328279 0.322484 -0.305916 -1.5921 -0.198281 -2.404207 -4.884646
-4.916229 -21.8252 -0.500755 -1.449722 -2.126985 0.740674 1.702018 1.667334 2.741914 1.088363 1.456515 -0.693128 -0.959531 0.875688 -3.535645
-6.916229 -21.8252 -0.500755 0.598191 -1.549981 -0.690516 1.254345 3.913396 7.167268 -0.758592 1.154984 1.597718 1.493447 1.525094 0.265095
-8.916229 -21.8252 -0.500755 1.391577 1.551225 1.38799 4.466783 0.785444 4.306283 -0.792982 -2.619438 1.158367 0.072468 -0.215351 0.243523
-12.91623 -21.8252 -0.500755 -0.098069 1.656509 3.538295 2.850883 1.527145 0.394372 -3.407901 -2.877082 -3.681729 -5.410101 -2.924311 -3.188751
5.083771 -23.8252 -0.500755 1.31809 0.220449 0.664625 -0.500049 0.416919 -4.571187 -0.731212 0.816167 -1.586233 -2.367098 1.549978 -0.911576
3.083771 -23.8252 -0.500755 1.579075 -0.756598 3.013384 1.604565 -0.94049 -1.607718 1.692518 1.177817 -2.677644 -3.039855 -1.030607 -1.858968
-0.916229 -23.8252 -0.500755 2.944618 0.878653 4.756723 5.134847 2.642458 3.486113 1.836302 -2.693322 1.510635 -3.193054 0.11354 -6.239215
-2.916229 -23.8252 -0.500755 2.810839 -0.150313 4.063756 2.396839 2.449404 -1.010863 2.644036 1.044335 0.467303 -0.849528 0.842696 -3.564018
-4.916229 -23.8252 -0.500755 3.62931 1.455191 3.657386 1.81471 2.503947 -1.500707 2.913257 1.745316 0.820534 -0.432477 2.204374 -0.547955
-6.916229 -23.8252 -0.500755 0.82752 -0.506727 0.042718 0.455818 4.208145 1.334169 1.427147 0.625935 1.911952 -0.418964 0.635854 -1.31529
7.083771 -25.8252 -0.500755 -0.832507 -0.714138 -0.071821 -1.217436 -1.603032 -3.574469 -6.59326 -3.182341 -3.018084 -5.038701 -3.974639 -3.076243
3.083771 -25.8252 -0.500755 0.280871 2.146975 3.683535 1.585624 -1.454331 -1.924133 -0.035707 2.350781 -0.263471 -0.482919 -0.595803 1.20401
1.083771 -25.8252 -0.500755 3.034335 0.743063 2.402709 1.643977 0.517642 0.701768 -0.780976 -1.243159 -2.038394 -2.087241 -3.593956 -2.794769
-4.916229 -25.8252 -0.500755 1.482059 1.017426 -0.856839 1.277725 1.898026 0.203775 2.024007 0.327402 -0.277034 -1.993479 -0.544441 0.038394
-8.916229 -25.8252 -0.500755 -4.257237 -2.557813 -3.610709 0.718601 0.482458 -2.254695 0.069688 -1.149606 -3.995392 -3.570595 -0.595117 0.528822
7.083771 -27.8252 -0.500755 0.641557 0.689334 -0.793571 5.316952 -1.48854 -3.924459 -7.208663 -4.432367 -3.197325 -3.813844 -4.481933 -2.441888
5.083771 -27.8252 -0.500755 -1.442853 0.889927 -0.351464 2.922877 -3.622482 -4.549672 -4.736705 -0.509283 -4.276623 -3.520751 -0.546119 -2.235401
3.083771 -27.8252 -0.500755 -2.579794 4.71527 -0.297774 6.821277 -0.837259 -3.37236 -3.341385 2.805779 -1.482099 -0.844988 -2.036151 2.159449
1.083771 -27.8252 -0.500755 -2.00861 2.933929 -2.334719 3.561365 0.678207 -1.304588 -2.824853 0.362392 -2.318548 -1.83571 -5.127873 -1.169004
-2.916229 -17.8252 1.499245 0.677519 -0.005034 -7.098023 -4.509894 0.944202 -5.740979 -8.197224 -4.56829 -7.861254 -4.244549 -5.233243 -6.483109
-4.916229 -17.8252 1.499245 -1.758939 -0.527892 -0.927562 1.127894 -0.458204 -0.758829 -3.567712 -3.976479 -5.260636 -1.773033 1.011595 -4.065644
9.083771 -19.8252 1.499245 0.531848 3.083758 -0.670829 2.090063 2.250735 2.472956 1.678275 -0.442491 -1.72143 1.634789 -4.122034 -2.203491
-2.916229 -19.8252 1.499245 -0.327496 1.517621 -5.647344 3.859509 -2.196048 -3.248227 -9.113439 -2.57533 -5.318503 -2.584976 -4.375978 -4.711695
-4.916229 -19.8252 1.499245 -0.07859 1.025653 2.756602 5.266338 -0.202744 1.181016 -0.819161 -1.125259 0.139488 -1.036577 -1.039219 -1.821714
9.083771 -21.8252 1.499245 0.013044 -0.705564 -0.292505 3.167873 3.633189 0.148321 -0.382938 -0.401978 -1.927111 0.160859 -2.064744 -2.142015
7.083771 -21.8252 1.499245 1.786659 2.805133 -0.212033 4.853698 2.929949 -0.349312 1.992993 0.549338 -2.36526 1.528783 0.803129 -2.3013
5.083771 -21.8252 1.499245 3.040729 0.118055 3.836809 5.516294 3.402242 0.069306 1.021327 0.186649 -3.182391 -0.52456 -0.017832 -2.257041
-0.916229 -21.8252 1.499245 5.418172 3.614774 -0.15 6.311895 4.370793 -3.864939 -8.254676 -1.951704 0.509825 0.696629 -0.22462 -6.385152
-2.916229 -21.8252 1.499245 0.904011 -0.884875 -1.429773 2.234539 0.139065 -4.990578 -1.147208 -3.068406 -0.999 -0.087549 -2.1027 -3.253759
-8.916229 -21.8252 1.499245 1.002469 -0.001382 2.474001 0.826231 0.681389 0.37299 -0.819313 -4.510834 -1.91634 -2.288172 2.001652 -2.715388
-10.91623 -21.8252 1.499245 1.307536 2.80632 1.12924 1.987179 0.966567 -1.609755 -3.037968 -3.246922 -1.172757 -3.513635 0.724526 -4.692193
-12.91623 -21.8252 1.499245 0.66655 -0.858243 0.447839 3.817264 0.393053 1.354192 -2.413986 -1.39329 0.257035 -4.168047 -0.036387 -2.658476
7.083771 -23.8252 1.499245 -0.574128 1.63704 -1.190926 1.529718 1.268005 -1.530086 1.873336 1.721371 -1.407874 -0.734399 -0.513854 -2.937761
5.083771 -23.8252 1.499245 0.157534 3.414037 0.676975 3.549814 1.527141 -3.130087 -0.396953 0.591035 -3.031649 -0.537811 0.097082 -4.840699
3.083771 -23.8252 1.499245 0.094209 2.262832 0.348413 3.039634 0.749515 -3.775849 -2.097932 -1.31822 -6.258781 -0.130584 -3.555717 -3.772145
-0.916229 -23.8252 1.499245 4.357583 1.726733 4.314243 6.715565 4.847082 7.021497 -0.972371 -1.212523 -0.647126 0.995292 -3.010951 -3.44648
-2.916229 -23.8252 1.499245 0.665286 1.300851 0.577172 4.794783 0.995453 2.866704 1.337744 1.713214 -1.286806 1.338399 -0.102981 0.951377
-4.916229 -23.8252 1.499245 -1.003622 3.324879 -0.092576 3.554996 -1.284911 1.050438 1.342416 0.616982 -2.316493 1.120917 0.687263 -0.615139
-6.916229 -23.8252 1.499245 -0.488243 0.134245 -0.966742 1.259646 -0.32209 -0.211292 3.013572 -1.413857 -1.019514 -1.455337 -0.826355 -3.305943
-8.916229 -23.8252 1.499245 -1.834892 -0.243809 -0.3485 -0.0134 0.64147 -3.490747 1.673742 -1.816747 -3.495165 -4.070737 0.38824 -2.428521
-10.91623 -23.8252 1.499245 -0.494297 2.875654 -0.753522 1.723234 1.682502 -1.754143 -1.703902 -0.797198 -3.10885 -4.162611 -0.567267 -4.176822
-12.91623 -23.8252 1.499245 -0.645911 2.133697 -3.015357 5.09952 -0.070715 0.542571 -2.914284 -1.418625 -3.094425 -2.126778 -3.129368 -2.589718
7.083771 -25.8252 1.499245 -2.125528 -0.556882 0.326606 -1.50254 -0.890391 -5.39091 -0.743731 -1.815738 -1.346801 -2.609725 -1.938331 -4.383488
3.083771 -25.8252 1.499245 -2.709831 0.980768 -0.603613 1.264579 -0.866877 -3.507676 -0.597932 0.801502 -3.086635 0.712252 -1.1924 0.302005
-0.916229 -25.8252 1.499245 3.504185 0.886196 1.560647 0.93597 4.12977 5.169552 -3.598647 -5.010295 -4.095361 -1.924474 -4.742085 -7.027971
-4.916229 -25.8252 1.499245 -1.420301 2.081818 -2.61236 2.571686 -0.354684 3.221444 1.048981 -0.591555 -2.980858 0.748023 -0.190429 -1.283056
-6.916229 -25.8252 1.499245 -2.084178 -0.833301 -3.721912 2.273719 0.918785 0.5585 1.544902 -2.00018 -4.106688 -0.988755 -1.330587 -2.012146
-8.916229 -25.8252 1.499245 -3.797117 -3.607275 -4.011301 1.557718 0.780132 -2.302284 0.312025 -0.732636 -4.540716 -2.975346 0.617235 -0.148994
7.083771 -27.8252 1.499245 -1.051746 -1.297589 0.94122 0.317395 -0.210361 -7.575289 -0.266692 -4.327739 -1.145501 -2.256833 -1.621176 -2.757997
5.083771 -27.8252 1.499245 -1.492139 -2.747307 -0.422853 1.749316 -2.68685 -5.309609 -0.429025 -2.187659 -2.390577 -3.063512 -1.641989 -1.58497
3.083771 -27.8252 1.499245 -3.437706 0.170696 -1.290739 2.409909 -1.268842 -3.37477 0.667841 0.962312 -2.728476 -2.369949 -0.916235 2.145144
1.083771 -27.8252 1.499245 -2.472553 0.023331 -1.515263 -1.523152 2.350494 -4.773244 -0.38005 -1.450499 -4.882463 -1.815991 -2.896313 -1.433782
3.083771 -29.8252 1.499245 -0.90165 -2.283188 -0.742111 2.092278 -0.146986 -4.062077 2.622291 -2.598292 -1.291168 -4.796247 -0.950177 -0.634291
9.083771 -19.8252 3.499245 -1.78659 3.46321 -2.178942 2.532602 1.420862 3.539771 -1.884314 -0.637413 -2.298938 -0.932801 -2.807235 1.524183
-2.916229 -19.8252 3.499245 1.676515 4.391093 -5.703614 2.257494 -0.737881 -3.777569 -5.765868 -1.372753 -4.587233 -2.357422 -0.354211 0.796481
9.083771 -21.8252 3.499245 -1.868999 1.918991 -1.63152 4.183858 1.006683 1.019433 -3.24089 -1.969912 -2.791212 -1.063906 -2.488859 0.86178
-2.916229 -21.8252 3.499245 1.972923 1.160499 -2.116744 0.131908 -1.419332 -0.834165 -2.247005 -2.420264 -1.712268 -0.338426 -0.952 -0.39388
7.083771 -23.8252 3.499245 0.696178 1.022669 -1.604678 0.879948 0.95217 -2.857294 -0.387022 -0.338121 -1.191619 -3.441087 -0.79093 -3.698188
5.083771 -23.8252 3.499245 1.602211 2.212765 -2.716736 0.517916 2.423243 -5.814409 -2.852942 -2.200077 -2.758938 -3.275914 -1.929844 -3.893777
-0.916229 -23.8252 3.499245 6.632551 2.659635 3.8053 3.68116 5.637038 2.558352 -1.310249 -1.886703 -2.516097 -1.661481 0.976877 -5.526419
-4.916229 -23.8252 3.499245 -1.205866 -0.286098 -2.083346 -0.699869 -1.119607 -0.690532 -3.077842 -1.712754 -4.800362 0.123926 -1.6594 -1.803994
-6.916229 -23.8252 3.499245 3.34543 -1.205313 -1.449739 -0.712713 1.591192 0.766029 -1.279896 -2.318848 -5.670566 -2.216213 -1.541704 -3.337088
5.083771 -25.8252 3.499245 3.26213 1.695605 -0.421433 1.053712 0.957259 -6.056367 -0.323092 -0.394077 -0.060802 -2.160187 -2.515768 -1.721262
3.083771 -25.8252 3.499245 0.667548 0.345178 -0.45191 0.537628 -1.512808 -6.393997 -0.861441 -0.841158 -2.901306 -1.05631 -3.659903 0.64263
-0.916229 -25.8252 3.499245 7.615858 0.513858 0.486879 -0.985432 4.341946 -3.652263 -4.356965 -6.995118 -4.271884 -3.171952 -3.195858 -7.240501
-2.916229 -25.8252 3.499245 2.541479 0.135951 -0.021091 1.730093 0.895461 0.497926 -2.721901 -1.877721 -5.509051 -0.679861 -1.482842 -1.813625
-4.916229 -25.8252 3.499245 -0.112123 -0.035068 -1.276145 -0.945284 0.782615 1.268379 -2.758421 -4.031875 -5.335177 -1.79077 -2.232197 -2.636036
-6.916229 -25.8252 3.499245 0.770443 -1.720354 -2.020548 -0.886672 2.205038 -2.129926 -2.344434 -4.287336 -5.629788 -2.954141 -2.847592 -3.45173
-8.916229 -25.8252 3.499245 0.108411 -3.15065 -1.887415 0.156939 1.786321 -4.071776 -2.156774 -1.068471 -5.578781 -4.055443 -1.278212 -0.18036
7.083771 -27.8252 3.499245 -1.450959 0.939672 -0.77338 2.154302 1.893148 -1.856472 -0.794712 -0.131258 0.532788 0.063044 0.014111 -1.932905
3.083771 -27.8252 3.499245 0.247072 -0.66294 -0.658407 -0.005102 -1.715343 -4.880002 -0.020748 -0.514408 -2.842705 -2.448693 -3.081583 -2.772888
1.083771 -27.8252 3.499245 2.622798 1.460349 0.044209 -1.066761 1.026325 -4.938566 -1.617285 -2.186052 -1.405593 -2.018893 -3.475407 -4.439021
-8.916229 -27.8252 3.499245 -2.345778 -1.490935 -0.226588 3.185351 -0.234157 -4.217203 -1.927218 -0.871437 -2.066587 -1.538301 -0.793423 0.597855
7.083771 -29.8252 3.499245 -0.904115 1.38968 2.08348 7.333696 0.588736 3.18381 -1.62793 1.782006 -2.126008 1.541234 -1.804018 -0.927736
5.083771 -29.8252 3.499245 0.060404 -3.477042 -0.018535 3.356085 -0.033671 -2.423784 -0.15077 -0.166889 -0.185654 -1.018836 -0.998491 -1.36804
3.083771 -29.8252 3.499245 1.166619 -2.871847 -0.177759 0.278087 -0.163259 -4.081974 1.430641 -0.177145 -0.77294 -1.37361 -0.751142 -2.900869
7.083771 -31.8252 3.499245 0.367877 -2.243233 1.327665 1.709074 0.395602 0.493848 -1.579614 -0.234763 -2.713583 -0.15079 -2.002768 -4.048558
5.083771 -31.8252 3.499245 0.324172 -2.948636 2.014167 -0.534691 -1.080142 -2.393356 -0.858102 -2.307161 -2.025306 -1.245965 -0.826104 -3.192694
9.083771 -19.8252 5.499245 -0.585137 4.387413 -1.043389 3.375517 -0.087065 4.870357 -4.001401 1.402476 -3.991859 1.235654 0.479752 3.690789
13.08377 -21.8252 5.499245 0.831278 -0.759091 -1.334767 -1.080812 -0.691424 -2.564985 -4.129492 -0.605539 -2.537365 -1.92646 -2.145648 1.209656
9.083771 -21.8252 5.499245 -0.539345 2.640431 -0.390374 0.801262 -0.256085 3.934953 -3.741337 -0.528329 -3.256776 -0.502122 -0.657962 0.988825
-6.916229 -21.8252 5.499245 5.664657 1.929484 2.125277 0.501231 -1.052199 -1.294573 -1.424138 -0.274234 1.678612 0.36776 1.762065 -0.074274
-8.916229 -21.8252 5.499245 3.85535 0.585053 2.135345 0.187864 3.538684 -0.039315 -0.404497 -3.010779 1.424982 -1.086592 3.80913 -0.479426
-10.91623 -21.8252 5.499245 1.624085 0.540492 1.05479 -0.493783 3.521118 0.59816 -1.361649 -0.931892 -0.469227 -1.914768 1.994754 2.3104
-12.91623 -21.8252 5.499245 1.720046 1.62288 -2.258533 0.873209 -0.917449 0.084257 -2.540979 -0.180174 -2.107834 -2.240763 3.026679 1.212788
15.08377 -23.8252 5.499245 1.617368 -0.663471 0.537516 -2.470858 -0.309073 -6.087263 -2.666444 -2.824747 -0.363876 -2.733022 -2.383525 0.79748
13.08377 -23.8252 5.499245 0.582985 -2.086008 0.074126 -0.855106 0.650255 -1.79855 -3.250678 -1.702968 -1.939195 -5.489849 -1.784801 0.292508
11.08377 -23.8252 5.499245 0.806656 -3.809109 3.44529 -4.241004 0.28875 -0.729956 -0.917962 -2.121963 -0.690987 -4.267618 1.856661 -1.31702
7.083771 -23.8252 5.499245 1.209931 1.217286 -0.238803 -1.72729 0.370632 1.36797 -0.54143 1.0651 -0.74166 -2.887728 1.773526 -0.534549
-0.916229 -23.8252 5.499245 0.9546 1.988608 -0.513562 -0.193209 2.475506 1.036708 -2.904783 2.590381 -2.527034 -3.96658 1.076991 -1.707946
-2.916229 -23.8252 5.499245 -2.435267 0.932616 -1.141768 -1.050986 0.41449 4.567082 -1.938072 1.796865 -1.556661 -0.826572 2.329802 1.216046
-4.916229 -23.8252 5.499245 -0.180332 0.809582 0.334417 -0.941828 -1.104208 3.103732 -1.636423 0.295019 -1.045843 -0.059711 -0.298468 -0.690417
-6.916229 -23.8252 5.499245 5.131364 1.79067 2.352446 1.326906 0.931617 4.405649 -1.933444 0.192921 -3.357086 -1.396637 -0.462465 -0.575182
-8.916229 -23.8252 5.499245 4.238451 2.087338 2.126619 0.012956 2.721966 4.009048 -2.027506 0.824836 -1.988057 -1.277832 1.665741 2.148525
-10.91623 -23.8252 5.499245 2.498425 1.660225 -0.535087 1.410771 2.522901 1.614893 -1.807978 0.563332 1.47642 -0.349154 2.60793 3.128311
13.08377 -25.8252 5.499245 -1.14204 1.149107 1.491125 0.218314 -0.916745 1.277881 -2.121578 -3.008378 -4.703065 -3.424898 -2.057219 2.337245
11.08377 -25.8252 5.499245 0.173522 0.708468 1.04816 -2.39395 0.038681 -1.389596 -1.485165 -0.845904 -3.118799 -3.659079 0.289617 1.341713
5.083771 -25.8252 5.499245 3.5339 0.066676 -1.552543 -1.086171 0.852514 -1.021464 0.660929 1.447192 -0.69251 -2.933543 -0.245446 3.38967
3.083771 -25.8252 5.499245 6.033711 1.384496 0.331379 0.149197 -0.810577 -1.709963 0.769325 3.254352 -0.984207 -1.933596 -0.671907 3.207753
-2.916229 -25.8252 5.499245 3.783389 -1.558038 1.268457 -2.178692 1.802765 2.294246 -2.293275 0.61468 -2.898806 -3.523689 1.132558 1.175579
-4.916229 -25.8252 5.499245 2.22831 -0.507631 0.310053 -2.116453 0.264516 1.39176 -3.912372 -2.358264 -2.587424 -3.573797 -0.573897 -0.548135
-6.916229 -25.8252 5.499245 1.714432 1.091413 0.03277 -0.685907 0.510167 3.755969 -3.24067 -0.657973 -3.477221 -1.974359 -1.571443 1.24755
-8.916229 -25.8252 5.499245 -0.623908 1.375602 -2.59362 0.079899 -0.680363 3.720976 -4.170817 2.38169 -5.214707 -1.12262 -2.034908 3.902506
13.08377 -27.8252 5.499245 -0.377056 -0.28496 -0.833679 -2.308302 -3.121796 0.184937 -2.382627 -3.990776 -5.177108 -0.772699 -2.946999 2.299666
11.08377 -27.8252 5.499245 0.398335 -1.065438 -1.519006 -1.995057 0.139488 -1.250426 -2.590822 -2.691612 -5.281677 -2.773354 -2.065897 0.763002
9.083771 -27.8252 5.499245 0.735586 -1.065628 0.1424 -2.938857 1.954319 -1.858289 -1.707096 -1.268234 -0.132695 -4.658748 1.499399 0.806579
3.083771 -27.8252 5.499245 3.603738 -1.530315 -4.686927 -1.506386 -1.232449 -4.489153 -3.344319 -1.07912 -1.042249 -2.925422 -2.412914 0.71669
-6.916229 -27.8252 5.499245 -1.444946 -1.289906 -3.982206 -1.601529 -1.87143 0.394535 -5.43533 0.697154 -2.676853 -2.669177 -3.736776 3.103155
-8.916229 -27.8252 5.499245 -2.852521 0.470607 -3.097141 0.657562 -1.881557 3.792749 -4.513101 2.156031 -3.726908 -0.254826 -2.842388 4.714888
9.083771 -29.8252 5.499245 1.761561 -2.78048 -0.140591 -1.719831 0.761177 -0.611546 -3.258541 0.828797 -3.678461 -1.307246 -1.987206 0.109596
7.083771 -29.8252 5.499245 -0.65712 -1.635576 -1.485417 0.292555 -1.138874 -0.287901 -3.273647 1.279414 -1.84151 -0.345835 -0.278434 2.615844
5.083771 -29.8252 5.499245 1.910213 -2.820524 -1.004783 1.550919 -0.951092 -1.830088 -4.068451 -0.015581 -1.190215 -1.851711 -0.409797 3.167117
3.083771 -29.8252 5.499245 3.298171 -2.549462 -2.595101 -1.276871 0.141421 -6.778088 -4.144086 -1.683325 -0.101383 -2.22481 -0.554823 3.321564
9.083771 -31.8252 5.499245 0.247901 -3.350652 -2.573536 -1.411115 0.821781 -3.267594 -5.170991 0.073394 -3.511922 -1.12244 -3.661298 -0.293803
7.083771 -31.8252 5.499245 1.427551 -3.446089 -3.155969 -1.994019 -1.876865 -2.988901 -5.652904 1.586923 -4.32476 -0.507641 -3.079085 -0.464488
5.083771 -31.8252 5.499245 2.687762 -2.169829 1.405821 -0.650914 -1.212932 -1.623231 -3.639896 -0.193391 -3.520394 -1.304726 -1.546578 1.543139
3.083771 -31.8252 5.499245 1.815359 -1.149881 0.423021 -1.181376 1.493056 -5.665839 -2.943637 -1.824882 -1.017692 -1.111206 0.465686 4.046566
9.083771 -19.8252 7.499245 1.068416 1.535 0.922507 -2.756208 1.886724 0.155769 -1.224199 -3.183532 -3.656872 -2.085035 1.008194 -0.006106
-10.91623 -19.8252 7.499245 -2.302052 0.436824 -2.743858 -0.505476 2.687957 0.197945 -0.970279 -2.103164 -5.198717 -1.789313 -3.105253 1.137784
-12.91623 -19.8252 7.499245 -2.462197 -0.33963 -0.555712 -0.808407 -0.027854 -2.693755 1.346484 -1.245298 -1.272236 -1.374929 -0.708246 -0.875664
15.08377 -21.8252 7.499245 2.957337 -1.165525 0.090314 -2.556713 -1.49969 -3.260448 0.305967 -1.265397 -0.153185 -1.775639 -1.567855 -1.603146
13.08377 -21.8252 7.499245 2.738745 -0.725294 0.604878 -2.467081 -0.473818 -2.793424 -0.812928 -3.897216 -1.282782 -2.051928 -2.387916 -2.236864
11.08377 -21.8252 7.499245 -0.253015 -0.550218 0.582594 -2.786762 -0.183832 -2.598499 -1.785743 -5.381855 -1.016268 -1.459393 -1.2452 -2.978177
9.083771 -21.8252 7.499245 3.438634 2.475016 0.117845 -1.927901 2.044307 0.711843 -1.442648 -3.151113 -1.885639 -2.280206 -0.401353 -2.774618
-6.916229 -21.8252 7.499245 1.229854 0.396459 2.087782 -1.103197 1.61409 -2.102006 -1.018816 -2.103466 1.949142 -1.517524 0.38389 -3.570471
-8.916229 -21.8252 7.499245 0.511466 -0.985069 -0.122909 -0.947116 3.514575 0.953364 -0.069798 -3.716235 -0.838712 -1.566957 1.519723 -2.555625
-10.91623 -21.8252 7.499245 -0.118693 -0.810006 -1.21652 -2.136078 3.799611 0.169584 -0.423076 -2.965146 -2.95556 -2.778774 0.13609 1.612266
-12.91623 -21.8252 7.499245 -2.077278 -0.617584 -1.810442 -3.227438 -0.250396 -2.686529 0.507798 -2.676644 -2.228192 -2.805868 -0.814728 0.939948
-14.91623 -21.8252 7.499245 -0.586465 -1.820352 -2.418971 -3.616339 -2.239166 -3.728527 1.930421 -2.949825 0.575776 -3.780945 -0.503716 -2.525529
-16.91623 -21.8252 7.499245 -1.037959 1.115223 -1.300964 -0.749883 -1.531764 -1.75963 1.561849 -2.399534 -0.520285 -1.6048 1.979259 -0.322111
15.08377 -23.8252 7.499245 2.459487 -1.105088 3.809819 -1.198678 -1.854457 -2.573192 -1.155492 -3.350229 -0.398297 -3.924317 -0.973933 -4.013971
13.08377 -23.8252 7.499245 3.084234 0.232954 2.456595 -1.934972 -0.748578 -1.216401 -3.652761 -3.709972 -3.287766 -5.056828 -2.733679 -4.436476
11.08377 -23.8252 7.499245 4.513929 0.071602 2.862389 -3.642804 0.819546 -1.916667 -1.56375 -2.851751 -2.21549 -2.362859 -0.730268 -2.730179
9.083771 -23.8252 7.499245 4.533386 0.701848 1.943658 -3.325286 0.649785 -1.411124 0.085009 -2.754068 -2.09569 -1.793503 1.067068 -1.939174
7.083771 -23.8252 7.499245 3.493071 0.989414 0.868512 -2.823901 -0.50539 0.887514 0.185965 -2.374786 -3.450158 -3.703937 0.040636 -3.810229
5.083771 -23.8252 7.499245 2.361067 0.868313 -0.346633 -3.409755 -2.016461 0.012156 -0.36966 -4.156027 -0.546485 -3.606616 0.458012 -4.535492
-2.916229 -23.8252 7.499245 -1.898811 0.541149 0.216538 -2.339633 1.013805 2.312954 -0.280457 -0.11827 1.080694 -2.983719 0.363431 0.083462
-4.916229 -23.8252 7.499245 2.002848 -0.931111 1.493252 -3.254729 -0.081705 -3.112353 0.890805 -0.974675 1.537012 -2.153648 -0.855557 -1.156231
-6.916229 -23.8252 7.499245 1.892123 -0.254363 2.556745 -3.195965 1.159231 -0.93378 0.072382 -2.297251 -0.949144 -1.857284 0.319177 -2.377512
-10.91623 -23.8252 7.499245 2.164906 -1.204517 -1.135834 -0.912316 2.004439 0.09035 -0.479375 -0.931919 2.755394 -1.863799 1.731985 0.149362
-12.91623 -23.8252 7.499245 0.038192 -1.697207 -1.201847 -2.131825 0.367494 0.47087 0.456676 -2.308653 0.658883 -3.202794 0.283728 0.009639
-14.91623 -23.8252 7.499245 -1.284037 -1.219059 -3.031034 -4.169314 -0.831675 -3.164383 0.492531 -2.440119 -1.308971 -2.50076 1.247106 -2.771012
-16.91623 -23.8252 7.499245 -0.605792 1.717706 -1.287319 -0.3078 0.672406 -1.608426 0.803279 -2.722601 -1.318324 -0.370456 1.516463 -1.23499
13.08377 -25.8252 7.499245 0.285352 2.798606 3.23099 1.114202 -1.558117 3.859879 -2.374587 -1.129381 -4.56207 -3.152259 -1.227755 -1.243604
11.08377 -25.8252 7.499245 1.671182 3.544321 0.962623 -1.215759 1.146784 -0.861594 -3.309899 -0.602805 -5.053657 -2.394424 -0.871652 -0.473578
9.083771 -25.8252 7.499245 0.853643 0.891785 -1.527438 -3.644073 -0.556108 -3.936043 -1.788689 -1.722275 -2.141058 -1.245333 0.775048 -1.151854
7.083771 -25.8252 7.499245 1.5823 -1.832258 -0.900369 -3.576851 1.295015 0.61124 0.500659 -1.746181 -1.268837 -2.025392 -0.647418 -1.534149
5.083771 -25.8252 7.499245 3.239303 -1.466789 1.023031 -5.034087 1.041082 0.179716 1.682387 -2.870955 -0.128053 -3.556067 0.242567 -0.804644
-2.916229 -25.8252 7.499245 0.543377 -0.662179 1.917498 -2.100044 1.491524 2.768808 -1.207842 -1.033955 -1.797995 -2.605511 1.611036 -3.209428
-4.916229 -25.8252 7.499245 2.773298 -2.356269 1.524279 -2.204926 0.135823 0.213082 -1.807529 -2.897065 -1.028218 -3.393848 1.478828 -3.614341
-6.916229 -25.8252 7.499245 3.113662 0.157551 0.964814 -1.676378 -0.417769 4.654709 0.196609 -0.390133 0.079424 -0.107786 1.041455 -0.63668
-8.916229 -25.8252 7.499245 -0.738904 0.060396 -0.456607 -0.54393 -0.873741 6.023228 -1.871241 1.464843 -2.435388 0.547173 -1.471052 1.254355
-10.91623 -25.8252 7.499245 -1.175541 -0.026164 -1.454525 0.466158 -0.739562 4.137518 -2.053623 1.08135 -1.797672 -1.044561 -0.50504 -0.958953
-12.91623 -25.8252 7.499245 -0.308033 1.373248 -1.13484 0.977286 -0.021157 6.71267 0.039232 -0.280071 -1.194937 -1.439186 0.21502 -0.740631
11.08377 -27.8252 7.499245 2.169529 3.624655 -0.159023 1.090936 -0.291109 1.886665 -1.511874 0.032298 -3.311432 0.038402 -1.580099 1.765971
9.083771 -27.8252 7.499245 0.993439 0.086584 -0.508725 0.030299 -0.357531 -4.261867 -1.978693 0.775745 -0.859171 -0.195707 -0.174069 0.687384
7.083771 -27.8252 7.499245 -1.259954 -4.23071 -1.80564 -2.70069 1.730152 -3.985885 -1.232342 -0.402342 1.241222 -2.063774 1.205027 -0.574593
5.083771 -27.8252 7.499245 0.519973 -3.503823 -1.363321 -3.795499 2.707443 0.346379 -1.924372 -1.625179 -0.795962 -1.956124 0.429515 0.906005
3.083771 -27.8252 7.499245 0.787568 -1.624419 -1.179232 -3.481144 -0.232915 -3.402777 -1.773591 -1.746124 -1.642256 -4.266753 2.010893 -1.782111
-6.916229 -27.8252 7.499245 -0.118102 -1.677312 -1.141336 0.530527 -1.698035 4.989442 -3.691554 0.598108 -1.894203 -0.175756 -1.486952 1.167858
-8.916229 -27.8252 7.499245 -0.311016 -0.526614 0.354298 1.354527 -1.410705 4.774312 -2.838465 1.417407 -2.736804 1.174959 -2.348683 1.992387
7.083771 -29.8252 7.499245 0.093142 -2.248158 -2.513214 -0.691509 -0.460192 -3.181767 -3.995354 3.374855 -1.432192 0.739311 1.74946 4.328102
5.083771 -29.8252 7.499245 2.024507 -1.59455 -1.845913 1.460108 0.481097 1.057819 -5.634838 1.567773 -1.542235 -0.127971 2.358995 6.270237
3.083771 -29.8252 7.499245 2.149947 -1.569792 -2.703381 -2.688778 -1.273023 -2.370164 -5.329182 -2.098144 -2.735024 -2.789033 3.559117 4.322001
9.083771 -19.8252 9.499245 1.597244 0.174002 0.943416 -4.451078 2.644601 -0.603189 0.425685 -2.919357 -1.196119 -0.783281 -0.649302 1.820098
15.08377 -21.8252 9.499245 1.393758 1.886191 2.612304 3.027222 -1.159423 1.486996 1.681119 3.308794 0.717639 0.878397 -0.354904 1.956729
13.08377 -21.8252 9.499245 1.586436 0.0818 -0.135803 -0.554009 0.775038 -1.477428 0.941696 0.27045 -0.859059 -0.035556 -1.061319 -0.370166
11.08377 -21.8252 9.499245 0.39217 -1.357014 -0.219161 -4.321243 1.731954 -4.206552 -0.191874 -3.772896 0.267072 -1.098825 -1.5091 -3.153274
9.083771 -21.8252 9.499245 3.271614 1.781404 0.901295 0.135819 1.396483 2.232065 0.161613 -2.207412 0.156712 -0.289618 -3.233932 -0.722904
-8.916229 -21.8252 9.499245 0.724982 -0.271058 0.755283 -2.475507 0.930715 -0.445882 -1.959243 -2.653973 0.296278 -0.760008 0.665803 -1.466654
-10.91623 -21.8252 9.499245 -0.629392 1.400971 -0.246146 -4.519008 0.358457 2.372407 -0.411673 -0.038465 -0.241034 -1.352011 0.927746 1.821519
-12.91623 -21.8252 9.499245 -2.020073 -1.24122 -0.781772 -3.794211 -1.507451 0.74851 2.85209 0.350383 1.408378 -0.286277 -1.072611 3.000983
-14.91623 -21.8252 9.499245 -1.596954 -3.889419 -0.756675 -3.902391 -1.588511 -3.005187 4.169466 -2.661511 3.2886 -0.350969 -0.505382 -0.47899
-16.91623 -21.8252 9.499245 -2.066096 0.272295 -2.0125 -1.529074 -0.871514 -0.237706 2.137629 -0.616062 -0.219786 0.075165 0.746422 1.221909
15.08377 -23.8252 9.499245 -0.449156 1.158224 4.255913 2.34265 -0.031793 0.932997 0.413675 0.987223 1.150534 -1.955624 0.768839 0.58704
13.08377 -23.8252 9.499245 -0.026368 1.567019 2.343138 -2.378824 -1.006322 -1.676262 -1.066047 -1.507008 -1.771732 -1.832404 -1.081389 -2.20119
11.08377 -23.8252 9.499245 1.798246 -0.775402 3.677601 -5.278053 1.017738 -3.314933 -0.371291 -3.778482 -1.388357 -1.881004 -1.344419 -3.062435
9.083771 -23.8252 9.499245 4.508755 -0.207011 3.704244 -0.641119 0.519162 0.974317 -0.358377 -3.349021 -0.850935 -2.167666 -2.961565 -1.445622
-14.91623 -23.8252 9.499245 -2.483565 -3.4157 -1.892904 -3.692564 1.684025 -3.98836 5.132004 -0.554949 0.801664 0.24405 -0.735488 -2.213232
-16.91623 -23.8252 9.499245 -3.487879 -0.421123 -3.724373 -1.019394 -0.072416 -0.737426 2.427574 -0.293246 -1.219259 0.292817 -0.06095 0.640454
7.083771 -25.8252 9.499245 4.07679 1.494723 3.883382 -2.690995 2.973729 1.597239 -1.054276 -3.919171 -1.434141 -3.274393 -2.015371 -1.917909
-8.916229 -25.8252 9.499245 -0.738956 1.442953 -1.222658 1.539543 1.252638 9.392648 0.244096 1.408174 -0.374061 2.271426 0.120659 -1.06846
-10.91623 -25.8252 9.499245 -0.947281 1.869839 -1.454567 2.290473 2.622893 7.016626 1.039916 0.804929 1.384219 0.988513 0.88696 -2.069577
-12.91623 -25.8252 9.499245 -1.08689 1.507397 -1.157365 -0.826689 3.323281 3.399714 2.967765 -0.607983 0.627196 -0.052434 1.401739 -2.315499
-14.91623 -25.8252 9.499245 -2.1571 -0.551326 -1.490186 -1.020893 2.989923 -1.426178 2.462086 0.468223 -1.728334 -0.152577 -0.201189 -0.998242
5.083771 -27.8252 9.499245 2.997924 1.177396 3.057198 -0.13442 5.384676 2.847003 0.69084 -1.335153 0.752118 -2.107731 1.824979 -0.652144
-8.916229 -27.8252 9.499245 0.413232 3.457093 0.326737 2.969688 -0.561094 9.138275 0.202204 -1.159722 -1.629212 0.225834 0.327274 -1.177534
-10.91623 -27.8252 9.499245 2.035902 3.90344 -0.297102 1.831247 1.659909 10.5295 0.626315 -0.892564 -2.102809 -0.405938 0.341274 -0.667311
-12.91623 -27.8252 9.499245 1.623408 2.810932 -0.896461 1.159103 2.94156 6.43996 1.320506 0.537793 -2.444382 0.31322 0.714582 -0.073058
-14.91623 -27.8252 9.499245 -1.718636 2.16118 -0.687239 2.374844 2.804198 2.644295 0.403076 -0.196213 -2.544544 0.281858 -0.200451 1.090302
17.08377 -19.8252 11.49924 1.742352 0.94843 2.25193 4.72839 0.538528 2.096557 0.621343 0.66995 0.008149 2.607333 0.900871 2.041838
15.08377 -19.8252 11.49924 1.467224 0.598826 3.592922 4.680069 0.347791 1.458449 1.933106 -0.229754 0.883779 1.35799 0.978141 1.369533
13.08377 -19.8252 11.49924 -0.505964 -0.535034 -0.494974 0.027475 1.455429 -2.26131 1.261371 -2.879259 2.240554 1.097289 -0.300402 -1.646286
15.08377 -21.8252 11.49924 0.870861 4.098096 3.734476 7.65666 0.833038 3.219177 2.143363 5.661313 1.543956 3.240308 1.04886 4.531272
13.08377 -21.8252 11.49924 0.86966 2.92815 2.129879 5.136762 1.632313 1.371279 0.631671 3.683072 0.207677 1.52939 -0.189251 2.621183
15.08377 -23.8252 11.49924 1.165756 2.705948 3.07509 4.047917 2.989045 2.224629 3.073881 5.602307 2.755265 2.703023 1.539126 3.78107
13.08377 -23.8252 11.49924 0.079524 2.661502 4.23964 3.23753 1.149667 3.586192 1.612352 4.754724 1.356128 3.053448 0.515127 3.302808
13.08377 -25.8252 11.49924 1.780734 0.76964 3.164286 0.292938 2.780159 0.625506 1.049099 3.498742 1.986056 2.542225 2.110181 -0.154656
13.08377 -19.8252 13.49924 -1.195332 -1.490934 0.92955 -0.049661 3.098055 0.511711 1.913007 -1.213562 1.146818 -0.564304 0.602792 -3.226907
13.08377 -21.8252 13.49924 0.646036 2.447032 0.997669 6.070693 1.984056 2.898191 1.512112 2.914984 -0.72482 0.791652 1.086195 -0.487491
13.08377 -23.8252 13.49924 0.995047 5.059388 3.0509 7.245234 0.762879 2.810503 3.311723 5.212792 1.872364 2.139537 3.484084 -0.905475
