-5.382172 -17.49883 4.228577 0.896979 3.08929 -1.067268 1.047576 3.468042 3.194675
-7.382172 -17.49883 4.228577 6.176314 11.88428 1.670599 1.773043 1.017344 2.666312
-3.382172 -19.49883 4.228577 0.175646 -5.808152 -0.707054 -3.149542 -0.845348 -3.123753
-5.382172 -19.49883 4.228577 0.589618 -2.540235 -3.766507 -5.715931 0.606614 -2.093907
6.617828 -25.49883 4.228577 3.577173 7.029955 2.128487 5.648964 -0.065573 0.837662
4.617828 -25.49883 4.228577 3.684364 5.679431 4.490809 5.533707 -0.279487 -0.641423
2.617828 -25.49883 4.228577 1.311417 4.469705 1.802845 5.306714 -0.678131 -0.123819
0.617828 -25.49883 4.228577 1.327094 5.577567 -2.186148 1.641953 -1.715072 -0.908711
4.617828 -27.49883 4.228577 2.178108 2.771299 2.762897 4.840269 -1.572942 -1.711469
2.617828 -27.49883 4.228577 0.891067 2.565867 1.724613 4.478693 -1.323689 -0.531821
4.617828 -29.49883 4.228577 -2.190415 0.56975 -2.806252 2.892836 -2.58738 -0.887173
2.617828 -29.49883 4.228577 -2.922583 -1.415002 -1.095407 3.089783 -2.340295 -0.947546
-3.382172 -15.49883 6.228577 6.656614 13.21096 8.645313 11.15391 4.99604 6.641779
-5.382172 -15.49883 6.228577 1.7695 3.875272 3.852861 4.192326 3.297789 3.42025
-1.382172 -17.49883 6.228577 6.493046 10.58228 3.313542 7.373282 -0.339188 2.570688
-3.382172 -17.49883 6.228577 5.725191 11.22623 5.082318 11.26326 1.529006 3.968071
-5.382172 -17.49883 6.228577 4.171508 7.829212 1.651126 5.501587 1.67402 3.048424
-7.382172 -17.49883 6.228577 4.233661 5.430872 0.559515 1.479954 1.214964 1.808057
-1.382172 -19.49883 6.228577 2.313777 5.073398 1.508967 5.463289 -0.373771 1.166916
-3.382172 -19.49883 6.228577 5.721181 6.078866 2.884207 3.316158 1.360698 -0.059381
-5.382172 -19.49883 6.228577 5.238424 4.612429 -0.028354 -0.639675 1.906609 0.019472
-7.382172 -19.49883 6.228577 3.228679 2.223501 -0.600831 -1.008009 0.792286 0.462013
-1.382172 -21.49883 6.228577 0.581333 0.966676 1.352791 4.607241 1.0551 0.921893
-3.382172 -21.49883 6.228577 3.640167 2.803988 1.423789 1.226182 1.976458 -0.788127
-5.382172 -21.49883 6.228577 5.104034 4.428778 -0.860132 -2.813285 1.653838 -1.257699
-7.382172 -21.49883 6.228577 3.598716 2.80598 0.292 -1.466136 1.395952 -0.233392
0.617828 -23.49883 6.228577 2.327079 0.900533 -0.896979 0.219005 -2.068717 -2.40561
8.617828 -25.49883 6.228577 0.166638 -0.644843 -2.111364 0.717103 -1.247206 -1.31848
6.617828 -25.49883 6.228577 1.780399 3.714848 -1.5822 1.712106 0.447054 -0.274779
2.617828 -25.49883 6.228577 -0.756662 3.255353 -1.39974 2.371713 -0.958224 0.646869
0.617828 -25.49883 6.228577 -0.886575 2.632414 -7.303298 -6.820873 -4.150761 -3.675338
6.617828 -27.49883 6.228577 1.119048 1.563379 -0.385099 1.433686 -0.722213 -1.311726
4.617828 -27.49883 6.228577 1.600922 2.181067 0.546257 0.850949 -1.615049 -1.680109
2.617828 -27.49883 6.228577 -1.363913 0.064508 -2.253829 0.55926 -0.473607 0.391195
0.617828 -27.49883 6.228577 0.364687 1.614321 -3.400102 -1.771097 -0.382712 -1.912956
6.617828 -29.49883 6.228577 2.082847 4.147798 -0.593326 3.059155 -0.549188 0.31812
4.617828 -29.49883 6.228577 -0.724494 1.121732 -1.20671 2.47119 -1.3304 -0.459704
2.617828 -29.49883 6.228577 -0.316925 2.848778 -0.297817 4.136168 -0.877037 0.139203
0.617828 -29.49883 6.228577 4.896064 5.089627 1.662438 4.597543 0.395486 -1.242902
4.617828 -31.49883 6.228577 3.288851 6.138337 3.270897 4.351125 1.255918 1.69575
2.617828 -31.49883 6.228577 1.544267 3.483778 2.042286 2.589899 1.505583 1.897182
4.617828 -33.49883 6.228577 7.67822 10.4194 6.343389 10.7104 0.693559 2.377666
2.617828 -33.49883 6.228577 5.051901 6.049087 4.745709 8.852956 1.625981 3.019392
-1.382172 -15.49883 8.228577 4.26891 9.333161 1.218957 11.35952 -0.160647 5.090468
-3.382172 -15.49883 8.228577 7.352085 8.565947 4.837931 7.325911 7.280789 9.179884
-1.382172 -17.49883 8.228577 0.023707 6.663046 1.994032 11.78082 -0.531205 3.44424
-3.382172 -17.49883 8.228577 2.785759 8.547591 2.769452 9.16409 3.499973 6.615945
-1.382172 -19.49883 8.228577 -4.2507 0.638552 0.285717 6.848604 -0.523002 0.672763
-3.382172 -19.49883 8.228577 0.319416 4.263512 2.142375 7.603942 0.783274 1.901276
-1.382172 -21.49883 8.228577 -3.028637 -0.612415 -1.575423 2.510324 -0.346857 -1.002797
-3.382172 -21.49883 8.228577 1.039562 2.446227 2.358976 5.903173 1.089202 0.319997
-5.382172 -21.49883 8.228577 3.223939 3.560019 2.191403 8.033108 1.164604 2.742941
-7.382172 -21.49883 8.228577 1.952829 2.013682 2.928146 5.82703 1.203733 3.0192
-9.382172 -21.49883 8.228577 1.472444 2.368896 2.251715 2.789118 -0.834255 0.681084
-1.382172 -23.49883 8.228577 -2.823516 -1.34807 -2.731159 0.715738 -1.468889 -1.720946
-3.382172 -23.49883 8.228577 -0.997688 1.026903 -0.769948 3.645122 0.227306 1.093557
-5.382172 -23.49883 8.228577 1.656566 4.524755 1.85017 7.023797 0.927275 3.549711
-7.382172 -23.49883 8.228577 1.617784 2.858837 3.742149 7.449555 0.483161 2.833133
-9.382172 -23.49883 8.228577 2.189828 5.685715 1.240983 1.893734 -1.744508 0.720508
-11.38217 -23.49883 8.228577 0.139894 3.76142 0.351843 0.645226 -0.315138 1.14193
8.617828 -25.49883 8.228577 3.344819 2.516025 2.891706 4.034574 1.277921 0.364393
2.617828 -25.49883 8.228577 -1.01719 2.737286 -0.027444 5.972826 -0.70327 1.757908
0.617828 -25.49883 8.228577 -2.861546 -2.329995 -3.375425 0.164489 -1.290721 -1.14336
-3.382172 -25.49883 8.228577 0.186489 1.339726 -1.380034 -0.230644 -1.269508 -0.973919
-5.382172 -25.49883 8.228577 0.973162 3.545135 1.058933 4.471462 -0.448278 1.732764
-7.382172 -25.49883 8.228577 -1.01928 2.669351 2.71877 9.317869 -2.10441 2.03508
6.617828 -27.49883 8.228577 4.293475 4.544226 1.481916 4.464966 -0.615277 -1.156038
2.617828 -27.49883 8.228577 0.598459 2.046705 0.150506 4.847814 0.512706 1.569474
0.617828 -27.49883 8.228577 3.853086 5.762716 -1.043724 1.293266 2.681844 2.116326
-1.382172 -27.49883 8.228577 5.492718 8.594887 0.42263 -0.077241 0.916045 0.767426
-5.382172 -27.49883 8.228577 3.499079 5.188323 -0.473182 0.660586 -2.157951 -0.796204
-7.382172 -27.49883 8.228577 2.175271 6.644224 4.170133 9.996287 -1.900242 1.703691
6.617828 -29.49883 8.228577 -0.106454 2.630499 -2.36137 1.968675 -0.775887 -1.026099
2.617828 -29.49883 8.228577 -0.951848 1.83316 -1.281383 5.542587 0.143839 2.045267
0.617828 -29.49883 8.228577 2.362137 5.035712 -0.466486 3.966153 1.529817 1.805608
6.617828 -31.49883 8.228577 -1.269971 3.540986 -2.203021 2.312426 -0.496533 0.586389
4.617828 -31.49883 8.228577 -1.003004 1.025646 -0.523718 2.508726 1.519077 2.193784
2.617828 -31.49883 8.228577 -2.173107 0.015078 -0.390258 5.767254 -0.236103 2.037712
0.617828 -31.49883 8.228577 -2.39439 -0.02184 -1.668043 3.986403 -1.745998 0.18417
6.617828 -33.49883 8.228577 -1.859472 3.47758 -3.073897 4.262811 -2.622368 0.020688
4.617828 -33.49883 8.228577 -1.358155 1.424917 -0.601354 6.161375 -0.021366 0.742716
2.617828 -33.49883 8.228577 -0.936512 3.443859 -0.845501 5.563147 -0.810541 1.200443
4.617828 -35.49883 8.228577 -0.242496 3.6934 -0.942636 5.765736 -0.815564 0.925874
2.617828 -35.49883 8.228577 1.742895 9.27604 -1.233855 3.649383 -0.64595 2.127921
-1.382172 -15.49883 10.22858 -0.580677 3.953689 -5.345456 -1.605063 -1.435223 -0.147229
-3.382172 -15.49883 10.22858 5.351281 5.238646 2.410594 4.304914 3.663796 5.038965
-1.382172 -17.49883 10.22858 -2.377268 2.671013 -2.649127 -0.246304 -2.474203 -0.885361
-3.382172 -17.49883 10.22858 4.192976 5.763557 1.200482 4.161966 2.363072 4.510332
-5.382172 -17.49883 10.22858 5.526951 3.912221 3.053817 4.048878 2.951961 2.546748
-1.382172 -19.49883 10.22858 -5.965193 -0.878336 0.236867 2.735394 -0.975551 1.18891
-3.382172 -19.49883 10.22858 1.679495 3.663662 1.244846 3.520193 0.143098 1.693218
-5.382172 -19.49883 10.22858 6.372002 2.264563 2.797244 3.598922 0.763317 0.972566
-1.382172 -21.49883 10.22858 -5.697975 -0.089815 -1.034906 3.603538 -0.334943 2.047827
-3.382172 -21.49883 10.22858 -0.415218 3.722789 1.095249 6.079872 -0.695131 1.185572
0.617828 -23.49883 10.22858 -5.120141 3.936266 -4.596704 1.461385 -1.415329 1.027656
-1.382172 -23.49883 10.22858 -4.064222 2.258197 -3.319305 -0.022838 -0.2993 1.015808
-3.382172 -23.49883 10.22858 -2.742616 2.990319 -2.423594 3.034466 -0.161964 2.676606
-9.382172 -23.49883 10.22858 0.330797 1.884531 -0.282115 -0.057513 -0.123376 0.485255
-11.38217 -23.49883 10.22858 -1.456392 0.898696 -2.769345 -2.360732 -0.853816 -0.192553
4.617828 -25.49883 10.22858 -1.822467 2.794502 -1.707308 4.012276 -2.083551 1.216164
2.617828 -25.49883 10.22858 -4.590564 -1.857654 -0.859273 3.335626 0.382299 2.552722
0.617828 -25.49883 10.22858 -5.830265 -1.709195 -1.380194 1.953423 2.14226 3.768571
-1.382172 -25.49883 10.22858 -4.317318 -0.966066 -0.529646 1.813388 0.926522 2.373867
-3.382172 -25.49883 10.22858 -4.12789 -0.987716 -4.133615 -1.121449 -0.926659 2.286663
-5.382172 -25.49883 10.22858 -3.048541 0.63396 -4.772106 -1.252861 -2.808329 1.889904
-7.382172 -25.49883 10.22858 -1.706604 -1.759042 -2.068022 0.073012 -2.278597 -0.254009
-9.382172 -25.49883 10.22858 -0.931095 -1.228433 -0.896189 -1.008507 -0.487848 -0.160763
-11.38217 -25.49883 10.22858 -1.692398 -1.927677 -1.250584 -1.101538 -1.039825 -1.46312
4.617828 -27.49883 10.22858 -0.852028 3.520515 1.441876 6.74966 -1.778486 1.401547
2.617828 -27.49883 10.22858 -1.611989 2.50676 -0.326953 3.979818 -0.573741 2.259857
0.617828 -27.49883 10.22858 0.93282 7.064619 -1.724679 0.657223 1.197507 4.97853
-3.382172 -27.49883 10.22858 -1.189169 3.418011 -1.755358 4.130145 -2.049689 2.313597
-5.382172 -27.49883 10.22858 -0.969442 4.40582 -2.386811 1.397779 -3.10646 1.829945
-7.382172 -27.49883 10.22858 -1.097357 2.644347 -1.091449 2.507852 -2.065454 1.893132
-9.382172 -27.49883 10.22858 0.205577 2.385296 0.280679 2.514124 -0.880481 0.987251
-11.38217 -27.49883 10.22858 -0.983545 -0.006473 0.182002 0.983679 -1.159488 -0.819958
2.617828 -29.49883 10.22858 4.496306 6.707555 1.564227 4.451291 1.552651 3.186583
0.617828 -29.49883 10.22858 2.41698 7.898968 -0.263634 5.510203 0.775677 4.98701
-1.382172 -29.49883 10.22858 3.060389 8.976278 1.071541 7.247262 -0.603201 4.050969
-3.382172 -29.49883 10.22858 2.495237 7.056094 0.933476 6.565865 -1.470075 1.513393
-5.382172 -29.49883 10.22858 0.769328 3.516304 0.27811 1.16717 -0.735833 0.993546
-7.382172 -29.49883 10.22858 -0.114126 0.800528 1.071417 1.014787 0.321777 1.159999
6.617828 -31.49883 10.22858 1.156009 1.518703 1.08327 2.961684 1.26379 0.865395
2.617828 -31.49883 10.22858 2.49988 3.478781 2.855575 8.40224 1.691151 3.788205
0.617828 -31.49883 10.22858 1.894515 4.494731 2.257489 8.833921 2.018022 3.934909
8.617828 -33.49883 10.22858 1.518978 3.168869 -0.08118 2.658612 -2.072751 -1.201936
6.617828 -33.49883 10.22858 -0.847385 0.254929 -0.652539 3.976655 0.544881 0.188875
4.617828 -33.49883 10.22858 -0.305055 0.689386 0.7881 5.763658 2.503278 2.870631
2.617828 -33.49883 10.22858 1.818028 4.393821 1.464855 7.420806 2.711189 4.020984
0.617828 -33.49883 10.22858 2.007423 4.185035 0.618179 8.071945 2.233619 2.811011
8.617828 -35.49883 10.22858 1.292729 3.629027 -0.452782 0.738032 0.254912 -0.676963
6.617828 -35.49883 10.22858 -1.70514 0.43699 -1.640183 2.692201 -0.073346 -0.329634
4.617828 -35.49883 10.22858 -0.557671 2.470153 -1.561025 2.356694 0.239909 1.659848
2.617828 -35.49883 10.22858 3.073069 6.456841 1.286086 3.700449 2.30941 3.667463
0.617828 -35.49883 10.22858 2.778999 4.695664 1.255407 5.087285 3.167613 3.296954
6.617828 -37.49883 10.22858 -2.556129 1.426202 -2.471517 2.70265 -0.723469 0.380027
4.617828 -37.49883 10.22858 -0.631337 2.150856 -2.575135 2.178713 -0.847099 1.087979
2.617828 -37.49883 10.22858 0.806631 0.968646 -0.699717 -0.39045 0.451035 0.549445
0.617828 -37.49883 10.22858 0.120565 0.264104 0.765038 0.808263 1.803179 1.028077
2.617828 -39.49883 10.22858 0.218762 -0.097687 -0.813637 0.603847 -0.153711 -0.653602
-3.382172 -15.49883 12.22858 2.572887 2.855086 -0.714679 -1.344621 -0.392252 -0.747575
-3.382172 -17.49883 12.22858 3.308076 4.901528 -1.216172 -0.298318 -0.075341 0.229109
-5.382172 -19.49883 12.22858 4.430278 4.219734 1.98018 0.39173 0.113625 -0.188428
-5.382172 -21.49883 12.22858 1.806194 2.155913 -0.983399 -0.999588 -2.183637 -1.949842
-7.382172 -21.49883 12.22858 3.104233 3.901756 0.462876 0.635849 -1.415471 -0.98604
-3.382172 -23.49883 12.22858 -3.606331 -0.274746 -2.257397 3.474669 -1.55203 2.117886
-5.382172 -23.49883 12.22858 -1.971081 -0.491361 -4.078907 -0.938849 -2.789658 -1.319545
-7.382172 -23.49883 12.22858 1.613811 2.483573 -1.174775 1.711955 -0.931449 -1.138831
4.617828 -25.49883 12.22858 0.499144 -2.289694 -1.594544 2.685633 -0.607467 -0.951544
2.617828 -25.49883 12.22858 1.522976 0.354338 1.425256 5.169062 0.860607 1.203111
-1.382172 -25.49883 12.22858 -1.570251 -4.188399 0.67766 3.163451 -1.376341 -0.540817
-3.382172 -25.49883 12.22858 -2.648415 -1.169078 -4.322011 1.223988 -1.4718 2.605061
-11.38217 -25.49883 12.22858 -0.445397 0.645939 0.341961 2.265789 0.314463 -0.185664
4.617828 -27.49883 12.22858 -2.588796 -1.628506 0.126352 7.869028 -2.114079 0.436347
2.617828 -27.49883 12.22858 -0.020129 1.54244 1.201609 7.829317 -0.807646 2.321394
0.617828 -27.49883 12.22858 3.206954 4.186975 1.101471 5.686146 0.748286 2.850824
-1.382172 -27.49883 12.22858 -0.344432 -3.746521 0.320918 5.411699 1.642014 2.822805
-3.382172 -27.49883 12.22858 -3.40722 -1.538051 -4.663828 2.40462 0.05368 3.140139
-9.382172 -27.49883 12.22858 0.297007 1.787405 -1.641142 1.520176 1.164031 2.510323
-11.38217 -27.49883 12.22858 -1.428239 -0.51028 -0.237564 1.09937 0.346573 0.497742
2.617828 -29.49883 12.22858 1.481129 3.925405 1.264789 6.746055 -0.983202 1.1568
0.617828 -29.49883 12.22858 0.150483 5.30175 0.48888 8.825763 -0.474293 3.465508
-3.382172 -29.49883 12.22858 -2.108711 1.652883 -2.201085 4.666115 -0.784782 1.611551
-5.382172 -29.49883 12.22858 -2.552167 0.917845 -1.534033 1.897184 -0.463438 1.315497
-7.382172 -29.49883 12.22858 -1.960108 -0.578593 -1.084847 1.095311 0.809018 2.092219
-9.382172 -29.49883 12.22858 -0.062996 1.552109 -0.681865 0.507546 0.611975 1.614382
-11.38217 -29.49883 12.22858 1.305654 1.674682 -0.704084 -0.455478 -0.160833 0.477786
8.617828 -31.49883 12.22858 -0.043067 1.550815 1.463782 5.47967 -1.354182 0.711443
0.617828 -31.49883 12.22858 1.069083 1.989472 2.115567 7.191067 1.522208 2.564626
-1.382172 -31.49883 12.22858 -0.326438 2.114542 1.137475 6.851239 -0.123027 2.14489
-5.382172 -31.49883 12.22858 -1.225611 -0.204943 -0.148182 3.034821 -0.981613 0.132904
-7.382172 -31.49883 12.22858 -1.076736 0.642737 0.448294 5.002101 -1.059652 -0.005376
-9.382172 -31.49883 12.22858 0.366077 3.016083 1.1717 5.082241 0.025575 1.855327
10.61783 -33.49883 12.22858 -1.390375 -0.031684 0.17823 1.464536 -1.693857 -0.129324
8.617828 -33.49883 12.22858 0.067641 -0.022736 0.411411 0.493408 -1.064752 -1.089857
0.617828 -33.49883 12.22858 0.88274 0.519847 1.558893 5.286683 -0.200672 0.247118
-1.382172 -33.49883 12.22858 0.963437 0.641987 1.446616 4.696071 -1.886093 -0.286163
2.617828 -35.49883 12.22858 3.171275 3.226774 2.467857 2.650495 0.285907 1.044813
0.617828 -35.49883 12.22858 1.684481 2.64234 1.144105 3.360577 -0.489373 0.635308
-1.382172 -35.49883 12.22858 0.795565 2.058645 0.496743 2.987201 -0.975121 0.209517
2.617828 -37.49883 12.22858 0.785415 -0.734795 0.41871 0.422376 -1.476403 -1.012058
0.617828 -37.49883 12.22858 -0.246227 -1.382958 1.373162 1.143102 -0.885278 -0.441251
4.617828 -39.49883 12.22858 -0.365734 1.326017 1.107528 5.102425 0.055403 1.647156
2.617828 -39.49883 12.22858 2.30977 1.402038 2.138016 2.942691 -0.122882 0.353553
0.617828 -39.49883 12.22858 1.986405 2.612865 3.600573 5.154329 0.11812 1.235042
4.617828 -41.49883 12.22858 0.006784 0.682023 3.717915 7.557219 2.137964 2.88539
-7.382172 -21.49883 14.22858 -0.419534 -0.716326 0.160767 1.15398 0.328889 0.605387
-5.382172 -23.49883 14.22858 -2.276492 0.249178 -2.871392 2.057021 -3.7708 -0.921341
-7.382172 -23.49883 14.22858 -0.723558 2.462031 -0.559151 5.054589 -0.412927 0.630952
-3.382172 -25.49883 14.22858 2.523201 2.705308 -2.865533 -3.984785 0.783079 2.241496
-5.382172 -25.49883 14.22858 -2.344457 -1.330145 -3.411504 0.197737 -1.755529 0.076837
-7.382172 -25.49883 14.22858 -1.450333 2.068962 -0.733564 5.291907 -0.872623 0.436158
4.617828 -27.49883 14.22858 -0.234526 -0.36988 -0.160761 1.351472 -0.814506 -0.166103
2.617828 -27.49883 14.22858 0.180549 2.017251 -1.494614 1.094368 -1.206905 0.556136
-1.382172 -27.49883 14.22858 0.701358 -1.92629 -2.208879 -4.46465 4.419007 1.27476
-3.382172 -27.49883 14.22858 -1.20589 -2.630856 -5.998967 -9.439203 1.709555 0.223793
-5.382172 -27.49883 14.22858 -4.767101 -2.602108 -5.046661 -2.702579 -1.408522 0.724567
6.617828 -29.49883 14.22858 -1.050713 1.068556 0.166683 5.158275 -0.396393 0.647231
4.617828 -29.49883 14.22858 1.081697 2.690181 0.633256 4.022892 1.574332 1.796888
2.617828 -29.49883 14.22858 1.523803 4.866984 0.713983 4.23226 -0.15786 0.743893
0.617828 -29.49883 14.22858 0.31641 4.43633 -1.138797 2.588712 0.450412 1.117178
-3.382172 -29.49883 14.22858 -1.469759 1.839259 -3.931735 -4.41657 2.620542 -0.207771
-5.382172 -29.49883 14.22858 -2.99896 -0.039364 -2.374009 -0.941927 -0.157689 -0.363828
-9.382172 -29.49883 14.22858 -1.377911 0.683602 -2.005276 -2.072281 -0.379072 0.711437
-11.38217 -29.49883 14.22858 1.601753 4.342166 0.14135 2.050531 -1.27804 0.592834
2.617828 -31.49883 14.22858 0.923215 2.845394 1.120152 3.805339 -0.631872 0.445452
0.617828 -31.49883 14.22858 -0.712753 1.469012 -0.027208 3.439855 -0.676505 0.612967
-1.382172 -31.49883 14.22858 -3.916869 -1.456589 -3.07884 0.13024 -0.42515 0.344053
-3.382172 -31.49883 14.22858 -3.340707 -0.72881 -2.128861 -1.071002 -1.048348 -1.157244
-5.382172 -31.49883 14.22858 0.130334 0.496195 1.142935 1.060516 -0.043728 -0.936151
-7.382172 -31.49883 14.22858 -0.285591 -0.965197 0.705751 0.295801 0.582067 -0.456809
-9.382172 -31.49883 14.22858 1.048774 1.638503 -0.246744 -0.666011 1.509112 1.495356
-11.38217 -31.49883 14.22858 3.488011 3.345522 0.470394 0.458668 1.780108 2.039568
0.617828 -33.49883 14.22858 -3.626996 -0.241728 0.447589 7.552969 -2.820716 0.729323
-1.382172 -33.49883 14.22858 -3.601787 -4.12639 -0.150331 5.472323 -2.51 0.164369
-5.382172 -33.49883 14.22858 0.105486 -0.462048 2.735851 3.808005 0.405542 0.877032
4.617828 -35.49883 14.22858 0.797667 2.787153 0.643893 4.623095 2.256726 3.784921
2.617828 -35.49883 14.22858 1.202737 3.49004 1.087321 4.067286 -0.499738 1.451507
0.617828 -35.49883 14.22858 -2.665029 2.441269 -1.396908 3.65573 -2.993338 0.921824
4.617828 -37.49883 14.22858 -2.539397 -2.5496 0.122253 2.791769 0.725634 1.436656
2.617828 -37.49883 14.22858 0.033509 -0.710328 0.380895 2.297781 -1.238891 0.015233
0.617828 -37.49883 14.22858 -1.822386 0.086724 -1.392282 1.699033 -1.739268 0.744468
2.617828 -39.49883 14.22858 -0.471231 1.99186 0.358519 2.759527 -0.128333 2.35358
2.617828 -41.49883 14.22858 0.209507 2.015342 1.558965 3.203508 0.850483 2.524641
-5.382172 -25.49883 16.22858 -0.591741 0.320615 -1.335766 0.519288 -0.432691 0.156039
-7.382172 -25.49883 16.22858 -1.275282 1.725826 0.342442 6.362874 -0.674847 0.370648
6.617828 -27.49883 16.22858 -0.598384 1.336282 -3.339428 -0.098827 -3.191062 -1.18783
4.617828 -27.49883 16.22858 0.1337 3.425928 -0.878704 2.795443 -2.531761 -0.247889
2.617828 -27.49883 16.22858 -2.378143 1.331592 -4.635728 0.463645 -1.830134 0.623801
-3.382172 -27.49883 16.22858 3.875962 -0.441005 11.61913 4.735846 -8.227094 -8.635201
-5.382172 -27.49883 16.22858 -0.933447 -3.36836 0.030354 0.761808 -1.154576 -0.372445
-7.382172 -27.49883 16.22858 -3.291052 -0.568132 -1.825659 2.998275 -1.076546 0.616606
8.617828 -29.49883 16.22858 -0.347487 1.270488 -0.319485 2.558822 -2.631568 -0.766132
6.617828 -29.49883 16.22858 -0.953837 2.310645 -1.143615 3.313168 -2.058215 -0.239767
4.617828 -29.49883 16.22858 -0.097925 3.358996 -0.767688 3.41026 -1.574575 0.430543
2.617828 -29.49883 16.22858 -0.586106 2.701248 -1.726014 1.99844 -2.11422 -0.403705
0.617828 -29.49883 16.22858 0.932872 2.186493 0.649294 4.610281 0.432618 1.839814
-3.382172 -29.49883 16.22858 4.395098 3.436088 8.639385 4.579043 0.774124 -3.050378
-5.382172 -29.49883 16.22858 0.717978 1.698605 0.428205 1.663393 -0.715837 -0.772509
-11.38217 -29.49883 16.22858 -1.105335 2.661187 -1.069668 4.140229 -2.521828 -0.015641
-13.38217 -29.49883 16.22858 -0.293273 2.041902 -0.515506 3.366593 -1.259067 -0.278795
4.617828 -31.49883 16.22858 -0.201546 0.127229 -2.602527 -0.641104 -0.673002 0.633039
2.617828 -31.49883 16.22858 -1.415131 -1.20215 -2.663858 -0.840925 -1.492191 -0.852763
0.617828 -31.49883 16.22858 -3.530182 -0.841178 -2.731739 0.476199 -2.141095 -0.610529
-3.382172 -31.49883 16.22858 -4.216453 -1.929081 -3.384507 -1.098359 -2.69467 -2.232975
-5.382172 -31.49883 16.22858 0.368763 1.867586 -0.412553 1.306006 -1.69804 -0.963489
-7.382172 -31.49883 16.22858 -1.033091 0.689008 0.191525 2.119173 -0.596149 0.495469
-9.382172 -31.49883 16.22858 -0.957014 1.628011 -1.19275 1.043063 0.615642 2.282864
2.617828 -33.49883 16.22858 -1.837678 -0.025709 -2.821127 -1.753982 -0.151683 0.412074
0.617828 -33.49883 16.22858 -6.179764 -2.095623 -2.739933 2.19252 -2.398672 0.144773
-1.382172 -33.49883 16.22858 -8.637707 -7.660123 -3.353927 3.832164 -2.292224 0.335991
-3.382172 -33.49883 16.22858 -3.768239 -3.441475 -2.715548 0.087062 0.198464 0.715206
-5.382172 -33.49883 16.22858 -0.978858 -1.929841 1.608728 3.121527 -0.087744 -0.418763
-7.382172 -33.49883 16.22858 -1.658457 -1.19197 2.47645 4.47208 -0.672443 -0.457773
6.617828 -35.49883 16.22858 -0.386834 -1.368313 0.692121 1.699261 2.086498 0.88279
4.617828 -35.49883 16.22858 0.739187 0.489373 0.877247 3.37115 1.93556 2.137571
2.617828 -35.49883 16.22858 -0.07865 1.942285 -0.6284 1.256593 -0.094087 0.917523
0.617828 -35.49883 16.22858 -3.906215 -0.210893 -0.49017 4.907111 -1.223776 1.328538
6.617828 -37.49883 16.22858 -0.935906 -3.530982 2.662541 5.798965 1.348069 0.267046
4.617828 -37.49883 16.22858 0.538206 -0.635341 3.626239 9.316883 0.872702 1.411588
2.617828 -37.49883 16.22858 1.836787 2.885509 2.267928 8.523223 -0.802856 1.086333
0.617828 -37.49883 16.22858 -1.744936 0.989161 0.729285 8.325764 -0.90069 1.292722
4.617828 -39.49883 16.22858 -1.303311 1.381471 1.975299 7.941808 -1.198557 0.849719
-7.382172 -25.49883 18.22858 -1.166874 1.433286 0.939535 5.289291 -0.906857 0.318433
6.617828 -27.49883 18.22858 0.898484 0.708944 -1.806154 1.885928 -2.747145 -2.175921
-5.382172 -27.49883 18.22858 -1.717605 -1.279644 1.328906 4.956541 -2.152096 0.211236
-7.382172 -27.49883 18.22858 0.140899 3.936521 -0.446339 5.231016 1.1251 2.6389
8.617828 -29.49883 18.22858 -1.147227 1.285544 -1.202166 4.728173 -0.537262 1.70681
6.617828 -29.49883 18.22858 -0.380396 1.323968 -2.490217 3.821578 -1.300163 0.378297
4.617828 -29.49883 18.22858 0.199756 1.662229 -2.113028 3.882035 -2.016715 0.312149
-3.382172 -29.49883 18.22858 -2.233638 -5.183828 4.905446 10.156 -1.857156 -0.697162
-5.382172 -29.49883 18.22858 -1.109719 -0.542822 -0.54852 5.251013 -0.883617 1.039059
-11.38217 -29.49883 18.22858 -3.688382 0.443176 -2.282822 4.174451 -2.564531 -0.191255
-13.38217 -29.49883 18.22858 -2.201796 -0.744253 -0.554307 4.742635 -2.758823 -1.052547
-15.38217 -29.49883 18.22858 -1.875159 -0.722408 -1.2992 4.515425 -2.230673 -0.563839
6.617828 -31.49883 18.22858 -1.707798 1.103371 -5.216087 -0.818998 -2.741592 -0.259938
4.617828 -31.49883 18.22858 -1.655378 -0.055379 -5.964966 -1.598805 -3.48281 -0.608136
2.617828 -31.49883 18.22858 -3.599131 -1.753508 -5.021013 1.011196 -2.33077 0.178387
-3.382172 -31.49883 18.22858 -4.471526 -4.159118 -3.006769 3.25599 -1.283714 -0.52127
-7.382172 -31.49883 18.22858 -2.335238 1.657967 -2.392974 2.422512 -2.416839 -0.032432
-9.382172 -31.49883 18.22858 -3.067719 1.641066 -4.501563 0.931789 -1.849712 0.981117
-15.38217 -31.49883 18.22858 -1.921249 -0.837348 -1.108872 5.68151 -1.66642 0.421844
4.617828 -33.49883 18.22858 -0.526832 -2.305415 -4.191716 -2.361742 -2.15574 -1.564983
2.617828 -33.49883 18.22858 -0.390678 -0.246721 -3.467822 -1.268616 -2.920914 -1.820723
0.617828 -33.49883 18.22858 -3.836665 -0.106974 -3.241172 3.239413 -4.174116 -1.617582
-3.382172 -33.49883 18.22858 -3.323904 -1.097711 -2.699167 0.372417 -1.929871 -0.757713
-5.382172 -33.49883 18.22858 -3.214632 -2.482241 -1.347724 2.526972 -2.324916 -1.370713
-7.382172 -33.49883 18.22858 -3.510478 -1.857457 -1.635213 1.99423 -2.394476 -0.710532
8.617828 -35.49883 18.22858 -3.221504 -0.377901 -0.793566 3.05559 -0.998852 1.394436
6.617828 -35.49883 18.22858 -1.61902 -0.403465 0.174205 3.000182 0.004683 0.261487
4.617828 -35.49883 18.22858 0.789832 2.26422 0.385394 5.621169 0.138139 0.851412
2.617828 -35.49883 18.22858 0.162803 3.233052 -1.082451 3.018773 -3.091961 -1.157908
0.617828 -35.49883 18.22858 -3.776952 -0.755096 -1.345621 2.944489 -3.615184 -1.630955
-5.382172 -35.49883 18.22858 -1.11583 0.493572 -1.318768 3.258073 -3.393705 -1.069141
8.617828 -37.49883 18.22858 0.717358 1.727482 -0.172448 3.662812 -0.740943 0.589558
6.617828 -37.49883 18.22858 1.398712 1.529281 2.518973 5.223792 -0.007805 -0.498493
4.617828 -37.49883 18.22858 2.30565 2.524045 4.203857 7.61615 0.825549 0.720358
6.617828 -39.49883 18.22858 0.544766 1.172662 -1.38703 0.838666 -1.148717 -0.556508
8.617828 -29.49883 20.22858 -3.178766 -0.421636 -1.966744 4.128325 0.120071 1.927311
6.617828 -29.49883 20.22858 -1.347028 0.676371 -2.86907 2.47992 -0.927563 0.983216
4.617828 -29.49883 20.22858 -0.29904 0.513871 -1.35233 3.229226 -1.328792 1.51624
-13.38217 -29.49883 20.22858 0.138616 3.004447 -2.213163 1.018874 -0.477418 2.137013
6.617828 -31.49883 20.22858 -1.930809 0.550063 -3.255384 2.954941 -3.485222 -0.458011
4.617828 -31.49883 20.22858 -2.093946 1.179026 -3.840253 1.328393 -3.410339 0.316205
2.617828 -31.49883 20.22858 -3.269722 0.604343 -2.052055 5.465904 -2.202137 1.998078
-9.382172 -31.49883 20.22858 -0.932797 1.300887 -1.828833 2.8729 -1.637248 0.618993
-11.38217 -31.49883 20.22858 -1.852433 0.32955 -2.659189 0.927538 -0.856786 1.18863
-13.38217 -31.49883 20.22858 -0.123383 1.952766 -1.890404 0.71734 0.206898 2.044699
-15.38217 -31.49883 20.22858 1.067711 2.274017 0.352823 3.584148 -0.145919 0.92284
4.617828 -33.49883 20.22858 -3.268679 -2.512515 -4.645415 1.74108 -3.832223 -0.370062
2.617828 -33.49883 20.22858 -2.303337 -2.152631 -4.523906 0.874823 -3.585628 -0.613269
-5.382172 -33.49883 20.22858 -2.456841 -2.583408 -1.350146 4.025419 -1.27477 -0.466768
-7.382172 -33.49883 20.22858 -3.909288 -3.761243 -1.639429 3.60054 -2.405576 -1.314733
-9.382172 -33.49883 20.22858 -2.388263 -1.475676 -1.980195 3.319582 -1.214514 0.111516
-11.38217 -33.49883 20.22858 -3.370451 -2.544134 -2.983534 1.440032 -1.514785 -0.79783
-13.38217 -33.49883 20.22858 -1.819491 0.583267 -2.301845 0.783306 -2.409796 -0.975021
-15.38217 -33.49883 20.22858 -0.597269 1.938793 -0.256458 2.404779 -1.794134 -0.860646
10.61783 -35.49883 20.22858 -1.109082 1.702045 -0.377748 4.956239 -1.534106 0.665032
8.617828 -35.49883 20.22858 -3.560315 0.130993 -1.216717 6.283161 -2.017809 1.052055
6.617828 -35.49883 20.22858 -3.802006 -0.669411 -2.390035 4.821792 -2.456241 0.520697
4.617828 -35.49883 20.22858 -3.881329 -1.532298 -2.34685 6.206668 -2.540084 0.791389
2.617828 -35.49883 20.22858 -4.049747 -1.147559 -4.819215 3.048976 -3.693439 -0.506272
-5.382172 -35.49883 20.22858 -1.567697 -1.560721 -2.697032 4.724002 -3.400632 -0.820439
-7.382172 -35.49883 20.22858 -4.329686 -6.051999 -3.296864 2.838517 -2.590361 -1.159449
8.617828 -37.49883 20.22858 -1.213134 1.809269 -1.473633 5.279737 -2.413842 -0.06373
6.617828 -37.49883 20.22858 -2.108327 0.523274 -1.065049 5.468671 -2.749665 -0.745611
8.617828 -27.49883 22.22858 -0.432369 5.770144 -3.009171 6.291227 -0.717588 3.023004
6.617828 -27.49883 22.22858 -2.141768 3.463112 -2.803041 5.867755 -1.400514 2.684454
8.617828 -29.49883 22.22858 -3.371996 1.573983 -2.579948 5.680224 -2.029852 1.729741
6.617828 -29.49883 22.22858 -4.372942 0.127896 -4.478316 4.126628 -2.717819 1.724254
4.617828 -29.49883 22.22858 -3.946646 -1.261137 -3.728869 3.696444 -2.663099 1.40755
4.617828 -31.49883 22.22858 -3.032949 1.90873 -3.319321 2.859722 -1.737633 2.037268
2.617828 -31.49883 22.22858 -3.949101 2.833761 -3.840677 4.384761 -1.524983 2.19878
4.617828 -33.49883 22.22858 -1.203175 0.548817 -3.101172 1.938962 -0.699221 2.222492
2.617828 -33.49883 22.22858 -1.65388 -0.16589 -4.777975 -0.984807 -1.000871 1.366943
0.617828 -33.49883 22.22858 -1.659007 1.97429 -2.74441 3.250807 -2.21129 1.370793
-5.382172 -33.49883 22.22858 -2.079978 -0.013522 -1.874535 3.716359 -1.527592 0.481216
-7.382172 -33.49883 22.22858 -1.60844 0.887316 0.02043 5.183545 -1.428948 0.667545
-9.382172 -33.49883 22.22858 -1.901861 1.88839 -1.820949 2.604385 -1.82654 -0.173056
-11.38217 -33.49883 22.22858 -2.606919 -0.083357 -2.53106 1.285725 -1.942356 -0.391013
-13.38217 -33.49883 22.22858 -2.709681 -1.081174 -2.767502 2.321118 -3.721783 -0.946382
-15.38217 -33.49883 22.22858 -1.934596 0.452657 -2.442607 1.500787 -2.758191 -0.649155
6.617828 -35.49883 22.22858 -0.907174 1.972387 -0.787495 5.062608 -0.61196 1.288176
4.617828 -35.49883 22.22858 -0.224108 0.464698 -1.318229 3.832548 0.432858 2.055403
2.617828 -35.49883 22.22858 0.905757 2.533139 -2.51438 2.038845 -0.495491 1.027901
0.617828 -35.49883 22.22858 0.491659 3.692736 -1.797909 4.373529 -3.03183 -1.090054
-5.382172 -35.49883 22.22858 -1.947411 -1.84694 -2.80217 2.477013 -2.705308 -0.910121
-7.382172 -35.49883 22.22858 -2.717224 -3.010315 -0.89673 3.307566 -1.596249 -0.414511
-9.382172 -35.49883 22.22858 -2.276233 -1.904716 -1.914719 2.78005 -2.691672 -1.819699
-11.38217 -35.49883 22.22858 -2.005574 -0.583249 -1.784928 4.616619 -3.673465 -1.775247
8.617828 -29.49883 24.22858 1.415965 5.844248 -0.782629 5.819567 -1.510743 0.673176
6.617828 -29.49883 24.22858 -0.372423 2.80337 -1.768214 4.606623 0.07788 1.661424
4.617828 -29.49883 24.22858 -0.31075 1.687142 -0.627725 5.176996 1.638901 1.826447
-9.382172 -29.49883 24.22858 -0.086122 0.987843 -0.262462 3.555097 0.094324 0.451634
-11.38217 -29.49883 24.22858 -1.334493 0.669464 -2.194526 0.736121 0.528062 0.708633
6.617828 -31.49883 24.22858 -0.616467 1.794714 -1.054346 2.85072 0.226888 1.702575
4.617828 -31.49883 24.22858 -0.79641 1.614172 0.467773 6.614718 1.69816 2.995355
2.617828 -31.49883 24.22858 -1.352892 2.85072 -0.661165 6.730589 1.567787 3.005258
0.617828 -31.49883 24.22858 -1.683485 1.355339 -3.373914 4.509655 -0.996637 2.569951
-9.382172 -31.49883 24.22858 0.235222 0.846005 -1.308793 2.327941 0.259546 0.181136
-11.38217 -31.49883 24.22858 -0.675802 1.473196 -2.097816 1.602171 1.769209 2.019333
2.617828 -33.49883 24.22858 0.013508 1.705524 -2.982532 1.768105 -0.484366 1.576862
0.617828 -33.49883 24.22858 -0.041885 1.503487 -2.854129 1.424998 -1.135539 0.897276
-1.382172 -33.49883 24.22858 -3.106638 -0.168719 -4.550642 0.558209 -2.978973 -1.083463
-5.382172 -33.49883 24.22858 -0.769564 1.211394 -0.631262 2.808713 -0.970956 0.291995
-7.382172 -33.49883 24.22858 -0.166584 0.161919 -0.793369 2.804839 -1.068202 0.046488
-9.382172 -33.49883 24.22858 -0.613658 -1.199416 -1.634472 2.180884 -0.630858 0.0112
-11.38217 -33.49883 24.22858 -1.241586 -1.113475 -2.44139 2.288023 -0.262621 0.977235
-13.38217 -33.49883 24.22858 -1.244596 -0.894368 -2.238523 3.912133 -1.561873 0.824961
2.617828 -35.49883 24.22858 2.520415 5.04193 -1.220541 3.999588 -1.024443 1.273545
0.617828 -35.49883 24.22858 1.309103 3.520749 -1.409081 4.6536 -2.535532 -0.205883
6.617828 -29.49883 26.22858 -0.859544 2.111934 -2.616097 0.77406 0.034396 1.241516
-11.38217 -29.49883 26.22858 -5.821111 -3.723896 -5.202159 -0.271474 -1.694504 0.222229
6.617828 -31.49883 26.22858 -2.347597 -0.187487 -3.285338 -0.428035 -0.525512 1.164472
4.617828 -31.49883 26.22858 -2.758262 0.457995 -3.47077 0.727389 -1.762341 -0.089687
2.617828 -31.49883 26.22858 -3.839486 -1.10158 -3.090401 2.413174 -0.867791 0.350131
0.617828 -31.49883 26.22858 -5.684331 -1.994852 -4.212389 2.602172 -3.276433 -0.524059
