11.05216 -23.22609 8.125694 3.068771 1.37596 0.202699 -0.317843 -0.118113 0.82126 -0.954748 -1.524463 0.311621 -2.239789 -2.201755 -2.915586
15.05216 -25.22609 8.125694 -0.986553 2.38828 0.819202 1.106123 -0.732615 0.576504 0.723948 -0.245508 2.019296 1.938715 0.365228 0.499954
13.05216 -25.22609 8.125694 1.070148 3.33281 1.217781 2.168286 0.073838 1.810123 -0.699026 1.060762 1.359027 1.282245 0.132619 -0.500173
1.052162 -25.22609 8.125694 2.855011 -16.70096 3.294479 -7.260534 -8.855801 3.472721 -0.380202 -3.240301 0.836462 -3.199805 -3.495877 -1.923903
-4.947838 -19.22609 10.12569 -2.639954 0.583171 -1.493933 0.037506 -1.472174 0.85366 -2.536835 -0.121221 -2.269454 -3.185189 -2.071573 -1.558859
-6.947838 -19.22609 10.12569 -0.661296 -0.262274 -0.978269 -0.733089 -0.895303 -1.623087 -1.304933 0.677409 -1.147592 -2.218342 -0.346485 -0.593513
13.05216 -21.22609 10.12569 -2.326625 4.197701 -1.527597 1.023488 -2.211204 -0.435697 -2.883708 -0.537089 -2.00584 -2.145174 -3.464069 0.923486
-2.947838 -21.22609 10.12569 -0.116287 0.316855 -1.764612 -0.318746 -0.417608 -1.379472 -1.706024 -0.194503 -2.021535 -1.691865 -0.109018 -2.356732
-4.947838 -21.22609 10.12569 -3.153838 0.789245 -3.867079 0.689717 -3.298405 -0.451226 -4.400777 -1.211085 -3.393038 -4.785913 -2.975363 -3.516611
-6.947838 -21.22609 10.12569 -2.902593 2.189249 -2.161209 -0.237956 -3.149259 0.414669 -3.880999 -1.333127 -2.950892 -4.440628 -3.023411 -2.215599
13.05216 -23.22609 10.12569 -1.248842 2.470754 1.542952 0.316914 -1.693314 0.3251 -2.389937 -1.141261 -1.695773 -0.68041 -0.969852 1.273679
11.05216 -23.22609 10.12569 -1.078948 0.507211 1.751616 -0.074979 -0.922214 -0.332966 -1.692203 -1.782251 -0.849903 -3.384729 -3.383492 -3.437281
3.052162 -23.22609 10.12569 -0.362926 -0.212138 2.268698 0.648624 -0.386732 0.133085 -3.19153 0.075632 -2.457578 -0.658947 -0.177751 -0.378511
1.052162 -23.22609 10.12569 -2.97152 2.63581 0.516996 1.112839 -0.436356 -1.071634 -2.179177 0.634197 -2.877452 -0.691383 -1.374053 -1.521828
-0.947838 -23.22609 10.12569 -1.115279 2.529397 0.418645 0.957547 0.219567 -2.021012 -0.421505 0.287194 -2.159979 -0.871848 -0.581864 -1.611447
-2.947838 -23.22609 10.12569 1.257814 0.49702 0.104655 0.26427 -0.807644 0.762051 -0.757456 0.312753 -2.643847 -0.38316 0.11443 -0.541855
-4.947838 -23.22609 10.12569 -1.455234 0.483243 -2.109717 0.694607 -4.136659 0.955443 -3.270268 0.618496 -3.037756 -1.777961 -3.036831 -0.795346
13.05216 -25.22609 10.12569 1.417566 2.993905 2.536454 2.922513 -0.216876 3.265803 -2.476083 -0.094458 0.369605 0.010708 0.352165 1.298918
11.05216 -25.22609 10.12569 0.874796 0.146366 1.417595 0.987603 0.603754 2.800158 -3.144862 -1.750241 0.359946 -2.880373 -1.004893 -2.286856
1.052162 -25.22609 10.12569 -2.258322 -4.175377 0.118715 -1.404172 -7.665004 3.262021 -3.18638 -0.838054 -0.623081 -2.229425 -4.856115 -3.25811
-0.947838 -25.22609 10.12569 2.447077 -5.266282 3.146732 -2.447519 -4.48517 1.714826 0.595187 -3.729958 0.347399 -3.62255 -1.049778 -3.307566
-2.947838 -25.22609 10.12569 3.88598 -6.234205 2.554451 -1.711986 -1.655703 2.172561 1.892051 -1.74885 -0.281748 -1.469121 0.817127 -1.340396
-0.947838 -21.22609 12.12569 -2.609764 -0.082846 -2.031085 -1.142868 -1.578696 -1.384443 -1.747469 1.005539 -0.923293 -1.82146 -1.421412 -1.712812
-2.947838 -21.22609 12.12569 0.015289 -1.687597 -1.356096 -2.360634 0.521369 -0.584289 -1.287089 -1.966411 -0.991862 -1.562789 -0.038659 -1.761702
-6.947838 -21.22609 12.12569 1.851657 1.615062 1.424759 0.431386 -1.466935 4.463308 -1.462882 -0.524093 -1.625358 -4.02164 -2.085447 -1.386534
15.05216 -23.22609 12.12569 1.082573 -0.786067 0.261822 1.432964 -1.107415 1.742345 0.798783 0.799491 -0.942164 0.438661 0.603217 2.318012
13.05216 -23.22609 12.12569 -2.250201 4.04798 0.323474 0.110449 -1.138589 1.837454 -3.153254 0.471533 -3.130506 -0.26296 -0.329338 1.837595
11.05216 -23.22609 12.12569 -1.487628 2.667858 1.764631 -0.762126 -0.826819 3.293162 -2.079283 0.477832 -2.554847 -1.906239 -1.873065 0.083855
-0.947838 -23.22609 12.12569 -2.727254 1.943697 -2.006532 2.381663 -0.875399 -1.257627 -1.722662 1.158237 -1.851076 -1.557834 -3.093977 -0.705809
-2.947838 -23.22609 12.12569 -1.143411 -0.512779 -1.321547 0.315482 0.81136 1.99593 -1.396499 -1.02191 -0.961847 -0.883396 -1.834592 -0.02769
-4.947838 -23.22609 12.12569 -1.630186 0.506465 -1.57113 0.158073 -1.739359 2.446275 -3.15035 -0.938698 -2.153893 -2.212976 -3.22028 -0.941972
-6.947838 -23.22609 12.12569 0.883475 1.292547 -0.290512 0.89557 -2.781391 2.465211 -3.346657 -1.148942 -2.268639 -4.057138 -4.315885 -2.662294
15.05216 -25.22609 12.12569 0.804852 0.191275 -0.07261 -0.432476 -1.06837 -0.624814 -0.328807 -1.557004 0.096992 -0.992735 -0.096586 0.83328
13.05216 -25.22609 12.12569 0.174765 3.436806 0.32325 2.365109 -0.751641 2.379568 -3.609236 -0.751894 -1.095885 -0.253654 -1.375047 0.738108
11.05216 -25.22609 12.12569 0.460655 -0.029513 1.460457 0.690671 0.721312 2.374888 -3.760187 -0.998306 -1.865217 -1.90117 -1.64657 -0.409695
1.052162 -25.22609 12.12569 -3.759652 0.420221 -0.070732 1.770546 -3.868997 0.229406 -3.811138 0.316505 -1.251663 -2.882137 -3.64299 -3.209854
-0.947838 -25.22609 12.12569 -0.600447 -1.992586 0.194622 -0.71383 -2.512339 -0.762216 0.017987 -0.790187 -0.286784 -3.546159 -2.721422 -2.780528
-2.947838 -25.22609 12.12569 1.611027 -4.739292 1.621975 -1.50125 -0.994315 0.689151 1.409536 0.061808 1.275721 -2.578293 -1.86546 0.037011
15.05216 -27.22609 12.12569 -0.068381 2.512152 0.662143 0.81037 -1.933375 2.341365 -0.686788 -1.077623 -1.909506 -1.57293 -1.784291 -0.952876
1.052162 -27.22609 12.12569 -3.0561 1.615991 -0.304049 3.528969 -3.699229 0.475281 -3.607604 -0.895987 -0.45806 -3.096421 -2.88239 -1.733485
-0.947838 -27.22609 12.12569 -1.65212 1.434193 -0.993536 0.166179 -3.607441 -0.878228 -1.173651 0.316245 -0.863186 -2.37535 -1.260451 -1.377633
-6.947838 -21.22609 14.12569 0.748644 -0.775152 0.567 -0.059218 0.752096 3.773875 -0.559204 -0.888754 -0.35347 -2.433234 -0.347138 -1.739001
13.05216 -23.22609 14.12569 -0.70062 0.813619 0.431834 -0.323268 -0.651072 -0.60685 -2.142159 0.464067 -1.654496 0.268529 -0.255112 0.344369
-2.947838 -23.22609 14.12569 -3.701874 4.037359 -4.278153 3.494357 0.661296 2.644945 -5.088042 -0.910517 -1.30638 -0.608346 -3.621777 0.321871
-4.947838 -23.22609 14.12569 -2.765439 3.879207 -2.769957 0.838507 0.717433 3.574143 -4.174624 -1.079252 -2.164671 -0.972953 -2.441932 -0.517079
-8.947838 -23.22609 14.12569 0.017753 0.783349 -0.545159 -0.045865 -1.672272 2.473473 -2.327853 -2.158443 -0.962336 -1.322951 -4.058671 -1.103612
15.05216 -25.22609 14.12569 -1.3555 -0.656353 -1.222192 1.450122 -0.970214 -2.011829 -2.499838 -1.355317 -0.993353 -0.123746 -1.592285 0.288147
13.05216 -25.22609 14.12569 0.23196 1.120124 0.610416 1.332849 -1.055325 0.759623 -2.865738 -0.859119 -1.127187 0.661542 -0.595276 0.754723
11.05216 -25.22609 14.12569 0.799239 0.544572 1.306861 1.532503 -0.369095 -0.091621 -3.868774 0.168521 -3.312926 0.670514 -1.396483 0.268808
-0.947838 -25.22609 14.12569 -1.937069 -1.883123 -0.697176 -1.227545 -1.115876 -1.992674 -1.700973 -1.638136 -0.295975 -2.321809 -1.799861 -2.145616
-2.947838 -25.22609 14.12569 -1.434116 -3.431332 -1.490998 -1.387601 -0.749464 -1.27993 -2.019256 -1.334823 -0.084614 -3.223816 -2.515434 -1.030601
-4.947838 -25.22609 14.12569 -0.27897 -0.185145 -1.317276 0.908618 -0.685673 0.90152 -3.63738 -1.368757 -0.706917 -3.427486 -3.850929 -2.400064
-6.947838 -25.22609 14.12569 -1.404326 5.140666 -0.240842 2.687205 -2.941273 1.928082 -6.485801 -2.951679 -3.062947 -4.882623 -5.620728 -3.999341
-8.947838 -25.22609 14.12569 -0.676723 4.023861 0.794487 3.115692 -1.396095 2.236407 -2.727395 -1.212456 -1.017628 -1.416376 -2.832191 -1.336182
17.05216 -27.22609 14.12569 -0.562487 -0.752049 -0.301055 1.686976 -0.081632 0.589734 -1.154518 -1.712592 -0.211171 -2.491413 -1.627986 -0.319911
15.05216 -27.22609 14.12569 -0.899305 1.650936 -1.65115 2.248089 -0.33827 0.844571 -1.940084 -1.871313 -2.245674 -0.420779 -2.266767 -0.370246
13.05216 -27.22609 14.12569 0.612521 2.16688 0.583431 3.909376 -0.954369 3.875642 -2.461999 -0.750903 -2.429499 0.317366 -1.711774 0.765956
11.05216 -27.22609 14.12569 1.564912 1.292637 2.230493 4.526573 0.35491 2.190783 -2.615662 0.559442 -2.645791 0.609078 0.189561 0.772009
1.052162 -27.22609 14.12569 -1.271878 2.183102 0.647109 3.904038 -0.844636 -0.79668 -3.292401 -0.186923 -1.032418 -0.038715 -1.796345 -0.186984
-0.947838 -27.22609 14.12569 -1.080383 0.858386 0.154096 -0.154582 -2.469548 -2.413689 -3.441874 -1.032332 -2.278752 -1.201329 -2.154152 -0.658383
-6.947838 -27.22609 14.12569 -0.948015 1.841978 1.184711 0.926879 -1.367844 1.488389 -1.860814 -2.081199 -0.573654 -4.453031 -3.864064 -3.399388
17.05216 -29.22609 14.12569 -0.313598 -0.195285 0.263747 -0.017306 -1.463434 1.682724 -1.378637 -0.976566 -1.031392 -0.90716 -2.693398 0.20632
15.05216 -29.22609 14.12569 -1.719489 -0.617123 -0.800378 1.335869 -0.954938 0.993426 -2.647794 -0.766511 -2.413764 -1.25446 -3.425972 -1.471078
11.05216 -29.22609 14.12569 0.737503 0.308596 1.672757 4.276898 0.766939 1.563075 -1.245642 0.626162 -1.931322 -0.367599 0.183284 -0.08621
1.052162 -29.22609 14.12569 1.252423 1.797464 -0.018392 0.678891 -2.487555 -0.480932 -1.088063 -0.395032 -0.572567 0.034898 -0.5161 1.041309
-0.947838 -29.22609 14.12569 0.195782 3.418886 -0.37859 0.229661 -1.65369 0.147326 -2.172614 0.132814 -0.988298 0.79514 -1.035308 1.800407
17.05216 -31.22609 14.12569 0.333255 -0.115276 1.844885 1.437586 -2.027229 2.552463 -0.49425 0.170054 0.470893 -1.088747 -0.70857 -0.475935
1.052162 -31.22609 14.12569 -0.597168 -2.14359 -0.973766 -1.86816 -1.999315 -2.586604 0.0442 -0.013848 -1.347307 -1.003011 -1.276582 -1.009856
-0.947838 -31.22609 14.12569 -0.641083 1.090427 -1.650721 -1.135597 -1.254414 0.057058 -1.042152 1.110778 -0.789253 0.219419 -0.881628 -0.367613
-2.947838 -31.22609 14.12569 -0.985551 -1.019567 0.675201 0.154918 -1.518243 1.072147 0.00649 0.560014 -0.401112 -0.45198 -1.760114 -0.882955
-0.947838 -33.22609 14.12569 0.156247 2.05824 -1.066988 1.118701 0.176341 -1.045689 -1.05516 1.018611 -0.333827 -0.906526 -0.028357 -2.166206
-6.947838 -21.22609 16.12569 -1.402669 -0.320536 0.641699 0.297724 1.206304 1.326072 -0.501248 -0.920868 0.501556 0.181833 0.369921 -0.583875
-8.947838 -23.22609 16.12569 -2.316154 0.540753 -1.884282 0.925645 -0.248884 1.723828 -1.181383 -0.656967 -0.64932 0.134654 -1.843458 -0.00543
-2.947838 -25.22609 16.12569 -1.022882 -1.193961 -1.188536 0.349087 0.688519 -2.783788 -2.684481 -0.996642 -1.027737 -2.652972 -2.032884 -3.159371
-8.947838 -25.22609 16.12569 -2.837718 2.865447 -0.851431 1.799434 -0.387946 -0.133025 -1.945825 -1.237818 -1.420608 -2.249156 -3.430874 -1.332013
17.05216 -27.22609 16.12569 0.217833 -0.042172 0.546752 0.552308 1.239646 -0.766249 -1.022787 -1.321205 0.409477 -1.524754 -0.466821 -0.541167
15.05216 -27.22609 16.12569 1.228285 1.385561 0.509178 0.814738 1.256881 -0.73353 -1.595734 -1.916579 -0.269445 -0.055878 -1.053726 -0.628835
1.052162 -27.22609 16.12569 -1.379514 1.055442 0.920657 0.747703 0.345975 -1.978359 -2.785478 -1.030753 -1.51303 -0.577083 -0.571078 -1.188049
-0.947838 -27.22609 16.12569 -1.246346 1.640756 0.614366 0.747967 -0.881501 -2.088399 -4.381829 -1.251368 -1.956408 -1.503513 -2.382334 -2.160476
-2.947838 -27.22609 16.12569 -0.941603 -4.555192 -1.642264 -3.275645 -1.707893 -3.831758 -2.669106 -2.538257 -1.941653 -3.053654 -3.168478 -3.604352
-4.947838 -27.22609 16.12569 -1.917784 -2.448033 -4.274285 -1.375607 -0.710301 -1.698124 -1.226259 -1.125911 -1.112385 -1.792005 -2.661927 -2.835185
-6.947838 -27.22609 16.12569 -3.086 1.67179 -2.199089 0.950475 -0.967563 -1.79461 -3.622817 -2.814352 -2.126487 -4.379389 -4.439089 -3.372371
-8.947838 -27.22609 16.12569 -2.666923 0.602126 1.043196 -0.654173 -0.818049 -2.140038 -3.723892 -4.105392 -3.552385 -5.618031 -3.888685 -3.851715
-10.94784 -27.22609 16.12569 -2.34185 -0.07529 -0.6605 -0.546156 0.037273 -0.218073 -1.934213 -1.842036 -1.449143 -1.344323 -1.037662 -1.019851
17.05216 -29.22609 16.12569 0.663913 0.432614 -0.343768 -0.748498 0.183362 0.893021 -1.60991 -1.694062 -0.524614 -1.497256 -1.050638 0.263423
15.05216 -29.22609 16.12569 0.017012 -0.398698 -0.560325 -0.491998 0.411884 -0.618281 -2.411029 -2.185087 -0.642276 -1.538929 -1.762912 -1.472393
13.05216 -29.22609 16.12569 -1.147111 0.836812 -0.403008 1.579936 -0.278316 0.474566 -2.123075 -1.4648 -0.995236 -0.97879 -1.318643 -1.003507
3.052162 -29.22609 16.12569 -0.885197 5.886581 -1.839514 0.460287 0.624091 -2.821913 -1.993485 -0.612422 -1.394167 -0.526918 1.462684 -1.265128
1.052162 -29.22609 16.12569 3.105852 1.655343 1.546863 -0.999905 -0.653602 -1.607976 -0.376618 -0.971789 -0.515643 -0.382071 0.800924 -1.223488
-4.947838 -29.22609 16.12569 -1.790977 -3.700367 -2.740887 -2.473228 -2.736364 -2.013664 -0.923148 -2.372087 -1.789287 -2.517982 -2.67192 -3.858429
-6.947838 -29.22609 16.12569 -2.369414 -0.66988 -2.090485 -0.934611 -2.720169 -3.009779 -2.600041 -1.776819 -3.51291 -4.05231 -2.308793 -4.41383
-8.947838 -29.22609 16.12569 -3.950187 -1.193464 -0.000438 -1.40613 -2.339562 -3.564322 -3.245285 -2.337501 -4.586725 -4.667166 -2.922219 -4.055964
17.05216 -31.22609 16.12569 0.202044 0.455614 0.158518 1.557499 -0.551164 0.651366 -1.556085 -0.619778 -0.528855 -1.698204 0.016346 -0.904065
15.05216 -31.22609 16.12569 0.286729 1.630224 0.79002 2.420058 0.144159 1.321455 -2.540278 -1.237151 -1.276077 -0.855073 -0.379036 -0.217827
13.05216 -31.22609 16.12569 0.316615 -0.013854 1.149311 1.338716 0.288105 1.188848 -1.302307 -0.711973 -0.990237 -1.640331 0.315562 -0.77119
11.05216 -31.22609 16.12569 -0.76122 -0.721708 -1.120151 2.073656 -0.473986 1.148672 -1.970452 -0.064733 -1.450676 -2.729788 -0.973582 -1.268097
1.052162 -31.22609 16.12569 -1.555712 -1.214215 -0.440235 -1.450408 -1.180732 -2.659985 -0.898299 -0.848441 -2.139401 -0.969917 -0.101578 -1.63794
1.052162 -33.22609 16.12569 -2.198497 -1.491237 -0.657192 -0.466473 -0.276449 -1.846773 -1.344826 -0.351948 -0.960078 -1.982034 0.412042 -2.545917
-0.947838 -33.22609 16.12569 -0.533924 -2.810731 -0.796915 -0.035527 0.809539 -4.833145 -0.880811 -1.584525 -1.717638 -1.179814 1.347227 -0.847963
1.052162 -35.22609 16.12569 -1.732624 -0.812027 -0.991079 -1.049729 -0.742853 0.287564 -0.69406 -0.15147 -0.793896 -1.747067 0.444611 -0.877074
-0.947838 -35.22609 16.12569 -0.024807 -0.665262 -0.176611 0.777102 0.283515 -2.568802 -1.164767 -0.383936 -0.791972 0.285349 0.908062 0.324188
-0.947838 -37.22609 16.12569 -0.407429 -1.087621 0.382462 0.770909 -0.594766 -0.943318 -1.062081 -0.670973 -0.721707 -0.102194 0.16633 0.902002
-8.947838 -23.22609 18.12569 -0.702879 0.566367 -0.0352 -0.878126 -0.761243 0.621055 0.06883 0.513276 -1.320793 -0.257071 -1.246511 -0.162129
-8.947838 -25.22609 18.12569 -1.521621 1.010264 0.156056 1.008626 -0.881859 -0.379982 -1.160454 -0.779239 -1.545212 -1.753762 -1.770128 -1.367475
-10.94784 -25.22609 18.12569 -0.33294 0.78568 1.210367 1.310462 0.085701 -1.086614 -1.257707 -0.66855 -0.708043 -0.816726 -0.10941 -0.309091
13.05216 -27.22609 18.12569 -0.205978 -1.318183 1.137036 1.284861 0.006691 -2.23667 -1.185205 -0.632696 -0.273449 -0.789033 -0.796642 -0.67756
1.052162 -27.22609 18.12569 -2.098569 0.067033 -0.335392 0.448847 -0.179131 -1.101173 -2.220495 -1.854192 -0.972266 -1.322259 -0.476211 -2.689177
-0.947838 -27.22609 18.12569 -1.495977 -0.340913 -0.066463 -0.169734 -0.655805 -0.542886 -2.226556 -1.692527 -0.182743 -1.87544 -1.879628 -3.246281
-10.94784 -27.22609 18.12569 -1.703942 0.008251 -0.045432 0.277827 -0.811826 -0.295488 -1.50438 -2.045039 -1.396052 -2.509241 -0.630003 -2.432956
13.05216 -29.22609 18.12569 -2.014547 0.03867 -0.755579 0.639385 -1.174654 -1.046119 -1.589949 -2.210284 -1.153476 -1.408698 -0.913202 -0.609258
11.05216 -29.22609 18.12569 -2.967994 3.095289 -1.624318 2.265864 -2.711042 -0.17255 -2.306414 -0.736849 -1.961784 0.196579 -1.338501 0.223964
1.052162 -29.22609 18.12569 0.53844 -0.172726 1.55989 -0.835602 0.621708 -2.053891 -1.14486 -1.625464 -0.533876 -1.391978 -0.390148 -2.424351
-0.947838 -29.22609 18.12569 -0.181588 -2.313951 -0.727226 -0.582252 0.403469 -0.561481 -2.371688 -2.390536 -1.474161 -2.820407 -1.557443 -1.559387
-2.947838 -29.22609 18.12569 -2.88178 -6.127155 -1.714388 -3.961106 -0.446527 -3.938276 -3.467241 -4.331555 -3.216469 -3.826182 -3.693967 -3.897877
-4.947838 -29.22609 18.12569 -6.637028 -0.533637 -2.864737 -2.59744 -4.222085 -4.108618 -5.396712 -4.515393 -5.631905 -6.214213 -5.410883 -6.175609
-6.947838 -29.22609 18.12569 -8.49501 -0.041556 -3.225418 -0.18276 -7.39157 -4.935254 -7.943954 -5.350211 -6.501473 -8.669779 -6.19672 -7.217426
-8.947838 -29.22609 18.12569 -7.298051 -0.986046 -2.576317 0.132017 -5.414897 -5.126312 -5.912813 -3.956047 -5.669682 -6.763943 -4.97126 -5.024142
-10.94784 -29.22609 18.12569 -2.813538 -2.156886 -1.31676 -1.137053 -1.528708 -2.167405 -1.104981 -1.436218 -2.597035 -2.76656 -1.812556 -2.886346
17.05216 -31.22609 18.12569 -1.409299 -1.098073 -0.931247 -0.726718 0.631074 -0.913659 -0.654914 -1.426099 -0.570418 -0.748901 -0.358573 -0.649766
15.05216 -31.22609 18.12569 -1.388047 1.606808 -0.220919 0.691479 -0.161675 -0.510515 -1.931668 -2.306195 -1.302803 -0.912975 -0.839298 -0.84502
13.05216 -31.22609 18.12569 0.375036 0.660204 0.527345 0.377695 -0.60222 0.527639 -1.714555 -2.076096 -1.785202 -1.539229 0.249023 -1.174451
11.05216 -31.22609 18.12569 -1.695181 -0.061588 -1.616647 0.35486 -1.581031 -0.008976 -3.28922 -0.90005 -2.97606 -2.6972 -1.192562 -1.351048
3.052162 -31.22609 18.12569 -4.588967 2.663367 -0.099489 0.381245 1.465463 -2.753606 -2.358433 -1.503263 -2.128078 -0.284681 1.810079 -2.227318
1.052162 -31.22609 18.12569 -3.009419 -1.524965 1.28598 -1.198061 -1.006533 -4.471689 -1.880566 -1.346009 -2.020056 -1.207537 0.725229 -2.106174
-0.947838 -31.22609 18.12569 -0.084863 -8.99323 -0.417778 -4.30317 -0.948565 -4.730466 0.392658 -3.769593 -2.882956 -3.505774 0.090441 -0.90738
-2.947838 -31.22609 18.12569 -1.982483 -8.753616 -1.365457 -6.01942 -3.30768 -4.231925 -0.630638 -4.947828 -3.514884 -4.198222 -2.462739 -2.623683
-4.947838 -31.22609 18.12569 -5.687408 -2.083752 -1.441556 -3.224463 -5.277086 -3.188226 -4.001562 -3.44266 -3.665437 -5.398233 -4.527661 -4.518779
-6.947838 -31.22609 18.12569 -6.333356 -1.65636 -0.728374 -2.08394 -5.465615 -5.789348 -4.914674 -2.931729 -3.530489 -5.206532 -4.352396 -5.11577
-8.947838 -31.22609 18.12569 -4.648964 -1.419039 -2.569035 0.990851 -3.257888 -5.088959 -2.769135 -0.709755 -2.191484 -1.869616 -3.104331 -2.673146
17.05216 -33.22609 18.12569 -1.452098 1.743877 -1.049699 1.053498 -0.885332 1.441564 -2.205734 -2.2816 -1.278871 -2.284708 -1.570938 -1.711403
15.05216 -33.22609 18.12569 0.207352 3.431755 0.521749 2.620229 -0.272044 0.502543 -3.239089 -2.557399 -1.281835 -2.578447 -1.686851 -1.770796
11.05216 -33.22609 18.12569 -0.816876 -1.021016 -1.016644 -0.462208 -1.371517 -0.449052 -2.983284 -1.504941 -2.116592 -3.258355 -1.498101 -2.054831
3.052162 -33.22609 18.12569 -3.374828 -0.868113 -0.248093 -0.271251 -2.492218 -1.198948 -2.470021 -0.917163 -1.868057 -1.923931 -0.29945 -4.567627
1.052162 -33.22609 18.12569 -3.367709 -2.258478 0.560752 -1.263925 -1.52635 -3.815852 -2.502768 -0.071738 -1.653557 -1.224646 0.982314 -3.416697
-4.947838 -33.22609 18.12569 -3.306869 -0.26526 1.181468 -0.949024 -2.576996 -2.21709 -0.032184 0.077412 -0.05866 0.093346 -0.177225 -2.159495
3.052162 -35.22609 18.12569 -4.119321 -1.281033 -1.277167 0.102565 -6.374722 -0.072288 -3.502985 -1.873112 -2.885045 -4.827044 -3.612135 -4.780763
1.052162 -35.22609 18.12569 -2.194529 -1.425011 -0.476761 -1.084539 -2.303694 -0.629987 -1.659698 0.911595 -1.10044 -0.380552 -0.386664 -1.399212
1.052162 -37.22609 18.12569 -1.211347 0.003535 1.317757 0.465276 -1.154238 -1.20111 -0.709154 -0.950347 -0.455573 -1.048917 -0.842508 0.01259
-0.947838 -37.22609 18.12569 0.063985 -0.751913 1.512189 -1.550211 0.004715 -3.620341 -1.187992 0.353937 0.083534 0.024368 0.411786 1.03372
-2.947838 -37.22609 18.12569 -0.15886 -0.955047 1.059834 -0.188632 0.228123 -3.293129 -0.265047 1.283869 -0.404032 0.01271 -0.666182 0.618963
1.052162 -39.22609 18.12569 -2.330256 -0.938874 1.448235 -0.071637 -0.942811 -0.451862 -0.293397 -0.859132 -0.06 -0.987526 -0.478229 0.558337
-0.947838 -39.22609 18.12569 -0.292534 -1.553175 2.075622 -0.827546 0.284018 -1.999262 -0.234652 -0.070398 -0.19376 -1.812567 0.088734 -0.05033
-2.947838 -39.22609 18.12569 1.094777 -0.840763 2.61276 -1.136332 1.14675 -1.417451 0.315911 0.82156 -0.051292 -0.862216 0.050014 0.639179
15.05216 -27.22609 20.12569 -0.903576 -1.921016 -0.468531 -0.568664 -1.390438 -2.910225 -0.888509 -1.652961 -0.317816 -2.362287 -1.967425 -2.049858
13.05216 -27.22609 20.12569 -1.31625 -4.18344 0.018249 -0.184722 -0.134063 -3.719638 -0.495501 -1.758919 -0.560588 -1.924211 -0.565844 -1.86242
11.05216 -27.22609 20.12569 -0.641913 -1.207898 1.017993 1.358858 -1.576616 0.271308 -0.646197 -0.164604 -0.540105 -0.616031 -0.066704 -0.45152
15.05216 -29.22609 20.12569 -2.098926 -1.167102 -0.01597 -0.434914 -1.55655 -3.401112 0.485635 -1.495141 -0.771998 -1.963034 -1.544865 -1.600091
13.05216 -29.22609 20.12569 -2.153239 -1.261072 -0.563641 0.361438 -1.261895 -2.852257 -1.097106 -2.722906 -0.540382 -0.985281 -1.400429 -0.787732
11.05216 -29.22609 20.12569 -1.682147 -0.316387 0.013216 2.313748 -2.134208 -0.91373 -1.353947 -1.194077 -0.633326 -0.715269 -1.512358 0.087623
1.052162 -29.22609 20.12569 -8.292922 -2.268133 -2.620323 -2.911634 -2.462369 -4.820757 -6.16387 -2.180334 -4.845875 -3.245457 -2.130522 -3.490396
-0.947838 -29.22609 20.12569 -7.568901 -2.28922 -2.083549 -3.714319 -3.312699 -4.139554 -5.951763 -3.673388 -5.718234 -7.211865 -4.082732 -3.155944
-8.947838 -29.22609 20.12569 -3.629523 -1.008687 -2.431797 -1.426737 -3.009769 -2.818405 -3.037178 -2.107307 -3.17532 -2.793467 -1.378531 -2.591479
-10.94784 -29.22609 20.12569 -1.318353 -1.727454 -0.821377 -0.89578 -1.309388 -1.19711 -0.786812 -1.005248 -1.897406 -1.437775 -0.039167 -1.564139
13.05216 -31.22609 20.12569 0.341304 1.469151 0.662713 1.36388 -0.483255 0.55916 -1.802686 -1.825609 -0.334551 0.311947 0.629866 -0.231504
11.05216 -31.22609 20.12569 -1.888587 -0.580262 -0.546918 1.153883 -1.184373 -0.757394 -2.666864 -1.986265 -1.175555 -1.418173 -1.366838 -0.993086
1.052162 -31.22609 20.12569 -6.740843 -2.146673 -1.244738 -2.047656 -1.996932 -6.690524 -3.7205 -2.18503 -3.385638 -1.719661 -0.193034 -2.712753
-0.947838 -31.22609 20.12569 -4.261575 -7.813802 -0.653967 -5.582278 -2.545125 -6.619287 -1.571531 -3.203972 -3.684358 -4.972468 -1.950851 -1.915143
-2.947838 -31.22609 20.12569 -5.245919 -3.204377 -0.439721 -5.191805 -4.776312 -4.427619 -1.233297 -3.20697 -3.069975 -5.343682 -3.440586 -2.424866
-4.947838 -31.22609 20.12569 -4.412704 0.203068 -0.442678 -2.038185 -3.235337 -2.776645 -1.733007 -2.129827 -2.365987 -3.219091 -2.619987 -2.4284
-6.947838 -31.22609 20.12569 -4.009208 -1.178291 -0.645389 -1.212691 -2.082775 -3.537176 -2.093646 -2.040541 -1.376729 -2.261437 -2.066195 -2.237065
-8.947838 -31.22609 20.12569 -2.937793 -0.385847 -2.847696 0.766577 -2.148172 -1.281458 -1.902805 -0.889469 -1.861281 -0.063358 -1.247672 -1.075925
17.05216 -33.22609 20.12569 0.04877 0.476551 0.163398 -1.190493 0.552152 -0.397795 -0.162412 -0.934107 -0.333473 -0.188459 0.484166 -0.158281
15.05216 -33.22609 20.12569 -0.13145 1.768927 1.369666 0.637881 -0.018438 0.207158 -1.83769 -0.640207 -0.398566 -1.144758 -0.228731 -0.465322
13.05216 -33.22609 20.12569 1.130497 -0.750239 1.582669 0.677933 -0.263846 0.754137 -1.009127 -1.160426 0.169662 -1.214874 0.33982 -0.256077
11.05216 -33.22609 20.12569 -1.19206 -1.642783 -1.303368 0.245604 -0.157943 0.344249 -2.46719 -0.574569 -1.128968 -0.874654 -0.63943 0.110994
9.052162 -33.22609 20.12569 10.36432 -9.156611 1.369516 -3.558935 -0.530416 6.16715 7.264626 -2.239491 3.37523 -3.533602 0.285123 2.900206
3.052162 -33.22609 20.12569 -3.933339 0.770537 -0.742658 0.8295 -3.238232 -2.694205 -2.091069 -1.52643 -2.663761 -1.12705 -1.546948 -2.44986
1.052162 -33.22609 20.12569 -4.817989 -2.475033 -0.147286 -3.199389 -2.766181 -6.435658 -3.05611 -2.439847 -3.411272 -2.374793 -0.280304 -3.67078
-0.947838 -33.22609 20.12569 -3.79958 -5.501467 0.055482 -4.471335 -2.079113 -8.056105 -0.263824 -2.533039 -2.471809 -3.58568 -0.014095 -1.913731
-2.947838 -33.22609 20.12569 -4.657601 -1.385126 0.218035 -2.669592 -3.513268 -5.923049 -0.249043 -1.76153 -1.499123 -2.799121 -0.175088 -1.378513
-4.947838 -33.22609 20.12569 -1.34336 1.000352 2.050084 0.163038 -1.740989 -1.022826 0.239007 0.237984 -0.073717 1.572381 1.295774 -1.008866
-6.947838 -33.22609 20.12569 -0.523711 -0.145939 1.356807 0.892781 -0.442725 -1.523582 -0.401862 0.260311 -0.248418 1.473997 0.279386 -0.3904
17.05216 -35.22609 20.12569 1.906547 1.722381 0.76308 0.085939 1.174454 2.548534 -0.866104 -1.115485 0.228435 -1.509902 0.893057 -1.184624
15.05216 -35.22609 20.12569 2.875911 1.970689 2.818439 0.644709 1.371922 3.214922 -2.530763 -2.500511 -0.185433 -2.824646 -1.127616 -1.693665
13.05216 -35.22609 20.12569 2.557352 -1.026866 1.564285 -0.510936 0.607138 1.667038 -1.304321 -1.664477 -1.058291 -2.547955 -0.502138 -0.832816
11.05216 -35.22609 20.12569 1.309091 -0.371118 -0.831313 0.286094 1.478309 0.526491 -0.647123 -2.005043 -1.477817 -1.009105 0.145727 0.004824
1.052162 -35.22609 20.12569 -3.102951 -1.195133 0.641862 -1.785244 -1.501131 -4.76331 -2.997446 -0.932122 -2.656987 -1.789179 -0.588664 -2.695644
-0.947838 -35.22609 20.12569 -4.987157 -0.559554 -0.4626 -1.778765 -1.150527 -7.028977 -2.374959 0.076864 -2.025882 -1.236582 0.349529 -1.300327
-2.947838 -35.22609 20.12569 -3.540649 1.397424 -0.258327 1.010082 -0.976589 -4.592015 -0.21784 -0.336515 -0.873031 -1.233202 0.48558 0.094876
1.052162 -37.22609 20.12569 -2.917283 0.329364 1.07589 0.499869 -0.166617 -4.123795 -2.901449 -0.737239 -1.295448 -1.117518 -0.116376 -1.53952
-4.947838 -37.22609 20.12569 1.164939 0.135793 1.351434 1.115556 1.457496 1.454703 1.129306 0.134787 0.721546 0.319771 0.425258 -0.222
-6.947838 -37.22609 20.12569 0.287483 -0.307514 1.354532 0.581255 0.572209 1.320486 -0.370342 -0.521312 -0.586294 -0.592535 -0.224893 -0.836335
1.052162 -39.22609 20.12569 -3.689755 -1.727525 0.572854 -0.586237 -1.235191 -2.731724 -1.531429 -1.122886 -0.51018 -1.18381 0.113922 -1.642466
-0.947838 -39.22609 20.12569 -0.794999 -1.782576 1.908529 -1.943573 0.077897 -2.88694 -0.26775 -0.359652 0.40253 -1.208857 0.67255 -1.129537
-2.947838 -39.22609 20.12569 1.313792 -1.074571 2.318218 -1.501039 1.536172 -2.072006 0.59989 0.119968 0.906742 -1.519612 0.229158 -0.428236
-4.947838 -39.22609 20.12569 -0.711897 -0.776242 1.259039 0.151808 1.241819 -0.942432 0.453582 -0.830333 0.5513 -1.16747 -0.012618 -0.881957
15.05216 -27.22609 22.12569 -1.62657 -0.118662 -2.645569 -1.742183 -0.821273 -1.877799 -1.197792 -1.14372 -1.858316 -2.006611 -0.560596 -1.176613
13.05216 -27.22609 22.12569 -0.495275 -1.034933 -1.449154 -2.788525 -0.68224 -2.34081 -0.79951 -2.159749 -1.207158 -2.022074 0.948057 -1.423816
11.05216 -27.22609 22.12569 -0.330355 0.580689 0.29073 -0.7373 -0.74048 1.498828 -0.804639 -1.330302 -1.005611 -0.999834 0.151353 -0.628033
15.05216 -29.22609 22.12569 -2.856478 -1.985847 -1.035572 -1.60617 -1.833949 -3.470029 -1.015966 -1.714913 -1.16297 -1.929689 -0.524834 -1.175019
13.05216 -29.22609 22.12569 -1.397278 -0.251195 -1.609604 -1.485229 -1.57468 -2.528287 -1.31116 -1.603199 -0.013531 -0.50945 -0.527025 -0.129284
11.05216 -29.22609 22.12569 -0.830179 0.123285 -0.701576 -0.583569 -1.918716 0.383553 -0.720927 -0.931398 -0.606792 -0.868518 -1.828052 -0.280815
-6.947838 -29.22609 22.12569 -2.324751 -2.037986 -0.858917 -1.581326 -2.680473 -3.17426 -0.603923 -1.937598 -3.022085 -3.685068 -1.468558 -3.871922
-8.947838 -29.22609 22.12569 -2.797198 -0.959927 -0.880848 -2.342406 -2.675712 -2.69365 -1.526943 -1.972337 -3.084561 -1.946666 -0.823088 -2.794055
-10.94784 -29.22609 22.12569 -2.237477 -0.413739 -1.335933 -1.607274 -1.330425 -1.787158 -1.060107 -1.908697 -2.259808 -1.078212 0.15181 -1.731
15.05216 -31.22609 22.12569 -2.720679 0.301743 -1.163843 -1.006541 -1.548169 -1.15675 -1.175895 -0.871183 -0.270738 -1.276143 0.923329 0.257198
13.05216 -31.22609 22.12569 -1.788312 -0.276377 -0.787312 -1.124486 -0.972331 -0.961284 -1.671895 -0.639538 0.323671 0.330946 0.995404 0.103625
11.05216 -31.22609 22.12569 -3.013705 -2.129854 -0.970891 -1.848819 -2.089411 -2.194623 -2.130586 -1.95062 -0.639569 -1.475611 -1.808232 -1.64663
9.052162 -31.22609 22.12569 -3.292058 -2.739091 -0.732072 -0.255211 -1.801545 -0.058297 -1.098747 -1.153823 -0.623335 -1.846584 -2.07164 -0.612252
-4.947838 -31.22609 22.12569 -1.024067 0.836458 -0.655839 -0.557777 -1.065437 -0.199906 0.272637 0.386284 -1.007047 -2.167259 -1.473886 -1.557217
-6.947838 -31.22609 22.12569 -2.135658 -0.78455 -0.786403 -1.315693 -1.257873 -2.415642 0.027484 -0.720228 -1.175307 -1.571197 -0.70161 -2.675966
-8.947838 -31.22609 22.12569 -2.348908 -1.251024 -1.767997 -1.29501 -1.387962 -1.266725 -0.75058 -0.921331 -2.023443 0.193177 -0.236327 -1.540343
11.05216 -33.22609 22.12569 -2.487019 -2.234172 -1.456195 -2.349411 -0.777383 -1.306029 -1.305614 -1.629554 -1.613896 -1.077052 -0.120435 -1.058595
9.052162 -33.22609 22.12569 2.065772 -2.710051 -0.626955 -1.458432 -2.113011 2.593183 2.625872 -0.183476 0.963816 -3.098624 -2.378174 1.035713
-2.947838 -33.22609 22.12569 -0.35325 -1.518252 0.116778 -0.105859 -1.096415 -1.330542 -0.006422 -1.797765 -0.905756 -1.936827 0.426628 -0.883789
-4.947838 -33.22609 22.12569 1.079851 1.365841 0.831626 -0.287978 -0.719815 0.898881 -0.263966 0.267737 -0.370621 -0.258458 0.277512 -1.48963
-0.947838 -35.22609 22.12569 -2.333736 -0.294351 -0.55986 0.232189 -0.277147 -3.212207 -1.226735 -0.600955 -1.267654 0.195295 -0.010394 -0.009255
-2.947838 -35.22609 22.12569 -0.727269 0.789062 -0.270701 1.486962 -0.851992 -0.678012 0.141 -0.478883 -0.988978 0.010729 -0.155155 0.055473
1.052162 -37.22609 22.12569 -2.877024 0.617559 0.34258 -0.953715 0.453137 -5.080226 -2.031814 -1.237105 -1.175241 -0.420982 0.456465 -0.427175
-0.947838 -37.22609 22.12569 -3.065888 0.568399 -0.551885 -0.528133 -0.229459 -4.191843 -2.025663 0.498307 -0.98256 0.873896 0.068148 -0.166462
-2.947838 -37.22609 22.12569 -0.980922 2.0249 -0.702666 0.890407 -0.574826 -0.737483 -0.158156 0.376215 -0.719785 0.612424 -0.518804 0.303361
-4.947838 -37.22609 22.12569 -0.596437 2.5453 -0.17154 0.983199 -0.598748 1.323058 -0.150105 -0.094538 -0.036159 0.0729 -0.173724 -0.102613
-6.947838 -37.22609 22.12569 -0.46535 0.845352 0.474304 -0.129307 -0.586343 1.497279 -0.058971 -0.498585 -0.028973 -0.300124 -0.133457 0.120513
-0.947838 -39.22609 22.12569 -2.818961 1.07269 0.065369 -1.298254 -0.976175 -3.277777 -1.890383 -0.025613 -0.9827 0.152192 -0.341729 -0.515543
-2.947838 -39.22609 22.12569 -1.090177 1.672407 0.508017 -0.1765 -0.664452 -2.127952 -0.798929 -0.343644 -0.407224 -0.621637 -0.192868 -0.961642
-8.947838 -39.22609 22.12569 0.835808 -2.589159 1.265339 -1.612499 0.898463 -1.536203 0.324035 -1.911468 -0.416989 -0.88026 0.463859 -1.490729
15.05216 -27.22609 24.12569 -1.228784 -0.501169 -0.282485 -0.696907 -0.033656 -1.798401 -0.51493 -0.228741 -0.931395 -1.354759 0.093664 0.664222
17.05216 -29.22609 24.12569 -3.457285 1.051476 0.348289 -0.000578 -0.518026 -0.78359 -1.539373 -0.860027 -1.082992 -0.273747 -0.291559 -0.377868
15.05216 -29.22609 24.12569 -2.436081 -1.102145 0.12117 -0.779052 -0.094931 -1.478995 -1.200581 -1.279733 -0.936216 -1.496302 0.178803 0.273273
13.05216 -29.22609 24.12569 0.143833 -1.352422 -0.035755 -1.7643 0.102918 -0.605754 -0.566542 -0.407733 0.113693 -0.941942 1.105624 -0.21577
-6.947838 -29.22609 24.12569 0.111071 -2.513249 -1.073261 -1.045092 -0.674626 -1.345339 0.558355 -1.389072 -1.287197 -1.417164 0.575847 -2.461261
-8.947838 -29.22609 24.12569 0.100022 -0.846769 -0.656619 -2.053985 -1.1706 -1.033786 -0.518168 -0.299868 -0.874488 -0.398808 0.778527 -1.290317
15.05216 -31.22609 24.12569 -1.502555 0.118998 -0.274361 -1.099884 0.050725 -1.380321 -0.344684 -1.004032 -0.747564 -0.530102 1.049394 1.400329
-8.947838 -31.22609 24.12569 -1.502465 -2.037357 -2.243766 -2.721093 -1.859411 -0.626888 -0.391228 0.003144 -1.288009 0.773775 -0.867245 0.235177
13.05216 -33.22609 24.12569 -0.981504 -2.26853 -0.130532 -2.632912 -0.013983 -2.500917 -0.370735 -1.582243 -0.010966 -1.043659 1.080022 -1.075933
11.05216 -33.22609 24.12569 -0.410361 -2.731003 -1.511179 -5.02312 -1.242981 -2.868735 -0.182508 -0.708947 -1.097808 -1.9124 0.034181 -1.759525
-2.947838 -35.22609 24.12569 -0.964191 1.081571 0.479023 0.435095 -1.622211 0.776377 -0.41014 -0.022059 -0.05957 0.368429 -0.303077 0.302204
-0.947838 -37.22609 24.12569 -2.378276 3.983571 0.512647 2.327168 -0.09856 0.161183 -0.738502 0.801536 0.466099 1.177714 -0.11635 0.559956
-2.947838 -37.22609 24.12569 -1.888424 2.973181 -0.148954 1.342963 -0.512912 0.607996 -0.722666 -0.442788 -0.596076 0.964756 -0.264597 0.168888
-4.947838 -37.22609 24.12569 -0.365683 1.803636 -0.148335 1.529076 -1.048751 1.827724 0.164347 0.135442 -0.274402 0.749687 0.526806 0.821634
-6.947838 -37.22609 24.12569 0.215697 0.155925 -0.53327 -0.275552 -0.848609 0.213285 0.154518 -1.074181 -0.822864 -0.283569 -0.118414 0.388347
15.05216 -27.22609 26.12569 -0.45147 -0.611069 1.592677 -0.2 -0.023348 1.685063 0.555729 -0.120649 -0.363349 -0.986493 -0.282562 0.770003
15.05216 -29.22609 26.12569 -0.562236 -0.258332 0.615534 -0.569991 1.109822 0.873134 0.188308 -0.910138 -0.802716 -0.808158 -0.184658 0.668184
13.05216 -29.22609 26.12569 0.521291 -1.783827 0.389968 -0.066969 1.054869 0.145163 -0.188476 -0.272534 -1.251514 -1.735383 1.008281 -0.862361
15.05216 -31.22609 26.12569 -0.06703 -0.40894 0.622634 -1.438509 0.901481 -1.364967 0.109207 -0.337438 0.122055 -0.937091 0.571307 0.040463
13.05216 -31.22609 26.12569 0.495138 -1.428036 0.775873 -1.622826 0.659552 -1.200221 -0.540927 0.552745 -0.41347 -0.399812 1.608829 -0.652087
13.05216 -33.22609 26.12569 -0.576096 -1.178874 0.089285 -1.245895 0.10398 -0.006585 0.180544 0.42074 0.244242 -0.106562 1.923347 -0.318435
15.05216 -27.22609 28.12569 -1.164002 1.249974 0.893493 0.68495 -1.817715 3.076611 -0.189757 0.387744 -0.866517 -0.356098 -0.923591 0.31298
15.05216 -29.22609 28.12569 0.031454 -0.070963 1.10551 -0.398338 -0.225131 2.062986 0.88954 0.208593 -0.988389 -0.910089 -0.816334 0.111598
13.05216 -29.22609 28.12569 0.121543 -2.485656 0.741954 -0.881922 -0.293779 0.429899 -0.059475 0.0042 -2.152727 -2.280216 -0.995891 -1.590577
15.05216 -31.22609 28.12569 -0.368605 -2.264705 0.813231 -1.512713 -0.103847 -0.392992 1.391684 -0.409826 0.027973 -1.965531 -0.147093 -1.041295
13.05216 -31.22609 28.12569 -0.537594 -3.107329 -0.232837 -1.509382 -1.067645 -1.651456 -0.30182 -0.392962 -0.68154 -1.951653 -0.680146 -1.612462
11.05216 -31.22609 28.12569 -0.305442 -2.23622 -1.421458 -2.146474 -3.375453 -1.116598 -1.335149 -1.149423 -1.100143 -2.730233 0.520669 -1.486443
15.05216 -29.22609 30.12569 1.466462 -4.291093 0.386051 -2.190266 0.171588 -0.599735 0.920219 -0.433584 0.128497 -1.09852 -0.089351 -0.846579
13.05216 -31.22609 30.12569 0.639642 -1.987128 -0.967003 -1.902702 -0.846914 -0.898138 -0.709945 -1.328357 -0.610446 -1.782218 -1.010723 -1.483163
