11.05216 -13.22609 4.125694 -2.151849 1.11224 -3.286722 -0.441459 0.961222 2.650162 -2.274468 0.77713 -0.573481 -0.611237 0.414777 1.436004
9.052162 -15.22609 4.125694 -2.26693 -1.026478 -0.476848 -3.332855 1.581606 0.957648 -0.890963 0.022206 -0.638156 -4.693971 3.348986 1.865726
7.052162 -15.22609 4.125694 -0.912027 -3.432384 -0.515432 -4.289325 -1.714666 -4.349708 -0.409445 -2.100862 -0.999138 -3.331324 2.094249 -0.855387
7.052162 -17.22609 4.125694 -0.615708 -2.526779 0.829336 -3.460333 -1.152148 -1.05919 -2.669594 -0.247185 -1.29064 -3.675715 -1.328063 0.040861
9.052162 -19.22609 4.125694 -0.066258 -4.01239 -2.90923 -2.914557 -0.7105 2.146176 -0.55007 -0.878547 -4.632391 -3.900262 2.221271 3.503471
-2.947838 -11.22609 6.125694 -2.019349 -0.827627 -3.45198 1.77798 -2.019501 1.568056 -0.877777 0.214613 -0.129616 2.313039 -0.968042 1.874276
11.05216 -13.22609 6.125694 -2.379887 0.297846 1.061793 3.099913 0.6882 3.186618 -2.221962 1.63899 3.772587 1.416485 -0.245039 2.936671
7.052162 -13.22609 6.125694 -6.217413 -0.543166 -3.088714 2.523916 -5.244945 -5.864812 1.736388 -1.088063 -4.311523 7.688524 -1.12429 -4.927885
5.052162 -13.22609 6.125694 -7.518102 3.210066 -7.17088 9.294816 -6.902844 -3.690563 3.443088 3.666425 -9.026384 17.30294 1.672977 -2.551119
11.05216 -15.22609 6.125694 0.212998 -0.724986 -0.931067 1.295238 2.430784 5.98503 2.182207 0.988604 -0.21834 -0.165481 2.304173 6.728257
7.052162 -15.22609 6.125694 -2.568123 2.118984 -4.860594 1.433641 -1.947379 -3.188931 2.682772 0.79331 -6.084468 2.499373 1.072878 -4.366838
5.052162 -15.22609 6.125694 -5.608371 6.34208 -10.18303 6.679883 -4.152517 -3.334334 5.208959 4.308818 -7.216909 12.53212 7.334348 -3.646709
11.05216 -17.22609 6.125694 -0.161142 -0.930531 -2.886498 1.618188 1.48951 2.547868 2.335181 -0.313262 -2.871975 0.70074 2.596105 3.620048
9.052162 -17.22609 6.125694 0.867 -2.227921 -2.790506 0.22865 0.349646 0.865382 0.908158 -0.751497 -5.185534 -0.913855 0.573889 0.642458
7.052162 -17.22609 6.125694 -0.610216 1.785184 -3.062027 0.394607 -2.228672 -0.448899 0.035831 1.309037 -5.121135 0.111301 -1.500932 -1.950458
5.052162 -17.22609 6.125694 -1.91724 5.392708 -6.060683 2.693515 -1.920039 0.527172 1.458759 3.23655 -3.128685 4.875841 4.373204 0.911142
11.05216 -19.22609 6.125694 0.418048 0.188617 -1.813024 0.762977 -0.461377 0.331058 2.333268 0.02837 -2.490497 0.951759 1.835512 0.370775
9.052162 -19.22609 6.125694 0.449683 -4.897032 -2.128617 -1.579498 -1.639991 -1.301672 0.645294 -1.832978 -4.542006 -0.835227 0.980678 -0.352172
7.052162 -19.22609 6.125694 -2.112304 -1.511315 -3.176293 -0.606949 -2.502673 1.363747 -1.779358 0.068555 -4.42337 0.243524 -1.591516 1.019127
5.052162 -19.22609 6.125694 -1.341361 0.850019 -1.314515 1.060705 -1.594821 2.397223 -1.558132 0.767386 -1.990158 2.511222 -0.681643 3.763373
11.05216 -21.22609 6.125694 2.267891 1.608126 -0.499513 -1.152747 -0.948363 2.009369 2.08704 1.75455 -1.573105 0.603622 1.755919 2.407261
9.052162 -21.22609 6.125694 -0.354392 -1.968359 -1.165536 -0.607833 -2.007334 0.651725 0.478133 0.069232 -1.318291 0.198273 -0.075054 0.514272
7.052162 -21.22609 6.125694 -0.596038 -1.893832 -1.525262 0.395386 -0.599907 1.362007 0.387074 -1.124707 -1.898722 1.365368 -1.036694 1.126839
5.052162 -21.22609 6.125694 -2.197081 -1.796345 -0.311779 -1.723742 -2.545734 -2.481715 -1.11558 -1.265309 0.312323 2.871738 -3.059315 -1.964925
1.052162 -11.22609 8.125694 0.388592 -1.701754 0.020941 -2.498908 3.940332 -4.065882 0.673293 0.591879 2.32863 -2.067852 3.214518 -5.555965
-0.947838 -11.22609 8.125694 -1.928405 1.771574 -2.633969 3.046248 0.417082 4.350426 -0.521568 -0.985137 -1.932444 -0.076614 0.399171 0.959137
-2.947838 -11.22609 8.125694 -1.853512 2.129833 -3.476665 0.06771 -1.069367 3.021002 -0.762814 1.165399 -1.371431 -2.374095 -0.407017 1.274458
9.052162 -13.22609 8.125694 1.282877 3.002286 3.499244 2.676685 2.532275 3.895268 1.490002 3.99177 3.823968 1.692544 0.792954 4.461593
7.052162 -13.22609 8.125694 -2.603991 3.821971 -0.975593 5.471362 -2.531921 2.305671 4.164418 2.08356 -1.97327 9.181778 3.985039 2.773918
5.052162 -13.22609 8.125694 -4.063406 2.677135 -3.846675 7.074371 -9.064555 4.100543 3.177203 -1.179042 -6.730756 13.75068 2.634281 6.4769
1.052162 -13.22609 8.125694 4.621549 -1.161049 3.361501 1.441119 2.476287 1.071406 1.366176 -2.387877 1.167225 0.664799 0.496862 -1.492117
-0.947838 -13.22609 8.125694 -1.621486 2.877406 -1.765684 3.44373 0.847687 1.575432 0.059652 1.42592 -1.666248 -0.346364 0.808491 0.750792
-2.947838 -13.22609 8.125694 -2.285848 2.094176 -5.769695 -0.461278 -2.373126 0.404441 0.303782 1.230676 -3.882873 -2.943301 -0.374178 0.582356
7.052162 -15.22609 8.125694 -1.586839 9.085331 -3.655264 6.883549 -2.135515 3.60879 5.515077 7.6549 -6.048877 10.22207 4.646916 2.847047
5.052162 -15.22609 8.125694 -12.83243 14.79486 -11.46159 9.498169 -8.4102 2.455978 1.968642 10.45154 -8.689362 17.3425 7.416545 4.9868
-0.947838 -15.22609 8.125694 -0.812738 -1.423286 -0.654533 1.158205 0.691336 -0.324522 -0.88323 -0.491828 -1.100719 -0.271756 1.337644 2.683198
-2.947838 -15.22609 8.125694 -4.923417 0.16629 -4.188863 -0.356298 -2.818275 -1.388096 -2.640014 0.96748 -2.369699 -1.328251 0.27521 1.600186
7.052162 -17.22609 8.125694 -1.558248 9.072991 -5.080895 4.281763 -2.661618 2.934908 3.037032 7.558228 -5.622487 5.609775 3.275778 3.050268
5.052162 -17.22609 8.125694 -6.079655 13.58047 -9.372867 4.208228 -2.627172 -0.850413 3.361828 11.0263 -2.381055 6.912602 7.072978 1.969707
5.052162 -19.22609 8.125694 1.835076 2.239564 -1.55117 -0.147808 1.823381 0.208484 1.92923 0.630794 2.359134 0.853904 0.518773 3.663104
11.05216 -21.22609 8.125694 1.486236 0.624143 -0.242283 -0.342511 -1.042086 0.732449 2.88553 3.475134 0.566423 1.946831 1.426963 1.700382
9.052162 -21.22609 8.125694 -0.765582 -3.053878 0.096773 0.621254 -1.354669 3.491554 0.036884 -1.082562 1.18273 1.582769 -1.029166 3.562654
7.052162 -21.22609 8.125694 0.919125 -2.860539 0.225159 2.817795 2.961171 2.912392 0.233962 -2.062272 -0.024647 3.561021 0.612956 2.278008
5.052162 -21.22609 8.125694 2.53793 -3.710702 0.718022 1.107228 1.296314 0.659488 1.068419 -5.086874 0.464067 5.435392 -2.509858 0.59197
11.05216 -23.22609 8.125694 3.068771 1.37596 0.202699 -0.317843 -0.118113 0.82126 4.02352 2.900423 -0.108922 1.921946 2.083642 3.736846
9.052162 -23.22609 8.125694 1.325018 -1.718803 -0.578152 1.549598 -0.47979 3.320112 3.554029 -2.489835 1.680353 2.1979 0.289496 3.953005
7.052162 -23.22609 8.125694 0.998616 2.618855 -0.881786 3.818359 -0.017244 2.46525 2.355096 0.385483 2.355447 2.841384 -0.946066 0.60629
5.052162 -23.22609 8.125694 -0.133008 2.235888 -1.37929 0.745315 0.817276 -1.350567 1.277608 2.404413 0.995818 3.014872 1.082175 -1.281979
9.052162 -25.22609 8.125694 0.087066 1.339821 -1.504012 1.489552 -1.149548 1.939407 2.065927 1.514193 -0.37185 3.690408 1.426383 2.585143
7.052162 -25.22609 8.125694 -0.65583 1.33541 -2.403233 1.898744 -2.325746 2.325522 1.113168 1.216329 -0.236135 1.38585 -1.022575 0.502706
5.052162 -25.22609 8.125694 -0.577189 1.261749 -1.764917 -0.756997 -0.36433 -0.31081 0.091462 3.167466 -1.220051 -0.00424 -0.086736 0.358034
1.052162 -11.22609 10.12569 -3.660809 3.368045 -2.948119 1.552797 -0.622924 0.297323 -0.742744 1.78129 -0.539308 0.387192 3.50524 -0.334041
9.052162 -13.22609 10.12569 -1.52809 1.690361 0.34555 1.881367 1.083727 1.814126 -0.330483 2.339213 1.472373 2.060502 1.441389 2.253738
3.052162 -13.22609 10.12569 -1.92454 5.191792 -2.532482 3.409535 -4.982899 3.70596 1.915085 2.396895 -1.907089 3.827423 2.502789 5.783008
1.052162 -13.22609 10.12569 -0.965513 -0.729301 0.136485 3.075071 -1.569657 3.751788 -0.714067 -0.394237 2.627083 3.1838 0.524579 4.669078
9.052162 -15.22609 10.12569 -0.096065 0.557265 1.152657 1.469842 0.57271 2.729961 1.712647 0.472046 1.491995 2.216749 0.206833 3.343375
7.052162 -15.22609 10.12569 -3.707026 5.78751 1.918042 4.698041 -4.722797 3.165791 1.583911 5.294756 3.393964 7.892262 1.823051 5.873087
1.052162 -15.22609 10.12569 -8.490233 9.676885 -4.293824 4.5541 -2.636494 3.72 -1.62395 7.981138 0.3835 6.469511 0.691859 8.571642
-0.947838 -15.22609 10.12569 -0.776263 -4.892933 0.460721 -0.639328 -0.088197 -0.800879 -0.506259 -1.825853 1.004857 -0.055934 -0.941617 2.786532
-2.947838 -15.22609 10.12569 -0.748677 0.890898 -0.243794 -1.080929 0.101301 0.173774 -0.625819 0.988298 -0.821834 -1.887197 0.896498 2.915332
-4.947838 -15.22609 10.12569 0.198817 -0.963653 1.357275 -0.796685 -0.798505 0.182527 -0.158467 -0.479846 0.699767 -1.971124 0.933596 2.070704
9.052162 -17.22609 10.12569 -0.221392 0.216416 1.577982 2.006492 -0.407686 1.782324 1.383769 -0.289082 1.161835 2.697187 0.85683 2.683443
7.052162 -17.22609 10.12569 -14.27142 18.17031 -4.235619 6.928717 -8.383956 5.123012 -1.801731 14.41128 2.710258 8.793773 1.837215 8.555861
5.052162 -17.22609 10.12569 -18.43467 21.63456 -7.659307 2.959267 -0.72367 -9.251242 -3.495035 23.13104 7.009529 5.82424 6.83378 -3.65585
1.052162 -17.22609 10.12569 -9.251938 11.95608 -5.817494 1.833187 2.966295 -3.660429 -0.826565 11.4748 1.523617 2.455161 2.717107 0.312236
-0.947838 -17.22609 10.12569 -1.068404 -4.868847 -0.616282 -1.040293 -1.341213 -0.6966 -0.019373 -3.302051 0.084194 0.386434 -0.06699 3.039929
-2.947838 -17.22609 10.12569 -1.869735 -0.315139 1.153906 0.042413 0.822805 -0.197641 -0.807288 -0.508067 1.615778 -0.949689 2.581386 1.126593
-4.947838 -17.22609 10.12569 -0.963103 -0.901164 1.690298 0.266899 -1.05751 1.235993 0.367057 -2.553737 1.935101 0.08833 1.88353 1.99295
7.052162 -19.22609 10.12569 -8.68283 14.22622 -5.021297 4.597566 -1.698928 3.520113 1.165654 10.91702 0.301297 5.784819 3.382471 4.812059
5.052162 -19.22609 10.12569 -5.231681 6.354815 -3.848944 -5.52948 5.800642 -10.52002 0.238201 11.06519 9.502764 -3.572779 3.119931 -7.352285
-4.947838 -19.22609 10.12569 -2.639954 0.583171 -1.493933 0.037506 -1.472174 0.85366 -0.103118 0.704392 0.77552 3.222695 0.599399 2.412519
-6.947838 -19.22609 10.12569 -0.661296 -0.262274 -0.978269 -0.733089 -0.895303 -1.623087 0.643636 -0.939684 0.169323 1.485253 -0.548818 -1.029574
11.05216 -21.22609 10.12569 -2.691583 3.780002 1.264319 2.463961 -2.685737 1.016692 -0.634622 5.062415 2.763001 5.214352 0.375086 2.800733
5.052162 -21.22609 10.12569 16.73468 -13.27804 7.880986 -4.949479 11.35554 -4.373674 7.766865 -11.41265 5.23314 -3.50457 0.213366 -8.136113
11.05216 -23.22609 10.12569 -1.078948 0.507211 1.751616 -0.074979 -0.922214 -0.332966 0.613256 2.289462 2.60152 3.30975 2.461279 3.104315
9.052162 -23.22609 10.12569 -0.539273 0.43745 -0.955262 2.252148 -1.402047 1.606775 1.157091 0.760968 1.029969 3.505347 0.622501 3.086594
5.052162 -23.22609 10.12569 4.950417 0.516774 5.092953 0.573445 0.864141 1.556619 4.600099 -0.119599 4.677969 3.179204 0.225698 0.537943
9.052162 -25.22609 10.12569 0.027908 -0.259576 -1.594706 0.668018 -1.117615 1.843103 1.728322 1.697405 -1.488335 3.339489 0.839056 3.295215
7.052162 -25.22609 10.12569 -0.264942 1.834848 -1.773773 0.671408 -4.407851 3.20491 0.677771 2.696437 0.467432 2.486419 -1.996032 1.013046
5.052162 -25.22609 10.12569 -0.547558 5.050237 1.28334 1.006348 -3.828175 4.397835 1.351756 6.100912 2.712132 4.591431 -1.651804 5.435137
7.052162 -27.22609 10.12569 1.537537 -2.496047 0.36445 -0.602729 -2.210751 0.496824 0.854592 1.466979 1.848978 0.838611 -0.533462 1.925042
5.052162 -27.22609 10.12569 1.701226 0.564795 3.232371 1.53902 -3.362971 4.07648 2.083944 1.990364 3.390458 3.646396 -1.976939 4.41906
1.052162 -11.22609 12.12569 -2.590097 2.537785 -0.950009 3.075223 0.195653 0.256089 -2.423 2.672372 -0.071815 2.895583 2.480854 1.254585
3.052162 -13.22609 12.12569 0.902822 -4.795507 0.477196 -1.662235 2.622976 -3.563241 2.174492 -4.930562 0.949202 -2.923804 3.288121 -2.999573
1.052162 -13.22609 12.12569 -3.258556 -1.14759 -1.696539 1.252476 0.205486 2.520344 -1.813419 -0.17456 0.292414 0.76316 1.671695 3.35339
9.052162 -15.22609 12.12569 1.868579 0.434755 0.290887 -0.588944 1.428321 5.703232 3.430686 -1.074121 1.674886 -1.78319 1.665514 4.141099
3.052162 -15.22609 12.12569 -6.712205 13.23289 -2.945126 2.28232 2.390736 2.220805 3.267845 7.484937 0.574533 2.120966 7.926729 5.504765
11.05216 -17.22609 12.12569 -0.755532 2.522011 -0.452067 0.894604 -0.323372 0.834542 -0.455828 2.081986 1.502136 1.201878 0.99355 2.947846
9.052162 -17.22609 12.12569 1.718075 0.701726 0.363563 0.921276 0.370978 4.735935 1.616498 -0.902994 0.623012 -0.53092 1.399645 5.21035
3.052162 -17.22609 12.12569 -12.65816 23.50226 -6.206398 3.234098 10.31168 -8.389239 -0.655255 20.74807 2.457081 -0.450645 8.088769 -9.642983
1.052162 -17.22609 12.12569 -5.953059 5.358845 -3.636728 0.03382 2.332741 -4.936894 1.041096 5.961 0.893948 -0.278786 2.745975 -2.379957
-0.947838 -17.22609 12.12569 -1.519263 -6.44416 -1.312273 -1.222004 -1.912203 -2.345643 0.342021 -4.544813 -0.357525 -0.108721 -2.135291 -0.232871
-2.947838 -17.22609 12.12569 -1.46389 -1.21049 0.688401 1.415603 -1.103732 -0.095965 -0.361967 -2.747875 0.609066 1.098788 -1.264839 -0.704357
-4.947838 -17.22609 12.12569 0.610046 0.47479 2.197147 0.57677 -0.506726 0.342145 0.863149 -0.482838 0.963808 0.916374 -0.737818 -0.448031
11.05216 -19.22609 12.12569 -0.439917 3.134563 1.728109 4.242447 -1.287667 0.629638 0.867101 2.934488 3.072923 4.96678 0.119494 3.214032
9.052162 -19.22609 12.12569 -0.938944 3.208921 0.238233 2.851901 -0.40308 2.695775 -0.534601 2.431354 1.104973 2.982545 1.909639 4.001177
7.052162 -19.22609 12.12569 -1.753853 8.829147 -1.05407 4.919777 -2.950805 4.077362 2.469244 4.430517 -3.115489 3.196481 0.247456 2.131814
3.052162 -19.22609 12.12569 8.985694 -12.86131 0.728789 -12.25607 16.96185 -17.512 1.967865 -1.588537 8.57778 -17.20629 4.174653 -26.54388
1.052162 -19.22609 12.12569 2.192239 -3.112316 -0.975895 -1.339688 5.526728 -5.359288 1.104745 0.557307 1.911811 -2.557124 1.538261 -8.28134
-0.947838 -19.22609 12.12569 -3.104759 -1.174405 -1.595169 -0.829902 -0.815498 -0.716161 -1.120082 -1.149982 -0.674948 1.388805 -0.089869 1.41284
-2.947838 -19.22609 12.12569 -1.375153 -2.851231 1.93731 -2.62587 1.280214 -1.122309 -1.190249 -1.998912 2.540135 -1.120171 0.518821 -0.86029
-4.947838 -19.22609 12.12569 -0.972608 1.903045 1.723431 -0.010525 0.314246 1.35047 -0.39136 1.809954 2.177202 1.92373 -0.008039 0.22542
-6.947838 -19.22609 12.12569 0.181525 1.124156 -0.539308 0.632583 -0.558969 1.579847 1.298839 0.582837 0.207635 2.678332 -0.176808 1.535656
7.052162 -21.22609 12.12569 13.80349 -3.806325 6.198646 0.633784 1.40083 5.837347 7.288456 -5.706453 -0.766476 2.911016 1.536884 3.680171
5.052162 -21.22609 12.12569 22.06362 -19.58959 9.702974 -8.794781 9.726508 -0.744034 8.800837 -16.17994 4.464734 -9.02092 0.002774 -7.250282
1.052162 -21.22609 12.12569 -0.02141 -5.36742 0.087723 -5.070402 1.244033 -1.212581 1.0305 -4.254717 3.594279 -5.88845 0.796813 -3.314727
-0.947838 -21.22609 12.12569 -2.609764 -0.082846 -2.031085 -1.142868 -1.578696 -1.384443 -0.862295 -1.088385 -1.107792 0.678592 -0.157284 0.328369
7.052162 -23.22609 12.12569 -6.383507 8.898188 -2.772328 3.436469 -13.1262 13.99075 5.986956 2.493687 2.214041 11.11991 -0.696642 20.65503
5.052162 -23.22609 12.12569 -6.652064 7.654143 -1.405975 1.930175 -12.0173 14.10003 5.874382 1.004176 1.569251 10.1723 -1.498797 20.9027
11.05216 -25.22609 12.12569 0.460655 -0.029513 1.460457 0.690671 0.721312 2.374888 4.220841 0.968793 3.325675 2.591841 2.367882 2.784583
9.052162 -25.22609 12.12569 0.840194 -0.715878 0.113809 0.723857 -0.236014 1.060699 3.225412 -0.658874 1.076728 2.325984 0.86711 1.384604
7.052162 -25.22609 12.12569 -8.443506 9.331861 -6.138855 4.603869 -14.03081 13.22116 4.075166 3.262825 -0.883642 11.24641 -0.395521 19.67149
5.052162 -25.22609 12.12569 -18.12418 18.90371 -8.289634 5.095185 -17.94347 12.00956 2.33329 12.95094 0.116204 14.92379 -0.80624 23.58175
9.052162 -27.22609 12.12569 2.503429 -0.748155 -0.278325 0.803665 -0.386313 0.1503 3.419089 0.717967 -0.000161 3.665843 0.849664 1.819663
7.052162 -27.22609 12.12569 1.088991 -1.216936 -1.329117 0.033744 -4.037783 2.580267 2.281482 -0.263917 0.480096 1.995135 0.642814 5.812219
5.052162 -27.22609 12.12569 -6.160998 4.616735 -2.071546 2.319254 -7.232762 2.404891 1.628359 4.72571 1.190581 5.205292 -0.626967 7.092909
7.052162 -29.22609 12.12569 3.627079 -1.070533 2.068694 0.561313 1.12711 1.919848 1.740553 -0.419588 2.380066 2.297596 1.639441 3.987323
1.052162 -13.22609 14.12569 -2.876762 1.397219 -2.323211 -0.584475 0.55942 -1.509937 -2.246565 1.844695 -1.323878 0.683117 2.309528 -0.729712
3.052162 -15.22609 14.12569 -1.868994 4.501091 -0.645085 -1.224297 2.898756 -2.037875 1.351874 2.964306 1.288482 1.395492 4.178834 0.593432
1.052162 -15.22609 14.12569 -3.539111 -0.572238 -3.610288 -2.823956 0.793851 -2.926947 -1.034659 0.737905 -1.602552 2.185757 3.909546 0.60658
13.05216 -17.22609 14.12569 -0.210953 1.598401 0.026122 0.67354 -0.372057 2.094154 1.152497 0.689618 0.316295 -0.269522 0.906793 2.558054
11.05216 -17.22609 14.12569 1.28736 3.376426 -1.480617 2.638342 -0.677131 3.255504 3.446715 2.765105 -0.791096 2.785379 1.222893 5.374552
3.052162 -17.22609 14.12569 -10.64579 11.95606 -2.888872 0.843764 8.838835 -5.98185 -3.580533 10.81178 3.170789 -1.988245 3.006156 -6.799606
13.05216 -19.22609 14.12569 -0.325289 2.411291 0.386706 2.625018 0.046926 3.237101 1.850707 2.909161 1.143421 2.600665 0.826801 5.36523
11.05216 -19.22609 14.12569 0.212253 3.959497 -0.18655 4.951721 -1.209156 2.06318 2.065027 4.771988 0.415523 6.61974 0.209459 5.08311
9.052162 -19.22609 14.12569 -0.936635 3.216824 -1.219436 3.540081 -1.530145 1.259039 -0.44115 2.548621 0.4258 4.551182 0.155391 2.262023
3.052162 -19.22609 14.12569 2.852882 -12.32658 1.642498 -10.04334 10.74485 -8.875114 -2.812178 -5.630346 7.81065 -15.34752 1.833082 -15.98397
1.052162 -19.22609 14.12569 1.704791 -4.462029 -0.647466 -0.571384 1.665873 -1.886389 1.190934 -1.260896 0.548743 -1.405788 0.408432 -4.347571
-0.947838 -19.22609 14.12569 -2.154541 -2.352891 -1.509248 -0.201684 -0.719098 -0.599852 -0.521238 -1.322668 -1.281276 1.348444 0.054813 0.038212
-2.947838 -19.22609 14.12569 -0.54384 -3.381458 2.165214 -3.045469 2.069058 -1.164973 -1.499437 -2.251967 2.090999 -2.236283 0.243516 -0.864776
-4.947838 -19.22609 14.12569 -0.771582 -0.876787 1.731787 -0.35031 1.006945 2.062932 -1.095894 -1.548887 1.511601 -0.422835 -1.117288 1.588273
9.052162 -21.22609 14.12569 -0.473756 1.405917 -0.290559 2.15187 -0.162907 0.683427 -0.218751 2.184048 0.722392 1.922035 -0.354244 -0.317417
7.052162 -21.22609 14.12569 3.253984 1.771081 1.890287 3.779421 -2.015702 5.32968 4.394085 -0.343426 0.658399 6.581563 1.265274 8.196117
1.052162 -21.22609 14.12569 2.983655 -4.556459 0.972352 -3.529272 0.040728 -1.13685 3.524585 -2.440005 2.111681 -4.299085 0.671027 -3.098052
-0.947838 -21.22609 14.12569 -0.503546 -1.248656 -1.782006 -0.763643 -0.930324 0.271722 2.167162 -1.19153 -2.346291 -0.552965 1.462927 0.527982
-2.947838 -21.22609 14.12569 0.965866 -2.860579 -0.939435 -2.090118 1.091375 -0.013187 2.484824 -0.259769 -1.217052 -1.373098 2.118422 0.352878
-4.947838 -21.22609 14.12569 0.176696 0.481566 -0.388167 0.664354 1.201114 2.701449 1.32898 0.877346 0.185899 1.521698 0.337562 2.247542
-6.947838 -21.22609 14.12569 0.748644 -0.775152 0.567 -0.059218 0.752096 3.773875 1.307848 0.113602 0.920469 2.374016 1.099235 5.512876
7.052162 -23.22609 14.12569 -16.99567 19.1174 -5.338481 10.05006 -13.98348 7.72022 4.04405 10.74242 -0.193217 16.80401 -0.183999 17.92613
5.052162 -23.22609 14.12569 -20.16316 21.14221 -6.204794 10.39781 -13.14621 9.448909 2.681566 10.05925 -0.143206 16.53223 0.381639 17.86275
-0.947838 -23.22609 14.12569 -0.975755 2.50381 -1.873604 2.622852 -0.481463 0.372095 2.140069 2.90232 -1.343913 3.149559 1.721769 -0.152429
7.052162 -25.22609 14.12569 -14.58719 13.42156 -7.254633 7.186347 -12.59594 5.601445 3.642141 6.070943 -3.700066 11.64057 0.726824 12.19812
5.052162 -25.22609 14.12569 -29.10653 28.75863 -13.82825 10.49278 -15.00848 2.586614 1.689194 19.26787 -3.381427 15.71068 3.691547 11.38795
9.052162 -27.22609 14.12569 0.030251 2.011188 -1.110911 1.062163 -0.842048 -0.698584 2.099386 1.152945 1.417237 2.69096 1.513636 0.786342
7.052162 -27.22609 14.12569 0.131572 0.231267 -2.68645 0.718026 -2.048096 1.550803 1.353665 -0.372781 -1.909969 1.275084 1.06829 1.993469
5.052162 -27.22609 14.12569 -10.45309 8.330147 -6.308166 2.364951 -3.11029 -3.073681 0.16236 6.303775 -1.674016 3.134703 3.370405 -0.818186
9.052162 -29.22609 14.12569 -0.202673 2.219921 0.196299 3.21468 0.659643 1.58648 1.00696 2.157344 1.940463 4.461638 2.19079 1.675129
7.052162 -29.22609 14.12569 2.972776 0.612353 -0.126175 1.263434 0.401796 1.980649 0.734093 -0.409851 0.593394 3.455128 0.666177 2.215215
13.05216 -17.22609 16.12569 0.536694 2.730169 -0.141821 1.583651 -0.777975 3.235828 2.041017 1.761127 0.128058 0.31671 1.537191 2.338004
11.05216 -17.22609 16.12569 -0.434902 2.91807 -1.231311 3.495778 -1.719859 4.451376 2.421289 1.89741 0.059465 3.622238 -0.005554 4.627069
3.052162 -17.22609 16.12569 -11.53787 10.57671 -1.053547 0.124595 11.9677 -6.635798 -5.770882 8.723849 6.473135 -5.850963 4.137699 -10.2509
13.05216 -19.22609 16.12569 0.104024 3.012432 0.49856 3.492366 -0.025373 3.988442 1.844057 3.177867 1.166273 3.853982 1.03633 5.114758
11.05216 -19.22609 16.12569 -0.480571 5.153772 -0.211205 4.695945 -0.970415 2.72438 2.433325 5.446739 0.998073 6.227956 -0.210497 5.030749
13.05216 -21.22609 16.12569 -1.344723 -0.146282 0.35304 2.8598 -0.096701 0.011701 -0.094129 1.157336 0.817275 3.446041 -0.666963 1.764383
11.05216 -21.22609 16.12569 -0.448711 1.350366 1.83239 3.416964 0.288124 2.511933 0.56756 1.576316 2.132886 3.37855 -0.700387 2.672239
9.052162 -21.22609 16.12569 0.318386 -0.801546 -0.219729 2.783705 0.208335 0.160963 0.770962 0.644913 -0.747685 2.138965 -0.838315 -0.683815
3.052162 -21.22609 16.12569 3.66142 -7.928577 2.894041 -6.370993 2.930416 -6.378142 0.939099 -3.175693 6.118217 -4.92712 2.73712 -6.949307
1.052162 -21.22609 16.12569 2.671727 -1.687324 -0.142016 -0.52468 -0.287957 -2.301222 2.686594 -0.765326 -1.455779 -0.244857 2.406845 -4.5179
-0.947838 -21.22609 16.12569 -1.804142 -0.631019 -2.355883 -0.263346 -0.766181 -2.611394 0.168183 -1.324088 -3.486526 -0.397988 1.985008 -2.969723
-2.947838 -21.22609 16.12569 1.203002 -1.150265 0.488262 -0.475172 -0.158458 -1.71434 1.861777 -1.46034 -0.188809 0.676625 0.034282 -1.612205
-4.947838 -21.22609 16.12569 0.208688 1.943186 1.315456 1.571996 1.007895 0.574181 0.96792 0.884795 1.387818 1.897784 -0.536324 0.061942
-6.947838 -21.22609 16.12569 -1.402669 -0.320536 0.641699 0.297724 1.206304 1.326072 -0.901421 0.600332 0.140143 0.11589 0.836383 1.909947
9.052162 -23.22609 16.12569 -1.159333 1.632131 0.712793 1.257941 0.73632 -2.221963 0.344054 2.474714 2.743081 2.329747 0.286211 -2.580383
7.052162 -23.22609 16.12569 -16.62821 18.74057 -4.890249 8.196447 -1.203918 -3.189885 -2.922058 15.59586 2.246389 10.02462 4.703897 1.031666
5.052162 -23.22609 16.12569 -20.38455 22.96586 -5.206067 10.45055 -1.06894 -4.635271 -3.062744 18.10086 2.949539 13.75559 6.810862 0.374623
3.052162 -23.22609 16.12569 -6.672792 4.974941 -1.156979 2.839001 -0.225063 -3.04051 -1.034688 4.468027 0.827883 4.095957 2.646214 -2.203116
1.052162 -23.22609 16.12569 -1.238862 0.554504 -0.207967 0.157852 -0.329006 -1.435084 0.851385 0.727938 0.77337 -0.109885 0.930053 -2.472503
-0.947838 -23.22609 16.12569 -1.317713 -0.284664 -1.72974 1.507714 -0.392576 -2.550349 0.612967 -0.374708 -0.178 2.779553 0.701139 -2.145149
-2.947838 -23.22609 16.12569 0.001497 2.175447 -1.940772 2.855273 1.243626 -2.03017 2.497395 2.228056 -0.764639 4.173863 2.27824 -0.459066
-4.947838 -23.22609 16.12569 0.33213 2.854691 -0.00548 0.697541 2.078102 0.356449 2.366518 3.775009 1.483824 1.452696 2.08082 2.16669
7.052162 -25.22609 16.12569 -9.493066 8.220038 -3.636069 3.43786 -2.198343 0.076838 -1.463964 5.638798 -0.714963 4.738948 2.611647 0.569264
5.052162 -25.22609 16.12569 -16.95571 20.63139 -6.314846 7.173859 -1.509368 -4.515824 -2.045146 15.94676 -0.295473 8.270079 6.76516 -3.628624
1.052162 -25.22609 16.12569 -3.89765 -0.739293 -0.811757 -0.385937 0.086712 -2.456796 -1.120595 -0.575861 1.370648 -0.65461 1.213464 -1.347514
7.052162 -27.22609 16.12569 0.957095 -2.042156 -1.279348 0.301872 -1.798743 0.814375 0.66981 -1.275433 -1.982254 1.828877 -0.427819 0.693446
5.052162 -27.22609 16.12569 -2.846276 5.969455 -2.93155 1.305873 0.465486 -2.775704 0.169775 4.923839 -0.937227 2.156576 3.496115 -3.017232
13.05216 -29.22609 16.12569 -1.147111 0.836812 -0.403008 1.579936 -0.278316 0.474566 0.975964 2.301612 0.592227 2.558727 1.040327 1.478073
7.052162 -29.22609 16.12569 2.172354 -0.214233 -0.527073 0.738784 -2.045128 0.595257 1.828062 1.119117 -1.067295 3.182374 -1.86897 2.49575
5.052162 -29.22609 16.12569 1.049807 4.600862 -2.004591 0.819978 1.678255 -0.075039 2.058852 3.512735 -1.3292 1.980701 1.481947 0.991899
13.05216 -31.22609 16.12569 0.316615 -0.013854 1.149311 1.338716 0.288105 1.188848 1.618922 0.698119 2.139547 2.979047 -0.027457 1.960037
11.05216 -31.22609 16.12569 -0.76122 -0.721708 -1.120151 2.073656 -0.473986 1.148672 1.209232 -0.656975 0.330525 4.803444 0.499596 2.416769
9.052162 -31.22609 16.12569 -0.366876 -0.967863 -1.849517 1.975496 -0.147616 -1.951233 0.952412 0.764001 -1.340817 4.60306 0.467979 0.862622
13.05216 -19.22609 18.12569 0.111084 0.101794 -0.386176 1.577577 0.826914 -0.370425 2.012413 0.6669 -0.274321 2.421566 2.074488 2.275726
11.05216 -19.22609 18.12569 0.062669 3.236935 1.117912 3.096871 0.832714 1.066264 3.27816 2.515522 1.513694 4.423705 1.344001 3.083871
13.05216 -21.22609 18.12569 -1.44837 0.497097 0.539458 2.926648 -1.226348 0.579254 0.380656 1.498106 1.630274 3.404753 -0.575039 1.398098
11.05216 -21.22609 18.12569 -0.842914 2.565719 1.741927 3.488414 0.249592 2.273076 1.835728 3.677868 3.150194 4.249048 1.283269 2.490716
9.052162 -21.22609 18.12569 -0.9718 3.397222 0.084332 3.079273 -0.175119 3.004365 1.85644 4.877836 1.634033 4.271893 1.839399 2.316594
3.052162 -21.22609 18.12569 -1.024883 -1.085875 -0.454858 0.006909 -0.542585 -2.662693 -1.612806 0.757985 1.020434 2.718801 3.192553 -1.865733
1.052162 -21.22609 18.12569 -0.054627 1.933598 -0.773799 2.777749 -1.410722 0.057518 0.529335 1.652484 -2.073967 3.743999 0.791155 -1.33017
-2.947838 -21.22609 18.12569 0.512481 1.232697 0.570751 -0.186013 -0.504343 0.438695 0.644467 -1.937123 -1.159611 0.954048 -1.2607 -0.029948
-4.947838 -21.22609 18.12569 1.754839 0.80387 2.415101 1.055925 0.658629 0.364808 2.223813 -1.530795 1.422088 1.397495 0.256475 0.122457
9.052162 -23.22609 18.12569 -1.724998 4.859148 0.310317 0.46508 -0.289508 0.914427 0.678246 5.471118 3.283543 1.287674 1.019098 -0.648492
7.052162 -23.22609 18.12569 -6.182437 11.42009 -1.504334 3.709075 3.134358 -0.410535 -1.551792 11.96749 4.614952 3.166744 5.298392 -0.987354
3.052162 -23.22609 18.12569 -3.912048 -0.289539 -0.621598 0.366327 -0.65927 -3.021065 -2.096293 0.743182 -1.258062 2.404911 2.855982 -3.449533
1.052162 -23.22609 18.12569 -1.291561 1.63307 -0.336281 0.789825 -1.775413 0.342457 -0.100308 1.222921 -0.349487 1.189643 -0.218922 -0.960971
-0.947838 -23.22609 18.12569 -0.930833 1.962118 -0.406445 1.02332 -1.333053 0.704089 -0.176711 0.097436 -0.25344 2.064502 -1.066664 0.85189
-2.947838 -23.22609 18.12569 0.050261 2.349944 -0.967076 0.943023 1.034918 -0.16513 0.345902 0.28041 -1.094812 1.739577 1.105699 0.345574
-4.947838 -23.22609 18.12569 0.684923 0.311082 0.28334 1.22351 2.074053 -0.090145 1.771993 -0.227276 0.745912 1.532109 1.738841 0.778701
-6.947838 -23.22609 18.12569 -0.346454 -1.313091 0.744108 0.209006 1.147 0.288802 0.286894 -1.72308 1.255507 0.659356 1.159969 1.168185
-8.947838 -23.22609 18.12569 -0.702879 0.566367 -0.0352 -0.878126 -0.761243 0.621055 -0.771709 0.053091 1.285593 -0.621055 0.485268 0.783184
7.052162 -25.22609 18.12569 -1.78856 3.769452 0.225902 0.97174 0.623954 3.057461 -1.290997 2.291975 1.073618 0.946793 2.785751 1.212677
5.052162 -25.22609 18.12569 -0.884495 5.443805 1.289429 1.494324 2.858351 -0.384862 0.84562 5.480556 2.210105 1.160431 4.704347 -1.643307
3.052162 -25.22609 18.12569 -1.057948 -0.864209 0.90569 -1.74537 0.729717 -3.644263 0.796446 0.002954 0.919243 -0.462415 2.039417 -3.438963
1.052162 -25.22609 18.12569 -2.707525 -0.231238 -1.356501 -0.550201 -1.539548 -0.607379 -0.47126 -0.540868 -0.000338 -0.674772 -0.385931 -0.045088
-0.947838 -25.22609 18.12569 -1.331444 1.795758 -1.307849 1.147234 -1.764434 0.650276 0.278694 0.56019 0.211635 1.155397 -0.589464 1.765043
-2.947838 -25.22609 18.12569 -0.50797 1.139519 -0.50741 0.124555 1.009548 -1.605911 0.626198 1.197592 -0.182754 1.739499 2.572123 0.230244
-4.947838 -25.22609 18.12569 -1.556432 0.497623 -1.553627 1.923358 0.936371 -1.104287 0.677795 1.139888 -0.690375 3.103388 3.1015 0.807849
-6.947838 -25.22609 18.12569 -2.454815 0.18958 -2.283687 2.733242 -1.133035 -0.01169 -0.351025 0.164707 -0.351925 3.563277 1.644925 1.250131
-8.947838 -25.22609 18.12569 -1.521621 1.010264 0.156056 1.008626 -0.881859 -0.379982 -0.361167 1.789503 1.701267 2.762388 0.888269 0.987493
-10.94784 -25.22609 18.12569 -0.33294 0.78568 1.210367 1.310462 0.085701 -1.086614 0.924766 1.45423 1.91841 2.127188 0.195111 -0.777523
11.05216 -27.22609 18.12569 -2.141926 2.632051 0.069432 2.845875 -1.84104 1.590554 -1.014499 2.244541 1.395979 1.412221 -0.814304 0.752939
9.052162 -27.22609 18.12569 -2.099414 1.794277 0.307424 1.604385 -1.488542 1.123051 -1.048851 0.565687 0.559127 2.388601 -0.335234 0.516695
7.052162 -27.22609 18.12569 -0.012492 -1.817738 0.46769 0.010365 -1.70208 2.121737 -0.021407 -2.560717 -0.811191 2.305424 0.757523 2.093004
5.052162 -27.22609 18.12569 -0.940619 0.856314 -0.116154 -0.508948 0.35259 0.304497 0.467415 1.278272 -0.109693 -0.252132 1.830184 0.452569
1.052162 -27.22609 18.12569 -2.098569 0.067033 -0.335392 0.448847 -0.179131 -1.101173 0.121926 1.921225 0.636874 1.771106 0.29708 1.588004
-0.947838 -27.22609 18.12569 -1.495977 -0.340913 -0.066463 -0.169734 -0.655805 -0.542886 0.730579 1.351613 0.11628 1.705706 1.223823 2.703395
-10.94784 -27.22609 18.12569 -1.703942 0.008251 -0.045432 0.277827 -0.811826 -0.295488 -0.199562 2.05329 1.35062 2.787068 -0.181823 2.137468
11.05216 -29.22609 18.12569 -2.967994 3.095289 -1.624318 2.265864 -2.711042 -0.17255 -0.66158 3.832138 0.337465 2.069285 -1.372541 -0.396514
9.052162 -29.22609 18.12569 -1.019382 0.809685 0.964795 1.38178 -1.446734 -0.679156 -0.418289 1.498384 0.964403 3.335861 -1.359032 0.053864
7.052162 -29.22609 18.12569 1.24253 -2.18244 0.760365 0.198343 -0.753873 1.354707 1.99259 -1.469499 0.441594 2.743225 0.033327 2.523554
5.052162 -29.22609 18.12569 -2.074661 1.461853 -2.098507 -0.2061 2.191312 0.208059 0.834455 1.964503 -0.209942 0.063835 1.601591 1.168512
13.05216 -31.22609 18.12569 0.375036 0.660204 0.527345 0.377695 -0.60222 0.527639 2.089591 2.7363 2.312547 1.916924 -0.851244 1.70209
11.05216 -31.22609 18.12569 -1.695181 -0.061588 -1.616647 0.35486 -1.581031 -0.008976 1.594039 0.838462 1.359413 3.05206 -0.388468 1.342072
9.052162 -31.22609 18.12569 -1.11137 0.19235 -1.376663 0.572302 -0.580333 -0.829959 0.887741 2.018413 0.896219 3.660258 0.113285 0.342816
15.05216 -19.22609 20.12569 -1.517637 0.802568 -1.183872 1.229362 0.04433 -1.669627 -0.596615 1.320269 -0.165631 3.029534 1.568452 0.01613
13.05216 -19.22609 20.12569 -1.277306 -1.136025 -1.209921 1.400724 0.470168 -0.764134 0.382739 0.46562 -1.399608 3.750385 1.367586 0.725837
15.05216 -21.22609 20.12569 -1.879878 0.922794 -0.315544 1.157721 -0.175507 0.046856 0.156822 2.418927 0.490363 1.85838 1.811966 0.20675
13.05216 -21.22609 20.12569 -1.795743 0.269752 -0.879721 2.50276 -1.080606 0.746632 1.374038 2.529787 0.415308 4.261045 0.842512 1.91991
11.05216 -21.22609 20.12569 -1.999039 2.144078 -0.821334 3.166144 -0.259832 1.515354 1.460392 4.374526 0.75952 5.990916 0.769507 3.198257
9.052162 -21.22609 20.12569 -0.143149 3.529979 0.195399 3.533071 0.643466 3.442775 4.154552 5.481982 2.471785 6.888697 1.782001 4.877272
1.052162 -21.22609 20.12569 -0.240095 3.840263 -0.891618 2.542875 0.63251 1.65402 -0.292176 3.881738 -0.755689 2.098343 0.324523 0.558831
11.05216 -23.22609 20.12569 0.216696 2.577543 -0.133344 -1.246321 -0.197949 0.093709 1.727802 4.174312 1.220952 1.047364 -0.767841 2.218596
9.052162 -23.22609 20.12569 0.305448 2.525399 0.795497 -1.532019 -0.465005 0.058105 2.560576 3.673495 2.000157 0.626368 0.266294 0.702276
7.052162 -23.22609 20.12569 0.233871 1.330845 0.055789 1.726198 0.212043 2.601021 2.638562 3.263825 3.282989 4.074887 1.845306 2.953312
3.052162 -23.22609 20.12569 -1.895481 0.945877 -0.734257 0.714536 -0.149815 -1.391279 -1.690271 1.365307 -0.157781 1.145824 0.106033 -1.894668
7.052162 -25.22609 20.12569 -0.273356 1.748418 0.217547 2.652008 -1.404162 3.724657 -0.627137 1.404388 0.60795 4.033323 0.370701 2.861434
5.052162 -25.22609 20.12569 0.300332 3.585185 0.184454 4.020109 -1.108192 4.758151 1.365053 3.147202 0.921572 4.815777 -0.104494 4.16625
3.052162 -25.22609 20.12569 -0.873525 0.02049 1.564319 -0.640503 -1.482376 -0.111772 -0.149956 0.319869 1.171988 0.694796 -1.202152 0.384236
1.052162 -25.22609 20.12569 -1.998651 -1.391248 -0.280458 -0.187527 -2.842244 -0.269633 -1.032966 -2.381138 -0.614283 1.411442 -2.170633 0.466934
-0.947838 -25.22609 20.12569 -1.56395 0.07669 -1.439428 0.717613 -2.648085 -0.176406 -0.778999 -1.17813 -0.856614 2.12051 -1.784626 0.650272
-2.947838 -25.22609 20.12569 -0.330788 1.407719 0.641089 -0.181226 -1.070438 -1.277299 -0.509316 2.096402 0.302086 2.079986 -0.861644 -0.085622
-4.947838 -25.22609 20.12569 0.218408 0.578675 1.606544 0.249883 -0.355377 -0.902943 -0.295014 1.564624 1.606463 3.014622 0.304721 1.779776
-6.947838 -25.22609 20.12569 -1.336435 -0.142091 0.252351 -0.804711 -0.946743 -1.656122 -0.970197 -0.021888 2.285541 1.473269 0.062944 1.486984
-8.947838 -25.22609 20.12569 -1.603664 0.616617 -0.335882 0.163743 -0.784716 -2.490491 -0.899563 1.109576 0.565182 1.700875 0.26051 -0.733406
-10.94784 -25.22609 20.12569 -0.279751 -0.531276 0.041174 1.179778 0.585513 -2.74616 0.641961 0.097659 0.110386 2.046773 1.311487 -2.05931
11.05216 -27.22609 20.12569 -0.641913 -1.207898 1.017993 1.358858 -1.576616 0.271308 0.004284 -1.043294 1.558098 1.974889 -1.509912 0.722828
9.052162 -27.22609 20.12569 -0.125695 -1.144761 1.82367 -0.109747 -0.820999 -0.411042 -0.276538 -1.242038 1.235138 1.247254 -0.92711 -0.78354
7.052162 -27.22609 20.12569 -1.941379 1.363742 -0.332587 2.381569 -1.915011 1.377851 -1.668849 0.27182 -0.644027 4.042111 0.009575 0.580536
1.052162 -27.22609 20.12569 -5.357067 -3.634386 -2.145445 -1.842033 -4.18478 -3.493018 -0.958961 -0.551257 0.883132 3.093292 -1.260887 0.970715
-0.947838 -27.22609 20.12569 -3.512398 -3.424654 -1.974339 -2.361851 -2.570173 -2.609221 -0.540298 -0.828649 -0.500153 2.727931 0.924812 1.096999
-2.947838 -27.22609 20.12569 -1.109243 -1.687718 0.845714 -0.790663 -1.158605 -2.275649 -1.040595 1.327246 0.434234 4.904386 0.349389 0.831208
-4.947838 -27.22609 20.12569 -1.352436 0.311758 0.38474 2.023826 -1.059828 -1.281264 -1.001105 2.512573 1.278406 7.070822 0.489593 2.736757
-6.947838 -27.22609 20.12569 -2.979636 0.393213 -1.373097 0.865105 -2.248463 -2.267545 -0.760173 1.21409 1.291579 3.52256 -0.357212 0.665161
-8.947838 -27.22609 20.12569 -2.057101 0.164473 -0.123381 -0.85333 -1.495564 -2.981411 -0.788394 0.871918 0.812528 1.271998 -0.922853 -1.333909
-10.94784 -27.22609 20.12569 -1.198831 -0.906538 -0.433655 -0.602608 -0.692229 -2.094673 -0.954998 0.249403 0.427687 1.403108 -0.225623 -0.300167
11.05216 -29.22609 20.12569 -1.682147 -0.316387 0.013216 2.313748 -2.134208 -0.91373 -0.3282 0.87769 0.646542 3.029017 -0.621849 -1.001353
9.052162 -29.22609 20.12569 -0.654759 -1.671364 2.520598 1.954364 -0.797073 -1.315763 -0.176444 -1.634311 2.05586 3.771546 -0.37585 -1.870109
9.052162 -31.22609 20.12569 -1.595146 -1.142374 0.401023 1.476966 -0.885636 0.262768 -1.052497 0.233291 1.397966 3.421707 0.096849 -0.129244
15.05216 -19.22609 22.12569 0.438514 2.15287 0.894842 1.889218 1.423023 0.495959 -0.600239 2.996922 0.642004 2.500424 1.736022 0.908784
15.05216 -21.22609 22.12569 -0.238688 0.752495 0.452028 -0.758627 1.486748 -0.864307 0.249667 3.294379 1.386851 0.926477 2.704281 -0.631297
13.05216 -21.22609 22.12569 -0.178085 -0.529253 -0.445811 -0.155593 0.903014 -2.220237 0.784119 3.49828 1.499797 2.460413 2.493792 -1.222468
11.05216 -21.22609 22.12569 -0.841285 0.369473 -0.832337 1.071691 1.220146 -1.032987 -0.145377 2.932547 0.787983 3.7772 0.80775 0.432693
-2.947838 -21.22609 22.12569 1.689458 1.790137 -0.254817 -0.127034 0.942801 -0.47231 2.17474 2.253009 -0.293567 0.094342 0.304308 0.614565
-4.947838 -21.22609 22.12569 0.125688 -0.715874 0.3309 -1.143815 0.467617 -1.221773 -0.229623 -1.616831 -0.037905 -0.879922 0.25358 -0.27558
-6.947838 -21.22609 22.12569 -1.05913 -0.104385 -0.33844 -0.27197 -0.700743 -3.051113 -0.990082 0.502811 -0.110544 0.51507 0.328459 -2.131956
-8.947838 -21.22609 22.12569 0.179063 0.821015 -0.208265 1.494063 -0.132333 -1.995404 0.398638 2.288363 0.979364 1.637927 1.434303 -0.79785
13.05216 -23.22609 22.12569 0.715561 -0.426412 1.093382 0.438023 0.26513 1.015968 0.927267 1.187573 2.107054 2.12705 0.669971 1.983696
3.052162 -23.22609 22.12569 -2.319889 1.03841 0.719035 0.963525 -1.782562 0.08924 -2.562499 1.275046 2.703207 1.676942 -1.895248 -0.835251
1.052162 -23.22609 22.12569 -0.519636 0.592072 0.198431 1.005558 -1.169141 -1.076954 -1.042477 -0.303099 -0.12344 1.136251 -1.457052 -0.732387
-0.947838 -23.22609 22.12569 0.375695 1.786115 0.055966 0.295616 -0.144329 -0.328493 0.286059 1.049113 -1.108149 -0.279875 -0.772182 0.430658
-2.947838 -23.22609 22.12569 0.932905 -0.461932 0.710178 -2.004509 -0.145209 -1.030965 0.331569 -0.62101 -0.412043 -1.855918 -1.877058 -0.611631
-4.947838 -23.22609 22.12569 0.69754 -1.69088 2.037432 -1.242929 -1.291578 -2.351312 -0.128833 -1.956318 1.331541 0.047738 -2.64938 -1.221822
-6.947838 -23.22609 22.12569 -1.745829 1.073168 0.502387 -0.673034 -1.536936 -2.500247 -0.678182 1.967046 1.64273 0.637002 -1.580047 -0.636771
-8.947838 -23.22609 22.12569 -1.896111 0.104928 -1.855814 0.08525 -0.793808 -1.859539 -0.907358 1.296721 0.478106 1.481081 -0.665361 0.429653
-10.94784 -23.22609 22.12569 0.478068 -2.076074 -0.11671 0.238639 0.728163 -1.397773 0.839302 -1.52421 1.792632 1.315509 1.082778 0.598201
3.052162 -25.22609 22.12569 -1.70285 0.333101 1.095565 -0.834208 -2.925479 -0.936874 -1.004155 1.01947 2.402838 1.44515 -1.76087 0.625975
1.052162 -25.22609 22.12569 -0.85346 -2.700173 0.888795 -0.885509 -2.039639 -3.434453 -1.443955 -1.963221 0.353703 1.694756 -1.195301 -0.713368
-0.947838 -25.22609 22.12569 -0.908727 -2.334521 -0.555928 -0.402685 -1.315154 -2.814404 -1.228444 -1.356015 -0.255104 2.524927 -0.725415 -0.941681
-2.947838 -25.22609 22.12569 -1.614949 -0.878257 -0.661877 -2.000083 -1.29843 -2.232157 -2.301633 -0.078187 -0.28828 1.388708 -1.650175 -0.599699
-4.947838 -25.22609 22.12569 -0.766943 -0.224853 0.662565 -2.606782 -1.318731 -3.073743 -1.271555 0.70855 1.171936 0.788073 -1.73454 0.145694
-6.947838 -25.22609 22.12569 -1.67568 -0.246173 0.496634 -3.043906 -1.493244 -3.552228 -0.398178 1.313357 2.695331 -0.59486 -1.404013 0.007382
-8.947838 -25.22609 22.12569 -2.783453 -0.963567 -0.935765 -1.582702 -1.825111 -3.286524 -1.893056 0.461706 1.434343 0.79073 -1.215801 -0.769149
-10.94784 -25.22609 22.12569 -0.513548 -3.784611 -0.727363 -2.31361 -0.862995 -3.449119 -0.259849 -2.936812 0.747961 0.135794 -0.039018 -1.620875
-2.947838 -27.22609 22.12569 -1.843554 -2.522124 0.025656 -0.054633 -1.053979 -3.659462 -2.037938 -0.966119 0.335681 5.263929 0.08651 -0.740747
-4.947838 -27.22609 22.12569 -0.416886 -1.505849 0.494416 0.409388 -0.531334 -3.290498 -0.822926 0.126816 1.153389 4.770196 -0.061669 0.968001
-6.947838 -27.22609 22.12569 -0.595021 -0.431559 0.090678 -1.449502 -1.307493 -3.691554 0.786513 0.384188 1.997952 0.617142 -0.534446 -0.672849
-8.947838 -27.22609 22.12569 -0.901781 -0.313562 0.833225 -2.544194 -1.625918 -4.436277 -0.350827 0.302952 1.800713 -0.457871 -0.709331 -2.285861
-10.94784 -27.22609 22.12569 -1.087501 -2.379438 -0.846945 -3.119718 -1.360238 -4.042387 -1.076388 -0.635035 0.065766 -0.270677 -0.943998 -2.061994
15.05216 -19.22609 24.12569 0.865532 1.091644 0.324591 1.482551 0.358464 -0.030109 0.982008 1.642787 0.939976 2.792053 0.332664 0.420958
15.05216 -21.22609 24.12569 -0.442059 0.584903 -0.968952 -0.980138 1.106529 -0.854705 0.207702 1.971221 1.05956 0.953495 1.647484 -0.981568
-2.947838 -21.22609 24.12569 0.478844 -0.347919 -1.638796 -0.647395 0.569343 -1.490684 0.539491 -0.456431 -1.124827 -0.527627 0.084021 -1.125291
-4.947838 -21.22609 24.12569 -1.702038 -0.574617 -1.767753 0.596058 -0.395124 -0.855537 -1.497145 -0.576759 -0.663679 0.409793 0.354277 -1.640839
-6.947838 -21.22609 24.12569 -0.167102 -0.98536 -0.220876 0.781113 0.894547 -0.816613 -0.811784 -0.548322 0.343087 0.430084 1.633032 -0.171098
-8.947838 -21.22609 24.12569 0.440894 0.146403 1.68649 -0.778412 1.162426 -0.430003 -0.816713 0.360612 1.668095 -0.87012 1.973126 0.989542
-4.947838 -23.22609 24.12569 0.607397 -1.802072 0.118441 -1.877383 -0.51606 -1.902364 0.287447 -1.390403 -0.166932 -0.887622 -0.427401 -0.592531
-8.947838 -23.22609 24.12569 -0.945828 -0.860323 1.341296 -1.482751 0.271338 -1.298602 -1.474823 -0.533339 1.844182 0.003111 0.02412 1.029075
-4.947838 -25.22609 24.12569 0.094905 -2.310223 -0.935385 -4.356116 -1.170927 -4.36175 -1.075197 -1.525009 -0.428491 -2.122633 -1.599754 -1.991121
-6.947838 -25.22609 24.12569 -0.347342 -2.869513 0.605498 -3.832807 -1.404339 -5.063771 -0.101493 -1.26791 1.427929 -1.96345 -2.175353 -2.225722
-8.947838 -25.22609 24.12569 -1.770528 -1.36468 0.142929 -1.373137 -1.15481 -2.096322 -1.46451 -0.396211 1.058026 0.544047 -2.090595 -0.882306
-2.947838 -27.22609 24.12569 0.215143 -2.988719 -0.993491 -1.660845 -0.25892 -1.909123 0.204879 -2.450458 -1.118692 -0.254589 -0.201809 -0.670408
15.05216 -19.22609 26.12569 0.415276 -0.391705 -1.478276 0.839556 -0.333362 -0.908959 1.316145 -0.134668 -0.652667 2.157884 0.782497 -0.004801
15.05216 -21.22609 26.12569 0.016581 -0.129282 -1.497841 0.027852 0.775716 0.90176 -0.697696 0.576966 -1.094415 0.666494 1.440103 0.926546
-8.947838 -21.22609 26.12569 -0.782661 -0.03988 1.214504 -1.517955 -0.830907 0.309096 -1.116779 0.526294 0.98497 -1.117587 -0.482174 0.634205
