-2.916229 -13.8252 -8.500755 -4.95329 0.420814 -5.093533 2.168609 -3.896094 -4.227091 -2.114394 2.411538 -3.004786 4.564205 -0.066824 -0.563766
-4.916229 -13.8252 -8.500755 -1.027914 -1.465555 -5.386405 -0.40061 -0.490814 -6.864525 3.377418 2.127113 -7.395142 1.20217 -0.1251 -4.735814
7.083771 -17.8252 -8.500755 2.04728 -2.053784 0.983984 0.47735 1.291171 0.008122 3.504273 -1.147264 5.972017 4.823046 4.040942 3.809713
5.083771 -17.8252 -8.500755 3.690437 -5.507942 -0.309986 -1.64717 1.213851 -6.067737 2.659816 -4.275497 1.406694 2.365195 2.313195 -2.862545
5.083771 -19.8252 -8.500755 0.134804 -4.558966 4.153326 0.912196 2.565026 -5.21506 2.723346 -0.828767 7.112372 4.58978 5.874933 -1.435759
3.083771 -19.8252 -8.500755 -3.228482 -5.408556 5.366267 -0.659503 -1.258986 -6.770555 -3.851338 -0.319286 9.091343 2.157557 -1.581361 -3.28119
-2.916229 -11.8252 -6.500755 4.917957 -0.416304 -0.816714 0.721504 -0.621465 -3.116214 6.158419 5.115586 -1.711989 4.08701 -0.331166 -3.603368
-2.916229 -13.8252 -6.500755 3.480195 -2.538737 2.430804 -0.181229 -2.129819 1.806483 6.918905 2.28375 1.347483 3.87642 -1.108341 2.837241
-4.916229 -13.8252 -6.500755 1.533428 -5.650541 -3.370592 -1.160376 -1.118151 -4.233209 4.528192 -3.525512 -4.216416 1.874929 1.214243 -1.963261
-6.916229 -13.8252 -6.500755 -2.68275 -3.67352 -9.078517 0.666728 1.055625 0.327141 1.504599 -1.041653 -4.371645 2.482808 7.453871 2.066531
-8.916229 -13.8252 -6.500755 0.051745 -3.381044 -7.297821 -0.143885 1.353244 -6.887454 1.537672 1.495307 -0.916505 4.702376 4.801257 -5.043188
9.083771 -15.8252 -6.500755 0.337863 3.201982 -2.927182 0.034505 -1.699065 7.036137 0.187161 2.895403 2.694767 2.357942 2.349344 5.368238
-2.916229 -15.8252 -6.500755 3.018781 -5.265732 3.735318 -3.244905 -1.559331 -0.564844 5.611942 -0.601312 2.751918 0.762833 0.023428 4.887117
-4.916229 -15.8252 -6.500755 2.948573 -9.687941 -1.637978 -7.847035 1.576607 -4.9567 6.808237 -5.8029 1.99323 -4.769095 6.716002 -0.767013
-6.916229 -15.8252 -6.500755 4.42748 -9.937194 -1.074522 -4.756321 2.556381 -5.303079 7.129813 -5.494347 5.156281 -0.950082 8.332141 -1.072195
-8.916229 -15.8252 -6.500755 1.937033 -6.699882 -3.869907 -2.435975 -2.628693 -6.303777 4.543127 -0.593825 4.394837 2.513685 0.599699 -2.350456
9.083771 -17.8252 -6.500755 0.542322 1.782956 -6.452989 4.784292 -3.415975 6.752186 4.346939 -1.410557 -3.001441 4.236778 2.755628 4.899531
3.083771 -17.8252 -6.500755 0.16659 -1.117054 -1.682835 -1.375332 -1.67211 -5.095891 0.133735 -0.22083 -0.637721 -0.419378 -4.374825 -4.785765
1.083771 -17.8252 -6.500755 -3.57456 -0.164132 -0.884981 -3.264905 -2.854039 -0.97719 0.74637 2.599499 0.579684 -0.291221 -3.461918 0.05613
-4.916229 -17.8252 -6.500755 1.978051 -8.469443 1.208039 -8.364532 -0.628358 -10.34097 4.293912 -5.499681 5.869874 -4.592704 4.38408 -4.684207
9.083771 -19.8252 -6.500755 -0.547556 3.52416 -6.971876 3.258175 -3.121039 -0.716719 5.56915 5.488938 -1.847756 3.86437 3.556414 -2.558568
7.083771 -19.8252 -6.500755 -0.151696 1.725612 -3.387592 2.493698 -1.421428 0.196387 1.342601 2.22878 0.682092 3.423424 3.361186 0.651236
3.083771 -19.8252 -6.500755 -2.931692 -2.729632 0.290722 1.026219 -3.051116 -3.135656 -2.904372 -0.318948 2.572771 2.864706 -3.507622 -3.646399
1.083771 -19.8252 -6.500755 -7.903564 -1.295183 -2.495076 -3.601831 -5.193592 1.026479 -3.572281 2.498075 -0.308059 2.146864 -3.676228 1.337849
9.083771 -21.8252 -6.500755 1.585822 -2.403778 -1.854642 -0.403216 -0.405135 -5.352427 6.294194 2.590523 4.553673 2.305992 -1.151363 -0.902131
7.083771 -21.8252 -6.500755 1.806192 -2.246903 2.09831 1.313183 -0.655711 -5.0222 1.186134 -0.434143 8.371453 2.844433 0.29235 -0.561275
5.083771 -21.8252 -6.500755 -4.556467 -2.736614 -1.215274 1.477903 -3.418607 -6.850069 -5.393497 0.36995 3.381328 1.630505 -0.900212 -4.128067
3.083771 -21.8252 -6.500755 -3.762788 -2.869628 -2.045354 3.308484 -2.405505 -1.584949 -3.540745 -0.161631 -0.183022 5.857909 -0.322584 -0.584395
1.083771 -21.8252 -6.500755 -3.361857 -3.967052 -2.355751 2.222884 -1.086702 0.993815 0.897997 1.048632 0.360817 7.647675 2.262252 4.628068
9.083771 -23.8252 -6.500755 1.687775 -5.121517 3.596796 -0.357278 1.155207 -9.070182 2.32065 -1.559857 7.760184 3.41116 -1.286112 -2.786462
5.083771 -23.8252 -6.500755 -2.887346 -6.569031 -1.025002 -3.222437 -4.287974 -12.62698 -2.01528 -4.425957 3.36097 -2.630024 -3.67962 -9.356459
3.083771 -23.8252 -6.500755 -3.514826 -3.91136 -1.780093 -1.443486 -1.825178 -5.736178 -2.122373 -2.003465 -0.474821 3.028309 -0.236495 -2.297263
-2.916229 -13.8252 -4.500755 2.305979 -2.738563 -3.249678 5.061924 6.101742 0.904055 2.653202 -1.563791 -2.283257 5.383909 2.891983 1.637928
-4.916229 -13.8252 -4.500755 3.350131 -3.245283 -3.507998 3.656603 2.393755 -1.035706 4.594335 -2.541592 -2.849191 5.716407 0.522549 -0.027511
-0.916229 -15.8252 -4.500755 0.201962 -2.410326 -1.358209 3.818775 1.030508 0.902178 2.658805 -8.878163 -2.398182 3.223614 0.780662 3.865456
-2.916229 -15.8252 -4.500755 2.424311 -2.064453 1.780094 3.970264 4.406707 2.448701 3.015419 -3.36265 0.573694 2.638418 1.835697 5.933912
-6.916229 -15.8252 -4.500755 2.512031 -6.573221 -0.086316 4.724547 1.34601 -2.915575 2.682055 -7.291639 5.406122 6.15634 5.705293 -2.99497
-8.916229 -15.8252 -4.500755 0.574321 -2.686006 -2.794682 4.162678 -3.288893 -9.570993 -0.050609 -1.166439 -0.361221 8.278312 1.120093 -4.963479
5.083771 -17.8252 -4.500755 -3.251055 1.895889 -2.866978 -0.688081 -0.367588 -3.874615 -4.741494 -1.108548 -1.285593 0.354521 2.681941 -2.922758
3.083771 -17.8252 -4.500755 -0.999677 6.463744 -2.731171 2.542116 -1.404777 0.17886 1.285617 4.28007 -2.792623 3.345299 -0.869776 1.712618
-2.916229 -17.8252 -4.500755 -0.203702 -3.069649 -0.448352 2.461446 2.2442 -2.691764 0.651566 -3.610811 -2.147616 3.523365 1.531692 1.555436
-4.916229 -17.8252 -4.500755 2.631699 -4.711058 2.778578 0.186248 2.242143 -0.833334 4.340258 -6.739488 4.884735 -0.625281 3.141376 -0.337191
-6.916229 -17.8252 -4.500755 6.688596 -4.236807 6.350136 2.963693 2.779743 -1.805691 5.667029 -5.624769 10.72971 4.017289 5.180187 -2.294178
-8.916229 -17.8252 -4.500755 5.495687 -1.501619 0.840712 2.175396 -1.750266 -1.692903 3.932425 -1.377607 2.651823 8.433343 -0.264461 3.827281
9.083771 -19.8252 -4.500755 1.827607 0.937559 1.051218 -0.438829 -0.320317 -1.073955 1.945936 -0.261777 2.34415 1.76171 -0.727201 1.071233
5.083771 -19.8252 -4.500755 -4.161231 -3.532136 -2.744906 -0.383598 -3.640998 -6.903329 -3.124009 -4.608541 0.20437 4.133612 -0.165191 -6.070858
3.083771 -19.8252 -4.500755 -1.9175 1.963749 0.163702 4.49054 -3.434576 1.673693 0.603788 0.112723 0.064706 5.183426 -1.24529 1.236874
1.083771 -19.8252 -4.500755 -6.887536 3.901436 -2.424967 0.825325 -5.793644 4.689702 -0.444402 3.39554 0.937445 3.723138 0.004312 4.337082
-2.916229 -19.8252 -4.500755 -1.371771 -2.915193 -3.232296 4.114681 -0.564808 -5.178097 1.843735 -1.148483 -1.322565 8.030054 -0.128998 -2.309549
-4.916229 -19.8252 -4.500755 -1.14558 -1.58274 1.794124 4.817348 -2.229343 -2.701953 2.585493 -4.298766 4.556716 5.295844 -2.767288 0.056015
-6.916229 -19.8252 -4.500755 3.523088 -1.265149 6.701981 1.761971 -0.398491 -1.166538 5.531894 -5.491185 11.18203 0.892776 -0.370418 -0.92672
9.083771 -21.8252 -4.500755 4.927176 -2.675506 -0.422066 -3.05814 0.030231 -1.690455 5.429872 -1.758742 0.957047 -0.23182 -2.16849 0.63746
7.083771 -21.8252 -4.500755 0.120562 -1.418615 -0.459908 -1.779491 -1.982057 -2.896373 -0.850917 -2.335079 2.792905 -0.605208 -2.171265 0.136763
3.083771 -21.8252 -4.500755 -3.472747 -2.170755 -4.832806 1.595606 -1.213502 -1.478145 0.266007 -1.014779 -2.791604 2.778894 -0.953011 0.238056
1.083771 -21.8252 -4.500755 -4.630916 -0.80566 -6.015031 2.683813 -2.205231 3.425113 1.104879 3.146766 -2.084366 7.170529 1.80041 5.625799
9.083771 -23.8252 -4.500755 4.499056 -6.234152 1.315864 -3.992098 0.411587 -6.966128 5.726412 -3.639573 2.575796 -1.684652 -0.704051 -5.157453
7.083771 -23.8252 -4.500755 2.491442 -4.553594 0.247528 -1.673118 -1.534983 -7.985273 1.516133 -3.831706 1.287122 -3.129624 -3.395069 -5.91777
5.083771 -23.8252 -4.500755 -4.765733 -6.509984 -4.1209 -2.838967 -3.897484 -9.00114 -1.316456 -4.94031 -0.177053 -1.688502 -3.661817 -6.138584
3.083771 -23.8252 -4.500755 -4.85482 -8.902497 -4.849965 -5.015518 -1.869292 -8.77051 0.402599 -6.203561 -3.687468 -0.899228 -1.441588 -6.357698
9.083771 -25.8252 -4.500755 0.318423 -5.337966 2.764848 -1.439967 1.717677 -6.734968 3.362599 -2.460697 3.350659 1.484741 2.373042 -5.290884
7.083771 -25.8252 -4.500755 0.787486 -2.951388 0.157873 1.604782 -1.584803 -8.909999 0.670864 -2.987349 0.168003 0.478415 -3.24595 -9.417137
5.083771 -25.8252 -4.500755 0.00398 -1.027819 -1.800503 0.398571 -3.448138 -7.000016 2.437083 -1.197882 1.125875 2.574034 -6.284378 -7.193737
3.083771 -25.8252 -4.500755 -2.497722 -2.800936 -0.895719 -0.291006 -2.653987 -8.019276 1.821562 -0.812707 0.783175 3.515381 -2.924773 -6.260561
-2.916229 -13.8252 -2.500755 3.902509 2.219179 -3.520551 4.612442 4.597329 3.886525 5.832468 3.855045 -2.465478 5.842974 5.175087 3.316585
-2.916229 -15.8252 -2.500755 4.67118 2.525532 0.568883 6.213136 4.433154 4.52483 3.363414 1.549965 0.530181 4.758247 1.996988 3.365222
-2.916229 -17.8252 -2.500755 -3.175114 2.063304 -4.716416 7.966061 1.04872 6.323803 -1.324695 -0.298074 -2.916503 6.007793 3.183553 3.691241
-4.916229 -17.8252 -2.500755 0.440693 1.265845 -0.478144 5.375451 -0.235269 1.600785 1.92096 -1.779614 0.698374 2.0113 -1.586915 -1.857887
-6.916229 -17.8252 -2.500755 2.046729 1.227744 -1.444229 8.636045 1.148826 5.714054 0.094448 -2.27258 -1.783265 5.227826 0.529686 -0.516249
-8.916229 -17.8252 -2.500755 4.968197 3.559791 -0.422931 6.640727 1.015312 4.721988 1.977835 2.201021 -2.814234 8.855637 3.446599 2.866812
-10.91623 -17.8252 -2.500755 3.856771 4.38653 1.061437 2.4092 0.581944 -1.965633 3.500846 6.13316 -1.167874 3.825964 -0.904895 2.588126
5.083771 -19.8252 -2.500755 -1.73956 -2.3129 -0.591923 -3.102167 -3.46318 0.35957 1.120433 -2.892553 3.795061 0.963568 -3.002942 0.679045
3.083771 -19.8252 -2.500755 0.094706 0.35206 1.028213 4.684302 -1.372166 7.704832 1.402442 0.336789 3.604064 6.258286 0.345996 8.53821
-2.916229 -19.8252 -2.500755 -2.251633 0.204743 -3.974946 6.223817 0.212631 5.442829 0.243465 -2.054941 -1.696453 5.681167 3.116342 4.143721
-4.916229 -19.8252 -2.500755 -1.682445 -0.795096 0.284357 2.754004 0.496739 4.058524 -0.200664 -4.596093 0.588768 0.961575 -1.242265 4.668203
-6.916229 -19.8252 -2.500755 0.291132 1.201228 -0.787226 3.86477 2.300185 8.399013 0.811806 -0.829888 -1.379531 1.758095 1.593974 4.245891
-8.916229 -19.8252 -2.500755 4.508743 5.853135 -1.806074 2.595511 0.669956 9.400405 4.291172 5.194089 -0.153766 3.216586 5.246851 6.49894
-10.91623 -19.8252 -2.500755 4.477775 5.035928 2.099066 -0.728176 2.598654 0.775501 4.373254 7.901349 4.232345 1.415869 3.598957 5.186294
5.083771 -21.8252 -2.500755 0.122658 -3.159521 -0.655788 -1.186412 -2.744917 -5.161739 3.629923 -3.155348 0.932662 1.34101 -2.802107 -3.951832
3.083771 -21.8252 -2.500755 -1.714749 -1.35284 -2.342918 3.755124 -1.261024 3.103782 3.275454 2.194887 2.773718 8.002789 -0.357205 6.642439
-2.916229 -21.8252 -2.500755 0.422531 0.119665 0.228748 1.695102 0.104608 -1.566621 1.925218 1.029916 -1.031527 1.148774 2.317863 2.58663
-4.916229 -21.8252 -2.500755 1.079437 -2.350674 0.273231 -2.147789 0.177632 0.533589 1.680352 -3.621472 0.77684 -0.715265 0.037824 4.747236
9.083771 -23.8252 -2.500755 1.673925 0.568149 0.467292 4.750359 -1.614343 -0.907679 4.717555 -1.736055 0.567362 4.329812 3.891032 -2.530798
3.083771 -23.8252 -2.500755 -1.110989 -3.462518 -2.115435 1.198344 -3.203768 -2.006292 1.698972 -2.892609 -0.35564 3.77472 -3.178401 -0.600243
1.083771 -23.8252 -2.500755 0.538705 -2.053134 -5.792261 1.742238 -0.471381 -1.070699 2.010545 0.400693 -5.818833 4.083995 -0.524197 4.201549
9.083771 -25.8252 -2.500755 0.124958 -1.856621 -1.526841 4.211339 -0.089441 -1.381845 6.533967 -2.194414 0.760222 7.932626 7.566435 0.767686
7.083771 -25.8252 -2.500755 1.788603 -1.829275 -0.162237 1.753205 -1.421165 -6.896485 6.543579 -1.516522 0.336192 4.494455 -1.306103 -5.37414
5.083771 -25.8252 -2.500755 0.423064 0.558518 -0.164658 1.613784 -2.93448 -5.372198 3.349239 -0.053005 2.275541 5.703218 -7.847607 -4.207053
3.083771 -25.8252 -2.500755 -0.232289 0.309396 1.828049 2.760508 -3.626159 -4.009929 1.658142 0.179476 2.144009 5.102333 -3.377892 -4.524814
1.083771 -25.8252 -2.500755 2.794474 0.487716 -0.691984 3.430671 -1.706169 -3.642195 5.038614 0.508949 -1.765872 4.195724 0.328696 -1.207781
7.083771 -27.8252 -2.500755 -0.283474 -2.614223 -1.436018 0.003936 -1.368209 -9.63128 5.391596 -0.218918 0.950195 3.097225 -0.982262 -6.697181
5.083771 -27.8252 -2.500755 -2.465837 -3.43212 -1.700196 -1.425995 -3.501805 -10.84838 0.897115 -3.899949 2.75491 2.203342 -6.253877 -8.023128
3.083771 -27.8252 -2.500755 -1.880949 -0.883576 -0.368178 3.757686 -1.453767 -5.834564 0.53522 -1.688387 1.457417 5.943263 0.210919 -5.881355
-2.916229 -15.8252 -0.500755 -0.08297 0.134754 -1.798787 2.889194 0.536747 5.42209 -0.085536 2.678998 1.211791 2.035558 6.317735 5.449438
-2.916229 -17.8252 -0.500755 -7.421363 2.880836 -7.65681 8.434661 -0.127527 4.356579 0.109832 3.025869 3.475378 8.384759 6.145354 4.270359
-4.916229 -17.8252 -0.500755 -0.257763 2.405449 -1.276056 4.404891 -1.824818 5.034218 2.618753 3.451335 4.065012 0.000589 -2.490782 4.73747
7.083771 -19.8252 -0.500755 2.083912 3.812807 3.095314 -0.515676 0.936745 1.444226 1.634154 2.16733 3.393975 -0.678889 0.831087 -0.415206
-0.916229 -19.8252 -0.500755 -6.904542 10.68061 -2.862342 13.12661 3.343004 8.509249 0.390761 9.331741 5.308641 12.46905 6.326232 9.845072
-2.916229 -19.8252 -0.500755 -4.923296 1.852007 -4.511322 7.323119 -2.476237 6.03017 -0.009752 0.27521 3.690053 8.131911 1.368068 8.084902
-6.916229 -19.8252 -0.500755 -1.525562 0.005368 -0.143362 5.353662 1.418235 12.17291 -0.70378 -2.364698 -2.002759 0.540224 1.896646 8.944844
-8.916229 -19.8252 -0.500755 0.021898 2.50312 0.060761 4.398623 1.359448 8.705271 -0.042413 3.790978 -0.165824 1.745815 3.819745 3.469551
-10.91623 -19.8252 -0.500755 2.920557 1.483354 5.641336 2.15895 4.290419 0.354865 1.357819 6.304101 4.861958 2.449493 4.729307 4.817344
7.083771 -21.8252 -0.500755 3.29568 1.088489 1.103678 -1.851421 2.152318 -1.701264 3.560557 0.309991 0.574572 -2.590593 1.784972 -2.063407
5.083771 -21.8252 -0.500755 4.281867 -0.566402 3.752173 2.319763 1.848645 -1.937691 5.793605 -1.211464 6.578711 3.60371 0.868839 -2.753647
3.083771 -21.8252 -0.500755 1.721678 -1.632996 2.451091 1.360301 0.787776 -3.769315 4.066984 1.151545 6.397114 5.921057 1.937993 -2.982327
-0.916229 -21.8252 -0.500755 5.046793 3.229079 4.000138 3.272424 2.463292 1.445014 7.47864 5.966056 4.910604 3.050359 3.500876 7.119189
-2.916229 -21.8252 -0.500755 0.415901 -1.046546 2.242656 2.766544 0.478299 -2.328279 0.093416 -0.74063 3.834757 2.964825 2.882507 2.556366
-4.916229 -21.8252 -0.500755 -1.449722 -2.126985 0.740674 1.702018 1.667334 2.741914 -2.538085 -3.5835 1.433801 2.661549 0.791646 6.277558
-6.916229 -21.8252 -0.500755 0.598191 -1.549981 -0.690516 1.254345 3.913396 7.167268 1.356783 -2.704966 -2.288234 -0.239103 2.388301 6.902174
-8.916229 -21.8252 -0.500755 1.391577 1.551225 1.38799 4.466783 0.785444 4.306283 2.184559 4.170663 0.229623 4.394315 1.000795 4.06276
-12.91623 -21.8252 -0.500755 -0.098069 1.656509 3.538295 2.850883 1.527145 0.394372 3.309832 4.533591 7.220024 8.260984 4.451456 3.583123
5.083771 -23.8252 -0.500755 1.31809 0.220449 0.664625 -0.500049 0.416919 -4.571187 2.049302 -0.595718 2.250858 1.867049 -1.133059 -3.659611
3.083771 -23.8252 -0.500755 1.579075 -0.756598 3.013384 1.604565 -0.94049 -1.607718 -0.113443 -1.934415 5.691029 4.644421 0.090117 0.25125
-0.916229 -23.8252 -0.500755 2.944618 0.878653 4.756723 5.134847 2.642458 3.486113 1.108316 3.571974 3.246088 8.327901 2.528918 9.725327
-2.916229 -23.8252 -0.500755 2.810839 -0.150313 4.063756 2.396839 2.449404 -1.010863 0.166803 -1.194648 3.596453 3.246367 1.606708 2.553156
-4.916229 -23.8252 -0.500755 3.62931 1.455191 3.657386 1.81471 2.503947 -1.500707 0.716053 -0.290125 2.836851 2.247187 0.299574 -0.952751
-6.916229 -23.8252 -0.500755 0.82752 -0.506727 0.042718 0.455818 4.208145 1.334169 -0.599627 -1.132662 -1.869234 0.874782 3.572291 2.649459
7.083771 -25.8252 -0.500755 -0.832507 -0.714138 -0.071821 -1.217436 -1.603032 -3.574469 5.760753 2.468203 2.946263 3.821265 2.371607 -0.498226
3.083771 -25.8252 -0.500755 0.280871 2.146975 3.683535 1.585624 -1.454331 -1.924133 0.316578 -0.203806 3.947006 2.068544 -0.858527 -3.128143
1.083771 -25.8252 -0.500755 3.034335 0.743063 2.402709 1.643977 0.517642 0.701768 3.815312 1.986222 4.441104 3.731219 4.111598 3.496537
7.083771 -27.8252 -0.500755 0.641557 0.689334 -0.793571 5.316952 -1.48854 -3.924459 7.85022 5.121701 2.403754 9.130795 2.993393 -1.482571
5.083771 -27.8252 -0.500755 -1.442853 0.889927 -0.351464 2.922877 -3.622482 -4.549672 3.293852 1.39921 3.925159 6.443628 -3.076363 -2.314271
3.083771 -27.8252 -0.500755 -2.579794 4.71527 -0.297774 6.821277 -0.837259 -3.37236 0.761591 1.909491 1.184325 7.666265 1.198892 -5.531809
1.083771 -27.8252 -0.500755 -2.00861 2.933929 -2.334719 3.561365 0.678207 -1.304588 0.816242 2.571537 -0.016172 5.397074 5.806081 -0.135584
-2.916229 -17.8252 1.499245 0.677519 -0.005034 -7.098023 -4.509894 0.944202 -5.740979 8.874743 4.563256 0.763231 -0.265345 6.177446 0.74213
-4.916229 -17.8252 1.499245 -1.758939 -0.527892 -0.927562 1.127894 -0.458204 -0.758829 1.808773 3.448587 4.333075 2.900927 -1.469799 3.306816
9.083771 -19.8252 1.499245 0.531848 3.083758 -0.670829 2.090063 2.250735 2.472956 -1.146427 3.52625 1.050601 0.455274 6.372769 4.676447
-2.916229 -19.8252 1.499245 -0.327496 1.517621 -5.647344 3.859509 -2.196048 -3.248227 8.785943 4.092951 -0.32884 6.444486 2.17993 1.463469
-4.916229 -19.8252 1.499245 -0.07859 1.025653 2.756602 5.266338 -0.202744 1.181016 0.740571 2.150912 2.617114 6.302916 0.836475 3.00273
9.083771 -21.8252 1.499245 0.013044 -0.705564 -0.292505 3.167873 3.633189 0.148321 0.395982 -0.303586 1.634605 3.007014 5.697934 2.290336
7.083771 -21.8252 1.499245 1.786659 2.805133 -0.212033 4.853698 2.929949 -0.349312 -0.206334 2.255794 2.153227 3.324915 2.12682 1.951988
5.083771 -21.8252 1.499245 3.040729 0.118055 3.836809 5.516294 3.402242 0.069306 2.019402 -0.068594 7.0192 6.040854 3.420074 2.326347
-0.916229 -21.8252 1.499245 5.418172 3.614774 -0.15 6.311895 4.370793 -3.864939 13.67285 5.566478 -0.659825 5.615266 4.595413 2.520213
-2.916229 -21.8252 1.499245 0.904011 -0.884875 -1.429773 2.234539 0.139065 -4.990578 2.05122 2.183531 -0.430773 2.322088 2.241765 -1.736819
-8.916229 -21.8252 1.499245 1.002469 -0.001382 2.474001 0.826231 0.681389 0.37299 1.821782 4.509451 4.390341 3.114403 -1.320263 3.088378
-10.91623 -21.8252 1.499245 1.307536 2.80632 1.12924 1.987179 0.966567 -1.609755 4.345504 6.053242 2.301997 5.500814 0.242041 3.082437
-12.91623 -21.8252 1.499245 0.66655 -0.858243 0.447839 3.817264 0.393053 1.354192 3.080536 0.535046 0.190804 7.985311 0.42944 4.012668
7.083771 -23.8252 1.499245 -0.574128 1.63704 -1.190926 1.529718 1.268005 -1.530086 -2.447464 -0.084331 0.216948 2.264117 1.781859 1.407675
5.083771 -23.8252 1.499245 0.157534 3.414037 0.676975 3.549814 1.527141 -3.130087 0.554488 2.823002 3.708623 4.087625 1.430059 1.710612
3.083771 -23.8252 1.499245 0.094209 2.262832 0.348413 3.039634 0.749515 -3.775849 2.192141 3.581052 6.607194 3.170217 4.305233 -0.003705
-0.916229 -23.8252 1.499245 4.357583 1.726733 4.314243 6.715565 4.847082 7.021497 5.329953 2.939255 4.961369 5.720273 7.858032 10.46798
-2.916229 -23.8252 1.499245 0.665286 1.300851 0.577172 4.794783 0.995453 2.866704 -0.672457 -0.412362 1.863979 3.456383 1.098433 1.915327
-4.916229 -23.8252 1.499245 -1.003622 3.324879 -0.092576 3.554996 -1.284911 1.050438 -2.346038 2.707897 2.223918 2.434079 -1.972174 1.665577
-6.916229 -23.8252 1.499245 -0.488243 0.134245 -0.966742 1.259646 -0.32209 -0.211292 -3.501815 1.548102 0.052772 2.714983 0.504264 3.094652
-8.916229 -23.8252 1.499245 -1.834892 -0.243809 -0.3485 -0.0134 0.64147 -3.490747 -3.508633 1.572937 3.146665 4.057337 0.253229 -1.062227
-10.91623 -23.8252 1.499245 -0.494297 2.875654 -0.753522 1.723234 1.682502 -1.754143 1.209605 3.672852 2.355328 5.885846 2.249769 2.422679
-12.91623 -23.8252 1.499245 -0.645911 2.133697 -3.015357 5.09952 -0.070715 0.542571 2.268373 3.552321 0.079067 7.226298 3.058653 3.13229
7.083771 -25.8252 1.499245 -2.125528 -0.556882 0.326606 -1.50254 -0.890391 -5.39091 -1.381797 1.258856 1.673407 1.107185 1.047939 -1.007421
3.083771 -25.8252 1.499245 -2.709831 0.980768 -0.603613 1.264579 -0.866877 -3.507676 -2.111899 0.179266 2.483022 0.552327 0.325522 -3.80968
-0.916229 -25.8252 1.499245 3.504185 0.886196 1.560647 0.93597 4.12977 5.169552 7.102833 5.896491 5.656008 2.860444 8.871856 12.19752
-4.916229 -25.8252 1.499245 -1.420301 2.081818 -2.61236 2.571686 -0.354684 3.221444 -2.469283 2.673373 0.368497 1.823663 -0.164255 4.5045
-6.916229 -25.8252 1.499245 -2.084178 -0.833301 -3.721912 2.273719 0.918785 0.5585 -3.629079 1.166879 0.384776 3.262474 2.249372 2.570645
-8.916229 -25.8252 1.499245 -3.797117 -3.607275 -4.011301 1.557718 0.780132 -2.302284 -4.109142 -2.874639 0.529415 4.533063 0.162898 -2.153291
7.083771 -27.8252 1.499245 -1.051746 -1.297589 0.94122 0.317395 -0.210361 -7.575289 -0.785055 3.03015 2.086722 2.574228 1.410815 -4.817292
5.083771 -27.8252 1.499245 -1.492139 -2.747307 -0.422853 1.749316 -2.68685 -5.309609 -1.063114 -0.559648 1.967724 4.812829 -1.044861 -3.724639
3.083771 -27.8252 1.499245 -3.437706 0.170696 -1.290739 2.409909 -1.268842 -3.37477 -4.105547 -0.791616 1.437737 4.779858 -0.352607 -5.519914
1.083771 -27.8252 1.499245 -2.472553 0.023331 -1.515263 -1.523152 2.350494 -4.773244 -2.092504 1.473831 3.367199 0.292839 5.246807 -3.339462
3.083771 -29.8252 1.499245 -0.90165 -2.283188 -0.742111 2.092278 -0.146986 -4.062077 -3.523941 0.315105 0.549057 6.888525 0.803191 -3.427786
9.083771 -19.8252 3.499245 -1.78659 3.46321 -2.178942 2.532602 1.420862 3.539771 0.097724 4.100623 0.119996 3.465403 4.228097 2.015588
-2.916229 -19.8252 3.499245 1.676515 4.391093 -5.703614 2.257494 -0.737881 -3.777569 7.442383 5.763846 -1.116382 4.614917 -0.38367 -4.57405
9.083771 -21.8252 3.499245 -1.868999 1.918991 -1.63152 4.183858 1.006683 1.019433 1.371891 3.888904 1.159692 5.247764 3.495543 0.157653
-2.916229 -21.8252 3.499245 1.972923 1.160499 -2.116744 0.131908 -1.419332 -0.834165 4.219928 3.580764 -0.404476 0.470334 -0.467331 -0.440285
7.083771 -23.8252 3.499245 0.696178 1.022669 -1.604678 0.879948 0.95217 -2.857294 1.0832 1.36079 -0.413059 4.321035 1.743099 0.840894
5.083771 -23.8252 3.499245 1.602211 2.212765 -2.716736 0.517916 2.423243 -5.814409 4.455153 4.412842 0.042202 3.79383 4.353087 -1.920632
-0.916229 -23.8252 3.499245 6.632551 2.659635 3.8053 3.68116 5.637038 2.558352 7.9428 4.546338 6.321398 5.342642 4.660161 8.084772
-4.916229 -23.8252 3.499245 -1.205866 -0.286098 -2.083346 -0.699869 -1.119607 -0.690532 1.871976 1.426655 2.717016 -0.823795 0.539793 1.113462
-6.916229 -23.8252 3.499245 3.34543 -1.205313 -1.449739 -0.712713 1.591192 0.766029 4.625326 1.113535 4.220827 1.5035 3.132895 4.103117
5.083771 -25.8252 3.499245 3.26213 1.695605 -0.421433 1.053712 0.957259 -6.056367 3.585221 2.089683 -0.360631 3.213898 3.473028 -4.335105
3.083771 -25.8252 3.499245 0.667548 0.345178 -0.45191 0.537628 -1.512808 -6.393997 1.528989 1.186336 2.449396 1.593937 2.147095 -7.036627
-0.916229 -25.8252 3.499245 7.615858 0.513858 0.486879 -0.985432 4.341946 -3.652263 11.97282 7.508976 4.758763 2.18652 7.537803 3.588238
-2.916229 -25.8252 3.499245 2.541479 0.135951 -0.021091 1.730093 0.895461 0.497926 5.26338 2.013672 5.487959 2.409954 2.378303 2.311551
-4.916229 -25.8252 3.499245 -0.112123 -0.035068 -1.276145 -0.945284 0.782615 1.268379 2.646299 3.996808 4.059031 0.845486 3.014812 3.904416
-6.916229 -25.8252 3.499245 0.770443 -1.720354 -2.020548 -0.886672 2.205038 -2.129926 3.114877 2.566983 3.60924 2.06747 5.05263 1.321804
-8.916229 -25.8252 3.499245 0.108411 -3.15065 -1.887415 0.156939 1.786321 -4.071776 2.265185 -2.082179 3.691366 4.212382 3.064533 -3.891416
7.083771 -27.8252 3.499245 -1.450959 0.939672 -0.77338 2.154302 1.893148 -1.856472 -0.656247 1.07093 -1.306167 2.091258 1.879038 0.076433
3.083771 -27.8252 3.499245 0.247072 -0.66294 -0.658407 -0.005102 -1.715343 -4.880002 0.267819 -0.148531 2.184298 2.443592 1.36624 -2.107113
1.083771 -27.8252 3.499245 2.622798 1.460349 0.044209 -1.066761 1.026325 -4.938566 4.240084 3.6464 1.449802 0.952132 4.501732 -0.499546
-8.916229 -27.8252 3.499245 -2.345778 -1.490935 -0.226588 3.185351 -0.234157 -4.217203 -0.41856 -0.619499 1.839999 4.723652 0.559266 -4.815058
7.083771 -29.8252 3.499245 -0.904115 1.38968 2.08348 7.333696 0.588736 3.18381 0.723815 -0.392326 4.209487 5.792462 2.392754 4.111546
5.083771 -29.8252 3.499245 0.060404 -3.477042 -0.018535 3.356085 -0.033671 -2.423784 0.211173 -3.310153 0.167119 4.374921 0.96482 -1.055744
3.083771 -29.8252 3.499245 1.166619 -2.871847 -0.177759 0.278087 -0.163259 -4.081974 -0.264021 -2.694702 0.595181 1.651697 0.587883 -1.181104
7.083771 -31.8252 3.499245 0.367877 -2.243233 1.327665 1.709074 0.395602 0.493848 1.947491 -2.008471 4.041248 1.859864 2.39837 4.542406
5.083771 -31.8252 3.499245 0.324172 -2.948636 2.014167 -0.534691 -1.080142 -2.393356 1.182274 -0.641475 4.039473 0.711274 -0.254038 0.799338
9.083771 -19.8252 5.499245 -0.585137 4.387413 -1.043389 3.375517 -0.087065 4.870357 3.416264 2.984937 2.94847 2.139863 -0.566817 1.179568
13.08377 -21.8252 5.499245 0.831278 -0.759091 -1.334767 -1.080812 -0.691424 -2.564985 4.96077 -0.153552 1.202598 0.845648 1.454224 -3.774641
9.083771 -21.8252 5.499245 -0.539345 2.640431 -0.390374 0.801262 -0.256085 3.934953 3.201993 3.16876 2.866401 1.303384 0.401877 2.946128
-6.916229 -21.8252 5.499245 5.664657 1.929484 2.125277 0.501231 -1.052199 -1.294573 7.088795 2.203717 0.446665 0.133471 -2.814264 -1.220299
-8.916229 -21.8252 5.499245 3.85535 0.585053 2.135345 0.187864 3.538684 -0.039315 4.259847 3.595832 0.710363 1.274456 -0.270446 0.440111
-10.91623 -21.8252 5.499245 1.624085 0.540492 1.05479 -0.493783 3.521118 0.59816 2.985734 1.472384 1.524017 1.420985 1.526364 -1.71224
-12.91623 -21.8252 5.499245 1.720046 1.62288 -2.258533 0.873209 -0.917449 0.084257 4.261025 1.803055 -0.1507 3.113972 -3.944128 -1.128531
15.08377 -23.8252 5.499245 1.617368 -0.663471 0.537516 -2.470858 -0.309073 -6.087263 4.283812 2.161276 0.901392 0.262164 2.074452 -6.884742
13.08377 -23.8252 5.499245 0.582985 -2.086008 0.074126 -0.855106 0.650255 -1.79855 3.833663 -0.38304 2.013321 4.634743 2.435057 -2.091058
11.08377 -23.8252 5.499245 0.806656 -3.809109 3.44529 -4.241004 0.28875 -0.729956 1.724618 -1.687147 4.136277 0.026614 -1.567911 0.587064
7.083771 -23.8252 5.499245 1.209931 1.217286 -0.238803 -1.72729 0.370632 1.36797 1.751361 0.152186 0.502857 1.160437 -1.402894 1.902519
-0.916229 -23.8252 5.499245 0.9546 1.988608 -0.513562 -0.193209 2.475506 1.036708 3.859383 -0.601773 2.013471 3.773372 1.398515 2.744655
-2.916229 -23.8252 5.499245 -2.435267 0.932616 -1.141768 -1.050986 0.41449 4.567082 -0.497194 -0.864249 0.414893 -0.224414 -1.915312 3.351037
-4.916229 -23.8252 5.499245 -0.180332 0.809582 0.334417 -0.941828 -1.104208 3.103732 1.456091 0.514563 1.380259 -0.882117 -0.80574 3.794148
-6.916229 -23.8252 5.499245 5.131364 1.79067 2.352446 1.326906 0.931617 4.405649 7.064808 1.597749 5.709533 2.723543 1.394082 4.98083
-8.916229 -23.8252 5.499245 4.238451 2.087338 2.126619 0.012956 2.721966 4.009048 6.265956 1.262503 4.114675 1.290788 1.056225 1.860523
-10.91623 -23.8252 5.499245 2.498425 1.660225 -0.535087 1.410771 2.522901 1.614893 4.306403 1.096893 -2.011507 1.759925 -0.085029 -1.513418
13.08377 -25.8252 5.499245 -1.14204 1.149107 1.491125 0.218314 -0.916745 1.277881 0.979537 4.157485 6.19419 3.643212 1.140474 -1.059363
11.08377 -25.8252 5.499245 0.173522 0.708468 1.04816 -2.39395 0.038681 -1.389596 1.658687 1.554372 4.166959 1.265129 -0.250935 -2.731309
5.083771 -25.8252 5.499245 3.5339 0.066676 -1.552543 -1.086171 0.852514 -1.021464 2.872971 -1.380516 -0.860033 1.847371 1.09796 -4.411134
3.083771 -25.8252 5.499245 6.033711 1.384496 0.331379 0.149197 -0.810577 -1.709963 5.264386 -1.869857 1.315586 2.082793 -0.13867 -4.917716
-2.916229 -25.8252 5.499245 3.783389 -1.558038 1.268457 -2.178692 1.802765 2.294246 6.076663 -2.172718 4.167263 1.344997 0.670207 1.118667
-4.916229 -25.8252 5.499245 2.22831 -0.507631 0.310053 -2.116453 0.264516 1.39176 6.140681 1.850634 2.897477 1.457344 0.838413 1.939895
-6.916229 -25.8252 5.499245 1.714432 1.091413 0.03277 -0.685907 0.510167 3.755969 4.955102 1.749386 3.509992 1.288452 2.08161 2.508419
-8.916229 -25.8252 5.499245 -0.623908 1.375602 -2.59362 0.079899 -0.680363 3.720976 3.546909 -1.006087 2.621087 1.202518 1.354545 -0.18153
13.08377 -27.8252 5.499245 -0.377056 -0.28496 -0.833679 -2.308302 -3.121796 0.184937 2.005571 3.705817 4.343429 -1.535603 -0.174797 -2.114729
11.08377 -27.8252 5.499245 0.398335 -1.065438 -1.519006 -1.995057 0.139488 -1.250426 2.989157 1.626175 3.762671 0.778296 2.205385 -2.013428
9.083771 -27.8252 5.499245 0.735586 -1.065628 0.1424 -2.938857 1.954319 -1.858289 2.442682 0.202606 0.275094 1.719892 0.45492 -2.664868
3.083771 -27.8252 5.499245 3.603738 -1.530315 -4.686927 -1.506386 -1.232449 -4.489153 6.948057 -0.451196 -3.644678 1.419037 1.180465 -5.205843
-6.916229 -27.8252 5.499245 -1.444946 -1.289906 -3.982206 -1.601529 -1.87143 0.394535 3.990385 -1.987059 -1.305353 1.067649 1.865345 -2.708621
-8.916229 -27.8252 5.499245 -2.852521 0.470607 -3.097141 0.657562 -1.881557 3.792749 1.66058 -1.685424 0.629767 0.912389 0.960831 -0.922139
9.083771 -29.8252 5.499245 1.761561 -2.78048 -0.140591 -1.719831 0.761177 -0.611546 5.020102 -3.609277 3.53787 -0.412585 2.748383 -0.721142
7.083771 -29.8252 5.499245 -0.65712 -1.635576 -1.485417 0.292555 -1.138874 -0.287901 2.616527 -2.914989 0.356094 0.638389 -0.86044 -2.903744
5.083771 -29.8252 5.499245 1.910213 -2.820524 -1.004783 1.550919 -0.951092 -1.830088 5.978664 -2.804943 0.185432 3.40263 -0.541295 -4.997206
3.083771 -29.8252 5.499245 3.298171 -2.549462 -2.595101 -1.276871 0.141421 -6.778088 7.442257 -0.866138 -2.493718 0.947939 0.696244 -10.09965
9.083771 -31.8252 5.499245 0.247901 -3.350652 -2.573536 -1.411115 0.821781 -3.267594 5.418892 -3.424047 0.938386 -0.288675 4.483078 -2.973791
7.083771 -31.8252 5.499245 1.427551 -3.446089 -3.155969 -1.994019 -1.876865 -2.988901 7.080455 -5.033011 1.168791 -1.486377 1.20222 -2.524413
5.083771 -31.8252 5.499245 2.687762 -2.169829 1.405821 -0.650914 -1.212932 -1.623231 6.327658 -1.976439 4.926215 0.653812 0.333645 -3.166371
3.083771 -31.8252 5.499245 1.815359 -1.149881 0.423021 -1.181376 1.493056 -5.665839 4.758996 0.675001 1.440713 -0.07017 1.02737 -9.712405
9.083771 -19.8252 7.499245 1.068416 1.535 0.922507 -2.756208 1.886724 0.155769 2.292615 4.718532 4.57938 -0.671173 0.87853 0.161875
-10.91623 -19.8252 7.499245 -2.302052 0.436824 -2.743858 -0.505476 2.687957 0.197945 -1.331773 2.539988 2.454859 1.283837 5.793211 -0.93984
-12.91623 -19.8252 7.499245 -2.462197 -0.33963 -0.555712 -0.808407 -0.027854 -2.693755 -3.808681 0.905668 0.716524 0.566522 0.680392 -1.818091
15.08377 -21.8252 7.499245 2.957337 -1.165525 0.090314 -2.556713 -1.49969 -3.260448 2.651371 0.099872 0.2435 -0.781074 0.068166 -1.657302
13.08377 -21.8252 7.499245 2.738745 -0.725294 0.604878 -2.467081 -0.473818 -2.793424 3.551673 3.171922 1.88766 -0.415152 1.914097 -0.55656
11.08377 -21.8252 7.499245 -0.253015 -0.550218 0.582594 -2.786762 -0.183832 -2.598499 1.532728 4.831636 1.598862 -1.327369 1.061368 0.379678
9.083771 -21.8252 7.499245 3.438634 2.475016 0.117845 -1.927901 2.044307 0.711843 4.881281 5.626129 2.003484 0.352305 2.445659 3.486461
-6.916229 -21.8252 7.499245 1.229854 0.396459 2.087782 -1.103197 1.61409 -2.102006 2.24867 2.499925 0.13864 0.414327 1.2302 1.468465
-8.916229 -21.8252 7.499245 0.511466 -0.985069 -0.122909 -0.947116 3.514575 0.953364 0.581264 2.731166 0.715803 0.619841 1.994851 3.508989
-10.91623 -21.8252 7.499245 -0.118693 -0.810006 -1.21652 -2.136078 3.799611 0.169584 0.304384 2.15514 1.73904 0.642697 3.663521 -1.442682
-12.91623 -21.8252 7.499245 -2.077278 -0.617584 -1.810442 -3.227438 -0.250396 -2.686529 -2.585076 2.05906 0.41775 -0.42157 0.564332 -3.626477
-14.91623 -21.8252 7.499245 -0.586465 -1.820352 -2.418971 -3.616339 -2.239166 -3.728527 -2.516887 1.129473 -2.994746 0.164605 -1.735449 -1.202998
-16.91623 -21.8252 7.499245 -1.037959 1.115223 -1.300964 -0.749883 -1.531764 -1.75963 -2.599808 3.514757 -0.780679 0.854917 -3.511024 -1.437518
15.08377 -23.8252 7.499245 2.459487 -1.105088 3.809819 -1.198678 -1.854457 -2.573192 3.61498 2.24514 4.208116 2.725639 -0.880525 1.440779
13.08377 -23.8252 7.499245 3.084234 0.232954 2.456595 -1.934972 -0.748578 -1.216401 6.736995 3.942927 5.744361 3.121856 1.985101 3.220075
11.08377 -23.8252 7.499245 4.513929 0.071602 2.862389 -3.642804 0.819546 -1.916667 6.077679 2.923353 5.077879 -1.279945 1.549814 0.813513
9.083771 -23.8252 7.499245 4.533386 0.701848 1.943658 -3.325286 0.649785 -1.411124 4.448377 3.455916 4.039348 -1.531783 -0.417283 0.52805
7.083771 -23.8252 7.499245 3.493071 0.989414 0.868512 -2.823901 -0.50539 0.887514 3.307106 3.3642 4.318669 0.880035 -0.546026 4.697742
5.083771 -23.8252 7.499245 2.361067 0.868313 -0.346633 -3.409755 -2.016461 0.012156 2.730727 5.024341 0.199852 0.196861 -2.474473 4.547648
-2.916229 -23.8252 7.499245 -1.898811 0.541149 0.216538 -2.339633 1.013805 2.312954 -1.618355 0.659419 -0.864156 0.644086 0.650374 2.229492
-4.916229 -23.8252 7.499245 2.002848 -0.931111 1.493252 -3.254729 -0.081705 -3.112353 1.112044 0.043564 -0.043759 -1.101081 0.773852 -1.956122
-6.916229 -23.8252 7.499245 1.892123 -0.254363 2.556745 -3.195965 1.159231 -0.93378 1.819741 2.042888 3.505889 -1.338682 0.840054 1.443732
-10.91623 -23.8252 7.499245 2.164906 -1.204517 -1.135834 -0.912316 2.004439 0.09035 2.644281 -0.272598 -3.891228 0.951483 0.272454 -0.059012
-12.91623 -23.8252 7.499245 0.038192 -1.697207 -1.201847 -2.131825 0.367494 0.47087 -0.418484 0.611446 -1.860729 1.070969 0.083766 0.461231
-14.91623 -23.8252 7.499245 -1.284037 -1.219059 -3.031034 -4.169314 -0.831675 -3.164383 -1.776568 1.22106 -1.722063 -1.668555 -2.078781 -0.393372
-16.91623 -23.8252 7.499245 -0.605792 1.717706 -1.287319 -0.3078 0.672406 -1.608426 -1.409071 4.440307 0.031005 0.062656 -0.844057 -0.373436
13.08377 -25.8252 7.499245 0.285352 2.798606 3.23099 1.114202 -1.558117 3.859879 2.659939 3.927988 7.79306 4.266461 -0.330362 5.103483
11.08377 -25.8252 7.499245 1.671182 3.544321 0.962623 -1.215759 1.146784 -0.861594 4.981081 4.147127 6.01628 1.178666 2.018436 -0.388017
9.083771 -25.8252 7.499245 0.853643 0.891785 -1.527438 -3.644073 -0.556108 -3.936043 2.642332 2.61406 0.61362 -2.39874 -1.331156 -2.784189
7.083771 -25.8252 7.499245 1.5823 -1.832258 -0.900369 -3.576851 1.295015 0.61124 1.08164 -0.086077 0.368468 -1.551459 1.942432 2.14539
5.083771 -25.8252 7.499245 3.239303 -1.466789 1.023031 -5.034087 1.041082 0.179716 1.556916 1.404166 1.151083 -1.478019 0.798515 0.984359
-2.916229 -25.8252 7.499245 0.543377 -0.662179 1.917498 -2.100044 1.491524 2.768808 1.751219 0.371776 3.715493 0.505468 -0.119512 5.978236
-4.916229 -25.8252 7.499245 2.773298 -2.356269 1.524279 -2.204926 0.135823 0.213082 4.580827 0.540797 2.552497 1.188922 -1.343004 3.827423
-6.916229 -25.8252 7.499245 3.113662 0.157551 0.964814 -1.676378 -0.417769 4.654709 2.917053 0.547684 0.88539 -1.568592 -1.459224 5.291389
-8.916229 -25.8252 7.499245 -0.738904 0.060396 -0.456607 -0.54393 -0.873741 6.023228 1.132337 -1.404447 1.978781 -1.091102 0.597311 4.768874
-10.91623 -25.8252 7.499245 -1.175541 -0.026164 -1.454525 0.466158 -0.739562 4.137518 0.878081 -1.107513 0.343146 1.510719 -0.234522 5.096471
-12.91623 -25.8252 7.499245 -0.308033 1.373248 -1.13484 0.977286 -0.021157 6.71267 -0.347265 1.653319 0.060097 2.416471 -0.236177 7.453301
11.08377 -27.8252 7.499245 2.169529 3.624655 -0.159023 1.090936 -0.291109 1.886665 3.681403 3.592358 3.152409 1.052534 1.28899 0.120694
9.083771 -27.8252 7.499245 0.993439 0.086584 -0.508725 0.030299 -0.357531 -4.261867 2.972132 -0.689161 0.350446 0.226006 -0.183462 -4.949251
7.083771 -27.8252 7.499245 -1.259954 -4.23071 -1.80564 -2.70069 1.730152 -3.985885 -0.027612 -3.828368 -3.046863 -0.636916 0.525126 -3.411292
5.083771 -27.8252 7.499245 0.519973 -3.503823 -1.363321 -3.795499 2.707443 0.346379 2.444344 -1.878644 -0.567359 -1.839375 2.277928 -0.559626
3.083771 -27.8252 7.499245 0.787568 -1.624419 -1.179232 -3.481144 -0.232915 -3.402777 2.561159 0.121704 0.463024 0.785609 -2.243808 -1.620665
-6.916229 -27.8252 7.499245 -0.118102 -1.677312 -1.141336 0.530527 -1.698035 4.989442 3.573452 -2.275421 0.752867 0.706282 -0.211083 3.821584
-8.916229 -27.8252 7.499245 -0.311016 -0.526614 0.354298 1.354527 -1.410705 4.774312 2.52745 -1.944021 3.091101 0.179568 0.937978 2.781925
7.083771 -29.8252 7.499245 0.093142 -2.248158 -2.513214 -0.691509 -0.460192 -3.181767 4.088496 -5.623013 -1.081022 -1.43082 -2.209652 -7.509869
5.083771 -29.8252 7.499245 2.024507 -1.59455 -1.845913 1.460108 0.481097 1.057819 7.659345 -3.162323 -0.303677 1.588079 -1.877898 -5.212419
3.083771 -29.8252 7.499245 2.149947 -1.569792 -2.703381 -2.688778 -1.273023 -2.370164 7.47913 0.528351 0.031642 0.100255 -4.83214 -6.692164
9.083771 -19.8252 9.499245 1.597244 0.174002 0.943416 -4.451078 2.644601 -0.603189 1.171559 3.093359 2.139535 -3.667797 3.293902 -2.423287
15.08377 -21.8252 9.499245 1.393758 1.886191 2.612304 3.027222 -1.159423 1.486996 -0.287361 -1.422603 1.894666 2.148825 -0.80452 -0.469733
13.08377 -21.8252 9.499245 1.586436 0.0818 -0.135803 -0.554009 0.775038 -1.477428 0.644741 -0.18865 0.723256 -0.518453 1.836357 -1.107262
11.08377 -21.8252 9.499245 0.39217 -1.357014 -0.219161 -4.321243 1.731954 -4.206552 0.584044 2.415882 -0.486233 -3.222418 3.241055 -1.053278
9.083771 -21.8252 9.499245 3.271614 1.781404 0.901295 0.135819 1.396483 2.232065 3.110001 3.988816 0.744583 0.425437 4.630415 2.95497
-8.916229 -21.8252 9.499245 0.724982 -0.271058 0.755283 -2.475507 0.930715 -0.445882 2.684225 2.382915 0.459005 -1.7155 0.264912 1.020772
-10.91623 -21.8252 9.499245 -0.629392 1.400971 -0.246146 -4.519008 0.358457 2.372407 -0.217719 1.439436 -0.005112 -3.166997 -0.569289 0.550888
-12.91623 -21.8252 9.499245 -2.020073 -1.24122 -0.781772 -3.794211 -1.507451 0.74851 -4.872163 -1.591603 -2.190149 -3.507935 -0.43484 -2.252472
-14.91623 -21.8252 9.499245 -1.596954 -3.889419 -0.756675 -3.902391 -1.588511 -3.005187 -5.76642 -1.227908 -4.045275 -3.551422 -1.08313 -2.526197
-16.91623 -21.8252 9.499245 -2.066096 0.272295 -2.0125 -1.529074 -0.871514 -0.237706 -4.203725 0.888357 -1.792714 -1.604239 -1.617936 -1.459615
15.08377 -23.8252 9.499245 -0.449156 1.158224 4.255913 2.34265 -0.031793 0.932997 -0.862831 0.171001 3.105379 4.298274 -0.800632 0.345957
13.08377 -23.8252 9.499245 -0.026368 1.567019 2.343138 -2.378824 -1.006322 -1.676262 1.039679 3.074028 4.11487 -0.546419 0.075067 0.524928
11.08377 -23.8252 9.499245 1.798246 -0.775402 3.677601 -5.278053 1.017738 -3.314933 2.169536 3.003079 5.065958 -3.397048 2.362157 -0.252498
9.083771 -23.8252 9.499245 4.508755 -0.207011 3.704244 -0.641119 0.519162 0.974317 4.867132 3.14201 4.555179 1.526548 3.480727 2.419939
-14.91623 -23.8252 9.499245 -2.483565 -3.4157 -1.892904 -3.692564 1.684025 -3.98836 -7.615568 -2.860751 -2.694568 -3.936614 2.419513 -1.775128
-16.91623 -23.8252 9.499245 -3.487879 -0.421123 -3.724373 -1.019394 -0.072416 -0.737426 -5.915453 -0.127878 -2.505114 -1.312211 -0.011465 -1.37788
7.083771 -25.8252 9.499245 4.07679 1.494723 3.883382 -2.690995 2.973729 1.597239 5.131066 5.413894 5.317523 0.583398 4.9891 3.515147
-8.916229 -25.8252 9.499245 -0.738956 1.442953 -1.222658 1.539543 1.252638 9.392648 -0.983052 0.03478 -0.848597 -0.731883 1.131979 10.46111
-10.91623 -25.8252 9.499245 -0.947281 1.869839 -1.454567 2.290473 2.622893 7.016626 -1.987197 1.06491 -2.838786 1.301959 1.735933 9.086203
-12.91623 -25.8252 9.499245 -1.08689 1.507397 -1.157365 -0.826689 3.323281 3.399714 -4.054654 2.115381 -1.784561 -0.774255 1.921543 5.715213
-14.91623 -25.8252 9.499245 -2.1571 -0.551326 -1.490186 -1.020893 2.989923 -1.426178 -4.619186 -1.019549 0.238148 -0.868316 3.191113 -0.427936
5.083771 -27.8252 9.499245 2.997924 1.177396 3.057198 -0.13442 5.384676 2.847003 2.307084 2.512548 2.30508 1.973311 3.559697 3.499146
-8.916229 -27.8252 9.499245 0.413232 3.457093 0.326737 2.969688 -0.561094 9.138275 0.211028 4.616815 1.955949 2.743854 -0.888369 10.31581
-10.91623 -27.8252 9.499245 2.035902 3.90344 -0.297102 1.831247 1.659909 10.5295 1.409586 4.796004 1.805708 2.237185 1.318634 11.19681
-12.91623 -27.8252 9.499245 1.623408 2.810932 -0.896461 1.159103 2.94156 6.43996 0.302902 2.273139 1.547921 0.845882 2.226978 6.513018
-14.91623 -27.8252 9.499245 -1.718636 2.16118 -0.687239 2.374844 2.804198 2.644295 -2.121711 2.357393 1.857306 2.092986 3.004649 1.553993
17.08377 -19.8252 11.49924 1.742352 0.94843 2.25193 4.72839 0.538528 2.096557 1.121009 0.27848 2.243781 2.121058 -0.362344 0.054719
15.08377 -19.8252 11.49924 1.467224 0.598826 3.592922 4.680069 0.347791 1.458449 -0.465882 0.82858 2.709143 3.322079 -0.630351 0.088916
13.08377 -19.8252 11.49924 -0.505964 -0.535034 -0.494974 0.027475 1.455429 -2.26131 -1.767335 2.344225 -2.735528 -1.069815 1.755831 -0.615024
15.08377 -21.8252 11.49924 0.870861 4.098096 3.734476 7.65666 0.833038 3.219177 -1.272502 -1.563217 2.19052 4.416352 -0.215823 -1.312095
13.08377 -21.8252 11.49924 0.86966 2.92815 2.129879 5.136762 1.632313 1.371279 0.237989 -0.754922 1.922202 3.607372 1.821564 -1.249904
15.08377 -23.8252 11.49924 1.165756 2.705948 3.07509 4.047917 2.989045 2.224629 -1.908126 -2.896359 0.319824 1.344894 1.449919 -1.55644
13.08377 -23.8252 11.49924 0.079524 2.661502 4.23964 3.23753 1.149667 3.586192 -1.532829 -2.093222 2.883512 0.184083 0.63454 0.283383
13.08377 -25.8252 11.49924 1.780734 0.76964 3.164286 0.292938 2.780159 0.625506 0.731635 -2.729102 1.17823 -2.249287 0.669978 0.780162
13.08377 -19.8252 13.49924 -1.195332 -1.490934 0.92955 -0.049661 3.098055 0.511711 -3.108339 -0.277372 -0.217267 0.514643 2.495264 3.738617
13.08377 -21.8252 13.49924 0.646036 2.447032 0.997669 6.070693 1.984056 2.898191 -0.866076 -0.467952 1.722489 5.27904 0.897861 3.385682
13.08377 -23.8252 13.49924 0.995047 5.059388 3.0509 7.245234 0.762879 2.810503 -2.316676 -0.153404 1.178536 5.105697 -2.721205 3.715978
