2.617828 -9.498833 -5.771423 -3.210751 -1.120427 -1.841617 6.833879 -2.842884 -0.4875 0.313548 0.463924 -0.87544 -0.362376 -0.880616 2.018139
0.617828 -11.49883 -5.771423 -8.551241 -2.751347 -8.265184 2.810093 -4.973874 -0.576163 -4.871699 0.724121 -7.10679 -1.379854 -8.009854 1.882385
2.617828 -5.498833 -3.771423 0.26538 0.656657 1.025116 0.263766 0.377984 -1.897236 -0.296998 -1.605775 3.288465 -2.438556 -2.816198 -2.01488
2.617828 -7.498833 -3.771423 -1.34933 1.029827 1.518535 0.719069 0.158822 -2.408177 2.599837 -0.831793 2.522985 -1.29304 0.248748 -0.878105
0.617828 -7.498833 -3.771423 5.007571 0.253584 4.293574 1.373668 2.507524 -3.690093 1.78182 0.706953 4.988683 -2.429173 1.801571 -2.30256
2.617828 -9.498833 -3.771423 -0.132502 -1.591158 1.951931 0.640545 0.62775 -4.155659 3.52531 -1.450381 2.030323 -2.128574 2.574435 -0.799242
0.617828 -9.498833 -3.771423 1.06975 -0.935101 0.324273 -0.003006 -0.480885 -3.802271 2.827295 -0.751989 2.373906 -2.85963 3.011699 -1.808555
-1.382172 -9.498833 -3.771423 -1.530891 -2.150831 -3.71102 -0.381246 -2.014463 -2.534183 -0.24351 1.975373 0.968 -1.0879 -0.312369 -1.463436
0.617828 -11.49883 -3.771423 -1.435402 -0.695715 -4.808581 -0.643655 -2.345321 -2.380042 0.152055 -0.878944 -1.745383 -2.103712 1.89275 -0.292888
-1.382172 -11.49883 -3.771423 -4.494714 -1.891868 -6.807074 1.370671 -2.664146 -1.003887 -2.106519 1.617256 -3.287033 -0.378834 -2.016867 0.081336
-1.382172 -13.49883 -3.771423 -3.738715 -0.959031 -5.203919 4.672491 -0.098343 -0.006096 -2.500446 1.319747 -3.826202 -0.097307 -1.946763 0.340005
-1.382172 -15.49883 -3.771423 -1.070925 -1.852941 -1.431042 5.168644 2.447834 -0.651647 -2.584546 1.82621 -3.051348 -0.131426 -2.694266 -0.620339
2.617828 -5.498833 -1.771423 0.159217 1.399294 0.600663 2.744586 1.400735 0.101525 -0.363647 0.806956 1.548631 -2.67481 -1.984617 -0.24451
0.617828 -5.498833 -1.771423 2.33023 -1.586581 1.165602 -0.881389 2.118905 -0.335832 -1.313375 1.567863 0.248528 -2.890403 -3.067055 -0.99248
-1.382172 -5.498833 -1.771423 3.549102 -0.903643 -1.039477 -0.531385 1.411948 -0.966635 1.394234 -0.727463 -0.980905 -0.695245 -2.898566 0.135158
0.617828 -7.498833 -1.771423 3.649032 -0.147527 2.949984 -0.33847 3.288146 -2.842456 1.216524 0.959226 3.219847 -3.892717 2.810655 -0.917965
-1.382172 -7.498833 -1.771423 1.867273 0.744332 -0.574242 -0.595777 1.726968 -2.4361 0.477527 1.531169 2.542852 0.188367 -0.758169 -1.044477
0.617828 -9.498833 -1.771423 0.535317 -0.970354 0.825475 1.580793 0.729755 -1.567329 0.664854 -0.302773 2.522764 -4.345461 2.520895 -1.135788
-1.382172 -9.498833 -1.771423 -3.246453 2.127928 -2.917379 3.224096 0.368211 0.334221 -2.412208 2.861381 -0.779974 0.651467 -2.419474 1.9951
-3.382172 -9.498833 -1.771423 -5.209827 7.58842 -6.955855 4.214197 1.094913 3.186925 -0.192166 3.090581 -1.118764 1.131271 -1.407131 2.388261
-1.382172 -11.49883 -1.771423 -4.20754 -0.108201 -3.653513 5.149725 -0.402527 1.202253 -2.470692 1.618454 -2.266772 0.427367 -3.247011 4.052228
-3.382172 -11.49883 -1.771423 -5.438677 2.279983 -7.312459 4.295596 0.63436 1.350857 -1.077607 0.167806 -3.60085 1.260631 -2.948914 3.246423
-1.382172 -13.49883 -1.771423 -2.874525 -1.510572 -1.635034 5.592595 0.450383 1.198143 -0.108911 0.778383 -0.91079 0.178967 -1.201008 3.305235
-3.382172 -13.49883 -1.771423 -5.019065 -2.889046 -4.405419 5.121807 -1.220499 -0.240215 -0.850266 -0.892929 -4.542554 1.392369 -2.602212 1.89204
2.617828 -15.49883 -1.771423 0.89295 -0.82505 -6.275458 -2.693591 2.933545 1.284615 0.570841 -1.560104 -0.322885 -2.85614 1.169753 0.732299
-1.382172 -15.49883 -1.771423 -1.409622 -1.502921 -0.076093 4.569035 2.031843 2.160366 0.023931 1.434364 -1.051922 0.032232 -2.05764 0.20079
-3.382172 -15.49883 -1.771423 -2.916604 -3.099551 -0.778824 6.193482 -0.264083 0.297375 -1.528587 0.712386 -3.512451 0.802646 -2.867069 -0.504753
4.617828 -17.49883 -1.771423 4.230761 -6.239248 0.366281 -3.433887 2.261415 -1.62388 0.763377 -3.491506 1.017004 -1.62359 0.158233 0.011438
2.617828 -17.49883 -1.771423 4.66403 -1.030563 -2.99716 -2.032604 1.60406 2.615888 -0.624848 -2.048887 -0.136056 -2.445278 0.688056 2.63972
-3.382172 -17.49883 -1.771423 0.376179 -2.35273 2.35772 5.885038 1.637068 0.570665 -1.955089 1.525802 -1.458549 0.510433 -4.011692 -0.88683
4.617828 -19.49883 -1.771423 5.941393 -3.761844 2.091918 -1.803591 2.388665 -0.431462 -1.786043 -1.545753 0.831174 0.671632 -1.479865 1.629322
2.617828 -19.49883 -1.771423 9.023794 -0.445808 1.818867 -0.501786 0.9307 2.254194 -0.908885 -1.073588 1.056197 -0.725955 0.751937 3.30148
4.617828 -21.49883 -1.771423 4.290894 0.302655 1.176438 -0.13163 2.245019 0.679881 -2.622962 0.381449 -0.355964 1.870829 -2.679341 2.705649
2.617828 -21.49883 -1.771423 9.60426 -0.236514 1.568598 -0.354114 1.717172 0.956063 0.273828 0.09491 1.340029 0.538074 1.442354 2.823392
0.617828 -3.498833 0.228577 -2.920086 6.102297 -6.636296 1.237814 1.222652 3.634005 -0.362363 0.664046 -0.354122 -0.835103 -4.503208 4.389573
-1.382172 -3.498833 0.228577 0.700597 5.345465 0.483433 -0.419067 0.48405 1.746393 -0.459275 -1.414471 -0.369564 0.327828 -1.476355 3.300435
0.617828 -5.498833 0.228577 1.437527 1.598124 -3.173841 -1.85967 -0.125993 1.402819 -1.279266 -0.335187 -0.767785 -2.208741 -3.964363 0.039532
-1.382172 -5.498833 0.228577 1.20593 4.282552 -0.106454 0.623863 -2.310274 1.294258 0.077852 -3.015976 -2.963247 -0.171636 -3.58939 1.366749
-3.382172 -5.498833 0.228577 2.299935 6.240301 3.453499 5.386628 -0.004857 1.024737 1.377158 -2.061565 -2.708019 1.19564 -3.540337 -0.142941
0.617828 -7.498833 0.228577 4.207505 3.380594 -1.459944 1.869685 1.553822 1.962032 1.247658 1.086484 3.472875 -2.025474 2.50351 1.934754
-1.382172 -7.498833 0.228577 4.950964 2.973748 1.536714 1.20448 1.126462 0.530486 2.518845 -0.08698 3.259203 -0.296453 2.75974 -0.367696
-3.382172 -7.498833 0.228577 3.106809 3.625371 3.839846 1.745979 0.464936 0.006103 1.658431 -1.606598 2.003338 -0.005793 2.549958 -2.285036
0.617828 -9.498833 0.228577 4.530253 4.984586 -0.666809 6.581589 2.467563 3.726838 1.513479 0.282573 2.771235 -0.992619 3.295993 2.2699
-1.382172 -9.498833 0.228577 4.142678 6.080149 2.03209 4.287762 3.930636 3.256928 1.073625 2.880028 2.766076 0.873582 3.417814 3.545657
-3.382172 -9.498833 0.228577 -0.000881 7.727409 1.033204 -0.451329 2.987166 1.993455 0.523236 1.380316 1.914706 -0.998872 3.690313 1.76695
6.617828 -11.49883 0.228577 -1.56514 -3.421936 -0.642565 -1.996783 -0.309538 -2.739047 -0.453662 -2.589496 -2.262295 -2.907563 -2.712622 -2.658156
4.617828 -11.49883 0.228577 -0.55899 -2.499537 -1.895216 3.909626 0.730355 1.139383 -7.91155e-05 -2.044943 -1.074267 -3.376782 -4.60215 -1.490281
0.617828 -11.49883 0.228577 2.589341 2.413787 -2.276136 3.21919 1.838626 4.232791 -0.626248 -0.583055 1.52172 -0.743232 0.684027 1.10889
-1.382172 -11.49883 0.228577 -0.686674 4.416371 -0.875338 2.226221 3.045508 4.584703 -1.798573 2.073827 0.170005 -0.45313 -0.382828 3.934179
-3.382172 -11.49883 0.228577 -2.937416 6.547462 -3.252417 -0.901431 3.436744 1.805906 -0.989971 0.170885 0.369204 -1.976878 -0.532634 2.191325
6.617828 -13.49883 0.228577 -1.92328 -3.737515 -2.070189 1.96149 0.488168 -1.738286 -2.337461 -2.038814 -0.117207 -2.726906 -2.754891 -2.595654
4.617828 -13.49883 0.228577 -3.039602 -1.763919 -7.558302 8.221557 0.830893 0.865124 0.150994 -0.671891 1.015261 -2.800849 -5.283592 -0.568322
-1.382172 -13.49883 0.228577 -2.197171 -0.311357 -1.317596 -1.85215 0.424486 2.256276 -1.293523 0.064666 0.217555 -1.780645 -1.739996 1.393059
-3.382172 -13.49883 0.228577 -3.56938 1.401258 -3.092173 1.174962 0.586934 0.044833 -1.54495 -1.655538 -1.770515 -0.544401 -3.529319 1.213088
8.617828 -15.49883 0.228577 -1.655404 -3.875329 3.59871 -3.620962 0.441912 -3.425261 -2.925947 -2.099384 0.010578 -1.375425 1.026575 -5.343213
6.617828 -15.49883 0.228577 0.203537 -2.728773 0.565464 1.382611 0.161668 -1.154281 -1.698949 -2.157082 2.847743 -1.274832 1.623831 -1.440044
4.617828 -15.49883 0.228577 -1.389966 -2.747123 -5.875697 5.060676 1.570316 0.65281 1.470867 -1.768848 3.725696 -2.258873 -1.164037 1.517675
2.617828 -15.49883 0.228577 0.668023 -1.51283 -5.674598 3.933649 0.696021 2.678037 0.049211 0.298987 2.873573 -1.37448 0.858842 1.296104
-1.382172 -15.49883 0.228577 -2.31153 -2.191869 -2.369864 -1.690744 -2.002017 -0.020299 -0.39654 -0.777647 -2.190202 -1.258461 -3.990359 -0.815672
-3.382172 -15.49883 0.228577 -4.429544 -0.126503 -1.205157 3.48858 -1.41252 0.028743 -0.661252 -0.975469 -4.428007 1.162486 -4.392244 1.20752
8.617828 -17.49883 0.228577 -0.9694 -2.728116 0.539103 -2.941096 -0.142872 -3.419421 -0.616974 -0.719699 0.134026 -1.691453 0.044233 -4.507192
6.617828 -17.49883 0.228577 1.31061 -2.369806 -0.171316 -0.985872 -1.696279 -2.536866 -0.399998 -2.496793 1.439814 -0.115247 2.617834 -1.274476
4.617828 -17.49883 0.228577 2.709718 -4.667362 -1.929387 -0.175645 0.11683 -0.995291 0.365038 -3.538187 2.745302 -1.768967 0.637316 2.184089
2.617828 -17.49883 0.228577 0.063525 -1.970862 -5.60086 3.140476 -2.662747 3.142902 -2.452826 -0.347123 1.154336 -1.544498 -1.102695 2.478115
-3.382172 -17.49883 0.228577 -4.540011 -0.210879 -0.692486 1.419434 -1.588704 0.455431 0.123472 -2.012653 -4.62902 0.371814 -4.902911 -0.723268
8.617828 -19.49883 0.228577 -1.409559 -1.956808 -3.243674 -1.257696 0.575293 -2.270028 0.48539 0.333829 0.247228 -1.206166 -2.506019 -3.443307
6.617828 -19.49883 0.228577 0.434039 -2.07522 -4.252036 -1.122325 -1.74635 -2.976022 0.152352 -1.081665 -0.140637 0.024642 0.042999 -1.426473
4.617828 -19.49883 0.228577 4.951581 -4.744436 -1.953628 -2.228622 -0.88688 -1.807196 -2.286109 -2.236245 0.949274 -0.942977 -0.121297 1.508787
8.617828 -21.49883 0.228577 -1.263089 -3.530228 -1.682839 0.763792 2.554487 -0.489797 -0.286232 2.172919 0.460501 0.295098 -4.108032 -2.321559
6.617828 -21.49883 0.228577 -0.526927 -1.321569 -5.511568 -0.224257 0.671992 -2.22749 -1.253068 0.770885 -0.732581 0.113817 -4.185457 -0.784767
4.617828 -21.49883 0.228577 2.893809 -2.912196 -3.407045 -2.673444 0.712817 -0.862971 -3.416589 -0.59246 -0.298707 0.700239 -1.034475 1.233045
-1.382172 -5.498833 2.228577 3.093756 4.185293 -1.187714 5.726604 -2.131744 4.338359 1.988846 -2.412268 0.582678 0.831456 -1.00115 0.902902
-3.382172 -5.498833 2.228577 1.50198 1.274888 1.880693 2.667531 -1.801827 2.002827 -0.06429 -3.175976 -1.952844 0.15915 -3.258957 -0.654233
-1.382172 -7.498833 2.228577 6.329879 1.881554 1.014323 4.165918 -0.323904 2.630167 2.214552 -0.97099 2.362218 0.869678 0.983491 -0.245976
-3.382172 -7.498833 2.228577 4.473258 1.057445 2.55858 3.235244 -0.931091 1.410402 -2.452694 -4.127303 -2.02103 -0.181606 -5.520181 -3.237504
-5.382172 -7.498833 2.228577 0.590621 2.51923 1.283238 -0.502816 -1.80307 0.289673 -3.706289 -1.546705 -2.497176 -1.030383 -9.060183 -2.376181
8.617828 -9.498833 2.228577 0.229945 9.807656 -0.739498 -1.970919 -2.088883 -0.599057 -0.220255 0.626906 2.236841 -1.3831 3.055743 1.481727
6.617828 -9.498833 2.228577 0.822971 6.643848 -0.605765 -2.554703 -1.951717 -0.421196 0.801664 -0.582423 3.701446 -2.839274 6.533863 -0.326387
0.617828 -9.498833 2.228577 -0.340849 2.991392 0.503736 1.338378 -1.501567 2.203725 -0.864628 -0.287635 0.966878 0.911054 -4.506876 -0.405599
-1.382172 -9.498833 2.228577 3.394295 4.624336 0.003227 6.114859 1.180597 3.860916 -0.210039 1.624384 0.000596 1.43139 -0.994198 1.957449
8.617828 -11.49883 2.228577 -0.626291 0.561001 1.623424 -6.489388 -2.620908 -1.163481 -1.750433 -0.311689 -1.757407 -0.673297 0.022655 0.664214
6.617828 -11.49883 2.228577 -0.038273 1.734656 2.111897 -2.66241 -2.553995 0.176963 0.4438 -1.773849 0.765142 -0.467347 1.764949 1.561577
4.617828 -11.49883 2.228577 -0.456569 0.926572 1.41012 -0.239685 -3.575402 2.756083 -0.450724 -2.398764 -3.242788 -3.158422 -3.552987 -0.342595
0.617828 -11.49883 2.228577 -0.067479 0.536545 -2.593866 -0.392249 -0.070561 2.420273 -1.144549 -2.182513 -0.911865 0.890235 -5.236679 -0.053503
-1.382172 -11.49883 2.228577 -1.134871 5.246286 -3.41807 4.283044 1.198723 4.396827 -2.357713 0.534824 -3.681455 -0.209419 -5.876258 3.088428
8.617828 -13.49883 2.228577 1.71556 -2.175795 3.090225 -5.419107 0.60299 -1.340303 -2.84929 -0.218735 -0.914673 -1.67246 -0.872157 -1.244798
6.617828 -13.49883 2.228577 1.577747 -0.099535 1.313628 -0.569415 0.230553 0.112522 1.441549 -1.414956 2.656364 -0.13741 -0.000864 0.964035
4.617828 -13.49883 2.228577 -0.220388 3.384133 -2.164338 4.815619 -1.847527 1.143759 2.081859 -1.270682 1.544958 -1.216325 -2.950575 0.661613
-1.382172 -13.49883 2.228577 -2.881289 -0.425094 -1.720616 -2.839785 0.763994 1.564978 -1.079958 -2.252371 -3.015347 -3.977683 -4.257561 -0.110956
8.617828 -15.49883 2.228577 4.015975 0.631047 4.51653 -2.421297 2.639374 -0.234458 -2.10975 -0.146518 2.245793 -1.737591 0.953643 -0.414292
6.617828 -15.49883 2.228577 2.897852 2.466363 2.578836 2.51685 2.676274 2.145347 2.157346 -1.283094 5.199423 0.033781 3.207308 1.844566
8.617828 -17.49883 2.228577 3.032222 2.759504 3.482205 -0.819076 0.935536 -0.377531 0.279129 0.47154 2.994523 -1.776972 0.394698 -0.18737
6.617828 -17.49883 2.228577 2.834077 2.752364 4.299272 2.543234 1.145766 1.285682 1.330671 -1.448863 3.480772 0.046163 4.325475 1.124732
4.617828 -17.49883 2.228577 4.069417 0.598477 3.5185 1.837195 1.428611 0.952481 2.473349 -1.150589 3.995548 -1.165812 2.646875 2.313292
8.617828 -19.49883 2.228577 2.382885 0.918722 1.220569 0.187536 -0.151144 -0.500293 3.505839 0.989626 4.768172 -2.251812 2.119827 -1.210974
6.617828 -19.49883 2.228577 3.271029 -0.156363 2.00989 -0.246674 -0.754373 -2.608221 1.861756 -1.645006 3.724635 -0.660967 3.666609 -1.702946
4.617828 -19.49883 2.228577 5.395116 -2.137737 2.961581 -0.870998 0.117321 -2.734971 -0.391488 -0.750942 2.590527 -1.901534 1.669382 -0.315995
8.617828 -21.49883 2.228577 0.435109 -3.26064 0.083518 0.313014 0.272432 0.388898 2.69986 1.652739 2.671905 -1.863848 2.318843 -0.191856
6.617828 -21.49883 2.228577 2.428983 -1.004766 -0.614715 -2.37863 -1.010924 -3.497748 1.159943 -0.653873 3.974981 -0.355432 1.566742 -1.509193
4.617828 -21.49883 2.228577 2.988883 -1.38797 -1.865178 -4.116734 0.084476 -4.105221 -1.090063 -0.465568 2.446712 -0.608133 1.360895 -1.369043
8.617828 -23.49883 2.228577 -0.115635 -3.685796 -0.020705 0.763776 0.186635 0.743175 -0.358231 2.103783 -1.083085 -0.916217 0.937225 0.389162
6.617828 -23.49883 2.228577 0.752502 -1.170442 -1.915693 -3.958627 -0.476359 -2.353033 -1.674948 0.350249 -0.314934 0.25055 -0.544258 -0.781385
4.617828 -23.49883 2.228577 1.850131 -0.720501 -2.014248 -4.90573 -0.325331 -1.99165 -1.002686 -0.74999 -0.085012 1.346811 0.834541 -0.641299
4.617828 -25.49883 2.228577 -1.016365 -2.009073 -2.497107 -2.322938 -1.860049 -0.062142 -1.965337 -0.569099 -1.178131 -0.126827 0.019087 -0.54007
-3.382172 -5.498833 4.228577 4.090002 5.815143 3.146574 -0.567978 1.321776 -1.029793 -1.720607 -1.090958 0.033487 -2.126011 0.234173 3.605399
8.617828 -7.498833 4.228577 6.428926 6.983315 5.651817 3.158966 4.415154 -0.967439 4.222119 1.28057 5.769402 -3.284174 2.634269 2.399217
6.617828 -7.498833 4.228577 8.676063 6.215919 5.987619 5.371233 2.254477 -2.162373 4.917681 1.399947 8.965541 -3.095126 7.866076 3.96397
-1.382172 -7.498833 4.228577 9.794127 3.13662 8.259577 1.079036 3.296401 0.530587 2.931903 -2.978779 4.556667 -1.411833 2.214968 1.918375
-3.382172 -7.498833 4.228577 6.984255 4.040322 4.295188 1.776363 3.674203 1.076113 -1.915583 -3.772311 0.364119 -1.431853 -2.638967 1.889933
8.617828 -9.498833 4.228577 5.1824 10.79793 2.269772 -0.076499 1.372909 0.700204 3.979319 2.026588 3.84006 0.453521 2.675371 3.585616
6.617828 -9.498833 4.228577 6.6059 8.754649 5.259988 0.727815 -0.05039 -0.599985 3.125228 2.203602 7.52522 -1.624359 6.036364 1.59702
0.617828 -9.498833 4.228577 2.203218 3.232954 2.613893 0.53992 -6.077606 3.590928 4.778815 0.711117 3.186691 -0.65251 1.942569 -0.023316
-1.382172 -9.498833 4.228577 6.917179 1.126293 6.637508 4.883045 3.223584 1.819511 2.669419 -0.150148 4.10101 -1.399888 0.740877 1.735296
8.617828 -11.49883 4.228577 2.704137 6.497825 0.389444 -3.414156 -1.433705 1.235284 -0.567463 1.979863 1.044987 3.22379 1.09885 1.893688
6.617828 -11.49883 4.228577 4.76356 7.971863 5.066738 -1.87922 -1.948078 2.196213 0.619198 1.795473 4.479517 -0.310527 2.878673 -0.355704
-1.382172 -11.49883 4.228577 2.861832 1.649624 1.192063 7.131595 0.976208 1.255473 0.963087 0.36466 1.815915 -2.597371 -4.820442 1.575706
-3.382172 -11.49883 4.228577 3.81576 4.0717 4.794566 4.148365 2.371267 0.318195 0.001101 -0.406902 0.982073 -3.838289 -4.484034 -0.424504
8.617828 -13.49883 4.228577 1.832914 3.03143 1.446935 -1.517643 -0.659241 -0.189484 -2.337661 2.041884 1.880943 1.429465 -0.94381 0.325185
6.617828 -13.49883 4.228577 6.109584 2.322644 4.302229 0.199584 -0.489811 2.083529 0.800133 1.585492 4.613605 -0.11658 -0.205216 0.604669
-1.382172 -13.49883 4.228577 1.093583 0.944102 -1.67903 3.78534 0.413487 0.09555 -0.040222 -1.14928 0.059339 -1.745429 -9.533891 0.499745
-3.382172 -13.49883 4.228577 0.997798 2.650727 4.134411 3.886623 2.318921 -1.027706 0.098961 -0.643155 0.660331 -3.793723 -6.639274 -1.317893
-5.382172 -13.49883 4.228577 -1.444546 0.830621 3.149451 -1.591175 3.808927 1.129485 2.356005 -0.459109 0.594361 -0.5841 -0.87794 -0.004378
8.617828 -15.49883 4.228577 2.557495 1.907027 2.908825 1.779006 2.019014 1.366674 -0.033258 1.019242 4.751367 0.572532 -0.246266 0.972432
6.617828 -15.49883 4.228577 6.206843 0.17493 2.369443 2.495492 2.017041 1.805584 1.704322 0.622418 5.400798 1.342589 -1.80848 2.363396
4.617828 -15.49883 4.228577 3.872173 3.487578 -1.184353 4.358179 -0.020545 0.124246 3.463844 2.015983 4.309083 -0.123542 -0.061829 3.127016
-3.382172 -15.49883 4.228577 -0.970464 0.937661 1.633665 3.929407 1.434887 -0.630142 -0.331775 -0.188597 -0.621732 -1.607984 -5.454189 -1.48375
-5.382172 -15.49883 4.228577 -1.314828 -0.938713 1.998983 0.473513 4.222671 2.579993 1.695703 1.722471 -0.378151 0.955178 -0.56206 -1.914913
6.617828 -17.49883 4.228577 1.437136 -0.086076 0.459985 1.532513 0.819563 1.639313 -0.624593 -0.036855 2.144269 0.977484 -3.174317 0.866014
4.617828 -17.49883 4.228577 0.512054 4.640528 -1.245786 3.993772 1.766703 2.185942 -0.176787 3.173227 2.094343 1.085498 -2.177621 1.986852
8.617828 -19.49883 4.228577 2.411327 -0.783297 0.066786 -1.158119 -0.03797 -0.03491 1.882832 1.921427 4.3627 -1.199737 3.423648 -2.200227
6.617828 -19.49883 4.228577 -0.806364 -2.3144 -1.064771 -2.040155 -0.127696 0.074561 -1.951767 0.352243 0.684312 -1.267523 -2.491557 -3.054058
4.617828 -19.49883 4.228577 -0.63543 2.687845 -1.430626 2.805851 0.854177 3.542458 -3.429945 3.647258 0.518362 0.367946 -3.836888 -0.486345
10.61783 -21.49883 4.228577 -2.165488 -4.759489 -0.980217 -2.624471 -0.679628 -2.811286 -0.483694 -0.880426 1.22452 -2.445534 2.473252 -2.594669
8.617828 -21.49883 4.228577 3.819345 -3.592967 1.18105 -1.105147 0.146192 -2.490933 1.72191 1.974714 4.072756 -2.133624 3.978408 -2.449756
6.617828 -21.49883 4.228577 3.741328 -1.491757 0.9736 -3.592581 0.820578 -0.755646 0.72654 0.110487 3.608468 -1.577812 1.171475 -3.109498
4.617828 -21.49883 4.228577 0.969521 2.550234 -1.74928 -1.992366 -0.777734 3.820643 -2.28584 2.020041 1.684372 -1.037398 -1.543786 -1.0108
2.617828 -21.49883 4.228577 0.230522 0.3271 -3.660409 -1.697156 -1.893376 0.810949 -2.796178 1.621283 0.8503 -0.423196 -1.706236 -0.134051
8.617828 -23.49883 4.228577 3.12099 -5.221363 2.269713 -0.155569 -0.784591 -1.897431 0.15466 2.387564 0.833131 -1.68476 -0.65513 -1.379527
6.617828 -23.49883 4.228577 5.529346 -1.026578 3.120422 -2.588918 -0.344936 -0.786207 0.587165 0.984474 2.079253 -0.202077 1.904861 -0.596467
4.617828 -23.49883 4.228577 3.054474 3.052111 2.042025 -2.910673 -0.665574 3.216146 0.642636 0.48084 1.0579 -0.945449 1.630779 0.506374
2.617828 -23.49883 4.228577 -0.430169 3.020814 -0.817511 -1.445031 -0.830988 2.106308 -0.427195 0.576715 0.971428 -1.170994 0.99879 0.697117
8.617828 -25.49883 4.228577 3.158612 -6.780165 2.585885 -0.364196 -2.080029 -1.857949 1.811416 1.200927 1.137739 -1.605849 1.459811 -0.652351
6.617828 -25.49883 4.228577 3.447164 -1.898059 1.947401 -1.913538 -0.175127 -0.955007 0.417275 1.456008 1.299904 0.294146 2.449854 0.509056
4.617828 -25.49883 4.228577 3.505733 0.086689 4.28634 0.455346 -0.428057 2.728858 0.224806 0.229877 1.505148 -0.596907 1.767235 0.685239
-1.382172 -9.498833 6.228577 -1.535115 1.46471 2.306682 1.743193 -3.350431 2.559279 -2.363903 -1.251322 0.276408 -1.240211 -3.920342 -1.282275
-3.382172 -9.498833 6.228577 3.41275 0.203092 1.957025 -0.289479 -0.792234 1.464495 -1.738369 -1.985608 0.391722 -1.511014 -2.091333 0.072627
8.617828 -11.49883 6.228577 1.915878 4.622786 2.430655 -8.607185 1.764935 -0.812372 0.78054 -0.561571 -2.513105 -0.439052 -1.865981 -3.018041
-1.382172 -11.49883 6.228577 -2.968688 0.754784 2.967094 3.436302 -1.189887 1.31913 -3.822408 -2.158807 -2.641632 -3.922379 -5.881704 -1.268553
-3.382172 -11.49883 6.228577 1.361645 2.356137 3.859824 1.580302 1.062837 0.074626 -0.252354 -1.265488 -1.448854 -3.501822 -2.066797 1.99024
-5.382172 -11.49883 6.228577 3.004553 2.152422 2.658828 1.502203 1.946235 -2.378732 1.673921 -0.224725 2.950339 0.381683 1.078786 1.67568
8.617828 -13.49883 6.228577 -1.182895 1.791487 2.126067 -3.356644 0.818035 0.650735 0.019405 -0.241562 -0.904287 -0.762131 -3.424203 -2.905586
6.617828 -13.49883 6.228577 7.836785 0.827887 4.679022 -2.577981 1.881827 1.852554 1.199825 2.397483 1.987728 -1.019872 -3.815159 -1.707411
-3.382172 -13.49883 6.228577 4.721584 0.552805 7.887934 0.109499 5.382527 -1.488873 4.119317 -0.739545 2.310654 -5.769343 1.980424 1.531404
-5.382172 -13.49883 6.228577 0.678508 -1.382964 3.361718 -1.522661 3.856657 -1.734318 4.084293 -0.577701 2.066851 -2.061578 2.717307 2.975256
8.617828 -15.49883 6.228577 -0.813868 -0.769503 6.27692 0.916299 0.797572 0.173698 1.316158 -0.950316 3.739372 -0.07244 -2.110656 -0.54184
6.617828 -15.49883 6.228577 8.110976 -0.623913 6.598632 2.057152 1.598574 0.462034 3.392686 1.763561 5.213711 0.069828 -3.337548 3.278822
4.617828 -15.49883 6.228577 5.040746 2.660789 0.390378 1.810053 -2.117755 1.045073 3.556775 2.208265 2.066564 -0.119091 -1.021491 4.44767
6.617828 -17.49883 6.228577 3.65876 -1.50069 6.802147 1.456914 -0.630091 -2.163314 3.060216 0.438182 4.513445 1.653537 -2.637082 2.585231
4.617828 -17.49883 6.228577 3.690215 2.648036 -1.09405 1.52539 -1.434237 -1.922784 3.410891 3.811982 2.054558 2.34587 -0.947874 1.463669
6.617828 -19.49883 6.228577 0.233641 -2.679059 4.623003 -2.406243 -0.587132 -2.717625 0.796596 1.066397 2.659497 -0.158414 -2.31918 -2.592711
4.617828 -19.49883 6.228577 0.047078 -2.48409 -1.269745 -1.001401 -0.785183 -3.598022 0.748064 2.227602 2.136175 0.704189 -0.920141 -2.470318
4.617828 -21.49883 6.228577 1.169125 -2.073575 -0.685944 -4.814336 -0.633295 -0.793247 -0.055885 0.67798 3.5159 -0.290486 0.579642 -2.197651
2.617828 -21.49883 6.228577 -2.047265 0.682349 -5.27351 1.055773 -2.143517 0.492162 0.321812 -0.734767 2.60211 2.753813 2.1282 0.646532
10.61783 -23.49883 6.228577 -1.829667 6.116343 1.720797 4.403943 2.384733 -0.167112 -1.180718 2.556726 1.360099 0.24879 0.333146 0.50542
8.617828 -23.49883 6.228577 -1.353037 0.973909 2.218714 2.577708 0.705271 -0.244012 -1.670856 3.313184 2.075892 -0.047019 -0.891821 -0.21753
4.617828 -23.49883 6.228577 3.331971 1.750642 0.927216 -3.811905 -0.782838 1.815126 2.319148 0.358954 2.498988 -0.279913 2.386942 0.164041
2.617828 -23.49883 6.228577 -1.344561 3.390587 -2.015978 0.848821 -1.569839 2.570092 0.05726 -0.223459 1.684714 0.716467 1.740845 0.360007
0.617828 -23.49883 6.228577 2.37251 0.575191 -0.84931 -0.75085 -2.013112 2.173999 0.239557 0.052943 2.142541 0.644004 2.101463 1.062192
8.617828 -25.49883 6.228577 0.094916 -0.686314 -2.077938 2.801217 -1.241625 1.185463 -0.803368 2.749726 -0.392883 -0.629491 -0.308663 0.375919
-3.382172 -13.49883 8.228577 3.877975 5.2722 4.614858 0.309736 5.142595 0.575285 1.430107 1.885963 0.771536 -2.176087 -1.700765 -1.297722
4.617828 -17.49883 8.228577 -2.334065 1.866906 -1.713531 -1.182582 -1.391972 -1.436601 1.731219 0.252822 -0.614709 -0.606037 2.373308 2.314041
2.617828 -23.49883 8.228577 -4.098967 3.165827 -2.702574 5.319443 -4.310241 3.225303 -0.07286 -1.706626 -2.531278 2.496493 -2.712996 -0.137669
-3.382172 -13.49883 10.22858 1.859643 0.800224 2.876228 -0.319133 2.316126 -0.264244 2.469275 1.459807 0.014299 -2.700702 -0.261363 -3.001414
4.617828 -23.49883 10.22858 -2.057433 0.732503 0.144477 4.50754 -1.298714 -0.627214 0.709564 -0.974845 -0.294283 0.576368 -3.720233 2.337109
2.617828 -23.49883 10.22858 -5.75536 2.870782 -1.858823 1.193414 -3.102377 0.339482 -0.778936 -3.099315 -1.838832 -0.075828 -2.786823 1.318577
4.617828 -23.49883 12.22858 2.751441 0.11542 -0.218301 1.408078 0.340841 1.354985 1.895421 -0.684984 1.537046 -0.981604 0.360138 0.539125
