-2.703224 -3.664917 -19.38437 -1.849943 -2.007195 -0.29015 0.635411 0.525275 -0.151257
7.296776 -5.664917 -19.38437 3.40643 4.566664 4.760884 4.210906 7.044956 11.36037
5.296776 -5.664917 -19.38437 3.755569 3.49264 4.776415 3.808877 4.392187 3.562086
7.296776 -7.664917 -19.38437 7.955949 8.880017 7.238109 7.223651 8.865325 14.051
5.296776 -7.664917 -19.38437 3.244496 3.469386 3.588787 3.716173 2.674087 4.040712
9.296776 -9.664917 -19.38437 4.787432 5.479023 8.281775 8.103919 5.187577 8.674603
7.296776 -9.664917 -19.38437 5.945989 7.67693 8.059848 7.938707 8.135305 11.75979
7.296776 -11.66492 -19.38437 3.413395 3.958434 7.85966 7.556646 6.865691 7.20261
-0.703224 2.335083 -17.38437 -2.884444 -2.735161 0.604841 4.324669 -4.220375 -5.259721
1.296776 0.335083 -17.38437 2.207974 4.437495 1.490393 1.608204 4.05137 6.83536
9.296776 -3.664917 -17.38437 -1.391069 -3.626071 -1.371666 0.257991 1.143167 -5.488533
7.296776 -3.664917 -17.38437 -0.20211 -1.545313 -0.658982 0.111241 -0.516307 -3.007787
5.296776 -3.664917 -17.38437 2.043591 1.09133 0.05807 0.618806 -0.753143 -2.032032
-0.703224 -3.664917 -17.38437 -0.306628 -2.560519 -1.41746 -2.030089 -2.389819 -3.112152
-2.703224 -3.664917 -17.38437 0.513887 0.157034 1.637178 2.873472 0.301251 -0.685121
7.296776 -5.664917 -17.38437 2.629919 0.726825 2.245941 2.537767 3.134982 1.212113
5.296776 -5.664917 -17.38437 4.56171 2.402689 3.160628 2.784795 3.086717 0.413368
1.296776 -5.664917 -17.38437 -0.233127 -3.407684 -0.781883 -1.693031 1.87644 2.469199
-0.703224 -5.664917 -17.38437 -1.295444 -3.661527 -3.18147 -3.320887 -2.108144 -2.223352
9.296776 -7.664917 -17.38437 7.17516 5.82199 6.836345 10.77871 7.015101 7.401472
7.296776 -7.664917 -17.38437 7.006009 5.843888 7.797797 8.460458 6.37674 7.299431
5.296776 -7.664917 -17.38437 4.45205 5.426135 2.876723 2.437601 2.641675 4.329678
3.296776 -7.664917 -17.38437 1.797171 3.743012 0.931248 -0.581435 1.304602 4.18328
1.296776 -7.664917 -17.38437 -0.420333 -0.74184 0.135134 -1.59572 0.724591 3.572004
9.296776 -9.664917 -17.38437 8.771601 6.881707 10.56462 13.22109 9.5887 9.001476
7.296776 -9.664917 -17.38437 7.729859 6.292795 10.71132 11.974 7.070414 7.391028
1.296776 -9.664917 -17.38437 0.206856 0.154007 1.060362 0.881924 0.657232 4.312376
9.296776 -11.66492 -17.38437 5.152844 4.696959 8.042267 9.249544 6.610449 4.331639
7.296776 -11.66492 -17.38437 6.135826 5.02281 11.28014 12.7628 9.72353 6.928317
7.296776 -13.66492 -17.38437 3.917708 3.585116 7.400216 8.956168 7.710621 6.833987
7.296776 -15.66492 -17.38437 3.03382 3.16563 2.28643 3.064291 4.370093 4.523762
1.296776 0.335083 -15.38437 -1.205897 0.970606 0.550545 -0.319841 2.212341 5.901731
-0.703224 0.335083 -15.38437 1.632917 3.95094 2.611517 1.18488 2.742752 5.986404
9.296776 -1.664917 -15.38437 -4.838651 -5.764228 1.188688 -1.363075 1.473186 1.404426
7.296776 -1.664917 -15.38437 -4.395579 -5.516099 2.323865 1.840832 -2.490808 -1.307508
-0.703224 -1.664917 -15.38437 -1.354 -1.743586 0.165142 -0.441186 -1.972499 -1.197665
-2.703224 -1.664917 -15.38437 -0.994166 -3.999846 1.425684 0.260358 -0.955428 -3.473473
7.296776 -3.664917 -15.38437 -4.301522 -6.694243 1.008303 2.478179 -6.105888 -8.374971
5.296776 -3.664917 -15.38437 1.68402 0.751744 1.339408 3.637814 -1.421717 -0.593152
-0.703224 -3.664917 -15.38437 -0.451063 -2.945998 -0.073541 0.046103 -1.886432 -3.050548
-2.703224 -3.664917 -15.38437 0.077489 -2.684119 0.809036 2.126326 -0.716178 -2.948215
7.296776 -5.664917 -15.38437 0.858229 -1.632353 1.789679 0.731761 -0.570953 -3.429846
5.296776 -5.664917 -15.38437 3.519132 0.777631 3.389098 3.521441 0.706338 -1.332725
1.296776 -5.664917 -15.38437 -1.766765 -4.223765 -0.813927 -2.023701 -3.233805 -3.540787
-0.703224 -5.664917 -15.38437 1.101751 -1.880393 -0.974206 -3.563411 -0.395754 -1.442406
9.296776 -7.664917 -15.38437 1.354646 0.021381 1.333816 2.023423 2.692866 2.061062
7.296776 -7.664917 -15.38437 2.646552 -0.011154 3.462279 3.161238 2.732794 0.843594
5.296776 -7.664917 -15.38437 2.857965 -0.725209 1.760216 2.02654 1.881878 -1.433956
1.296776 -7.664917 -15.38437 -2.516071 -4.615114 -1.234748 -0.938963 -1.938641 -4.09037
-0.703224 -7.664917 -15.38437 -0.597281 -3.883333 -2.987805 -3.080136 -1.227351 -4.380282
7.296776 -9.664917 -15.38437 2.839893 1.40139 4.005992 4.339444 0.805143 -0.177604
5.296776 -9.664917 -15.38437 2.350034 1.838898 1.94765 1.85098 2.061441 2.36859
1.296776 -9.664917 -15.38437 -3.670676 -4.153596 -0.970897 -0.838085 -2.240108 -2.456374
-0.703224 -9.664917 -15.38437 -3.710311 -6.270908 -3.272984 -2.010738 -5.186191 -9.316789
7.296776 -11.66492 -15.38437 2.79079 2.148188 6.621565 7.79607 3.909206 2.520453
5.296776 -11.66492 -15.38437 0.400139 0.292425 4.506055 4.748989 3.476224 2.417847
7.296776 -13.66492 -15.38437 2.327938 3.834588 8.278574 10.30816 5.267468 5.559985
5.296776 -13.66492 -15.38437 0.099844 0.276084 4.254314 4.480072 3.470705 1.217773
7.296776 -1.664917 -13.38437 0.496987 1.811726 4.668072 5.265491 3.474016 4.535932
-0.703224 -1.664917 -13.38437 -0.599468 -0.937608 1.953887 0.075514 -0.284257 0.555415
-2.703224 -1.664917 -13.38437 -0.355953 -2.709255 2.909519 -0.031206 1.317077 -0.152548
9.296776 -3.664917 -13.38437 -2.806071 -2.642927 1.428614 1.235224 0.260479 1.263626
7.296776 -3.664917 -13.38437 1.173917 2.000682 6.238103 6.510955 0.211564 2.830292
5.296776 -3.664917 -13.38437 4.342052 5.31636 7.065117 7.032526 5.252875 9.962267
-0.703224 -3.664917 -13.38437 0.337413 1.88948 1.571586 2.101859 1.079151 0.7821
-2.703224 -3.664917 -13.38437 -0.746279 -0.547363 -1.46592 -3.424289 -0.291637 -1.925421
11.29678 -5.664917 -13.38437 -1.582568 -2.945692 -2.189555 -2.959561 -2.325895 -2.477905
9.296776 -5.664917 -13.38437 0.246503 -1.134371 -0.368299 -1.082777 -1.800283 -2.12587
7.296776 -5.664917 -13.38437 1.769284 1.162831 3.31042 1.350798 -0.893801 2.555808
5.296776 -5.664917 -13.38437 2.553693 2.712727 7.287651 5.022787 3.567118 7.464062
1.296776 -5.664917 -13.38437 2.043693 5.051393 6.445566 7.156604 3.078053 6.44551
-0.703224 -5.664917 -13.38437 2.530705 4.402123 3.195341 3.591427 5.203119 7.055028
11.29678 -7.664917 -13.38437 -0.165844 -2.466976 -1.165501 0.462865 -3.048257 -4.14938
9.296776 -7.664917 -13.38437 1.753299 0.41195 1.000794 1.235217 -0.398484 0.610812
7.296776 -7.664917 -13.38437 3.830858 3.440035 2.109455 2.769713 2.069345 5.099115
-0.703224 -7.664917 -13.38437 -0.414719 0.894236 -0.320216 0.489246 0.857275 5.878695
11.29678 -9.664917 -13.38437 -0.078708 -0.576344 -1.152236 -0.470249 -1.245306 -1.222293
9.296776 -9.664917 -13.38437 -0.287577 0.707594 1.455959 0.206167 -0.553482 2.359301
7.296776 -9.664917 -13.38437 2.403833 4.123511 2.5319 4.030705 -0.704706 1.016021
3.296776 -9.664917 -13.38437 0.530846 -1.46058 4.288431 5.342339 -1.169709 0.464432
1.296776 -9.664917 -13.38437 -1.859106 -2.605138 0.477889 2.844145 -5.178002 -3.77589
-0.703224 -9.664917 -13.38437 -2.127818 -1.29688 -1.807481 -2.616279 -4.193794 -1.013441
-2.703224 -9.664917 -13.38437 -2.016642 0.552818 -2.146335 -4.062739 -2.208915 1.584281
11.29678 -11.66492 -13.38437 1.963774 1.270594 -0.138757 1.101025 1.10873 1.524361
9.296776 -11.66492 -13.38437 0.070062 -0.18242 1.570076 0.809405 1.347788 4.20073
7.296776 -11.66492 -13.38437 0.108256 1.168363 2.012765 2.868183 0.060214 1.608248
5.296776 -11.66492 -13.38437 0.458285 -0.210878 4.56145 3.585965 -0.022084 -1.288922
3.296776 -11.66492 -13.38437 0.459924 -0.706667 4.825791 4.258991 -0.201144 0.928047
1.296776 -11.66492 -13.38437 -1.147331 -1.988604 1.687956 0.839832 -2.948416 -3.204338
-0.703224 -11.66492 -13.38437 -2.243003 -3.187593 -1.840552 -4.122046 -2.507518 -1.432759
-2.703224 -11.66492 -13.38437 -3.164282 -3.054013 -3.460074 -4.622814 -3.944683 -0.012681
11.29678 -13.66492 -13.38437 2.299881 2.403305 -0.719582 0.753646 2.048214 2.091692
9.296776 -13.66492 -13.38437 1.675763 -0.682952 0.824127 0.366004 3.814708 2.722048
7.296776 -13.66492 -13.38437 0.27668 -0.696957 1.054038 2.298538 2.562743 2.398764
5.296776 -13.66492 -13.38437 -0.631106 -1.60586 1.113226 2.471641 -1.265229 -4.15452
1.296776 -13.66492 -13.38437 -2.693765 -3.622066 -2.349175 -3.971914 -3.423827 -9.719596
5.296776 -15.66492 -13.38437 1.476035 1.455326 0.856389 1.857792 0.254774 -0.146872
7.296776 -1.664917 -11.38437 5.973747 9.748177 0.538497 1.867748 3.842717 4.654095
-0.703224 -1.664917 -11.38437 2.031583 -0.542308 2.909651 0.480278 1.815703 1.269802
9.296776 -3.664917 -11.38437 -0.602656 1.967671 2.991284 4.574288 -0.093183 -0.61118
7.296776 -3.664917 -11.38437 5.723377 6.540052 5.500015 6.280436 4.033272 6.467566
1.296776 -3.664917 -11.38437 0.938941 1.434142 0.642802 1.7665 2.151779 4.371806
-0.703224 -3.664917 -11.38437 4.463173 4.457479 1.426633 1.64376 3.082051 3.289846
9.296776 -5.664917 -11.38437 1.475418 -0.488683 1.732109 0.422227 -1.926561 -5.836748
7.296776 -5.664917 -11.38437 5.024403 3.294302 3.979597 2.369002 1.787158 1.185621
3.296776 -5.664917 -11.38437 2.531643 1.747302 6.228983 7.817677 2.098038 2.529939
1.296776 -5.664917 -11.38437 2.386733 4.781335 5.886831 9.521906 3.090562 7.236374
-0.703224 -5.664917 -11.38437 5.314578 7.932367 3.977217 6.50579 2.240796 2.15558
11.29678 -7.664917 -11.38437 -2.605936 -3.279302 1.891456 0.864186 -4.687331 -5.94301
9.296776 -7.664917 -11.38437 1.394404 -0.200038 0.783035 -0.655749 -3.150445 -4.093963
7.296776 -7.664917 -11.38437 5.636252 4.552105 1.293991 0.724864 2.277979 3.347367
3.296776 -7.664917 -11.38437 3.353307 4.367246 8.300316 9.202539 5.122948 8.530167
1.296776 -7.664917 -11.38437 1.730209 6.129039 6.03659 9.978091 2.254771 11.33401
-0.703224 -7.664917 -11.38437 0.395662 3.774812 0.578867 2.636837 -0.966943 5.23387
13.29678 -9.664917 -11.38437 -2.246293 -2.711027 -2.212606 -0.343906 -4.004677 -3.045885
11.29678 -9.664917 -11.38437 -2.507928 -3.59029 0.15638 -0.941949 -2.191585 -3.920265
9.296776 -9.664917 -11.38437 0.094828 0.345781 0.475101 -0.900901 0.342647 0.985755
7.296776 -9.664917 -11.38437 4.775374 7.194057 2.949669 4.905562 3.931733 5.931233
3.296776 -9.664917 -11.38437 4.262685 6.6502 8.296389 9.330085 4.967776 11.27968
1.296776 -9.664917 -11.38437 1.85023 7.431381 5.492227 9.010888 2.418617 11.94849
-0.703224 -9.664917 -11.38437 -1.568676 1.749573 0.183935 0.184846 -0.90804 5.476562
-2.703224 -9.664917 -11.38437 -1.988523 -0.765775 -2.215029 -4.840452 -0.847399 0.19195
13.29678 -11.66492 -11.38437 -0.215134 -0.156828 -0.767146 1.669499 -2.125249 -2.001401
9.296776 -11.66492 -11.38437 -1.332024 -0.321577 0.961992 1.257071 1.453375 3.361317
7.296776 -11.66492 -11.38437 0.361491 3.209312 3.818658 5.729657 5.284395 9.012171
5.296776 -11.66492 -11.38437 3.107274 3.858909 7.675644 8.114362 6.130155 9.423808
3.296776 -11.66492 -11.38437 4.963799 8.213522 8.350491 10.72268 5.466223 14.13458
-0.703224 -11.66492 -11.38437 0.90419 3.322939 1.56264 0.907992 3.503455 6.928008
11.29678 -13.66492 -11.38437 -0.682094 -2.03703 -1.476068 -0.736629 -1.089152 -4.37722
9.296776 -13.66492 -11.38437 -1.867424 -3.22442 -1.123656 -0.868556 0.980631 0.219229
3.296776 -13.66492 -11.38437 3.016485 5.713558 5.837527 11.39203 2.414948 10.5756
1.296776 -13.66492 -11.38437 1.559258 3.245296 -0.130024 0.859395 0.741408 1.506418
3.296776 -5.664917 -9.384369 0.023939 -0.510604 0.992563 2.226093 -2.64318 -2.759407
1.296776 -5.664917 -9.384369 -1.380507 -1.076815 -0.198715 0.458081 -3.247273 -1.514456
3.296776 -7.664917 -9.384369 1.975446 1.966177 2.320777 4.757028 -0.34239 2.800591
1.296776 -7.664917 -9.384369 1.268452 1.663937 3.416259 6.737607 -1.121076 3.074337
11.29678 -9.664917 -9.384369 1.728872 1.10252 1.616076 0.06677 3.258801 3.656223
9.296776 -9.664917 -9.384369 1.987314 1.035058 0.972212 -0.821549 1.403317 2.272155
7.296776 -9.664917 -9.384369 3.454216 2.133945 2.411892 1.823653 2.487708 1.318555
5.296776 -9.664917 -9.384369 4.024823 2.806385 4.519127 5.010554 2.875608 1.494605
3.296776 -9.664917 -9.384369 3.522439 3.698308 4.106891 6.515716 2.686347 5.664831
1.296776 -9.664917 -9.384369 2.270654 3.985089 4.765896 7.693165 1.972909 3.591555
13.29678 -11.66492 -9.384369 0.506778 -0.088399 2.484841 1.343171 4.142067 5.131835
11.29678 -11.66492 -9.384369 2.8839 2.272634 2.691191 0.749291 4.654037 4.982527
9.296776 -11.66492 -9.384369 1.906834 2.034942 1.115502 -0.263905 2.637996 2.925182
7.296776 -11.66492 -9.384369 -1.593236 -0.781993 1.804733 1.857891 5.405161 6.279647
5.296776 -11.66492 -9.384369 2.595606 2.716194 5.113214 6.072744 7.286514 7.844015
3.296776 -11.66492 -9.384369 6.639688 7.382848 8.692861 9.789333 11.47553 13.4335
1.296776 -11.66492 -9.384369 4.940346 7.358399 6.749391 8.2307 8.676804 8.631227
13.29678 -13.66492 -9.384369 1.605176 1.707761 1.853653 2.206018 3.547157 5.46063
11.29678 -13.66492 -9.384369 -0.113885 -0.145326 1.456766 1.054151 2.828282 4.731005
9.296776 -13.66492 -9.384369 -1.679093 -1.964432 0.622902 1.123969 1.199072 -0.017608
3.296776 -13.66492 -9.384369 7.18988 7.857414 7.692882 9.814337 10.66547 13.11828
1.296776 -7.664917 -7.384369 1.667176 0.979783 0.791268 -0.997417 3.780076 4.397809
3.296776 -9.664917 -7.384369 3.039713 2.935218 2.985204 3.07899 1.298184 5.319375
1.296776 -9.664917 -7.384369 -0.33311 -0.009768 -0.592951 -0.321571 0.210425 2.458051
7.296776 -11.66492 -7.384369 1.031215 0.680026 1.214257 1.232722 5.043746 3.677123
5.296776 -11.66492 -7.384369 1.87956 1.782968 4.63981 7.709697 1.326182 1.687535
1.296776 -11.66492 -7.384369 0.518568 0.581529 -0.378729 0.794358 2.38026 2.476001
1.296776 -9.664917 -5.384369 2.176789 2.581846 2.773108 3.533553 4.18862 3.58691
-0.703224 -9.664917 -5.384369 -2.230348 -0.850665 2.58824 3.747714 -1.664989 -1.426586
9.296776 -11.66492 -5.384369 -0.009525 0.372296 2.904403 2.257837 0.834031 1.683566
7.296776 -11.66492 -5.384369 0.723375 -2.218964 1.803496 0.158157 5.116196 1.743421
5.296776 -11.66492 -5.384369 0.78529 -3.755488 4.087298 1.905541 5.86267 2.372702
