1.906197 -7.8461 -16.87319 12.0827 -4.58463 2.425738 5.934073 -0.259043 -2.24293 -5.732621 2.727532 -3.605762 3.003817 9.665195 5.159307
-0.093803 -7.8461 -16.87319 6.254873 1.640257 2.432845 6.780034 0.847886 3.948843 -0.411704 -2.012118 -1.124296 -1.075198 2.756522 0.966354
1.906197 -11.8461 -16.87319 2.578735 -1.832139 3.441168 -1.058113 -1.128736 0.374367 -2.017462 3.497018 0.789547 6.042152 7.63163 0.161045
1.906197 -13.8461 -16.87319 1.01979 0.490733 6.458363 -2.371131 -0.840266 -1.680143 -1.374546 2.65745 2.278289 4.422105 5.18346 -3.490489
1.906197 -7.8461 -14.87319 4.413424 -1.401655 -5.452339 9.966615 0.511882 2.139273 -2.883945 3.201202 -2.590216 5.170407 5.016727 2.158017
-0.093803 -7.8461 -14.87319 3.875876 3.030006 -2.858262 10.4599 -1.818535 4.744954 -2.687988 1.692338 -2.657715 2.360667 -6.723171 1.063959
1.906197 -9.8461 -14.87319 6.67363 -1.592318 -6.769886 10.5938 -1.701077 3.838134 -4.255641 2.867512 -3.218358 7.749051 3.851851 1.588688
-0.093803 -13.8461 -14.87319 0.640584 3.386382 5.059109 -0.234676 0.027667 1.142283 -1.530751 -0.795018 -1.667612 3.213743 -2.788565 2.229712
1.906197 -15.8461 -14.87319 2.294125 1.540721 3.836746 2.832926 2.029304 0.529919 -3.185824 3.94436 2.360559 5.329887 -2.573533 -0.955738
5.906197 -17.8461 -14.87319 2.879891 -0.942262 6.060478 1.428418 5.443447 2.719788 -1.923797 -4.918784 -1.645276 3.085115 -3.519413 -4.08114
1.906197 -17.8461 -14.87319 3.799637 1.804462 3.325362 7.006981 3.872158 1.583503 -0.876467 0.997016 3.10018 4.25814 -2.560813 -0.825286
-0.093803 -17.8461 -14.87319 5.40599 2.712419 2.667612 3.769907 0.468238 0.683806 2.230515 -0.294062 4.002522 1.846813 2.11942 0.428257
1.906197 -19.8461 -14.87319 2.376989 0.992871 2.187642 4.444989 0.866922 0.208466 0.03981 -0.279016 1.07435 1.904227 -1.410903 -0.988113
-0.093803 -19.8461 -14.87319 -0.105101 1.723546 1.959195 -0.130017 1.550981 0.871069 1.541026 -1.377221 1.096706 -1.787038 0.639787 -0.803738
7.906197 -7.8461 -12.87319 -2.211354 0.649825 5.360324 9.087437 -4.672755 4.554948 -0.139395 -1.5467 -3.115255 3.103985 -0.031984 -2.01551
1.906197 -7.8461 -12.87319 -3.460609 1.303573 -0.617191 8.330935 1.039194 4.461884 -1.137229 0.57686 -0.210116 3.226209 -4.619301 -0.238492
-0.093803 -7.8461 -12.87319 -1.95789 1.646502 0.668265 9.074876 -0.598138 4.029544 -3.335877 0.806103 -0.764851 1.528712 -8.996416 -3.307307
7.906197 -9.8461 -12.87319 0.426592 3.115946 6.577839 9.113188 -4.345648 4.360006 0.961066 0.985986 -0.902679 1.935067 4.397743 -0.87854
5.906197 -9.8461 -12.87319 3.751854 1.368994 1.244234 11.88071 -2.781962 3.34912 -1.913823 -5.778275 -1.025313 0.137495 -1.445027 -3.976971
1.906197 -9.8461 -12.87319 0.396175 2.297724 -2.075826 14.42512 0.084517 5.227074 -3.42255 -5.522366 -1.516544 1.22743 -6.883516 -2.376835
7.906197 -11.8461 -12.87319 0.182084 1.688546 3.013347 3.703633 -1.503251 2.706961 0.803309 -0.401886 -0.341887 0.551743 1.99698 -0.572679
5.906197 -11.8461 -12.87319 2.167468 3.157827 -0.14652 15.53903 0.592362 6.296277 -0.402566 -4.42318 -2.034897 6.698614 -3.015664 0.172406
1.906197 -11.8461 -12.87319 4.901524 3.872174 -3.00278 17.7939 -0.289548 4.760078 -3.560389 -5.08171 -1.510188 3.600804 -8.505517 0.577753
-0.093803 -11.8461 -12.87319 1.486746 1.125261 6.25306 13.63174 2.940552 -1.476218 0.485733 -3.787227 0.685479 -0.174955 -3.601768 -1.471742
7.906197 -13.8461 -12.87319 -3.697497 -0.523283 -3.845582 -0.855782 -1.554829 0.947493 0.654519 -3.17954 -2.454011 -0.624403 -2.51047 0.267875
-0.093803 -13.8461 -12.87319 3.721558 3.838862 3.791818 6.546102 1.779519 1.1379 0.565262 -0.312527 2.137999 3.56098 -1.088464 2.895238
7.906197 -15.8461 -12.87319 -2.705428 0.34335 -3.446863 -1.575136 -2.825065 -0.677525 -0.455203 -4.215961 -2.712381 -1.445107 -1.28426 1.014909
5.906197 -15.8461 -12.87319 -0.795162 5.837673 1.951663 8.825261 4.387065 6.706075 -1.107015 -3.940894 -1.578707 9.169841 -3.536718 0.875095
-0.093803 -15.8461 -12.87319 5.630949 3.113819 1.052738 -0.32239 1.949347 2.183465 -0.219283 0.481253 5.978525 4.331156 0.616964 0.955496
7.906197 -17.8461 -12.87319 -2.840786 1.053896 -0.459402 -2.5484 -2.618754 -1.502477 -0.722177 -4.810946 -1.056486 -0.82555 -2.665354 0.192688
5.906197 -17.8461 -12.87319 4.457263 5.019114 3.761334 0.197162 4.847655 1.344292 -0.139984 -3.319666 2.462569 6.685381 -3.132544 -1.757422
1.906197 -17.8461 -12.87319 5.481242 1.585445 0.732027 7.391369 5.484519 3.364685 -2.235495 2.615734 1.171459 7.095731 -2.256596 -2.211533
-0.093803 -17.8461 -12.87319 4.674787 2.175215 0.564162 1.53567 4.219601 1.519142 1.844219 -0.343721 6.867338 1.421747 2.786553 -2.133037
3.906197 -19.8461 -12.87319 1.087576 3.612396 8.248685 4.195486 4.069601 3.856085 -3.259348 0.470106 2.545121 3.972727 -7.245523 -2.487167
1.906197 -19.8461 -12.87319 1.801225 -0.157537 2.120172 7.208198 -2.10048 1.220013 -1.750522 1.030087 1.505829 1.528547 -1.497338 -3.88175
-0.093803 -19.8461 -12.87319 1.590373 2.84849 1.117121 2.622334 0.157825 -0.272394 0.632496 -0.435682 2.163785 -1.361917 -0.912179 -1.434035
1.906197 -21.8461 -12.87319 -3.780965 -0.422765 -0.227744 4.739419 -6.390466 -0.155865 -4.146068 2.189374 1.502999 -0.044985 -5.26271 -2.512316
7.906197 -7.8461 -10.87319 1.447939 -2.605199 2.321526 8.769422 -0.51174 1.092545 0.014314 -0.119281 -6.751251 2.524418 -5.808684 -0.227083
5.906197 -7.8461 -10.87319 4.860379 -8.985843 -4.054393 5.540732 -5.711332 -2.48658 0.132019 4.746057 -3.209219 0.829296 -3.888253 0.903616
1.906197 -7.8461 -10.87319 -10.21481 2.509959 -2.927557 6.825472 0.782077 3.979417 -2.00407 1.217169 1.464892 3.283893 -6.340684 0.318931
-0.093803 -7.8461 -10.87319 -1.178283 2.568663 -0.454744 5.393881 -0.50299 3.691844 -5.096996 -1.020036 2.839514 0.048793 -5.322378 -2.307883
7.906197 -9.8461 -10.87319 -0.133643 0.550127 1.807756 6.74444 -1.625908 0.892811 0.640038 -2.628305 -5.596928 -1.143931 -2.235769 -1.218706
5.906197 -9.8461 -10.87319 0.02315 2.524583 0.864012 7.930497 -1.096742 1.823247 0.941689 -4.515956 -4.03005 -0.67663 -5.11444 -0.973498
1.906197 -9.8461 -10.87319 -11.71603 4.363945 -0.396816 11.35937 1.263135 6.471793 -3.40107 -5.364182 1.217032 2.156723 -7.396259 -0.784631
9.906197 -11.8461 -10.87319 0.614927 1.074 2.393759 -6.564802 4.228295 -2.946438 -2.953163 -0.984549 -2.376839 -3.356796 -1.55907 -3.395321
7.906197 -11.8461 -10.87319 -3.59612 -0.872104 0.06123 -0.189315 -0.539926 -1.759925 -2.582592 -4.201196 -2.73263 -3.122062 -2.384634 -2.609245
5.906197 -11.8461 -10.87319 -8.445756 3.183037 -1.774601 9.38868 -2.531749 3.6159 -0.844612 -4.97343 -1.599499 2.155482 -6.226401 1.396822
1.906197 -11.8461 -10.87319 -5.08734 5.442872 -1.708564 10.80566 0.644205 5.023151 -2.286997 -9.346559 2.796053 0.856958 -6.78752 0.067152
-0.093803 -11.8461 -10.87319 -2.986956 0.60344 4.15866 5.675685 0.314666 -2.783055 -1.140966 -6.386174 3.090331 -1.94327 -8.73518 -4.638501
9.906197 -13.8461 -10.87319 4.227139 0.910394 2.525703 -2.123424 3.339945 -1.083076 -1.728997 -2.166102 -0.280462 -0.463634 -3.822517 -3.756779
7.906197 -13.8461 -10.87319 -5.013931 -1.833081 -2.363428 -3.111253 -1.413089 -1.222878 -1.938617 -2.441581 -2.173624 -2.479083 -3.939588 -2.743977
-0.093803 -13.8461 -10.87319 0.021047 0.322581 -0.479959 3.65518 -0.633032 -1.517763 2.700435 -1.199194 0.821221 -1.346852 -5.654651 -0.812378
9.906197 -15.8461 -10.87319 0.650241 2.36138 -3.844227 4.313261 0.942794 2.140684 -0.941452 -0.645846 -0.087612 2.817056 -5.46125 -1.07979
7.906197 -15.8461 -10.87319 -4.822198 0.086969 -2.251569 -0.367702 -4.055521 0.633295 -0.196512 0.952971 -2.391893 -1.351939 -2.157135 -1.3814
5.906197 -15.8461 -10.87319 -6.886958 4.402491 -2.936921 5.41551 -1.5101 3.464275 -3.220102 -1.770978 0.27573 2.656958 -0.039419 -0.01338
-0.093803 -15.8461 -10.87319 -1.887887 -0.858701 -1.325262 -1.103754 -1.742241 1.104936 -0.388408 -1.658453 -1.278891 -1.625473 -5.618347 -4.181873
7.906197 -17.8461 -10.87319 -5.893774 -0.364179 -1.948587 0.843289 -4.637043 0.132509 -0.06927 -0.019667 -0.934164 0.7841 -3.868432 -1.154533
5.906197 -17.8461 -10.87319 -1.095331 2.889672 0.946178 -0.05515 -1.144011 -1.704978 -0.903608 -2.159909 4.780015 2.338763 -2.996394 -5.022494
3.906197 -17.8461 -10.87319 1.889076 10.68667 4.504836 3.421354 7.060749 1.591163 -4.953489 -5.524218 1.162839 7.226459 -8.895326 -5.041674
1.906197 -17.8461 -10.87319 3.642937 2.179262 3.016646 1.383825 1.031042 1.681681 -1.550217 0.253708 0.638968 2.25126 -0.475538 -4.344856
-0.093803 -17.8461 -10.87319 -1.097241 -1.045384 1.619463 -1.741591 -1.055401 0.710701 -1.145368 -3.704792 0.247298 -2.173767 -1.600956 -6.549113
3.906197 -19.8461 -10.87319 0.012868 2.061218 7.803828 -4.554283 4.199004 -1.597495 1.218511 -5.81201 7.260613 0.078381 -4.003407 -8.044652
1.906197 -19.8461 -10.87319 3.861418 1.23968 2.726786 1.722529 -0.93766 1.001628 -1.20003 0.637616 1.534162 2.779603 2.825396 -3.156693
7.906197 -21.8461 -10.87319 -1.930833 1.352465 -6.454002 0.62524 -4.140941 -1.154009 -1.70373 -0.891605 -0.91072 -1.326418 -2.653327 -3.278199
1.906197 -21.8461 -10.87319 -4.638451 0.384738 -3.136864 3.624226 -4.698613 0.644809 -2.499728 0.218134 -0.302012 -0.080676 -4.117892 -1.474377
-0.093803 -21.8461 -10.87319 -8.055467 0.005354 -1.560159 1.470721 -7.74324 -0.55001 -6.108617 -1.189748 -2.966805 -2.520211 -8.077361 -1.112797
5.906197 -27.8461 -10.87319 6.781503 -2.69656 3.919856 -0.644113 0.823517 -1.522527 -1.639246 -2.432377 0.244609 -0.236824 -3.981475 -2.750992
-0.093803 -27.8461 -10.87319 0.654704 -1.739279 -2.122533 3.567358 -0.420519 -2.614109 -2.947349 -1.404855 -0.078007 0.49541 -6.429298 -0.381172
5.906197 -29.8461 -10.87319 5.893728 -0.422974 3.218419 0.879467 -1.820257 -2.253569 -2.109409 -3.105104 -1.317183 0.891739 -2.350472 -1.282811
9.906197 -5.8461 -8.873192 -3.888116 -1.796669 0.530738 8.658545 -0.290156 1.429501 -7.461086 -2.398315 -2.26017 3.864308 -8.375834 1.661043
7.906197 -5.8461 -8.873192 -0.217724 -4.612776 4.10042 11.51892 2.050732 -1.379935 -7.267955 6.938377 -4.658238 8.742452 -4.694261 6.378299
7.906197 -7.8461 -8.873192 -1.55728 -5.004606 2.299278 -1.868393 2.15378 -2.262733 -3.15967 3.14846 -4.596481 5.025651 -3.180304 1.13966
5.906197 -7.8461 -8.873192 -4.325009 -11.96237 -2.416237 -3.897869 -6.921579 -6.327064 -0.65597 8.862046 -6.367641 1.422182 -3.945546 6.589861
1.906197 -7.8461 -8.873192 -11.0916 2.801676 -6.644427 0.78815 -0.659447 -1.588456 -1.104098 2.560144 -2.384913 0.112325 -13.51572 2.067971
9.906197 -9.8461 -8.873192 -2.025888 2.631899 4.319234 -0.399868 -2.156638 3.396328 -3.411137 0.653018 -4.894859 4.272048 -2.896662 0.39642
7.906197 -9.8461 -8.873192 -4.459841 -2.401803 2.477802 -5.01172 0.242974 -0.609186 0.926862 -1.380966 -3.725871 0.047838 -1.379294 -1.541691
1.906197 -9.8461 -8.873192 -10.60453 1.644365 -6.45746 4.658175 -0.020114 2.374948 -1.621563 -0.838769 -2.611044 -2.535953 -10.20357 1.56443
-0.093803 -9.8461 -8.873192 -1.658208 0.532263 0.300252 0.190761 -3.126765 -1.54123 -4.845746 -1.03071 -1.880036 -2.60738 -11.27407 -2.30432
11.9062 -11.8461 -8.873192 0.765495 4.163074 6.349758 -0.121605 -0.225176 1.389763 -5.379319 3.943093 -6.902844 3.631622 -8.37437 1.314683
9.906197 -11.8461 -8.873192 -1.210861 3.225902 6.368594 -4.862608 0.254656 2.555475 -0.741917 1.609679 -5.494723 2.71165 -3.35148 0.308096
7.906197 -11.8461 -8.873192 -6.625987 -2.475164 2.644167 -7.192742 0.28314 -1.219519 0.152323 -3.614432 -1.499111 -2.187873 -2.04793 -1.948482
1.906197 -11.8461 -8.873192 -3.559839 1.746961 -6.787379 5.85673 0.213989 1.625021 -1.593857 -5.087001 -0.51942 -2.988351 -4.861458 -0.484641
9.906197 -13.8461 -8.873192 -0.90893 1.580118 5.041607 -4.022482 1.722494 1.392272 -0.667963 0.667029 -2.081164 4.162199 -4.901167 -0.051267
7.906197 -13.8461 -8.873192 -6.376419 -4.558687 2.430172 -9.398337 0.246338 -2.734594 -1.506674 -3.376653 -1.938896 -2.230999 -4.614436 -3.697552
1.906197 -13.8461 -8.873192 2.548327 2.038675 -5.107044 1.718984 -0.422891 -1.956045 -0.411012 -5.488892 -0.696798 -2.857965 -3.738806 -2.109604
-0.093803 -13.8461 -8.873192 2.509782 -0.190869 -0.366172 0.267267 -1.772878 -3.298386 2.312255 -1.362463 -0.742783 -1.097954 -4.447955 -5.835226
9.906197 -15.8461 -8.873192 -2.200911 1.084027 -1.077898 2.023413 2.606779 0.128085 -2.411783 0.090326 0.081302 5.589099 -4.955369 0.805443
7.906197 -15.8461 -8.873192 -3.229879 -4.423545 1.150251 -3.309453 -1.154195 -2.144087 0.019031 1.629117 -2.470062 -0.153094 -3.914807 -3.829003
5.906197 -15.8461 -8.873192 -6.754599 0.947854 -0.593833 3.025981 -0.85575 1.018365 -2.605281 0.96214 -2.032276 -0.222531 -5.320756 -1.764656
-0.093803 -15.8461 -8.873192 -3.515503 -0.007901 -1.653144 -3.5928 -4.622248 -2.076196 -0.789255 -3.008625 -2.828947 -0.952702 -10.42953 -5.513974
9.906197 -17.8461 -8.873192 1.096583 0.952089 -2.993079 5.247284 3.530591 -1.275071 -2.245798 1.696223 0.105585 3.607023 -5.146943 0.800721
7.906197 -17.8461 -8.873192 -0.12646 -3.31109 0.989727 0.387755 0.449912 -0.811008 1.689259 4.759517 0.211958 0.868975 -4.688299 -1.555278
5.906197 -17.8461 -8.873192 -0.14133 -0.280531 2.230921 3.954349 0.859886 -0.129635 -2.256137 3.257624 -0.608434 1.11075 -6.783678 -2.037946
1.906197 -17.8461 -8.873192 -0.20757 2.823579 2.541761 4.929531 0.110756 1.847767 -2.469468 0.903143 -0.908527 0.234072 -4.973605 -2.849973
-0.093803 -17.8461 -8.873192 -6.395369 -0.691395 -1.593011 -1.652671 -2.957628 -0.317933 -4.753205 -4.762547 -1.9221 -2.325494 -6.182726 -4.149413
11.9062 -19.8461 -8.873192 2.305042 2.701717 1.587026 8.752863 0.802749 0.375397 1.701997 2.06138 1.409593 1.060552 -3.042609 -1.774308
9.906197 -19.8461 -8.873192 1.19875 0.918486 -2.992199 8.093816 1.676766 -0.290559 -0.977202 1.330154 -0.974634 0.99123 -5.511651 -1.379571
7.906197 -19.8461 -8.873192 -0.455329 1.61833 -2.436467 4.531976 0.558295 -0.387619 -0.940439 2.662195 -0.326475 -1.506235 -9.511456 -0.814101
3.906197 -19.8461 -8.873192 -2.175166 3.302911 2.456182 0.911899 3.766409 -0.128395 -0.323318 -4.760877 -0.43773 2.331139 -10.34342 -6.026315
1.906197 -19.8461 -8.873192 3.430407 0.663576 -0.338472 5.777122 1.4101 1.55231 -0.800306 0.945687 0.726106 3.676561 -0.80526 -3.937885
11.9062 -21.8461 -8.873192 2.403325 1.537982 0.992761 5.504894 0.931072 1.553638 1.933357 0.79038 1.402608 1.255658 -4.523442 0.434326
9.906197 -21.8461 -8.873192 -0.284967 3.349207 -2.180534 3.216892 -1.480017 -0.4317 -0.51596 2.856652 -0.213231 -0.239169 -4.180494 -0.172174
7.906197 -21.8461 -8.873192 -2.3344 3.56758 -5.502192 6.999096 -3.032996 1.67182 -1.696606 4.727913 -1.549455 0.284913 -5.909564 0.206686
3.906197 -21.8461 -8.873192 -6.924798 0.741331 1.83229 -0.622475 0.898364 -2.503529 2.455128 -3.488333 3.041299 -2.034956 -7.631689 -4.461112
1.906197 -21.8461 -8.873192 -4.098604 0.119642 -4.821843 6.006034 -3.07218 0.898931 -0.686883 -2.888772 -1.86868 0.743912 -2.958083 -2.896304
-0.093803 -21.8461 -8.873192 -9.473199 -1.394426 -3.194344 0.350573 -6.970359 0.851611 -3.766453 -4.504802 -3.474429 0.081087 -4.854428 -3.013405
11.9062 -23.8461 -8.873192 4.051904 -1.147836 -2.021827 1.399562 -1.275805 1.338506 -0.308261 1.645661 0.098465 0.319293 -3.889543 -1.209659
9.906197 -23.8461 -8.873192 0.116105 0.413373 -4.343733 -0.747688 -3.180058 -2.972177 -1.163751 2.123835 -1.445849 -2.080955 -3.229274 -3.09333
7.906197 -23.8461 -8.873192 1.009241 0.026128 -7.080995 3.116532 -3.755099 -1.596394 -1.550639 2.801308 -2.136675 0.340607 -3.487617 -0.794131
1.906197 -23.8461 -8.873192 -5.321104 0.264871 -2.795573 4.831828 -2.384898 2.244196 -0.455186 -2.525475 -1.68333 -1.3313 -2.650835 -0.884258
-0.093803 -23.8461 -8.873192 -9.099939 0.578131 -0.753535 3.08762 -5.043386 2.179618 -2.579813 -1.463987 -3.120601 -1.743333 -5.08152 -0.555171
-2.093803 -23.8461 -8.873192 -1.715846 -0.707596 3.740955 0.499093 -1.767542 1.198303 -2.53492 -1.655079 -1.786747 -0.86002 -2.45387 -2.38674
9.906197 -25.8461 -8.873192 0.805205 -3.443361 -0.7271 0.253957 -4.196146 -3.094626 -1.637153 0.589661 -2.27638 -3.545649 -3.115165 -3.128962
7.906197 -25.8461 -8.873192 2.337543 -4.495839 -2.193302 1.529487 -1.28036 -1.893087 -1.255064 0.521474 -2.257508 -0.519049 -2.358781 0.157708
5.906197 -25.8461 -8.873192 3.864596 -2.922523 -4.468911 2.218723 1.143286 -0.64172 0.363396 0.739255 3.349315 0.903421 0.664742 1.075079
3.906197 -25.8461 -8.873192 0.234657 -1.349067 -2.465252 0.837134 2.369047 0.544182 0.358101 0.46077 4.650062 1.124113 -0.413145 -1.510489
1.906197 -25.8461 -8.873192 -1.6837 0.019515 -0.688006 3.786512 2.090022 2.024311 0.829784 -1.363551 0.605823 -0.189763 -2.913223 0.082972
-0.093803 -25.8461 -8.873192 -3.136607 1.521109 -0.999386 5.567144 -1.358645 1.919015 -1.391303 -0.07745 -1.909463 -2.041991 -5.953671 0.722414
-2.093803 -25.8461 -8.873192 -2.319045 -0.155785 3.001044 2.241972 -1.439391 1.910128 -3.002068 0.304466 -0.060303 -2.216394 -3.325874 -1.837739
7.906197 -27.8461 -8.873192 2.101327 -5.672276 2.567419 1.242697 -2.704318 -0.75446 -1.213072 -1.302249 -0.463608 -0.406662 -1.591437 -0.013215
5.906197 -27.8461 -8.873192 7.177838 -3.412918 0.4606 -0.423064 -0.560305 -0.344924 -0.228172 -2.90572 0.717035 -0.05912 -0.67445 -0.426785
1.906197 -27.8461 -8.873192 1.104002 -0.319356 -2.202225 2.005811 3.977677 1.290599 0.844417 -1.725627 1.872955 0.707093 -2.311447 -0.744383
-0.093803 -27.8461 -8.873192 -0.215253 1.26746 -2.485651 5.674319 -0.266647 1.788676 -0.241241 -0.090016 -2.819467 0.564103 -6.535389 0.884905
-2.093803 -27.8461 -8.873192 -2.000731 -0.740521 -1.243048 2.131901 -2.29564 1.166934 -2.462951 -0.19217 -3.435026 -2.242086 -5.327728 -1.944932
7.906197 -29.8461 -8.873192 -0.442547 -3.631517 1.942413 3.48791 -3.994935 -0.782594 -2.041515 -0.431711 -0.906929 0.260782 -1.095075 0.023311
5.906197 -29.8461 -8.873192 6.884922 -1.366898 0.771392 0.335952 -2.98841 -1.375993 -2.003533 -3.490911 -2.060219 -1.092365 -1.558602 -1.050626
5.906197 -5.8461 -6.873192 0.95448 -9.518597 3.522045 -4.37958 -3.48667 -3.130755 -5.403303 3.281567 -1.154518 0.652371 -2.342412 2.931842
7.906197 -7.8461 -6.873192 -1.009656 -2.609619 3.744625 1.272236 -0.331051 -0.756963 -5.979047 -1.664405 -0.615135 4.975149 0.333783 -1.075594
5.906197 -7.8461 -6.873192 -5.29568 -5.368945 2.31508 -0.024066 -5.850513 -2.334021 -4.592032 5.064825 -2.937011 4.321767 0.77139 3.816082
11.9062 -9.8461 -6.873192 -3.938381 -0.124269 -1.727899 3.101487 -4.878638 -0.714834 -6.144657 2.864852 -4.586766 0.541046 -7.751316 -1.978174
9.906197 -9.8461 -6.873192 -2.494627 3.015427 -1.22934 2.017143 -4.138934 1.294293 -6.590499 0.069897 -3.985952 2.965505 -3.205998 2.420631
7.906197 -9.8461 -6.873192 -5.2737 -2.748839 5.156774 -2.868766 -1.622357 -1.315844 -3.366808 -4.653042 -2.928274 -0.755694 -0.685829 -0.026777
1.906197 -9.8461 -6.873192 1.842406 -1.655347 -4.208125 -2.219772 4.307967 -3.943625 2.216766 -3.126913 -2.376294 -7.087359 -4.856361 -2.901368
-0.093803 -9.8461 -6.873192 11.22196 -2.282205 6.363799 0.658767 2.531441 -0.148133 3.437575 -1.964494 -1.630298 -4.223902 -0.977842 1.198443
11.9062 -11.8461 -6.873192 -0.656297 3.328527 3.799383 4.104027 -1.458102 0.081428 -4.649701 6.193138 -4.993067 2.901052 -6.31486 1.875051
9.906197 -11.8461 -6.873192 -3.152481 2.065526 2.178073 -4.862097 -0.532274 1.235674 -0.504651 0.158941 -4.823423 2.61964 -1.550193 3.217778
7.906197 -11.8461 -6.873192 -5.305229 -1.223564 3.126804 -5.83286 -0.467139 -1.19753 -0.939056 -4.955068 -2.784714 -1.262081 0.648613 1.720346
11.9062 -13.8461 -6.873192 0.910896 5.305743 3.745848 2.659061 -0.996641 1.827535 -4.375102 6.235142 -4.802744 5.08793 -4.626419 5.096071
9.906197 -13.8461 -6.873192 -2.140799 -0.7754 2.930243 -9.434308 1.089588 -1.076429 -0.178201 -3.161507 -6.052934 0.660889 -2.911957 2.159884
7.906197 -13.8461 -6.873192 -3.163794 -2.521996 1.067798 -8.434604 0.699931 -4.279395 -1.598238 -5.943675 -4.360952 -2.244382 -1.446313 0.670009
1.906197 -13.8461 -6.873192 2.304942 0.736839 -1.683062 1.78134 -2.434382 -3.796479 0.92237 -4.802272 -2.059824 -0.599207 0.193479 -5.405887
-0.093803 -13.8461 -6.873192 6.712929 0.786485 0.787185 1.906592 -2.576006 -0.103853 0.878787 2.651911 -0.756494 0.439831 1.644907 -3.085223
11.9062 -15.8461 -6.873192 -0.785937 3.108191 -0.157048 0.430961 -1.595159 1.94884 -3.159111 3.242478 -3.029999 5.231031 -2.980997 4.426377
9.906197 -15.8461 -6.873192 -2.841643 -3.295118 -1.405628 -4.078592 0.269248 -3.676501 -1.979108 -6.255852 -4.361069 0.097253 -2.729167 0.944337
7.906197 -15.8461 -6.873192 -2.690498 -3.57209 -1.629994 -0.269927 0.45867 -5.525237 -0.961853 -5.053699 -4.545884 -2.098305 -2.755387 -1.18143
-0.093803 -15.8461 -6.873192 0.753244 -1.21829 -3.276217 -0.953553 -4.353432 -2.47372 -0.665671 0.043436 -0.163434 0.290751 -4.560067 0.198721
-2.093803 -15.8461 -6.873192 4.206097 -0.178234 -1.45881 2.754778 0.290298 0.207583 -1.297827 -1.920601 -1.149992 0.114686 -3.419914 -2.979906
13.9062 -17.8461 -6.873192 1.924873 3.114468 -0.172019 0.750709 -1.917353 -1.163445 -1.214877 -0.566161 -1.106437 3.092178 -2.713026 -0.205551
11.9062 -17.8461 -6.873192 -0.390489 1.751024 -2.178282 1.146464 -0.355699 -0.20887 -0.447656 2.84923 -2.280313 1.773832 -3.389997 3.015921
9.906197 -17.8461 -6.873192 -0.711006 -1.493374 -5.768467 -0.632652 0.385303 -5.342916 -1.062918 -2.110756 -1.97928 -0.211939 -2.768441 1.00823
7.906197 -17.8461 -6.873192 -1.301788 -1.003423 -2.701443 2.090427 1.624275 -2.043447 0.595747 -2.424583 -0.501996 -2.205858 -2.871122 -2.279984
5.906197 -17.8461 -6.873192 3.388247 0.068503 5.74904 -0.542722 5.156686 -3.270394 0.646359 -1.950622 -0.112313 -1.529269 -3.251285 -5.029462
1.906197 -17.8461 -6.873192 -4.459571 -0.0644 -2.567585 -3.47457 -0.070341 -0.991857 -4.580555 -0.258932 -1.43261 0.683372 -4.974419 -1.978728
-0.093803 -17.8461 -6.873192 -7.325288 -3.139879 -4.696522 -0.180056 -2.449527 -1.407243 -4.1911 0.476021 -0.804245 -1.441496 -6.348305 2.104427
-2.093803 -17.8461 -6.873192 -1.949798 -0.694554 -6.142727 4.528068 0.889453 3.239383 -6.244851 -1.798018 -3.924053 0.004026 -6.851414 0.515157
13.9062 -19.8461 -6.873192 3.181306 1.617668 1.815385 4.696901 -0.369896 -2.313054 0.719289 0.888794 -0.34623 0.269636 -3.830088 -0.171256
11.9062 -19.8461 -6.873192 1.673668 2.40841 0.562298 3.833257 1.69367 -0.718689 3.479199 4.283336 0.941972 -0.930287 -2.38847 1.315185
9.906197 -19.8461 -6.873192 2.178489 1.001882 -1.757173 0.247341 2.366212 -3.033145 0.22622 2.12486 1.577646 -0.953627 -1.986705 -0.735249
7.906197 -19.8461 -6.873192 -0.490472 2.873204 -0.660225 3.458512 0.679997 1.10157 -1.628926 -0.516588 0.170786 -3.528163 -7.679881 -2.091691
1.906197 -19.8461 -6.873192 0.886197 -0.241393 -1.650378 1.614744 2.100126 -2.403881 -1.842564 -3.628492 -0.628363 1.2528 -2.325299 -3.946836
-0.093803 -19.8461 -6.873192 -5.086153 -2.740254 0.244766 1.551589 1.244367 -1.20281 -0.198567 -3.079251 2.984717 0.456832 0.337376 0.511721
13.9062 -21.8461 -6.873192 1.686402 0.015137 -1.079931 3.671054 0.029649 -1.675982 -0.038584 -0.002848 0.892519 1.03237 -7.202131 -0.519159
11.9062 -21.8461 -6.873192 1.111195 1.783949 0.81078 0.661908 1.323856 1.354778 3.963068 3.746325 2.985514 1.304854 -3.979177 -1.398871
9.906197 -21.8461 -6.873192 -1.386869 3.075306 1.116906 -1.282231 1.438297 -0.226635 0.389537 4.837561 2.031945 0.083831 -2.795321 0.031968
3.906197 -21.8461 -6.873192 -3.276041 1.99562 -0.40852 0.590308 1.190628 -2.455925 -0.028375 -5.628035 -2.317626 -2.255961 -11.37883 -2.144704
13.9062 -23.8461 -6.873192 -1.740374 -2.646592 -6.314627 0.787684 -0.282273 0.477575 -2.835701 -2.57584 -1.824395 0.396298 -7.488392 -1.650196
11.9062 -23.8461 -6.873192 1.412353 0.008725 -1.607239 -3.686123 0.612418 2.69318 0.744531 1.27342 0.875232 -0.348068 -3.416978 -3.354152
3.906197 -23.8461 -6.873192 -6.353518 0.741045 -1.990504 -2.589196 -0.038987 -2.417396 -1.176115 -3.594985 0.257006 -3.800332 -10.64855 -3.469349
1.906197 -23.8461 -6.873192 -4.08871 1.667069 -3.990142 2.499968 -3.290643 1.880743 -1.490531 -1.203518 -4.198041 -1.672727 -5.783619 -0.720866
-0.093803 -23.8461 -6.873192 -3.587011 4.18085 -0.245479 4.406588 -1.922045 1.876949 0.80956 0.579836 -0.991893 0.639506 -1.193771 2.176517
-2.093803 -23.8461 -6.873192 -0.995581 -0.602319 1.536018 0.613147 0.807646 -0.670725 0.986509 -4.472217 1.495901 0.285653 0.76453 -3.053768
13.9062 -25.8461 -6.873192 -4.50187 -1.215421 -5.378447 1.86528 -2.747736 1.065595 -3.93365 -3.624995 -4.556171 -1.874807 -7.637785 -3.796126
11.9062 -25.8461 -6.873192 1.246131 0.826391 -1.06396 -1.476723 -0.72177 -0.318467 0.336057 -1.200884 -0.731866 -3.96588 0.412242 -2.991218
9.906197 -25.8461 -6.873192 1.682133 1.021669 -0.189112 -0.969071 0.990645 -0.600496 -0.017158 -0.612901 -0.764315 -2.20114 0.02503 -1.792053
7.906197 -25.8461 -6.873192 -3.888664 -1.22101 -1.996598 -2.586577 -0.465776 -1.876032 -0.636022 -0.462192 -1.717078 -1.035253 -2.513001 -0.337294
3.906197 -25.8461 -6.873192 -6.194258 0.355064 -3.273697 -3.600189 -0.626044 -3.491769 -2.209235 -4.325624 1.680359 -2.002426 -7.618972 -3.883269
1.906197 -25.8461 -6.873192 -2.25389 0.283206 -3.867458 1.547374 -2.111145 1.837736 0.265328 -2.351631 -0.671955 -2.548306 -5.061384 -1.334661
-0.093803 -25.8461 -6.873192 -2.032274 2.578664 -2.121371 4.164683 -2.74512 1.786601 0.98265 0.37754 -1.214556 -0.73244 -3.204144 0.854409
-2.093803 -25.8461 -6.873192 -0.343743 0.167314 2.264985 2.209377 1.252668 -0.296226 1.836501 -2.528997 2.664316 -1.046445 1.571606 -2.180206
13.9062 -27.8461 -6.873192 -3.862545 1.20817 -4.200021 4.414165 -4.16792 0.706564 -2.926376 -2.258096 -4.170273 -1.167517 -7.074054 -1.39673
11.9062 -27.8461 -6.873192 1.934482 2.665502 1.363818 4.034331 -0.148539 0.150689 -0.187204 -1.332655 0.127465 -1.68596 3.088837 -0.826194
9.906197 -27.8461 -6.873192 3.622696 0.622439 3.244039 0.716649 1.593014 -0.131491 1.550053 -2.356439 2.648735 -1.491956 2.782476 -0.430921
7.906197 -27.8461 -6.873192 -4.624304 -1.023433 0.552649 -3.673449 -0.605636 0.210772 2.041573 -3.942487 0.095662 -0.617677 -3.665217 -0.866978
3.906197 -27.8461 -6.873192 -1.600207 0.481905 -0.199707 -4.058438 0.322883 -3.173615 -2.066472 -7.294567 1.67089 -3.36606 -2.320511 -4.545494
1.906197 -27.8461 -6.873192 -2.860192 0.225025 -0.231097 -0.209909 -1.24794 0.269576 -0.081651 -3.701839 1.218197 -3.011685 -1.68617 -1.002408
-0.093803 -27.8461 -6.873192 -0.660222 -0.19436 0.117173 4.237742 -3.546949 1.366944 1.447267 -1.652184 0.024425 -0.397576 -2.225561 -0.351361
-2.093803 -27.8461 -6.873192 0.879548 -1.266653 2.071551 3.544713 0.000726 1.453301 2.194079 -1.52137 0.818602 -3.046236 0.187985 -2.673571
-4.093803 -27.8461 -6.873192 1.309645 7.248832 0.564394 6.904331 3.125048 2.746887 -0.869344 1.04301 -0.116151 -0.185682 0.494295 0.121962
11.9062 -29.8461 -6.873192 2.997032 2.561019 -1.546419 3.650374 -1.987082 -0.713583 -1.385052 -0.363324 -1.452823 -0.071126 -0.728471 -0.531175
9.906197 -29.8461 -6.873192 1.728234 1.115871 2.726629 1.879742 0.078381 0.18706 -0.305717 -3.116219 0.594425 0.131818 1.413034 -0.606086
7.906197 -29.8461 -6.873192 -2.380258 -0.545418 1.482123 0.239022 -1.115994 0.82653 0.780177 -4.878702 -1.04632 0.456219 -3.209993 -2.241735
3.906197 -29.8461 -6.873192 2.731277 -0.479886 -2.188617 -3.488759 0.867858 -2.266654 -3.338071 -5.991719 2.499902 -2.866624 1.037978 -3.658224
1.906197 -29.8461 -6.873192 0.385731 -1.017847 -1.074047 0.475167 0.088065 -1.004237 -1.690219 -2.736458 2.175554 -1.858537 0.576116 -0.628412
-0.093803 -29.8461 -6.873192 -0.01601 -1.625292 1.191622 3.342122 -1.096058 0.197063 -0.067477 -2.598821 -0.79434 1.25397 -1.382311 0.746486
-2.093803 -29.8461 -6.873192 0.692792 -2.382026 1.128859 1.574071 0.720979 0.923691 1.349909 -1.456331 -1.446673 -0.629354 -2.011817 -0.913062
-4.093803 -29.8461 -6.873192 -1.865106 2.042758 -1.892966 4.370224 1.074331 2.804934 -0.668928 -0.043001 -0.853369 0.086014 -3.781232 -0.342795
1.906197 -31.8461 -6.873192 -1.416672 -1.496236 -1.281214 3.032417 -0.920248 -0.757465 -2.657454 0.098947 1.024918 -0.73367 0.738749 -0.150478
9.906197 -9.8461 -4.873192 -2.626225 2.38412 -1.236315 -0.410237 3.054974 -2.742491 -7.009664 -0.645035 -2.59554 -1.385922 -2.249494 0.382615
7.906197 -9.8461 -4.873192 -0.213071 1.777564 4.218207 0.101517 3.191193 0.133521 -3.359197 -3.522481 1.140514 -2.539446 -0.11388 -4.196713
5.906197 -9.8461 -4.873192 -3.474804 3.342553 2.00885 -0.985995 3.169333 -0.27028 -2.925237 -0.66905 1.557375 -1.704698 -1.068378 -3.108803
11.9062 -11.8461 -4.873192 -3.50474 -0.699182 1.483833 -1.507043 1.225497 -2.680762 -4.103032 -0.722479 -0.926718 -0.938701 -4.888366 -2.485256
9.906197 -11.8461 -4.873192 -3.194659 1.134723 -0.044961 -6.488147 5.829887 -1.522465 -2.45322 -4.608115 -1.656089 -0.721309 -0.940046 1.385044
7.906197 -11.8461 -4.873192 1.416039 4.211573 1.176074 2.647704 6.499953 4.154918 -0.769991 -4.749898 3.702493 -0.485433 3.278876 1.03279
5.906197 -11.8461 -4.873192 -3.234549 3.229791 -1.205065 -1.642837 4.584219 -0.713542 -2.883976 -4.368676 2.720913 -1.764528 2.894306 -0.074742
11.9062 -13.8461 -4.873192 -4.459676 2.409003 1.519324 -1.433337 -0.067134 0.875857 -5.0676 -2.622248 -3.757014 0.193581 -3.345646 -0.395681
9.906197 -13.8461 -4.873192 1.02447 1.780237 2.691927 -9.256699 4.571446 -0.339721 -1.534635 -5.792997 -2.929548 -1.509322 -1.076952 2.784565
7.906197 -13.8461 -4.873192 3.939288 5.725957 -1.250878 1.680285 6.473567 3.432711 -2.168391 -3.292715 1.307966 -0.870091 4.416276 4.770936
5.906197 -13.8461 -4.873192 1.213507 3.093254 -2.192058 -0.190003 3.84242 -0.253902 -4.355075 -1.917721 0.881213 1.33575 4.561112 3.535769
1.906197 -13.8461 -4.873192 3.042849 -1.709686 1.668732 -2.171217 -2.796902 -4.562984 -4.272279 -1.668409 -2.95378 -1.159881 -0.97751 -3.234897
-0.093803 -13.8461 -4.873192 -0.372501 -1.303791 0.939812 2.191572 -4.082283 1.588743 -3.642957 3.973467 -4.691723 0.146991 0.036428 -0.78468
-2.093803 -13.8461 -4.873192 3.287405 -1.515994 3.029289 -1.009832 -0.797975 2.465205 2.801376 0.966479 -0.87209 1.243478 2.648095 -2.791745
11.9062 -15.8461 -4.873192 -4.104755 3.400595 -1.362482 -1.347919 -1.495117 2.872056 -3.125724 -2.415002 -5.215549 1.129795 -4.992667 1.395281
9.906197 -15.8461 -4.873192 1.855528 1.592773 0.004181 -6.21778 0.772665 -1.067312 -0.69958 -5.381935 -2.895177 -2.259342 -3.312736 2.703758
7.906197 -15.8461 -4.873192 0.606541 3.700911 -3.092795 0.242053 3.024934 0.361296 -2.367607 -3.854636 -2.653393 -1.81943 -0.718956 4.297997
5.906197 -15.8461 -4.873192 2.84902 3.66086 -0.335313 2.715153 1.290161 0.29092 -2.758668 1.803445 -1.83935 3.6471 -1.112976 1.931044
-0.093803 -15.8461 -4.873192 -3.443725 -3.417762 -1.665374 -1.629498 -2.144346 -0.968262 -4.424417 3.015375 -2.417223 -0.910107 -2.685516 2.012742
-2.093803 -15.8461 -4.873192 5.621609 1.06214 1.170294 4.576154 2.691671 2.158852 0.166265 -0.240018 -0.38445 1.834624 1.532335 -0.644167
13.9062 -17.8461 -4.873192 1.436385 2.952861 3.140379 -0.768823 -1.479536 0.28479 0.429908 -3.066603 2.774216 1.024443 -0.940917 -0.94278
11.9062 -17.8461 -4.873192 -3.988212 1.903376 -1.842292 -1.273453 0.099115 0.784839 -0.597433 1.062204 -1.852085 -0.006695 -6.151584 1.210069
9.906197 -17.8461 -4.873192 -1.739735 1.208821 -2.930444 -0.731735 -0.467492 -2.537173 -0.08061 -0.817449 0.656964 -0.144575 -2.396566 1.264113
7.906197 -17.8461 -4.873192 -0.647182 1.914819 -2.235459 0.432655 0.423999 -1.049184 -1.974444 -3.249984 -2.221066 0.090363 -1.891996 0.272927
5.906197 -17.8461 -4.873192 3.633382 1.538656 1.105398 0.192376 -0.8043 0.159753 -1.094653 -0.705433 -4.103869 1.696722 -2.325601 -0.171063
-0.093803 -17.8461 -4.873192 -2.529375 -3.6775 -0.92971 -6.358386 0.533794 -2.239635 -3.70197 1.992028 -2.155792 -2.225781 -2.609704 3.089374
-2.093803 -17.8461 -4.873192 0.721326 1.318147 -2.179581 -0.18301 1.499199 0.623078 -3.000027 0.396778 -1.826151 -0.093964 -1.142227 1.665871
-4.093803 -17.8461 -4.873192 1.169943 2.936068 -0.123424 1.861829 1.837072 0.162527 -0.465523 -1.095162 -0.346066 1.160835 2.67531 -0.541093
13.9062 -19.8461 -4.873192 0.54669 0.69881 3.214167 0.201111 -1.028601 -1.915569 0.613997 -0.621699 0.000905 -1.646321 -2.348197 -3.430431
11.9062 -19.8461 -4.873192 -1.190119 -0.09109 1.323431 0.278104 2.648127 -1.263469 -0.042069 3.657937 0.125821 -1.514179 -3.130018 0.538566
9.906197 -19.8461 -4.873192 -0.506852 -0.79561 0.354532 0.96104 2.215889 -3.554425 -2.356824 1.556765 2.184487 0.353585 -0.373866 -0.90897
7.906197 -19.8461 -4.873192 -0.42305 -0.892956 -0.702828 3.55689 -0.40958 -2.799311 -1.967089 0.373753 -0.42578 0.023634 -2.917004 -3.03107
5.906197 -19.8461 -4.873192 3.668024 -0.099883 -0.897828 4.811028 -1.188679 -0.640847 -0.54453 0.419843 -4.281907 0.724446 -2.640047 -1.238032
1.906197 -19.8461 -4.873192 -0.529514 1.526375 0.109627 1.726676 2.679016 -1.208069 -2.788296 -3.911526 -1.605639 0.213422 -2.959615 -2.127081
-0.093803 -19.8461 -4.873192 0.889881 0.403989 1.742955 -2.058738 1.579917 -3.285822 -2.664111 -0.919174 -0.770994 -0.853825 -3.094378 2.344085
-2.093803 -19.8461 -4.873192 -2.793682 0.945159 -0.57841 -2.151688 -0.898481 -3.224996 -4.820382 1.386864 -2.571434 -0.318629 -4.667013 3.829948
15.9062 -21.8461 -4.873192 0.385289 3.579379 -0.075691 3.047519 -0.156165 -2.863669 -3.81074 3.006495 -1.400112 -2.586934 -3.778337 2.956515
13.9062 -21.8461 -4.873192 1.064693 0.006571 0.923192 -0.514505 0.964542 -1.044307 0.451541 1.148738 -1.912685 -2.148216 -3.383214 -1.458737
11.9062 -21.8461 -4.873192 -0.204009 -1.633852 1.489166 -0.800324 2.571417 0.022017 1.926139 0.24915 1.849755 0.060901 -1.807156 -0.787173
9.906197 -21.8461 -4.873192 -3.39394 -0.866268 -0.376522 2.544471 2.413041 0.14288 -2.175367 -0.358724 3.254299 0.165472 0.164052 -1.404208
7.906197 -21.8461 -4.873192 -3.312145 -2.476991 -1.08951 5.972726 -1.38203 -3.06631 -1.394511 -0.902949 1.634328 -1.822169 -2.787359 -2.390881
5.906197 -21.8461 -4.873192 -0.884442 -2.965942 -3.514086 4.645945 -0.785436 -1.448687 -1.253371 0.025734 -2.10481 -0.707244 -5.284251 0.476702
1.906197 -21.8461 -4.873192 -0.743078 1.528153 -1.889987 -0.291416 -0.895419 -2.74907 -2.138822 -1.748232 -2.600412 -0.566816 -5.876484 -3.096536
-0.093803 -21.8461 -4.873192 2.913712 0.117448 0.214816 0.482316 0.541106 -2.708486 -2.37378 -1.081395 1.118192 -1.852646 -4.840322 -2.968719
-2.093803 -21.8461 -4.873192 -1.941327 0.445847 -0.792867 -2.919922 -0.976171 -4.872238 -4.714339 -1.358852 0.860236 -3.913562 -8.30391 -2.768173
15.9062 -23.8461 -4.873192 -3.951816 0.010264 -3.919719 1.710882 -1.955122 -1.150391 -2.602114 1.492896 -4.789515 -0.708831 -6.245811 3.015623
11.9062 -23.8461 -4.873192 -2.328652 -0.121097 0.273556 -1.864771 2.315871 1.345321 3.132121 -1.687749 1.842798 0.037164 -2.515898 -0.316463
9.906197 -23.8461 -4.873192 -4.449657 0.962943 -0.691829 1.549103 3.078403 0.513298 -1.805171 -0.515004 2.484376 0.08979 2.330273 -0.627828
7.906197 -23.8461 -4.873192 -4.993752 -0.738368 -0.82145 3.622305 0.133727 -2.644101 -2.415382 -1.251939 0.01577 -1.656687 -2.05125 -1.950469
5.906197 -23.8461 -4.873192 -2.549125 -3.367001 -1.912401 2.208043 0.050246 -0.143402 -2.731187 0.578884 -1.691654 0.15465 -5.663598 1.567917
3.906197 -23.8461 -4.873192 -2.281097 -2.388656 -4.921833 0.414343 -2.675579 2.159672 -2.567755 2.580566 -3.444404 -1.074898 -9.454674 1.961948
1.906197 -23.8461 -4.873192 -3.935606 0.722559 -2.457799 -0.00968 -4.248696 -1.742112 -1.345852 0.67373 -4.374215 -0.263511 -8.245455 -2.54728
15.9062 -25.8461 -4.873192 -2.874088 -0.61992 -2.001432 3.487146 -2.40739 -0.784556 -2.559024 -2.120265 -4.638219 1.097128 -8.070403 -1.026271
13.9062 -25.8461 -4.873192 -6.701612 -0.249869 -4.682626 0.743627 -1.378044 -0.963294 -0.44368 -3.356276 -4.390245 -4.021926 -6.739209 -1.209237
11.9062 -25.8461 -4.873192 -4.596466 0.547339 -1.950586 -1.096079 0.531642 -1.251799 1.404609 -2.548003 -0.902564 -3.242691 -0.640443 -1.036892
9.906197 -25.8461 -4.873192 -2.480631 2.947931 -0.674424 0.850947 2.229353 -0.688041 0.621541 -1.792867 -0.106202 -0.544583 1.512173 -1.251346
7.906197 -25.8461 -4.873192 -5.248646 3.593013 -1.932559 -0.007041 1.599717 -1.085958 -0.322172 -0.637766 -0.640562 0.53159 -1.084792 -1.707397
5.906197 -25.8461 -4.873192 -7.736629 0.579268 -3.356463 2.403141 -1.649186 1.173986 -4.160923 1.812654 -2.433227 3.047633 -5.418964 2.48294
3.906197 -25.8461 -4.873192 -6.646029 -1.390863 -4.218163 4.44812 -3.518667 3.645235 -3.547614 1.04888 -2.686572 1.485748 -9.959963 3.542179
1.906197 -25.8461 -4.873192 -3.194593 0.874272 -2.210589 1.696712 -3.94701 0.284249 1.835075 -1.626974 -0.048824 -0.299684 -7.281528 -1.193778
15.9062 -27.8461 -4.873192 0.995676 1.64203 -1.087912 6.405209 -2.122344 -2.295645 -2.558858 -3.240604 -2.657385 0.587185 -7.846429 -3.179982
13.9062 -27.8461 -4.873192 -0.861919 1.575743 -0.948103 2.336382 -0.900608 -1.006417 -1.540581 -1.796783 -0.722833 -2.088555 -4.449192 -0.32024
11.9062 -27.8461 -4.873192 -0.238055 2.032965 0.871461 0.067971 0.28119 -1.382436 -1.271225 -0.934247 0.034386 -0.520917 1.700917 -0.375772
9.906197 -27.8461 -4.873192 1.997586 3.931487 2.53765 -0.786434 2.611541 -0.904298 1.26798 0.095924 1.265758 1.177333 1.584809 -0.243366
7.906197 -27.8461 -4.873192 -5.024539 4.308608 -0.656507 -3.272462 2.156897 0.918742 1.544881 -0.647314 0.793661 1.963499 -3.62861 -1.160601
3.906197 -27.8461 -4.873192 -1.444055 1.865589 -1.14355 6.048377 -2.83885 2.570486 -3.399684 -2.151331 -0.682451 1.990298 -6.827602 2.883688
15.9062 -29.8461 -4.873192 1.659015 0.269701 -1.318843 4.68598 -0.820844 -2.319728 -2.107437 -2.084963 -3.077497 -0.285937 -10.80711 -4.475246
13.9062 -29.8461 -4.873192 3.401738 2.184746 -0.915099 2.966467 -1.119903 -0.243079 -1.197816 0.00666 -0.23793 1.010105 -5.907905 0.908789
11.9062 -29.8461 -4.873192 2.258406 1.719815 0.483853 2.847234 -0.855306 0.410063 -1.5959 0.782926 0.757177 2.372426 -0.022303 -0.866633
3.906197 -29.8461 -4.873192 2.79891 2.501709 -0.073704 5.10286 -2.492089 1.694595 -5.369503 -1.816715 -0.763468 1.8528 -4.883757 -0.390247
1.906197 -29.8461 -4.873192 -0.299944 1.510256 -0.139677 4.927231 -1.745693 2.219077 -2.626803 -0.504748 1.129752 -0.837151 -3.357705 0.832331
-0.093803 -29.8461 -4.873192 -1.063285 -2.301087 1.042874 1.618727 1.239641 -0.863386 -2.108255 -1.377942 0.583867 -0.152871 -0.953529 0.866632
-2.093803 -29.8461 -4.873192 2.4346 -0.49316 2.56659 -0.048427 1.558216 0.755171 0.07177 1.014114 1.122036 -0.131685 -0.463809 1.180818
-4.093803 -29.8461 -4.873192 -1.94094 3.73214 2.97155 0.166796 1.424615 3.105934 -0.108884 0.64776 0.78208 0.610155 -1.986663 0.192912
3.906197 -31.8461 -4.873192 0.478184 2.19173 0.533 2.606488 -2.961089 1.735997 -6.017637 -0.455881 -1.320136 0.743253 -3.690123 -1.90046
1.906197 -31.8461 -4.873192 -4.258059 0.26663 -0.127108 3.932216 -1.57419 1.541245 -3.151481 0.937864 -0.451995 0.245578 -0.525422 -1.324595
-0.093803 -31.8461 -4.873192 -6.227107 -1.805381 -0.09194 5.152131 1.048261 -0.53503 -2.381241 -2.486628 -1.949194 0.962353 -1.432123 -1.718989
-2.093803 -31.8461 -4.873192 -3.071475 -1.943729 -0.935965 2.618212 0.267462 -1.258816 -0.268228 -0.369248 -0.501695 -1.397016 -1.97768 -1.17977
7.906197 -9.8461 -2.873192 -1.008752 3.90932 0.569992 2.106977 2.929945 -2.583115 -0.824469 -0.92453 2.775385 0.324276 -3.570968 -5.121151
5.906197 -11.8461 -2.873192 2.528627 4.402796 -0.443717 2.164587 0.499008 -0.261362 2.637349 0.837542 7.346401 -4.390929 0.340676 -1.001
7.906197 -13.8461 -2.873192 2.071558 8.408277 -4.049043 5.070973 2.31368 2.888821 2.530964 2.123305 5.346586 -0.268886 -0.467444 -0.16174
5.906197 -13.8461 -2.873192 2.004698 6.242456 -2.34687 4.806129 -0.042551 2.617373 0.78137 0.205852 3.462207 0.3161 4.635828 3.892183
7.906197 -15.8461 -2.873192 -0.374922 5.918616 -5.40427 0.157532 1.395335 2.340883 -0.478875 1.051297 1.335135 1.579203 -3.713209 0.704657
5.906197 -15.8461 -2.873192 1.154711 4.779952 -3.851588 2.544884 -0.278801 3.41065 -2.23808 2.151252 -1.428318 3.335518 -1.242476 1.7265
7.906197 -17.8461 -2.873192 3.397772 1.412428 -4.747371 -3.809169 -0.451959 0.278377 -1.875392 -0.510269 1.55366 2.751423 -4.202864 -0.312662
5.906197 -17.8461 -2.873192 0.830403 0.629533 -3.38148 -1.965874 -3.263876 -0.072469 -1.317557 1.548089 -2.950554 1.93851 -6.268095 -1.057454
-0.093803 -17.8461 -2.873192 2.045031 -1.586855 0.61584 -3.827217 2.934051 -1.053341 0.979839 1.512392 1.651 -2.218434 1.932483 2.818808
-2.093803 -17.8461 -2.873192 2.823748 -1.189752 2.305208 -2.274125 1.410879 -4.021209 0.367686 1.138253 2.088383 -2.166948 3.373179 -1.320182
9.906197 -19.8461 -2.873192 4.563338 1.097345 0.90115 2.027567 2.581686 -0.550969 -5.629102 -0.681573 1.642996 1.04661 -2.280799 -1.062111
7.906197 -19.8461 -2.873192 7.651958 -2.022187 -0.213762 -0.264623 1.9075 -1.279621 -2.256748 1.729576 0.160792 2.140994 -0.326154 -1.367218
5.906197 -19.8461 -2.873192 1.072184 -3.225534 -1.874395 -0.528629 -2.580574 -2.124617 -1.213015 1.462841 -3.942663 0.274438 -3.638683 -1.956256
-0.093803 -19.8461 -2.873192 4.735861 1.241146 3.658425 -0.089603 2.246146 -0.24801 1.400924 -0.562067 1.892843 -1.211526 0.567112 0.646213
-2.093803 -19.8461 -2.873192 3.472976 2.504813 3.763044 -2.60974 0.805849 -2.656689 0.310303 3.00569 1.31595 0.597132 2.451282 2.402824
7.906197 -21.8461 -2.873192 2.362251 -1.598282 2.599883 5.688668 3.25865 -0.061621 -1.87449 -0.578263 -2.179754 -0.376164 0.920673 -2.156456
5.906197 -21.8461 -2.873192 -4.425252 -3.927885 -1.113628 0.638231 -0.68198 -1.339087 -4.108199 -1.763283 -6.103718 -3.095249 -4.644994 -3.320039
-0.093803 -21.8461 -2.873192 -0.184737 -0.192427 0.881458 3.365234 0.259703 -0.279274 -2.497099 -1.580985 0.659338 -1.901365 -4.578278 -5.427886
-2.093803 -21.8461 -2.873192 -2.206864 2.605591 -0.939801 -0.35154 -0.172041 -1.536513 -2.409357 0.600294 0.714077 -2.764341 -5.303022 -2.613675
-4.093803 -21.8461 -2.873192 0.138147 2.065405 1.536557 0.976713 1.69884 -0.520906 -1.999598 -1.065286 0.14008 -1.422503 -4.134176 -1.590801
15.9062 -23.8461 -2.873192 -2.475079 2.115154 -4.79474 -0.999728 -0.707205 -0.654713 -1.384557 -0.006052 -1.540374 -0.522859 -3.240004 -0.020424
13.9062 -23.8461 -2.873192 -1.725078 0.433941 -2.698399 -1.394179 0.279727 -0.143186 1.198797 0.024691 -1.942897 -1.486077 -0.388934 0.832064
7.906197 -23.8461 -2.873192 -1.763402 1.401308 5.282122 6.263932 3.054662 1.34892 -1.810154 -3.561781 -2.782581 -1.954096 -0.148638 -2.114302
5.906197 -23.8461 -2.873192 -6.168793 -0.171132 2.709408 1.295817 0.574603 1.279617 -5.888834 -2.911957 -5.900074 -3.466617 -7.633178 -2.056232
1.906197 -23.8461 -2.873192 -2.974096 -0.846728 -5.412142 -3.08928 -2.349886 -2.828388 -1.202295 -0.117137 -1.754172 -2.439156 -7.224075 -3.878968
-0.093803 -23.8461 -2.873192 -2.833362 -2.04685 -3.26737 3.330494 -0.254003 -2.190604 -3.479864 -2.330564 0.895111 -2.885371 -8.536105 -7.404807
-2.093803 -23.8461 -2.873192 -0.420888 0.331848 -0.915589 3.018939 0.084086 -2.714034 -3.845061 -1.32848 2.264307 -1.678346 -11.4404 -5.332864
-4.093803 -23.8461 -2.873192 2.421647 0.154119 0.808563 1.960143 1.202518 -1.131541 -2.513973 -1.46844 0.367698 -1.834765 -5.970099 -1.60051
15.9062 -25.8461 -2.873192 -1.503348 1.718014 -2.890388 0.323389 0.100319 1.193852 0.175092 -0.027671 -1.033985 -1.30284 -4.270544 0.613513
13.9062 -25.8461 -2.873192 -3.147603 1.575497 -2.987275 -0.563484 -0.321714 -0.507973 1.153239 0.675781 -1.402858 -3.239292 -1.957276 1.370439
11.9062 -25.8461 -2.873192 0.139741 2.966259 -0.901107 2.082968 -2.471442 0.641674 -1.142433 -2.89709 -1.145517 -0.988395 -2.05053 -0.676183
7.906197 -25.8461 -2.873192 1.537447 3.082456 3.181091 3.299269 3.62353 0.452215 -0.076971 -2.505228 -0.775749 -0.058478 0.516354 -2.170578
5.906197 -25.8461 -2.873192 -5.2271 5.191012 3.597171 3.523157 1.872563 2.964054 -4.603634 2.283915 -2.319738 -0.106844 -3.216896 1.555981
1.906197 -25.8461 -2.873192 -2.438653 1.616719 -2.578159 -1.705108 -1.392016 -0.995861 -2.383726 -2.434569 -1.934546 -2.479072 -10.05864 -2.294508
-0.093803 -25.8461 -2.873192 -0.032494 1.071905 -1.745018 1.258854 -0.4085 -2.399722 -2.593911 -1.702667 0.128751 -0.811982 -7.36523 -2.221939
-2.093803 -25.8461 -2.873192 2.439488 1.957839 0.597035 3.32977 -1.393321 -2.856021 -4.21564 -0.733165 -0.188731 1.056928 -9.048445 -4.496987
-4.093803 -25.8461 -2.873192 4.188666 2.413881 3.292368 1.128998 -1.575297 -0.98825 -4.401039 0.510123 0.164174 1.543744 -6.031662 -0.917703
17.9062 -27.8461 -2.873192 0.263907 -0.182672 -2.854856 0.779318 0.993101 2.570185 1.306382 -1.816954 0.386522 -2.551184 -3.478661 -0.149871
15.9062 -27.8461 -2.873192 0.922365 2.330606 -0.043859 3.117907 2.053198 0.834957 1.736495 -1.147059 1.618169 -2.747218 -3.493572 0.154371
13.9062 -27.8461 -2.873192 -3.016828 1.539034 0.914738 -1.51209 1.139542 -1.110169 -0.849688 0.834416 1.178763 -2.376467 -1.446135 -0.17833
11.9062 -27.8461 -2.873192 0.337884 2.737974 2.121439 -1.422475 -1.758787 -0.526407 -3.599728 -0.792631 0.057835 0.888483 -0.619868 -3.377508
9.906197 -27.8461 -2.873192 1.947742 2.298005 3.624702 1.202783 0.907021 -0.822819 -0.029939 -0.854153 0.517032 2.365408 1.156401 -2.579983
7.906197 -27.8461 -2.873192 -1.531489 2.254729 2.511924 1.556528 2.648257 -0.093743 -0.038874 -0.279628 0.114043 2.546209 -1.584484 0.419181
5.906197 -27.8461 -2.873192 -2.634038 5.082335 3.997698 5.892255 1.250022 3.502256 -3.659789 5.954166 -0.567618 3.477495 -2.886672 4.381052
3.906197 -27.8461 -2.873192 -1.182307 2.039057 1.869518 2.054809 -0.703317 2.019718 -4.951214 2.837764 -2.707146 1.745915 -8.451959 3.382373
1.906197 -27.8461 -2.873192 0.421472 2.772183 0.772745 -1.368212 -0.157481 1.226877 -1.51455 -4.381003 -0.496435 -2.669595 -7.532096 -1.194445
-0.093803 -27.8461 -2.873192 0.462501 0.504995 1.255556 -0.30592 0.104349 -1.706476 -0.487022 -0.577121 2.122296 -0.733049 -1.455053 -0.928541
-2.093803 -27.8461 -2.873192 4.757502 3.828383 2.080804 2.505351 -0.081515 -0.890777 -3.630532 -0.279098 0.299616 1.032036 -4.232629 -2.377326
17.9062 -29.8461 -2.873192 -1.153447 0.415291 -1.886102 5.608778 0.90341 2.598659 1.131295 -0.312226 -1.208389 -1.107536 -5.073281 -1.982852
15.9062 -29.8461 -2.873192 -0.875794 1.700401 0.952126 4.769359 2.080918 1.11776 1.37767 -1.924477 0.072052 -2.401084 -5.291088 -2.277507
11.9062 -29.8461 -2.873192 0.564088 2.994192 2.308528 -1.3241 -0.724092 -0.212631 -1.861923 0.791491 2.827063 1.524521 -2.03129 -3.263942
9.906197 -29.8461 -2.873192 1.587977 2.174879 3.86026 -0.046295 1.802716 -0.069452 2.72763 -0.667865 3.2655 1.697862 0.188136 -2.416692
7.906197 -29.8461 -2.873192 0.454994 3.8005 2.325522 0.548244 1.76321 0.825154 0.417465 -0.371967 -0.450488 1.807829 -1.853713 1.581036
3.906197 -29.8461 -2.873192 0.47535 5.422345 3.535635 6.776479 -0.998578 3.485343 -5.670055 4.662508 -1.589738 5.21971 -8.801414 2.53918
1.906197 -29.8461 -2.873192 1.206598 4.866306 0.574412 3.943837 -0.373126 2.151647 -2.998637 -1.007226 -0.857799 -1.735925 -5.988496 0.63227
5.906197 -11.8461 -0.873192 7.057662 2.473811 1.941511 2.551193 3.588024 -0.64918 1.558796 3.079337 2.101537 -2.465051 -0.946573 -1.867094
9.906197 -13.8461 -0.873192 -2.315237 -0.655047 -3.395383 3.175194 3.415673 -2.938599 -0.454095 -0.82769 0.755081 -3.0307 0.132056 -6.85889
7.906197 -13.8461 -0.873192 -2.451959 3.878076 -3.832776 4.630878 -1.21646 -0.604851 3.081001 1.836625 -3.381161 -1.473314 -4.513901 -4.782676
5.906197 -13.8461 -0.873192 0.877265 3.766141 1.576303 5.102783 -0.879181 -1.487721 1.044091 -0.094496 -1.261603 -0.308176 0.011586 0.161137
9.906197 -15.8461 -0.873192 0.389882 -0.20348 0.849083 4.125965 0.17762 -1.865718 0.329983 -2.554252 2.760352 -1.294758 3.306417 -6.053046
7.906197 -15.8461 -0.873192 -5.343216 2.402288 -3.375225 3.451183 -2.534611 -0.218426 2.491746 -1.206989 -3.701024 0.035055 -4.636387 -5.943051
11.9062 -17.8461 -0.873192 -3.572774 0.326672 -1.119326 2.98281 0.147748 -1.875648 -1.826689 -0.569886 2.314538 0.221995 -0.379891 -1.774206
9.906197 -17.8461 -0.873192 1.080036 -0.114097 0.105881 3.705491 -0.334635 -1.085637 1.970192 -4.57434 3.077221 0.557051 2.316103 -5.321832
7.906197 -17.8461 -0.873192 -0.886378 -1.062493 -1.356204 0.217178 -1.20454 -2.135725 2.324638 -5.187027 -1.923138 -2.732467 -4.816649 -7.812769
11.9062 -19.8461 -0.873192 -3.123914 0.943994 -3.459735 1.06387 0.457144 -0.726527 -2.785029 0.635507 0.908597 0.167973 -2.523883 -1.974657
9.906197 -19.8461 -0.873192 2.478057 0.01496 0.769986 3.22993 2.335424 -0.618215 -0.462564 -3.355825 1.238425 -1.527845 1.210443 -5.392838
7.906197 -19.8461 -0.873192 4.673238 -1.52287 0.620012 0.874986 3.578314 -1.780064 1.107828 -4.976129 -1.446128 -4.178155 0.198378 -7.25413
-0.093803 -19.8461 -0.873192 -3.005201 0.796419 1.060273 4.855087 1.098134 2.043271 2.875501 -2.469146 0.257378 0.143392 0.149164 -2.172141
-2.093803 -19.8461 -0.873192 -0.623785 0.427235 3.995814 -1.457133 1.51858 -0.765489 3.481499 0.273739 2.508168 1.262611 1.888483 -1.787096
11.9062 -21.8461 -0.873192 2.105704 0.316219 -0.057572 0.093148 0.102877 -1.563331 -2.184437 -1.034948 -1.923698 -3.421062 -1.91396 -4.938483
9.906197 -21.8461 -0.873192 2.11446 -0.954556 1.945609 1.673501 3.379206 -1.946365 -3.417494 -3.300158 -0.366798 -5.720551 0.994086 -7.907141
7.906197 -21.8461 -0.873192 3.923551 0.842247 2.264611 7.26798 6.400091 2.318446 -0.373977 -1.318702 -2.399059 -0.329167 2.324778 -4.552536
1.906197 -21.8461 -0.873192 -2.227382 -4.015348 -1.39778 -0.609888 0.272243 -2.333931 -0.728976 -3.249254 3.204454 -1.259048 -1.160408 -2.443674
-0.093803 -21.8461 -0.873192 -6.908494 -1.464148 0.727527 1.625025 0.241497 -0.6623 -0.468253 -3.642005 0.151617 -2.337614 -0.746818 -3.274628
-2.093803 -21.8461 -0.873192 -3.568145 1.057751 1.045516 -1.791089 0.582348 0.481488 1.679223 -0.649636 1.675385 -1.486242 -0.762561 -2.63576
-4.093803 -21.8461 -0.873192 4.756711 1.574945 1.725989 0.892989 -0.629658 0.368885 1.856662 2.332849 2.52377 1.224407 -0.244189 -0.29736
11.9062 -23.8461 -0.873192 4.987433 2.286149 3.399956 0.961147 -1.490018 -0.818338 -1.619264 -1.901498 -3.374656 -3.632157 -2.165106 -4.995475
9.906197 -23.8461 -0.873192 2.209394 0.081237 3.079072 1.404652 1.862586 -1.407516 -2.61394 -1.955861 -0.306849 -4.198276 -0.905809 -7.145994
7.906197 -23.8461 -0.873192 1.358115 2.556766 3.633415 8.731617 3.165395 3.662869 -1.58775 0.97969 -1.496185 3.301362 -0.458502 -2.330069
5.906197 -23.8461 -0.873192 -4.029034 0.203991 2.371685 2.69841 0.278861 1.657031 -4.416378 -4.520082 -5.869633 1.253867 -4.213724 -0.428416
1.906197 -23.8461 -0.873192 -1.125301 -0.734747 -4.03231 -0.637604 0.445498 -2.288105 -1.136544 0.401275 2.935015 1.147683 -1.755409 0.765548
-4.093803 -23.8461 -0.873192 3.962064 -1.222349 1.170317 0.915504 -1.278229 0.074885 0.78971 -0.563964 1.017711 -0.903774 -3.911033 -2.340178
9.906197 -25.8461 -0.873192 2.966148 3.32569 0.27852 1.948002 -0.470939 1.242678 -4.563083 -0.62882 -3.041474 -0.980586 -4.841656 -2.789763
7.906197 -25.8461 -0.873192 4.088041 3.598921 3.376508 0.952322 1.853289 0.504725 -2.844853 -0.765425 -1.477132 0.374255 -1.164203 -1.925189
5.906197 -25.8461 -0.873192 -1.752429 6.570179 3.534165 0.202766 1.419919 0.294672 -4.607179 -0.941537 -3.120521 -1.599288 -2.684933 0.528719
-0.093803 -25.8461 -0.873192 3.947123 3.691752 0.883788 1.364058 2.84255 0.383504 -0.233877 0.690642 2.326004 0.336058 -2.267051 1.395012
-2.093803 -25.8461 -0.873192 2.675765 1.083705 -1.620573 3.694823 1.494773 -1.143961 -2.106733 0.071103 1.850009 1.670881 -4.502536 -1.159905
-4.093803 -25.8461 -0.873192 1.079373 -2.104926 -2.023297 1.807297 -1.704114 -1.005636 -4.227549 -0.468483 -0.760751 2.231459 -4.619658 -2.509609
-6.093803 -25.8461 -0.873192 2.632203 -0.698423 0.701095 -2.59268 -1.341698 -1.17687 -0.986836 -1.853227 -0.439564 -1.093528 0.451002 -0.675682
15.9062 -27.8461 -0.873192 0.074779 2.722028 -2.080777 -0.385321 0.512093 2.459781 0.063076 0.369397 -0.325011 -2.310753 -0.889385 0.711492
13.9062 -27.8461 -0.873192 -2.291941 1.679823 0.353314 1.563633 0.541371 1.498018 -0.024118 1.96948 -1.355902 -1.528033 1.461037 -1.02532
5.906197 -27.8461 -0.873192 0.211935 3.272398 4.231209 7.021202 0.768396 2.22391 -3.50623 0.96741 -3.009234 -1.351245 -3.758759 1.597587
1.906197 -27.8461 -0.873192 2.082516 3.531489 2.638743 -3.169132 1.945734 0.013284 -1.39265 -1.970848 -0.214268 -1.391094 -4.072831 -1.889672
-0.093803 -27.8461 -0.873192 5.224278 5.092721 3.648303 3.158348 2.557499 1.783038 0.103421 2.685553 3.238355 0.253918 0.839066 1.02794
-2.093803 -27.8461 -0.873192 5.339499 5.258502 2.874867 7.548028 2.729569 1.346882 -2.517467 -0.969991 1.413985 0.59704 -1.781521 -0.543181
-6.093803 -27.8461 -0.873192 2.258993 2.639376 2.25059 2.046945 0.450305 -0.479827 -4.966909 -0.695631 -1.019712 -0.460563 -2.156117 -2.318689
13.9062 -29.8461 -0.873192 -0.666966 1.157452 0.333308 -0.356034 0.283875 -0.507423 -1.879799 0.235033 -1.262959 -2.117033 0.042702 -1.532483
11.9062 -29.8461 -0.873192 -1.505865 0.946894 0.429274 -1.266564 -0.200224 -2.163754 -3.075659 -2.266719 0.255135 -1.542568 0.689219 -3.364046
9.906197 -29.8461 -0.873192 -0.276984 2.918703 2.50152 2.288134 0.393595 -1.15139 -0.864821 -3.615703 0.871971 -0.677775 -0.441465 -0.401325
7.906197 -29.8461 -0.873192 3.309097 2.926992 4.336521 4.185935 1.211605 0.289084 0.518069 -2.459799 -1.214514 0.652984 -0.852336 2.03209
5.906197 -29.8461 -0.873192 3.344814 2.899893 4.083679 16.45374 0.58055 7.441707 -1.662641 2.723526 -2.335167 6.672801 -4.113488 2.773828
3.906197 -29.8461 -0.873192 -0.056219 0.902354 0.755314 11.29247 -3.795902 5.136284 -5.688348 2.939478 -3.322136 3.654834 -6.588547 0.319458
1.906197 -29.8461 -0.873192 -0.314458 2.757362 1.750462 0.26723 -1.56565 -0.135839 -4.2994 -1.400233 -2.523986 -2.686165 -6.033512 -2.039036
-0.093803 -29.8461 -0.873192 0.791645 6.258572 2.17911 5.787693 2.885006 3.685218 -2.196633 1.951127 -0.687588 -0.322393 -2.304335 0.86467
9.906197 -31.8461 -0.873192 -2.146502 1.969851 1.540668 2.426118 0.673159 1.512208 -1.587441 -2.344731 0.270178 -1.192734 -0.947833 0.426199
7.906197 -31.8461 -0.873192 -1.66362 1.621576 2.231541 1.636855 1.336268 1.366301 0.261815 -1.782746 -2.110197 0.656278 -0.910166 0.99513
5.906197 -31.8461 -0.873192 -1.755514 7.041893 -0.387902 12.93283 -1.86881 6.173558 -0.265264 4.602378 -3.039511 7.097994 -6.586648 3.074346
9.906197 -19.8461 1.126808 2.566432 0.758803 -1.015125 1.585444 1.417571 -0.454691 4.439096 -3.946478 3.738043 -1.387608 5.161794 -4.257712
9.906197 -21.8461 1.126808 3.190144 -1.130049 1.035736 2.120373 1.789679 -1.722086 1.07794 -2.930189 1.23788 -3.178091 0.975609 -5.218904
1.906197 -21.8461 1.126808 0.438711 -2.642586 0.280175 -0.099853 -0.985328 -3.452344 -0.701818 -4.050536 2.452281 -4.035163 -2.541143 -3.363445
13.9062 -23.8461 1.126808 -1.899546 -0.349764 -1.884802 -1.228085 -1.007492 -0.046285 1.899213 -3.362346 -3.755235 -1.480393 -0.361828 -2.924606
11.9062 -23.8461 1.126808 5.755389 -1.766928 1.097619 0.899517 -1.175308 0.183205 1.832215 -1.99165 -1.818355 -1.508722 -0.934902 -0.830991
9.906197 -23.8461 1.126808 3.25355 -1.041625 1.947379 1.221643 -1.268372 -0.873019 -1.831125 0.317959 -0.224544 -2.337172 -2.996458 -3.342981
1.906197 -23.8461 1.126808 -0.404739 1.112814 -1.07825 -0.987955 -0.360966 -4.734316 -1.437079 -1.751732 0.293703 -1.689308 -0.80617 -1.937309
-0.093803 -23.8461 1.126808 -0.962068 1.596965 0.084825 -0.370116 3.073511 -3.265917 0.345727 -0.610923 1.207055 -1.622197 2.925381 0.404848
-2.093803 -23.8461 1.126808 -1.182734 -0.032305 0.394798 -0.505321 1.342852 -0.246511 -0.925568 0.447357 0.749047 -3.648785 0.587804 -0.560322
-4.093803 -23.8461 1.126808 -2.215733 -0.568318 2.08025 0.616984 -1.284344 0.17594 -1.273279 0.220709 1.886245 -3.50847 -0.964728 -2.923898
11.9062 -25.8461 1.126808 5.592891 3.199806 1.723678 1.360468 -0.502627 0.885726 -2.14737 -0.60934 -0.081752 0.039911 -3.380378 -1.074701
9.906197 -25.8461 1.126808 4.414448 4.064456 1.058053 0.569599 -1.447835 2.892833 -2.666348 0.831239 -1.244593 -0.86306 -4.67189 -1.41528
7.906197 -25.8461 1.126808 -0.573477 3.391765 2.669694 2.16127 -1.005052 2.937236 -2.945586 0.899194 -1.315184 -0.301647 -2.253027 -2.439616
5.906197 -25.8461 1.126808 -0.943992 -1.965351 -3.65736 0.41327 -1.546167 0.581711 -2.025843 -0.211352 -3.690589 -0.427212 -0.37585 -1.839664
-0.093803 -25.8461 1.126808 2.716904 3.330393 1.644128 1.977105 3.00012 -1.669039 0.239727 2.576751 1.584362 1.599968 2.365712 1.358703
-2.093803 -25.8461 1.126808 3.414828 1.081212 3.075158 1.72431 0.682254 -2.607644 -0.982669 0.335535 1.32204 0.526856 -0.045998 -0.848487
-4.093803 -25.8461 1.126808 1.794232 -1.633138 0.906905 0.327384 -0.4412 -2.2051 -2.95916 -0.634005 -0.229143 -1.436798 1.068314 -4.356995
-6.093803 -25.8461 1.126808 0.798444 0.072959 2.398492 -3.264106 0.157908 -1.464465 0.679373 -0.448539 -0.216844 -2.135641 1.527615 -3.501163
9.906197 -27.8461 1.126808 4.058011 5.184101 2.151473 3.497116 -0.205423 3.335941 -3.746112 -3.547293 -1.86168 -2.681089 -5.341477 -3.573193
7.906197 -27.8461 1.126808 0.117442 5.609951 4.764033 4.76094 0.224675 3.346445 -3.472469 -3.380223 -2.549348 -2.495758 -6.352142 -2.321865
5.906197 -27.8461 1.126808 0.115431 -0.256572 0.89669 2.405089 -0.501306 0.733901 -0.208243 -1.765547 -2.833487 -3.174262 -2.63396 -2.860196
-8.093803 -27.8461 1.126808 1.846399 3.25193 0.74992 2.514356 -0.098956 -1.455341 -1.597298 -0.390003 -0.63356 0.688686 -2.424531 -2.468515
11.9062 -29.8461 1.126808 2.433221 0.711902 3.334607 -0.592543 0.941239 0.222099 -0.832257 -2.056832 0.133043 -1.107427 -1.378808 -2.187417
5.906197 -29.8461 1.126808 5.237964 4.99115 4.855172 15.4675 -1.791838 8.852458 -0.666285 -0.577356 -2.974165 3.889959 -2.94855 -2.061835
11.9062 -31.8461 1.126808 -0.117966 3.123919 1.017868 2.826342 1.980685 3.34599 -1.642179 1.073865 0.357286 1.716721 -1.738316 1.480694
9.906197 -31.8461 1.126808 0.630064 2.010094 2.932833 4.56448 1.089101 4.27427 -0.994006 -0.724118 0.542999 0.496415 -1.629685 0.527391
7.906197 -31.8461 1.126808 1.053446 1.9894 7.049127 4.384935 -1.045912 2.850984 -0.645682 -1.20419 -0.03388 0.089216 -0.803328 0.629989
5.906197 -31.8461 1.126808 -1.056766 10.87133 6.353043 10.36912 -2.391038 7.852185 -1.292488 1.414372 -3.022836 2.843722 -6.199433 -0.377792
9.906197 -33.8461 1.126808 -1.052903 -0.025739 -1.687861 2.420797 1.040045 1.851701 0.392546 -1.933792 -1.118291 0.687544 -1.013675 1.049546
7.906197 -33.8461 1.126808 2.429028 0.066352 2.090921 2.5621 -1.103328 -0.38317 -2.261547 -2.642995 0.351065 0.178879 -0.877066 0.281923
11.9062 -23.8461 3.126808 0.243708 -0.976472 0.26668 -1.451305 0.29173 -1.69102 2.79266 -1.803409 -1.132267 -0.608379 -1.50628 0.833415
3.906197 -23.8461 3.126808 1.429559 -0.662759 -3.395303 0.901991 2.201397 -0.367418 -1.033494 -2.882487 -2.747573 0.020002 -1.4419 -1.642803
1.906197 -23.8461 3.126808 -0.413859 1.224666 -3.378808 -2.730616 1.952263 -3.797431 -2.558683 -4.152266 -1.165987 -1.270417 -0.822709 -4.860379
13.9062 -25.8461 3.126808 0.622793 1.247047 -1.370082 0.679119 0.351211 -0.35761 1.285795 -1.529786 0.089294 -0.373105 -0.118489 -0.482312
11.9062 -25.8461 3.126808 0.545377 1.111132 1.129792 -2.359324 -0.074011 -1.577263 0.115122 -1.485351 -0.180196 -0.15194 -1.443941 -0.503067
1.906197 -25.8461 3.126808 -2.146082 -0.016836 -2.650431 -2.42828 1.866683 -1.92287 -0.142662 0.792242 -0.282255 -1.049358 1.105898 -1.041271
-0.093803 -25.8461 3.126808 0.545942 -0.150352 0.662744 -0.792984 3.958344 -2.389704 0.58309 1.210419 -1.442105 0.862389 1.102544 -0.781882
-2.093803 -25.8461 3.126808 0.501501 -0.253433 4.911087 -1.39234 1.604889 -1.939763 0.59882 -2.253446 -0.444015 -1.314937 0.025042 -2.495526
-4.093803 -25.8461 3.126808 0.089904 -0.378404 2.492287 -3.078104 -0.917594 -2.384489 -1.135211 -2.546915 0.592094 -3.135185 0.755237 -2.994735
-6.093803 -25.8461 3.126808 -0.716888 2.276695 2.977871 -1.30725 0.303034 -0.307309 0.270645 1.493154 0.57729 -2.557567 1.077276 -0.93649
11.9062 -27.8461 3.126808 0.981598 1.711235 3.273991 0.333177 -0.186037 0.453657 -1.217938 -0.801964 0.160152 -1.744148 -1.158836 -1.32455
9.906197 -27.8461 3.126808 4.058295 3.010995 3.179214 1.102255 0.212443 1.204384 0.555891 -0.684804 0.524976 -2.481684 -2.010322 -2.677861
7.906197 -27.8461 3.126808 -0.51113 3.227661 1.640783 5.223267 -0.309851 3.535701 -0.256485 -0.906214 -0.163006 -1.850939 -3.623662 -2.089429
-0.093803 -27.8461 3.126808 0.413862 0.71204 -0.61113 1.448784 -0.1292 1.211776 -1.742667 0.722011 -1.345019 0.013999 -1.887175 0.910637
-2.093803 -27.8461 3.126808 1.969547 0.436573 0.70194 -0.070835 -0.079823 0.114716 -1.217829 -2.509323 0.672262 -2.256529 -1.607676 -2.188719
-4.093803 -27.8461 3.126808 2.912736 -0.377838 2.125127 0.170633 0.2327 -1.669127 -1.61859 -2.916406 -0.41083 -2.180138 0.202928 -2.634737
7.906197 -29.8461 3.126808 0.299394 3.897906 2.889581 5.706161 -2.58656 2.490083 -1.230147 -2.344232 -0.749305 -2.112305 -5.036813 -1.700376
5.906197 -29.8461 3.126808 0.988596 4.098892 2.416388 5.896338 -1.991434 3.35779 -0.943587 -5.389192 -3.299002 -2.176868 -4.378549 -6.135367
7.906197 -31.8461 3.126808 -0.145471 2.610293 4.613832 0.892826 -2.59568 -0.084085 -0.433585 -1.9953 0.928607 -0.38002 -0.968971 -0.899245
5.906197 -31.8461 3.126808 0.217397 9.993916 11.04634 -1.57058 -0.456599 -0.289633 -1.101296 -7.228895 2.667445 -6.071372 -1.764728 -6.857204
15.9062 -33.8461 3.126808 2.350161 0.396702 0.017113 0.101644 0.393593 0.379885 -2.325686 0.976962 -0.740119 1.18863 0.19463 1.093395
13.9062 -33.8461 3.126808 2.157418 1.558378 -0.230657 1.223251 -0.10244 2.265467 -1.953258 2.193294 -0.681913 0.87732 0.608747 -0.106756
11.9062 -33.8461 3.126808 2.812481 1.886372 -0.476782 2.230066 0.516453 2.932564 -2.127503 -0.157492 -0.22373 -1.390859 0.092441 -0.197459
9.906197 -33.8461 3.126808 -2.326968 2.152647 0.122599 -1.228418 -0.516906 1.142617 -2.330767 -2.840772 -0.833338 -2.229201 -1.638596 -1.431136
7.906197 -33.8461 3.126808 -2.762386 -0.220675 0.575664 -2.024031 -2.528382 -1.275065 -3.260445 -4.730849 1.097038 -2.102078 -1.62214 -2.754076
5.906197 -33.8461 3.126808 -3.91346 4.948319 3.668073 -12.37433 -0.393796 -4.519166 -2.015515 -8.597092 8.511964 -11.39805 0.965328 -10.05098
13.9062 -35.8461 3.126808 0.663358 0.600353 2.138333 0.567847 0.947725 2.718812 -2.712414 0.673327 0.402605 0.25859 0.569229 2.150001
11.9062 -35.8461 3.126808 1.477056 1.385279 1.285533 1.947799 0.340861 2.932827 -3.288583 0.016443 -1.050191 -2.046727 -0.529014 0.473002
9.906197 -35.8461 3.126808 -2.439581 0.917218 1.070794 1.070672 -1.183754 2.089787 -3.175618 -1.514726 -1.014628 -2.080495 -1.38249 -1.849904
7.906197 -35.8461 3.126808 -1.35088 0.949427 0.222615 1.645243 0.003514 1.641786 -3.526495 -2.411774 1.640907 -1.489115 -1.701087 -2.387913
3.906197 -23.8461 5.126808 2.841134 2.197891 1.373277 3.148194 0.778058 3.126756 -1.736419 -1.020864 -1.003847 0.148994 -1.55533 -1.275638
1.906197 -23.8461 5.126808 0.123299 2.33286 0.922739 -0.923991 1.216376 -0.910978 0.308662 -3.09047 -0.86823 -3.590117 -1.539274 -6.586393
13.9062 -25.8461 5.126808 -1.09934 0.847417 -1.367347 -0.62071 -0.734774 -1.291288 -1.137362 -3.17023 -1.485203 -0.707421 0.674732 -0.003457
11.9062 -25.8461 5.126808 0.236662 1.013787 -0.165923 -0.180884 -0.478365 -0.91234 0.074587 -2.82214 -1.676863 0.164826 -0.329643 -1.361986
1.906197 -25.8461 5.126808 -2.100219 1.319937 1.69332 -2.132878 0.257409 -0.822169 -0.639017 2.362205 -0.523025 -1.618896 -0.239288 0.378571
-0.093803 -25.8461 5.126808 1.578598 0.584397 3.681382 -5.641321 3.492872 -1.002301 -0.314043 2.175748 -1.087253 -0.87154 2.799025 -0.605539
-2.093803 -25.8461 5.126808 1.505765 1.65921 4.03175 -3.951756 1.6331 0.83314 -0.034006 -0.547172 -0.398747 -1.027026 2.422846 -1.573404
-4.093803 -25.8461 5.126808 0.48409 0.203593 3.288774 -1.24908 -1.478886 0.105409 -0.402457 -2.62918 -1.332476 -2.202273 -1.538922 -2.731613
-6.093803 -25.8461 5.126808 -0.288595 0.678963 2.616285 -1.603016 0.302222 0.44703 0.837666 1.175204 0.019834 -3.253651 -1.048923 -0.046339
13.9062 -27.8461 5.126808 -1.439305 2.654259 -0.559023 0.460952 0.497735 0.506601 -2.234067 -0.344531 0.414371 -0.046292 -0.953747 -0.129791
11.9062 -27.8461 5.126808 1.746815 0.575885 0.107306 -0.26662 2.363203 0.5651 -1.983372 -0.817464 0.605563 -1.393728 1.259176 -0.982673
9.906197 -27.8461 5.126808 4.010285 1.031458 0.7974 -2.86016 2.180339 -0.037103 1.938667 -1.473671 1.78023 -3.032892 3.468225 -2.739281
-0.093803 -27.8461 5.126808 -0.132774 0.921672 3.865067 -1.613732 1.949936 -0.183022 -1.664854 -0.843561 -1.419545 -2.793551 0.387691 -0.405873
13.9062 -29.8461 5.126808 -1.498536 1.337305 -0.757049 -0.939702 -0.620111 2.070514 -3.630507 0.41975 -1.894495 0.161621 -3.230932 -1.501142
11.9062 -29.8461 5.126808 -0.42835 0.832895 -1.802777 1.232943 -1.087336 3.206643 -2.572287 -0.37399 -1.448471 -0.558772 -2.90748 -1.351379
9.906197 -29.8461 5.126808 -1.50306 1.33686 -2.387697 -0.363729 0.035241 0.368671 -0.221057 -2.257381 -1.213853 -3.589738 -1.707993 -2.733936
7.906197 -29.8461 5.126808 -0.093577 2.409563 -2.835521 2.835219 -0.008096 0.423413 -0.3705 -1.769124 -1.795844 -2.851271 -4.033371 -3.005749
5.906197 -29.8461 5.126808 3.211342 6.685404 1.444284 1.841407 1.939861 -0.308959 -0.361775 -3.600734 -1.605451 -1.626477 -3.366618 -5.772185
9.906197 -31.8461 5.126808 -1.247456 2.677754 -1.755871 3.422165 -1.511282 2.766064 -2.875522 -3.157947 -2.940292 -2.191626 -3.309898 -3.182821
7.906197 -31.8461 5.126808 -0.439976 2.150335 -0.07034 3.33513 -0.882407 1.563587 -1.462434 -3.600274 -3.307976 -2.321168 -2.80008 -3.488692
5.906197 -31.8461 5.126808 3.437593 4.039424 5.266524 -0.568202 -0.096052 -3.323483 -1.980605 -8.613562 0.640125 -9.732065 -5.010409 -9.565811
15.9062 -33.8461 5.126808 1.993029 -1.198974 -0.945826 0.786617 1.777156 -0.394304 -0.05599 0.738113 -0.117264 -0.484478 1.355793 0.017401
9.906197 -33.8461 5.126808 -2.713707 1.330788 -1.437853 1.726176 -0.87637 1.469764 -2.533851 -3.524666 -1.839909 -2.29959 -0.752476 -1.091811
7.906197 -33.8461 5.126808 -3.931527 -0.61994 -2.873414 1.915366 -1.522172 1.329481 -2.446398 -5.56311 -2.936382 -3.62834 -1.993653 -4.065648
5.906197 -33.8461 5.126808 -3.233052 -9.098214 -4.092151 -7.656314 -3.683568 -7.431862 0.005263 -12.56066 0.123542 -18.06521 -6.116428 -14.70712
17.9062 -35.8461 5.126808 1.363632 1.632761 -2.860304 4.74772 -0.31805 1.041056 -1.406671 1.809773 -1.410192 0.02788 -1.762114 0.419632
15.9062 -35.8461 5.126808 1.326324 -0.345094 -1.659712 2.212326 0.445418 0.637062 -0.741569 -0.429773 0.090433 -1.18692 -0.661742 0.980906
13.9062 -35.8461 5.126808 0.974707 -0.924845 2.38351 1.469619 1.681403 0.487257 -1.267419 -0.688471 -0.073657 -1.368188 -0.80117 2.383121
11.9062 -35.8461 5.126808 0.729819 0.598518 1.343434 2.704682 0.24983 1.622998 -3.213906 -0.582256 -0.704903 -1.136185 -2.077526 1.538447
9.906197 -35.8461 5.126808 -2.698051 0.896379 0.025195 1.238736 -0.741198 0.347821 -2.497051 -1.784471 -0.516386 -1.932512 -2.152496 -0.70498
7.906197 -35.8461 5.126808 -0.964575 -0.377319 -2.214125 1.230904 1.34045 0.44719 -1.125019 -2.382401 -0.391972 -2.589478 -2.145229 -3.495706
13.9062 -37.8461 5.126808 2.459724 2.671452 5.693855 2.835841 0.948041 1.038698 -4.001015 -0.663126 0.514844 -0.594395 -2.768474 1.170931
11.9062 -37.8461 5.126808 0.614809 1.465791 5.302912 3.56823 0.136674 -0.185503 -4.650648 -0.63596 -0.0057 -0.787815 -1.713951 -0.41628
9.906197 -37.8461 5.126808 -1.564895 1.411941 2.790873 0.902647 -0.867346 0.528401 -2.851672 -1.213383 -1.758757 -1.891357 -1.079772 -1.602864
7.906197 -37.8461 5.126808 2.087134 3.123071 1.45612 3.463302 0.611162 2.659677 -1.348769 -0.823399 -0.830128 -1.399902 -3.086975 -1.276311
1.906197 -23.8461 7.126808 -0.443032 -0.103499 0.389505 1.345129 -2.554368 0.028732 -2.354037 -0.315203 -1.847999 -0.554671 -2.307907 -1.964626
13.9062 -25.8461 7.126808 -0.854274 2.058641 -0.045536 -3.43335 -1.364319 0.720665 -0.106053 -1.305863 -1.388757 -1.111295 -0.521978 -0.549259
11.9062 -25.8461 7.126808 1.512025 1.240128 2.329493 -1.086968 -1.678153 1.028145 1.084607 -1.544194 -1.261328 -1.326794 -0.810061 0.239912
-0.093803 -25.8461 7.126808 0.870671 1.723893 2.798677 -4.316359 -0.064355 0.569813 -1.394013 2.146264 -0.604966 -0.567805 0.616813 0.768742
-2.093803 -25.8461 7.126808 1.072385 1.102539 1.392907 -0.987576 -0.474466 0.718174 -0.462681 1.067521 -0.42067 1.530217 0.335441 0.408185
-4.093803 -25.8461 7.126808 0.459748 -0.502813 1.771984 2.170818 0.105761 0.473065 0.924895 -0.087709 -2.314824 -0.310908 -0.951918 -0.740905
-6.093803 -25.8461 7.126808 -1.125275 -0.307792 0.618896 1.326442 0.276449 0.9004 0.076525 -0.949762 -1.394111 -2.299474 -2.207617 0.184084
15.9062 -27.8461 7.126808 -0.888168 1.829891 -0.376514 -2.955366 0.545237 0.560913 -1.739252 -0.649557 -0.898635 0.219226 -0.7693 -0.143801
13.9062 -27.8461 7.126808 -1.408319 2.203683 0.037231 -1.341816 -0.125219 1.357087 -1.868729 -1.797577 -0.113713 -0.144786 -2.177431 -1.209398
11.9062 -27.8461 7.126808 0.923486 1.369266 1.361435 -1.137874 2.26066 2.029684 -1.315054 -0.974958 0.39257 -0.852093 -0.464568 -1.218686
-0.093803 -27.8461 7.126808 -1.882088 2.546666 2.268603 2.645128 0.401235 2.111007 -0.760732 0.449533 -2.187077 -1.097788 -1.488788 1.292839
-2.093803 -27.8461 7.126808 0.562254 3.456101 1.651429 1.647995 0.194915 0.073284 -0.091006 0.831899 -1.22039 0.386355 -0.492205 -0.003088
-6.093803 -27.8461 7.126808 0.786441 0.319305 0.321541 0.640664 0.342262 -0.383735 -0.31642 -1.841392 0.176548 -2.533491 -2.024715 -2.354512
-8.093803 -27.8461 7.126808 -3.170754 1.833297 -2.730629 0.231403 -0.662321 -0.821208 -2.455167 -0.822769 0.523209 0.08206 -2.285321 -1.76137
-10.0938 -27.8461 7.126808 -0.964579 1.194479 -2.816597 -1.048078 0.295395 -1.919756 -2.211321 -0.706666 -0.003114 -0.964648 -1.629577 -1.639827
15.9062 -29.8461 7.126808 -1.537637 1.628619 -0.197753 -0.797492 0.312649 -0.583626 -2.260985 -0.643461 -1.641568 0.728563 -3.540504 0.141153
13.9062 -29.8461 7.126808 -2.58286 1.15205 -0.618004 1.577498 -0.97297 0.103778 -3.646416 -1.583032 -3.70251 -1.461369 -5.802607 -1.188712
13.9062 -31.8461 7.126808 -2.947551 -1.783395 -2.790195 -0.22931 -0.773314 -0.559143 -3.292568 -3.568832 -4.269726 -5.336514 -4.973938 -2.425329
11.9062 -31.8461 7.126808 -2.506898 1.839501 -3.784407 5.189228 -0.6389 1.186275 -5.997528 -1.803775 -5.577206 -4.432745 -7.484817 -1.244205
9.906197 -31.8461 7.126808 -3.196479 2.690325 -2.518395 6.720141 -1.032097 1.20243 -5.383096 -1.575174 -4.624663 -3.51038 -7.703365 -3.005789
7.906197 -31.8461 7.126808 -1.325885 3.705249 -1.211476 5.773723 0.409581 0.517355 -5.212772 -2.810774 -5.737789 -5.089149 -7.447251 -3.539671
9.906197 -33.8461 7.126808 -1.25737 1.547181 -3.27181 3.624384 0.533159 0.423033 -4.070832 -3.026795 -3.464248 -3.03986 -3.190906 -0.594828
7.906197 -33.8461 7.126808 -1.999272 0.643468 -5.009271 4.537687 0.242439 1.037814 -5.066943 -4.828045 -5.014849 -5.697016 -4.467747 -3.784713
15.9062 -35.8461 7.126808 -0.222856 -0.84439 -3.306406 0.987897 -0.146408 -2.38846 -0.769109 -1.713082 -0.657162 -2.078802 -0.825341 0.273022
13.9062 -35.8461 7.126808 1.23159 -1.578768 0.295621 -0.493028 0.659649 -2.144109 -1.548098 -1.895021 0.017141 -2.205238 0.099232 0.705349
11.9062 -35.8461 7.126808 1.389571 0.001135 0.136666 0.785577 0.817653 0.326827 -2.365565 -1.283633 -1.744344 -1.450891 0.486794 1.101463
9.906197 -35.8461 7.126808 0.041756 1.003507 -1.858134 1.866023 0.735486 -0.334709 -1.436293 -1.504074 -1.787789 -1.791161 -0.674174 0.264159
7.906197 -35.8461 7.126808 -0.036199 -1.836188 -4.377253 2.069902 0.816568 -0.909083 -1.162687 -2.875093 -2.683062 -3.653878 -3.056802 -3.169624
11.9062 -37.8461 7.126808 2.616977 0.350886 1.693526 2.913368 0.710079 0.020187 -4.276441 -2.26424 -3.729779 -1.774361 -1.808178 -2.113936
9.906197 -37.8461 7.126808 0.824816 1.384011 0.366449 2.335955 -0.539889 0.536759 -2.954681 -2.838942 -4.633296 -1.900859 -2.51093 -3.420027
-0.093803 -25.8461 9.126808 3.343246 2.301613 2.96601 -0.358755 -0.431556 2.541831 -2.392349 1.512689 -2.34662 0.281337 -2.371243 1.3545
15.9062 -27.8461 9.126808 1.32318 1.17929 1.451896 -2.502789 -0.092347 -0.312364 -0.536359 -1.349196 0.086496 0.489347 1.004896 0.016671
13.9062 -27.8461 9.126808 -0.334077 0.982955 3.445753 0.691721 -0.313612 0.810208 0.074863 -2.02071 0.249207 0.581086 -1.24409 0.029726
-0.093803 -27.8461 9.126808 0.76006 1.643196 4.000894 1.033792 0.229572 2.4827 -1.192927 -0.238365 -1.265596 -1.038917 -2.304054 1.915525
-2.093803 -27.8461 9.126808 1.939303 -0.825261 2.10431 -1.076134 0.01654 -0.958408 0.324391 -1.000453 -0.013813 -0.023394 -1.363221 -1.844806
-4.093803 -27.8461 9.126808 2.211902 -1.223364 1.688718 -1.475101 0.429119 -1.443464 3.2101 1.004164 0.748904 -0.766503 -0.035164 -0.454551
-6.093803 -27.8461 9.126808 3.095609 -0.144613 0.113279 0.33434 0.465497 -0.749906 1.988428 1.008432 1.00547 -0.17087 -2.39388 0.082396
-8.093803 -27.8461 9.126808 1.309373 -0.168136 -0.640925 0.305134 0.638813 -0.837741 0.252556 -1.95212 1.395058 0.522791 -1.402292 0.612663
-10.0938 -27.8461 9.126808 1.62759 0.241183 0.355702 -0.684793 0.878114 -1.069222 -0.33582 -2.650689 0.738481 -0.252992 -0.133984 0.390992
15.9062 -29.8461 9.126808 0.490933 1.602268 0.786567 0.677766 0.896531 -0.277682 0.042662 -0.820221 -1.315877 1.436899 -1.596069 0.276779
13.9062 -29.8461 9.126808 -1.071273 0.859985 1.302916 3.500448 -0.091686 -0.346195 -1.8205 -0.923954 -1.88821 -0.583329 -2.588057 -0.380186
-10.0938 -29.8461 9.126808 0.851089 -0.36014 1.173633 1.037388 -0.171195 0.469386 -1.961912 -2.293362 -0.554007 -0.515467 -2.768252 -0.678972
13.9062 -31.8461 9.126808 -2.470148 -0.204762 -0.329778 -0.205717 -0.840733 -0.453279 -2.067738 -1.115176 -3.176512 -2.499521 -3.381595 -0.686923
11.9062 -31.8461 9.126808 -2.734629 1.694737 -1.561351 2.533796 0.082536 -0.960528 -4.174115 -0.546679 -3.557865 -3.466435 -3.600751 -0.885996
-10.0938 -31.8461 9.126808 -2.804794 -0.607881 -0.263748 0.42367 -1.316429 -0.351055 -4.09113 -0.199555 -2.35806 -1.98541 -5.334461 -2.336275
13.9062 -35.8461 9.126808 -0.182137 0.447587 -0.51417 -0.436002 1.91301 -1.055804 -0.435702 -2.016727 0.131956 -0.825303 1.652143 -0.954049
11.9062 -35.8461 9.126808 -1.679595 0.672395 -0.356863 0.076126 0.778667 0.46314 -1.6846 -1.803626 -1.619633 0.150099 1.299471 -0.309931
-0.093803 -23.8461 11.12681 0.771586 0.038761 0.234005 2.536425 -0.703398 0.780867 -2.745979 -1.495839 -3.104772 -2.380307 -3.111413 -3.334822
15.9062 -25.8461 11.12681 0.529361 -0.878828 -0.730545 1.771001 0.276369 1.55109 1.216143 -2.184415 -1.613082 -1.074 0.975246 -0.66017
-0.093803 -25.8461 11.12681 6.803112 -2.940799 2.278642 1.846648 0.593075 0.212146 -1.323697 -3.785338 -0.897264 -1.513335 -1.192755 -2.588682
-2.093803 -25.8461 11.12681 4.826034 -2.748879 0.638398 -2.191909 1.184064 -2.909438 0.488722 -5.016968 1.871229 -3.098058 0.964685 -4.005089
-8.093803 -25.8461 11.12681 -0.122282 -1.750408 -5.423108 -1.51916 -0.499244 -2.241569 -0.474957 1.165507 0.283233 1.183931 -0.829125 0.494621
15.9062 -27.8461 11.12681 0.204723 0.945698 -0.643788 0.723735 -0.868761 1.077996 -0.142113 -2.259187 -1.793763 -0.728051 0.541177 -1.185277
13.9062 -27.8461 11.12681 -0.391016 1.943819 0.539059 3.654814 0.166473 0.634732 -0.186466 -1.004249 -2.552478 -1.158889 1.104388 -0.753793
-0.093803 -27.8461 11.12681 4.768898 -1.846164 3.931789 -0.044514 -0.53785 0.151043 0.003486 -4.365004 1.127236 -1.829193 0.204631 -2.301275
-2.093803 -27.8461 11.12681 4.073618 -2.807108 1.792734 -1.906028 0.122093 -3.548798 0.643973 -4.70277 2.280935 -2.9412 0.358443 -4.669474
-4.093803 -27.8461 11.12681 2.300341 -2.950863 -1.751625 -4.511656 -0.333373 -3.651345 1.895795 -1.730004 0.623663 -2.278458 -2.155677 -2.947932
-6.093803 -27.8461 11.12681 0.49712 -2.777079 -3.220214 -1.878919 -0.727582 -3.243754 1.085242 0.184347 -0.786504 -1.402274 -2.88245 -1.940307
-8.093803 -27.8461 11.12681 1.518988 -3.622422 -2.632292 -0.396383 1.020764 -2.793204 -0.334733 -2.180443 -2.611744 -0.510669 -0.935279 -0.468509
-10.0938 -27.8461 11.12681 2.855341 -1.354823 0.149437 -0.709366 1.463858 -1.949303 0.495162 -2.182945 -3.249446 -0.420198 0.497508 -0.570603
15.9062 -29.8461 11.12681 -1.601292 1.529234 0.353451 2.176734 0.213202 1.582337 0.94401 -0.911061 -1.783391 0.201184 0.183752 0.171846
13.9062 -29.8461 11.12681 -1.431564 2.230374 0.299293 5.170116 -0.777914 1.525434 -0.55613 0.797786 -1.210255 0.902808 0.445699 0.770094
-4.093803 -29.8461 11.12681 1.001401 0.588747 -0.6171 -2.224944 0.338194 -0.802034 0.956858 0.163032 -1.129916 -0.382641 -2.138332 -1.2164
-10.0938 -29.8461 11.12681 0.487588 -1.797522 -0.172475 -0.240873 1.028576 -1.370606 -1.763695 -2.137654 -2.569592 -2.182726 -2.308476 -1.774697
-12.0938 -29.8461 11.12681 0.80209 -1.583431 2.588744 -2.584146 -0.368255 -2.782138 0.49894 -0.204797 0.312342 -1.541845 1.063262 -1.691375
-8.093803 -31.8461 11.12681 -6.002762 -2.796016 -3.902043 -0.098961 -2.185987 -1.781584 -4.69051 -2.818125 -4.621633 -4.0624 -6.287611 -2.485046
-10.0938 -31.8461 11.12681 -2.419755 -1.969339 -2.79373 -0.497043 -0.592928 -1.274827 -4.35704 -2.058521 -2.772712 -2.82717 -4.71851 -2.405644
-0.093803 -23.8461 13.12681 -1.879397 0.728799 1.433515 2.287721 -2.375894 -0.710558 -2.2721 1.39026 -2.210126 0.957429 -1.220692 -0.54657
-8.093803 -23.8461 13.12681 -1.41785 -1.462618 -2.244898 0.595492 -1.336532 -0.746575 -0.62767 0.827536 1.061867 0.725469 -0.339754 0.07973
15.9062 -25.8461 13.12681 -0.90405 -0.363938 -2.21847 2.436712 -0.196244 1.904705 0.65955 -1.568923 -2.361365 1.045122 -2.723256 -0.804764
-0.093803 -25.8461 13.12681 2.281734 -3.297898 -0.312136 1.036297 -0.553176 -0.773869 -1.921684 -1.636734 -1.474325 -0.031768 -3.439507 -3.085007
-2.093803 -25.8461 13.12681 3.799411 -0.482624 0.989558 0.736557 0.181686 -2.854736 -0.210021 -1.108933 0.824818 -0.818724 0.170622 -2.17447
-4.093803 -25.8461 13.12681 4.11078 -0.885016 -0.434921 -1.226068 0.830342 -2.773886 0.723512 -1.023252 1.707501 -0.807309 0.872142 0.082453
-6.093803 -25.8461 13.12681 2.581571 -1.972076 -0.845137 -2.179563 -0.737882 -1.483224 -1.141261 -0.937641 -0.099344 -0.030145 0.096566 -0.074662
-8.093803 -25.8461 13.12681 -1.063589 -0.635743 -2.8123 -0.627962 -0.682884 -0.989175 -1.611479 -1.000825 -0.190558 -0.246786 -2.645744 -0.813542
-10.0938 -25.8461 13.12681 -0.909277 -1.239587 0.118897 0.962499 0.096756 -0.794936 0.577777 -2.108701 0.373463 -1.710593 -1.624446 -1.435196
17.9062 -27.8461 13.12681 -2.198611 0.491564 0.847216 0.783108 0.666449 0.446124 -0.156146 -2.605094 -1.835182 -0.715038 0.553809 -2.163855
15.9062 -27.8461 13.12681 -1.695466 1.426887 -1.270795 2.792014 -0.66945 1.436164 -1.689888 -2.491757 -2.334473 -0.825939 -2.364213 -2.828771
-2.093803 -27.8461 13.12681 1.002157 -2.790361 1.59448 -0.204491 -0.158135 -2.636268 -0.764419 -3.597687 0.36463 -2.457149 -0.277541 -5.020503
-4.093803 -27.8461 13.12681 0.993617 -0.875468 -0.528672 -1.544455 -0.224526 -1.687246 -0.101083 -0.450049 -0.089572 -0.470806 -1.206206 -3.251181
-6.093803 -27.8461 13.12681 0.719088 -1.480055 -1.119123 -0.589113 -0.887014 -0.553969 -0.616392 -0.293187 -1.425253 -0.530711 -2.008325 -2.293186
-10.0938 -27.8461 13.12681 -0.548332 0.178191 -1.003324 1.377005 0.252701 0.989746 -1.497291 -0.080691 -2.844626 -1.670757 -3.377276 -1.716654
-12.0938 -27.8461 13.12681 -0.120421 0.655151 1.374828 0.908335 0.462061 0.23552 -0.490958 1.067856 -1.495404 -0.891059 -0.64125 -0.37071
-8.093803 -23.8461 15.12681 0.906792 -1.735782 0.907025 3.058954 -0.653898 -0.071258 -0.39341 1.336546 0.620501 -0.804598 -0.253174 0.248376
-10.0938 -23.8461 15.12681 -0.39587 -0.402308 0.108459 4.125713 -0.348845 0.273327 -1.301761 -1.070203 -0.820565 -0.385604 0.156794 0.037521
-0.093803 -25.8461 15.12681 0.370502 -1.639187 -2.152956 -0.226176 -2.110988 -0.792757 -0.705116 -0.547135 -2.028764 -1.180541 -3.970733 -2.05386
-2.093803 -25.8461 15.12681 1.646399 -1.381168 -1.016452 0.742252 -1.11694 -2.045808 -0.50077 -0.27017 -0.444391 0.224691 0.477054 0.349765
15.9062 -27.8461 15.12681 3.520966 0.723604 2.880095 3.294671 0.807926 2.369928 -1.42785 -1.401579 0.250214 -0.893842 -1.027073 -1.304325
