-2.916229 -17.8252 -18.50076 0.33132 -0.678485 0.141018 -0.502516 -0.498619 0.258179
3.083771 -11.8252 -16.50076 5.615736 4.190169 2.673076 3.289272 2.473042 2.878391
1.083771 -11.8252 -16.50076 2.853792 1.992374 3.045063 1.348148 2.319435 4.206364
-4.916229 -11.8252 -16.50076 1.929281 1.541387 3.160146 3.490671 1.966066 4.426518
3.083771 -13.8252 -16.50076 -0.181743 0.165394 -0.416069 2.29187 2.489249 3.069818
1.083771 -13.8252 -16.50076 -3.096739 -2.266691 -0.451644 -0.870899 0.920249 0.072291
-2.916229 -13.8252 -16.50076 -3.391923 -3.084744 -0.183602 1.04443 -1.682323 -0.340592
-4.916229 -13.8252 -16.50076 0.404382 -0.658032 3.964862 4.260796 1.278634 3.121869
3.083771 -15.8252 -16.50076 -1.755758 -1.630155 -1.055046 -0.384931 0.423944 0.163748
-2.916229 -15.8252 -16.50076 -2.009968 -2.289015 0.880555 1.746529 -1.971784 -0.683624
-4.916229 -15.8252 -16.50076 -1.739274 -2.626586 3.911406 4.217148 -0.13931 -0.319833
-2.916229 -17.8252 -16.50076 0.199679 -0.157385 1.692478 1.98398 0.158012 2.197235
-4.916229 -17.8252 -16.50076 -1.313361 -1.544201 3.948177 3.882473 -0.066196 -1.602459
5.083771 -11.8252 -14.50076 1.589217 4.632778 -2.586308 -0.143123 3.808675 4.39673
3.083771 -11.8252 -14.50076 7.013977 5.572356 -1.569196 -0.077223 1.299316 1.118555
5.083771 -13.8252 -14.50076 1.530207 3.126463 -2.600857 -0.860112 2.555301 3.018321
3.083771 -13.8252 -14.50076 -1.707794 -0.957331 -6.356544 -3.025967 0.734249 -0.838919
-2.916229 -13.8252 -14.50076 -8.440489 -5.694467 -1.606711 0.178758 -1.806487 -2.638385
-4.916229 -13.8252 -14.50076 -1.944246 -0.214268 2.74931 5.126129 0.618515 1.490255
3.083771 -15.8252 -14.50076 -3.018736 -3.392146 -5.114337 -3.334375 -0.396711 -2.612648
-2.916229 -15.8252 -14.50076 -6.662179 -3.832668 -0.112111 1.641198 -4.930208 -6.130025
-4.916229 -15.8252 -14.50076 -4.125417 -1.696665 2.343535 5.923085 -0.956275 -0.960876
3.083771 -17.8252 -14.50076 0.706026 -1.809001 -0.64314 -2.398975 -1.471162 -3.85002
1.083771 -17.8252 -14.50076 -0.301922 -0.834711 -0.243082 -0.87465 -1.462291 -4.778662
-2.916229 -17.8252 -14.50076 -1.613425 1.155274 1.922106 3.24588 -3.720353 -3.175258
-4.916229 -17.8252 -14.50076 -3.528643 -0.617967 3.021729 6.718113 -1.451928 -1.52721
3.083771 -19.8252 -14.50076 0.555715 -1.15765 0.161999 -1.617751 -1.131387 -1.687015
1.083771 -19.8252 -14.50076 2.115496 -0.205769 2.313085 0.580628 0.103135 -0.013139
-2.916229 -19.8252 -14.50076 0.388689 2.089668 2.379303 2.875351 -1.990402 -0.370821
-4.916229 -19.8252 -14.50076 -1.486274 0.169106 3.065761 4.296802 -1.107034 -2.034823
1.083771 -21.8252 -14.50076 3.539153 0.520193 1.001818 -0.149612 1.886795 4.213758
-2.916229 -21.8252 -14.50076 -1.325292 0.560475 -0.150257 0.774467 -1.653017 -0.168888
-4.916229 -21.8252 -14.50076 -1.199499 -0.792445 0.785452 -0.723666 -1.282109 -2.768188
1.083771 -23.8252 -14.50076 2.817043 1.297646 -1.567866 -1.313169 2.286673 4.310719
1.083771 -25.8252 -14.50076 0.319605 0.07205 -1.657574 -0.474661 1.846806 3.506611
3.083771 -27.8252 -14.50076 2.156099 0.623374 2.480899 1.531562 0.484991 0.194339
1.083771 -27.8252 -14.50076 -1.810593 -2.13594 -0.053322 1.159939 1.197083 2.696612
5.083771 -33.8252 -14.50076 -2.925348 -2.886426 -1.131162 -2.576821 -0.048253 0.124614
3.083771 -35.8252 -14.50076 -1.2594 -0.605985 -0.941657 -1.831376 0.42334 1.154421
5.083771 -11.8252 -12.50076 1.868986 6.104788 -2.71701 1.041339 2.124589 1.956884
5.083771 -13.8252 -12.50076 -2.679935 0.502616 -5.529861 -3.358693 0.312341 0.823239
3.083771 -13.8252 -12.50076 -2.46039 0.365724 -3.247368 -0.95354 1.909899 0.86229
5.083771 -15.8252 -12.50076 -4.175985 -3.796973 -4.072375 -4.438057 -1.780784 -0.587972
3.083771 -15.8252 -12.50076 -5.969616 -4.269586 -6.45687 -4.513052 0.572899 0.040913
5.083771 -17.8252 -12.50076 -1.51087 -3.710918 -0.734375 -2.705607 -1.610076 -1.301441
3.083771 -17.8252 -12.50076 -3.24943 -4.379416 -4.117252 -3.289353 -0.906436 -1.543165
5.083771 -19.8252 -12.50076 0.945892 -1.274341 -0.714761 -3.514052 -0.842273 -2.028386
3.083771 -19.8252 -12.50076 -1.591116 -3.429925 -0.674001 -2.001406 -1.067183 -1.289521
-4.916229 -19.8252 -12.50076 1.288154 1.098808 0.021692 0.893236 -0.869866 -0.405045
3.083771 -21.8252 -12.50076 -0.52515 -1.458531 -0.289559 -2.605523 -1.780525 -3.091274
-2.916229 -21.8252 -12.50076 2.966518 0.973258 -1.79848 -3.393039 -2.968621 -3.465151
-4.916229 -21.8252 -12.50076 4.237737 1.938028 0.484984 -1.158789 0.785218 0.283593
3.083771 -23.8252 -12.50076 2.431988 1.063567 -1.208281 -4.073535 -1.92928 -5.340882
1.083771 -23.8252 -12.50076 2.428824 1.194902 -1.485292 -1.939977 -1.396069 -1.003329
-2.916229 -23.8252 -12.50076 0.680679 1.730545 -4.734652 -5.829658 -2.388075 -3.684735
-4.916229 -23.8252 -12.50076 1.574017 0.735098 -1.644206 -3.438318 -0.116392 -0.471174
3.083771 -25.8252 -12.50076 3.936704 1.209849 -0.425018 -3.924001 -0.389821 -3.22966
1.083771 -25.8252 -12.50076 -0.32783 -1.480455 -1.526457 -2.143378 -0.088526 0.073466
3.083771 -27.8252 -12.50076 2.367903 -0.883157 1.665437 -2.1159 1.094085 -0.185365
1.083771 -27.8252 -12.50076 -4.181124 -5.661298 -0.04724 -1.539961 0.633608 0.151502
3.083771 -29.8252 -12.50076 -0.394567 -2.915406 2.506341 -1.290306 1.234576 -0.375504
1.083771 -29.8252 -12.50076 -5.94111 -7.398223 -0.474456 -2.17173 -0.120232 -2.471085
7.083771 -31.8252 -12.50076 1.538232 2.079472 3.250898 1.715703 -0.078643 -1.982404
5.083771 -31.8252 -12.50076 3.442953 3.153259 4.426048 2.843087 2.454746 2.175467
3.083771 -31.8252 -12.50076 -1.543171 -2.790103 1.905754 -1.324385 0.696191 -1.612039
5.083771 -33.8252 -12.50076 3.160168 3.456562 3.438271 3.465162 1.547397 2.092617
3.083771 -33.8252 -12.50076 -0.145045 -0.087682 1.358952 -0.146284 0.612924 -0.141834
3.083771 -35.8252 -12.50076 0.58567 1.764697 0.122361 0.418919 0.706239 1.903949
5.083771 -17.8252 -10.50076 -2.875027 -2.206498 -1.340976 -3.905646 -1.575871 -0.766636
5.083771 -21.8252 -10.50076 3.538644 3.905516 7.570803 4.724702 1.785408 2.066857
3.083771 -21.8252 -10.50076 -0.548109 -1.274132 5.94938 2.082364 0.089909 -0.325991
-4.916229 -21.8252 -10.50076 -2.332392 -2.817243 -2.047188 -2.994961 0.675691 -0.312191
5.083771 -23.8252 -10.50076 5.798703 6.617915 8.98159 6.923985 2.299108 5.052959
3.083771 -23.8252 -10.50076 2.07032 0.787009 4.760078 0.29625 -0.030889 -2.020611
-4.916229 -23.8252 -10.50076 -0.863821 -1.128701 -3.649151 -5.083491 2.131088 1.796241
-6.916229 -23.8252 -10.50076 1.69726 0.372924 -1.09024 -3.625851 2.471648 2.180717
3.083771 -25.8252 -10.50076 1.599473 0.461569 1.907846 -1.583645 1.599226 0.892513
-4.916229 -25.8252 -10.50076 -0.652233 -0.03423 -3.527056 -4.38893 0.809467 1.315612
5.083771 -27.8252 -10.50076 8.213458 6.263469 7.591436 5.445641 4.267819 9.040882
3.083771 -27.8252 -10.50076 -0.843201 -1.316316 -1.984336 -3.963236 3.514697 4.553106
-2.916229 -27.8252 -10.50076 -0.742786 0.174099 -0.607474 -2.790876 0.486895 -0.190473
7.083771 -29.8252 -10.50076 6.687491 5.056003 4.235043 4.901438 2.680962 6.431008
5.083771 -29.8252 -10.50076 5.818083 5.14047 5.245412 5.466074 5.367054 8.991193
3.083771 -29.8252 -10.50076 -2.748314 -2.235546 -5.483625 -6.847147 3.88724 3.999632
7.083771 -31.8252 -10.50076 4.264259 4.559508 4.695626 5.821696 2.117869 4.282496
3.083771 -31.8252 -10.50076 -1.894952 -1.276897 -4.910459 -6.695799 3.37643 2.021991
3.083771 -33.8252 -10.50076 0.642712 0.828035 0.338781 -1.455139 2.624641 2.270927
3.083771 -35.8252 -10.50076 0.270518 1.288344 3.395735 2.597631 0.817327 2.493004
3.083771 -37.8252 -10.50076 -2.750069 -0.50762 -0.387646 -0.40575 -0.755778 1.199829
5.083771 -43.8252 -10.50076 1.832163 1.928658 0.838943 1.042102 -1.037984 -1.708997
7.083771 -23.8252 -8.500755 4.412417 4.019723 5.244807 6.116999 1.564911 2.936249
5.083771 -23.8252 -8.500755 1.182612 2.131883 6.67677 9.155725 -1.021579 0.247284
-4.916229 -23.8252 -8.500755 -3.652735 -4.262521 0.388893 -4.205774 -0.834418 -3.879694
9.083771 -25.8252 -8.500755 2.610775 -0.053272 2.322371 -0.938838 1.001888 -0.576292
7.083771 -25.8252 -8.500755 2.616377 2.343876 2.115312 3.559233 0.327645 1.231591
5.083771 -25.8252 -8.500755 1.568998 2.860772 5.314562 8.133629 -1.021199 0.918533
3.083771 -25.8252 -8.500755 -1.055499 0.33688 2.669873 4.486236 0.325631 0.786894
-4.916229 -25.8252 -8.500755 2.432219 1.185397 1.370621 -1.067809 0.307073 1.178663
-6.916229 -25.8252 -8.500755 0.02192 -1.010534 -1.801629 -2.876043 -0.510683 -1.870032
5.083771 -27.8252 -8.500755 3.171216 3.528363 5.388758 8.326336 1.16538 3.336391
3.083771 -27.8252 -8.500755 -1.414909 1.708224 0.126039 3.397357 0.424575 2.941368
-4.916229 -27.8252 -8.500755 2.948103 1.237036 2.043093 0.341229 0.3939 2.59914
-6.916229 -27.8252 -8.500755 -0.813219 -1.541428 0.4766 0.492907 0.130817 0.587647
5.083771 -29.8252 -8.500755 4.234065 4.295445 5.290705 9.106483 3.615156 6.111758
3.083771 -29.8252 -8.500755 -1.60425 2.219162 -3.476911 0.151753 0.619291 3.36471
-4.916229 -29.8252 -8.500755 -2.076855 -2.67616 -0.7765 -2.690802 -0.659929 -1.32983
5.083771 -31.8252 -8.500755 4.815273 5.04011 4.873954 7.71856 4.30952 6.19063
3.083771 -31.8252 -8.500755 0.778548 2.958033 -3.170698 -1.13781 2.395103 4.705859
5.083771 -33.8252 -8.500755 4.38185 4.154036 5.560005 5.245615 3.241502 3.603278
3.083771 -33.8252 -8.500755 2.432685 2.487917 -0.578066 -0.546604 4.158033 5.771516
5.083771 -35.8252 -8.500755 0.197169 0.187934 4.52773 3.431095 1.114003 0.914007
3.083771 -35.8252 -8.500755 0.400361 0.744606 0.024392 -0.152171 3.284881 4.781045
5.083771 -37.8252 -8.500755 -1.458001 -1.040579 2.060436 2.200922 1.398983 2.312899
5.083771 -39.8252 -8.500755 0.593788 0.808963 2.817393 3.406575 2.018709 3.08264
3.083771 -39.8252 -8.500755 1.332793 1.855096 1.218052 2.163165 2.643633 3.923983
7.083771 -41.8252 -8.500755 2.466814 1.989761 2.377925 0.065972 0.78526 0.359766
5.083771 -41.8252 -8.500755 -0.318286 0.113767 -0.62276 -0.3736 1.115675 1.108969
3.083771 -41.8252 -8.500755 -1.055398 -0.24331 -0.59959 0.233601 -1.098868 -1.935584
7.083771 -43.8252 -8.500755 2.383523 2.490718 3.576751 3.013771 -0.679245 -1.528911
5.083771 -43.8252 -8.500755 -0.413622 0.689327 0.887941 1.150532 -1.109347 -2.242573
3.083771 -43.8252 -8.500755 -0.83724 0.462299 0.472122 0.138853 -1.496966 -2.47653
7.083771 -45.8252 -8.500755 0.458806 1.46131 1.317994 2.871659 -0.632172 -0.690672
-0.916229 -45.8252 -8.500755 2.760052 1.613779 -0.276328 -1.151143 -0.669697 -0.705338
7.083771 -27.8252 -6.500755 -1.617661 -1.500301 -0.849806 1.934573 -0.809741 -0.588127
5.083771 -27.8252 -6.500755 3.703733 3.203139 1.312584 4.596056 -1.397421 -0.736476
3.083771 -27.8252 -6.500755 2.456354 3.927044 2.278451 5.068128 -1.637899 -1.249468
-6.916229 -27.8252 -6.500755 -3.429459 -2.220501 -1.184924 -0.068711 -3.325099 -4.220973
-8.916229 -27.8252 -6.500755 -3.60927 -3.338937 0.387423 -0.835405 -2.513811 -4.055495
7.083771 -29.8252 -6.500755 -0.252366 -0.352111 0.499167 3.101687 0.702172 2.418866
5.083771 -29.8252 -6.500755 4.800127 3.765729 3.534794 5.542438 -0.219228 0.860488
3.083771 -29.8252 -6.500755 3.481249 4.635334 1.006047 2.427686 -2.133747 -1.778057
-4.916229 -29.8252 -6.500755 -3.727194 -3.97637 -4.859949 -4.266572 -3.22354 -4.844863
-6.916229 -29.8252 -6.500755 -5.21357 -3.497109 -1.283614 -1.025331 -4.039835 -6.391369
5.083771 -31.8252 -6.500755 2.983838 2.74399 3.727962 4.795922 -0.96841 0.252391
3.083771 -31.8252 -6.500755 4.02019 4.200653 0.237593 -0.079224 -0.711701 -0.145806
-4.916229 -31.8252 -6.500755 -5.99468 -5.598881 -6.911764 -5.197513 -0.885977 -2.102016
5.083771 -33.8252 -6.500755 0.010923 0.973496 3.264991 2.44752 -0.805444 -1.537396
3.083771 -33.8252 -6.500755 1.391307 1.434082 -1.551817 -3.366103 1.566725 0.461891
5.083771 -35.8252 -6.500755 -3.486933 -1.838258 1.278328 0.645962 0.365413 -0.33967
3.083771 -35.8252 -6.500755 -2.793096 -1.894035 -3.146246 -4.884475 2.244813 0.306192
5.083771 -37.8252 -6.500755 -2.340481 -1.999989 -1.081455 0.944959 1.624954 3.305867
5.083771 -39.8252 -6.500755 -1.045591 -2.199258 -0.47504 1.788632 1.845598 2.486597
3.083771 -39.8252 -6.500755 0.25813 -0.967705 1.276555 2.606574 2.265361 3.036103
3.083771 -41.8252 -6.500755 -1.758311 -3.27806 0.04483 0.72034 -0.905816 -0.943149
7.083771 -43.8252 -6.500755 0.7122 0.697431 2.497372 2.676852 0.290676 0.318227
3.083771 -43.8252 -6.500755 -1.709343 -1.426796 -0.279368 -1.347051 -0.976619 -1.789979
-0.916229 -43.8252 -6.500755 1.383552 0.488645 0.516453 -0.763934 0.977083 1.395103
-2.916229 -43.8252 -6.500755 0.97494 -0.550169 2.64596 0.088495 0.903419 0.639239
9.083771 -45.8252 -6.500755 2.337933 2.741307 0.88413 2.29009 -1.394887 -2.04864
7.083771 -45.8252 -6.500755 1.988011 1.930547 0.816251 1.791679 -0.467571 0.003992
5.083771 -45.8252 -6.500755 0.513297 0.780043 1.24613 0.903925 1.501056 1.544561
3.083771 -45.8252 -6.500755 0.165545 0.381035 -0.5405 -2.081197 -0.349611 -1.058789
-0.916229 -45.8252 -6.500755 4.586777 2.566919 1.065957 -1.040697 0.700162 0.400076
-2.916229 -45.8252 -6.500755 3.042561 1.233262 1.392302 -1.453594 0.312645 -0.898799
9.083771 -47.8252 -6.500755 2.647322 3.732757 -0.341457 1.456625 -0.963185 -1.166059
7.083771 -47.8252 -6.500755 1.079488 1.053591 -0.877736 -1.108409 -0.506141 -1.670552
5.083771 -47.8252 -6.500755 0.620462 2.143195 0.096747 1.302874 1.086588 1.039804
-0.916229 -47.8252 -6.500755 3.739331 2.231508 0.315589 -0.754041 -0.628102 -1.603242
-2.916229 -47.8252 -6.500755 0.868414 0.193021 -0.214818 -0.933076 -1.134239 -1.639507
9.083771 -49.8252 -6.500755 1.81737 1.504616 0.505747 -0.247216 -1.360871 -2.612126
-2.916229 -49.8252 -6.500755 0.672705 0.187109 0.826418 0.742473 -0.974717 -0.617573
7.083771 -29.8252 -4.500755 -4.753707 -2.851904 -1.687731 1.024172 -0.778769 0.025317
5.083771 -29.8252 -4.500755 -2.463971 -1.445089 -1.381779 -0.434842 -2.961369 -3.947018
-8.916229 -29.8252 -4.500755 -2.307077 -3.637472 -0.318906 -0.134876 1.904605 0.78664
9.083771 -31.8252 -4.500755 0.221469 -1.719305 -0.060188 0.240154 -0.874814 -0.920127
7.083771 -31.8252 -4.500755 -2.094066 -2.085259 0.717741 1.552342 -2.509168 -2.611166
5.083771 -31.8252 -4.500755 -3.772501 -2.175069 -1.532777 -2.64856 -3.251865 -5.507828
3.083771 -31.8252 -4.500755 1.684737 1.827819 -3.73665 -5.941382 -2.625776 -5.375697
-4.916229 -31.8252 -4.500755 -3.031948 -1.560787 -3.455129 -3.39266 -0.170316 0.389379
-6.916229 -31.8252 -4.500755 -1.295401 -1.143108 -1.176413 -2.900032 -0.37753 -1.314567
-8.916229 -31.8252 -4.500755 1.485925 -0.827875 1.420704 0.098439 2.874974 1.422354
9.083771 -33.8252 -4.500755 7.161922 3.746104 5.168468 1.330785 -0.30344 0.177727
7.083771 -33.8252 -4.500755 2.553834 0.643629 3.753256 1.156083 -2.758967 -4.512927
5.083771 -33.8252 -4.500755 -2.161983 -0.94627 -1.912314 -4.546268 -1.505056 -5.606858
3.083771 -33.8252 -4.500755 3.211548 3.011076 -4.105576 -7.135588 0.595929 -2.180337
-4.916229 -33.8252 -4.500755 1.714753 2.354442 -0.066041 -0.193542 2.783048 4.823876
-6.916229 -33.8252 -4.500755 2.578724 2.084925 -0.027563 -2.260808 -0.748866 -1.398447
5.083771 -35.8252 -4.500755 0.238446 0.534976 -0.066191 -3.084578 1.842947 0.113697
3.083771 -35.8252 -4.500755 3.392046 2.895608 -1.669109 -4.862552 4.096128 3.370306
-4.916229 -35.8252 -4.500755 7.088232 5.422271 3.3882 1.191443 4.784154 7.544981
-6.916229 -35.8252 -4.500755 5.354696 3.009856 1.758147 -1.942404 -1.194019 -1.695531
5.083771 -37.8252 -4.500755 2.193494 1.785563 1.59233 0.495884 2.36089 3.155755
3.083771 -37.8252 -4.500755 5.438413 4.072625 2.425445 -0.678831 5.692601 7.176307
-4.916229 -37.8252 -4.500755 7.383698 4.593876 5.926239 1.82872 5.214841 7.466168
-6.916229 -37.8252 -4.500755 5.208424 2.478146 4.362825 0.219411 0.563669 0.860304
5.083771 -39.8252 -4.500755 -0.412927 -0.903379 1.787343 1.03161 0.415795 -0.989832
3.083771 -39.8252 -4.500755 3.741582 1.854563 3.860324 1.644943 2.873182 4.069157
-4.916229 -39.8252 -4.500755 2.462211 1.173963 6.17298 4.333952 3.225461 5.514085
5.083771 -41.8252 -4.500755 -3.546895 -3.093656 -0.926225 -0.994848 -0.832679 -1.152146
3.083771 -41.8252 -4.500755 -2.070932 -2.68142 1.547665 1.74286 -0.478241 1.679702
-0.916229 -41.8252 -4.500755 -2.207728 -2.049694 2.558518 2.060425 0.780727 1.287567
-2.916229 -41.8252 -4.500755 -0.28826 -0.691147 1.214851 0.328105 1.520601 2.342041
7.083771 -43.8252 -4.500755 -0.022703 -0.483497 1.229656 0.537168 1.08326 2.624416
5.083771 -43.8252 -4.500755 -2.083066 -2.210024 0.508381 -0.406345 0.283307 -0.113895
3.083771 -43.8252 -4.500755 -4.502069 -3.796861 -1.45879 -1.732523 -1.307457 -1.612582
-0.916229 -43.8252 -4.500755 1.545624 0.016544 3.36342 3.176425 1.296834 2.193492
-2.916229 -43.8252 -4.500755 1.934252 0.283586 5.304301 3.735389 1.818888 2.977936
9.083771 -45.8252 -4.500755 1.626106 1.662235 0.669556 1.575652 -1.018732 0.888387
7.083771 -45.8252 -4.500755 1.881801 1.50076 1.059311 0.46029 0.172541 2.649082
5.083771 -45.8252 -4.500755 2.61478 1.395555 2.676414 0.146122 1.767889 2.13441
-0.916229 -45.8252 -4.500755 3.887617 2.299898 2.352381 -0.63024 2.593792 3.828666
-2.916229 -45.8252 -4.500755 6.308215 4.0331 6.126453 1.681323 2.906885 3.730861
11.08377 -47.8252 -4.500755 2.648452 2.228322 0.829456 0.990249 -1.193825 -1.201872
9.083771 -47.8252 -4.500755 3.384284 4.351539 0.303144 1.423944 0.283689 1.444867
7.083771 -47.8252 -4.500755 1.73108 2.274651 1.005282 0.026891 1.131222 1.357267
5.083771 -47.8252 -4.500755 2.692736 2.40928 3.812699 2.685005 2.620092 2.694589
-0.916229 -47.8252 -4.500755 0.45988 0.454572 0.235296 -1.798425 1.681003 1.768778
-2.916229 -47.8252 -4.500755 2.022237 2.018963 0.670035 -0.841783 1.803456 3.087255
7.083771 -49.8252 -4.500755 1.770146 1.080381 1.752367 0.501709 1.378182 0.972336
5.083771 -49.8252 -4.500755 -0.05625 0.895863 3.335506 1.984422 5.109954 5.484654
-2.916229 -49.8252 -4.500755 1.605281 0.761444 0.531854 0.115983 0.921138 2.551997
-4.916229 -49.8252 -4.500755 0.210514 0.385276 -0.243166 -0.404098 0.673519 0.99494
-4.916229 -51.8252 -4.500755 1.248999 1.207469 -0.387133 0.1636 1.462838 1.933833
5.083771 -33.8252 -2.500755 -0.97641 -0.243686 -2.613762 -4.212191 -1.191986 -3.771596
-8.916229 -33.8252 -2.500755 1.58331 1.47357 0.619851 -0.654137 -0.785008 -1.444696
9.083771 -35.8252 -2.500755 8.876091 7.17281 5.961345 2.354521 0.606412 2.185522
7.083771 -35.8252 -2.500755 3.202638 2.203795 1.559036 -1.47887 -1.648223 -3.168194
5.083771 -35.8252 -2.500755 2.452317 2.084282 -1.344852 -4.123678 2.146473 0.520329
-8.916229 -35.8252 -2.500755 3.941743 2.540226 -0.876458 -2.206253 -1.858552 -3.071054
9.083771 -37.8252 -2.500755 9.874104 7.068439 6.216913 0.26183 4.372347 6.073256
7.083771 -37.8252 -2.500755 8.222298 6.17004 7.272974 1.920344 2.00257 2.536865
5.083771 -37.8252 -2.500755 3.80599 3.616291 1.664275 -1.297232 3.014285 2.254192
3.083771 -37.8252 -2.500755 5.51309 4.846581 -0.480043 -2.837809 4.825588 5.849073
-4.916229 -37.8252 -2.500755 2.800862 2.938943 0.735526 -0.576194 1.984895 3.741881
-6.916229 -37.8252 -2.500755 3.034059 2.216123 0.195034 -2.21843 0.97992 0.429161
-8.916229 -37.8252 -2.500755 5.357722 3.54537 -0.142805 -2.139628 -0.655382 -1.120134
7.083771 -39.8252 -2.500755 7.20334 6.106055 8.165132 1.249662 3.809893 1.740267
5.083771 -39.8252 -2.500755 1.796511 1.869367 3.959711 -0.223921 1.068874 -1.589298
3.083771 -39.8252 -2.500755 4.195812 3.872573 1.911975 -1.292406 3.36385 3.360521
-4.916229 -39.8252 -2.500755 -0.238997 0.948094 1.89624 2.216191 0.42827 1.213207
-6.916229 -39.8252 -2.500755 0.668816 0.617471 0.996171 0.268873 0.10119 0.093235
-8.916229 -39.8252 -2.500755 1.106745 0.230558 0.117803 -1.185452 -1.681048 -2.220106
7.083771 -41.8252 -2.500755 6.444781 5.848324 3.442116 -1.916328 3.72753 2.721287
5.083771 -41.8252 -2.500755 0.918001 1.189382 0.682726 -2.715592 1.363335 1.574011
-2.916229 -41.8252 -2.500755 0.211478 -0.107913 -0.274025 -1.120751 1.070242 0.690527
-4.916229 -41.8252 -2.500755 1.912364 0.821945 1.244352 0.947937 1.064874 2.01419
-6.916229 -41.8252 -2.500755 1.897978 0.586136 1.682997 0.994062 1.043412 1.922919
7.083771 -43.8252 -2.500755 6.965375 6.005426 3.884729 0.478652 4.685366 7.139275
5.083771 -43.8252 -2.500755 5.718243 4.349098 3.7949 0.732696 3.370958 5.632242
-2.916229 -43.8252 -2.500755 2.131829 0.029591 4.879909 5.036057 0.195777 3.293234
-4.916229 -43.8252 -2.500755 2.718098 0.599427 4.532691 2.401586 0.805778 3.249155
-6.916229 -43.8252 -2.500755 4.607655 2.578866 5.32154 2.967966 3.585935 4.791496
7.083771 -45.8252 -2.500755 3.448597 3.583446 1.756891 0.082144 1.016675 3.471804
-0.916229 -45.8252 -2.500755 5.389329 4.432022 3.868484 2.084577 2.088647 4.814061
-2.916229 -45.8252 -2.500755 8.426085 5.417511 7.169627 3.553061 1.54588 4.596285
-4.916229 -45.8252 -2.500755 7.527496 3.462716 7.804375 3.659442 3.300862 5.93238
7.083771 -47.8252 -2.500755 1.492629 2.197484 0.457541 -0.282896 0.772428 0.541915
5.083771 -47.8252 -2.500755 4.845058 4.212239 4.739834 2.509455 4.766379 6.827875
-2.916229 -47.8252 -2.500755 6.452034 6.288587 2.97728 1.094348 2.171866 5.204483
7.083771 -49.8252 -2.500755 2.45943 2.644783 1.667288 1.099896 1.325774 2.29855
5.083771 -49.8252 -2.500755 0.617665 1.340074 1.815276 0.484516 3.866659 4.605235
-2.916229 -49.8252 -2.500755 5.046413 4.91773 4.106269 2.838386 4.314846 7.523502
-2.916229 -51.8252 -2.500755 3.766354 3.162721 1.454173 0.567844 2.645858 2.956831
-4.916229 -51.8252 -2.500755 0.498657 0.389905 -0.923832 0.573155 1.819821 0.392414
9.083771 -37.8252 -0.500755 4.092752 4.542274 1.694918 -1.047274 1.919948 2.335539
-6.916229 -37.8252 -0.500755 -0.444662 0.466417 -0.407643 -1.068769 -1.149067 -2.614096
9.083771 -39.8252 -0.500755 7.055641 6.453659 6.928714 1.531853 5.44247 5.937339
7.083771 -39.8252 -0.500755 5.138529 3.957009 5.943314 1.108503 3.05742 2.485497
5.083771 -39.8252 -0.500755 1.44106 0.361261 2.595206 -0.698709 0.645847 -0.466827
-6.916229 -39.8252 -0.500755 -0.797488 0.770112 -1.148061 0.128595 -0.911549 -0.922344
9.083771 -41.8252 -0.500755 5.156158 4.517103 3.29762 0.795318 2.139967 2.49181
7.083771 -41.8252 -0.500755 5.339399 3.922616 6.726204 3.30462 3.116036 3.26774
-0.916229 -41.8252 -0.500755 -0.291875 0.323968 -1.069643 -0.335657 -1.871424 -2.173637
-2.916229 -41.8252 -0.500755 -1.694069 -0.462099 -1.26447 0.296898 -1.710725 -2.119954
-4.916229 -41.8252 -0.500755 -0.708769 0.594402 -1.110462 0.604443 -1.186531 -1.23781
-6.916229 -41.8252 -0.500755 0.430999 0.5788 0.270105 0.476848 1.094336 1.098397
9.083771 -43.8252 -0.500755 -0.172082 0.531471 -1.368844 -1.41238 0.224186 0.080608
7.083771 -43.8252 -0.500755 6.828515 5.813248 5.85213 3.83676 5.352477 7.142395
-0.916229 -43.8252 -0.500755 -1.961063 -0.783772 1.528049 2.184298 -0.921072 -0.457398
-2.916229 -43.8252 -0.500755 -1.954336 -0.635567 -0.639286 1.878243 -1.421095 -0.435494
-6.916229 -43.8252 -0.500755 3.993317 2.865505 4.846831 2.343301 4.791476 5.210236
7.083771 -45.8252 -0.500755 3.117929 2.98615 1.655617 0.056085 2.211273 3.503733
5.083771 -45.8252 -0.500755 10.03376 7.806389 9.697202 5.95564 6.298883 11.36543
-0.916229 -45.8252 -0.500755 -0.021961 -0.193991 -0.623533 -0.618948 -0.389599 -0.033838
-6.916229 -45.8252 -0.500755 4.534348 2.152584 3.307209 0.405489 3.497527 3.565351
7.083771 -47.8252 -0.500755 0.751088 0.233645 -2.157837 -2.859466 0.737944 0.200745
5.083771 -47.8252 -0.500755 3.330446 2.604976 4.049894 2.047778 3.125331 4.663911
-4.916229 -47.8252 -0.500755 2.993985 0.286293 1.613314 -0.969248 1.192138 1.715131
7.083771 -49.8252 -0.500755 1.042607 1.466378 0.686024 1.020692 1.044329 3.561364
5.083771 -49.8252 -0.500755 -0.158037 0.326197 1.486547 1.059795 0.884721 2.223965
-4.916229 -49.8252 -0.500755 2.958242 1.732643 2.380238 1.170041 3.233367 4.466362
-6.916229 -49.8252 -0.500755 -0.915208 -0.451346 0.638832 0.331326 1.015568 -0.033957
-2.916229 -51.8252 -0.500755 2.713161 2.517183 -0.545618 -0.476273 0.936205 1.442747
-4.916229 -51.8252 -0.500755 -0.806456 -0.42778 -2.138441 0.041356 0.733879 -0.147938
-6.916229 -51.8252 -0.500755 -2.389534 -1.423795 -1.56851 -0.052737 0.229374 -1.48833
-4.916229 -53.8252 -0.500755 -0.373436 0.280851 -2.422321 0.09637 0.665123 0.370979
-6.916229 -53.8252 -0.500755 -2.305037 -1.232269 -3.03745 0.138251 -0.68847 -1.552187
-8.916229 -53.8252 -0.500755 -1.410923 -0.843243 -1.321813 0.119555 0.152744 0.334862
-8.916229 -55.8252 -0.500755 -0.661109 -0.543385 -2.043466 -0.804351 -0.689271 -0.749697
9.083771 -39.8252 1.499245 3.204818 3.347458 5.292428 1.962921 4.553791 6.93448
7.083771 -39.8252 1.499245 0.986217 0.534339 2.85533 1.286571 3.342121 4.110194
9.083771 -41.8252 1.499245 3.461415 3.247245 3.033577 1.826277 0.416796 2.343143
7.083771 -41.8252 1.499245 -0.09051 -0.506225 2.455202 1.184036 2.259912 1.781834
5.083771 -41.8252 1.499245 -1.07031 -0.594981 0.144885 -1.100612 2.676376 1.508007
-0.916229 -41.8252 1.499245 1.9362 0.553282 -1.406556 -0.954343 -1.852715 -0.598487
7.083771 -43.8252 1.499245 2.567615 2.025029 3.824074 3.8476 1.043749 1.79042
5.083771 -43.8252 1.499245 3.240183 3.825568 3.507122 2.59564 2.879408 3.441618
-0.916229 -43.8252 1.499245 -2.449145 -1.324974 -2.081319 -1.065573 -2.177038 -2.023886
-2.916229 -43.8252 1.499245 -3.598126 -1.889428 -4.101675 -1.474514 -3.369272 -3.965849
-4.916229 -43.8252 1.499245 -1.940386 -0.853709 -3.244071 -1.465533 -3.382579 -3.977083
-6.916229 -43.8252 1.499245 0.165839 0.188846 -0.288848 0.110456 -0.681073 -0.483552
5.083771 -45.8252 1.499245 4.412092 4.760871 6.698054 5.466007 2.675192 5.748374
1.083771 -45.8252 1.499245 -0.964916 -1.568959 0.54741 -0.071586 -0.694998 -1.080075
-0.916229 -45.8252 1.499245 -2.568734 -2.511346 -3.432419 -2.942108 0.128928 -0.203402
-2.916229 -45.8252 1.499245 -0.639183 -0.509574 -2.56282 -1.008178 -0.055591 0.53339
-4.916229 -45.8252 1.499245 1.116081 0.845496 -0.757678 -0.068099 -0.904558 -0.812763
-6.916229 -45.8252 1.499245 1.012705 0.70555 -0.095311 0.049694 0.453401 1.032018
5.083771 -47.8252 1.499245 2.403652 2.110159 3.857373 2.320927 2.585793 4.999995
1.083771 -47.8252 1.499245 -1.692057 -0.935288 0.858126 0.189421 1.503161 2.69041
-0.916229 -47.8252 1.499245 -1.730638 -0.700205 -2.214295 -1.269357 1.302682 2.82133
-2.916229 -47.8252 1.499245 0.949067 -0.050181 -1.25158 -0.632389 -1.047568 -0.093751
-4.916229 -47.8252 1.499245 2.14186 0.711486 1.119403 -0.603125 -0.59769 -0.903673
-6.916229 -47.8252 1.499245 1.131034 0.528641 1.007291 -0.185236 1.261665 1.58454
7.083771 -49.8252 1.499245 0.948694 0.572565 1.646379 0.933903 -0.496089 0.933739
5.083771 -49.8252 1.499245 1.379398 1.785765 2.771407 2.763744 0.457518 2.684505
1.083771 -49.8252 1.499245 -2.168939 -0.865429 2.172384 0.335569 -0.181401 0.294285
-0.916229 -49.8252 1.499245 -0.222562 0.585815 2.042413 1.557389 1.022313 2.830553
-2.916229 -49.8252 1.499245 3.585625 2.513876 2.46515 1.820799 2.594959 4.85051
-4.916229 -49.8252 1.499245 2.674467 1.337477 1.447738 -0.615713 2.866579 3.58329
-6.916229 -49.8252 1.499245 1.2509 1.072564 0.486652 0.236488 0.663139 1.726854
-0.916229 -51.8252 1.499245 1.109447 0.601902 3.156285 0.356748 0.555022 -0.554433
-2.916229 -51.8252 1.499245 2.713393 1.452201 1.578617 0.146828 1.967897 2.285011
-4.916229 -51.8252 1.499245 1.202531 0.629157 -0.683416 0.167969 1.770902 2.181821
-6.916229 -51.8252 1.499245 -0.572323 -0.224551 0.646039 2.325262 -0.583758 0.054044
-0.916229 -53.8252 1.499245 2.082268 0.972289 1.711579 -1.092111 1.485725 0.100623
-2.916229 -53.8252 1.499245 2.657464 1.027595 0.537267 -1.567126 1.672069 1.08998
-4.916229 -53.8252 1.499245 1.646324 0.847836 -1.13151 -0.575474 1.57206 1.898438
-6.916229 -53.8252 1.499245 -0.315668 -0.1027 -1.286457 0.46803 -1.099168 -0.889285
-8.916229 -53.8252 1.499245 -0.226914 0.266215 0.322696 1.223927 -0.8533 1.025188
-10.91623 -53.8252 1.499245 -0.699833 0.403896 1.547499 2.124327 1.375609 3.628006
-4.916229 -55.8252 1.499245 3.568254 2.559068 -0.07785 -1.286921 2.004068 1.676768
-6.916229 -55.8252 1.499245 1.504425 0.898789 -0.743464 -0.338283 -0.218256 -0.367829
-8.916229 -55.8252 1.499245 1.202024 1.122541 0.476257 1.43571 -0.854066 0.829014
-10.91623 -55.8252 1.499245 -0.143944 0.249077 1.869491 2.952397 0.725976 3.167032
5.083771 -41.8252 3.499245 1.526505 1.190436 2.240056 -0.227496 2.398207 2.197834
3.083771 -41.8252 3.499245 2.94689 2.376021 3.053607 1.442002 3.223447 4.306527
5.083771 -43.8252 3.499245 1.531577 2.760896 3.099096 2.240767 2.534183 3.805135
3.083771 -43.8252 3.499245 3.468271 3.301935 5.05729 4.012969 3.278934 6.322543
-0.916229 -43.8252 3.499245 -2.015778 -2.865796 -4.047606 -6.229729 -1.582781 -2.517946
-2.916229 -43.8252 3.499245 -2.938214 -3.939929 -6.346073 -6.993649 -4.187408 -6.955451
5.083771 -45.8252 3.499245 2.334018 2.735969 2.082666 2.129213 1.252929 2.737444
3.083771 -45.8252 3.499245 2.343311 2.440222 3.690798 2.917382 2.486171 5.122923
-0.916229 -45.8252 3.499245 -2.474601 -4.418393 -6.266106 -8.263636 -0.433728 -0.93263
9.083771 -47.8252 3.499245 0.537446 0.904262 -0.006339 0.200142 -1.367159 -1.305986
7.083771 -47.8252 3.499245 0.091718 -0.287645 -1.316387 -1.658423 -0.52214 -0.764477
5.083771 -47.8252 3.499245 2.917212 2.425275 1.394887 1.121387 1.187927 3.344111
3.083771 -47.8252 3.499245 2.250108 3.06174 2.323493 1.599038 1.858672 4.578618
1.083771 -47.8252 3.499245 -0.941245 0.009659 -0.69806 -2.96288 1.298668 1.65943
-0.916229 -47.8252 3.499245 -1.85847 -1.726725 -2.275772 -3.475087 -0.483044 -0.375088
9.083771 -49.8252 3.499245 5.095962 5.455317 4.637168 3.655398 0.609833 3.454299
7.083771 -49.8252 3.499245 1.638995 0.873742 2.16438 2.029089 -1.573854 -0.015454
5.083771 -49.8252 3.499245 3.954994 2.770931 2.255005 2.273574 2.004196 4.492875
1.083771 -49.8252 3.499245 1.913666 2.105735 2.32426 0.803551 1.636463 1.562104
-0.916229 -49.8252 3.499245 0.886753 1.107756 1.849416 0.992814 1.140676 2.307439
1.083771 -51.8252 3.499245 1.8389 0.371861 2.867801 -0.256107 1.540401 0.29669
-0.916229 -51.8252 3.499245 0.584619 -0.837407 2.284837 -0.711548 1.719952 1.010198
-0.916229 -53.8252 3.499245 3.696621 1.417681 3.722314 -0.709497 2.435103 2.209756
-2.916229 -53.8252 3.499245 4.024118 1.040824 2.7487 -1.434947 3.265991 2.913056
-4.916229 -53.8252 3.499245 3.250678 2.017385 1.257859 0.242787 4.465322 6.718218
-6.916229 -53.8252 3.499245 0.139622 0.652773 0.286853 0.600664 1.762762 3.506767
-8.916229 -53.8252 3.499245 -0.292528 0.211857 0.201247 0.271285 -0.806654 -0.231166
-6.916229 -55.8252 3.499245 2.573817 1.47852 1.159506 -0.437924 1.0805 1.430272
-8.916229 -55.8252 3.499245 1.173087 1.478549 0.954933 0.289126 -0.280634 -0.455195
5.083771 -41.8252 5.499245 3.374468 1.853086 2.409516 -0.584408 5.079378 6.930456
5.083771 -43.8252 5.499245 -1.126652 0.369891 1.853659 1.960264 3.326819 4.141201
3.083771 -43.8252 5.499245 0.386353 0.942011 6.698222 6.699837 4.140499 6.411801
-2.916229 -43.8252 5.499245 -5.426585 -5.490301 -6.90514 -9.132515 -4.07667 -7.629529
5.083771 -45.8252 5.499245 -0.400352 0.142633 -0.122691 0.440403 1.569133 0.770652
3.083771 -45.8252 5.499245 -0.807545 -0.661058 2.738049 1.417378 3.547266 3.194973
-0.916229 -45.8252 5.499245 -7.777616 -8.543887 -10.1691 -13.46057 -3.673822 -7.355509
-2.916229 -45.8252 5.499245 -7.809864 -7.483969 -9.365262 -9.85888 -4.844978 -9.207545
-4.916229 -45.8252 5.499245 -5.1248 -3.425327 -4.325505 -4.30961 -3.048201 -6.218513
9.083771 -47.8252 5.499245 -0.307773 -1.220988 2.014206 -0.076462 -2.039409 -2.018778
7.083771 -47.8252 5.499245 0.410263 -0.156085 0.613221 -0.560277 -0.466976 0.24849
5.083771 -47.8252 5.499245 3.387455 2.624063 0.434214 -0.373241 2.222041 3.764283
3.083771 -47.8252 5.499245 1.17198 1.239007 -0.429513 -2.113012 3.313877 4.774116
-0.916229 -47.8252 5.499245 -7.199734 -6.818791 -7.102587 -9.274632 -3.840738 -6.739658
-2.916229 -47.8252 5.499245 -6.704087 -6.213495 -5.750996 -5.182596 -3.129323 -5.467107
-4.916229 -47.8252 5.499245 -3.408146 -2.507331 -2.296008 -1.609156 0.256607 -0.479102
11.08377 -49.8252 5.499245 4.243509 1.58693 2.319832 0.928513 -1.295229 -0.655395
9.083771 -49.8252 5.499245 2.63041 1.384437 2.043859 1.11129 -1.560691 0.437908
7.083771 -49.8252 5.499245 3.397775 2.570209 2.965659 3.033648 -1.139875 1.772802
5.083771 -49.8252 5.499245 5.023935 3.952057 3.346329 3.03477 2.137613 5.229294
1.083771 -49.8252 5.499245 1.523987 0.817273 2.029571 0.328454 1.46874 1.842421
-0.916229 -49.8252 5.499245 0.062673 -0.368863 -0.168756 -1.754639 -0.299789 -0.203791
-6.916229 -49.8252 5.499245 0.049887 -0.372566 0.007913 -1.684988 2.738029 2.508022
1.083771 -51.8252 5.499245 2.238716 0.349437 2.868404 0.303507 1.949211 0.996584
-0.916229 -51.8252 5.499245 0.839973 -0.483755 0.691463 -0.758906 1.503325 2.367054
-2.916229 -51.8252 5.499245 1.964053 0.4371 -1.398672 -2.046722 2.21354 2.85186
-4.916229 -51.8252 5.499245 3.339336 2.780236 -0.795027 -0.959237 2.998377 3.900597
-6.916229 -51.8252 5.499245 0.892994 1.237507 -0.434613 -0.24322 2.876263 3.934716
-8.916229 -51.8252 5.499245 -0.729099 -0.194466 0.80939 0.520609 1.783645 2.321318
-0.916229 -53.8252 5.499245 2.160726 0.852032 1.184063 -0.21826 2.363721 3.206833
-2.916229 -53.8252 5.499245 2.04981 0.057352 -1.113802 -1.830744 1.443587 0.892049
-4.916229 -53.8252 5.499245 2.414155 1.590955 0.792644 1.22227 2.376004 3.808069
-6.916229 -53.8252 5.499245 2.137503 1.891956 2.794228 2.677988 2.501034 4.615762
-8.916229 -53.8252 5.499245 -0.178919 -0.154758 2.325841 1.231644 0.703908 0.98814
5.083771 -41.8252 7.499245 4.998331 2.847376 1.289296 -0.422481 4.500443 7.103068
9.083771 -43.8252 7.499245 1.416207 0.73292 0.06658 -0.969805 5.10258 8.081712
7.083771 -43.8252 7.499245 1.208253 1.222467 -0.219626 0.545257 3.210349 5.366903
5.083771 -43.8252 7.499245 1.069939 0.547904 0.274313 0.026254 1.822787 3.182492
3.083771 -43.8252 7.499245 1.679783 0.981998 1.490577 0.762074 1.403696 2.334776
-2.916229 -43.8252 7.499245 -2.568408 -2.037403 -1.408576 -2.676981 -2.003879 -2.834207
9.083771 -45.8252 7.499245 -0.013141 -0.450406 0.223347 -0.085336 2.666486 4.391842
7.083771 -45.8252 7.499245 1.423072 1.374301 -1.39132 -0.426834 1.998974 3.392265
5.083771 -45.8252 7.499245 1.534858 1.736739 -0.099981 0.02899 1.710704 2.518732
3.083771 -45.8252 7.499245 1.393791 1.626529 1.986236 0.499801 2.99148 4.110683
-2.916229 -45.8252 7.499245 -4.06641 -2.903773 -4.753613 -4.565911 -2.766891 -4.592897
-4.916229 -45.8252 7.499245 -2.906214 -2.874365 -3.397122 -4.737634 -2.614221 -5.587715
5.083771 -47.8252 7.499245 3.748356 2.734725 0.522864 -0.03743 1.919896 3.230185
3.083771 -47.8252 7.499245 1.796293 1.587057 -2.369263 -4.514097 3.69174 5.301717
-2.916229 -47.8252 7.499245 -3.954342 -3.676374 -3.791807 -3.507374 -2.383142 -4.254544
-4.916229 -47.8252 7.499245 -3.561572 -3.311295 -4.683292 -5.626935 -1.253009 -4.008841
11.08377 -49.8252 7.499245 0.092881 -0.932894 0.72331 -0.608323 -1.133178 -1.457041
7.083771 -49.8252 7.499245 2.433478 2.025208 1.313344 0.216171 -0.60614 0.581404
5.083771 -49.8252 7.499245 3.471488 3.192253 2.943002 1.945774 1.292316 3.122892
-0.916229 -49.8252 7.499245 -2.408732 -2.498165 -2.266354 -3.907328 -1.025241 -2.03897
11.08377 -51.8252 7.499245 -0.079146 -0.33889 0.387895 -0.543427 -0.636298 -0.21509
9.083771 -51.8252 7.499245 0.657771 0.702426 0.034267 -1.213919 -1.144291 -0.499355
7.083771 -51.8252 7.499245 0.720613 1.049526 -0.209103 -0.433409 -1.773021 -2.003222
5.083771 -51.8252 7.499245 0.063031 -0.109354 0.025657 -0.868284 -0.578314 -1.221917
1.083771 -51.8252 7.499245 -0.565162 -0.879861 -0.762624 -2.74596 -0.089091 -0.293754
-0.916229 -51.8252 7.499245 -1.548623 -1.767988 0.225242 -0.710691 0.13718 0.399852
-2.916229 -51.8252 7.499245 0.597289 0.120854 0.194548 -0.406796 0.613131 0.63779
-4.916229 -51.8252 7.499245 1.615258 1.965302 -1.134037 -0.663652 1.138409 1.689346
-0.916229 -53.8252 7.499245 -0.530473 -1.228286 1.438424 1.079559 0.775801 0.733789
-2.916229 -53.8252 7.499245 2.018032 0.484476 0.033043 0.130264 -0.002767 -0.667462
9.083771 -43.8252 9.499245 -0.035772 1.077691 -2.280304 -2.025274 0.280872 0.758157
9.083771 -45.8252 9.499245 -1.073133 0.151339 -3.51518 -2.848069 -1.98988 -2.86661
5.083771 -45.8252 9.499245 2.770634 1.838832 -2.039009 -2.887316 -0.507417 1.355538
-2.916229 -45.8252 9.499245 -3.401202 -3.984737 -3.361576 -5.185311 -3.710886 -6.865541
-4.916229 -45.8252 9.499245 -3.50161 -4.530597 -3.171893 -4.749127 -3.553046 -6.146176
9.083771 -47.8252 9.499245 -0.656934 0.223881 -3.840772 -2.866512 -0.825509 -1.266906
7.083771 -47.8252 9.499245 0.33186 -0.258451 -3.437043 -2.438657 -0.929152 -1.522775
5.083771 -47.8252 9.499245 1.625869 0.947922 -1.779872 -1.688931 0.826867 1.991689
-0.916229 -47.8252 9.499245 -6.897086 -6.516163 -8.808501 -8.351318 -4.767627 -7.43026
-2.916229 -47.8252 9.499245 -6.925948 -6.981998 -7.049512 -8.132687 -4.708267 -8.269025
9.083771 -49.8252 9.499245 0.138706 0.198062 -0.436271 -0.515516 1.428908 2.557787
7.083771 -49.8252 9.499245 0.958468 0.262864 -1.382904 -0.622296 0.495421 0.545277
5.083771 -49.8252 9.499245 1.543877 1.086501 -0.548611 0.555114 1.759079 2.539418
-0.916229 -49.8252 9.499245 -3.555498 -4.022127 -6.276085 -5.857651 -2.160415 -3.632451
9.083771 -51.8252 9.499245 0.471898 -0.012904 0.876074 0.696141 0.536268 1.719663
7.083771 -51.8252 9.499245 1.969783 0.471726 -0.994025 0.587349 0.23794 1.114815
-0.916229 -51.8252 9.499245 -1.354149 -1.532719 -1.625471 -1.189203 -0.189748 -1.097362
-2.916229 -51.8252 9.499245 -1.519339 -0.415 -1.012186 -0.591257 -0.482588 -2.283981
-4.916229 -51.8252 9.499245 -0.229031 0.925422 -1.652805 -1.105219 0.935137 0.13608
-2.916229 -53.8252 9.499245 1.368403 0.590688 1.214232 1.479443 -0.622304 -1.057778
-4.916229 -53.8252 9.499245 2.163609 1.235541 1.501853 0.706478 0.708679 0.004802
9.083771 -45.8252 11.49924 -0.288767 1.453711 -4.392901 -1.90514 -1.040498 -0.967249
7.083771 -45.8252 11.49924 1.501825 1.358941 -0.95103 -1.237713 0.660714 0.725533
-6.916229 -45.8252 11.49924 -1.066718 -1.581025 -0.287541 -0.468827 -0.255722 0.487516
7.083771 -47.8252 11.49924 0.682311 0.583641 -1.870667 -1.02792 1.147543 1.08004
-2.916229 -47.8252 11.49924 -3.68212 -4.342681 -2.857281 -2.68825 -2.224978 -2.224939
-4.916229 -47.8252 11.49924 -1.104344 -2.167483 -2.755858 -2.46219 -1.313911 -0.855817
-6.916229 -47.8252 11.49924 -1.37607 -1.703701 -0.341088 -0.94488 -0.115894 0.636548
-0.916229 -49.8252 11.49924 -2.999814 -4.09699 -4.759864 -3.475774 -2.307827 -2.660005
-2.916229 -49.8252 11.49924 -4.272202 -4.574233 -4.848455 -4.294354 -2.646777 -3.667349
-4.916229 -49.8252 11.49924 -2.595887 -2.931838 -4.169014 -4.626253 -1.969667 -3.09012
-6.916229 -49.8252 11.49924 -1.709276 -2.226776 -2.118802 -2.696922 -0.309084 -0.443206
9.083771 -51.8252 11.49924 0.87176 0.824374 -0.599918 1.706661 1.880133 3.213892
-0.916229 -51.8252 11.49924 -1.728312 -1.576903 -4.317669 -1.533637 -0.263726 1.544146
-2.916229 -51.8252 11.49924 -2.004612 -1.550634 -5.009938 -3.226143 -1.774607 -1.03565
-4.916229 -51.8252 11.49924 -1.02196 -0.525083 -3.599285 -3.198729 -1.379183 -1.930234
-2.916229 -53.8252 11.49924 1.937755 1.438231 -1.898516 0.273223 0.245016 2.614957
-4.916229 -53.8252 11.49924 3.210632 2.73017 -0.835838 0.367156 0.629381 2.30687
-6.916229 -53.8252 11.49924 0.126964 0.272238 -1.231496 -0.232862 0.404876 0.791964
7.083771 -45.8252 13.49924 0.793599 0.905637 1.955854 0.919298 0.58841 1.684946
-4.916229 -49.8252 13.49924 -0.533247 -1.411722 -0.75949 -1.032186 -0.686816 -0.286013
-6.916229 -49.8252 13.49924 -0.235126 -0.625782 0.170976 0.515655 -0.245315 0.786053
-4.916229 -51.8252 13.49924 -1.585139 -1.511577 -1.747501 -0.71472 -1.692382 -0.687718
-6.916229 -51.8252 13.49924 -0.136044 -0.56612 -0.737803 0.220207 -1.393597 -0.49062
-4.916229 -53.8252 13.49924 2.164017 1.302678 1.214708 2.531176 0.30891 2.836514
-6.916229 -53.8252 13.49924 -0.459305 -0.358019 -0.768595 0.696846 -0.54607 0.024502
7.083771 -45.8252 15.49924 1.665451 1.07404 -0.454218 -1.794598 0.496493 1.608451
