-1.005516 -23.74988 -5.123215 -1.560604 -4.437158 -4.941602 4.531436 -2.959968 -3.509166 -1.83199 4.706368 2.113284 -1.765738 -0.471503 1.339152
-3.005516 -19.74988 -3.123215 -4.017696 -6.925493 -3.795414 1.852416 -2.485286 -3.643895 -2.083498 -5.899945 2.096907 3.453137 -0.26851 -0.32417
0.994484 -21.74988 -3.123215 2.476083 2.955538 -0.013095 7.884101 2.203646 0.372852 0.303117 2.887785 4.451227 6.302376 -3.834177 0.598304
-1.005516 -21.74988 -3.123215 1.664081 -0.796256 2.003635 -1.743085 6.105568 -5.514062 0.102925 -1.773987 5.99792 3.815467 -0.578549 0.331374
-3.005516 -21.74988 -3.123215 -0.961013 -2.643031 -1.515276 2.219627 1.973932 -2.567233 1.270196 -2.19133 5.906746 4.807981 1.898235 -1.653881
0.994484 -23.74988 -3.123215 0.948043 1.278866 1.597404 4.689954 3.33073 1.689675 1.312349 5.947256 7.210915 4.61072 -2.486985 3.032645
-1.005516 -23.74988 -3.123215 1.723585 -1.727563 1.427016 -2.527039 4.046017 -0.976444 0.968425 1.780196 7.25315 1.461876 -0.941567 1.207721
-1.005516 -25.74988 -3.123215 -0.973966 -4.612711 -2.041014 -3.106934 1.214993 -0.083747 -0.43608 2.855565 5.175362 -0.847177 -1.020652 2.1131
-3.005516 -25.74988 -3.123215 1.642535 -6.120011 -1.954642 -3.728604 0.644749 -1.516585 1.718867 -0.904974 4.844095 2.056063 2.997798 -1.739756
-1.005516 -27.74988 -3.123215 -2.576903 0.155445 -1.72661 5.659599 3.772969 2.464125 0.170263 2.920773 1.755733 1.515264 -0.57255 2.791836
-3.005516 -27.74988 -3.123215 -2.250589 -5.007114 -3.076152 -1.890975 0.5591 2.313916 1.815637 -0.944557 2.973259 4.696723 4.307492 1.650361
-5.005516 -27.74988 -3.123215 -1.837013 -1.277249 -1.751068 -6.573573 -1.615351 -4.16595 2.140549 -0.979754 5.313215 7.699587 5.194538 -1.304273
-3.005516 -19.74988 -1.123215 -5.514078 -7.402842 -1.888989 1.706626 2.387257 -8.080618 -1.140811 -4.536648 -0.371529 5.191988 -0.702421 -2.889537
-5.005516 -19.74988 -1.123215 0.424673 -1.157842 0.71997 1.990004 -0.947941 -1.483177 -2.662689 -1.254788 1.390765 4.331942 2.803575 3.052519
-1.005516 -21.74988 -1.123215 -0.132347 -0.231367 5.992393 -6.965321 9.135036 -4.994986 2.610332 -5.753344 3.821255 4.329721 3.450155 0.097061
-3.005516 -21.74988 -1.123215 -2.76339 -1.671242 1.349612 3.875222 8.112163 -3.235628 2.299183 -2.108057 3.174132 8.043674 4.546157 -2.778244
-5.005516 -21.74988 -1.123215 2.192457 1.658144 1.873217 9.397685 3.320372 2.409058 -1.432391 0.293773 3.290892 7.262456 4.093492 3.365976
4.994484 -23.74988 -1.123215 -2.373144 2.078761 3.321078 4.31557 -0.813027 -2.585906 -0.073717 -2.539114 -3.350384 0.681933 0.297057 1.981861
2.994484 -23.74988 -1.123215 0.302856 2.047574 7.387384 4.430872 6.730206 -3.332039 3.388938 -1.414253 2.876214 -0.944201 4.329268 2.177971
0.994484 -23.74988 -1.123215 1.82795 -2.941459 7.886827 -1.429808 7.466031 -3.049228 1.251351 -0.153191 6.410427 -0.002164 1.817615 4.014145
-1.005516 -23.74988 -1.123215 1.491045 0.899258 5.204639 -3.457523 9.612776 -0.532241 3.508457 -1.691349 7.556609 3.450876 1.880722 0.943841
-3.005516 -23.74988 -1.123215 3.860137 1.609678 3.657719 7.624055 8.827036 0.415889 5.289624 0.948601 8.646438 7.190338 6.321031 -4.292879
-5.005516 -23.74988 -1.123215 3.805801 2.694795 2.729719 15.35104 4.059977 0.192407 -1.739798 2.144714 6.213352 7.047251 2.284827 0.699555
4.994484 -25.74988 -1.123215 -1.190142 0.368186 3.133427 4.494922 0.031238 -2.775362 0.921528 0.741278 -0.470065 1.34121 -0.140698 4.262455
2.994484 -25.74988 -1.123215 1.285032 0.647087 8.168311 5.538277 6.692385 -4.847279 5.659736 0.311712 5.91608 0.172585 4.72812 3.068124
0.994484 -25.74988 -1.123215 0.051542 -4.821419 5.531687 0.707634 4.925442 -7.732606 3.741978 0.763357 9.221895 -1.779145 2.738698 0.968724
-1.005516 -25.74988 -1.123215 1.672931 -4.459682 0.453445 -0.535189 2.922876 -1.976 1.632971 0.972524 6.023935 0.19115 -0.405287 0.613743
4.994484 -27.74988 -1.123215 2.352571 -4.925526 3.12517 5.701146 1.27717 -2.46756 -0.371295 -0.269605 2.106424 -1.011172 -1.996783 1.343155
2.994484 -27.74988 -1.123215 2.257743 -5.527221 4.468346 4.228106 1.981167 -3.070331 4.0806 -0.723692 8.337765 1.406082 0.836846 -0.288241
0.994484 -27.74988 -1.123215 -1.592027 -2.162246 2.718383 2.245786 2.820541 -5.186427 4.449066 -2.091125 7.046554 -0.319795 1.456678 -0.437598
-1.005516 -27.74988 -1.123215 -1.186885 -1.336594 -2.021794 2.935597 1.065441 -0.352305 0.344177 0.823137 0.77919 1.262046 0.065438 0.86771
-3.005516 -27.74988 -1.123215 1.275774 -4.732471 -1.779706 3.370142 -0.236668 1.906909 0.085842 -3.781884 1.498212 4.54169 1.941977 -2.117454
-5.005516 -27.74988 -1.123215 0.554529 -3.368697 1.999013 5.305108 0.91893 -3.792655 -1.173875 -0.474731 1.539895 6.047575 1.560718 -5.094954
4.994484 -29.74988 -1.123215 5.651262 -4.609766 4.927657 7.568183 3.208723 -1.97887 -0.782983 -1.42487 0.502997 0.864198 -0.876983 -1.843889
2.994484 -29.74988 -1.123215 5.067526 -5.773153 4.35359 4.500038 3.21082 -1.22732 1.701473 -0.886966 7.620669 2.680364 0.061012 -2.170026
-1.005516 -29.74988 -1.123215 -1.470767 3.386336 -0.308077 8.176477 3.248605 2.100134 1.014199 0.346543 -0.838182 5.525813 1.367985 0.026975
-3.005516 -29.74988 -1.123215 0.019124 -1.486795 -2.75076 4.478267 1.132355 2.445546 0.081733 -0.502002 2.209871 4.217679 2.742898 -1.484681
-5.005516 -29.74988 -1.123215 0.128543 -7.615419 -1.349658 0.953458 1.443692 -0.469364 0.692144 1.330998 4.025075 0.056316 1.315632 -2.203193
4.994484 -31.74988 -1.123215 7.486812 -4.362685 5.800402 10.70273 5.710575 -1.542949 1.081876 -1.357447 1.159991 4.769668 0.052257 -4.199036
-3.005516 -31.74988 -1.123215 4.91494 -0.565868 -0.043781 -0.205317 2.361814 -1.292116 -1.189885 3.414444 3.352233 3.201988 1.711177 -0.130632
-5.005516 -19.74988 0.876785 1.756818 -0.050269 4.056935 5.79097 3.054634 -2.486741 -3.014995 1.855034 -1.607996 1.844357 0.910259 3.986301
-7.005516 -19.74988 0.876785 2.992789 2.930665 1.821826 7.463493 0.479039 -0.01326 -2.405898 5.286664 1.112029 2.541564 -0.223962 9.493122
6.994484 -21.74988 0.876785 0.30785 -1.430346 2.246291 2.891249 6.62133 -4.110237 2.914372 -4.624189 0.796317 1.102519 -0.076588 -2.623125
-3.005516 -21.74988 0.876785 -4.818686 -4.932641 4.909422 3.435608 5.498755 -4.556813 1.358094 -1.528732 0.463592 4.227153 2.995006 -1.20476
-7.005516 -21.74988 0.876785 2.344576 6.393583 5.383202 10.94071 7.970851 2.728242 1.079886 6.675242 5.309827 1.12278 1.537161 10.33757
8.994484 -23.74988 0.876785 3.567839 1.970773 3.471006 9.336797 10.58019 1.221653 1.093604 0.262183 3.126661 4.325997 1.395388 -2.313225
6.994484 -23.74988 0.876785 6.191109 0.695704 4.194361 5.955488 10.56625 -0.832038 4.062677 -4.649423 1.579553 3.975907 1.053087 -2.293487
4.994484 -23.74988 0.876785 1.652982 1.454481 0.082573 3.356892 2.858328 -4.021569 4.453627 -7.587539 -0.11103 4.180388 0.458854 -0.897358
-1.005516 -23.74988 0.876785 -0.317909 -10.06888 7.756679 -4.289235 8.169461 -5.563014 2.812674 -4.295803 3.799612 6.233271 3.684603 -0.508132
-3.005516 -23.74988 0.876785 0.224215 -3.653917 5.85923 7.320334 8.854402 -2.10642 2.87412 -1.447248 4.085379 5.866356 4.297853 -1.463367
-5.005516 -23.74988 0.876785 4.28089 1.927784 8.685118 15.09769 10.95663 1.52642 -0.237265 1.153167 5.992928 4.579624 3.372634 2.761392
-7.005516 -23.74988 0.876785 3.466011 7.138238 6.093865 14.14517 11.42158 2.757306 2.733335 3.25747 7.406688 -0.451118 3.703947 6.402034
8.994484 -25.74988 0.876785 5.032166 0.689271 2.830415 8.485505 7.079247 -1.513764 2.270782 0.188814 1.001037 -0.603107 -0.825164 -0.319795
6.994484 -25.74988 0.876785 5.484095 -0.473143 2.94581 8.978112 8.499973 -2.223153 2.410554 0.115699 0.582021 1.458097 0.691119 -2.01935
4.994484 -25.74988 0.876785 -0.082975 1.337263 0.706193 6.69523 2.153497 -5.23234 1.771546 -0.733218 -0.128461 3.034183 -0.970438 -1.527089
2.994484 -25.74988 0.876785 -0.294417 -0.224887 2.470008 6.886292 3.903806 -7.540337 2.247942 -3.522568 3.929415 2.7752 2.250096 -2.74907
-1.005516 -25.74988 0.876785 2.072886 -12.76004 5.677619 -5.532324 4.671531 -5.065772 2.341537 -1.857811 3.220881 4.736226 3.437816 0.226064
-3.005516 -25.74988 0.876785 3.517481 -4.931012 6.568748 3.077513 6.804033 -0.401739 2.204816 -0.488961 3.206053 4.182711 3.390513 -1.20465
-5.005516 -25.74988 0.876785 5.649819 3.069597 5.759431 12.87804 5.978649 -2.650805 -1.703853 1.024706 5.531377 7.710391 1.783712 -2.006408
6.994484 -27.74988 0.876785 3.228005 -1.235787 0.39449 7.541188 4.678234 -3.009084 0.449402 2.982728 -2.831925 -2.845266 2.156213 -1.812972
4.994484 -27.74988 0.876785 0.021993 -2.449931 0.246772 8.393123 0.667612 -2.250836 -2.441988 1.646234 0.337501 -1.769347 -1.555935 -1.288353
2.994484 -27.74988 0.876785 -1.195501 -5.274853 1.006793 3.925684 -0.181374 -4.751448 0.549645 -3.215383 2.695097 1.779493 -2.393437 -3.55672
0.994484 -27.74988 0.876785 0.077068 -3.054657 0.810218 2.16273 -1.005315 -5.301453 2.597921 -2.79019 1.819824 3.618355 -0.699325 -1.99393
-1.005516 -27.74988 0.876785 1.649275 -7.183535 4.583434 -0.576255 1.37078 -2.369312 0.92425 0.316797 0.805309 1.505471 3.92872 1.786765
4.994484 -29.74988 0.876785 2.272003 -0.848445 1.181551 6.961035 0.023808 -0.128167 -3.05759 0.192999 -1.99669 -2.193347 -1.170908 -0.117576
2.994484 -29.74988 0.876785 1.322569 -3.769969 0.612111 -1.007294 -0.148669 -2.25437 -2.179218 -4.693186 3.056139 1.699088 -1.863794 -2.896865
0.994484 -29.74988 0.876785 -0.694955 2.698071 1.079631 2.942885 -1.162236 -1.677935 0.356764 -4.602391 1.698986 4.417712 -1.297176 -2.043598
-1.005516 -29.74988 0.876785 1.154475 -0.342466 2.078982 9.278626 0.073092 -0.759049 -0.13801 -0.577478 -0.883973 3.465735 3.895327 0.117231
-3.005516 -29.74988 0.876785 1.821013 -0.855652 3.021036 6.929953 0.892682 -1.946641 0.875028 -2.607541 2.147497 0.936577 4.075455 0.383726
-5.005516 -29.74988 0.876785 3.369411 -4.567409 3.741355 4.863571 1.173803 -3.077811 4.259793 -4.091877 5.005617 3.491369 1.241882 -1.497439
-7.005516 -29.74988 0.876785 1.254439 -1.097368 2.169799 7.378091 2.900107 -4.804225 2.29066 -0.127923 0.761968 8.152268 0.828798 -0.411608
6.994484 -31.74988 0.876785 2.374796 -2.043274 2.036175 8.736502 0.565717 1.546978 -2.013372 -1.279456 -5.606717 4.113897 -1.760873 -1.843317
4.994484 -31.74988 0.876785 3.710957 -0.900051 2.78453 7.464637 5.160132 0.537246 -1.600996 -2.18972 -1.585156 3.301538 -1.252296 -0.626601
2.994484 -31.74988 0.876785 4.480291 6.03967 4.113666 -2.669348 6.789841 -0.574042 -1.465452 -4.75853 5.339679 6.724076 3.590967 -0.089342
-1.005516 -31.74988 0.876785 1.337398 3.070363 -0.042795 12.81315 -1.180982 -3.048372 -0.588885 -0.431284 -1.203426 7.641236 3.204532 -1.823869
-3.005516 -31.74988 0.876785 1.907212 0.879421 -0.920525 9.773922 -2.274156 -4.005042 -0.747028 1.694826 2.551646 5.62579 1.189516 -0.955061
-7.005516 -31.74988 0.876785 0.192726 -0.692178 2.649327 0.125993 1.141607 -3.817182 1.415503 -1.381048 1.349358 4.984052 -0.881048 0.421441
6.994484 -33.74988 0.876785 3.685785 -3.914947 4.872505 10.38568 2.383237 2.324824 -0.455141 -0.978094 -0.283506 3.34345 -1.735844 -1.113153
4.994484 -33.74988 0.876785 3.601208 -5.346912 5.315636 12.28215 8.139582 -0.374771 0.653268 -2.427904 2.09355 5.453673 -0.753127 -0.940888
2.994484 -33.74988 0.876785 6.332063 7.546067 7.867017 1.248415 10.61097 -1.002933 1.903311 -3.93627 8.273717 8.152384 7.571128 1.033951
-3.005516 -33.74988 0.876785 1.197001 0.803042 1.16337 5.174277 3.76683 -2.213151 -0.67693 1.582829 5.329165 7.606067 1.646589 0.988286
-7.005516 -21.74988 2.876785 0.737572 -0.235446 6.632604 8.707254 6.831287 0.133083 -1.138453 1.668706 2.348463 -0.4235 0.192914 5.241514
8.994484 -23.74988 2.876785 2.105046 2.137591 4.638281 8.028272 5.902456 -1.645732 0.706661 -0.078899 2.919408 6.651127 -0.215544 -1.298314
-7.005516 -23.74988 2.876785 1.664252 0.34904 8.005661 11.55569 9.188502 0.115357 2.034548 2.701817 7.168142 -0.494865 1.888721 2.957222
8.994484 -25.74988 2.876785 4.686357 0.91159 5.847808 -0.447544 8.134095 -5.002881 3.062982 -3.059806 2.863293 4.020389 1.28274 -1.512411
6.994484 -25.74988 2.876785 7.060934 -2.74326 4.487251 2.37112 8.336931 -3.521516 3.404587 -1.342444 1.228651 7.26446 0.331661 -3.662397
-3.005516 -25.74988 2.876785 -1.368542 -3.674724 0.92833 9.23698 4.280894 -1.745677 -4.719892 -2.595994 -1.492565 3.158639 0.773501 1.083681
-5.005516 -25.74988 2.876785 0.692687 -1.278526 1.322767 10.33524 3.545978 -1.13678 -3.772961 1.755899 2.365596 1.993061 0.48824 -0.052647
-7.005516 -25.74988 2.876785 5.39356 5.970575 7.649955 11.81479 8.127472 2.346624 2.340103 1.599465 6.840348 -0.380276 4.800198 1.21787
8.994484 -27.74988 2.876785 5.250573 0.074874 4.143751 -0.571336 8.520734 -5.992544 2.994222 -3.108166 3.376213 1.585757 0.887339 -2.913215
6.994484 -27.74988 2.876785 4.926393 -0.777434 1.12703 -0.882514 9.982133 -7.269345 2.182757 -1.788217 1.020392 2.580921 2.518602 -1.863447
4.994484 -27.74988 2.876785 -2.705951 -3.533813 -1.326261 3.277829 3.559488 -5.862824 -3.442884 0.1088 -0.369131 2.334355 -0.783476 -1.987704
-1.005516 -27.74988 2.876785 3.457108 -2.701861 4.56575 1.173461 2.322411 -3.029238 1.542379 -2.978941 -2.41221 5.853466 5.069849 1.17858
-3.005516 -27.74988 2.876785 1.234818 -3.703241 3.371719 2.43456 6.455403 0.289355 -1.317372 -4.641118 -2.69113 0.623547 5.791291 2.570802
-5.005516 -27.74988 2.876785 0.315465 0.924979 1.624856 9.268622 2.784295 2.487431 -3.008579 0.732951 -0.263833 3.615388 1.625529 -1.310038
6.994484 -29.74988 2.876785 4.073929 -0.105933 3.395355 1.04757 8.876019 -4.688707 0.917233 -1.557198 -0.302605 -1.633931 2.445792 -0.542385
4.994484 -29.74988 2.876785 1.365855 0.558964 2.63053 1.156877 6.076814 -3.281518 -2.632143 -2.740762 1.700701 -2.949325 0.568987 0.93148
2.994484 -29.74988 2.876785 0.599305 -2.095574 -0.479388 -1.10184 1.387027 -3.759841 -3.121538 -2.336465 0.382318 -0.722899 -1.958641 -2.420517
0.994484 -29.74988 2.876785 2.315064 -3.493686 0.540483 2.798277 1.910668 -3.338681 -1.298061 -0.109084 -0.404389 4.769662 0.220351 -0.789196
-1.005516 -29.74988 2.876785 4.678283 -2.473882 3.11666 4.592643 5.414255 -2.736293 0.702277 -3.420008 0.102672 5.851251 5.335532 1.014032
-3.005516 -29.74988 2.876785 2.19356 -0.714175 2.989822 0.638026 5.56338 -3.306556 1.67411 -4.684312 1.112159 3.721718 4.73952 2.160696
4.994484 -31.74988 2.876785 4.658501 -3.305442 5.433457 1.074554 7.984325 -4.479969 -0.015609 -3.783255 0.613453 -2.188553 0.777177 -0.379331
2.994484 -31.74988 2.876785 4.863766 0.859928 2.08526 -2.099542 6.832978 -1.927693 -1.458959 -0.656508 -1.558301 1.817862 0.698091 1.275108
-1.005516 -31.74988 2.876785 1.635362 -1.148144 -0.835885 8.140099 3.058997 -3.95903 -0.389435 -3.398504 -1.176667 7.188873 4.380596 -1.136304
-5.005516 -31.74988 2.876785 -1.205998 -3.259031 3.834472 0.622009 1.626884 -3.642046 3.606869 -0.481297 8.392389 7.770878 3.270273 -1.469384
6.994484 -33.74988 2.876785 2.400035 -4.493611 4.296753 9.324127 2.613032 -0.857233 -0.051531 -1.192809 -1.971454 -0.650655 0.935395 -1.957169
4.994484 -33.74988 2.876785 4.106978 -8.052488 5.798545 7.32376 9.271494 -4.57878 0.737863 -3.190103 0.709925 0.093288 1.211915 -0.836035
2.994484 -33.74988 2.876785 5.442862 -2.001683 5.829371 5.01935 9.991796 -2.795481 0.597134 -0.991416 0.642009 3.44252 4.155211 3.049465
-1.005516 -33.74988 2.876785 2.281272 -2.36825 1.111138 10.85905 3.23584 -5.915633 0.625538 -1.913329 0.075024 5.001599 4.553925 -1.933975
-3.005516 -33.74988 2.876785 -0.114003 -2.81879 -0.918098 7.899733 1.733652 -3.702546 0.788679 -0.151351 -0.391966 6.356438 2.826008 -2.41856
-5.005516 -33.74988 2.876785 -2.639878 -4.741355 0.326518 2.71491 -0.282378 -2.150052 1.762105 -0.455214 3.102459 7.803256 1.270089 -2.275427
-7.005516 -23.74988 4.876785 0.865687 -1.260712 0.787048 9.386846 5.325527 -2.880027 -0.03958 1.159495 1.906201 2.145361 -0.633908 -1.746831
-9.005516 -23.74988 4.876785 2.004651 -0.222349 -0.080348 8.6204 3.166166 -1.790328 -3.232531 1.415919 1.598532 2.351119 -2.653187 0.427201
8.994484 -25.74988 4.876785 2.748271 -3.396291 4.875074 4.561452 4.32383 -3.70733 0.511048 -2.06719 3.016191 0.84272 1.385543 -0.544096
-7.005516 -25.74988 4.876785 4.30481 2.667155 2.693438 14.23017 4.328128 -0.762661 2.407331 0.685929 1.824216 1.834266 0.208255 -0.251568
-9.005516 -25.74988 4.876785 3.69606 -0.161641 2.235746 13.2564 2.90331 0.550655 -1.431624 -1.269539 -0.551849 4.731782 -1.867895 2.303286
10.99448 -27.74988 4.876785 -0.432478 -5.354065 2.042043 3.962749 7.01257 -0.820157 -0.855103 -0.493273 3.010988 -1.639842 0.770649 -0.558524
8.994484 -27.74988 4.876785 3.145998 -2.525287 4.595686 4.69477 8.048402 -2.20333 1.478282 -4.008259 5.875448 0.955664 1.002627 -3.447488
-7.005516 -27.74988 4.876785 5.880531 7.633044 6.357472 12.99206 7.437286 2.026625 1.158181 -1.361751 2.348114 5.572207 1.667309 0.211361
-9.005516 -27.74988 4.876785 4.59024 1.614121 4.636161 9.653273 4.735418 -0.259005 0.989781 -3.192965 1.390569 5.308997 2.00881 1.515731
10.99448 -29.74988 4.876785 1.281631 -3.172044 2.659631 8.049627 4.753414 -0.529435 -1.355167 -0.398065 2.289479 0.151939 0.052721 -3.535576
8.994484 -29.74988 4.876785 5.11522 -1.793223 5.492151 8.555617 7.00108 -1.747761 1.5611 -2.142969 5.057085 0.778795 0.61199 -5.205807
6.994484 -29.74988 4.876785 7.672308 2.142176 5.259209 1.319465 7.012809 -1.806712 3.402766 -4.182182 3.780573 5.142987 2.092477 -2.379605
4.994484 -29.74988 4.876785 3.906035 -0.234528 3.884799 -1.620987 6.72148 -2.598048 1.494236 -7.748711 3.01909 3.921929 2.357036 -0.76971
-3.005516 -29.74988 4.876785 0.807121 0.393902 2.964095 8.481036 3.425532 -0.971388 3.156898 -0.391334 3.485031 2.636064 3.203958 3.715504
-5.005516 -29.74988 4.876785 3.87236 1.445297 2.351365 6.227679 4.60268 -1.245206 1.744297 -0.215858 3.873219 4.022771 1.048809 2.974524
8.994484 -31.74988 4.876785 3.123512 -2.175565 3.663408 7.543262 0.627081 -0.128142 1.132555 -0.619296 -0.127452 0.910361 -0.444936 -4.847568
6.994484 -31.74988 4.876785 5.504125 -3.409287 6.374333 1.846622 1.668368 -0.563149 3.188857 -2.228553 -0.215816 4.361666 1.989752 -3.974196
4.994484 -31.74988 4.876785 4.854046 -4.16638 4.796243 -5.734621 3.944418 -4.700169 3.162794 -5.407268 0.168266 4.200964 3.232423 -1.386637
-1.005516 -31.74988 4.876785 -3.051431 0.093472 2.114731 4.883185 3.281739 -2.343069 0.263152 1.384913 1.222544 0.493292 2.793165 1.754583
-3.005516 -31.74988 4.876785 -1.123056 4.340748 2.937545 5.836305 -1.109925 -2.311666 0.650922 1.442791 6.765215 2.769292 3.151194 2.516185
-1.005516 -33.74988 4.876785 -0.047533 -3.042546 2.787559 4.58782 2.908009 -2.796537 0.397921 0.460276 3.206294 1.28129 3.689918 0.545042
-9.005516 -25.74988 6.876785 1.547659 -4.016689 1.451165 4.620878 -0.859475 -0.954283 -0.874361 -0.467613 -0.128925 1.859645 -1.448598 -0.93971
10.99448 -27.74988 6.876785 -2.619676 -3.593971 0.957143 4.836812 3.576457 -0.771141 -0.27919 -1.00774 0.04814 0.215778 0.841779 1.337855
8.994484 -27.74988 6.876785 -1.442524 -4.450236 0.221598 7.654569 0.591446 -0.832722 -1.133996 -4.468229 0.950196 2.011698 -1.782353 0.386077
-7.005516 -27.74988 6.876785 4.809651 -3.057046 2.675992 7.50646 5.510425 -0.745773 1.094202 -0.483632 1.371166 1.750034 2.46362 -3.125669
-9.005516 -27.74988 6.876785 2.288759 -6.074814 1.899818 5.455233 0.326891 -2.040299 0.411726 -2.0968 0.833179 1.705588 1.458259 -1.900871
10.99448 -29.74988 6.876785 -0.568892 -6.535575 1.140475 7.785288 2.880591 -3.847331 -1.711897 -4.177553 -1.270048 -1.184982 -0.469218 -0.252771
-5.005516 -29.74988 6.876785 6.582568 1.50373 4.081311 4.802408 5.997704 -0.709008 -0.796557 -1.684074 3.644936 -0.075756 -1.34281 -0.009159
-7.005516 -29.74988 6.876785 6.294914 1.894154 3.742009 1.604885 5.394668 0.613 -1.052433 0.141132 2.899756 0.036787 -2.233137 -0.595532
-9.005516 -29.74988 6.876785 4.667336 -2.911234 1.224973 6.597799 2.461833 -0.404746 -1.955228 0.498397 1.722546 -1.324469 -0.804748 0.808582
10.99448 -31.74988 6.876785 0.282475 -4.202548 2.232857 6.500818 0.186661 -1.090481 -2.38009 -4.59396 -2.170286 -2.093374 -2.813669 -0.392611
8.994484 -31.74988 6.876785 2.639704 -3.761139 5.452497 8.162379 1.761519 -3.575494 0.41454 -3.319341 0.26606 0.056645 -1.318416 -0.313779
-1.005516 -31.74988 6.876785 2.160484 1.83275 2.099127 6.644054 3.129375 -3.073487 -0.869774 -2.867163 -2.512331 4.856279 -2.332733 2.366151
-3.005516 -31.74988 6.876785 2.119004 3.069158 2.178938 6.960149 -0.950159 -1.087346 -0.928287 -3.930555 0.849681 4.482553 -1.476089 -0.300044
10.99448 -27.74988 8.876785 -0.931697 -4.218556 -0.669065 4.12591 -0.84576 -2.538635 -1.604568 -0.058653 -1.523011 0.639751 1.44589 0.049485
10.99448 -29.74988 8.876785 1.238775 -6.712399 0.234704 4.519003 0.674412 -5.51142 -0.823587 -2.53708 0.686571 -0.980774 0.776178 -0.250238
10.99448 -31.74988 8.876785 3.866022 -2.738203 3.870514 7.270153 2.111897 -3.924598 -0.346692 -2.072648 -1.147286 -0.777376 -2.787307 0.412601
