6.938454 -25.46788 -13.72522 2.725963 2.817794 2.757078 -0.465714 1.197917 -0.390759
6.938454 -27.46788 -13.72522 3.476013 4.607714 2.246237 -0.274012 2.031522 0.629258
-1.061546 -19.46788 -11.72522 -1.871449 1.67257 -2.921944 0.449168 -2.499949 -0.24672
6.938454 -23.46788 -11.72522 0.137687 3.282383 1.191231 5.477515 -2.865508 -1.604883
6.938454 -25.46788 -11.72522 0.287377 4.809366 -2.315749 1.081784 -3.761006 -3.171055
6.938454 -27.46788 -11.72522 1.840272 6.696718 -0.047132 1.879334 -1.145063 -2.327223
8.938454 -33.46788 -11.72522 4.551071 8.044597 3.18616 3.976635 3.770289 3.501263
6.938454 -33.46788 -11.72522 2.214421 3.581189 2.022507 1.872339 0.41133 1.032479
6.938454 -13.46788 -9.72522 -1.091247 -4.508162 2.837135 6.053253 1.837464 2.301254
6.938454 -15.46788 -9.72522 -2.86056 -3.504014 -1.342276 2.802988 1.837553 3.979731
-1.061546 -15.46788 -9.72522 0.410441 0.097304 6.063879 0.883117 3.142907 2.281527
6.938454 -17.46788 -9.72522 -1.619474 1.969268 -2.671656 0.506133 0.931378 3.781895
-1.061546 -17.46788 -9.72522 -2.74251 -1.256218 3.812308 0.585482 -1.865041 -0.423969
6.938454 -19.46788 -9.72522 1.067942 5.015671 -0.712056 2.328302 2.026304 3.277407
0.938454 -19.46788 -9.72522 -1.380135 1.423437 -2.601158 0.898768 -2.411463 0.00417
-1.061546 -19.46788 -9.72522 -3.200297 0.150408 -0.939488 0.761555 -1.275388 2.088262
6.938454 -21.46788 -9.72522 0.828324 2.781744 -0.787968 3.650617 0.925851 2.596875
0.938454 -21.46788 -9.72522 -0.925486 0.929724 -2.348476 0.532055 -0.674875 0.30401
-1.061546 -21.46788 -9.72522 -2.68263 0.514249 -3.14223 -0.13677 1.320801 2.951543
6.938454 -23.46788 -9.72522 -0.659872 1.462992 -2.363595 3.315783 -2.347672 0.17758
4.938454 -23.46788 -9.72522 -1.05193 3.372592 -3.569001 -1.947522 -1.548019 -0.067614
0.938454 -23.46788 -9.72522 -1.646452 -3.122271 -1.1404 -0.473363 0.444113 -0.232974
-1.061546 -23.46788 -9.72522 -2.81635 -1.242015 -4.66938 -0.618555 -0.459266 0.708873
4.938454 -25.46788 -9.72522 -0.439116 6.51789 -4.109809 0.688475 -3.510923 -2.09067
0.938454 -25.46788 -9.72522 -1.801326 -4.841428 -0.977954 -0.08497 1.004737 0.268596
-1.061546 -25.46788 -9.72522 -2.551142 -1.678415 -3.242264 -1.478522 -1.070734 -0.449467
4.938454 -27.46788 -9.72522 0.991594 5.830976 -1.665163 4.51108 -2.894314 -2.627148
4.938454 -29.46788 -9.72522 3.658016 7.002495 0.530611 5.81811 -0.970586 -0.194379
8.938454 -31.46788 -9.72522 1.035426 5.200536 1.986412 1.316336 -0.133652 0.734093
6.938454 -31.46788 -9.72522 3.198567 8.496155 1.654133 3.218169 0.281624 0.979339
4.938454 -31.46788 -9.72522 3.937153 7.02954 0.451209 3.305355 -2.675308 -0.475201
10.93845 -33.46788 -9.72522 3.430745 7.407777 3.040517 1.885098 3.233534 3.149458
8.938454 -33.46788 -9.72522 2.726273 7.373356 2.877147 3.531627 1.255967 1.846242
6.938454 -33.46788 -9.72522 2.033045 7.534334 0.155087 2.632544 -1.636045 0.700915
4.938454 -33.46788 -9.72522 2.063532 5.49952 -0.842891 0.966133 -4.928634 -1.180203
10.93845 -35.46788 -9.72522 3.0841 7.375487 2.314105 1.717719 2.060162 2.272702
8.938454 -35.46788 -9.72522 2.718845 6.428602 2.750868 2.680605 0.698781 1.124125
6.938454 -35.46788 -9.72522 1.135411 4.944828 -1.190551 -0.42332 -1.697489 0.799372
10.93845 -37.46788 -9.72522 0.910168 3.306668 0.350842 0.618607 -1.110827 -0.266775
8.938454 -37.46788 -9.72522 1.031507 2.135056 1.797742 0.778654 -1.287097 -1.101723
0.938454 -37.46788 -9.72522 0.956721 0.926824 0.721193 0.228337 1.63063 2.252945
-1.061546 -37.46788 -9.72522 1.023026 -0.293407 0.832728 0.534861 2.195943 2.157838
8.938454 -13.46788 -7.72522 -0.271335 -6.992481 1.371898 1.722732 0.106592 -2.537407
6.938454 -13.46788 -7.72522 1.507069 -2.946381 4.904625 5.91608 1.016911 0.203531
8.938454 -15.46788 -7.72522 -5.008401 -12.19075 1.702257 4.306721 1.37438 0.188814
6.938454 -15.46788 -7.72522 -0.14943 -4.195879 5.038333 6.73825 3.509018 1.96371
0.938454 -15.46788 -7.72522 -1.542778 -3.819145 -4.612977 -4.684373 -0.906153 -1.189942
-1.061546 -15.46788 -7.72522 -0.734993 -0.21708 0.621803 -1.108972 0.406275 1.050632
6.938454 -17.46788 -7.72522 0.735438 0.443317 1.711276 2.505918 3.381153 2.085825
4.938454 -17.46788 -7.72522 -0.045968 0.171527 1.85592 1.619995 0.347818 -1.416066
0.938454 -17.46788 -7.72522 -2.216062 -3.55319 -2.177314 -3.567735 0.068062 -0.750833
-1.061546 -17.46788 -7.72522 -3.235513 -2.013253 1.874118 0.923401 -0.077834 1.078378
-3.061546 -17.46788 -7.72522 0.206145 0.484703 2.768031 4.133115 3.097578 2.864503
6.938454 -19.46788 -7.72522 1.109547 5.291775 0.240361 2.011197 1.76843 1.859566
4.938454 -19.46788 -7.72522 -2.050379 1.215363 -2.745156 -0.427594 -0.221004 -0.215059
0.938454 -19.46788 -7.72522 -1.062304 3.498821 0.632633 2.312547 0.079054 1.405287
-1.061546 -19.46788 -7.72522 -1.724978 1.901684 4.8181 6.920636 1.660173 4.279276
-3.061546 -19.46788 -7.72522 0.765235 2.511344 1.742546 1.540616 2.336525 3.24247
6.938454 -21.46788 -7.72522 3.188679 7.774184 2.205717 6.142424 1.334061 3.441121
4.938454 -21.46788 -7.72522 -0.667407 6.057875 -1.111372 2.11193 1.921999 4.201332
0.938454 -21.46788 -7.72522 0.745937 7.629289 1.091214 5.265755 -0.466574 1.33914
-1.061546 -21.46788 -7.72522 -0.996646 2.734679 2.659769 8.853356 2.71188 4.454049
-3.061546 -21.46788 -7.72522 -1.270329 2.30511 -1.762506 -0.743914 1.71965 2.38027
6.938454 -23.46788 -7.72522 2.816578 4.279258 3.731799 6.266866 0.20819 2.595029
4.938454 -23.46788 -7.72522 0.994669 3.184221 0.431151 -1.250407 -1.372074 0.180637
0.938454 -23.46788 -7.72522 1.463501 4.262945 2.76394 4.190752 0.040571 0.069481
-1.061546 -23.46788 -7.72522 -0.500645 -0.107206 -0.173915 6.388058 0.415579 0.904945
-3.061546 -23.46788 -7.72522 -0.592817 2.12195 0.335198 2.262116 1.688499 1.821023
6.938454 -25.46788 -7.72522 2.553164 2.409086 4.939099 4.711094 2.638577 3.468649
4.938454 -25.46788 -7.72522 1.520953 3.570734 -0.736088 0.015781 -0.986227 0.648483
0.938454 -25.46788 -7.72522 1.196011 4.073333 1.498757 4.566481 1.090219 1.685701
-1.061546 -25.46788 -7.72522 1.434877 2.625526 -0.501822 4.087528 1.560049 1.227735
6.938454 -27.46788 -7.72522 3.28623 4.571706 3.443499 2.25248 2.205818 2.19652
4.938454 -27.46788 -7.72522 1.88074 3.373964 -0.60477 1.048067 -0.074694 0.160481
0.938454 -27.46788 -7.72522 3.648772 6.276671 0.431427 2.855075 2.122369 2.353204
-1.061546 -27.46788 -7.72522 3.3797 6.899193 1.610711 4.000408 1.663895 1.464812
6.938454 -29.46788 -7.72522 3.041816 7.981649 0.911572 -0.725938 1.260065 1.818789
4.938454 -29.46788 -7.72522 1.102577 1.768268 1.042563 2.600285 -1.459568 -1.282586
0.938454 -29.46788 -7.72522 1.332853 2.918141 -0.308338 3.089664 -0.04269 0.715895
6.938454 -31.46788 -7.72522 1.346498 8.398423 -0.783566 -0.754569 -0.434874 1.379805
4.938454 -31.46788 -7.72522 1.205739 2.761056 0.477358 2.295379 -3.476095 -1.89265
0.938454 -31.46788 -7.72522 0.97339 2.835833 0.319228 3.072836 1.283315 1.930585
10.93845 -33.46788 -7.72522 0.899816 2.258336 1.43862 1.605222 0.990342 1.289878
6.938454 -33.46788 -7.72522 0.185804 7.861775 -1.183462 -0.043532 -2.195255 0.220883
4.938454 -33.46788 -7.72522 1.358212 3.840141 0.668627 2.317221 -4.575556 -2.128296
10.93845 -35.46788 -7.72522 1.754894 4.80597 0.819846 2.175201 1.384132 2.007493
8.938454 -35.46788 -7.72522 0.472197 5.85757 -1.391182 -1.666233 -0.355573 0.556793
6.938454 -35.46788 -7.72522 -0.05668 6.337539 -0.94187 -1.507282 -2.519895 -0.469973
4.938454 -35.46788 -7.72522 1.03477 2.442267 2.444363 3.034903 -3.225547 -1.366735
10.93845 -37.46788 -7.72522 1.4027 5.04413 -0.959599 1.227774 0.258208 1.891186
8.938454 -37.46788 -7.72522 1.122395 5.348083 -0.713833 -2.095565 -0.217391 0.18857
6.938454 -37.46788 -7.72522 0.01006 3.594594 -0.711346 -3.871391 -2.033998 -1.032529
0.938454 -37.46788 -7.72522 -0.091173 -1.22804 -4.272668 -1.684218 0.358658 0.407616
-1.061546 -37.46788 -7.72522 0.376109 -2.807483 -4.553118 -4.318583 -0.936859 -1.181892
10.93845 -39.46788 -7.72522 -0.587462 0.58666 -2.002822 -1.160481 -1.049267 0.707128
8.938454 -39.46788 -7.72522 1.219667 3.276511 0.02349 0.02826 -1.05289 -0.446474
6.938454 -39.46788 -7.72522 0.529944 3.607695 -1.346503 -2.310479 -2.413162 -1.894748
0.938454 -39.46788 -7.72522 0.010021 1.059404 -4.716611 -2.653857 -1.191378 -0.329917
-1.061546 -39.46788 -7.72522 0.633401 1.350644 -3.931144 -3.781451 -0.490099 0.292278
8.938454 -41.46788 -7.72522 0.685009 2.322977 -0.160394 0.100908 -0.847845 0.398903
0.938454 -41.46788 -7.72522 0.565556 3.873159 -2.091072 -0.775349 -1.168616 0.208139
8.938454 -43.46788 -7.72522 2.284707 2.855815 3.908942 2.056077 1.884828 2.436455
-1.061546 -47.46788 -7.72522 1.159631 1.244081 -2.072987 -2.858536 -0.835048 -1.375763
-1.061546 -49.46788 -7.72522 1.053918 2.671881 0.35465 0.400383 0.581281 0.517022
-1.061546 -13.46788 -5.72522 -2.732757 -4.61089 -3.609641 -3.392567 3.304879 3.691893
8.938454 -15.46788 -5.72522 -1.268381 -1.084328 1.860052 2.538963 0.957242 -1.24425
6.938454 -15.46788 -5.72522 1.698993 0.475844 6.706838 6.200956 2.479884 -1.591063
0.938454 -15.46788 -5.72522 -2.158291 -1.456054 -3.190707 -4.946646 -2.169217 -0.741343
-1.061546 -15.46788 -5.72522 -3.405647 -1.142793 -3.10866 -4.322402 -0.729095 1.0752
-3.061546 -15.46788 -5.72522 -1.383177 1.623269 -0.56115 -4.799059 1.399552 0.984675
8.938454 -17.46788 -5.72522 -2.753905 -3.311614 -1.036626 -0.936643 -0.666742 -1.905725
6.938454 -17.46788 -5.72522 1.573686 2.777284 1.469931 0.357515 0.64596 -1.033425
0.938454 -17.46788 -5.72522 -2.035578 -0.994723 -3.795961 -5.669223 -2.04005 -0.659172
-1.061546 -17.46788 -5.72522 -2.621554 0.795109 -0.904419 -3.588972 1.91898 1.984262
8.938454 -19.46788 -5.72522 -3.448741 -4.410067 -0.089239 -5.507133 -3.227816 -3.103678
6.938454 -19.46788 -5.72522 -2.32818 -0.339098 -4.422266 -5.304232 0.360179 0.896689
0.938454 -19.46788 -5.72522 -0.827745 1.86108 -5.912659 -6.670702 -0.684417 -0.080353
-1.061546 -19.46788 -5.72522 0.036492 4.343461 2.812544 -0.019345 1.576853 1.769075
-3.061546 -19.46788 -5.72522 -0.233115 1.280142 1.583342 -1.458618 1.527218 1.242393
8.938454 -21.46788 -5.72522 -0.213686 -1.498199 3.068824 -4.25651 -1.88747 -3.056969
6.938454 -21.46788 -5.72522 0.290029 0.953336 0.345898 -0.828259 1.439329 2.086744
0.938454 -21.46788 -5.72522 -0.429439 3.70308 -6.278051 -3.130114 -1.935332 -1.078039
-1.061546 -21.46788 -5.72522 1.650767 5.237411 0.122771 2.899 -0.909799 -0.202347
6.938454 -23.46788 -5.72522 0.398499 -1.737477 2.022671 1.919351 -0.62019 -0.361509
0.938454 -23.46788 -5.72522 -0.852972 0.003216 -2.503665 1.124484 -1.120686 -1.600999
-1.061546 -23.46788 -5.72522 0.93185 -0.573344 -0.48363 2.142087 -1.686218 -2.512002
6.938454 -25.46788 -5.72522 1.237446 -0.516058 3.698085 4.015291 1.191627 1.004376
0.938454 -25.46788 -5.72522 0.723348 1.136238 0.346368 3.954371 1.593935 1.75836
-1.061546 -25.46788 -5.72522 1.642815 -0.170321 0.058319 1.050941 2.639365 1.088006
-3.061546 -25.46788 -5.72522 0.038902 2.353134 -0.611569 -1.539663 2.210997 2.289214
8.938454 -27.46788 -5.72522 5.142872 7.347455 3.877187 3.598075 2.029692 1.046083
6.938454 -27.46788 -5.72522 2.611678 2.266428 4.964782 5.539094 2.22354 1.586555
4.938454 -27.46788 -5.72522 1.124916 2.791646 0.972844 3.371663 -0.852737 0.230736
0.938454 -27.46788 -5.72522 3.683026 2.47669 3.558867 4.031488 4.007839 2.923193
-1.061546 -27.46788 -5.72522 3.451809 4.235946 4.255258 3.782349 5.349249 3.304291
-3.061546 -27.46788 -5.72522 1.131254 7.12031 1.679523 2.379835 3.707958 4.268847
8.938454 -29.46788 -5.72522 2.645829 5.707813 0.656712 1.701998 0.604768 0.520673
6.938454 -29.46788 -5.72522 1.912295 4.52568 2.651147 4.410599 1.224339 1.358205
0.938454 -29.46788 -5.72522 2.628428 3.294388 3.287576 4.72021 3.753948 2.601973
-1.061546 -29.46788 -5.72522 3.053372 6.336953 4.857894 7.840401 3.548343 2.526688
8.938454 -31.46788 -5.72522 0.25316 4.121085 -3.23974 -0.725137 -0.402983 0.721274
6.938454 -31.46788 -5.72522 1.195019 6.289827 0.778452 3.941368 0.656572 1.933856
0.938454 -31.46788 -5.72522 0.813838 4.518789 -0.538221 5.049815 2.147236 3.125089
-1.061546 -31.46788 -5.72522 1.434009 6.299171 2.634539 6.232914 2.289906 2.311153
8.938454 -33.46788 -5.72522 1.498505 6.869828 -1.973044 0.728557 0.693428 1.460422
6.938454 -33.46788 -5.72522 2.875143 9.796266 2.316442 6.138077 1.632611 2.524125
4.938454 -33.46788 -5.72522 1.882194 5.319441 2.389172 6.163873 0.05502 1.321508
0.938454 -33.46788 -5.72522 1.015337 4.212768 -1.354971 3.125743 2.07125 2.985011
6.938454 -35.46788 -5.72522 3.948049 12.48884 2.70594 6.703938 1.300406 1.579911
4.938454 -35.46788 -5.72522 2.891348 7.726052 4.751662 7.805588 0.72578 0.943466
0.938454 -35.46788 -5.72522 1.310693 2.296319 -2.70173 0.224951 1.933964 2.403176
6.938454 -37.46788 -5.72522 2.480012 11.98549 1.401497 4.674579 0.028652 0.041922
0.938454 -37.46788 -5.72522 0.740945 1.484237 -3.773679 0.230004 -0.0054 1.278281
8.938454 -39.46788 -5.72522 1.42703 2.715656 0.448439 1.516492 1.402057 0.254962
6.938454 -39.46788 -5.72522 1.848485 12.05272 0.537416 4.206588 0.38367 0.457676
0.938454 -39.46788 -5.72522 -0.155083 -0.496014 -3.545294 -1.698735 -0.193936 0.553502
-1.061546 -39.46788 -5.72522 -0.44196 -0.440502 -4.492487 -2.473861 -2.565146 -1.058766
8.938454 -41.46788 -5.72522 -0.70086 0.553847 -2.726624 -0.488494 -0.351372 0.252158
6.938454 -41.46788 -5.72522 0.023061 6.348747 -2.18497 1.510602 -0.164705 0.45671
0.938454 -41.46788 -5.72522 0.015878 2.35654 0.55819 1.030199 0.076218 1.418234
-1.061546 -41.46788 -5.72522 -0.593793 1.484357 -0.980556 -0.581086 -0.421806 0.230741
-3.061546 -41.46788 -5.72522 -0.821907 0.446207 -1.861217 -0.935267 -0.821687 0.68603
8.938454 -43.46788 -5.72522 1.582966 3.979941 1.520063 3.609664 1.565688 2.072647
6.938454 -43.46788 -5.72522 1.180528 4.672708 -1.700763 0.193166 -0.614855 0.053452
0.938454 -43.46788 -5.72522 -0.885289 1.895759 -2.858173 -1.080793 -2.928762 -1.201984
-1.061546 -43.46788 -5.72522 -1.295451 -0.146572 -1.736632 -2.30255 -2.588695 -1.499924
0.938454 -45.46788 -5.72522 -1.099265 1.630393 -4.006155 -1.168317 -3.517374 -2.450602
-1.061546 -45.46788 -5.72522 -0.174988 0.391025 -1.858154 -2.422084 -2.865505 -2.121048
0.938454 -47.46788 -5.72522 1.437975 5.501722 -2.562536 1.703416 -2.591672 -1.983376
-1.061546 -47.46788 -5.72522 1.236087 3.163567 -1.869538 -0.2922 -2.629974 -1.851198
-3.061546 -47.46788 -5.72522 1.70399 2.276645 -0.199913 -0.754879 -0.369705 -0.330175
0.938454 -49.46788 -5.72522 0.273596 4.58686 -2.864435 0.728456 -1.753261 -0.571703
-1.061546 -49.46788 -5.72522 0.569409 3.815164 0.001769 -2.140152 -0.576035 -0.161883
-3.061546 -49.46788 -5.72522 2.181642 4.869962 -0.230594 -4.727107 -0.598631 0.045904
-5.061546 -49.46788 -5.72522 1.887155 2.12208 -1.842213 -5.724133 -1.713611 -1.718278
-1.061546 -51.46788 -5.72522 1.066269 3.166543 -0.098914 -3.006243 0.428433 -0.109729
-3.061546 -51.46788 -5.72522 2.738492 4.679616 0.421943 -3.334398 -0.881552 -0.890542
-5.061546 -51.46788 -5.72522 2.148572 2.029047 -0.110684 -3.770966 -1.378851 -1.488338
-1.061546 -13.46788 -3.72522 -2.777288 -1.602565 -5.5752 -0.867871 -0.794 1.324527
-3.061546 -13.46788 -3.72522 -2.308461 0.59562 -4.107845 -0.644757 -1.162267 -0.780343
6.938454 -15.46788 -3.72522 2.17798 2.725677 2.273992 0.469726 2.375547 -1.149523
-1.061546 -15.46788 -3.72522 -3.977548 1.028798 -5.696804 -5.025923 -1.784534 -0.439444
-3.061546 -15.46788 -3.72522 -3.387152 0.135513 -4.2062 -5.812328 -1.10102 -1.673062
6.938454 -17.46788 -3.72522 1.843999 4.264295 0.36135 -3.274981 -0.626077 -1.698165
-1.061546 -17.46788 -3.72522 -2.919464 4.667287 0.285629 -2.10413 0.219349 2.580909
-3.061546 -17.46788 -3.72522 -0.338424 0.397584 3.699942 -2.005286 1.03107 0.250192
6.938454 -19.46788 -3.72522 0.234833 0.370577 0.624829 -0.737106 1.778855 1.821141
6.938454 -21.46788 -3.72522 -0.272133 0.120637 1.077883 0.54859 0.252565 1.416361
4.938454 -25.46788 -3.72522 0.697819 3.076442 0.908098 -1.042007 -2.026772 -2.115072
4.938454 -27.46788 -3.72522 3.103844 5.193144 4.530828 5.170024 -1.452942 -1.810588
-1.061546 -27.46788 -3.72522 1.289897 2.883722 -0.73814 -2.379471 0.64749 0.133781
-3.061546 -27.46788 -3.72522 -0.070434 4.088426 -3.782281 -2.452747 2.182784 2.418902
8.938454 -29.46788 -3.72522 2.386699 2.86547 -1.033216 1.980988 -1.767106 -1.865085
6.938454 -29.46788 -3.72522 0.828654 0.562384 -2.494581 0.555233 -2.498312 -2.117878
4.938454 -29.46788 -3.72522 2.881917 6.306046 2.285328 5.39115 -1.632674 -1.462438
-1.061546 -29.46788 -3.72522 3.201845 7.350188 1.109769 0.178862 1.414981 0.706761
-3.061546 -29.46788 -3.72522 2.529062 7.982827 0.268399 1.149772 4.054837 3.396968
-5.061546 -29.46788 -3.72522 -0.46234 2.609916 -1.264703 -1.261905 2.256029 3.14905
10.93845 -31.46788 -3.72522 0.26542 2.412664 -3.650507 1.220119 -1.986525 -0.979108
8.938454 -31.46788 -3.72522 1.755939 3.485851 -1.368664 1.259053 -0.464481 -0.962697
6.938454 -31.46788 -3.72522 -0.203402 1.305612 -2.413695 -0.098605 -1.426109 -0.766084
0.938454 -31.46788 -3.72522 1.248163 4.23826 -1.951561 0.951284 0.723472 0.673193
-5.061546 -31.46788 -3.72522 0.09593 2.425397 0.999345 -0.498072 1.812081 2.315827
10.93845 -33.46788 -3.72522 -0.565911 3.98578 -3.904706 -1.057023 -2.957603 -1.820169
8.938454 -33.46788 -3.72522 2.927289 7.401343 1.2336 2.299875 1.83907 1.038254
0.938454 -33.46788 -3.72522 1.975239 5.303498 -1.177714 2.214614 -1.330368 -1.417459
-1.061546 -33.46788 -3.72522 0.894708 4.091695 -1.423066 1.911791 -0.554698 -0.091074
-3.061546 -33.46788 -3.72522 0.610815 4.635305 0.331076 1.930269 2.013084 2.100676
10.93845 -35.46788 -3.72522 -1.840693 1.22453 -2.134086 -1.571396 -3.076668 -2.621052
8.938454 -35.46788 -3.72522 1.336619 4.360681 0.494287 2.585965 0.977591 0.957357
6.938454 -35.46788 -3.72522 1.637749 3.018269 5.274535 8.014318 2.753562 2.943969
2.938454 -35.46788 -3.72522 0.40575 2.56289 -1.216533 0.402584 -0.425229 -0.599398
0.938454 -35.46788 -3.72522 1.403504 4.396354 -2.189317 0.811307 -2.422847 -1.462956
-1.061546 -35.46788 -3.72522 1.14008 4.162528 -1.177914 2.283237 -0.857213 0.041556
-3.061546 -35.46788 -3.72522 0.182285 3.432323 -1.416289 1.504977 0.492683 0.919209
8.938454 -37.46788 -3.72522 -1.032571 0.21143 -1.786456 2.192873 -0.189405 0.036592
6.938454 -37.46788 -3.72522 0.161548 2.843776 2.605237 5.871511 -0.312246 0.936139
2.938454 -37.46788 -3.72522 -0.578626 -0.926896 -1.855963 -1.490277 -0.427161 -0.023043
0.938454 -37.46788 -3.72522 -0.001144 0.678867 -3.397111 -0.650777 -2.654504 -1.484965
6.938454 -39.46788 -3.72522 2.185542 6.095788 3.362251 5.045125 1.333456 1.321189
2.938454 -39.46788 -3.72522 0.695127 1.309069 -2.444151 -1.12766 0.419014 0.643144
0.938454 -39.46788 -3.72522 0.544437 -0.915286 -0.658108 -0.162754 -0.42035 -0.907663
-1.061546 -39.46788 -3.72522 -0.5282 -0.532626 -1.793145 2.760287 -2.765792 -1.504026
6.938454 -41.46788 -3.72522 0.833191 4.236715 1.522537 2.767314 1.260074 0.924652
0.938454 -41.46788 -3.72522 1.364716 2.274019 1.243966 1.714666 0.680365 1.27147
-1.061546 -41.46788 -3.72522 -0.463363 3.485373 0.124375 3.438187 -0.60057 0.88102
-3.061546 -41.46788 -3.72522 0.034324 6.231364 -0.46771 5.444245 -0.562642 1.52312
8.938454 -43.46788 -3.72522 1.174635 2.6349 -1.038141 2.339972 0.367699 0.946576
6.938454 -43.46788 -3.72522 0.729361 2.315386 -1.238559 1.021269 -0.102765 -0.470906
0.938454 -43.46788 -3.72522 1.911606 4.717813 -0.348448 2.189531 0.744381 2.0416
-1.061546 -43.46788 -3.72522 -0.632484 2.012671 -1.517478 0.463627 -2.40734 -0.35898
-3.061546 -43.46788 -3.72522 0.54114 2.978805 0.612787 2.70118 1.18514 1.171483
8.938454 -45.46788 -3.72522 0.23093 1.340107 -1.372086 1.476375 -0.773467 0.028156
0.938454 -45.46788 -3.72522 1.835533 5.809937 0.563341 5.509763 0.431603 0.752875
-1.061546 -45.46788 -3.72522 0.228408 2.458033 -0.317032 0.61521 -1.95121 -1.039185
-3.061546 -45.46788 -3.72522 0.164765 0.378723 -1.056629 -0.521866 0.396314 0.094627
0.938454 -47.46788 -3.72522 2.984463 9.261464 1.467299 7.822166 0.279754 -0.08322
-1.061546 -47.46788 -3.72522 1.927562 5.526034 0.611295 2.800509 0.618396 0.019198
0.938454 -49.46788 -3.72522 1.642174 9.94662 -1.376838 8.313926 0.583424 1.385321
-1.061546 -49.46788 -3.72522 0.35762 5.434571 -0.633584 1.261791 0.81951 1.172838
-3.061546 -49.46788 -3.72522 0.042878 2.51885 -1.74055 -0.764746 -0.722293 0.200098
-5.061546 -49.46788 -3.72522 1.435174 0.503426 0.471861 -0.897762 0.613424 0.101708
-1.061546 -51.46788 -3.72522 0.662114 2.140996 1.089184 0.313788 0.294671 0.128053
-3.061546 -51.46788 -3.72522 0.842955 0.197048 0.27695 -2.170105 -1.051149 -0.795794
-5.061546 -51.46788 -3.72522 0.549561 -1.816836 0.949503 -2.906533 -0.853045 -0.643088
-3.061546 -53.46788 -3.72522 2.200068 3.20936 -0.230594 0.546922 -0.489911 0.453754
6.938454 -25.46788 -1.72522 -0.372454 -4.276389 -5.627642 -3.826583 0.831791 -0.872745
6.938454 -27.46788 -1.72522 0.298631 -0.642487 -5.542991 -3.585566 0.48604 0.561123
-1.061546 -27.46788 -1.72522 2.658389 6.470919 3.650876 1.70516 0.795598 1.509701
-3.061546 -27.46788 -1.72522 1.833722 8.135425 1.443311 2.364245 3.280725 4.435646
8.938454 -29.46788 -1.72522 0.221057 4.257051 -4.582097 -1.43883 -0.677413 2.008214
6.938454 -29.46788 -1.72522 0.348223 0.795433 -5.274839 -3.51654 -0.493188 0.358471
4.938454 -29.46788 -1.72522 2.880574 5.64082 1.208693 2.171664 0.120012 -0.43017
-1.061546 -29.46788 -1.72522 2.582854 7.967083 2.044219 0.433173 -1.635633 0.123502
-3.061546 -29.46788 -1.72522 2.644986 8.584325 -0.813741 -0.830196 1.398307 2.796061
4.938454 -31.46788 -1.72522 0.295983 6.129923 -0.147872 3.365175 1.094486 2.524643
-1.061546 -31.46788 -1.72522 1.851246 6.862126 -1.966588 -2.224128 -1.41356 -0.395172
-3.061546 -31.46788 -1.72522 3.034671 7.574759 -0.032949 -1.470832 0.939724 1.831818
-5.061546 -31.46788 -1.72522 2.354241 4.528246 2.307346 0.391861 2.185897 3.199299
10.93845 -33.46788 -1.72522 1.206072 4.224647 -0.686778 -2.429284 0.915171 -0.012312
8.938454 -33.46788 -1.72522 1.279188 6.692177 -1.248941 -2.591051 2.62483 1.993958
6.938454 -33.46788 -1.72522 0.182755 5.011633 1.831684 3.828838 2.452461 3.528409
4.938454 -33.46788 -1.72522 0.297565 6.08065 2.519834 6.529025 2.948529 5.403806
-5.061546 -33.46788 -1.72522 1.659462 2.314608 2.394078 1.05697 0.98027 1.721976
10.93845 -35.46788 -1.72522 -1.846781 -1.34948 -2.133849 -6.309168 -1.699797 -2.981754
8.938454 -35.46788 -1.72522 0.58406 3.578813 -1.988227 -4.156734 1.589147 1.166786
6.938454 -35.46788 -1.72522 0.833212 3.910537 0.009491 2.082423 1.005868 2.754741
0.938454 -35.46788 -1.72522 0.828427 4.019066 -0.503374 2.085155 0.528496 1.528074
-1.061546 -35.46788 -1.72522 -0.511446 -0.660526 -1.1782 0.968491 0.660287 0.74941
-3.061546 -35.46788 -1.72522 -0.367169 -2.479085 0.549547 0.862227 1.043301 0.265468
-5.061546 -35.46788 -1.72522 0.719662 -0.10816 -0.201245 -0.002215 0.56821 0.791438
10.93845 -37.46788 -1.72522 -0.575136 0.144134 -1.69982 -4.83683 -1.215751 -2.128247
8.938454 -37.46788 -1.72522 0.604079 2.696534 0.435579 -0.321715 1.856507 1.613993
0.938454 -37.46788 -1.72522 0.464651 1.619188 0.717558 2.49193 1.190315 1.374332
-1.061546 -37.46788 -1.72522 -0.787435 -0.898396 -1.798412 1.45958 -0.473301 0.184828
-3.061546 -37.46788 -1.72522 -0.772071 -0.982722 -2.103767 0.559902 -1.12006 -0.855189
-5.061546 -37.46788 -1.72522 0.552531 -0.018983 -1.014602 -0.701385 0.37707 -0.373677
8.938454 -39.46788 -1.72522 0.757746 0.735829 2.939521 1.168188 1.529438 0.983312
6.938454 -39.46788 -1.72522 -0.688034 -0.513502 -0.172374 0.930663 -1.295112 -0.940183
0.938454 -39.46788 -1.72522 0.4452 1.020651 -0.44516 0.075077 0.642774 -0.024597
-1.061546 -39.46788 -1.72522 -1.813623 -0.92001 -2.748414 0.115911 -2.548099 -1.406889
-3.061546 -39.46788 -1.72522 -1.96987 1.409638 -3.187407 1.2146 -2.750509 -0.997668
6.938454 -41.46788 -1.72522 1.168566 3.248815 2.002955 1.799943 0.892378 0.340986
0.938454 -41.46788 -1.72522 -0.581592 -0.253191 -1.737595 -1.011412 -1.799441 -0.962382
-1.061546 -41.46788 -1.72522 -3.334987 -2.113962 -3.036273 -0.057184 -2.858613 -1.373484
10.93845 -43.46788 -1.72522 2.332571 1.167449 4.150957 2.229881 2.110964 1.14568
8.938454 -43.46788 -1.72522 3.376925 5.442652 2.740465 3.327632 2.199397 2.211349
6.938454 -43.46788 -1.72522 1.617954 3.68598 2.936781 4.809608 2.040007 0.922331
0.938454 -43.46788 -1.72522 1.61567 5.424531 -1.458998 0.814205 -1.027442 1.035582
-1.061546 -43.46788 -1.72522 -0.582716 2.766791 -2.665017 1.329276 -2.712255 -0.979365
10.93845 -45.46788 -1.72522 -0.850408 -2.732576 -0.098417 0.829051 0.969689 0.770027
8.938454 -45.46788 -1.72522 0.964708 1.213238 0.068494 2.829372 0.315995 1.098798
6.938454 -45.46788 -1.72522 1.032472 3.472394 2.213648 3.616902 0.32864 1.484433
0.938454 -45.46788 -1.72522 2.163337 4.778806 -0.611498 2.198136 1.166031 1.772275
-1.061546 -45.46788 -1.72522 0.005454 2.177281 -2.496336 -1.150113 -1.959568 -1.121913
0.938454 -47.46788 -1.72522 2.868485 3.762392 1.072743 3.85798 2.840207 1.96232
-1.061546 -47.46788 -1.72522 1.850376 1.245713 0.634871 -0.692636 1.624 0.249893
-5.061546 -47.46788 -1.72522 1.960342 4.881392 1.931952 1.913289 0.707694 0.416044
0.938454 -49.46788 -1.72522 3.232563 5.881468 -0.895835 3.924172 2.58761 2.361579
-1.061546 -49.46788 -1.72522 1.221731 -0.552038 -0.96044 -2.55894 0.181609 -0.914894
-3.061546 -49.46788 -1.72522 0.815197 -0.233986 0.772421 -1.228866 0.092298 -1.036578
-5.061546 -49.46788 -1.72522 2.71084 2.084434 3.000824 3.323499 2.60985 1.076466
0.938454 -51.46788 -1.72522 1.500736 1.584675 -0.744413 0.498269 1.394742 0.946623
-1.061546 -51.46788 -1.72522 0.023326 -0.829473 0.24219 -0.649324 0.247761 -0.724816
-3.061546 -51.46788 -1.72522 -0.500876 -2.690955 -0.521502 -2.424138 -0.438301 -1.472297
-5.061546 -51.46788 -1.72522 0.167096 -1.794211 0.38683 -0.454904 0.536775 0.303542
-3.061546 -53.46788 -1.72522 -0.790414 -2.437087 -3.412272 -2.059752 -0.827026 -0.504149
-3.061546 -27.46788 0.27478 -1.510681 1.576066 -2.322471 -2.14437 -0.778397 1.009919
-5.061546 -27.46788 0.27478 -0.523514 3.978286 -2.160411 -3.028847 -2.394493 0.441593
-7.061546 -27.46788 0.27478 -0.058225 2.370869 -1.32229 -2.06686 -1.837446 -0.709738
10.93845 -29.46788 0.27478 1.08475 8.416757 1.659103 3.573992 3.909911 5.690441
8.938454 -29.46788 0.27478 1.352651 3.275595 0.237367 0.717241 2.509139 1.878218
-1.061546 -29.46788 0.27478 -0.557475 4.568811 4.927679 3.423347 0.297052 1.152656
-3.061546 -29.46788 0.27478 -2.639011 1.692338 -4.483429 -4.40567 -1.47177 0.831992
-5.061546 -29.46788 0.27478 0.196127 5.197359 -1.639577 -2.91255 -1.477913 1.395755
10.93845 -31.46788 0.27478 1.503995 5.023018 3.363472 1.486293 4.629389 4.558908
8.938454 -31.46788 0.27478 1.896605 2.603167 0.585667 -0.960245 3.396835 1.998394
6.938454 -31.46788 0.27478 2.705692 4.031857 -1.437459 -1.747231 2.593155 0.589241
4.938454 -31.46788 0.27478 2.154496 6.460032 0.907918 2.097675 2.417797 2.153769
-1.061546 -31.46788 0.27478 -0.902541 1.008925 0.599271 -2.063245 0.56271 -0.232978
-3.061546 -31.46788 0.27478 -0.871227 1.372344 -2.590251 -3.926455 -0.104644 0.674131
6.938454 -33.46788 0.27478 1.174067 6.701248 2.024583 3.231563 2.068166 1.459788
4.938454 -33.46788 0.27478 3.425766 10.13437 5.136856 5.740045 3.924603 4.108266
0.938454 -33.46788 0.27478 2.328425 1.975391 2.642708 0.64739 3.6922 1.430474
-1.061546 -33.46788 0.27478 -0.685201 -1.170905 -0.265974 -2.818241 2.459387 0.325647
-3.061546 -33.46788 0.27478 0.26962 0.476524 -0.289835 -1.478121 0.635138 0.138535
-5.061546 -33.46788 0.27478 2.259063 1.467629 1.80773 -0.267821 0.852047 0.881158
6.938454 -35.46788 0.27478 -0.251172 2.972749 2.042945 1.884098 0.48579 1.122614
4.938454 -35.46788 0.27478 1.81592 6.87991 5.646941 4.9629 2.092529 2.263587
-1.061546 -35.46788 0.27478 -2.258352 -4.365477 -0.15005 0.528979 2.045383 0.965058
-3.061546 -35.46788 0.27478 -0.694067 -2.391774 -0.624478 0.568652 -0.01238 -0.492651
-5.061546 -35.46788 0.27478 1.486933 1.872958 2.399526 2.225717 -0.336646 -0.355439
10.93845 -37.46788 0.27478 -0.175433 1.60988 -0.144986 -3.272867 0.672902 0.688692
8.938454 -37.46788 0.27478 1.473163 4.501094 2.660255 -1.106738 2.853665 2.961815
6.938454 -37.46788 0.27478 -0.148528 2.399982 1.146728 0.969951 -0.128032 1.379847
-5.061546 -37.46788 0.27478 1.076095 1.561531 3.845399 2.729023 -1.183538 -1.286824
10.93845 -39.46788 0.27478 -1.431623 -1.21872 0.722036 0.854724 1.046815 0.630542
8.938454 -39.46788 0.27478 -0.464709 -0.051039 1.051796 0.210348 0.27017 0.394296
6.938454 -39.46788 0.27478 -2.021725 0.251364 -2.930861 -1.491742 -3.269486 -1.650658
0.938454 -39.46788 0.27478 -1.373015 -0.293248 -1.132811 1.8914 1.111966 1.492894
-1.061546 -39.46788 0.27478 -1.356649 -0.231497 -3.249468 -0.602279 -1.33341 -0.626949
-3.061546 -39.46788 0.27478 -0.664531 -0.173868 0.086899 0.693405 -1.943766 -1.080557
-5.061546 -39.46788 0.27478 1.274556 2.127721 4.900501 3.254399 -0.659201 -0.465095
8.938454 -41.46788 0.27478 -1.419707 -2.861652 -0.40964 1.108858 -0.452438 -0.127576
6.938454 -41.46788 0.27478 -0.526243 -0.528924 -1.941599 -0.639813 -1.680352 -1.330411
0.938454 -41.46788 0.27478 -2.759707 0.529975 -6.843311 -2.962051 -2.595907 -0.801864
-1.061546 -41.46788 0.27478 -4.782482 -3.619485 -8.536522 -5.523158 -3.219214 -1.069115
-3.061546 -41.46788 0.27478 -3.392774 -3.17739 -2.403381 -1.935288 -2.122785 -0.125049
-5.061546 -41.46788 0.27478 0.261438 2.874337 1.197409 2.02279 0.311897 2.060672
12.93845 -43.46788 0.27478 -1.395333 -3.032464 -1.817691 -0.182481 -0.745951 -0.001347
10.93845 -43.46788 0.27478 1.708088 -0.686348 2.176406 -0.604555 0.406918 -0.838026
6.938454 -43.46788 0.27478 1.085487 -0.325874 -0.056563 -0.253575 1.522706 -0.217038
4.938454 -43.46788 0.27478 1.369269 -0.099833 2.329577 0.66861 0.46556 -0.174475
0.938454 -43.46788 0.27478 -2.794116 3.064464 -10.52271 -6.915819 -5.192244 -1.633327
-1.061546 -43.46788 0.27478 -4.626624 0.843891 -11.57162 -7.538728 -5.140823 -1.577028
-3.061546 -43.46788 0.27478 -5.48667 -3.344493 -7.665188 -4.831499 -4.416181 -1.231338
10.93845 -45.46788 0.27478 -0.337554 -1.716106 -1.596772 -0.308659 1.356734 1.227446
8.938454 -45.46788 0.27478 1.014616 1.147202 -0.291122 1.824446 1.094674 0.980308
6.938454 -45.46788 0.27478 1.733762 1.967523 1.915934 1.481663 1.501951 1.700021
4.938454 -45.46788 0.27478 0.647696 -0.325746 -1.253277 -1.717641 2.055254 2.080001
0.938454 -45.46788 0.27478 -3.059092 -0.924013 -11.28182 -10.55538 -3.234567 -1.335085
-1.061546 -45.46788 0.27478 -3.549329 -2.05301 -10.31171 -10.7777 -4.065541 -1.894012
6.938454 -47.46788 0.27478 1.783883 1.258033 2.489568 5.365263 1.554287 1.495697
0.938454 -47.46788 0.27478 -2.19559 -3.504845 -8.533924 -8.489007 -4.384137 -2.675112
-1.061546 -47.46788 0.27478 -1.648882 -4.608793 -5.790635 -8.964066 -2.643922 -2.274226
0.938454 -49.46788 0.27478 -1.34009 -4.129286 -6.970152 -7.080304 -2.272954 -0.877101
-1.061546 -49.46788 0.27478 -0.600115 -7.760775 -2.826575 -6.916369 -3.478206 -3.291441
-3.061546 -49.46788 0.27478 0.789655 -2.134631 1.850651 -1.171002 -0.601357 -1.381502
-5.061546 -49.46788 0.27478 1.286397 1.04882 1.92944 1.992876 1.964866 0.565454
0.938454 -51.46788 0.27478 -0.030246 1.292107 -3.205684 -3.069157 0.945343 1.742629
-1.061546 -51.46788 0.27478 0.82156 -1.597933 0.180579 -4.012029 1.693254 0.3315
-3.061546 -51.46788 0.27478 1.500014 1.927458 -0.731427 -3.063722 0.114738 -0.338233
-5.061546 -51.46788 0.27478 1.567311 5.007101 -1.072886 0.994878 1.045582 2.116892
-3.061546 -53.46788 0.27478 -0.966174 -2.572846 -2.343832 -3.43459 -1.835841 -1.626295
-9.061546 -25.46788 2.27478 1.051504 0.858163 -0.415175 -1.650443 1.0806 0.305829
12.93845 -27.46788 2.27478 2.193808 5.533782 1.951582 3.637412 0.939671 0.755863
-5.061546 -27.46788 2.27478 -0.291916 1.171602 -0.443829 -0.543148 -1.138036 0.490891
-7.061546 -27.46788 2.27478 -0.045616 3.454808 1.726254 1.25245 -0.499565 0.974497
-9.061546 -27.46788 2.27478 -2.036952 -1.320571 -0.510295 -0.61351 -0.852791 -0.546632
12.93845 -29.46788 2.27478 1.554069 8.908584 1.499317 4.331432 2.180124 2.993552
-5.061546 -29.46788 2.27478 -0.656271 2.946416 -0.378753 -0.847592 -2.449931 -0.67051
-7.061546 -29.46788 2.27478 -1.073597 4.257785 -3.493618 -2.881323 -2.784844 0.191331
12.93845 -31.46788 2.27478 1.820344 10.77373 0.311913 2.403932 3.21479 4.295807
10.93845 -31.46788 2.27478 2.273127 6.641667 4.428216 5.149083 4.079129 4.268155
8.938454 -31.46788 2.27478 3.054044 2.520623 3.703907 2.888073 3.713293 2.741709
-1.061546 -31.46788 2.27478 -1.755932 1.469187 -2.317336 -0.967132 -2.710626 -0.804762
-3.061546 -31.46788 2.27478 -1.127089 3.261341 -2.441186 -0.136818 -1.4715 0.003459
-5.061546 -31.46788 2.27478 0.67694 2.367729 -0.078362 -0.896614 -0.87365 -0.833187
-7.061546 -31.46788 2.27478 2.113488 4.781779 -4.631546 -6.217904 -1.067822 -0.461271
12.93845 -33.46788 2.27478 1.747942 8.998771 1.234485 -0.256119 3.558513 3.416741
10.93845 -33.46788 2.27478 3.109656 6.297481 4.945354 2.820728 2.727038 2.001224
8.938454 -33.46788 2.27478 3.348435 4.457025 3.170315 1.037685 0.557838 -0.235765
6.938454 -33.46788 2.27478 3.200828 6.062237 3.970217 1.229298 0.656383 -0.108653
4.938454 -33.46788 2.27478 3.246004 5.617408 5.589875 1.531174 2.283188 1.476379
0.938454 -33.46788 2.27478 2.13991 2.889064 -1.25293 -1.905966 1.304015 0.423473
-1.061546 -33.46788 2.27478 0.578821 3.764049 -2.017693 -2.530195 0.55383 0.426163
10.93845 -35.46788 2.27478 1.170584 2.882756 3.098309 0.429734 2.597249 1.871802
8.938454 -35.46788 2.27478 0.300182 1.978426 2.382233 -0.886837 1.808535 1.827591
6.938454 -35.46788 2.27478 1.659189 1.717057 4.827064 1.734003 1.872894 0.407006
4.938454 -35.46788 2.27478 3.083712 5.212795 8.753055 4.084668 3.114353 0.288106
0.938454 -35.46788 2.27478 0.980305 5.310257 0.071606 2.467234 2.013241 2.489004
-1.061546 -35.46788 2.27478 -1.383232 2.306675 -2.12506 0.864086 0.298881 0.799406
4.938454 -37.46788 2.27478 3.647776 6.89212 6.54319 6.138998 3.850044 2.004905
0.938454 -37.46788 2.27478 -0.984088 4.261708 0.85 5.169209 1.030254 2.265517
-1.061546 -37.46788 2.27478 -2.31383 3.880543 -2.146408 4.31775 -0.445705 0.984014
-3.061546 -37.46788 2.27478 -0.213436 5.881528 -2.796017 4.639289 -1.538737 -1.10464
8.938454 -39.46788 2.27478 0.950935 2.239607 3.490796 1.458774 2.129689 1.699386
6.938454 -39.46788 2.27478 0.172593 2.021894 2.948206 2.039806 0.301643 0.57467
-1.061546 -39.46788 2.27478 -0.919809 3.231972 -1.712011 1.089489 0.834702 0.801071
-3.061546 -39.46788 2.27478 1.672145 3.29406 1.05436 3.135906 -0.232293 -1.018038
6.938454 -41.46788 2.27478 0.221724 0.906748 0.30901 1.949362 -1.165955 -0.119831
4.938454 -41.46788 2.27478 2.146781 7.216825 1.157062 2.030433 -0.489981 0.696468
-1.061546 -41.46788 2.27478 -0.775794 1.268554 -0.675012 -1.04767 2.454119 1.985507
-3.061546 -41.46788 2.27478 0.866293 0.71946 2.443976 1.593037 1.043861 0.525311
10.93845 -43.46788 2.27478 2.414462 3.866201 1.305301 -0.322935 -0.791091 -1.083195
4.938454 -43.46788 2.27478 0.675251 2.635489 -0.029997 1.052869 -1.255493 0.191212
0.938454 -43.46788 2.27478 -0.653597 2.831466 -3.513723 -1.162812 -0.187897 1.496421
-1.061546 -43.46788 2.27478 -0.535701 2.821325 -0.701318 0.621881 1.259853 1.95588
-3.061546 -43.46788 2.27478 -0.186181 3.080305 0.978994 1.174482 -0.405868 0.3454
8.938454 -45.46788 2.27478 1.158599 4.153933 -0.217547 -0.027723 -0.269272 -0.776854
6.938454 -45.46788 2.27478 1.493482 2.535482 -0.472552 0.512257 -0.506428 0.241272
4.938454 -45.46788 2.27478 -0.579002 1.467318 -4.237117 -0.61228 -0.896159 0.770712
0.938454 -45.46788 2.27478 -1.784564 0.744593 -5.958199 -3.679807 -1.143973 0.250025
-1.061546 -45.46788 2.27478 -1.170473 1.09143 -2.933566 -3.486332 -1.373734 0.305361
-3.061546 -45.46788 2.27478 1.58494 3.152148 1.168071 -0.446468 0.879217 1.246752
6.938454 -47.46788 2.27478 2.510114 2.94011 2.54819 5.47141 1.45674 1.219883
0.938454 -47.46788 2.27478 -2.261857 2.015128 -5.544715 -4.957992 -5.652921 -2.298999
-1.061546 -47.46788 2.27478 -0.530742 3.009761 -3.642824 -4.15507 -3.269931 -0.702713
-3.061546 -47.46788 2.27478 0.618396 -0.024109 -0.072346 -0.541645 0.368085 0.351462
0.938454 -49.46788 2.27478 -1.625748 -0.246987 -7.405226 -8.047446 -5.371039 -3.112009
-1.061546 -49.46788 2.27478 0.756998 -1.795019 -2.638659 -5.977793 -4.049628 -2.599103
-5.061546 -49.46788 2.27478 -0.934035 -0.680319 -1.30081 -0.609102 -0.086821 0.650229
-1.061546 -51.46788 2.27478 2.084182 -1.260219 1.346875 -3.870113 1.238587 -0.425163
-3.061546 -51.46788 2.27478 2.462478 3.298821 -1.235237 -6.624246 -0.763463 -1.289282
-5.061546 -51.46788 2.27478 -0.086525 3.217772 -3.14364 -5.155754 -1.002553 -0.631155
-3.061546 -53.46788 2.27478 1.598483 0.143727 2.339318 -2.787315 -0.359118 -2.012302
-7.061546 -23.46788 4.27478 2.066077 2.962398 2.981575 2.472954 1.613821 0.829321
-5.061546 -25.46788 4.27478 -0.95989 1.011899 -2.250657 -1.19363 1.818962 3.401164
-9.061546 -25.46788 4.27478 -0.196687 -0.545776 -2.286088 -2.060337 -0.455186 -1.181054
12.93845 -27.46788 4.27478 -0.403713 1.559501 -1.737401 -0.317638 -2.850169 -2.171849
-7.061546 -27.46788 4.27478 -2.238295 -0.836149 -2.88716 -1.576812 -0.509251 1.714493
-9.061546 -27.46788 4.27478 -1.036459 -2.771446 -2.268757 -2.383767 -0.363169 -0.876438
14.93845 -29.46788 4.27478 -1.022069 -0.566461 -0.640724 1.84997 -0.962372 0.311503
12.93845 -29.46788 4.27478 0.186666 3.120683 1.134901 1.895254 -0.337834 0.765527
10.93845 -29.46788 4.27478 2.325928 4.883516 5.013795 4.074326 4.044398 3.15388
8.938454 -29.46788 4.27478 1.881251 1.107147 5.380437 4.910286 4.412991 3.425348
-5.061546 -29.46788 4.27478 -2.485824 -3.053838 -3.83518 -2.857205 -3.008181 -1.919435
-7.061546 -29.46788 4.27478 -1.210506 1.817737 -4.370392 -2.73687 -2.157456 0.168339
-9.061546 -29.46788 4.27478 1.763083 5.458339 -1.673289 0.230638 1.488882 1.922111
14.93845 -31.46788 4.27478 0.079369 1.656708 -2.389529 1.270776 1.472244 2.409757
12.93845 -31.46788 4.27478 1.553937 5.329562 1.11178 0.638952 2.485843 2.886682
10.93845 -31.46788 4.27478 4.364789 7.734465 6.048381 4.176506 5.700878 4.206259
8.938454 -31.46788 4.27478 3.784022 5.002376 4.935485 3.872923 5.23733 4.393822
-1.061546 -31.46788 4.27478 -0.422919 2.558665 0.027005 0.004814 -1.833619 0.576821
-3.061546 -31.46788 4.27478 -1.073799 1.419488 0.357712 0.172006 0.026639 1.899009
-5.061546 -31.46788 4.27478 -0.636684 1.763779 -1.620229 -1.937383 -0.548617 0.656425
-7.061546 -31.46788 4.27478 1.337657 4.567544 -3.917624 -3.792977 -1.034739 -0.383142
-9.061546 -31.46788 4.27478 2.935639 5.974932 -1.664543 -1.233645 2.520694 1.581757
14.93845 -33.46788 4.27478 -0.575826 3.896989 -5.377792 -3.017425 -0.915717 1.383665
12.93845 -33.46788 4.27478 1.919233 7.699767 -2.227535 -3.202247 0.399692 1.625062
0.938454 -33.46788 4.27478 2.243815 5.252982 -1.22898 -1.688984 -0.232641 0.84095
-1.061546 -33.46788 4.27478 -0.026804 3.384884 1.837784 -0.095917 1.426361 1.775963
-3.061546 -33.46788 4.27478 -2.079795 1.910065 -2.092848 -4.317227 -0.736584 0.710504
-5.061546 -33.46788 4.27478 -1.14242 1.355344 -3.537148 -4.647675 -0.645632 0.671654
-7.061546 -33.46788 4.27478 1.274195 4.675761 -3.538898 -2.266874 0.111373 0.775496
-9.061546 -33.46788 4.27478 1.916414 4.864384 -1.26954 -0.267647 1.440061 1.243768
12.93845 -35.46788 4.27478 2.167969 8.67676 -1.348372 -2.425752 -0.778986 1.217695
10.93845 -35.46788 4.27478 4.210581 7.432864 4.456604 4.385347 2.777922 2.386298
6.938454 -35.46788 4.27478 5.629582 7.331518 5.825482 5.286437 4.998128 3.744881
0.938454 -35.46788 4.27478 1.708844 8.494317 -1.175083 0.171893 0.74166 2.804965
-1.061546 -35.46788 4.27478 -2.543999 5.701886 -3.044169 -2.807143 -0.996967 1.828714
-3.061546 -35.46788 4.27478 -3.916397 4.973993 -7.5528 -8.492785 -4.761482 -0.846313
-5.061546 -35.46788 4.27478 -1.138271 6.232997 -5.679666 -5.657589 -2.579998 0.726094
-7.061546 -35.46788 4.27478 0.423571 9.312162 -2.922961 -0.59061 0.591255 3.065565
-9.061546 -35.46788 4.27478 0.453987 7.624876 -0.343606 2.150996 1.786746 4.081315
12.93845 -37.46788 4.27478 0.977861 6.541065 1.429088 3.332522 -0.582617 1.42288
10.93845 -37.46788 4.27478 2.400841 6.329535 3.927986 5.143609 2.397308 2.5919
8.938454 -37.46788 4.27478 1.986504 4.917782 3.288339 3.609335 2.664048 2.107919
6.938454 -37.46788 4.27478 3.005839 5.88414 4.736304 3.504144 3.355517 2.919987
4.938454 -37.46788 4.27478 2.7975 9.812865 3.895662 4.262872 3.486567 4.245901
0.938454 -37.46788 4.27478 -1.421744 9.157849 -4.056914 -0.347117 -1.383836 2.282328
-1.061546 -37.46788 4.27478 -5.447447 5.690085 -7.805104 -5.459335 -3.968664 1.302897
-3.061546 -37.46788 4.27478 -4.605916 5.115471 -7.256768 -6.843736 -4.459329 -0.289154
-5.061546 -37.46788 4.27478 -0.273356 7.879814 -0.299344 -1.804064 1.009784 2.93375
-7.061546 -37.46788 4.27478 -0.155843 5.592243 0.113729 -0.824258 2.18784 3.392151
6.938454 -39.46788 4.27478 0.514099 4.15798 3.284316 1.83006 -0.938806 -0.588747
4.938454 -39.46788 4.27478 0.153964 5.737901 2.221513 1.922773 -0.23889 0.755203
0.938454 -39.46788 4.27478 -2.420417 6.966556 -5.581541 -3.11133 -0.2284 1.875164
-1.061546 -39.46788 4.27478 -2.869846 2.267767 -5.352573 -6.209582 -0.458874 1.412437
-3.061546 -39.46788 4.27478 -0.586998 3.795255 -3.074815 -3.86204 -0.746123 0.356957
-5.061546 -39.46788 4.27478 0.079644 6.234371 0.860285 0.19954 1.785156 2.306124
6.938454 -41.46788 4.27478 0.323135 1.853555 2.840271 1.705462 -2.251993 -1.756505
4.938454 -41.46788 4.27478 0.046437 2.882307 1.162599 -0.087827 -1.395912 -1.100566
0.938454 -41.46788 4.27478 -1.353951 4.776392 -2.447118 -2.287923 -0.579765 1.257119
-1.061546 -41.46788 4.27478 -0.46732 1.706513 0.59383 -1.398625 1.786849 2.644892
10.93845 -43.46788 4.27478 1.923427 2.155177 2.447556 0.970453 -0.078197 -0.371298
6.938454 -43.46788 4.27478 -0.588065 -2.145053 0.117395 -0.892754 -0.131638 0.193846
4.938454 -43.46788 4.27478 -1.258298 -0.385529 1.099627 0.023106 -1.131787 -0.038933
0.938454 -43.46788 4.27478 -0.349432 4.277806 -2.122542 -1.486705 -1.106638 1.397857
-1.061546 -43.46788 4.27478 -0.325311 2.343731 1.384435 1.443457 0.593571 1.346873
10.93845 -45.46788 4.27478 2.74824 4.964205 4.073515 2.969057 2.710775 1.859443
8.938454 -45.46788 4.27478 2.114057 3.398886 3.791938 1.185757 2.925247 1.883767
6.938454 -45.46788 4.27478 1.780536 2.497265 1.820532 -0.182672 1.903522 1.958468
4.938454 -45.46788 4.27478 -0.159451 3.139808 -0.414143 0.878553 -1.297033 0.468927
0.938454 -45.46788 4.27478 0.564962 5.495528 -0.516483 2.086501 0.010918 2.042245
-1.061546 -45.46788 4.27478 1.075005 3.303946 3.311529 3.546506 -0.766602 -0.242892
-3.061546 -45.46788 4.27478 1.596967 2.533562 3.156049 2.5102 -0.391136 -0.333558
10.93845 -47.46788 4.27478 1.062145 5.448103 0.48116 6.48956 2.42445 2.951681
8.938454 -47.46788 4.27478 0.512425 2.419184 0.325619 1.64419 0.146154 0.031694
6.938454 -47.46788 4.27478 1.535611 3.695767 0.711379 2.112285 0.762944 1.080841
0.938454 -47.46788 4.27478 1.430368 9.228656 2.425559 5.033131 0.032715 2.7582
-1.061546 -47.46788 4.27478 2.423957 8.759715 1.592585 4.519744 0.936228 2.93631
10.93845 -49.46788 4.27478 -2.051926 -0.934639 -2.92177 1.141537 -1.245375 0.941144
8.938454 -49.46788 4.27478 -1.431894 -0.402332 -2.584344 0.637151 -1.524205 -0.256264
0.938454 -49.46788 4.27478 -1.57821 3.840324 -1.41167 0.98246 -3.121155 -0.579514
-1.061546 -49.46788 4.27478 0.560418 2.726026 -0.258404 1.21965 -0.416906 0.805259
-3.061546 -49.46788 4.27478 -2.544416 -3.379029 -2.555912 -2.935833 -0.532998 0.30787
-5.061546 -49.46788 4.27478 -3.021332 -2.034136 -5.466144 -4.797383 -1.117035 0.550373
10.93845 -51.46788 4.27478 -0.175954 0.505788 -0.50399 2.629698 0.780053 1.411398
-1.061546 -51.46788 4.27478 -1.218179 -6.783429 0.698518 -6.601058 -1.186905 -3.85623
-3.061546 -51.46788 4.27478 3.323702 5.292242 3.9466 4.408962 0.082969 0.400264
-5.061546 -25.46788 6.27478 -0.516171 2.194774 -0.864264 0.694225 0.687343 2.995957
-5.061546 -27.46788 6.27478 -0.686715 1.521043 -2.15885 0.08697 0.151385 1.747728
-7.061546 -27.46788 6.27478 1.384962 2.783267 -0.622881 0.766325 -0.086827 1.109035
-9.061546 -27.46788 6.27478 1.370691 1.611484 -2.485143 -1.965364 -2.282897 -1.413635
12.93845 -29.46788 6.27478 0.209607 -0.956374 0.041711 0.928935 0.148296 -0.177042
-9.061546 -29.46788 6.27478 2.192388 2.85879 0.493552 0.262781 -0.351419 -0.701647
14.93845 -31.46788 6.27478 -1.591009 -2.273 -1.413573 0.878616 1.573457 2.040556
12.93845 -31.46788 6.27478 -0.831378 -1.478848 1.167496 0.588178 1.690276 0.459976
10.93845 -31.46788 6.27478 1.512429 2.082894 2.51961 -2.120759 3.618503 1.964402
8.938454 -31.46788 6.27478 0.127811 1.286404 -0.783847 -1.60331 4.501534 4.513396
-9.061546 -31.46788 6.27478 0.607153 -0.862073 -1.479826 -2.155976 0.304473 -1.191063
-11.06155 -31.46788 6.27478 -0.839141 -0.097832 0.760738 -0.725828 0.593832 -0.278943
12.93845 -33.46788 6.27478 0.224612 4.36758 -3.551241 -2.491419 -0.2929 0.829772
10.93845 -33.46788 6.27478 1.166991 3.33311 -0.014174 0.875523 0.425994 1.039956
8.938454 -33.46788 6.27478 0.644663 0.808104 -0.092838 1.19243 2.664765 2.848848
6.938454 -33.46788 6.27478 0.309397 0.931301 -2.935632 -2.290486 1.98622 2.4886
4.938454 -33.46788 6.27478 -1.243482 0.621105 -5.447636 -1.668031 -0.815659 1.139638
-11.06155 -33.46788 6.27478 0.301255 2.784211 2.061861 2.883298 1.179662 0.819758
-9.061546 -35.46788 6.27478 1.634156 7.357161 0.439798 3.876561 -0.208091 1.989413
-11.06155 -35.46788 6.27478 2.708997 7.640987 3.272804 4.680284 1.369811 2.616027
14.93845 -37.46788 6.27478 0.27972 6.06723 -4.162495 -0.122428 0.685155 2.096602
6.938454 -37.46788 6.27478 -0.045132 4.103181 -1.966252 -0.145559 0.145718 1.289693
4.938454 -37.46788 6.27478 -0.045744 6.450282 -0.094457 0.668873 1.284121 2.64676
0.938454 -37.46788 6.27478 -0.169345 7.780275 -4.919148 -2.325027 0.963052 2.879104
-1.061546 -37.46788 6.27478 -1.74461 5.633873 -5.746974 -4.795007 -1.013167 1.097015
-7.061546 -37.46788 6.27478 -0.127866 2.287506 0.076003 1.865899 2.327004 2.466893
-9.061546 -37.46788 6.27478 1.681923 6.945252 -0.116562 3.86484 0.880532 3.010053
12.93845 -39.46788 6.27478 -0.340354 5.812527 -2.203678 0.68662 -2.063027 -0.422679
10.93845 -39.46788 6.27478 1.967812 4.647068 0.669665 2.187029 1.261141 0.970566
8.938454 -39.46788 6.27478 1.728806 3.41701 0.822176 1.374682 1.18089 0.555736
6.938454 -39.46788 6.27478 0.02488 5.858092 -1.03577 0.024615 -0.810526 0.396313
4.938454 -39.46788 6.27478 -0.460602 5.821759 0.437818 0.797317 -0.037733 0.997001
-1.061546 -39.46788 6.27478 -0.119766 5.432033 -5.002647 -2.528585 0.561369 1.531803
-3.061546 -39.46788 6.27478 0.48312 5.388474 -0.828027 -0.812042 0.308829 0.789685
-5.061546 -39.46788 6.27478 -0.362323 6.041251 1.40435 0.418573 2.260158 2.968157
-7.061546 -39.46788 6.27478 -1.047956 3.436078 -1.683929 -0.233635 -0.445262 1.551129
-9.061546 -39.46788 6.27478 0.975628 6.268542 -2.264396 -0.405269 -2.946861 0.304258
6.938454 -41.46788 6.27478 0.212495 4.545477 -0.83844 0.097703 -0.826213 0.485933
4.938454 -41.46788 6.27478 -0.812656 3.307078 -2.022404 -0.578045 -0.551634 0.243598
-1.061546 -41.46788 6.27478 0.14505 5.209767 -2.640367 0.131292 0.012107 1.275832
-3.061546 -41.46788 6.27478 0.22299 5.887252 -0.552784 -3.068937 -0.324995 0.329131
-5.061546 -41.46788 6.27478 0.15481 6.863913 0.603021 -2.312006 -0.825689 0.242087
-7.061546 -41.46788 6.27478 -1.023287 2.402462 -0.210647 0.330919 -1.489714 0.398354
6.938454 -43.46788 6.27478 1.083533 3.791064 0.227718 0.120946 2.015843 2.225926
-1.061546 -43.46788 6.27478 -2.061141 4.34813 -2.687253 -1.164796 0.679296 1.806773
-3.061546 -43.46788 6.27478 -1.892323 5.567555 -2.231637 -1.999983 -0.389096 1.16442
-5.061546 -43.46788 6.27478 -2.045183 1.308858 -4.693531 -2.933338 -2.829023 -0.938014
6.938454 -45.46788 6.27478 2.68865 3.48462 2.450727 4.130839 2.570669 1.37986
4.938454 -45.46788 6.27478 -1.035502 1.250837 -2.215483 -0.178094 -2.036861 -1.536647
0.938454 -45.46788 6.27478 -3.632469 6.719608 -6.720751 -3.606423 -2.780169 1.108499
-1.061546 -45.46788 6.27478 -0.948252 3.876542 -0.163897 0.071367 -0.215369 1.265623
6.938454 -47.46788 6.27478 0.87909 2.101762 0.322825 6.563732 1.672863 0.978434
4.938454 -47.46788 6.27478 -2.846589 -1.627582 -5.13858 0.469617 -1.231454 -1.230413
0.938454 -47.46788 6.27478 0.555305 8.646227 -0.214471 2.820936 -0.839122 1.689011
-1.061546 -47.46788 6.27478 2.057005 6.907632 1.838995 5.183562 2.249115 3.387865
10.93845 -49.46788 6.27478 -0.583329 -0.659373 -3.095369 0.00479 -0.179438 0.48716
8.938454 -49.46788 6.27478 -2.236607 -3.747989 -5.785088 -4.18769 -1.398035 -1.519989
6.938454 -49.46788 6.27478 -0.086682 1.446951 0.640833 5.953201 -0.621566 1.150922
0.938454 -49.46788 6.27478 -0.029568 4.227745 -2.281602 2.069224 -1.551397 -1.379503
-1.061546 -49.46788 6.27478 0.770565 3.528656 -0.296133 4.103099 1.278112 0.570451
12.93845 -51.46788 6.27478 0.280328 -0.1638 -0.396947 1.593181 0.78894 0.86344
10.93845 -51.46788 6.27478 0.356735 -0.215288 -0.468582 1.306819 0.606957 1.439718
8.938454 -51.46788 6.27478 -0.450146 -0.720206 -3.760937 -0.307532 0.237965 2.005322
-1.061546 -51.46788 6.27478 -4.17261 -10.15326 -6.279854 -14.10774 -1.866381 -5.653162
-3.061546 -51.46788 6.27478 0.397745 -3.825735 1.986985 -4.724859 -2.100177 -3.007981
-5.061546 -25.46788 8.27478 0.192704 2.340281 0.606417 2.602011 -0.200218 0.695209
-5.061546 -27.46788 8.27478 3.457248 7.795842 0.528204 3.112921 2.265174 3.01221
-3.061546 -29.46788 8.27478 -0.49248 1.994438 -0.276488 2.595971 -0.295683 1.184065
-7.061546 -29.46788 8.27478 1.31099 2.645411 1.735695 1.904152 1.572951 1.968739
-9.061546 -29.46788 8.27478 1.67058 3.920117 1.078202 1.913876 0.342766 0.049128
14.93845 -31.46788 8.27478 -0.554421 0.523041 -2.343988 -0.150667 0.684139 1.701896
6.938454 -31.46788 8.27478 -4.671462 -2.295816 -11.85903 -8.723272 0.191543 1.065521
-3.061546 -31.46788 8.27478 1.403819 2.815928 1.898956 0.158158 -0.51452 0.340792
-5.061546 -31.46788 8.27478 1.31999 -0.320657 2.390556 1.851593 -0.206721 -0.070419
-7.061546 -31.46788 8.27478 1.267473 -0.444752 0.110198 -1.430593 1.603119 1.233423
-9.061546 -31.46788 8.27478 -0.233346 1.278573 -1.920787 -1.824611 1.159296 0.972829
-11.06155 -31.46788 8.27478 -0.612799 2.267885 -0.171754 -0.294818 0.753451 0.657335
14.93845 -33.46788 8.27478 -0.663341 2.164035 -6.451689 -3.589461 -1.492733 -0.152512
12.93845 -33.46788 8.27478 0.621997 3.306016 -3.095332 -1.735052 1.016557 1.359464
8.938454 -33.46788 8.27478 0.252759 3.322029 -2.516375 0.154097 -0.443832 0.344678
6.938454 -33.46788 8.27478 -1.018494 2.960407 -8.202629 -4.417769 -1.070411 -0.548016
4.938454 -33.46788 8.27478 -3.364506 1.299431 -11.27032 -4.481541 -2.878546 -1.621787
-3.061546 -33.46788 8.27478 1.844474 1.01854 0.735166 1.808686 1.898698 1.529837
-5.061546 -33.46788 8.27478 1.214283 0.586096 0.217534 2.359211 2.309785 2.03955
-7.061546 -33.46788 8.27478 1.35938 0.191052 -0.176244 -0.730271 0.829431 0.747576
-11.06155 -33.46788 8.27478 -1.15832 0.873872 0.475134 1.326823 0.149056 0.518523
16.93845 -35.46788 8.27478 0.277432 3.602883 -1.19738 -0.7074 -0.306547 0.760576
12.93845 -35.46788 8.27478 1.41772 4.794239 -0.920946 1.187671 1.306801 1.857542
10.93845 -35.46788 8.27478 0.372385 3.043593 0.391173 1.317802 1.49278 1.065473
8.938454 -35.46788 8.27478 0.569388 2.26069 0.021808 0.013202 0.065094 -0.583486
-1.061546 -35.46788 8.27478 1.112929 1.133892 -1.264694 0.158084 -0.170678 -1.029793
-11.06155 -35.46788 8.27478 -1.25324 0.726017 -1.066875 0.471932 -0.624038 1.094314
14.93845 -37.46788 8.27478 -0.272261 2.021221 -3.640099 -1.92433 -1.265783 0.028702
-1.061546 -37.46788 8.27478 0.156676 -0.022654 -2.559508 -1.866335 0.728016 -0.181902
-11.06155 -37.46788 8.27478 -0.835731 2.752175 -2.809291 -0.75979 -0.946926 1.439412
14.93845 -39.46788 8.27478 -1.459912 3.941486 -2.518444 -0.841093 -2.086845 -0.16147
12.93845 -39.46788 8.27478 2.624129 11.95471 -2.849837 -1.213867 -1.553224 -0.028082
8.938454 -39.46788 8.27478 -0.344517 2.45273 -3.778015 -1.999668 0.964867 0.913849
6.938454 -39.46788 8.27478 -1.235845 8.56784 -3.804152 1.742298 -0.640276 0.817609
-9.061546 -39.46788 8.27478 -1.747235 1.165626 -4.217539 -3.545307 -2.690872 -0.156487
10.93845 -41.46788 8.27478 3.208987 8.967257 0.421032 -0.210491 2.238038 2.348851
8.938454 -41.46788 8.27478 0.896706 5.798746 -1.836497 -0.631583 1.824528 1.394115
6.938454 -41.46788 8.27478 -0.889828 7.669729 -3.427726 1.50103 -1.750084 -0.151582
4.938454 -41.46788 8.27478 -0.843165 4.776156 -3.51512 0.527637 -0.068047 0.694081
-7.061546 -41.46788 8.27478 -3.608136 -2.866571 -3.19168 -1.69045 -6.264451 -2.60157
6.938454 -43.46788 8.27478 2.117465 7.162617 0.47276 1.660905 -0.515459 0.181192
4.938454 -43.46788 8.27478 0.132797 1.651276 -0.933754 -0.660853 -0.909083 -0.989916
-1.061546 -43.46788 8.27478 -4.138821 0.916421 -5.991869 -4.335622 -3.572861 -0.706043
-3.061546 -43.46788 8.27478 0.106975 5.402828 -1.555731 -0.54397 0.341073 1.344442
-5.061546 -43.46788 8.27478 0.593944 2.77133 -2.067355 2.042724 0.436513 0.182433
8.938454 -45.46788 8.27478 1.326531 4.754716 0.526062 0.052723 -1.384989 -1.23196
6.938454 -45.46788 8.27478 1.727173 5.969876 0.840694 3.945961 -0.862054 0.160606
4.938454 -45.46788 8.27478 -1.036828 1.41837 -2.222752 -0.816784 -2.387274 -0.8523
0.938454 -45.46788 8.27478 -2.545505 10.14167 -7.963074 0.990944 -5.583582 -0.041761
-1.061546 -45.46788 8.27478 -1.262323 5.771165 -2.68179 -0.645998 -2.987469 0.354179
-3.061546 -45.46788 8.27478 1.030764 6.672987 0.476824 -0.10249 -1.038146 0.450952
8.938454 -47.46788 8.27478 -1.877525 0.114935 -3.114795 -2.855172 -1.404409 -1.563281
6.938454 -47.46788 8.27478 -1.073944 0.991924 0.35366 3.593981 -0.712918 -0.139
-1.061546 -47.46788 8.27478 -0.659513 4.350281 -1.517863 -0.172681 -3.314729 -0.812254
-3.061546 -47.46788 8.27478 -0.208972 1.638466 -0.126146 0.136412 -3.267185 -1.580425
12.93845 -49.46788 8.27478 0.713215 3.661932 0.869314 3.76845 -1.191946 -0.844713
10.93845 -49.46788 8.27478 0.039427 2.250381 -1.541388 1.686979 0.077466 0.536266
8.938454 -49.46788 8.27478 -3.084966 -1.728547 -7.215261 -5.174447 -0.753538 -1.094338
6.938454 -49.46788 8.27478 -1.494464 -0.553744 -0.821926 -0.226099 -0.78041 0.524484
-1.061546 -49.46788 8.27478 0.891819 5.512774 -2.131311 5.445129 0.035734 0.819214
-3.061546 -49.46788 8.27478 -0.608728 0.137667 0.200717 2.64308 -1.856195 -0.418535
10.93845 -51.46788 8.27478 -0.214161 2.086951 -3.131547 0.355549 0.288688 1.544859
8.938454 -51.46788 8.27478 -1.627756 -0.498549 -6.154318 -2.647033 -0.458175 0.540264
6.938454 -51.46788 8.27478 -1.892951 -3.896647 -1.909981 -2.659714 -1.688786 -0.54617
-1.061546 -51.46788 8.27478 -0.693629 0.301421 -3.507957 -0.81307 1.604995 0.164797
-3.061546 -51.46788 8.27478 -0.413292 -0.552578 -0.697101 -3.047155 -0.151605 -0.428885
-1.061546 -53.46788 8.27478 0 0 0 0 0 0
-3.061546 -53.46788 8.27478 0 0 0 0 0 0
-5.061546 -25.46788 10.27478 1.904721 5.825869 -0.240353 2.05225 1.228599 2.08542
-7.061546 -25.46788 10.27478 0.071958 0.581432 -0.865653 -1.628683 0.948746 0.576657
-3.061546 -27.46788 10.27478 3.64468 8.165323 -2.687027 -0.320372 1.019042 2.202648
-5.061546 -27.46788 10.27478 3.811796 6.166494 -2.25909 -0.561893 0.864451 1.628551
-7.061546 -27.46788 10.27478 0.938146 1.425985 -3.196295 -3.352114 -0.430198 0.350789
-3.061546 -29.46788 10.27478 1.168047 5.157182 -0.350894 1.692536 -1.508601 -0.02043
-5.061546 -29.46788 10.27478 2.453038 2.801407 2.17754 2.270738 0.506604 0.524324
12.93845 -31.46788 10.27478 1.45998 -1.411286 -2.014874 -4.571898 1.848157 -0.467338
10.93845 -31.46788 10.27478 2.165606 3.061101 -4.701768 -5.614119 0.385691 -0.612288
8.938454 -31.46788 10.27478 -1.721164 5.732991 -8.251349 -5.772558 -2.741179 -1.174409
6.938454 -31.46788 10.27478 -4.463191 1.361636 -8.260781 -6.152344 -2.558132 -0.172584
-1.061546 -31.46788 10.27478 -0.464151 2.102839 -1.067817 -0.485007 -0.647319 0.324244
-3.061546 -31.46788 10.27478 -0.426053 2.808497 -1.988558 -0.869664 -2.981752 -0.697425
-5.061546 -31.46788 10.27478 1.506579 2.541389 0.475611 0.223231 0.494103 0.516242
10.93845 -33.46788 10.27478 0.396192 0.917637 -3.989968 -4.093367 1.669134 0.921639
8.938454 -33.46788 10.27478 -2.064188 1.304577 -6.798517 -5.085017 -1.917219 -1.824522
6.938454 -33.46788 10.27478 -2.315317 2.469606 -9.653078 -6.10077 -2.971658 -2.060244
-1.061546 -33.46788 10.27478 -0.238345 0.528153 -2.944476 -2.927489 -1.615947 -1.09403
-3.061546 -33.46788 10.27478 -0.24289 1.842986 -2.629205 0.240128 0.990391 1.706739
14.93845 -35.46788 10.27478 0.540846 -1.641146 -2.804758 -0.091468 -1.039138 -1.94875
12.93845 -35.46788 10.27478 1.464586 0.896189 -1.880139 0.377769 1.204805 0.810447
10.93845 -35.46788 10.27478 -0.875527 -0.256731 -2.161751 -1.198442 1.690927 1.236617
8.938454 -35.46788 10.27478 -0.568135 1.694353 -2.363132 -2.13533 1.296462 0.949634
6.938454 -35.46788 10.27478 0.678833 3.540157 -3.648818 -5.999844 0.575973 0.386402
0.938454 -35.46788 10.27478 1.222476 5.153188 -2.724764 -0.810988 -0.973681 -0.631026
-1.061546 -35.46788 10.27478 0.024881 2.050069 -4.237308 -2.064874 -0.445196 -0.53511
-7.061546 -35.46788 10.27478 -0.512089 0.203864 -0.433923 0.812977 1.129447 1.537776
-9.061546 -35.46788 10.27478 0.136776 0.878809 -1.015858 0.240697 0.154424 1.341756
-11.06155 -35.46788 10.27478 -1.094856 1.992924 -1.197397 2.700633 0.849236 3.317767
14.93845 -37.46788 10.27478 0.431032 -1.167707 1.691854 1.523805 1.497116 0.351051
12.93845 -37.46788 10.27478 1.862512 2.57959 1.919697 1.508533 1.55253 1.29033
10.93845 -37.46788 10.27478 1.199854 0.522477 1.226931 1.198456 2.958366 2.355523
8.938454 -37.46788 10.27478 -0.208216 0.384012 -0.517224 -0.518655 2.970913 2.648042
0.938454 -37.46788 10.27478 1.280435 3.193109 -2.714206 -1.512104 0.454834 0.42297
-1.061546 -37.46788 10.27478 -0.072263 0.397221 -3.818306 -1.220335 1.043149 0.554277
-3.061546 -37.46788 10.27478 0.196452 2.668065 -3.438781 -1.205654 0.906787 1.626311
-5.061546 -37.46788 10.27478 1.307073 2.293788 -1.86296 0.336001 1.363284 2.379345
-11.06155 -37.46788 10.27478 -1.784918 2.179645 -3.537369 -0.169362 0.143206 2.851895
14.93845 -39.46788 10.27478 1.199183 3.457273 2.513051 1.653991 3.458063 2.669275
12.93845 -39.46788 10.27478 3.079523 9.091176 -0.470085 -2.407806 1.707523 2.52442
-7.061546 -39.46788 10.27478 0.042009 2.952046 -5.709042 -3.720427 1.540923 3.601084
-9.061546 -39.46788 10.27478 -1.005752 1.663934 -7.737405 -5.912945 1.346214 2.3686
10.93845 -41.46788 10.27478 2.176112 10.08576 -4.530559 -5.187525 3.303206 3.236451
8.938454 -41.46788 10.27478 -0.318784 10.79467 -7.315587 -4.253785 0.984943 1.823074
6.938454 -41.46788 10.27478 -0.695179 8.200104 -4.018281 -5.096926 -1.45091 0.758779
-5.061546 -41.46788 10.27478 0.616645 1.015954 -0.641972 -0.099345 1.611042 1.740518
-7.061546 -41.46788 10.27478 -1.351688 2.823884 -3.880278 -0.634355 -0.828116 1.582703
8.938454 -43.46788 10.27478 -1.359152 12.27758 -8.197989 -4.975214 -1.400946 0.502661
6.938454 -43.46788 10.27478 -1.023537 4.623172 -3.907517 -6.155155 -2.111229 -1.121945
4.938454 -43.46788 10.27478 -0.894146 0.171061 -2.66472 -5.178577 -0.00851 -0.771244
-5.061546 -43.46788 10.27478 1.058251 0.023842 0.262147 0.089492 2.908084 0.749355
6.938454 -45.46788 10.27478 -2.175746 4.13643 -4.829401 -7.291832 -5.201675 -2.274951
4.938454 -45.46788 10.27478 -2.521513 1.641113 -4.176852 -5.331951 -4.152119 -2.086124
0.938454 -45.46788 10.27478 -0.812533 8.60363 -4.342085 1.431435 -3.561545 0.562495
-1.061546 -45.46788 10.27478 -1.044928 4.185435 -4.151335 -2.564979 -2.95592 -0.945956
6.938454 -47.46788 10.27478 -3.164981 -0.587385 -4.787342 -5.064179 -4.414603 -2.464402
4.938454 -47.46788 10.27478 -3.8804 -0.569144 -4.283188 -4.632978 -3.524429 -2.198329
-1.061546 -47.46788 10.27478 -0.893668 4.797999 -3.29332 -4.887012 -6.280979 -3.361661
-3.061546 -47.46788 10.27478 -1.61969 0.666619 -2.306217 -5.864394 -4.659654 -2.570366
-5.061546 -47.46788 10.27478 -3.114925 -3.428923 -3.976482 -6.844616 -3.985772 -2.917799
12.93845 -49.46788 10.27478 0.27783 1.795199 3.19713 2.623137 -1.386209 -0.683437
10.93845 -49.46788 10.27478 0.082158 1.674311 1.697079 3.105223 -0.766729 -0.191476
6.938454 -49.46788 10.27478 -0.721321 0.27597 0.360318 1.61761 -1.034638 -0.191425
4.938454 -49.46788 10.27478 -3.837365 -3.495326 -2.545686 -2.63079 -3.086463 -2.049711
-1.061546 -49.46788 10.27478 0.154804 5.92877 -2.280321 0.29371 -4.686363 -2.067095
-3.061546 -49.46788 10.27478 -1.362988 3.377131 -1.674839 -3.232154 -4.893256 -1.037329
-5.061546 -49.46788 10.27478 -2.533527 0.579018 -2.144399 -4.146283 -3.878543 -0.658766
10.93845 -51.46788 10.27478 0.477398 2.038813 -1.085617 1.705762 0.614281 1.055284
8.938454 -51.46788 10.27478 0.134603 1.668108 -1.49759 4.673052 0.133408 0.128088
6.938454 -51.46788 10.27478 -1.170638 -2.781379 -1.824661 1.370104 -1.422053 -1.237029
-1.061546 -51.46788 10.27478 1.509293 7.558286 0.55627 7.025165 0.178007 1.860088
-3.061546 -51.46788 10.27478 2.172549 8.454829 1.267028 3.93375 -0.496161 1.728492
8.938454 -53.46788 10.27478 0 0 0 0 0 0
-3.061546 -53.46788 10.27478 0 0 0 0 0 0
-7.061546 -27.46788 12.27478 0.693245 0.537768 -3.243579 -1.99609 0.235609 1.370558
-7.061546 -29.46788 12.27478 3.35218 1.63482 1.870827 -0.58457 1.115803 -0.742361
12.93845 -31.46788 12.27478 3.20971 2.453267 -1.557561 -2.900654 0.665898 -0.075776
10.93845 -31.46788 12.27478 3.89739 5.023433 -2.106431 -2.470421 -0.374246 -0.691772
-5.061546 -31.46788 12.27478 3.174054 6.447691 -0.815365 -1.036487 1.069327 1.315319
-7.061546 -31.46788 12.27478 2.224558 1.915143 2.423911 -0.259919 -0.031415 -1.703674
10.93845 -33.46788 12.27478 1.370536 1.256269 -3.797173 -3.74548 0.389495 0.506159
8.938454 -33.46788 12.27478 1.923329 3.492408 -2.721599 -2.849164 2.015705 1.525374
6.938454 -33.46788 12.27478 1.923453 5.219573 -2.17563 -1.237966 1.833193 1.951543
-1.061546 -33.46788 12.27478 2.196408 4.671285 -0.048261 -2.229481 -0.309956 0.208569
-3.061546 -33.46788 12.27478 2.040547 4.935221 0.868987 1.495449 0.436817 1.070932
-5.061546 -33.46788 12.27478 1.688363 2.956008 0.456155 0.838813 1.228819 1.015021
14.93845 -35.46788 12.27478 1.690685 -2.92823 1.078354 0.420397 2.679379 -0.813548
12.93845 -35.46788 12.27478 0.500863 -2.369638 -1.572419 -0.734652 1.238676 0.111153
8.938454 -35.46788 12.27478 1.711505 3.338401 -1.149075 -2.554924 3.208401 4.164824
6.938454 -35.46788 12.27478 3.344903 4.864733 2.528002 0.434135 4.752769 4.355413
4.938454 -35.46788 12.27478 1.746607 8.799712 -0.39491 -1.098902 2.652734 2.894779
0.938454 -35.46788 12.27478 2.901349 8.198881 -1.19465 -2.4574 1.891448 1.726629
-1.061546 -35.46788 12.27478 0.895994 3.101116 -2.472866 -2.767988 -0.370491 -0.167999
-7.061546 -35.46788 12.27478 0.249681 1.054363 0.041856 0.5323 0.601685 0.637787
-9.061546 -35.46788 12.27478 -0.358779 -0.791927 -2.399639 -2.074604 -1.275308 -0.986315
14.93845 -37.46788 12.27478 -0.155533 -2.730597 3.497119 2.05163 4.655219 1.75872
12.93845 -37.46788 12.27478 0.368192 -0.753116 3.161234 1.763825 3.457711 1.342214
10.93845 -37.46788 12.27478 0.559899 0.945047 -0.007667 -0.850983 3.297143 3.262694
8.938454 -37.46788 12.27478 0.639948 0.860969 0.213446 -0.942774 3.144236 4.104374
6.938454 -37.46788 12.27478 2.765168 3.97705 3.002861 0.174378 3.939286 4.075788
4.938454 -37.46788 12.27478 0.93346 8.077245 1.320969 -1.290597 3.233605 3.821944
0.938454 -37.46788 12.27478 0.584245 3.701329 -3.2523 -2.293546 2.241609 2.596455
-1.061546 -37.46788 12.27478 0.938574 2.528888 -3.658703 -2.125214 0.356104 0.049769
-3.061546 -37.46788 12.27478 1.550796 5.582971 -2.431506 -1.525707 -0.407566 1.019076
-5.061546 -37.46788 12.27478 2.942076 5.737481 -0.918826 -0.410435 1.402446 2.651648
-7.061546 -37.46788 12.27478 1.944892 3.719265 -3.044293 -1.910716 1.446461 2.491479
-9.061546 -37.46788 12.27478 0.534783 2.481102 -4.806723 -3.227558 -0.354765 1.391441
14.93845 -39.46788 12.27478 1.023492 2.773438 2.94961 3.527031 5.095759 3.934007
6.938454 -39.46788 12.27478 1.440894 5.833108 2.68718 1.945296 2.070123 3.271607
-1.061546 -39.46788 12.27478 2.761527 5.409538 -3.411921 -0.908258 1.784342 1.529627
-3.061546 -39.46788 12.27478 2.851806 4.897332 -1.654281 -1.066703 2.050912 2.26515
-5.061546 -39.46788 12.27478 2.376057 5.602487 -1.855388 -1.969699 2.61932 3.666343
-7.061546 -39.46788 12.27478 1.944096 7.65308 -4.644151 -4.350597 1.377098 3.427611
-9.061546 -39.46788 12.27478 0.963036 6.035746 -5.360073 -3.583305 -0.382094 1.935836
12.93845 -41.46788 12.27478 3.542388 7.018826 -0.218787 0.343863 4.741554 4.08129
-5.061546 -41.46788 12.27478 1.795808 4.397247 -2.211445 -1.784837 2.615145 2.82282
-7.061546 -41.46788 12.27478 1.888318 6.869776 -1.777246 -3.256028 1.954231 2.460668
12.93845 -43.46788 12.27478 1.738024 2.21172 -0.479327 0.12838 3.909584 2.338659
10.93845 -43.46788 12.27478 4.629406 15.63214 -2.326283 4.367606 4.806517 4.840293
8.938454 -43.46788 12.27478 5.524329 25.89772 -2.416385 11.19888 4.235122 6.159233
6.938454 -43.46788 12.27478 4.020899 16.18282 0.139048 7.200398 3.45916 4.369493
10.93845 -45.46788 12.27478 0.675974 7.175708 -4.570208 -2.06149 2.226453 2.258857
8.938454 -45.46788 12.27478 0.692524 11.74438 -5.041117 0.433621 0.736506 1.516485
6.938454 -45.46788 12.27478 0.431445 10.6861 -5.804255 -1.690832 -0.865332 1.313913
-1.061546 -45.46788 12.27478 -0.258116 1.267156 -2.426501 -0.016315 3.599731 1.965246
8.938454 -47.46788 12.27478 -0.152203 3.504471 -1.132768 -0.558192 -0.722145 -0.3118
6.938454 -47.46788 12.27478 -2.551706 -1.806389 -5.701838 -8.04047 -2.649295 -2.211259
4.938454 -47.46788 12.27478 -1.001128 4.628236 -4.489261 -5.914533 -0.690046 -0.188985
-3.061546 -47.46788 12.27478 -0.093069 1.142853 -4.165518 -3.553902 -0.489187 -0.442894
-5.061546 -47.46788 12.27478 -1.636872 -2.130548 -4.419967 -5.34912 -2.612217 -2.41101
6.938454 -49.46788 12.27478 -0.066903 1.684219 2.673025 2.514211 -1.097218 -0.940425
4.938454 -49.46788 12.27478 -1.82074 0.694825 -1.811212 0.225462 -1.795047 -1.492931
-3.061546 -49.46788 12.27478 -0.813998 3.830926 -5.395114 -7.622229 -4.157555 -1.582728
10.93845 -51.46788 12.27478 0 0 0 0 0 0
8.938454 -51.46788 12.27478 0 0 0 0 0 0
6.938454 -51.46788 12.27478 -0.62403 -1.076956 2.638265 5.113163 -1.690708 -1.426251
4.938454 -51.46788 12.27478 -0.958681 -0.895463 -2.27837 2.499384 -2.560885 -1.545045
-3.061546 -51.46788 12.27478 2.106506 8.040701 -0.244896 -2.975772 -0.217412 1.361312
8.938454 -53.46788 12.27478 0 0 0 0 0 0
-3.061546 -53.46788 12.27478 0 0 0 0 0 0
12.93845 -29.46788 14.27478 3.389644 3.563759 1.199071 2.496864 2.128867 2.483157
14.93845 -31.46788 14.27478 4.102585 3.545174 3.868636 1.754001 3.091235 1.659128
12.93845 -31.46788 14.27478 3.575413 4.505292 0.876103 1.271995 0.90152 0.750797
10.93845 -31.46788 14.27478 3.830199 4.126455 0.225243 1.823365 0.300452 0.577664
-5.061546 -31.46788 14.27478 3.594642 5.774714 0.191218 1.916537 2.430486 2.192224
-7.061546 -31.46788 14.27478 1.534806 4.558392 -0.24532 0.423622 -1.08501 -0.206389
10.93845 -33.46788 14.27478 1.307466 -0.024633 -1.023196 0.191314 0.743262 0.875128
8.938454 -33.46788 14.27478 2.693813 1.578306 0.489678 2.389357 1.647478 1.159331
6.938454 -33.46788 14.27478 4.203216 4.959248 2.766145 3.371412 2.528538 1.883422
4.938454 -33.46788 14.27478 3.104927 5.422549 2.026732 0.103108 3.252236 2.36847
-1.061546 -33.46788 14.27478 3.872863 5.203948 2.903315 1.330722 2.970148 3.045167
-3.061546 -33.46788 14.27478 3.017984 5.182822 3.499377 4.35722 2.182024 2.618345
6.938454 -35.46788 14.27478 1.947746 1.4388 2.634801 1.35466 3.034239 1.771079
4.938454 -35.46788 14.27478 2.83574 5.866178 -0.122602 0.36686 3.911189 1.704194
-7.061546 -35.46788 14.27478 1.330928 1.062394 0.88229 0.061993 0.243344 -0.091038
12.93845 -37.46788 14.27478 1.750188 1.825532 4.438483 2.285911 2.592635 1.493552
10.93845 -37.46788 14.27478 2.421373 4.857 0.42228 -1.207693 1.296401 1.882613
8.938454 -37.46788 14.27478 1.326663 1.390357 0.459615 -2.236728 0.678915 1.589144
4.938454 -37.46788 14.27478 5.092482 9.745997 2.40857 2.900244 3.842838 2.092203
-3.061546 -37.46788 14.27478 2.375705 8.975983 -1.249911 -0.048876 -1.338427 0.847353
-5.061546 -37.46788 14.27478 2.51002 5.675424 -1.334356 -1.087807 0.41314 1.017702
-7.061546 -37.46788 14.27478 2.567433 4.433558 -3.117746 -2.245977 0.481034 1.236338
-9.061546 -37.46788 14.27478 1.806181 3.822179 -1.905923 -0.35244 -0.833968 0.948413
12.93845 -39.46788 14.27478 1.820693 3.713966 2.093308 0.551348 1.087732 0.869923
10.93845 -39.46788 14.27478 2.010329 4.931804 -1.657045 -1.770415 0.238413 1.222708
8.938454 -39.46788 14.27478 -0.611976 -0.528694 -1.757117 -3.355533 -1.145606 -0.873081
6.938454 -39.46788 14.27478 0.73265 1.172826 3.220499 -0.986042 -0.061079 -0.412224
4.938454 -39.46788 14.27478 4.10837 7.589238 2.52643 2.809722 1.561195 1.454716
-3.061546 -39.46788 14.27478 1.864241 5.450485 -2.893122 -1.945968 -0.486704 1.002838
-5.061546 -39.46788 14.27478 2.58386 6.390115 -3.102405 -1.359295 0.812347 1.610538
-7.061546 -39.46788 14.27478 2.908136 7.777106 -3.67382 -2.297151 1.300345 2.453499
12.93845 -41.46788 14.27478 1.373014 2.55523 -0.002236 -0.591471 0.138375 0.436334
10.93845 -41.46788 14.27478 2.167641 4.860933 -1.635593 -1.104228 0.159076 0.911018
12.93845 -43.46788 14.27478 0.766189 0.178434 0.619822 1.131436 0.648979 0.273763
10.93845 -45.46788 14.27478 1.574918 4.046522 -2.155951 0.658151 2.559928 3.112731
10.93845 -47.46788 14.27478 2.761213 5.303794 -1.473765 -0.770944 1.620089 1.582337
8.938454 -47.46788 14.27478 1.224578 4.088726 -3.276454 -4.35739 0.652338 0.204414
6.938454 -47.46788 14.27478 -0.48496 5.448254 -6.388523 -11.24755 -2.815268 -2.017592
8.938454 -49.46788 14.27478 1.525279 3.845587 -0.587256 0.006018 1.488986 1.047721
6.938454 -49.46788 14.27478 -0.155421 4.780724 -1.963304 -5.246675 -1.820013 -1.029823
4.938454 -49.46788 14.27478 -0.08396 6.04013 -3.748525 -1.385998 -2.00619 -0.739052
10.93845 -51.46788 14.27478 0 0 0 0 0 0
8.938454 -51.46788 14.27478 0 0 0 0 0 0
6.938454 -51.46788 14.27478 -0.654437 0.034823 2.016037 0.249594 -0.962492 -0.368085
10.93845 -53.46788 14.27478 0 0 0 0 0 0
12.93845 -31.46788 16.27478 2.845872 3.521491 -0.204832 0.827758 -0.01014 -0.702066
12.93845 -33.46788 16.27478 0.572074 -2.162737 -3.834286 -2.902418 -0.347531 -0.51462
10.93845 -33.46788 16.27478 0.617539 -2.200139 -2.901619 -3.295723 -0.153299 -1.12062
8.938454 -33.46788 16.27478 0.758375 0.218918 -3.579883 -0.865212 -2.260786 -1.825312
10.93845 -35.46788 16.27478 0.96036 -0.948346 0.011314 -1.43943 0.527225 -0.007266
8.938454 -35.46788 16.27478 0.931451 -1.505648 0.88743 1.543515 0.083865 -0.977643
6.938454 -35.46788 16.27478 0.601142 -0.600688 -0.332713 1.193357 0.116733 -1.587371
4.938454 -35.46788 16.27478 0.040913 -1.930397 -1.984514 -1.836758 0.845944 -2.475929
8.938454 -37.46788 16.27478 2.464731 1.140216 3.242059 3.292585 1.431477 0.657585
6.938454 -37.46788 16.27478 2.620988 0.991136 4.877457 3.195071 1.825264 -0.372885
4.938454 -37.46788 16.27478 2.886483 1.985236 1.343006 1.336574 1.051113 -2.265929
-5.061546 -37.46788 16.27478 1.040697 1.755492 -2.468576 -2.130589 0.217227 0.5921
-7.061546 -37.46788 16.27478 -0.318648 -0.855217 -3.483895 -2.344576 -0.718481 0.299246
-9.061546 -37.46788 16.27478 1.085483 0.643137 -0.840224 -1.06912 1.23501 1.086184
10.93845 -41.46788 16.27478 2.984184 5.167106 2.601065 3.279534 1.120531 0.978038
10.93845 -47.46788 16.27478 2.167697 3.431103 -1.434262 -1.940504 0.76035 0.336221
10.93845 -49.46788 16.27478 1.216194 1.004649 -0.290538 -0.295689 0.386495 -1.063982
8.938454 -49.46788 16.27478 2.395412 3.12726 0.069163 -2.819757 0.495372 0.086293
10.93845 -51.46788 16.27478 0.143811 -2.715831 -0.671235 -6.012801 -0.382018 -2.230969
8.938454 -51.46788 16.27478 2.17304 1.157927 1.689897 -3.793284 -0.267841 -1.25942
10.93845 -53.46788 16.27478 0 0 0 0 0 0
10.93845 -33.46788 18.27478 1.161597 3.196085 -6.072187 -4.984941 0.281051 0.253628
12.93845 -35.46788 18.27478 -1.024531 -1.122756 -3.330733 -0.532157 -1.174646 0.154805
10.93845 -35.46788 18.27478 -1.189724 -0.629946 -5.348485 -3.571347 -2.518713 -1.065283
8.938454 -35.46788 18.27478 -0.521649 -1.351746 -4.905224 -6.051744 -3.62067 -2.944492
6.938454 -35.46788 18.27478 0.49378 -0.163682 -1.647984 -3.590092 -3.760307 -3.271941
10.93845 -37.46788 18.27478 0.037372 0.52382 -3.21212 -3.98742 -0.971448 0.332032
8.938454 -37.46788 18.27478 0.38319 -1.918034 -1.530189 -5.293328 -0.55705 -1.170593
12.93845 -51.46788 18.27478 2.381298 2.836928 0.971146 -5.439713 1.184371 1.143636
