4.417686 -6.958389 -22.26278 12.77858 4.720504 10.50628 0.114999 12.00588 9.77374 2.166912 -1.36524 8.352906 -6.998859 0.307493 -13.75516
4.417686 -8.958389 -22.26278 4.866386 0.478575 7.48267 0.092208 9.626726 7.725369 -2.88498 -4.650967 3.734998 -3.491005 -2.393832 -10.23624
4.417686 -10.95839 -22.26278 0.123755 0.012745 5.234126 1.795897 4.943099 4.281232 -3.619885 -5.504978 0.800096 -2.11875 -5.103014 -9.267086
0.417686 -10.95839 -22.26278 -0.801079 3.866865 2.572841 1.772693 -0.759748 0.484666 -3.539978 0.11278 -4.87282 -1.844368 -0.450624 -3.44984
-1.582314 -10.95839 -22.26278 -2.069196 0.808235 -7.904892 -0.492667 -1.527966 -2.669158 1.021918 1.23376 -9.613811 -2.261969 0.821392 -6.658152
4.417686 -6.958389 -20.26278 1.472695 -1.059749 -0.515335 0.85122 3.258938 2.245589 0.415922 0.58085 -0.224133 0.707015 -0.508803 -2.15064
2.417686 -6.958389 -20.26278 -2.33489 -1.624494 0.39983 -3.135072 1.999091 -2.619023 -1.826392 -0.551881 2.481361 -8.724583 9.326264 0.064302
-1.582314 -6.958389 -20.26278 -8.627303 2.017146 2.367773 4.700492 -1.053231 -3.77315 -5.569738 -1.597675 -0.900948 -3.832138 4.028858 -13.85777
4.417686 -8.958389 -20.26278 0.687763 -5.840012 0.786514 -0.322148 4.087827 1.582646 -2.499264 -0.376714 -0.56842 3.986072 -1.283703 -0.857904
2.417686 -8.958389 -20.26278 -1.803838 1.460228 4.065015 0.982488 1.329347 2.42661 -4.505104 3.159306 3.654846 -4.006123 4.665267 2.450845
-1.582314 -8.958389 -20.26278 -10.12408 -2.343048 -3.35761 -1.868409 -1.182927 -2.525641 -8.675684 -1.005667 -6.309 -5.855231 5.398263 -4.177102
4.417686 -10.95839 -20.26278 0.205497 -6.996552 1.781938 -2.453503 3.569411 -0.204397 -4.862529 -1.241055 -2.400792 0.059127 -2.699798 -1.007525
2.417686 -10.95839 -20.26278 -1.941593 1.528195 5.121757 -0.668077 0.322867 1.724836 -7.383608 2.727904 1.199119 -5.87309 0.157457 1.229847
0.417686 -10.95839 -20.26278 -5.816852 0.81844 3.586464 -1.290552 2.431639 1.396799 -9.897331 3.247886 -4.649792 -7.049781 4.828475 6.621994
-1.582314 -10.95839 -20.26278 -7.106592 -2.575213 -6.745516 -4.830248 -0.593052 -1.318938 -6.05155 2.176792 -8.439581 -6.158628 3.363689 1.246301
4.417686 -12.95839 -20.26278 1.469684 -3.827216 1.474735 -3.011098 1.127595 0.200573 -2.847988 -0.29321 -4.413387 -6.285385 -3.482326 0.331659
0.417686 -12.95839 -20.26278 -2.437757 1.941509 -0.409934 -0.969508 1.156584 -1.059366 -5.524173 4.181787 -3.780437 -6.5689 1.672872 0.675701
6.417686 -14.95839 -20.26278 -1.634268 -0.856974 -3.330202 2.034028 1.279748 7.219035 -5.612046 3.389109 -3.963352 -4.720587 2.225831 1.98896
4.417686 -14.95839 -20.26278 2.073665 -0.67125 -1.942303 -0.026141 0.327549 6.373265 -0.487961 -1.167304 -6.726759 -4.712083 -1.170972 4.684014
0.417686 -14.95839 -20.26278 -0.585009 -1.025565 -2.226842 -1.036567 0.21674 2.126584 -2.686911 1.055206 -1.524284 -5.454839 -0.626014 0.185199
6.417686 -16.95839 -20.26278 0.30245 0.788647 -2.560387 5.883844 4.354034 10.98832 -3.046927 0.542745 -4.002446 0.067547 6.110961 -2.086821
0.417686 -16.95839 -20.26278 0.471408 -1.485495 -2.60368 -2.414452 -0.247739 5.010871 -0.180161 -1.805985 1.611142 -6.776448 -1.541395 -0.820395
0.417686 -18.95839 -20.26278 1.988939 0.228043 -2.362826 -2.342291 1.445564 2.936319 1.366411 -1.142118 2.144668 -7.506709 -0.502892 -3.622811
-1.582314 -4.958389 -18.26278 -5.718906 4.157782 1.423342 14.80953 -1.738493 4.499431 -8.16146 7.80772 -0.025102 12.91298 -1.259279 -8.087988
6.417686 -6.958389 -18.26278 2.605322 -6.705614 0.453405 -3.716714 3.710763 -2.436804 -1.456183 -9.499942 -3.727832 -0.87815 2.437746 -1.239597
4.417686 -6.958389 -18.26278 -1.678284 -0.940848 -1.624728 2.100803 1.817293 -0.396813 -4.940667 -7.074319 -5.000164 -1.41553 -0.389706 -5.70419
2.417686 -6.958389 -18.26278 -5.561021 0.379048 -1.649374 -3.37643 1.772803 -3.691844 -2.511163 -2.743991 -4.091528 0.044673 4.059089 -5.582712
-1.582314 -6.958389 -18.26278 -10.816 5.526607 1.949526 8.737254 2.67753 -0.97572 -14.9022 4.442386 -2.460509 6.21245 9.075297 -16.34068
4.417686 -8.958389 -18.26278 -0.326759 -5.397686 -1.830463 1.299923 1.843625 -2.179583 -1.482384 -0.473677 -2.193027 3.49374 1.071451 -5.157423
2.417686 -8.958389 -18.26278 -2.271369 -1.62538 1.280097 0.871861 2.63559 2.736013 -2.9411 -4.835299 -3.654266 3.634904 0.814385 0.705762
-1.582314 -8.958389 -18.26278 -9.963911 5.139734 3.835666 3.74735 6.954712 -0.694894 -17.76446 4.288918 -3.739678 -1.708844 16.22159 -15.80943
-3.582314 -8.958389 -18.26278 -7.769978 -1.404032 -0.045085 -1.192265 7.14729 -4.589625 -15.17999 3.381588 -6.693333 -2.189865 14.08487 -4.85117
4.417686 -10.95839 -18.26278 0.5566 -8.738325 -3.155512 -2.110465 2.483542 -5.258165 0.473031 2.634604 -1.251322 2.082604 3.678296 -5.050525
2.417686 -10.95839 -18.26278 -4.024794 -7.223356 1.364952 -1.906197 -0.0224 2.120007 -7.784479 -5.015227 -2.684099 0.92139 1.620808 0.479667
0.417686 -10.95839 -18.26278 -5.097902 -3.130744 4.690907 0.371787 5.519244 9.082381 -12.38698 1.498499 -0.565811 4.237088 16.66193 2.084242
-1.582314 -10.95839 -18.26278 -4.740633 1.858935 1.285233 0.399328 6.423953 3.378781 -12.1678 5.92512 -3.320391 -5.833753 12.82637 -6.35292
4.417686 -12.95839 -18.26278 0.223856 -7.100694 -3.204746 -4.810906 3.101131 -5.573872 -0.162706 -1.030654 -1.011145 -4.230448 4.907817 -2.842168
2.417686 -12.95839 -18.26278 -6.438428 -9.791451 0.358484 -6.626271 -2.01939 -3.482844 -13.13017 -6.406865 -2.398705 -5.160543 3.954587 -2.827615
0.417686 -12.95839 -18.26278 -5.118432 -3.563939 1.131443 -1.700691 -0.333896 1.568013 -12.68817 4.448187 0.340259 -0.245156 10.34936 -4.955772
-1.582314 -12.95839 -18.26278 -2.284217 -0.786298 -1.215218 -1.111505 2.154214 1.76048 -8.063214 5.783718 -1.288766 -6.857108 5.426142 -4.388933
6.417686 -14.95839 -18.26278 1.640635 0.844194 -1.87351 0.288262 0.716699 -0.518767 4.408718 4.901392 1.030295 -1.136974 2.476008 1.134656
4.417686 -14.95839 -18.26278 0.718621 -1.72944 -2.459362 -0.648084 2.589681 0.217038 1.477562 -3.994394 -1.646084 -2.341102 4.034583 0.98632
0.417686 -14.95839 -18.26278 -2.446046 -1.495512 -1.08415 -0.082672 -2.602653 -4.150609 -11.62429 2.704498 -2.677362 -1.495139 2.738316 -12.02942
6.417686 -16.95839 -18.26278 -0.022923 0.366683 -1.469301 3.316221 -0.356914 3.428801 2.45598 3.037024 2.505332 -0.569776 3.144616 1.821181
4.417686 -16.95839 -18.26278 1.972392 -1.130535 -1.310271 3.2833 1.921767 3.628506 2.491423 -6.48175 -0.758552 1.461593 3.028858 -0.248022
0.417686 -16.95839 -18.26278 -0.053253 -2.365402 -2.971298 1.782442 -1.819116 -2.430225 -5.615286 -5.748206 -7.377729 1.060833 -2.657617 -11.41294
0.417686 -18.95839 -18.26278 0.5841 -1.890846 -6.242926 1.725456 -0.827915 0.385826 1.405077 -8.475014 -9.68669 2.953736 -2.271078 -6.913673
4.417686 -4.958389 -16.26278 0.647336 -0.782667 -1.776017 6.200361 -0.97016 -5.671001 -1.606362 -0.48412 -5.041862 1.278602 -3.482415 -6.740077
-1.582314 -4.958389 -16.26278 0.052507 0.701595 1.780653 7.107078 -1.469403 0.927158 -3.129872 4.167921 1.155101 8.971688 -3.567714 -10.88349
6.417686 -6.958389 -16.26278 -2.24464 -7.685157 -2.821274 2.776815 -1.395998 -1.188192 -2.161723 -5.4849 -1.132998 -1.884754 2.581653 4.326766
4.417686 -6.958389 -16.26278 -3.112968 -1.038887 -4.021644 8.808307 0.470683 -6.399269 -4.731809 -0.100797 -3.748695 3.589152 0.893392 -6.248512
2.417686 -6.958389 -16.26278 -2.25713 4.855525 0.069187 -0.295513 1.988643 -18.15468 1.385794 13.02735 -4.117574 -2.078619 -3.782153 -19.64381
-1.582314 -6.958389 -16.26278 -1.302988 -1.042655 0.27783 7.689756 -0.878152 -0.175787 -1.871637 8.612059 2.599733 7.047958 0.610831 -3.338961
-3.582314 -6.958389 -16.26278 -1.123376 1.605004 -1.203215 4.617296 0.733311 1.478445 -3.003287 8.601913 1.744581 -1.143481 3.727122 -2.881582
6.417686 -8.958389 -16.26278 -1.315704 -5.88202 1.464351 1.185346 1.898138 -1.993148 -1.870551 -0.817065 3.951618 -0.338308 3.77737 2.361764
4.417686 -8.958389 -16.26278 -3.218668 -3.161559 -0.993783 5.839829 1.689047 -6.127405 -4.597479 4.212838 1.010103 5.772338 4.398213 -4.658386
2.417686 -8.958389 -16.26278 -1.939265 2.512374 2.707265 1.591169 4.240028 -11.5962 3.390632 12.97601 -2.697852 -0.328819 -4.042649 -10.76332
-1.582314 -8.958389 -16.26278 -2.87762 0.416462 -0.450435 8.371181 0.872333 -0.456037 -3.09128 6.620578 0.13308 2.151331 3.571069 -5.691498
-3.582314 -8.958389 -16.26278 -1.716327 -1.569011 -0.646582 4.404047 3.661937 1.885957 -3.197275 4.747968 0.864257 -3.277365 7.408984 -0.505416
6.417686 -10.95839 -16.26278 3.188233 -3.375543 3.79423 0.865332 4.687667 -3.481435 1.119547 4.452694 4.196809 2.576597 3.463204 -1.896925
4.417686 -10.95839 -16.26278 -0.520129 -5.238142 0.87242 2.825712 1.622995 -5.189852 -0.901211 5.810523 2.945045 6.187279 5.321984 -4.328998
0.417686 -10.95839 -16.26278 1.296764 -0.07541 2.78564 1.329045 4.544536 -0.353387 6.572337 7.845148 1.608906 -1.547614 3.618234 -7.113443
-1.582314 -10.95839 -16.26278 -1.314219 1.857217 -1.426533 6.016123 2.746851 1.926151 -3.494379 4.781672 -3.312581 -1.899684 2.985634 -7.572277
4.417686 -12.95839 -16.26278 2.2882 -4.030478 -0.827599 -0.050665 2.855421 -3.049716 3.193338 -0.466945 0.80434 2.945764 6.767478 -4.085745
0.417686 -12.95839 -16.26278 -0.314434 -2.73436 -0.732911 0.687949 -3.116587 -0.276224 -0.310524 7.692134 0.3772 1.405427 0.27022 -4.480354
-1.582314 -12.95839 -16.26278 -2.545824 1.02674 -2.36362 3.013577 -0.507371 2.859612 -5.915894 4.568463 -2.770965 -0.37169 -0.255694 -3.505704
4.417686 -14.95839 -16.26278 2.488791 1.058741 -2.287298 0.45714 4.848597 2.801835 4.532926 -6.326606 -2.344988 1.539927 6.735835 -0.715006
0.417686 -14.95839 -16.26278 -2.472753 0.630379 -3.083111 3.770245 -6.08413 -3.283229 -9.692389 10.25622 -3.116555 5.936913 -1.766414 -6.427015
-1.582314 -14.95839 -16.26278 -5.476106 0.738619 -2.47933 2.248113 -3.871674 2.546661 -9.439445 5.465967 -1.365931 4.554137 -1.745192 1.121176
-3.582314 -14.95839 -16.26278 -3.208401 -2.245459 -2.445188 -0.358321 -5.148001 3.513528 -2.824396 -0.023252 -1.477457 2.228406 -5.37379 6.441704
6.417686 -16.95839 -16.26278 4.284945 1.562847 2.885192 -1.634341 0.862881 3.08392 5.775906 -0.461672 4.07041 -1.333423 4.699628 1.314489
4.417686 -16.95839 -16.26278 0.346594 5.057234 -0.735899 2.502552 3.385459 1.650426 0.365193 -3.502891 -0.691246 0.383436 2.107693 -3.474019
0.417686 -16.95839 -16.26278 -2.205846 0.878331 -3.616233 4.602772 -3.655009 -2.264673 -7.978836 4.430331 -5.274981 5.968313 -2.565689 -5.095654
-1.582314 -16.95839 -16.26278 -2.476366 -0.257525 -2.879348 2.603133 -0.232341 5.178211 -6.215505 6.007467 -1.533213 7.333061 0.3915 7.318818
-3.582314 -16.95839 -16.26278 -1.686693 -0.336151 0.062512 0.213202 -1.888121 4.21643 -0.736066 0.815243 -0.75553 2.966544 -2.81117 4.527259
4.417686 -18.95839 -16.26278 -1.462002 3.567528 0.63713 1.995674 0.049598 -6.324518 -3.779634 -3.880778 2.365305 -4.093044 -2.416955 -12.33387
0.417686 -18.95839 -16.26278 -1.499889 -4.614532 -5.931267 3.26787 -1.219207 0.001933 4.555445 -3.315937 -5.882645 5.541927 -1.283448 -0.025678
-1.582314 -18.95839 -16.26278 0.620403 -5.118156 -3.003301 0.176855 2.430323 4.879424 -1.839865 0.11855 -1.15141 4.751124 0.478138 11.54277
-3.582314 -18.95839 -16.26278 0.350981 -2.195904 1.737936 -1.308847 1.427975 3.611946 -1.080428 1.828058 -0.64618 2.068048 -2.02606 5.865417
6.417686 -20.95839 -16.26278 -4.789832 2.633902 -0.916008 -2.362381 -4.113121 1.235638 -0.084889 3.570993 5.129455 -4.187372 -0.419082 -6.548788
-1.582314 -20.95839 -16.26278 -0.129565 -3.638027 0.453982 -1.950272 0.118601 1.340662 -1.412843 2.117602 0.398761 1.642334 -0.700867 7.537729
6.417686 -22.95839 -16.26278 -3.003152 1.323397 1.330076 -1.15577 -2.18858 0.95409 0.447835 8.6431 2.190624 -2.553518 2.60384 0.555636
6.417686 -6.958389 -14.26278 -8.445445 -0.077071 -4.924408 6.919457 -2.184014 -4.392686 -5.034285 13.72266 -0.747197 4.002332 5.323496 -2.782131
-1.582314 -6.958389 -14.26278 1.146765 -9.243332 4.529162 3.622478 -0.155844 3.615795 -0.007236 -1.094945 6.754045 7.393382 0.585019 0.398798
-3.582314 -6.958389 -14.26278 -0.001852 -1.965793 1.135268 1.900264 -0.054995 -0.779154 1.537149 0.845906 3.123403 -3.224282 1.204336 -7.098561
6.417686 -8.958389 -14.26278 -5.320339 -3.297034 -2.153262 0.328309 0.942321 -5.467067 -4.240081 7.50841 3.046985 3.469026 6.370181 -0.873562
-1.582314 -8.958389 -14.26278 1.796413 -5.320619 0.964386 5.035344 -2.058157 3.374443 3.307065 2.903476 5.891644 2.178638 2.285027 3.193955
8.417686 -10.95839 -14.26278 3.908623 -1.311768 4.438973 -8.134517 0.607319 -9.701502 10.39205 7.725867 13.44138 -3.293057 4.137714 -9.102598
6.417686 -10.95839 -14.26278 0.487855 -3.699179 1.026977 -5.409325 3.605792 -7.851505 1.255227 6.199637 4.576062 -0.653721 5.144367 -6.192816
0.417686 -10.95839 -14.26278 -1.905722 0.401099 -6.161758 1.964752 -1.527468 -2.460577 4.916683 2.557222 -4.413568 -0.357209 -0.194034 -1.141147
-1.582314 -10.95839 -14.26278 1.380652 -1.125945 -4.507502 3.761731 -3.037189 1.729396 2.274898 2.092676 -3.082764 -1.665518 0.54934 1.033766
-3.582314 -10.95839 -14.26278 0.993502 -1.716312 -0.841583 3.301218 -2.759527 1.922139 -0.296916 4.785258 -0.689195 -2.166015 1.568462 3.717108
8.417686 -12.95839 -14.26278 1.321207 -2.796992 0.242498 -9.043366 -0.121455 -11.6629 10.85936 7.126921 11.58075 -2.071011 7.011935 -11.56514
6.417686 -12.95839 -14.26278 5.208477 -1.540509 1.36579 -5.283896 4.506351 -7.585296 6.654085 6.778675 2.032559 -1.564323 4.338481 -9.680288
4.417686 -12.95839 -14.26278 4.898707 -2.407197 1.012156 -3.780473 -0.010133 -2.685866 4.344222 8.735107 -1.896919 -3.124469 -0.49741 -0.721642
-1.582314 -12.95839 -14.26278 -0.360253 1.375916 -7.017262 1.977859 -3.584989 -0.552711 -0.68216 4.370389 -8.939755 -0.953307 0.3926 -1.652767
-3.582314 -12.95839 -14.26278 0.190686 -0.44281 -1.652881 0.78018 -5.422382 0.687721 0.876403 9.092187 -2.125931 1.688611 -3.178304 2.747898
-5.582314 -12.95839 -14.26278 2.323251 -0.257855 -0.175243 2.521408 -2.281704 -0.923987 4.902426 1.28372 -0.084997 0.288211 -1.544753 -4.07194
6.417686 -14.95839 -14.26278 3.431813 -1.745747 0.82157 -1.985928 3.944325 -0.229057 6.101486 0.613099 1.620085 0.836406 6.824403 -2.783214
4.417686 -14.95839 -14.26278 2.546731 0.216168 -0.938697 -3.154793 1.173247 -0.73203 4.137765 -1.218614 -3.920296 -3.929955 0.762791 -3.079487
-3.582314 -14.95839 -14.26278 -2.175381 2.172684 -3.358846 0.419671 -6.137066 -1.676531 -1.970766 10.54277 -3.796244 5.279289 -3.70156 -1.792303
-5.582314 -14.95839 -14.26278 -0.078166 0.889981 -3.873013 2.216633 -2.615839 -0.922477 3.226789 6.021942 -1.723155 2.468338 -1.592323 1.679405
6.417686 -16.95839 -14.26278 -0.424034 -0.809516 -0.044072 -2.015199 2.554611 3.928925 1.039311 -2.886692 1.304932 -4.261839 7.900785 -2.47598
4.417686 -16.95839 -14.26278 -3.479925 4.146467 -3.494045 -0.582094 1.431551 -0.448591 -2.994742 -2.456913 -3.870947 -5.828978 2.383674 -9.23328
-5.582314 -16.95839 -14.26278 -0.223133 1.496018 -4.533769 1.385042 -2.281479 0.645125 1.946566 5.825247 -4.312655 0.984796 -2.452193 4.470547
6.417686 -18.95839 -14.26278 -0.635663 0.046221 -0.724026 -1.865635 1.850899 0.019232 -2.687737 -3.186711 0.404805 -7.47508 3.293332 -8.339479
4.417686 -18.95839 -14.26278 -2.717705 4.411719 -1.216864 4.437453 0.669449 -2.729064 -3.658627 2.474027 0.685849 -1.733484 0.737308 -13.23699
-3.582314 -18.95839 -14.26278 1.513521 -1.960447 0.906381 0.370418 1.478077 2.8063 2.086033 -3.481957 -0.281077 1.590843 0.697478 -1.639096
-5.582314 -18.95839 -14.26278 1.786379 -1.216878 -3.84903 -0.336528 -0.106246 0.154046 3.723905 0.016511 -5.389053 -0.800887 -1.141245 1.06118
8.417686 -20.95839 -14.26278 -0.543779 -0.713072 -0.41938 1.519288 1.39005 3.853161 -1.958801 -1.053584 -0.538356 -1.996885 0.660514 -0.342865
6.417686 -20.95839 -14.26278 -2.440714 0.340779 -1.830194 0.054581 0.490255 2.722742 0.106837 -3.130704 4.369334 -3.190201 1.207503 -1.771465
4.417686 -20.95839 -14.26278 1.348578 2.437769 -1.08659 6.500259 -0.837633 3.166155 4.95349 5.164493 0.979312 5.268494 -1.389239 -6.314253
0.417686 -20.95839 -14.26278 0.541747 -3.420378 -2.346129 0.262452 -1.679143 -3.268552 6.284202 -1.564173 -4.183785 -1.601751 1.710787 -11.95662
-1.582314 -20.95839 -14.26278 2.114911 -9.872802 0.914069 -2.865083 1.130133 -2.880055 4.80655 -8.114122 1.342044 -1.285949 2.630394 0.429071
-3.582314 -20.95839 -14.26278 3.539654 -5.415802 5.267444 -1.661248 3.298384 0.362235 3.026451 -4.543058 2.926697 -0.089328 2.293617 0.984083
10.41769 -22.95839 -14.26278 -0.945849 -2.356454 -1.203966 1.935666 2.27657 -0.456955 -0.723291 0.035308 -1.0428 -1.171388 0.669982 -2.287907
8.417686 -22.95839 -14.26278 1.355869 -2.614066 1.302324 0.591908 1.547925 3.182044 2.140475 -3.15807 1.456854 -0.709807 0.094857 2.877031
6.417686 -22.95839 -14.26278 1.504263 -1.148912 2.385408 0.326349 -0.240772 2.386788 4.585209 0.869051 5.233561 -2.10675 1.030631 1.837773
0.417686 -22.95839 -14.26278 -0.695345 -4.228879 3.278539 -1.459362 0.968702 -4.477589 -3.175738 -0.480677 -3.124248 -3.808689 5.230848 -10.55053
-1.582314 -22.95839 -14.26278 3.128836 -2.150113 5.335886 -3.712449 2.628251 -5.609516 5.32251 0.988664 0.8073 -2.064497 5.041405 -7.966715
10.41769 -24.95839 -14.26278 1.493016 2.788664 1.177745 2.538833 0.838542 0.873813 1.529349 1.109921 -1.338946 -0.875981 -0.97913 -5.952245
0.417686 -24.95839 -14.26278 0.431892 -0.907003 5.747509 1.111789 1.892128 -1.527994 -6.022291 0.849065 0.552524 0.17466 4.801904 -5.479095
10.41769 -26.95839 -14.26278 0.99328 2.980633 1.959974 3.215077 -3.342374 1.500893 2.215368 -0.230398 0.780578 -2.164046 -0.243029 -4.927813
0.417686 -26.95839 -14.26278 2.145877 1.326141 5.349532 3.180335 3.142194 4.014535 0.122313 2.964733 5.46268 4.737863 6.759062 -1.962053
0.417686 -28.95839 -14.26278 3.137724 6.572077 4.673346 5.495032 2.928651 2.322886 3.566914 7.374608 4.797848 5.474812 7.335988 -4.369695
0.417686 -30.95839 -14.26278 2.314001 3.35384 4.216349 2.337209 3.223948 -0.858235 1.003677 4.542431 2.830373 0.405315 7.766157 -2.648038
6.417686 -6.958389 -12.26278 -6.069973 6.129067 -0.01307 8.756902 -1.653967 3.176739 -8.128333 15.50282 -1.788687 8.709279 1.984647 -1.26308
-3.582314 -6.958389 -12.26278 -0.352137 -5.717093 -1.45073 2.51481 -0.63622 0.758733 5.297122 -0.251047 3.566796 7.628314 4.688583 -6.989833
6.417686 -8.958389 -12.26278 -6.140353 0.40547 0.067899 5.529855 -2.677615 -0.256276 -3.81142 6.414656 -0.875336 7.659947 0.410652 -2.489937
-1.582314 -8.958389 -12.26278 2.072528 -4.018812 -0.77611 -1.755893 -0.873329 4.564463 5.053056 -0.441851 6.848636 2.294316 11.01644 6.137589
-3.582314 -8.958389 -12.26278 1.22005 -2.942343 -4.423908 3.492798 -2.988841 4.829555 5.444424 -1.161602 2.079484 7.157881 5.510386 0.552625
8.417686 -10.95839 -12.26278 1.395564 -6.835058 5.220319 -4.66993 2.58657 -4.4149 6.060668 1.212882 2.030662 -2.577988 4.54696 -2.723905
6.417686 -10.95839 -12.26278 -3.319132 -5.624416 3.999317 -4.841955 -2.48979 -1.383028 -0.391564 0.863713 2.592743 -0.855511 -4.065687 3.712513
4.417686 -10.95839 -12.26278 -3.927297 2.021338 -3.297325 -3.249275 -9.089744 -0.945151 -2.640715 1.928986 0.039283 0.758764 -8.30745 10.29837
-1.582314 -10.95839 -12.26278 -0.800548 -4.075189 -1.479208 -5.447093 -2.49796 4.161451 2.641174 0.713246 8.001114 -4.703486 5.128686 3.130915
-3.582314 -10.95839 -12.26278 0.475504 -1.747025 -4.887195 1.238421 -2.693304 5.548087 2.953502 -3.102575 2.703886 2.716527 1.976115 5.226093
10.41769 -12.95839 -12.26278 -1.802033 -3.639024 1.66674 -4.688204 -0.455703 -4.420096 0.857389 -2.341805 -0.197817 -3.093091 -0.200149 -5.243676
8.417686 -12.95839 -12.26278 -4.303546 -5.323397 0.85772 -8.723199 -1.290515 -9.723114 3.87725 4.137218 4.004958 -2.49253 2.443752 -6.210224
6.417686 -12.95839 -12.26278 0.397216 -0.822036 4.822145 -8.884271 -0.619587 -2.573894 2.770019 2.787464 3.648943 -6.524957 -3.165969 -0.482348
4.417686 -12.95839 -12.26278 1.652191 2.433353 3.453424 -3.569755 -5.412109 0.317355 0.84547 2.163045 3.587013 -3.133563 -8.045173 7.394261
-1.582314 -12.95839 -12.26278 -1.978961 -4.190843 -3.031399 -8.607154 0.473897 4.180375 0.651044 -1.629933 4.5794 -9.097991 3.238406 -3.583299
-3.582314 -12.95839 -12.26278 -1.401601 -1.866659 -1.148042 -2.855701 -0.431057 3.697433 -0.306373 -0.166723 4.292801 -0.52893 -0.602507 4.351266
-5.582314 -12.95839 -12.26278 -0.642509 0.836988 1.021479 3.00739 -1.455227 2.305222 3.635316 5.124161 3.702025 -1.759254 -3.725781 4.521558
10.41769 -14.95839 -12.26278 -0.397793 -1.016429 2.946333 -3.179925 0.869917 -9.846482 6.342565 10.2138 3.594645 0.323614 6.692359 -11.15783
8.417686 -14.95839 -12.26278 -4.716916 -0.439596 0.921659 -4.20872 -2.204274 -8.77058 3.965324 11.78665 6.907578 -0.061599 5.969261 -8.582858
4.417686 -14.95839 -12.26278 5.673486 7.632972 3.635872 -1.078129 0.954659 0.215367 6.788629 2.758247 5.236806 -3.658274 -0.058811 -6.211631
-3.582314 -14.95839 -12.26278 -1.4885 -0.621212 1.133577 -1.829499 0.324908 -1.835593 -3.984072 6.81138 0.149251 -0.522147 0.273087 -3.315192
-5.582314 -14.95839 -12.26278 -0.644283 -0.792381 -0.9933 0.614007 1.569816 -2.637545 4.971615 11.6683 4.182273 -0.446568 5.154829 2.740254
8.417686 -16.95839 -12.26278 1.282542 -0.36345 4.291779 -2.971502 2.056952 -7.05309 5.152531 12.29748 4.777637 -3.831738 9.362768 -10.47528
6.417686 -16.95839 -12.26278 -1.226665 0.371743 3.502405 0.397522 2.938739 -2.460767 -3.007251 3.955688 3.616094 -3.388718 4.953249 -8.892155
-1.582314 -16.95839 -12.26278 -0.906088 -0.500042 0.826799 2.619734 -0.788422 -3.5859 0.200641 5.728933 -0.815151 0.030785 4.454858 -5.02823
-3.582314 -16.95839 -12.26278 -2.659847 -0.094079 0.003734 0.34816 0.241334 -5.739097 -7.141863 7.706539 -4.514443 -1.722207 3.471414 -10.26805
-5.582314 -16.95839 -12.26278 -2.584101 -1.840237 -3.890106 -1.985136 1.317343 -5.665224 0.659116 11.75286 -0.490481 -3.465799 6.474787 -3.328371
8.417686 -18.95839 -12.26278 4.788384 -3.454777 2.749019 -1.40695 4.494703 -3.373871 2.208062 4.153764 -0.951773 -2.465263 5.328902 -8.660546
6.417686 -18.95839 -12.26278 -0.614828 -4.185065 1.049511 -1.522987 3.981507 -4.257998 -5.066418 1.037205 0.242882 -3.192364 3.879975 -6.776949
4.417686 -18.95839 -12.26278 -2.489562 -0.797044 -2.402318 2.75346 0.337391 -1.87628 -4.97084 3.46369 -1.305238 -1.531323 1.177572 -3.866075
-1.582314 -18.95839 -12.26278 -2.444908 -1.039247 -0.343855 5.438011 -3.024374 -0.437649 -0.282547 2.572927 0.424671 2.312659 0.088316 -2.555576
-3.582314 -18.95839 -12.26278 -3.377956 -1.800035 -0.043369 -0.042518 -0.828398 -4.197376 -4.740509 1.716181 -3.500362 -3.45569 3.68997 -9.65958
-5.582314 -18.95839 -12.26278 -2.812385 -3.672285 -3.294739 -4.781208 0.182621 -6.066743 -0.522699 5.726352 -3.833918 -6.628807 2.175309 -7.758321
8.417686 -20.95839 -12.26278 0.571083 -1.764476 -2.453272 3.404438 2.719835 -0.798042 0.125799 -0.359239 1.846894 -1.141963 2.251013 -7.853703
6.417686 -20.95839 -12.26278 0.179994 -3.118441 -2.236493 -1.121755 3.603135 -0.619267 0.180073 -1.333901 -0.758504 -3.064345 2.195594 0.882387
4.417686 -20.95839 -12.26278 0.713644 -5.863243 -3.108673 1.981308 1.186159 5.099369 3.072337 -4.74579 0.540189 1.518139 0.22784 3.668252
-3.582314 -20.95839 -12.26278 0.525856 -3.412289 3.967518 0.343717 1.020576 -3.175937 -0.312325 0.590337 0.767395 0.035163 4.404398 -1.472943
-5.582314 -20.95839 -12.26278 1.994341 -3.143664 0.271349 -3.084323 3.553427 -6.420641 3.914126 2.464252 -0.965895 -1.922948 1.748486 -7.303028
6.417686 -22.95839 -12.26278 0.348616 -2.952815 -2.498659 1.134156 2.159663 0.676311 4.671258 -3.308101 2.500865 -1.344043 3.87621 0.02951
-3.582314 -22.95839 -12.26278 4.788244 -3.117427 7.205275 -1.064948 4.84629 -4.213488 2.712185 -0.327908 5.946524 2.597842 7.155863 1.718906
10.41769 -24.95839 -12.26278 1.370302 3.50629 -1.590768 2.792042 2.225703 2.859229 3.536026 -1.264778 -1.581494 1.620478 -0.531817 -2.79086
8.417686 -24.95839 -12.26278 -1.590669 -0.196164 -3.399239 0.428107 -1.258067 0.215972 2.432955 -3.090186 -1.392448 2.225684 -2.00949 1.262362
6.417686 -24.95839 -12.26278 -0.102917 -5.326121 -3.406495 -0.918419 0.028493 -2.062123 5.276594 -6.153728 3.615926 -0.095127 0.460804 -7.008095
0.417686 -24.95839 -12.26278 -4.888212 -3.839369 -0.179479 1.819792 -1.42556 -4.357252 -5.032187 5.42319 -2.234658 -0.715938 4.205443 -1.298124
-1.582314 -24.95839 -12.26278 2.01767 -3.164161 3.722411 -5.688748 3.10496 -3.695645 3.438756 -1.318373 3.972718 -3.18287 7.227262 -2.102697
-3.582314 -24.95839 -12.26278 0.809835 -3.218835 1.959407 -3.46915 3.196326 -1.960357 0.250425 -2.823547 3.976555 0.418887 6.161884 -2.472162
12.41769 -26.95839 -12.26278 -0.794053 -0.765435 -1.450519 2.413491 0.53841 1.638133 -1.157415 0.808399 -1.289938 -3.154306 1.917119 -3.632915
10.41769 -26.95839 -12.26278 1.024653 3.43236 -0.535421 1.722665 -0.214281 2.860993 4.37827 0.896762 -0.954031 -1.374505 -0.772555 -1.911236
8.417686 -26.95839 -12.26278 0.027221 -1.509821 -4.709924 0.819457 -0.271556 2.411902 3.703524 -2.556432 -3.411341 -1.621742 -0.097882 -0.787146
6.417686 -26.95839 -12.26278 -3.290076 -3.083837 -5.47963 1.152832 -0.71531 1.013772 2.176667 -1.813257 -0.122953 -1.918759 2.451184 -4.35298
2.417686 -26.95839 -12.26278 -1.900708 -2.798692 -3.626482 0.928079 -0.816289 2.276608 -0.802378 1.051214 0.035046 1.050229 0.40353 -2.965224
0.417686 -26.95839 -12.26278 4.147382 -3.066871 2.805657 0.747831 2.521065 1.745321 4.356931 1.033165 1.983722 -0.89834 3.156022 -1.559536
-1.582314 -26.95839 -12.26278 4.192162 -3.287856 5.173977 -2.834407 3.154133 0.541418 3.17361 -0.316525 4.611003 -2.138165 4.249243 -2.731491
12.41769 -28.95839 -12.26278 -1.304146 -0.210163 1.493899 2.289667 0.809989 -3.072547 -4.423096 3.974402 -0.365849 -4.162413 2.748565 -10.90965
8.417686 -28.95839 -12.26278 -1.252715 0.17382 -2.531685 -0.65461 -2.614544 0.458346 -1.659348 1.26228 -4.661802 -3.680124 -0.663815 -2.858217
6.417686 -28.95839 -12.26278 -2.462039 0.907292 -1.556538 1.450809 1.404311 3.102964 -2.692386 -0.3865 -3.643651 0.154644 5.76006 -1.313393
2.417686 -28.95839 -12.26278 2.834047 -0.790784 2.398593 1.400605 0.982865 -0.872262 -0.26504 3.671204 2.001684 -2.351861 1.267303 -7.571167
0.417686 -28.95839 -12.26278 7.515033 0.913192 3.209614 2.47995 2.546415 2.499937 8.090841 4.934285 4.086654 -3.002602 2.599457 -2.941664
8.417686 -30.95839 -12.26278 -0.485885 4.385992 1.66731 0.762803 -3.625377 1.455283 -1.857372 5.449827 1.70343 -5.871783 -1.681321 -5.779558
0.417686 -30.95839 -12.26278 1.070501 2.054332 1.930615 2.09943 0.363542 -3.577716 0.998826 5.867458 2.598313 -1.033517 3.634778 -6.978341
-1.582314 -30.95839 -12.26278 -1.191245 1.801484 -0.177622 3.881908 2.64434 -1.709195 -0.216971 4.714072 -0.582171 2.953678 3.249455 -5.491998
-3.582314 -6.958389 -10.26278 -1.587269 -11.51956 -2.209064 -1.719393 0.495389 -2.44841 3.104826 3.445044 -0.348252 3.494267 6.105267 -0.302542
-3.582314 -8.958389 -10.26278 0.331601 -6.546821 -4.433478 -0.527202 -1.078798 1.318798 5.845893 -0.15097 -4.189457 4.615534 2.938458 7.819959
-3.582314 -10.95839 -10.26278 2.218087 1.192654 -2.170725 -0.716315 0.634612 4.13263 6.263885 -5.954641 1.421437 2.408848 0.038419 7.659622
8.417686 -12.95839 -10.26278 -6.065293 0.474974 -4.003339 3.275234 -4.780757 2.231544 -3.900563 7.166541 -2.753498 7.612263 -2.270141 5.147494
6.417686 -12.95839 -10.26278 1.390646 4.433695 2.914161 0.675198 -2.538194 2.416497 0.81688 7.492775 2.730819 -0.626298 -2.556677 7.178545
4.417686 -12.95839 -10.26278 5.408677 2.567665 0.875324 3.334236 0.272142 3.447563 7.08159 -2.417886 4.090802 5.227175 -2.927867 4.913387
-3.582314 -12.95839 -10.26278 0.15264 4.004743 1.241859 -3.411635 3.65483 3.875259 1.974844 -7.399628 7.500041 -1.506824 -0.997185 3.331029
-5.582314 -12.95839 -10.26278 -3.89605 -0.30617 0.47734 1.872932 -3.143068 3.433377 1.434001 -0.351188 3.491813 -0.592018 -6.235306 3.076923
10.41769 -14.95839 -10.26278 -1.915366 2.077401 -1.989337 2.575908 -0.288524 -2.447708 -0.976222 20.94649 -6.366852 4.201096 -1.491928 -4.246794
8.417686 -14.95839 -10.26278 -7.201024 5.124207 -3.014921 2.289215 -5.270555 -1.297975 -4.855207 18.90337 -0.395059 10.07383 -1.306783 -1.238199
6.417686 -14.95839 -10.26278 4.93522 11.01613 4.961633 3.000669 0.99768 -0.652957 2.155613 12.58185 3.624247 3.771167 1.757137 -5.22553
4.417686 -14.95839 -10.26278 10.83943 6.209936 4.544531 3.651735 5.772075 3.19334 8.62879 0.824117 5.295087 3.881768 1.801833 -7.378571
-3.582314 -14.95839 -10.26278 -1.658425 1.373267 5.275684 -1.880623 1.460213 -0.045364 -2.574967 -2.187517 5.05021 -0.881034 -3.014882 0.53537
10.41769 -16.95839 -10.26278 -1.79905 0.261194 -2.947379 4.344838 -0.818611 -11.1248 -0.247691 17.10602 -5.806921 3.69272 0.935142 -10.32132
6.417686 -16.95839 -10.26278 2.376964 4.093176 5.742252 2.754162 -0.348176 -2.199844 0.041461 10.64418 5.494496 1.410913 2.555525 -8.085714
4.417686 -16.95839 -10.26278 3.20159 2.783653 1.230439 1.01198 -1.153323 -2.624741 -0.67612 3.223441 -0.789336 -1.685495 -1.973317 -12.77897
2.417686 -16.95839 -10.26278 -0.802327 4.570393 1.653026 9.649625 -3.834664 2.403744 -5.676927 3.123369 -0.954444 10.05332 -6.076546 -4.591778
-1.582314 -16.95839 -10.26278 4.415106 -4.203552 4.763188 9.691804 -3.270058 -1.198375 13.18301 -2.244451 1.517506 13.993 2.53032 -0.275436
-3.582314 -16.95839 -10.26278 -1.827356 1.414177 6.162953 5.643494 -1.810861 -2.85775 -3.657316 8.156754 -1.257892 4.402991 -3.012121 -1.724502
10.41769 -18.95839 -10.26278 -1.46852 -0.129249 -1.532925 1.816524 0.290495 -4.258351 -2.57437 8.885875 -6.541394 4.662946 5.258534 -5.230491
6.417686 -18.95839 -10.26278 0.235145 -1.106783 1.526824 -0.675047 -4.786912 -1.715239 -1.089771 4.718241 3.241055 -0.387025 -1.86732 1.406978
4.417686 -18.95839 -10.26278 0.988262 -3.927447 -2.61302 -2.711069 -3.402055 -4.695571 -2.55196 7.335582 -5.210364 -2.081078 -3.937413 -1.832694
-1.582314 -18.95839 -10.26278 0.406069 1.304856 2.709981 15.63029 -5.548255 5.025791 8.353604 7.860516 1.950937 13.95429 0.868655 8.079432
-3.582314 -18.95839 -10.26278 -2.509007 3.233811 1.388717 8.549653 -3.455176 0.318848 -3.864034 14.70448 -5.732552 6.533583 -1.626056 0.519922
-5.582314 -18.95839 -10.26278 -8.133225 0.25059 -0.303709 1.091021 -0.560174 0.61752 -9.792458 8.299507 -4.120984 1.511266 1.958458 0.499633
12.41769 -20.95839 -10.26278 1.06133 2.459149 4.744726 5.500445 4.23897 2.258026 -0.70091 14.51745 0.70115 6.276828 6.705017 -0.872265
10.41769 -20.95839 -10.26278 -1.622406 1.35211 1.439876 4.739748 1.621747 4.483933 -5.010374 2.347695 -0.72638 1.661646 5.844024 -3.546178
4.417686 -20.95839 -10.26278 1.78923 -3.879009 -4.992333 -2.849634 -0.63807 5.102301 4.295071 5.599504 -5.05777 -3.698704 -2.520685 2.826336
-1.582314 -20.95839 -10.26278 -3.286008 3.307238 -3.307958 6.544149 -5.956735 7.124351 -3.418028 13.16656 -1.438929 3.946304 -2.07852 6.886273
-3.582314 -20.95839 -10.26278 -2.517904 4.162749 -3.633587 3.718786 -3.970482 2.898156 -6.133697 15.92172 -8.331844 4.151927 -2.448858 3.784031
10.41769 -22.95839 -10.26278 0.050523 -0.661033 1.174699 2.438524 2.307799 2.085474 0.915358 1.797889 2.904114 -2.561017 4.34214 -3.177618
8.417686 -22.95839 -10.26278 -1.51181 -3.993421 -0.899771 0.750631 -0.77369 0.159719 1.29527 -2.861999 2.35954 -3.160471 -1.414088 -0.941055
6.417686 -22.95839 -10.26278 0.369903 0.163975 -0.303783 1.279434 0.113393 2.647574 4.51273 -0.329744 0.88949 -2.239502 -1.142265 -3.221376
-5.582314 -22.95839 -10.26278 0.045904 0.139091 -1.34452 -1.362116 1.5674 -1.019235 1.496582 5.762772 -0.960403 3.152396 1.104026 -0.214503
8.417686 -24.95839 -10.26278 -1.140819 -2.746866 -1.864885 -1.126212 -1.09461 -0.213707 -1.212512 -6.233157 -3.045231 -4.99547 -4.481009 -2.463695
6.417686 -24.95839 -10.26278 0.449184 -6.098079 -3.172735 -1.936878 -0.299034 -3.014226 1.811875 -8.288246 2.237456 -2.946863 -2.926632 -9.252387
-5.582314 -24.95839 -10.26278 -1.424811 -1.053409 0.087514 -1.152823 0.028832 -3.286786 0.026047 3.644539 1.521407 4.799521 2.917444 -0.845657
6.417686 -26.95839 -10.26278 0.891238 -6.610325 -8.944621 0.287152 -2.769753 -2.148251 9.723813 -8.287989 3.652452 3.912689 -3.198137 -6.934347
0.417686 -26.95839 -10.26278 3.583557 2.007185 3.054782 -0.33907 -1.931407 -2.86043 7.107601 -2.675222 2.799003 -3.946844 0.458285 -8.585704
-1.582314 -26.95839 -10.26278 1.979547 2.030443 2.840487 -1.680792 -0.157661 0.966211 5.472442 -0.774611 3.802588 -3.661652 1.587185 -2.498076
-3.582314 -26.95839 -10.26278 -2.049579 -1.874978 -0.244248 -0.787798 0.582778 -1.802293 -0.863425 0.301629 1.22097 0.454476 3.348878 -6.475789
-5.582314 -26.95839 -10.26278 -0.143098 -1.366941 -0.417432 0.416245 0.967912 -2.096665 -0.124225 -0.833445 0.746282 1.545323 4.206647 -1.012726
12.41769 -28.95839 -10.26278 -0.220481 -2.468866 2.0136 0.108737 0.075032 -2.374682 0.676092 -2.144394 0.1304 -5.417189 1.464504 -7.928815
10.41769 -28.95839 -10.26278 -1.536405 -3.083946 -0.884432 -0.460299 -2.010568 1.163439 0.426229 -2.015494 -2.058486 -2.516988 -1.504885 -5.031204
6.417686 -28.95839 -10.26278 -1.552213 -4.361432 -5.867793 1.167296 -2.013918 -1.607726 2.336394 -3.88443 -4.647363 6.478254 0.868283 0.063968
2.417686 -28.95839 -10.26278 0.799516 -1.080611 3.940181 2.208426 0.458693 -2.68209 0.120421 6.68666 5.32997 -1.48373 2.676871 -11.01693
0.417686 -28.95839 -10.26278 7.574074 3.061667 3.264071 0.090345 1.360758 2.020528 8.661874 -1.050767 4.548236 -3.50425 -0.495988 -4.735915
-1.582314 -28.95839 -10.26278 3.362971 3.236527 0.408305 0.180923 0.951557 3.073984 7.095677 1.907454 2.976936 0.078487 1.147571 -1.692703
-3.582314 -28.95839 -10.26278 -0.617252 1.511451 -3.834336 2.324978 -0.600674 2.448969 2.676799 1.054687 -1.018345 4.35367 1.946887 -0.462114
10.41769 -30.95839 -10.26278 -1.354004 -2.99674 2.276577 -0.744597 0.771638 -0.398761 -1.0408 0.073452 -0.948542 -3.658375 0.977378 -2.40474
8.417686 -30.95839 -10.26278 2.166677 -0.185278 1.510325 0.734726 -1.462025 -0.391701 0.543538 3.941667 -2.744379 -3.03535 -0.991719 -3.119728
6.417686 -30.95839 -10.26278 1.722596 -0.981517 -0.739878 1.89377 1.746246 -0.793855 1.577491 -2.251518 -3.763883 1.562508 2.513231 -2.829913
2.417686 -30.95839 -10.26278 1.517764 -2.625503 3.127618 0.234295 0.220618 -3.337655 0.902956 3.786427 2.801497 0.252859 4.789688 -5.021437
0.417686 -30.95839 -10.26278 4.527194 1.695601 1.593321 -0.510766 0.669464 -0.139164 6.061792 2.942501 3.947135 -0.550919 3.217762 -4.793924
0.417686 -32.95839 -10.26278 0.083471 1.524123 2.437763 2.645077 0.284618 1.132837 -1.247313 1.714067 2.89168 3.197136 3.592646 -0.755027
-1.582314 -32.95839 -10.26278 0.537593 0.848228 2.273558 1.149046 1.215815 0.044909 1.109395 -0.050479 3.003119 0.753376 3.402864 -4.901897
-3.582314 -12.95839 -8.262779 -2.81108 1.453101 3.913182 -3.814591 -2.834696 2.462064 -2.474501 -4.109865 7.15347 0.2241 -4.509131 -1.555832
-5.582314 -12.95839 -8.262779 -2.065835 -1.55356 1.305547 -0.552545 -5.439495 0.6072 -0.062486 -5.090806 4.612248 0.935727 -5.690969 -3.947633
8.417686 -14.95839 -8.262779 -3.404714 3.104934 2.084316 -2.042652 -3.769875 -2.265815 0.853348 5.753708 4.930037 8.418346 1.10399 -0.647254
-1.582314 -14.95839 -8.262779 -0.1198 -2.78369 0.179545 2.43311 -1.640063 -5.632333 5.863132 -2.228078 -3.681836 14.82059 0.242612 -0.677594
-3.582314 -14.95839 -8.262779 -4.151173 -2.654519 2.685563 -6.335755 0.585049 -3.494497 -2.168125 -5.420866 4.922245 -0.626197 -1.035155 -1.920747
10.41769 -16.95839 -8.262779 -6.718518 2.147265 -4.68693 3.092339 -4.929552 4.49068 -2.331673 6.347949 -4.074787 1.629479 -3.336396 -0.380325
8.417686 -16.95839 -8.262779 -3.592782 3.281314 3.753914 0.872809 -2.968675 2.771343 1.840688 3.152333 5.321471 1.024407 5.079375 -3.991265
-1.582314 -16.95839 -8.262779 -0.02797 -7.330848 3.83569 9.996223 -2.888553 -4.313362 9.743879 -1.272486 -0.469013 28.73049 1.16352 5.601227
12.41769 -18.95839 -8.262779 -3.916699 1.23744 -2.19922 3.112006 0.486814 4.542857 -7.004117 -2.792292 -6.931728 0.738514 1.702388 -0.486467
10.41769 -18.95839 -8.262779 -9.364721 -0.999257 -3.532076 0.716654 -2.449617 3.98941 -8.985178 -1.382244 -5.25993 -0.523664 2.062351 1.790258
8.417686 -18.95839 -8.262779 -6.297176 -3.096487 -2.7206 0.003017 -4.716812 1.02251 -2.227694 -4.360271 -0.945323 -0.378968 3.286164 2.356821
6.417686 -18.95839 -8.262779 -4.357714 -2.349621 2.90183 -1.924418 -4.877668 -0.517872 -1.309277 2.854678 6.547424 -2.377132 2.33964 1.564877
2.417686 -18.95839 -8.262779 3.335778 -9.906309 2.489386 5.506912 -8.304067 -1.006325 8.494142 1.002388 -0.234862 15.41753 -8.778832 7.516597
0.417686 -18.95839 -8.262779 4.70323 -12.51256 3.812643 15.40283 -5.86135 2.372092 20.33981 -7.44253 -2.760046 34.98399 -1.705702 16.4985
-1.582314 -18.95839 -8.262779 -3.283945 -2.449756 3.680526 16.88357 -4.81355 3.758598 5.070152 2.48669 2.190533 26.81805 2.155205 11.75273
12.41769 -20.95839 -8.262779 -0.127221 0.507624 1.30243 4.171999 2.147404 0.00383 -4.386746 3.564012 -3.308172 3.255814 3.637869 -5.360689
8.417686 -20.95839 -8.262779 -5.179407 -3.568685 -4.858633 1.029554 -6.783291 0.599842 -1.813615 -8.213545 -6.109958 1.604961 -2.762342 5.105211
6.417686 -20.95839 -8.262779 -4.032543 0.170138 -1.457873 -1.599324 -7.687477 1.980647 3.423766 -2.194601 4.178049 -1.784482 -2.610364 5.259501
4.417686 -20.95839 -8.262779 -0.38761 -1.705391 -3.25422 -2.517541 -2.946994 1.175146 4.88971 6.389398 -0.755798 -1.171107 -0.851731 0.452124
-1.582314 -20.95839 -8.262779 -5.393558 -1.286664 -2.795516 10.50297 -6.970946 7.245181 -5.703679 4.436115 -3.987706 10.82479 0.053072 5.329819
-3.582314 -20.95839 -8.262779 -4.8702 1.825512 -9.487073 4.958898 -5.000295 2.608803 -5.342662 12.95393 -12.6296 6.216737 -3.358715 -0.905215
-5.582314 -20.95839 -8.262779 -5.990588 -1.682701 -3.268071 1.012383 -3.82873 2.958963 -6.232011 2.945303 -4.640941 3.752926 -3.023611 1.032832
12.41769 -22.95839 -8.262779 1.739589 0.84509 -0.108432 4.693953 3.073394 -1.049398 3.468271 16.97064 1.143265 3.962012 5.371752 -7.471388
6.417686 -22.95839 -8.262779 -0.440438 0.965025 -0.554202 -0.679608 0.014116 3.202679 5.4109 0.073928 -0.908221 0.429153 -1.149523 7.690242
4.417686 -22.95839 -8.262779 -0.614565 1.771688 -5.443237 0.233944 1.197051 3.270287 4.405338 0.580303 -6.387019 -3.926918 1.280159 -0.917414
-1.582314 -22.95839 -8.262779 -3.131121 -0.445965 -4.006608 0.047693 -5.183518 1.369617 -7.189494 7.065078 -5.782356 2.657824 -5.018671 -3.149621
-3.582314 -22.95839 -8.262779 -2.097886 1.386641 -8.396244 -0.420989 -2.964734 0.882039 -5.121323 8.621413 -9.858412 3.304098 -2.295739 -3.028713
-7.582314 -22.95839 -8.262779 -0.57481 -0.538925 -0.982037 2.877407 0.944315 -4.481079 2.743555 0.638076 -2.238919 4.01395 0.361088 -4.878165
12.41769 -24.95839 -8.262779 -1.570743 -0.063785 -4.844017 2.379835 1.629248 7.36766 -0.143274 8.586205 -2.178703 -4.238119 5.09406 0.090828
10.41769 -24.95839 -8.262779 -2.829765 0.002903 -2.141181 3.076689 3.079382 5.752564 -7.387374 6.341904 -6.135991 -3.859798 -0.034746 1.609455
8.417686 -24.95839 -8.262779 -3.468703 -3.088439 -2.403451 -1.827314 0.848436 -2.618006 -4.294507 1.613899 -6.990014 -5.616929 -3.29419 -3.372308
-7.582314 -24.95839 -8.262779 -0.5918 2.58197 -0.430513 2.667208 -0.321526 -0.753823 1.278179 5.58366 -0.180211 4.574762 2.991341 -3.650671
10.41769 -26.95839 -8.262779 0.608129 1.363126 -0.580884 1.607329 0.316822 1.897815 -0.456874 6.132316 -3.850719 -4.215148 -0.53523 -5.90495
8.417686 -26.95839 -8.262779 2.738892 -2.992273 -3.8277 -3.132466 -2.546291 -1.044222 3.688565 3.183906 -3.862228 -0.270797 -3.339685 -3.062531
-5.582314 -26.95839 -8.262779 0.816526 -1.294495 2.291986 -1.086334 -0.987912 -8.103383 1.940137 0.777864 1.301342 -3.903069 2.266258 -7.070957
8.417686 -28.95839 -8.262779 1.917079 -2.94118 0.043014 -0.356335 -4.406562 -1.969741 4.807033 -0.116108 -5.017548 4.433372 -4.762965 -5.324628
6.417686 -28.95839 -8.262779 2.064148 -1.824289 -2.145858 -3.662107 -3.233301 -4.606405 10.08942 2.62152 -0.841657 3.355697 -0.619158 -1.873123
0.417686 -28.95839 -8.262779 -1.819487 1.494363 -1.771436 -3.38202 -3.555016 -0.88043 1.666696 7.846372 3.973182 -2.440518 1.97709 1.817029
-1.582314 -28.95839 -8.262779 -2.457956 2.784558 -6.218157 -2.994839 -2.903532 0.709402 3.052415 7.871732 0.63843 -0.488179 0.836282 6.087826
-3.582314 -28.95839 -8.262779 -1.989496 3.943367 -3.90254 0.711682 0.122135 -1.147569 2.602937 8.36634 0.122016 -1.015227 3.500254 -3.16642
-5.582314 -28.95839 -8.262779 2.527904 0.837739 0.505949 2.246971 2.629946 -4.311671 6.118664 5.322042 1.946425 -3.492725 6.562613 -4.003535
8.417686 -30.95839 -8.262779 1.32321 1.156646 4.433606 -0.104033 -0.587104 0.198377 1.119299 5.578555 -0.546924 -2.790454 1.34494 -6.486825
2.417686 -30.95839 -8.262779 -1.651179 0.179574 6.013097 -1.154618 -2.23036 -8.57857 7.268219 12.20682 14.1181 -1.311108 13.73834 -10.59422
-1.582314 -30.95839 -8.262779 -2.092954 2.245834 -5.689338 -1.553753 -4.508625 0.109118 4.711895 4.814788 3.442103 -0.872473 3.371974 -0.231627
0.417686 -32.95839 -8.262779 3.265973 0.273991 0.989395 -0.795152 -2.863341 -1.681403 8.923876 3.705072 4.163822 1.336971 5.514767 -3.057431
-1.582314 -14.95839 -6.262779 -4.714501 4.212839 -1.667196 0.960945 -1.595133 -5.421288 5.826388 -3.814694 0.725958 4.672823 1.432044 -2.439751
-1.582314 -16.95839 -6.262779 -3.106152 -0.438121 1.32626 -1.621053 2.688941 -4.981636 6.303687 -0.41626 4.462914 7.214685 2.531102 0.289862
-1.582314 -18.95839 -6.262779 -0.386085 -2.502829 2.781298 0.596402 2.159474 -3.10445 5.492857 -0.476201 6.689189 6.583033 2.931526 3.092031
12.41769 -20.95839 -6.262779 0.079057 -4.462514 1.330088 1.84143 -1.004659 2.005861 -4.192887 1.012571 -3.31836 2.598857 1.556159 2.627194
10.41769 -20.95839 -6.262779 -4.417135 0.744129 0.440994 -1.076299 -4.024464 -1.722273 -7.382954 -2.333713 -3.67218 0.993183 -2.386757 -0.70502
8.417686 -20.95839 -6.262779 -3.159379 -1.082286 -1.601508 1.812903 -5.026038 -0.188053 0.873447 -6.063121 -1.182692 1.490182 -3.438745 5.669168
4.417686 -20.95839 -6.262779 -4.547401 4.372035 -3.436997 1.692015 0.123857 0.844806 -4.060884 -2.238113 -5.059556 7.325915 4.314824 4.597221
0.417686 -20.95839 -6.262779 -2.988425 -1.020612 -3.066503 1.595713 -0.110663 0.138911 1.737858 -2.340643 0.200287 6.251851 5.546901 -0.129909
-1.582314 -20.95839 -6.262779 -0.817684 -4.311471 -0.589669 2.065886 -1.137692 -1.539037 1.12323 -5.37078 0.602348 3.737733 2.535017 -3.191367
14.41769 -22.95839 -6.262779 -2.327976 -4.921465 1.249684 -2.170789 0.261834 -2.379253 -2.870115 8.010124 -1.841192 -5.616298 -0.59147 -4.889462
12.41769 -22.95839 -6.262779 -1.213679 -4.842237 -1.387889 2.665675 -2.709352 0.07549 -1.938363 7.507022 -0.962937 0.424732 0.008912 -0.288129
10.41769 -22.95839 -6.262779 -3.82155 0.481796 -4.743775 2.692754 -2.146469 2.19615 -3.35628 6.541043 -5.430655 4.333786 -4.898199 4.988387
8.417686 -22.95839 -6.262779 -0.806056 1.119889 0.046483 5.043871 3.666754 -0.311514 2.039731 6.510918 -0.619313 5.597152 0.930763 5.073485
6.417686 -22.95839 -6.262779 -1.534652 -1.578656 0.477019 1.449697 5.765245 -2.143202 1.543517 -0.548313 1.839647 2.282991 7.371274 5.077033
4.417686 -22.95839 -6.262779 -3.937299 0.098087 -5.209168 -1.971439 2.460714 -1.265488 -3.392164 -10.50633 -6.726812 -5.305846 6.57971 -1.422132
0.417686 -22.95839 -6.262779 -1.367535 0.875492 -1.881183 0.091128 0.830364 -3.297981 -2.234265 7.723574 -1.992654 1.613339 2.590977 -5.0785
-1.582314 -22.95839 -6.262779 -1.08263 -5.771643 -1.369738 -2.494488 -2.461876 -2.556454 -2.865407 -2.093918 -1.835325 1.033074 -2.068024 -5.035172
-3.582314 -22.95839 -6.262779 0.913994 -2.059519 -3.133794 -2.000278 -0.838682 -4.903197 -1.687405 3.53968 -1.40765 1.461981 0.252462 -4.253669
-5.582314 -22.95839 -6.262779 1.6612 -2.450556 -0.57012 0.528403 0.033172 -0.51706 1.211134 0.615641 -1.074784 1.318586 -0.587165 3.444298
-7.582314 -22.95839 -6.262779 -1.149633 0.709363 -1.148127 5.190311 -0.948623 -0.599691 2.709095 -1.478663 -0.694714 3.334613 0.234296 0.340492
14.41769 -24.95839 -6.262779 -2.787744 -1.344331 -1.51353 -0.877671 0.36055 -0.146734 -3.025756 6.140852 2.787658 -4.020085 3.500746 -2.536333
8.417686 -24.95839 -6.262779 -3.45128 1.060036 -5.433575 1.800972 -0.370966 -4.690089 -0.243318 0.631163 -4.897649 -3.735651 0.922561 -10.68885
6.417686 -24.95839 -6.262779 0.033438 0.746391 -3.642361 0.849544 3.251113 0.657617 3.852059 -7.661547 -5.309461 -4.876331 5.929379 -4.057796
4.417686 -24.95839 -6.262779 -2.305775 -0.287688 -3.015857 1.04537 -1.140434 0.45194 -0.295249 -6.014988 -3.252785 -4.677263 2.411725 -0.286191
-1.582314 -24.95839 -6.262779 -5.524819 -0.49803 -6.01004 1.669173 -2.806321 -1.366707 -2.038688 5.30785 -2.811362 3.73878 -4.113659 -0.60352
-3.582314 -24.95839 -6.262779 -3.948113 1.674165 -1.134569 0.596211 -2.750328 1.153623 -4.712441 4.49871 2.606576 -1.618378 -0.841792 1.792455
-7.582314 -24.95839 -6.262779 -5.247703 1.387482 -3.023039 0.272145 -4.837384 4.041793 -0.566958 1.718078 0.5047 -1.676401 -0.792224 4.540215
14.41769 -26.95839 -6.262779 -2.65763 -5.69542 0.199214 -0.877148 1.164249 1.931227 -4.268354 3.584901 -0.479984 -4.019066 -0.438726 -1.191716
12.41769 -26.95839 -6.262779 -2.352908 -0.373811 1.263307 3.432207 -0.217603 0.616173 -3.202672 2.961807 -1.088268 -2.793966 -0.025152 -8.092207
6.417686 -26.95839 -6.262779 1.094043 0.784054 -2.37169 -0.203456 1.065006 1.548558 3.661609 -4.016044 -2.713406 0.991257 4.673736 0.223479
4.417686 -26.95839 -6.262779 -0.983626 7.4224 -1.83579 4.202373 -0.626128 6.094963 3.687993 7.192062 1.01225 1.047281 4.086392 0.70887
-1.582314 -26.95839 -6.262779 -1.301958 5.043041 -3.065017 1.087817 -0.062776 1.316746 -1.254431 5.677206 -3.212246 0.273841 0.217874 1.668322
-3.582314 -26.95839 -6.262779 -1.605517 3.394681 -3.172883 2.222455 -2.212076 -0.236904 1.639975 5.410406 -1.93116 -3.201327 0.661007 0.951763
-7.582314 -26.95839 -6.262779 1.050648 1.50136 0.156761 -0.543715 -2.320986 -2.049365 5.583113 6.461556 2.74075 0.197194 2.453031 2.051881
12.41769 -28.95839 -6.262779 0.141617 -4.670619 1.321192 -0.809542 0.058437 -3.539809 -2.063028 -4.435241 -1.526504 -5.352883 -1.485043 -5.484651
10.41769 -28.95839 -6.262779 0.608933 -1.055961 -1.502951 1.705607 -1.397044 -2.142262 1.529905 0.647216 -4.705026 0.936274 0.106663 -5.228951
-5.582314 -28.95839 -6.262779 1.728353 5.308384 4.713288 2.303505 -0.987839 -5.345024 4.667107 10.82115 6.065688 -3.986655 1.888567 -8.260428
-7.582314 -28.95839 -6.262779 2.671543 4.001967 3.627515 2.198714 -0.093608 -5.100652 6.718346 13.52857 8.033513 3.074755 4.490718 -1.668768
0.417686 -30.95839 -6.262779 0.018233 3.907579 1.613595 1.729638 -1.557845 -4.589156 9.364328 13.15182 10.12809 5.664629 9.170286 -1.312449
-1.582314 -30.95839 -6.262779 -0.516763 6.444397 -0.289591 0.352766 -1.149586 -2.63626 7.859286 12.07609 6.641767 -1.839758 7.287718 0.893588
-3.582314 -30.95839 -6.262779 0.528052 5.662579 1.46611 1.111987 4.011732 1.773286 7.692647 13.80734 3.00314 -4.299215 9.235878 0.130461
-5.582314 -30.95839 -6.262779 0.761409 7.150612 1.837257 4.065614 1.414295 -0.044822 7.58515 17.07187 3.912705 -1.944624 7.178308 -1.153716
-7.582314 -30.95839 -6.262779 3.948514 8.092479 5.650216 4.637478 2.009326 -4.417264 10.57553 19.6543 11.0261 4.041782 8.051319 -4.643775
-1.582314 -32.95839 -6.262779 -1.57122 -0.799524 -4.253963 1.424442 -4.369262 -3.692712 10.29741 10.13251 4.973042 4.342682 6.015202 2.797052
-3.582314 -32.95839 -6.262779 0.908874 -0.601473 0.878811 0.335916 1.904087 0.04173 6.189896 9.582701 1.156081 -0.185823 4.083578 4.102482
-5.582314 -32.95839 -6.262779 1.436847 2.972148 3.667233 1.002184 0.174727 -1.058607 2.66579 12.31645 4.074244 -1.75433 1.703397 1.243929
-7.582314 -32.95839 -6.262779 3.531577 6.657587 5.665112 4.201128 1.448646 -3.68449 7.018612 20.65258 13.21753 3.339418 6.622046 -3.606805
-3.582314 -14.95839 -4.262779 -0.119371 -1.414142 -1.274104 -0.992344 -0.263509 -1.636651 4.872916 -5.292617 1.627987 -4.571563 2.619601 1.81674
-3.582314 -16.95839 -4.262779 1.703383 -5.621002 -2.12362 -5.286807 3.420851 -0.468012 6.980274 -3.174397 3.771009 -3.94175 5.160205 4.138378
-1.582314 -18.95839 -4.262779 0.082713 -8.568251 -1.670476 -10.7916 4.718269 -3.961824 5.703562 -2.441603 2.328952 -6.945902 1.869851 5.440447
-3.582314 -18.95839 -4.262779 2.341 -9.519276 -2.064305 -8.137623 2.821893 -1.952491 6.662716 -7.797191 1.578732 -2.879849 4.532698 6.938459
-5.582314 -18.95839 -4.262779 -2.98809 -6.659905 -3.325193 -1.864248 -3.662061 -0.708755 2.839854 -1.061497 -0.051512 2.392132 -1.763005 3.846459
4.417686 -20.95839 -4.262779 -6.488666 0.093158 -5.442712 0.846588 0.132815 -3.139406 -7.807319 2.443141 -7.320598 9.705739 2.449817 14.02526
0.417686 -20.95839 -4.262779 -5.242006 -3.190482 0.255666 -2.637818 -2.992693 -5.578928 -5.067976 -11.30837 2.852402 -0.209476 -5.343741 1.100502
-1.582314 -20.95839 -4.262779 -1.831608 -8.635441 -3.383312 -4.441121 -2.688805 -4.288937 2.809637 -12.30031 0.840888 -1.217568 0.826528 -0.840597
12.41769 -22.95839 -4.262779 1.49897 -2.619879 1.541662 0.319618 -2.25637 0.462577 -1.776398 1.194193 -0.154139 -2.35865 -2.073136 -6.456734
4.417686 -22.95839 -4.262779 -5.211251 6.280796 -12.31541 1.530203 0.441926 -0.926781 -7.596358 -11.64747 -14.43356 -3.259082 7.031351 16.10924
0.417686 -22.95839 -4.262779 -3.342519 4.403093 -0.791627 1.444017 0.012879 -5.389699 1.408405 -1.991255 5.302917 -1.643995 -0.047514 -0.534658
-1.582314 -22.95839 -4.262779 -4.828085 -2.788084 -3.426025 -2.912158 -1.291696 -2.88415 -1.105663 -4.229872 2.179471 -1.564669 1.206967 -2.773892
14.41769 -24.95839 -4.262779 3.708789 -2.071718 2.942169 0.862451 4.292393 1.311895 3.720082 2.398958 4.404901 -3.470479 6.296507 1.446522
12.41769 -24.95839 -4.262779 0.890507 0.939285 4.570608 5.071214 0.984936 5.481884 2.053217 4.831835 4.04277 1.78591 2.386681 3.703489
10.41769 -24.95839 -4.262779 1.033121 2.160822 0.563895 2.471609 -1.211766 2.258548 0.694886 2.123564 -0.755898 0.154682 -0.782325 0.654215
8.417686 -24.95839 -4.262779 0.074702 1.904606 -5.153247 -1.728579 -0.877404 -2.077648 3.558218 0.449391 -3.373589 -3.778302 2.354384 -4.134903
4.417686 -24.95839 -4.262779 -3.485996 5.284171 -6.181781 3.894836 2.52946 5.218735 -7.963597 -11.52464 -7.720925 -8.53422 10.89108 13.3795
0.417686 -24.95839 -4.262779 -3.321958 2.151721 -1.969796 0.826099 1.606638 -5.291838 5.05014 3.559626 8.463919 1.024933 6.107055 4.216184
-1.582314 -24.95839 -4.262779 -3.512239 2.114538 -1.463768 -0.401881 -0.418669 -1.955948 0.798776 2.488252 5.545474 3.035164 -0.05621 1.057401
-5.582314 -24.95839 -4.262779 -1.190114 -2.591209 -2.658516 -3.198489 -1.74892 -0.412674 -0.135278 -3.48831 1.722464 -2.545954 3.688095 3.823665
-7.582314 -24.95839 -4.262779 -4.323977 -0.014887 -1.603472 -0.242244 -1.749663 0.890171 -2.933909 -2.311241 1.909565 -0.17418 2.566232 3.680927
14.41769 -26.95839 -4.262779 -0.689504 3.947474 2.375905 4.039216 6.323308 4.788747 -1.036924 6.506784 0.99781 -4.53838 7.750156 -4.366821
10.41769 -26.95839 -4.262779 -0.182647 5.763883 -1.730037 6.44485 0.306324 5.42539 -1.13176 5.598031 -4.78617 1.636657 -0.818458 2.568994
8.417686 -26.95839 -4.262779 -2.37846 4.092091 -5.469 1.954328 -1.441991 5.732246 0.610533 3.053524 -3.149365 0.809931 2.035256 0.781879
6.417686 -26.95839 -4.262779 3.611991 0.87149 -1.430338 2.064242 2.972158 7.287167 6.849005 -3.17027 1.181076 -0.491709 7.259684 2.25587
4.417686 -26.95839 -4.262779 4.687381 0.8201 2.87706 2.848545 2.559227 4.588466 6.38622 -0.178504 5.315417 -3.111735 4.419827 3.039696
0.417686 -26.95839 -4.262779 -4.637646 -0.146272 2.603118 -0.434661 3.034359 -2.975842 -4.392279 -3.133444 7.705368 -2.615372 7.544294 -4.218596
-1.582314 -26.95839 -4.262779 -2.151341 2.306588 1.627098 2.690129 1.315579 1.732717 -3.723275 -3.000093 1.714692 -0.065585 1.87067 0.58449
-3.582314 -26.95839 -4.262779 0.112488 -2.829992 -2.404623 -0.434699 -0.850345 0.694052 -0.788422 -5.082469 -3.178008 -2.274893 1.765148 5.102045
-5.582314 -26.95839 -4.262779 1.385188 -3.053067 -2.658464 -1.120422 -0.629883 -3.195196 1.537886 -3.406202 1.56506 -2.948442 3.201395 2.525641
-7.582314 -26.95839 -4.262779 -0.174434 -1.677089 -1.745212 0.010133 -0.511448 1.16583 3.195297 1.909434 2.931942 0.247122 3.252812 5.045865
14.41769 -28.95839 -4.262779 -2.787617 1.397471 5.249222 5.305171 3.541595 2.965434 -5.511485 11.85223 4.815644 -4.004645 2.194622 -6.015929
12.41769 -28.95839 -4.262779 0.074499 -0.096485 2.713907 -0.108175 3.246052 1.659577 -2.692071 6.369962 0.557806 -6.158771 3.089959 0.110492
8.417686 -28.95839 -4.262779 -1.653316 2.144357 1.308266 3.220982 2.035473 1.427285 -0.325417 3.850118 -0.23422 2.879724 2.502053 -1.084973
6.417686 -28.95839 -4.262779 -1.550452 -2.815338 2.44917 2.439725 2.014523 4.512261 1.415964 -0.971491 1.179763 5.011971 2.686622 0.383223
4.417686 -28.95839 -4.262779 3.191277 -2.393705 4.37152 -0.286579 -0.800402 5.565647 6.607322 0.612739 4.839501 -0.823436 -1.523009 3.55446
0.417686 -28.95839 -4.262779 -5.967343 -1.377984 0.705885 2.681967 2.981949 2.276561 -7.945971 -0.945565 4.487374 1.563761 6.184502 -2.179988
-1.582314 -28.95839 -4.262779 -1.865911 -0.854747 2.67069 1.999785 1.386353 6.105185 -5.823457 -3.301516 1.180199 -0.511416 5.580975 6.100369
-3.582314 -28.95839 -4.262779 0.363635 -3.600359 -0.845378 0.972103 1.494331 5.402332 -1.53642 -1.523933 -3.97962 -4.054879 5.969464 7.104432
-7.582314 -28.95839 -4.262779 0.116253 1.21213 -2.188459 3.577592 -0.407531 1.608877 3.395206 7.57972 1.581512 5.612483 2.534663 5.796424
-9.582314 -28.95839 -4.262779 -1.065975 -0.307145 -0.534613 2.68575 -0.579792 2.571763 1.717271 8.519949 -0.411209 7.535813 0.634902 6.329276
8.417686 -30.95839 -4.262779 3.514074 7.677592 3.733217 9.009384 4.50682 2.762755 5.072673 5.563072 2.059907 5.447286 5.606044 -10.75521
6.417686 -30.95839 -4.262779 3.112517 -0.257043 1.796952 2.707361 1.624477 2.628181 5.173284 0.2435 0.856418 1.66621 2.960595 -5.109953
-1.582314 -30.95839 -4.262779 -0.649461 1.969321 2.484966 -0.162231 1.634069 3.597153 2.518722 1.948808 7.447939 -3.772943 6.169115 4.086764
-3.582314 -18.95839 -2.262779 3.816408 -6.961424 1.248311 -2.953114 4.514833 0.558015 5.940442 -5.120146 2.583926 2.064266 2.14166 3.972881
-3.582314 -20.95839 -2.262779 -2.259308 -5.963761 -3.375637 -3.506869 -0.853986 -4.758629 1.236973 -10.4618 -2.648787 -2.191766 -0.945957 1.309819
6.417686 -22.95839 -2.262779 2.523314 -1.058901 -1.709578 -4.744874 2.403125 -6.319447 2.844976 -6.191607 0.54889 -1.49176 9.64232 -7.289999
4.417686 -22.95839 -2.262779 -3.077726 4.923891 -9.323856 0.388411 -0.876288 -14.43783 3.245826 -5.687688 -4.300778 -0.49511 5.57864 -14.31146
0.417686 -22.95839 -2.262779 -6.53268 0.477746 -4.709459 -2.229856 -2.978095 -7.247032 -0.342319 -8.183489 -0.977785 -7.531826 1.928 1.302984
-1.582314 -22.95839 -2.262779 -4.005147 -2.02622 -4.137059 -2.715206 -0.842131 -0.608734 1.065706 -4.945405 2.887424 -7.642301 2.916449 -0.360799
14.41769 -24.95839 -2.262779 4.190729 -2.117767 0.42738 2.415797 5.696894 5.972983 4.24392 -7.340417 2.097334 -2.123848 5.691323 2.988522
12.41769 -24.95839 -2.262779 2.019757 -1.956649 1.47985 6.196618 0.957968 5.758664 5.829744 -5.861388 1.303486 6.740919 -0.492117 6.996167
4.417686 -24.95839 -2.262779 -1.807418 0.123607 -5.486561 -1.112473 7.511159 0.55432 -5.490555 -19.51424 -2.891575 -11.08957 13.13639 9.196565
0.417686 -24.95839 -2.262779 -4.281426 -1.858712 -3.445759 -0.397347 0.174472 -6.296462 5.625782 -3.528627 3.406008 -2.120891 4.96185 2.82001
-1.582314 -24.95839 -2.262779 4.214349 -0.176797 1.340835 -3.241864 3.136746 -1.590978 6.54234 -0.794874 7.159739 -4.274443 0.809001 1.120629
14.41769 -26.95839 -2.262779 1.716908 6.189761 0.333436 6.693804 7.043751 7.145541 -0.741205 2.106809 2.359728 -0.823302 6.35444 -1.114077
12.41769 -26.95839 -2.262779 0.708395 4.576532 2.552858 3.629393 2.944881 5.3542 -0.460402 -0.649261 2.336531 0.970847 0.656998 4.650731
10.41769 -26.95839 -2.262779 1.38874 5.933661 -0.276893 2.395482 0.82859 7.896998 2.29681 0.052591 -1.809118 2.867314 -0.5264 10.13681
4.417686 -26.95839 -2.262779 6.956992 -3.401033 4.003851 -5.336072 5.499277 -1.936475 10.87217 -15.54299 16.18559 -11.99384 6.314042 -4.974501
0.417686 -26.95839 -2.262779 -4.367057 -3.264412 -0.61319 0.563937 0.680785 -6.562508 3.663874 -5.38135 6.070102 -0.537055 6.057004 -2.952038
10.41769 -28.95839 -2.262779 1.065358 4.012022 0.777474 1.79795 0.668933 5.567367 2.482703 6.249553 0.333548 1.201125 0.110664 5.87033
8.417686 -28.95839 -2.262779 -2.370975 -0.021231 -0.384016 1.356495 0.87464 2.420259 -0.945112 1.655583 0.358466 4.799481 2.8008 3.759339
6.417686 -28.95839 -2.262779 0.565893 -3.782591 -0.061983 -0.151709 0.981266 1.577965 8.245105 -4.6665 11.19795 -0.131818 0.554687 -5.295916
4.417686 -28.95839 -2.262779 6.611444 -7.04844 6.520007 -2.168661 0.487501 -1.924261 18.93874 -7.653294 23.06504 -5.016173 -3.469958 -10.41205
0.417686 -28.95839 -2.262779 -3.128246 -2.512233 -0.981617 0.879728 0.922145 -0.663553 -4.482812 -2.251403 2.266374 0.449361 4.099658 -1.138427
-1.582314 -28.95839 -2.262779 -3.125164 2.417911 -1.383448 2.29057 0.959762 -0.417171 -5.170078 3.917762 -3.704998 1.157741 4.79829 -0.84508
-3.582314 -28.95839 -2.262779 0.688494 0.748892 -0.230505 0.056605 1.651281 1.1159 -1.748892 2.54797 -2.720798 -2.988036 4.108284 -3.317204
-5.582314 -28.95839 -2.262779 1.068333 -1.606039 -1.007263 2.541343 -0.945924 2.117125 1.003035 -1.391266 -1.609717 1.872368 0.970843 -1.017543
-7.582314 -28.95839 -2.262779 3.519923 -1.156982 -0.321874 4.575183 1.078049 4.398818 2.811681 -0.341417 0.063329 3.057878 0.406249 3.957498
8.417686 -30.95839 -2.262779 -1.000797 0.644707 2.455575 3.586067 0.885223 4.886698 1.599792 1.436333 3.77453 3.262653 3.388306 -1.534614
6.417686 -30.95839 -2.262779 -0.673036 -0.394033 0.625614 -1.129269 -0.61184 2.376164 3.971646 1.068725 4.624763 -2.152664 1.066232 -3.433382
4.417686 -30.95839 -2.262779 2.119823 -2.068572 3.758941 -3.404733 1.145903 0.248425 8.316378 0.134097 13.71877 -6.190434 1.141202 -0.239465
2.417686 -30.95839 -2.262779 1.641741 1.289822 3.362698 0.216574 0.703501 -0.410818 5.387449 -0.424258 9.306386 0.370749 1.414191 -2.67106
0.417686 -30.95839 -2.262779 -1.607012 1.423112 0.879015 0.605814 1.006605 1.559339 -0.411741 0.508261 3.555048 3.024993 3.588631 1.873801
-1.582314 -30.95839 -2.262779 -0.619466 2.266149 0.80763 0.803812 2.094326 3.054836 -0.46448 4.662226 1.049406 -0.3373 5.422164 6.931192
-3.582314 -30.95839 -2.262779 -0.043431 2.28178 -0.861687 0.782707 1.096818 4.445842 1.827848 5.797182 1.395194 -4.048144 3.382798 1.211024
-5.582314 -30.95839 -2.262779 -2.892672 -4.631197 -1.633827 1.27129 -1.759274 2.123907 0.238639 -4.080256 -0.023554 0.338189 0.474801 3.08972
-7.582314 -30.95839 -2.262779 -0.021424 -3.059475 -0.262162 0.108714 -0.212377 6.310316 2.018162 -1.657955 0.941404 1.121309 -1.929877 11.80472
8.417686 -32.95839 -2.262779 2.064185 3.076227 2.301052 4.895351 2.698622 5.178566 2.87694 -0.458232 1.782916 1.624851 2.034767 -1.711669
6.417686 -32.95839 -2.262779 4.5836 1.204392 1.078991 -0.179463 3.249732 0.242007 5.2756 0.152312 -0.067343 -1.320744 4.146785 -3.675951
0.417686 -32.95839 -2.262779 1.95905 -0.329073 0.128855 1.230746 2.190976 0.871559 4.404147 -7.267257 1.202527 1.570661 5.287682 -2.087406
-1.582314 -32.95839 -2.262779 -4.276438 -0.368102 -2.698299 -0.917305 -0.131938 -0.291817 -3.603005 -1.796659 -0.36571 -1.46787 2.70507 2.473488
-3.582314 -32.95839 -2.262779 -5.531497 -0.559235 -5.676833 -1.722753 -1.964586 -1.287978 -5.129196 2.941967 -1.380614 -3.657657 -0.972002 1.039018
-5.582314 -32.95839 -2.262779 -2.578048 -6.643799 -3.880982 -2.877182 -2.413833 -1.293688 0.247251 -1.449487 -1.601964 -2.941839 -0.163539 4.711929
6.417686 -34.95839 -2.262779 0.923142 3.298763 -0.977797 3.358173 0.109365 2.909163 0.733031 1.050743 -0.066419 4.73675 1.635602 0.382418
0.417686 -34.95839 -2.262779 0.340331 -2.070864 -2.306407 2.21281 3.469175 1.346092 3.639338 -3.061638 -2.910157 -0.332708 8.593412 -3.214575
-1.582314 -34.95839 -2.262779 -2.254524 0.463403 -4.485734 0.623156 0.657969 -2.553544 2.111539 -1.787514 -2.138417 0.915908 6.969327 -6.301307
-3.582314 -34.95839 -2.262779 -2.223587 0.418331 -2.894118 1.005124 -1.09692 -1.67535 1.124001 -1.403406 -1.478307 0.17895 2.534797 -0.296004
-5.582314 -34.95839 -2.262779 -0.769622 -3.19553 -0.341765 -0.665953 -1.680987 2.241542 0.593792 -2.036699 -0.854034 -1.939047 1.130175 4.125809
-1.582314 -36.95839 -2.262779 -2.011271 4.636699 -0.991959 0.817949 0.561501 -0.823022 3.765258 2.611485 3.648044 1.059676 8.672557 -8.456338
-3.582314 -36.95839 -2.262779 -0.593239 5.154816 -0.578801 2.573256 0.613646 0.500493 5.548362 -0.015993 4.190143 2.818647 7.471838 -3.580563
-3.582314 -22.95839 -0.262779 1.238073 -5.032728 1.464001 -2.857597 -1.99203 -3.147658 2.337572 -1.885067 5.365274 -6.904364 -0.973518 -3.761906
-1.582314 -24.95839 -0.262779 5.007591 2.225547 1.500349 -2.97311 0.449862 -1.501317 5.571177 2.250525 5.009221 -5.464626 -0.646475 0.044346
14.41769 -26.95839 -0.262779 4.264315 0.556135 0.003847 2.364352 3.110186 2.244656 0.714329 -0.910717 -0.80597 -1.742903 1.394645 -0.780763
12.41769 -26.95839 -0.262779 0.911461 0.228687 -1.766752 -0.827422 1.436694 -0.677866 2.1408 -0.792207 1.021384 -0.56623 0.69899 -0.565707
6.417686 -26.95839 -0.262779 0.140623 -3.949369 3.96773 -10.11839 -2.141428 -17.95306 1.395863 -8.181339 7.497524 -7.878448 -2.749142 -17.48709
4.417686 -26.95839 -0.262779 0.53506 -5.386597 -0.30218 -13.49531 2.758068 -23.87836 8.103731 -17.15869 11.02195 -7.038239 5.154169 -20.9061
0.417686 -26.95839 -0.262779 -4.60275 -3.423295 -6.474566 2.339497 -1.995253 -8.121468 1.811669 -4.274852 -2.028558 6.658531 2.37647 -0.912952
-1.582314 -26.95839 -0.262779 -2.182954 1.382367 -1.391041 3.107759 -0.224416 -4.900822 4.365762 5.643925 2.487973 4.645143 0.678747 -3.57199
14.41769 -28.95839 -0.262779 3.664695 0.121338 -1.286215 2.279053 1.770922 1.434146 4.851007 1.406945 -0.83311 -1.136588 1.542261 3.357315
12.41769 -28.95839 -0.262779 2.158375 1.324631 -2.563071 0.194958 1.087099 1.213398 6.423355 3.842232 -0.811917 -2.188131 1.550381 3.088204
10.41769 -28.95839 -0.262779 0.808102 2.837766 -3.890507 -0.655322 1.187288 1.575135 5.270889 5.156455 -2.669779 -1.279743 1.04859 0.973896
6.417686 -28.95839 -0.262779 -1.993646 -4.868846 -2.353774 -5.441765 -5.141477 -17.18556 6.413817 -5.718867 7.281244 -1.747947 -6.475906 -22.91764
4.417686 -28.95839 -0.262779 2.879717 -12.239 -1.48401 -8.854574 -2.304914 -34.90683 21.80896 -17.72863 17.19892 2.441687 -0.245637 -41.67661
0.417686 -28.95839 -0.262779 -4.120461 -5.660003 -6.169448 -1.863494 0.67752 -4.826912 -5.07399 1.268838 -1.702928 6.329661 6.865648 -0.579589
14.41769 -30.95839 -0.262779 3.37363 1.997342 1.461685 2.868646 1.348344 1.565615 3.335382 5.192387 2.58426 2.452011 4.467685 0.065287
12.41769 -30.95839 -0.262779 -0.646678 0.236164 -4.891046 0.46993 -0.998825 3.889512 5.135655 5.333775 -2.723704 -0.086752 4.247188 5.860221
10.41769 -30.95839 -0.262779 0.168771 -2.310397 -5.369066 0.300775 0.438898 3.581164 5.72846 1.840762 -4.06241 -0.977924 5.288633 1.438149
8.417686 -30.95839 -0.262779 -0.259698 -3.932872 -2.353875 -1.053047 -0.102303 0.298668 2.327615 -1.603229 -0.424264 -0.737633 0.42009 -1.409561
6.417686 -30.95839 -0.262779 -2.726774 -2.932721 0.515818 -3.15754 -1.328322 -5.743881 2.906266 -0.232301 8.014506 -5.017515 -0.417884 -7.143055
4.417686 -30.95839 -0.262779 0.158861 -4.106654 4.44995 -4.276104 4.128604 -16.28674 10.23362 -0.118859 20.6781 -1.789982 8.430353 -15.82309
2.417686 -30.95839 -0.262779 2.549511 -3.166123 1.434244 -6.238992 4.140808 -6.424287 5.157917 6.653398 13.10624 2.965636 9.855538 -7.336962
14.41769 -32.95839 -0.262779 2.789729 0.620652 1.255671 -1.224104 0.408864 -1.195634 2.138023 4.819315 5.394714 1.210447 2.897807 -4.333891
12.41769 -32.95839 -0.262779 -3.119162 0.572753 -1.705948 -1.43957 0.96054 2.098893 -1.316677 5.112602 -0.571717 1.892394 3.127607 2.410259
10.41769 -32.95839 -0.262779 -1.531733 -3.324525 -2.579654 0.307077 0.542836 2.634632 0.071039 -0.400869 -2.985515 2.692983 3.32573 2.839025
8.417686 -32.95839 -0.262779 0.81727 -2.47858 -1.561554 2.675689 2.045223 2.666196 2.38439 -3.024792 -3.453188 0.594468 0.029007 1.340458
6.417686 -32.95839 -0.262779 0.788543 -0.275455 3.224245 -1.35252 3.090373 -1.860596 3.689164 4.251463 3.889839 -1.247989 4.12268 -0.621444
4.417686 -32.95839 -0.262779 -0.308537 1.195967 5.723766 -2.323204 3.502512 -5.253208 5.670661 11.90656 14.29623 -1.069431 10.38892 -1.05403
2.417686 -32.95839 -0.262779 3.70331 0.073352 2.072904 -3.034386 1.965717 -3.044598 5.928922 4.447863 8.875861 -0.805864 4.432294 -6.180057
12.41769 -34.95839 -0.262779 0.150926 0.635631 3.480535 -0.630968 1.786128 1.009741 2.023117 4.906233 7.008734 4.852174 2.0552 3.3326
10.41769 -34.95839 -0.262779 -1.986817 -1.51244 -2.841094 0.571358 -1.972415 1.592356 1.177465 -0.589607 -0.564176 0.552576 -1.280274 -1.562564
8.417686 -34.95839 -0.262779 1.308976 -2.566169 -1.30251 2.48604 0.740585 1.710549 1.278643 -4.655386 -3.585908 2.347795 -1.423576 -3.774413
6.417686 -34.95839 -0.262779 0.67638 0.16509 3.087975 1.824704 3.501378 3.115053 2.982531 4.711164 2.88649 3.152417 4.053917 1.185558
2.417686 -34.95839 -0.262779 3.580113 -1.836971 -0.23781 -1.211607 0.5121 -1.70943 6.332879 2.445187 1.980698 -0.340852 0.152735 1.215471
0.417686 -34.95839 -0.262779 -1.260971 -3.113271 -4.088894 0.575966 1.047404 -0.440028 0.282295 -1.450549 -4.114238 0.55871 3.738309 -2.512317
8.417686 -36.95839 -0.262779 2.43108 -0.958662 3.491337 0.533131 0.653499 0.083114 3.515207 3.29642 2.402988 4.105813 -0.936841 -3.445765
0.417686 -36.95839 -0.262779 -2.707219 -4.398011 -2.860519 -0.566684 2.052302 -1.57732 -3.560852 1.596587 -4.237316 3.303365 5.003708 -1.009573
-1.582314 -36.95839 -0.262779 -0.502429 -1.968653 -0.573429 -2.985207 1.837778 -1.133762 0.317508 1.635746 0.601459 0.090283 4.626112 1.987565
-3.582314 -36.95839 -0.262779 -0.205539 -0.265718 1.126675 -1.39449 1.732654 0.537637 0.870493 1.401411 3.983217 -1.181065 2.932473 8.042383
-5.582314 -36.95839 -0.262779 1.374351 -0.24142 0.134172 0.007649 1.62617 -0.694703 4.104597 0.311364 1.510775 0.770559 -0.60314 5.888636
-1.582314 -38.95839 -0.262779 -1.211571 -2.202686 1.061425 -0.194925 -0.071781 3.114986 -2.030164 0.963763 -0.22636 0.306516 2.252582 4.660373
-3.582314 -38.95839 -0.262779 1.829626 -2.487388 0.329409 0.161573 0.474229 2.925179 3.795249 -2.073956 2.031554 -0.262138 0.556534 3.989226
-5.582314 -38.95839 -0.262779 2.686993 -2.867465 0.463927 -0.640042 1.620793 -0.173594 4.590486 -1.252144 -0.718118 3.836352 -2.459649 6.21201
6.417686 -26.95839 1.737221 0.703063 6.436678 9.392688 -0.753174 0.132909 -14.14518 3.546973 6.43353 15.35632 7.194885 2.615061 -8.091932
-1.582314 -26.95839 1.737221 -6.731381 -1.315915 -3.436893 4.729788 -2.210943 1.807089 3.391084 4.19023 4.837615 14.05676 2.867645 6.157263
6.417686 -28.95839 1.737221 -3.128434 1.21011 -0.881708 -2.397564 -2.39291 -12.20883 0.072956 1.175038 2.66201 1.98373 -2.713062 -8.808764
4.417686 -28.95839 1.737221 -9.775764 -2.428429 -1.766606 -2.975338 -4.899745 -25.96601 12.46972 7.644744 15.8885 18.67584 6.264822 -19.65646
0.417686 -28.95839 1.737221 -10.45389 -5.932476 -7.637037 -2.594112 -2.132012 2.040861 -3.382211 -5.289684 4.027001 10.49204 3.988932 5.208752
-1.582314 -28.95839 1.737221 -9.152153 -3.498336 -2.865411 2.722889 -3.886502 4.49687 -0.685418 3.05568 6.333859 11.35625 3.442483 9.391291
14.41769 -30.95839 1.737221 2.713567 -0.233358 1.086872 -1.888439 -1.787286 -0.403302 3.907666 0.290318 4.970268 -2.050577 0.547019 2.074476
12.41769 -30.95839 1.737221 1.572802 -0.562768 -1.793664 -2.061348 -0.763888 0.173264 4.886273 3.015361 -0.241285 -3.791254 2.460155 0.6121
6.417686 -30.95839 1.737221 0.550258 -1.20567 2.768761 -1.732024 2.115466 -3.556273 -0.13688 -0.832993 3.443471 -3.388755 -0.322609 0.34748
4.417686 -30.95839 1.737221 -1.29924 -0.52359 7.088137 -1.583822 1.64856 -11.27767 8.139716 7.054466 16.77432 8.071941 7.582374 -6.656613
0.417686 -30.95839 1.737221 -9.282838 -5.176305 -5.673217 -7.089201 1.095231 7.057442 -5.813775 12.66977 8.780935 3.357406 11.19607 9.650043
-1.582314 -30.95839 1.737221 -2.214335 -0.093501 -1.633461 -1.717876 -0.009583 2.043802 0.271072 4.037296 2.359145 -1.819794 5.1245 1.748845
-3.582314 -30.95839 1.737221 1.716934 -2.107591 1.623984 -5.136922 2.724419 -2.049001 3.372684 -3.830852 3.340762 -9.307183 4.961421 -3.500178
-5.582314 -30.95839 1.737221 2.424718 -2.615225 2.80957 -1.575902 4.088971 1.036461 1.096722 -1.495459 1.878765 -4.825869 2.932617 1.269778
16.41769 -32.95839 1.737221 0.504149 -1.378795 2.345725 -1.28491 2.441147 1.216707 3.498397 1.829938 10.9479 -0.011736 5.629728 5.559875
14.41769 -32.95839 1.737221 1.243263 -1.618179 -0.664682 -2.241505 1.606405 -3.349508 2.446338 1.484435 6.297616 -0.566918 2.719558 -2.049537
12.41769 -32.95839 1.737221 -1.129699 -2.463532 -4.321319 -3.812573 2.829221 -3.613994 -0.183022 0.826962 -0.64573 -1.840987 3.520543 -4.764613
6.417686 -32.95839 1.737221 4.640623 -0.707934 6.24113 -0.547181 5.207038 -5.535888 3.39264 2.635126 3.570315 0.466072 1.668625 -5.711977
4.417686 -32.95839 1.737221 4.871967 3.870824 9.656986 -2.448586 5.572095 -5.884548 4.760163 8.191715 11.97533 -1.845516 7.736454 -6.885465
2.417686 -32.95839 1.737221 -1.573448 -1.975125 2.391587 -8.485612 1.415316 -1.180848 -2.054948 4.877508 9.192082 -8.3028 6.943954 -5.34072
0.417686 -32.95839 1.737221 -6.766308 -3.660347 0.404367 -6.300628 -1.046516 -0.927274 -5.621242 6.37583 8.946031 0.614037 5.529478 2.945036
-1.582314 -32.95839 1.737221 -3.869829 0.132425 0.596141 -2.519924 -1.728268 -2.212348 -2.203024 1.112703 4.66187 -0.175695 2.791473 2.141839
-3.582314 -32.95839 1.737221 0.065149 0.084735 0.421407 -5.53638 -0.434536 -4.287596 1.397656 1.477319 1.91974 -8.488626 1.48006 -5.060468
-5.582314 -32.95839 1.737221 1.213182 0.622566 -0.287144 -3.746472 -0.598919 -2.14751 3.034433 1.83497 -0.95544 -6.704981 -0.164467 -2.950423
14.41769 -34.95839 1.737221 1.669259 1.625 4.262563 0.724011 4.699845 -4.460711 7.173988 10.83575 15.39186 3.747911 9.704149 0.215711
12.41769 -34.95839 1.737221 3.335769 -3.077003 1.347474 -1.353272 5.650206 -3.736943 6.117145 -0.004912 5.484172 1.990793 6.027274 -1.706899
10.41769 -34.95839 1.737221 2.866828 -4.018742 -1.161648 -1.374614 3.7314 -0.543624 6.05949 -3.530234 1.269534 -0.482202 1.986731 -1.506726
8.417686 -34.95839 1.737221 2.452714 -5.506058 -2.406173 -1.409984 3.729104 -1.062015 5.307378 -5.539728 -2.908528 -0.702725 1.10747 -1.57244
6.417686 -34.95839 1.737221 3.031997 -1.589613 4.185997 -1.491322 5.959243 -2.05765 4.501489 1.783032 3.468304 0.550253 4.261297 -2.12526
2.417686 -34.95839 1.737221 3.307632 1.284272 2.526527 -5.575343 -0.087202 -5.8768 5.173058 -3.681406 5.898298 -6.706674 -0.952721 -12.58781
0.417686 -34.95839 1.737221 -1.703849 -2.626749 1.887928 -5.569799 -0.207103 -3.701409 -1.399549 -0.883627 5.204204 -2.202841 1.967627 -3.425271
-1.582314 -34.95839 1.737221 -5.779632 -1.212872 -0.528857 -5.039482 -0.389942 0.519893 -2.161332 2.610796 3.697073 -1.214442 3.774823 4.236551
-3.582314 -34.95839 1.737221 -3.598629 0.131476 -0.631985 -5.975327 -0.592786 0.450829 -1.864309 6.497628 -0.426341 -2.895653 0.643553 6.247519
12.41769 -36.95839 1.737221 4.418982 -1.131672 4.887536 3.368528 5.122172 -4.572021 11.62172 8.243409 13.67391 4.810367 10.60628 0.939427
10.41769 -36.95839 1.737221 6.567064 -1.267903 1.817017 -0.125117 4.755664 0.765903 9.876144 3.2396 2.376704 -0.313092 2.858626 4.450417
8.417686 -36.95839 1.737221 6.016572 -3.345538 2.374487 -4.675776 2.930157 -0.38223 9.294147 1.746358 3.192308 -0.892678 -0.649193 3.620692
6.417686 -36.95839 1.737221 3.937872 -2.260655 6.514845 -1.825652 3.730246 -1.80435 5.971176 5.45366 7.818949 3.441912 3.193503 2.631313
0.417686 -36.95839 1.737221 -0.437484 -5.703833 1.776862 -4.995856 1.554187 -3.459424 -0.40006 1.688503 2.375934 1.681564 4.444308 1.56286
-1.582314 -36.95839 1.737221 0.933042 -3.58256 1.300378 -4.606867 2.762859 -2.396583 0.552158 3.640169 0.834541 0.286927 3.37332 1.471009
0.417686 -38.95839 1.737221 -0.097049 -4.189392 1.420306 -2.984762 1.068648 -0.590953 0.518382 2.726013 -0.822337 3.34249 5.04828 4.236093
-1.582314 -38.95839 1.737221 3.029904 -4.988945 1.982454 -2.374943 0.735308 -0.774642 1.228664 0.80344 -1.607527 -0.02631 1.537226 -0.493558
-3.582314 -38.95839 1.737221 1.522259 -2.720523 -2.695909 -2.109025 0.768756 -0.181204 2.644273 1.520631 -3.282794 -3.333667 1.983662 -0.301721
-5.582314 -38.95839 1.737221 -1.832888 -3.438662 -2.313659 -2.181551 1.156584 -1.368621 2.989717 -1.033602 -0.395819 -1.263656 3.842151 4.703798
-1.582314 -40.95839 1.737221 2.405648 -4.381863 -2.224909 1.810323 -1.175626 2.081663 1.289128 -1.635542 -4.442633 2.612372 -0.702909 1.120043
-3.582314 -40.95839 1.737221 2.017525 -2.794768 -1.550877 -1.226773 0.638035 2.018114 1.730846 3.829508 -5.528316 -0.454125 2.964752 0.911535
-5.582314 -40.95839 1.737221 -1.201006 -2.20836 1.373379 -3.258088 1.363136 -0.95909 0.439659 3.338286 0.23681 -0.567685 6.475658 -1.803284
6.417686 -26.95839 3.737221 2.183416 4.476067 5.731102 3.236282 0.211962 -2.224753 6.125445 5.306755 9.804469 7.013403 2.398309 0.255669
6.417686 -28.95839 3.737221 -3.178091 -0.254734 0.168177 -1.372756 -0.411984 -3.319084 1.165679 0.964039 2.409665 -0.975241 -0.944618 0.579195
4.417686 -28.95839 3.737221 -12.24712 -0.168041 -2.534715 -4.527495 -5.05968 -6.367461 1.451736 15.41311 8.789452 7.422391 5.062373 0.86451
16.41769 -30.95839 3.737221 0.55587 1.814684 -0.006981 0.876334 -0.478397 0.206459 2.241665 0.515633 2.845641 -1.131336 3.978608 -1.472399
6.417686 -30.95839 3.737221 -1.134056 -1.191838 3.090098 0.239786 1.69837 -3.57835 0.152994 -1.675513 3.740138 -2.341403 -0.968538 1.73019
4.417686 -30.95839 3.737221 -2.973917 -1.040732 0.676836 -3.85787 -2.515026 -5.235003 5.282734 5.262204 6.489242 -0.38394 1.901285 2.000131
-1.582314 -30.95839 3.737221 -3.715544 -1.223763 -3.018357 -1.061792 2.250368 1.425363 2.724527 2.76142 3.351329 -0.818784 7.907755 -0.304699
-3.582314 -30.95839 3.737221 -1.056802 -1.254708 1.160613 -2.084136 -0.231803 -0.712171 1.290285 -2.800193 2.440013 -2.588363 1.666398 -0.898281
-5.582314 -30.95839 3.737221 -0.316254 0.945724 2.910149 1.291192 0.058689 -0.512696 0.800153 0.886894 1.791795 -0.005421 -0.762329 -3.307738
-7.582314 -30.95839 3.737221 1.154902 0.935888 4.065382 0.297748 -0.91565 -5.246687 2.266599 2.944935 5.234808 -1.497296 -3.111861 -8.906136
16.41769 -32.95839 3.737221 1.014048 -0.278019 5.30005 -1.579833 3.329462 -4.212429 4.342216 3.641169 9.399248 -2.355402 7.034855 -2.623311
14.41769 -32.95839 3.737221 0.519957 -1.633285 2.581639 -1.543764 2.039646 -5.573351 1.475976 0.561012 5.893062 -1.928937 1.810793 -4.892041
6.417686 -32.95839 3.737221 2.685175 -0.308163 4.40614 -0.86656 2.995046 -5.515435 4.771838 0.555832 5.467563 -1.974098 0.49589 -3.117323
4.417686 -32.95839 3.737221 9.746307 3.14502 5.989182 -1.947083 4.979159 -5.385869 9.590591 0.630513 6.395024 -11.02387 1.505205 -4.20455
-1.582314 -32.95839 3.737221 -3.388399 -4.400846 1.299137 -3.055465 -1.279066 -3.663109 0.711819 0.597578 4.5719 0.780915 3.138858 -3.562784
-3.582314 -32.95839 3.737221 -2.49018 2.203126 0.309636 -2.293476 -2.962093 0.074463 1.578079 4.374421 0.862941 -3.884864 -1.156032 -0.829631
-5.582314 -32.95839 3.737221 -0.751847 3.908438 1.916584 1.610421 -4.111394 2.363075 2.425528 3.421779 -0.054892 -1.436693 -4.250665 -1.250526
14.41769 -34.95839 3.737221 4.638145 -2.674091 6.496965 -1.239312 6.461626 -7.8056 6.968709 -0.168244 9.703126 -1.497635 7.209929 -4.912016
12.41769 -34.95839 3.737221 3.688996 -5.025775 1.493382 -1.770934 6.008716 -4.458461 4.725198 -4.872061 1.501445 -4.000494 4.46997 -1.420523
6.417686 -34.95839 3.737221 3.443245 -0.790321 2.065031 -5.60644 4.888321 -1.616857 4.15257 -0.780985 4.11198 -7.580311 3.922144 1.648736
4.417686 -34.95839 3.737221 6.481895 3.405005 3.267112 -2.804208 3.676939 -1.01847 4.083837 -1.591784 2.259433 -13.90763 -0.121206 -4.04512
-3.582314 -34.95839 3.737221 -3.334456 1.404548 -1.473349 -2.212523 -2.016582 0.710072 0.000265 6.400507 -1.66657 -0.425862 -0.655995 -0.300559
12.41769 -36.95839 3.737221 8.076165 0.478696 4.443351 3.017081 5.108262 -5.274402 12.60884 1.980791 10.14804 -0.47691 7.903562 -4.230145
10.41769 -36.95839 3.737221 7.079091 0.293003 1.606529 0.704586 3.022189 -3.037056 7.071336 -1.265721 3.384819 -3.861708 2.405337 -6.464656
8.417686 -36.95839 3.737221 6.224163 -1.199117 0.596403 -2.811034 2.426994 -1.097421 6.914171 0.957884 1.084295 -1.936872 -1.546107 -1.090049
6.417686 -36.95839 3.737221 3.74201 -0.978884 3.135492 -3.455194 2.325743 -1.884535 3.89651 0.258327 5.628654 -1.922852 0.542248 1.032658
0.417686 -36.95839 3.737221 -3.082535 -7.506176 -0.107505 -4.826862 -1.357367 -1.188496 -0.087121 1.757685 1.551041 -2.032934 -0.531235 9.847742
-1.582314 -36.95839 3.737221 -1.52365 -3.664692 -0.534921 -3.520823 -0.959088 -0.948641 -2.17609 1.613794 -3.072293 -2.501059 -1.626443 2.582491
-3.582314 -36.95839 3.737221 0.442663 -0.392343 -1.998957 -0.599411 0.894782 -1.854924 -0.489218 0.903232 -3.877802 -2.524562 -0.215767 -4.498693
10.41769 -38.95839 3.737221 4.138892 -0.16396 0.080631 2.029217 1.508118 -2.527308 6.69222 -1.597233 3.532983 -0.953051 3.608382 -6.325898
8.417686 -38.95839 3.737221 4.602304 -0.607586 2.244565 -0.108542 4.173349 -1.126247 4.79412 2.171617 3.541362 0.124405 2.638504 -0.44557
6.417686 -38.95839 3.737221 4.386318 -0.428255 5.457126 0.12024 3.607741 -2.017239 6.111972 4.821358 7.498987 4.918331 5.06867 0.426789
2.417686 -38.95839 3.737221 -3.861362 -4.349566 -2.745974 -5.285625 2.147097 -1.084732 1.301959 -0.841487 2.298352 -3.634215 4.024197 4.553063
0.417686 -38.95839 3.737221 -1.853393 -6.597086 -1.136216 -3.415524 -1.085563 -1.773583 0.925166 4.538345 -1.902544 1.558832 0.070156 7.934361
-5.582314 -38.95839 3.737221 -1.12789 -1.768284 -1.897214 -1.476709 3.313584 2.749541 -0.627682 1.4338 -1.767018 -4.959926 3.780373 4.339024
0.417686 -40.95839 3.737221 1.895791 -3.717271 -2.777949 -0.220598 -1.489862 -1.865457 3.148441 4.070741 -2.272953 2.958688 -1.486203 2.459373
-1.582314 -40.95839 3.737221 0.97105 -5.631518 -1.795616 -1.738162 -1.024666 -2.521358 0.986687 2.422407 -2.655895 0.452484 -1.285637 -0.490594
-3.582314 -40.95839 3.737221 2.623031 -2.77803 0.071618 -2.154664 1.883829 -0.739268 1.846469 2.08529 -2.679099 -1.751347 1.670552 -2.389494
16.41769 -30.95839 5.737221 0.81522 -0.474534 1.771843 2.560222 0.852601 -2.063175 2.323097 -1.091377 -0.413158 0.995925 0.475976 -5.003724
10.41769 -30.95839 5.737221 -0.058159 -1.074957 1.134011 -1.093727 2.721451 0.034415 2.787166 -2.783381 1.273967 -0.754296 4.934357 -4.239892
6.417686 -30.95839 5.737221 -1.774477 0.965664 0.693706 1.239565 0.347992 -0.420673 -0.099728 0.235429 1.026176 1.229398 -0.055411 0.397033
4.417686 -30.95839 5.737221 -6.529828 1.244892 -4.015825 -2.227251 -1.050627 -0.666581 -3.829825 2.850774 -4.512815 -0.652961 2.331376 0.279053
-7.582314 -30.95839 5.737221 0.606304 3.340796 5.023592 1.859723 0.392522 -4.96182 -0.424286 6.97264 3.426765 1.173234 1.950355 -5.964852
-9.582314 -30.95839 5.737221 2.621324 0.617703 2.637788 1.029092 -1.837384 -2.301876 3.266822 0.919042 4.386805 1.198102 -1.091278 -3.232692
16.41769 -32.95839 5.737221 4.005812 -1.28101 5.832263 0.933655 3.858414 -4.328567 5.359138 1.568335 4.129063 1.226266 3.048889 -3.088039
14.41769 -32.95839 5.737221 -0.908758 -1.41927 1.991119 2.417701 0.978226 -3.464327 0.561319 3.049877 4.332426 2.799097 1.368679 -4.849287
10.41769 -32.95839 5.737221 -1.601207 0.53424 2.166147 -0.284883 2.364991 0.940775 -0.989631 -0.44027 4.651366 -1.065836 4.948561 -3.51194
8.417686 -32.95839 5.737221 -1.130281 -0.069583 2.483435 -1.018139 2.136721 -0.279068 1.507746 -1.779159 5.010109 -1.886224 5.192809 -4.337125
6.417686 -32.95839 5.737221 -0.86517 0.713065 2.107108 1.605361 0.522672 1.452924 2.986402 -1.397079 4.555379 0.484759 1.923702 3.706415
4.417686 -32.95839 5.737221 3.447818 1.151908 1.44295 2.781985 1.824342 -0.861595 7.355596 -3.612263 2.987769 -1.140083 0.70178 0.384049
14.41769 -34.95839 5.737221 3.837472 -2.049208 4.067761 1.004074 2.526515 -4.315253 4.394588 0.704094 5.605308 1.433184 0.889953 -5.976034
10.41769 -34.95839 5.737221 1.887333 0.640285 2.155828 1.89039 2.371095 -0.650048 0.120798 -0.390622 0.809245 -1.699488 2.346077 -6.027463
8.417686 -34.95839 5.737221 -0.470215 -1.38135 1.096012 -0.57576 1.814936 -0.295667 -1.111991 -3.729594 0.253639 0.618554 1.824663 -4.19784
6.417686 -34.95839 5.737221 -0.181547 -0.249618 -0.290587 -0.853772 1.743411 2.959795 2.915818 -1.3909 4.323571 0.393084 3.606772 5.946474
4.417686 -34.95839 5.737221 4.621763 1.520086 0.498491 1.953635 1.446853 0.153814 6.117908 -2.333225 1.662252 -0.717243 0.899301 -4.14539
12.41769 -36.95839 5.737221 6.724055 2.510357 5.969776 2.046285 4.297228 -2.100171 6.02172 1.174361 5.175446 -2.210446 2.724787 -6.989945
10.41769 -36.95839 5.737221 2.148497 0.880057 -0.117469 0.895176 1.09564 -0.60719 0.198987 -0.825601 -2.541954 -5.515507 0.771505 -8.553269
8.417686 -36.95839 5.737221 1.393884 -3.541137 0.320755 -3.268144 2.336881 -0.867118 -1.670645 -3.160055 -2.280708 -2.325277 0.470184 -1.234557
6.417686 -36.95839 5.737221 0.61952 -3.77204 2.445312 -2.804708 0.467419 -1.68013 1.880844 -2.518629 5.702798 2.081905 -0.52861 3.06331
0.417686 -36.95839 5.737221 -6.873873 -4.707792 -2.447105 -2.993182 -5.382624 -1.832811 -3.646864 5.419088 -2.358231 0.51363 -3.121823 0.0644
-1.582314 -36.95839 5.737221 -6.126713 -2.941641 -0.938836 -2.868903 -3.094209 -0.699797 -4.430519 2.119777 -1.831686 -1.978523 0.043165 1.114978
12.41769 -38.95839 5.737221 4.690974 6.741271 10.63975 0.450839 5.991964 -1.023366 5.408895 11.50791 14.64841 -2.947394 7.506944 -7.581831
10.41769 -38.95839 5.737221 0.255725 0.753241 3.591497 -3.09057 3.270124 0.077471 -2.92481 -0.113047 2.060554 -9.363614 2.414439 -7.652686
8.417686 -38.95839 5.737221 1.435943 -4.668432 5.789401 -6.005587 6.215733 -2.577167 -4.610828 -0.487663 3.889696 -8.283757 5.060909 -1.020394
6.417686 -38.95839 5.737221 3.479198 -3.347242 8.722352 -3.556534 3.928911 -5.686833 4.642665 4.343414 11.68222 -0.57757 4.978747 -1.252366
0.417686 -38.95839 5.737221 -2.596922 -3.183819 -0.332734 -1.923644 -2.831039 0.062846 -1.903432 4.914975 -3.783747 0.274981 -3.43472 3.287702
-5.582314 -38.95839 5.737221 0.88758 -2.259601 2.079314 -0.165868 1.997527 1.254986 0.134279 -2.212203 1.285741 -3.732296 2.177165 -1.2698
0.417686 -40.95839 5.737221 0.498014 -2.127347 -0.901274 -0.570998 -2.132745 -1.971738 0.013092 2.665863 -1.530793 0.412984 -2.68406 -0.385001
-1.582314 -40.95839 5.737221 0.3345 -3.567554 1.578969 -2.742831 0.300611 -0.865405 0.029551 0.959286 1.320584 -2.841016 -0.102533 0.869019
-3.582314 -40.95839 5.737221 1.055429 -1.102079 1.652487 -4.089008 2.294197 -0.850014 0.681018 -0.435085 -0.641877 -5.163057 2.779234 -2.855663
-1.582314 -42.95839 5.737221 0.014559 0.688589 0.718864 -1.355597 3.384948 2.319298 0.184469 9.025295 1.978443 -0.769291 3.704719 4.887628
12.41769 -28.95839 7.737221 -0.099992 1.329266 3.124023 -0.84634 1.90104 -1.329337 -2.069361 4.209178 1.700321 0.054046 1.549936 -1.475119
10.41769 -28.95839 7.737221 -1.487074 0.329913 5.737737 0.771717 1.485871 3.957155 -3.90961 3.706184 3.441602 0.988664 0.090949 2.773184
12.41769 -30.95839 7.737221 -1.42654 1.541034 0.654277 2.073305 0.51438 0.758998 -2.044908 1.652952 -1.741854 2.162197 -1.899388 -2.571314
10.41769 -30.95839 7.737221 -3.94759 -2.090374 2.156364 -1.953043 1.243819 1.613421 -4.237144 -1.338002 0.585051 -1.498542 2.168292 -0.321345
8.417686 -30.95839 7.737221 -0.06627 -1.428782 2.986648 -0.920538 1.902758 1.524583 1.444223 -1.322529 3.220058 -2.209746 1.042516 -1.961369
-9.582314 -30.95839 7.737221 0.186412 -3.506629 0.104444 -1.55979 -2.810424 -2.060503 1.12462 -0.63699 1.503214 1.993462 -3.652169 0.114798
16.41769 -32.95839 7.737221 1.501701 -2.018154 1.996771 1.926309 4.31417 -1.845534 1.207108 1.906667 0.578292 0.121239 5.382428 -3.323483
14.41769 -32.95839 7.737221 -0.627994 -0.529471 2.018754 3.237159 2.188793 0.091383 -0.711068 1.750012 0.885156 0.115556 0.45344 -2.996083
10.41769 -32.95839 7.737221 -4.373882 -2.601937 0.561343 -2.640089 0.647861 -2.917563 -5.076842 -2.654029 -1.210071 -1.942178 1.145325 -4.691197
8.417686 -32.95839 7.737221 -2.12432 -2.739772 2.990973 -0.844847 0.94104 -1.196214 -3.019018 -1.243325 1.361784 -1.768811 1.919811 -2.873151
14.41769 -34.95839 7.737221 0.781734 1.044454 0.793181 2.50747 1.311973 -0.44769 1.048471 4.492729 2.353343 2.517589 0.053242 -1.116235
8.417686 -36.95839 7.737221 -2.974282 -3.661622 0.619633 -0.366525 1.499427 0.440465 -5.020926 -6.352275 -1.442301 -2.492069 1.188797 1.556367
12.41769 -28.95839 9.737221 1.191382 -1.230085 2.157296 -1.541651 1.809564 -1.312762 -2.415475 0.133335 2.255483 -3.769176 -0.593491 -4.137448
