-22.92483 7.274551 -3.88913 2.05784 2.008395 0.366319 0.524267 1.375972 1.703144
-2.924828 5.274551 -3.88913 7.506799 3.724329 4.07388 3.473469 2.549007 0.952522
-4.924828 5.274551 -3.88913 2.555116 0.4565 1.373069 1.017121 1.769795 0.252547
-6.924828 5.274551 -3.88913 -0.867426 -1.291088 -0.649376 -0.193213 -0.632909 -1.587557
-20.92483 5.274551 -3.88913 2.372236 0.500218 0.419158 2.166854 1.352887 0.216381
-22.92483 5.274551 -3.88913 2.886748 0.113455 0.459374 0.777292 1.279738 -0.354202
-24.92483 5.274551 -3.88913 3.618746 1.018363 -1.416786 -2.157286 2.117594 0.524442
-2.924828 3.274551 -3.88913 7.034153 3.92434 2.326816 0.530928 4.086432 3.26012
-4.924828 3.274551 -3.88913 4.057486 1.69428 2.584554 2.837124 2.69958 2.083964
-6.924828 3.274551 -3.88913 1.431324 -0.216066 -0.254374 -0.37646 0.885757 -0.043169
-20.92483 3.274551 -3.88913 0.438144 -0.304816 -0.894224 -0.51095 0.896218 0.530368
-22.92483 3.274551 -3.88913 -0.904431 -3.360802 -0.359836 -1.054891 0.068469 -1.503412
-24.92483 3.274551 -3.88913 1.711568 -0.283986 0.37034 1.68305 0.778417 -0.528544
-2.924828 1.274551 -3.88913 4.962155 1.767956 -0.311919 -0.928672 4.781713 4.290168
-4.924828 1.274551 -3.88913 5.836371 2.121694 1.613449 3.422916 4.809439 4.710102
-20.92483 1.274551 -3.88913 -0.77826 0.847209 -2.089334 -0.710577 0.122298 1.168066
-22.92483 1.274551 -3.88913 -1.19655 -2.006357 -2.770859 -2.518285 1.288148 0.800379
-24.92483 1.274551 -3.88913 -1.597547 -2.388462 -1.699378 -0.812392 0.564254 -0.3991
-4.924828 7.274551 -1.88913 4.542225 -10.32122 -0.342246 -5.26644 -0.622624 -9.994913
-8.924828 7.274551 -1.88913 -8.865054 5.129948 5.167785 4.554035 -2.540801 1.87349
-22.92483 7.274551 -1.88913 2.351274 1.424089 1.05141 1.444544 0.740822 0.658987
-4.924828 5.274551 -1.88913 4.369003 0.606294 1.617689 1.476208 0.301568 -1.790668
-6.924828 5.274551 -1.88913 -2.299191 -0.468511 2.179202 3.689895 -1.311931 -0.820678
-8.924828 5.274551 -1.88913 -4.373558 3.286712 3.725191 4.457429 1.073352 4.210926
-18.92483 5.274551 -1.88913 0.53212 -1.180969 -0.493604 -1.047448 -1.023086 -2.186823
-20.92483 5.274551 -1.88913 0.804891 1.405524 -0.336545 1.749346 0.78002 1.451724
-22.92483 5.274551 -1.88913 0.16688 2.015948 -0.978795 -0.424899 1.058275 2.956184
-2.924828 3.274551 -1.88913 4.256343 2.932029 2.883051 3.71384 3.15948 1.191454
-4.924828 3.274551 -1.88913 2.758504 2.217883 3.599381 4.491953 2.803179 2.084144
-6.924828 3.274551 -1.88913 0.499134 1.139915 1.188301 2.711349 0.998203 1.07533
-8.924828 3.274551 -1.88913 -3.701726 -1.040175 0.773039 2.127948 0.174459 1.22023
-18.92483 3.274551 -1.88913 2.306685 3.471587 3.413911 7.427281 1.491786 2.529751
-20.92483 3.274551 -1.88913 0.264048 0.22918 0.341216 2.163558 0.509135 0.815666
-22.92483 3.274551 -1.88913 -1.225958 -0.643316 -0.565741 0.394701 0.283695 0.847105
-24.92483 3.274551 -1.88913 -0.771121 0.641983 -0.753095 1.688382 1.620683 1.982455
-2.924828 1.274551 -1.88913 1.207361 1.17081 0.644508 -0.560435 3.454361 3.759992
-4.924828 1.274551 -1.88913 -1.727987 -1.082488 2.875198 3.547198 2.498214 3.303973
-6.924828 1.274551 -1.88913 -4.96291 -4.021389 1.446528 0.645759 0.622566 1.013153
-18.92483 1.274551 -1.88913 0.120854 2.380662 1.81736 5.118724 -0.664358 1.160596
-20.92483 1.274551 -1.88913 2.27981 1.948809 -0.642857 -0.393595 1.407877 1.572302
-22.92483 1.274551 -1.88913 -0.088392 -0.828658 -1.900446 -2.055709 1.572328 1.554358
-24.92483 1.274551 -1.88913 0.084278 -1.590148 -0.75074 0.119828 0.096051 -1.21753
-2.924828 -0.725449 -1.88913 1.987873 1.114363 -0.321987 0.237306 1.686277 1.75175
-4.924828 -0.725449 -1.88913 0.393704 0.810484 3.273188 6.914855 2.286299 3.619381
-22.92483 -0.725449 -1.88913 1.138746 0.530677 -1.212924 -0.310175 2.244546 3.056739
-24.92483 -0.725449 -1.88913 -3.139229 -2.345694 -1.08706 -0.316047 -0.238838 0.602817
-8.924828 7.274551 0.11087 7.987808 7.661827 4.938288 5.871214 0.452162 1.638585
-10.92483 7.274551 0.11087 3.633468 4.157197 5.020154 6.707146 1.03217 1.653773
-4.924828 5.274551 0.11087 9.565992 11.64298 2.974247 3.077782 4.365603 6.60452
-6.924828 5.274551 0.11087 7.330896 7.205621 4.05683 5.536102 3.834945 5.69027
-8.924828 5.274551 0.11087 0.502048 0.920173 1.715855 2.518056 -0.06032 -0.307791
-10.92483 5.274551 0.11087 1.284055 1.035515 1.944739 3.673793 -2.085756 -3.312553
-18.92483 5.274551 0.11087 -0.833695 -3.311942 2.67283 1.500577 -2.814088 -5.660836
-20.92483 5.274551 0.11087 1.167369 -0.108401 0.788487 -0.007014 -1.43644 -2.940438
-22.92483 5.274551 0.11087 -0.418197 -2.442619 -1.252495 -4.786551 -1.61872 -2.747048
-2.924828 3.274551 0.11087 5.488958 3.62576 2.964567 2.198601 1.168794 -1.034379
-4.924828 3.274551 0.11087 4.508169 5.625061 4.237422 6.409615 3.874107 5.489982
-6.924828 3.274551 0.11087 4.312731 4.388001 5.248083 8.290318 4.139259 5.107387
-8.924828 3.274551 0.11087 -0.839113 0.31439 1.938426 4.247507 -0.297192 -0.588538
-10.92483 3.274551 0.11087 0.628927 -1.264183 1.461631 3.199623 0.509457 -0.355423
-18.92483 3.274551 0.11087 1.444664 2.027315 3.027929 4.088834 -1.323392 -1.253247
-20.92483 3.274551 0.11087 2.460942 1.903286 1.407717 1.698529 -1.300673 -2.134017
-22.92483 3.274551 0.11087 1.421808 0.680712 1.367167 2.634924 -2.094886 -2.439611
-24.92483 3.274551 0.11087 -0.15933 -0.774095 2.180056 3.105894 -1.605194 -2.877795
-2.924828 1.274551 0.11087 3.319321 5.076691 1.563428 -0.886977 -1.218894 -0.264966
-4.924828 1.274551 0.11087 -3.007312 0.393517 2.052287 0.188455 3.391435 6.360629
-6.924828 1.274551 0.11087 -6.379385 -1.915059 2.755209 4.498171 2.983349 5.69413
-8.924828 1.274551 0.11087 -6.014546 -4.657827 0.822621 3.352819 -0.872575 -0.624097
-18.92483 1.274551 0.11087 0.040551 1.226597 -0.0819 0.677955 -1.412709 -0.443712
-20.92483 1.274551 0.11087 2.7942 2.620126 1.189201 -0.040669 -0.436524 -0.962242
-22.92483 1.274551 0.11087 0.442272 0.089602 -0.489821 -0.334795 -0.395366 -0.590103
-2.924828 -0.725449 0.11087 3.403307 6.309132 2.638368 5.761507 1.374237 3.635284
-4.924828 -0.725449 0.11087 -0.129963 2.041145 5.163698 8.945813 3.183132 5.71047
-6.924828 -0.725449 0.11087 -2.229692 0.613702 3.078835 4.648112 1.201164 3.155015
-8.924828 -0.725449 0.11087 -3.225571 -1.050552 1.431447 3.178267 -1.463968 -0.089814
-18.92483 -0.725449 0.11087 -1.934991 -2.531998 -0.339934 0.998836 -1.448189 -2.057293
-20.92483 -0.725449 0.11087 1.046601 0.116328 0.511344 0.152951 -1.129519 -1.859957
-22.92483 -0.725449 0.11087 2.140713 1.063625 -0.196702 -0.757785 -0.869343 -1.030431
-24.92483 -0.725449 0.11087 0.637692 -0.410982 -0.427941 -2.697242 -1.377053 -1.404373
-2.924828 -2.725449 0.11087 3.843233 3.583307 5.351739 8.520877 1.792439 2.789305
-4.924828 -2.725449 0.11087 5.164925 4.457928 5.515751 9.263021 2.297902 3.160967
-22.92483 -2.725449 0.11087 -0.422674 -2.400082 3.402239 3.695413 -0.424664 -0.773906
-24.92483 -2.725449 0.11087 -0.504157 -1.84045 -1.257355 -2.023157 -0.676117 -1.124145
-22.92483 -4.725449 0.11087 -2.199338 -4.739379 2.52966 2.364451 0.444059 -0.488732
-24.92483 -4.725449 0.11087 -0.074645 -2.318531 1.50357 2.888861 0.427028 -0.465424
-26.92483 -4.725449 0.11087 2.878965 0.613715 0.427365 1.04448 1.88817 1.565894
-6.924828 7.274551 2.11087 7.583038 8.445443 3.230525 4.545022 2.572614 3.540909
-8.924828 7.274551 2.11087 1.79996 0.880376 -0.176444 0.05433 -0.627127 -0.320985
-18.92483 7.274551 2.11087 -1.99919 -4.849825 -2.117493 -5.077254 -4.034476 -5.905785
-4.924828 5.274551 2.11087 6.908218 12.1953 7.196181 13.66175 5.396873 10.40711
-6.924828 5.274551 2.11087 6.442905 6.699256 7.60847 12.28541 5.313123 7.216766
-8.924828 5.274551 2.11087 -0.484981 -1.661112 2.006945 3.981445 0.704012 -0.465982
-10.92483 5.274551 2.11087 0.53498 -1.131237 1.498541 3.043929 0.482814 -0.489698
-18.92483 5.274551 2.11087 2.887331 -1.685254 2.093399 0.500777 -0.549286 -3.424433
-20.92483 5.274551 2.11087 2.73314 1.79349 -1.028689 0.510234 -2.555606 -4.186407
-4.924828 3.274551 2.11087 7.932119 8.528889 7.828074 13.66751 5.412767 8.326383
-6.924828 3.274551 2.11087 3.482973 3.845742 5.108868 9.187489 3.596112 4.977069
-8.924828 3.274551 2.11087 2.730904 0.824574 2.523291 4.374724 1.648498 -0.07928
-10.92483 3.274551 2.11087 2.704083 -1.329939 2.399141 2.801885 1.787602 -0.572926
-16.92483 3.274551 2.11087 1.842241 -0.507656 -0.425789 -4.245251 -0.081013 -1.361524
-18.92483 3.274551 2.11087 2.297847 0.034208 1.906468 -0.034693 -1.335284 -2.631737
-20.92483 3.274551 2.11087 3.545808 1.140933 1.442074 0.583866 -0.923099 -2.865961
-4.924828 1.274551 2.11087 2.910704 2.142295 6.439476 7.921784 6.891646 9.594394
-6.924828 1.274551 2.11087 -2.274309 -0.921244 3.36357 8.274337 3.253544 5.736919
-8.924828 1.274551 2.11087 -1.25445 0.66402 1.841034 7.079651 0.601477 1.813396
-10.92483 1.274551 2.11087 -2.610844 -2.59382 -0.710811 2.184674 1.048295 0.549713
-16.92483 1.274551 2.11087 -0.712989 -2.117548 -0.516272 -3.741302 -1.143614 -1.811556
-18.92483 1.274551 2.11087 0.107454 -2.186923 -0.588659 -2.088685 -1.268365 -2.467857
-20.92483 1.274551 2.11087 1.004733 -0.121205 2.009484 1.890192 -1.327294 -2.609642
-22.92483 1.274551 2.11087 1.584352 1.166061 2.092155 3.68292 -1.563174 -2.179277
-2.924828 -0.725449 2.11087 1.322566 7.851572 -2.234581 0.046378 -0.953535 2.572716
-4.924828 -0.725449 2.11087 2.503826 1.183989 2.982924 1.814348 4.188084 4.60206
-6.924828 -0.725449 2.11087 -2.615548 -3.614545 -1.151751 -2.563707 -0.640288 -0.816293
-8.924828 -0.725449 2.11087 -2.333222 -0.682555 0.771325 2.578402 -2.457346 -1.356162
-18.92483 -0.725449 2.11087 -0.877375 -4.94123 -0.492711 -2.910355 0.622076 -1.727006
-20.92483 -0.725449 2.11087 -0.048646 -3.94013 1.595965 0.401128 -0.86437 -3.752416
-22.92483 -0.725449 2.11087 2.315074 -0.374528 0.49776 -1.317471 -1.442736 -3.317065
-2.924828 -2.725449 2.11087 0.929629 2.117777 -1.76317 -3.888116 2.438889 3.807878
-4.924828 -2.725449 2.11087 4.775473 2.290829 2.171896 0.323632 1.39745 0.053928
-6.924828 -2.725449 2.11087 0.205246 -2.724198 -1.178238 -4.629253 -0.995924 -2.526626
-20.92483 -2.725449 2.11087 0.87615 -4.322338 2.088429 -0.21925 1.778478 -0.469816
-22.92483 -2.725449 2.11087 0.492684 -1.172676 3.190292 1.625298 0.538846 0.503717
-24.92483 -2.725449 2.11087 4.361398 1.672715 -0.618822 -2.545234 0.942961 -0.24206
-0.924828 -4.725449 2.11087 -5.504357 -15.38377 -2.612892 -20.85853 -4.612483 -9.105314
-2.924828 -4.725449 2.11087 -1.160385 -3.163414 0.753188 -4.65563 -1.550084 -1.636738
-4.924828 -4.725449 2.11087 2.958709 1.189224 1.586509 2.067744 -1.243492 -2.15213
-22.92483 -4.725449 2.11087 0.852171 -1.465482 4.041465 2.127533 1.779911 1.692195
-24.92483 -4.725449 2.11087 1.68948 -0.120367 0.645187 0.569108 0.07203 -0.824028
-24.92483 -6.725449 2.11087 -0.429258 -1.97962 1.572483 0.954558 1.286696 0.295827
-26.92483 -6.725449 2.11087 -1.018522 -1.945266 1.737469 1.212342 1.539545 1.595242
-8.924828 7.274551 4.11087 -6.472239 -6.664304 -1.610819 -3.654985 -1.812698 -2.509037
-16.92483 7.274551 4.11087 2.820116 -0.856712 1.282445 -0.705341 2.18375 0.576667
-18.92483 7.274551 4.11087 4.066783 1.415571 0.601907 -1.368266 1.200947 0.079395
-6.924828 5.274551 4.11087 -1.33171 -0.808132 0.086322 1.087166 -0.083298 -0.372326
-8.924828 5.274551 4.11087 -4.139813 -6.448645 0.149897 -2.518943 -1.099668 -3.636017
-16.92483 5.274551 4.11087 1.75093 -0.821169 1.465246 -0.094098 3.230674 2.322556
-18.92483 5.274551 4.11087 4.757569 0.98133 4.943218 4.002278 3.07837 2.332206
-6.924828 3.274551 4.11087 -1.144515 -0.26692 0.647222 2.821759 -1.769096 -1.797543
-8.924828 3.274551 4.11087 -0.64357 -1.917497 0.005621 -0.588281 -1.01628 -2.858497
-10.92483 3.274551 4.11087 -0.51929 -4.452706 -0.895183 -3.364653 -1.649403 -4.640838
-16.92483 3.274551 4.11087 4.125505 1.037422 3.532249 2.792748 2.225603 0.564016
-18.92483 3.274551 4.11087 6.072614 1.288867 4.188859 3.270829 2.297465 0.419049
-20.92483 3.274551 4.11087 4.066524 -1.416396 2.53406 0.334609 2.15543 -0.511565
-6.924828 1.274551 4.11087 -1.14353 -0.848286 2.700048 4.484148 -0.552585 0.030134
-8.924828 1.274551 4.11087 -0.587761 -1.515878 1.195442 1.841765 -0.185942 -0.673981
-10.92483 1.274551 4.11087 -0.836704 -5.282847 -1.198962 -3.801425 0.43653 -2.066045
-16.92483 1.274551 4.11087 1.759546 -0.234407 1.827607 0.793515 -0.846329 -1.686564
-18.92483 1.274551 4.11087 3.345384 -0.584909 2.431821 1.991307 0.459509 -1.258568
-20.92483 1.274551 4.11087 1.434975 -3.146651 4.137801 3.121837 2.223793 0.301363
-2.924828 -0.725449 4.11087 -7.55362 -3.543025 -3.72451 -2.453683 -0.283955 1.60213
-4.924828 -0.725449 4.11087 2.314085 2.06357 0.621738 1.393155 1.618514 1.488988
-6.924828 -0.725449 4.11087 -3.552164 -5.109823 -0.718767 -3.748195 -2.673966 -4.001621
-8.924828 -0.725449 4.11087 -1.585921 -1.604493 1.424306 0.66516 -0.971587 -0.692105
-16.92483 -0.725449 4.11087 -0.545645 -1.075009 -0.336143 -1.332121 -0.187767 -0.046129
-18.92483 -0.725449 4.11087 0.159194 -3.097723 -0.419723 -2.283734 1.493563 -0.216528
-20.92483 -0.725449 4.11087 -2.479465 -3.759315 3.592349 3.763969 1.634525 1.082406
-2.924828 -2.725449 4.11087 -9.709354 -3.486929 -6.533637 -9.601337 3.004423 8.249962
-4.924828 -2.725449 4.11087 -1.927112 -2.22098 -1.589317 -1.945455 0.178926 0.142549
-6.924828 -2.725449 4.11087 -3.320005 -5.766886 -1.537734 -4.820653 -0.959927 -2.318243
-18.92483 -2.725449 4.11087 -1.20171 -3.042973 -2.553679 -3.645877 0.991781 -0.303059
-20.92483 -2.725449 4.11087 -2.144921 -3.480897 1.416161 1.494929 1.470547 0.463696
-0.924828 -4.725449 4.11087 -10.32343 -8.756582 -6.456887 -18.41372 -0.056236 -0.117653
-4.924828 -4.725449 4.11087 -2.015402 -1.729222 2.190076 3.35551 1.97697 3.730197
-6.924828 -4.725449 4.11087 -1.082692 -2.238557 2.222245 1.620997 2.203158 2.355842
-20.92483 -4.725449 4.11087 1.24918 -0.114875 0.708795 0.805734 1.072135 0.513965
-22.92483 -4.725449 4.11087 0.920426 0.827098 1.958241 1.027544 -0.701938 -1.184338
-22.92483 -6.725449 4.11087 1.854843 1.427647 2.536491 0.971622 -0.251121 -0.829509
-24.92483 -6.725449 4.11087 -2.761618 -2.094715 -1.352678 -2.31383 -1.10295 -1.688262
-8.924828 7.274551 6.11087 -3.239317 -3.682114 -0.706961 -3.331236 0.773617 1.017019
-18.92483 7.274551 6.11087 2.228072 1.594156 2.475224 2.932852 0.491772 -0.622436
-8.924828 5.274551 6.11087 -4.232585 -3.873727 -4.206896 -7.488589 -1.59175 -1.60565
-18.92483 5.274551 6.11087 1.958281 2.026777 5.494899 6.072983 0.710267 1.079395
-10.92483 3.274551 6.11087 -4.155612 -5.031973 -2.476624 -6.070289 -4.26336 -5.305473
-18.92483 3.274551 6.11087 1.874108 1.988395 4.663156 6.448437 1.108572 1.791445
-20.92483 3.274551 6.11087 2.116763 1.1789 2.401625 0.938387 0.080855 -0.111481
-10.92483 1.274551 6.11087 -3.889725 -7.205325 -1.000986 -5.814095 -2.963251 -4.814542
-18.92483 1.274551 6.11087 1.447513 -0.911829 2.496121 2.931456 0.598014 -0.458069
-20.92483 1.274551 6.11087 2.561938 -1.696151 3.164825 0.823978 1.239649 -1.098001
-10.92483 -0.725449 6.11087 -2.575518 -2.932338 0.096515 -0.818217 -0.347472 -0.186408
-18.92483 -0.725449 6.11087 -0.884471 -2.015582 0.545132 -0.324541 -0.495244 -1.494703
-20.92483 -0.725449 6.11087 -0.128304 -0.230276 2.281641 2.337761 1.876909 1.889299
-6.924828 -2.725449 6.11087 -5.768494 -3.744743 -0.63127 1.083693 -0.756678 -0.011203
-8.924828 -2.725449 6.11087 -5.583372 -3.150538 -0.284652 -0.133238 -2.889593 -2.013678
-18.92483 -2.725449 6.11087 0.1601 -1.007233 -0.91524 -0.951494 0.504704 -0.556629
-20.92483 -2.725449 6.11087 -2.509648 0.037867 -0.740631 -0.067427 1.435562 1.902704
-6.924828 -4.725449 6.11087 -5.552631 -3.51405 -2.993482 -1.995488 0.118708 1.756563
-8.924828 -4.725449 6.11087 -3.828639 -3.660231 -2.388075 -4.291907 -1.747009 -1.416861
-20.92483 -4.725449 6.11087 0.075657 0.175004 -1.467903 -1.06274 0.186559 -0.692336
-22.92483 -6.725449 6.11087 3.425456 1.536881 1.567675 1.538878 -1.851113 -3.178013
-22.92483 -8.725449 6.11087 3.668516 1.291599 0.96838 -0.64208 0.768492 -0.003542
-16.92483 3.274551 8.11087 -2.521129 -0.935508 4.58286 6.797419 -2.512914 -1.801314
-16.92483 1.274551 8.11087 -3.477575 -0.182937 1.704603 4.21279 -2.13811 -0.036312
-18.92483 -2.725449 8.11087 -1.061803 0.023639 3.000589 4.667271 -1.126068 -0.773566
-20.92483 -2.725449 8.11087 -1.769527 1.365952 2.813333 4.653438 -2.394098 -1.997505
-20.92483 -4.725449 8.11087 -2.045794 0.154808 1.588519 3.19451 -1.941465 -1.720579
