0.886139 -14.45593 -2.44101 0.659129 0.84111 -2.519227 0.721031 -1.68166 1.941457 -0.526758 -1.191575 -3.418302 -0.610499 -3.555477 0.671712
-1.113861 -14.45593 -2.44101 0.060145 0.643427 -0.020324 1.886243 -0.766318 0.514627 -1.109709 -1.479465 -1.743793 -2.214831 -2.345735 -4.363455
6.886139 -16.45593 -2.44101 -0.435267 3.680369 -0.177688 -0.006789 0.736521 0.028091 -0.824481 1.321844 -3.375476 1.238093 -0.97287 -1.140628
4.886139 -16.45593 -2.44101 1.684788 3.74298 2.188407 -3.007598 0.890036 -2.09669 0.926807 5.180294 0.388361 -0.725992 -0.580205 1.743481
0.886139 -16.45593 -2.44101 2.008596 2.461684 1.576557 4.412387 2.418209 5.77728 0.819973 0.005123 3.413417 0.720523 1.50951 3.537023
6.886139 -18.45593 -2.44101 -0.86506 -0.162394 0.177338 -1.037208 0.819432 -0.672431 3.329033 -1.672349 -2.487131 -1.31959 -0.035339 0.490444
4.886139 -18.45593 -2.44101 -0.001276 1.724218 1.902849 -1.143152 0.404351 -0.887604 3.072517 1.188952 1.967174 -1.425636 2.02454 2.389174
0.886139 -18.45593 -2.44101 3.378438 1.298177 5.427903 6.748922 5.968092 4.097627 5.196433 -0.517249 8.133673 5.313759 5.516383 5.198308
6.886139 -20.45593 -2.44101 -0.400218 -3.197776 0.509792 -2.056549 1.04054 -0.359407 4.573615 -3.377945 0.436979 -2.026228 0.761374 2.30131
4.886139 -20.45593 -2.44101 -1.120389 -0.183229 1.296105 1.56666 0.957742 0.849175 2.372776 -2.139501 0.569524 0.181645 2.543204 1.724546
0.886139 -20.45593 -2.44101 6.095469 0.615744 6.203035 7.468875 6.888063 0.614336 12.03504 -0.170572 8.805869 9.188989 9.334353 5.136835
4.886139 -12.45593 -0.44101 1.015963 -4.51517 -2.891073 -0.954882 3.641562 -3.383765 2.010034 -3.382266 -1.68911 -0.191691 -0.387563 -1.384161
6.886139 -14.45593 -0.44101 -1.634732 -0.562111 -0.664388 -1.327223 -3.620444 1.003408 -4.190265 0.406297 -2.362048 0.341745 -4.785013 0.426526
4.886139 -14.45593 -0.44101 2.99337 -2.966329 -0.727451 -2.198484 0.407096 -4.198821 5.673543 0.265968 0.654279 0.875974 -0.901298 0.24946
0.886139 -14.45593 -0.44101 1.117714 0.70608 1.124047 0.430222 0.571232 -0.736589 1.971249 1.804804 -2.399979 1.951874 -1.889964 0.633415
6.886139 -16.45593 -0.44101 -1.848586 -0.618719 -0.984449 -1.616731 -3.991099 -1.642199 -0.95749 -1.503258 -3.641881 0.235387 -5.446792 -2.044024
4.886139 -16.45593 -0.44101 1.756921 -1.593004 0.11967 -4.597246 -0.245576 -4.5908 7.597785 2.184771 0.986299 -1.884268 2.041635 0.787498
2.886139 -16.45593 -0.44101 4.085424 -0.720055 0.09023 -3.63704 -0.14049 -3.258229 10.2249 5.756296 0.414277 -1.193873 1.30256 0.827298
0.886139 -16.45593 -0.44101 3.397052 1.567394 0.774482 1.16188 1.488498 1.921963 2.415483 0.713197 -1.766156 -1.02097 -3.136487 0.604729
6.886139 -18.45593 -0.44101 -1.46048 -3.398917 -1.489597 -1.649146 -0.690706 -1.278002 4.761182 -4.517349 -3.449795 0.013382 -2.443648 0.652087
4.886139 -18.45593 -0.44101 -0.455052 -0.629977 0.438979 -2.738905 2.329721 -2.115614 7.917196 -1.077293 0.003565 -4.641308 5.444059 0.035588
2.886139 -18.45593 -0.44101 1.786217 -1.163441 1.329644 -3.071509 1.121712 -1.158811 9.32399 3.695314 1.074574 -1.517007 1.710983 2.503705
0.886139 -18.45593 -0.44101 1.838806 0.924554 3.00814 1.420219 0.999131 1.34224 0.775072 1.730283 1.180122 0.68232 -3.569825 3.208223
6.886139 -20.45593 -0.44101 0.527417 -3.35697 0.480162 -0.835461 1.974048 -0.662023 6.238146 -3.785985 0.381471 -0.744431 -1.698079 1.892087
4.886139 -20.45593 -0.44101 0.210461 1.018213 2.459719 1.713938 3.801764 0.692042 7.168396 -3.49431 1.210648 -4.770987 5.270279 -1.553187
0.886139 -20.45593 -0.44101 1.948519 -1.2462 3.325237 0.684329 -0.800243 -1.575159 2.662097 1.518446 3.079237 2.629988 -2.911092 3.0113
6.886139 -12.45593 1.55899 -2.625828 1.264246 -2.665827 0.943829 -2.818232 4.106231 -4.119875 1.944892 -3.571485 -1.133449 -4.722288 4.122208
4.886139 -12.45593 1.55899 2.11919 -3.231975 -1.460456 1.945178 2.804316 -1.798881 0.845013 -4.244873 -4.588993 0.81666 -2.603572 -3.758922
2.886139 -12.45593 1.55899 -0.294266 -2.225859 -5.320785 -2.869099 3.673443 -0.056538 2.538705 -1.980955 2.317731 -7.036042 3.036934 2.301604
0.886139 -12.45593 1.55899 -1.686424 1.251246 -4.567583 -3.778976 4.132087 3.03687 3.099723 3.338909 5.686609 -6.318934 2.558211 7.280023
-1.113861 -12.45593 1.55899 0.464111 -0.715177 -1.217643 -1.761473 2.094674 -0.915101 -0.612539 3.139372 0.621509 2.835693 -2.857042 5.444748
6.886139 -14.45593 1.55899 -2.857935 0.145091 -2.140325 -0.863831 -4.226605 0.792257 -5.386167 1.325601 -4.451144 -1.650811 -5.758991 -0.509376
4.886139 -14.45593 1.55899 1.208171 -3.03287 -0.874356 2.227618 0.533731 -2.442769 0.639358 -2.281351 -4.847985 2.311512 -2.669731 -5.954112
2.886139 -14.45593 1.55899 0.782156 1.14033 -4.189732 -0.948967 2.321463 -2.457198 3.804323 0.213511 -1.547014 -5.234899 0.667625 -4.724651
0.886139 -14.45593 1.55899 -1.065316 2.718114 -3.01665 -3.006262 5.080651 0.224773 2.739902 -0.218465 2.020562 -9.975653 2.81786 -1.940201
6.886139 -16.45593 1.55899 -4.17415 -1.486647 -3.47393 -3.449683 -7.397381 -2.7732 -3.883308 0.138741 -4.790804 -3.26852 -5.65434 -3.293247
4.886139 -16.45593 1.55899 -1.993853 -3.807189 -2.442036 -1.166379 -3.417031 -3.834918 -0.505508 -0.849586 -5.626102 -0.551911 -2.046186 -6.416154
2.886139 -16.45593 1.55899 1.522514 2.734455 -3.457245 0.227618 -0.1449 -4.259902 4.742769 1.823863 -7.293188 -1.972123 0.072415 -10.7301
0.886139 -16.45593 1.55899 1.244768 3.865413 -1.628909 -0.17931 3.295777 -3.184073 3.608232 -3.499438 -5.968813 -9.021519 2.987797 -10.7612
6.886139 -18.45593 1.55899 -3.388692 -2.049003 -3.7272 -2.87209 -6.783793 -2.662582 -0.077791 -1.323209 -4.708364 -1.281844 -4.734315 1.121703
4.886139 -18.45593 1.55899 -3.537639 -3.645028 -3.4903 -3.303164 -3.2513 -3.775111 -0.172484 -3.057182 -6.350362 -3.718936 -0.085748 -4.778482
2.886139 -18.45593 1.55899 1.500167 2.309015 -1.988927 -1.557945 -0.102944 -3.549886 6.611226 1.579856 -7.397276 -1.933909 3.451051 -9.641405
0.886139 -18.45593 1.55899 1.657578 3.892894 -0.814701 1.497961 -0.342075 -4.096895 5.436366 -2.15395 -8.607941 -4.420547 5.239513 -10.64697
6.886139 -20.45593 1.55899 0.403776 -0.696984 -0.245103 -0.367314 -0.808725 -0.629113 1.528098 -0.850407 -1.901861 1.251844 -0.679378 4.671909
4.886139 -20.45593 1.55899 -1.407538 -1.715846 -0.916095 -3.365249 0.888025 -2.576708 1.332879 -4.285758 -1.570125 -5.699675 5.729344 -3.23547
0.886139 -20.45593 1.55899 0.406295 1.528327 -0.422013 1.214259 -2.484354 -4.178311 6.401705 0.667031 -6.539141 0.477873 5.977703 -5.613793
0.886139 -30.45593 1.55899 2.553082 0.271046 -0.410404 0.411534 1.435124 -1.356102 1.600451 0.6631 -0.482892 -0.778286 0.543488 -5.440431
0.886139 -32.45593 1.55899 -0.007255 1.197019 1.052851 0.658946 1.003769 -1.068757 1.579229 1.932239 3.507929 1.874235 2.426924 -1.98252
6.886139 -8.455933 3.55899 1.115825 1.857639 2.60361 -0.275745 2.550815 1.828381 -5.358592 -0.928491 2.015095 -3.620462 3.467676 0.472087
6.886139 -10.45593 3.55899 -2.573239 2.036728 2.01371 -2.643464 -2.202691 3.030405 -3.022157 0.566835 4.626309 -8.480204 -0.806069 -0.645054
4.886139 -10.45593 3.55899 -0.637821 -3.525115 2.728362 -8.071192 -2.570498 -3.859746 -3.330872 -3.021704 2.181472 -10.62818 -1.743251 -6.030958
-1.113861 -10.45593 3.55899 1.640352 -2.013296 -2.569695 -2.614734 0.661034 -2.257172 6.14444 0.903065 0.286661 -0.908261 -4.728117 -2.332713
8.886139 -12.45593 3.55899 -3.50229 3.519561 -1.322605 -1.667389 -5.456802 1.814765 2.832487 4.44903 3.262366 -2.747578 -0.391353 4.981638
6.886139 -12.45593 3.55899 -3.216931 1.505281 1.474337 -3.214944 -6.704627 3.834825 1.148863 1.214464 4.960158 -8.245861 -7.227109 0.085687
4.886139 -12.45593 3.55899 -0.727722 -3.894241 2.272931 -6.982933 -1.661422 -2.128829 0.941598 -2.596178 0.940706 -8.176644 -4.354239 -4.417768
0.886139 -12.45593 3.55899 1.465826 1.577123 -4.925435 0.410486 3.430929 4.217001 5.191354 2.437138 -4.684508 -2.447069 -0.929204 0.121746
-1.113861 -12.45593 3.55899 2.409595 -4.879403 -2.454775 -1.569894 4.806203 -1.12487 0.687336 -2.846885 -2.438901 -0.125733 -3.017205 -0.727678
8.886139 -14.45593 3.55899 -1.550162 1.723416 -0.519723 0.15567 -3.352153 -0.379319 -0.527083 3.570561 0.565906 1.564973 -0.78167 1.273902
6.886139 -14.45593 3.55899 -3.265634 0.527028 0.197393 -1.293549 -5.073036 1.969913 -2.497706 1.575386 -2.052016 -3.619397 -5.29526 -1.028108
4.886139 -14.45593 3.55899 -1.210093 -2.930808 0.540242 -2.641122 0.32072 -1.164455 -2.124497 -1.704909 -5.494689 -3.39075 -4.607067 -3.958123
2.886139 -14.45593 3.55899 -2.755301 1.264007 -5.59312 -3.792728 2.742593 0.945848 -9.575527 1.75302 -14.8223 -7.61002 -7.227527 -5.498695
0.886139 -14.45593 3.55899 -1.264843 2.738692 -4.238602 -0.46958 2.143397 2.990931 -2.956288 1.591222 -8.773988 -6.471791 -8.096557 -5.110417
-1.113861 -14.45593 3.55899 1.073958 -4.214716 -1.489071 -1.614781 4.712817 -0.682996 -1.405492 -3.532887 -4.260285 -3.441896 -3.071725 -3.14997
8.886139 -16.45593 3.55899 -0.002009 1.025824 -0.603175 -0.365418 -1.299845 -1.619554 0.360451 3.341903 1.192686 2.041267 1.825348 -2.591925
6.886139 -16.45593 3.55899 -2.933457 -0.163115 -1.263193 -0.63014 -3.979312 0.046664 -3.277472 0.930141 -4.745 -0.63705 -1.517159 -2.78598
4.886139 -16.45593 3.55899 -1.648908 -2.761106 -0.744355 -0.487832 -0.484545 -1.981464 -4.541006 -1.97402 -7.686443 -0.806989 -3.446384 -5.690114
2.886139 -16.45593 3.55899 -3.120413 2.742777 -4.828193 -1.151824 0.464752 -1.409173 -14.54769 1.588253 -17.61864 -3.708031 -10.0802 -8.553061
0.886139 -16.45593 3.55899 -2.356113 3.176702 -2.49742 -1.053684 0.087324 0.427009 -9.193366 0.144836 -14.61117 -7.8864 -11.27338 -9.019247
8.886139 -18.45593 3.55899 -0.232273 1.375689 -0.00667 -2.8328 0.163382 -1.841315 2.648082 2.490077 2.491563 -0.190271 1.902942 -3.953363
6.886139 -18.45593 3.55899 -2.518417 0.835659 -2.367078 -1.150225 -5.090446 0.594866 0.497998 0.336952 -2.588723 0.437345 -1.348945 -0.498887
4.886139 -18.45593 3.55899 -1.184835 -3.159743 -1.341417 -2.155613 -2.590294 -3.091036 -0.342096 -3.957453 -3.444875 -1.42053 -0.719436 -6.162515
2.886139 -18.45593 3.55899 -0.399123 3.783108 -1.799301 -0.747959 0.619483 -1.534497 -10.4761 1.755274 -16.05473 -2.087041 -7.924963 -8.643029
0.886139 -18.45593 3.55899 -0.682487 4.798965 0.497842 0.855829 1.294792 -0.527845 -9.806564 2.660432 -17.66932 -4.114485 -7.069144 -8.48035
10.88614 -20.45593 3.55899 -4.684985 0.917651 -0.847419 -5.583188 -3.326766 -2.71058 0.694354 -0.979125 3.808314 -4.179981 -3.601836 -3.233124
8.886139 -20.45593 3.55899 -0.73799 1.224005 0.684634 -2.88784 2.281421 -1.657952 3.347748 0.415655 2.271858 0.58458 1.472678 -2.69202
6.886139 -20.45593 3.55899 -1.251381 3.032268 -2.446843 -0.579987 -2.411449 2.018107 3.889767 1.406314 -1.354256 2.046499 2.1432 2.542662
4.886139 -20.45593 3.55899 -0.885232 -2.448828 -2.859828 -5.579976 -0.820819 -3.22545 3.454441 -3.978208 -0.684534 -3.576343 6.623056 -3.235649
2.886139 -20.45593 3.55899 0.674414 2.272239 -1.160554 -2.668604 2.754046 -0.417064 -1.766259 1.114133 -10.45151 -2.813748 1.592183 -3.503157
0.886139 -20.45593 3.55899 0.824885 3.910627 2.647077 2.518625 3.835075 -1.253688 -2.377065 4.681022 -14.10188 1.892731 2.108249 -4.211785
10.88614 -22.45593 3.55899 -4.635453 1.229126 -2.693836 -2.124955 -3.980644 -0.612547 -0.772252 -0.345104 -0.258149 -0.170243 -2.528023 2.173671
8.886139 -22.45593 3.55899 0.070287 0.159268 0.647956 -1.13395 4.115132 -0.771948 2.360936 -2.47908 1.777651 2.278348 4.802357 -0.658893
10.88614 -24.45593 3.55899 -5.551804 1.358493 -5.074825 -2.735698 -5.547887 0.30942 -1.934589 1.923873 -2.136774 -2.472926 -1.797338 2.151381
8.886139 -24.45593 3.55899 0.147675 0.605974 -0.46694 -0.135904 2.794516 1.589676 0.776539 -2.448865 1.106215 1.928987 5.594171 3.830904
10.88614 -26.45593 3.55899 -5.903744 2.236469 -7.441558 -2.473919 -6.345456 1.143327 -0.335649 3.963271 -2.470363 -2.953466 -3.805887 2.285795
8.886139 -26.45593 3.55899 -1.02298 1.100439 -2.416203 0.050724 -0.984091 2.878588 0.50077 0.542389 0.314686 1.445989 0.56976 6.294485
6.886139 -26.45593 3.55899 -0.212535 0.29778 -0.486842 1.623566 -0.335087 0.10675 1.686539 0.232637 -2.261393 2.72459 0.831572 1.130264
10.88614 -28.45593 3.55899 -4.527808 2.39924 -6.839736 -1.218943 -2.763995 0.79457 0.24885 3.887514 -4.066375 -0.030258 -4.821711 2.334585
8.886139 -28.45593 3.55899 -2.32349 -0.807079 -3.637956 -1.050908 -1.749148 1.000959 -0.180374 1.566773 -1.112324 -0.645504 -2.448101 1.462645
6.886139 -28.45593 3.55899 -0.833972 -1.581147 -0.731048 1.574281 0.126368 -0.372449 -1.562888 0.317663 -1.619632 2.906054 1.201187 -0.970838
0.886139 -28.45593 3.55899 2.746488 -2.905995 -2.747807 -1.635289 6.349653 -2.982384 4.158216 -1.749358 -1.321208 -2.513343 10.28165 -7.34282
8.886139 -30.45593 3.55899 -2.438027 -0.579354 -3.127292 -2.124324 1.319613 0.340945 -0.793647 -0.020463 -1.90109 -3.927516 0.236451 -0.147116
2.886139 -30.45593 3.55899 1.701633 -2.371044 -2.519417 -2.604865 0.219549 -1.577603 5.13323 -0.242859 0.300942 -2.254982 1.865287 0.096608
0.886139 -30.45593 3.55899 2.909915 -2.03947 -1.501394 -1.221272 4.361749 -2.385093 5.113501 -1.882376 1.687555 -2.368343 4.102543 -3.495339
2.886139 -32.45593 3.55899 0.140069 -1.937298 -2.095611 -0.484845 -0.423569 -0.80572 5.633131 0.371652 5.011696 0.572404 2.399231 1.403053
0.886139 -32.45593 3.55899 0.182857 -1.304008 -0.224818 -0.819874 0.964237 -1.635744 4.807951 -0.429139 6.171272 0.022388 -1.647422 -0.542884
2.886139 -34.45593 3.55899 0.308113 -0.165096 -2.114466 1.808623 0.646375 1.041418 6.873199 -0.062843 5.202438 2.331003 2.235306 1.069328
8.886139 -10.45593 5.55899 -0.836763 3.190753 -2.591249 1.270635 -0.394082 1.908278 1.383996 4.820712 -0.071074 1.606236 -1.922489 6.073684
6.886139 -10.45593 5.55899 -2.240801 2.288265 -1.890183 -4.867639 2.305709 -0.483862 1.579571 0.666761 2.403933 -8.125923 4.581365 -4.898543
4.886139 -10.45593 5.55899 -0.920086 -1.31451 -0.303962 -8.161857 -5.149513 -3.795413 3.211222 0.418936 3.905779 -10.1756 -2.005027 -4.89465
-1.113861 -10.45593 5.55899 -0.978293 0.714817 -0.854442 0.21399 -0.505302 -1.486427 4.686598 3.326377 5.257791 2.246509 1.475457 3.135245
8.886139 -12.45593 5.55899 -0.63087 6.181541 -4.112058 0.178351 0.983738 3.754145 3.06922 4.781121 -3.011574 -0.099742 0.322723 7.425354
6.886139 -12.45593 5.55899 -3.977969 2.021047 -4.117916 -5.089779 1.435009 2.184148 3.900222 0.771345 -0.790681 -6.379268 4.455559 -1.317891
4.886139 -12.45593 5.55899 -3.071582 0.774756 -2.813714 -8.217926 -0.470042 -3.872499 5.242495 5.229191 -0.374735 -7.093494 3.37589 -2.466121
-1.113861 -12.45593 5.55899 -1.701123 -2.419099 -0.196495 -0.018265 0.656683 1.238856 2.301156 -1.954619 6.340785 1.120024 -0.445108 5.17976
8.886139 -14.45593 5.55899 -0.044373 5.321432 -2.654968 -0.80936 0.430276 4.938917 2.798371 3.36503 -2.066128 -2.69263 -0.920047 6.402876
6.886139 -14.45593 5.55899 -4.291014 2.597624 -5.916061 -2.771663 -1.716721 5.785746 2.028804 1.015885 -4.14751 -4.069569 0.294775 6.763161
4.886139 -14.45593 5.55899 -4.860909 2.658211 -4.132094 -5.280746 -0.882958 0.532444 1.980103 5.186712 -3.817702 -4.251964 -1.580273 3.804374
0.886139 -14.45593 5.55899 0.639302 0.229856 -1.194143 -0.79989 -1.439801 -1.017897 1.071301 2.41115 -2.462973 0.625587 -2.063613 1.893093
-1.113861 -14.45593 5.55899 -1.348199 -4.794152 -0.488395 -0.473959 0.11013 0.538815 3.866489 -5.773891 6.013602 -0.105735 -0.459909 3.424695
8.886139 -16.45593 5.55899 -0.161392 1.31127 -0.889951 -1.752278 -1.286521 2.910381 4.573689 1.232419 1.553776 -4.799531 -1.06076 3.182514
6.886139 -16.45593 5.55899 -3.079084 2.065069 -4.412868 -0.777183 -3.348379 6.492535 0.805077 -0.733265 -3.449856 -2.965882 -3.283025 10.08392
4.886139 -16.45593 5.55899 -3.867519 2.433003 -2.732901 -2.286509 -3.448677 3.125672 -0.154492 1.281398 -3.044797 -2.513965 -9.928782 5.217022
0.886139 -16.45593 5.55899 -1.183159 -2.754565 0.166774 -1.51388 -3.466905 -2.206376 -0.871171 -1.602704 -0.375964 -2.583882 -6.555434 -2.471284
-1.113861 -16.45593 5.55899 -0.619728 -4.151865 -0.347775 -0.354439 -1.505031 -1.066779 4.924883 -5.609436 4.020613 -2.391478 -1.305114 -0.894382
10.88614 -18.45593 5.55899 -2.323656 1.634108 -1.484328 -2.905498 -4.246171 2.824188 5.401376 -1.196058 5.485796 -5.343343 -2.174262 -2.301519
8.886139 -18.45593 5.55899 0.286393 -2.030457 -0.773419 -2.511083 -2.268161 0.304066 6.908933 -1.188146 2.432904 -6.397396 -1.173811 -1.52474
6.886139 -18.45593 5.55899 -1.844226 0.479516 -2.092083 -0.705561 -3.503085 4.707214 3.516242 -3.855461 0.539823 -3.576103 -4.610669 5.570849
4.886139 -18.45593 5.55899 -0.815953 0.681163 -0.992678 -1.827703 -3.228544 2.005247 2.916097 -2.00821 1.843101 -1.973313 -10.14787 0.546477
0.886139 -18.45593 5.55899 -0.96968 -1.172847 0.901192 -0.504986 1.189594 -0.866807 -3.611437 0.394193 -1.38889 -2.505374 -5.0891 -3.659533
-1.113861 -18.45593 5.55899 -0.200754 -1.59257 1.32135 1.94501 -1.610969 0.694959 2.183774 -3.284501 2.428663 -3.670267 -1.855961 -3.481107
10.88614 -20.45593 5.55899 -2.079565 1.122344 -1.127981 -2.785981 -1.9748 2.905474 2.270485 -0.427856 3.694522 -3.695139 -2.1929 2.400054
8.886139 -20.45593 5.55899 0.363527 -2.495582 -1.955963 -1.714416 -1.886694 -0.346765 6.809806 -2.827115 -1.427661 -5.54948 -2.29866 -5.968192
6.886139 -20.45593 5.55899 -2.032707 0.113374 -3.38958 -1.113725 -4.145734 2.161097 6.952465 -4.401408 -1.003595 -4.559335 -3.85966 -3.278732
4.886139 -20.45593 5.55899 -0.383219 -0.764603 -1.639292 -3.744998 -2.138273 -0.099383 4.63242 -2.755913 1.443295 -3.997665 -4.11056 -4.10815
0.886139 -20.45593 5.55899 -0.522118 1.777951 -0.287463 0.536962 7.389206 1.109898 -4.373168 3.566679 -4.294438 -1.016797 0.591254 -1.765135
-1.113861 -20.45593 5.55899 0.267576 0.372735 2.412303 3.705332 -0.501271 2.703374 1.116834 -1.545967 2.564959 -3.310468 -0.449096 -3.400842
12.88614 -22.45593 5.55899 -0.337572 -1.027639 -2.852721 -4.907538 -2.022053 -2.270684 -0.507079 0.757868 1.937028 -1.972003 -1.216859 0.56967
10.88614 -22.45593 5.55899 0.214329 -0.009606 -1.213284 -1.56206 -0.11354 1.289955 1.430846 -0.45638 0.271164 -0.835077 -0.342973 3.737706
8.886139 -22.45593 5.55899 0.793801 -1.286091 -1.783643 0.241152 -0.450012 0.375514 5.85904 -3.246989 -4.070946 -2.080913 -1.533735 -7.164685
6.886139 -22.45593 5.55899 -1.016548 1.194588 -2.588757 -1.188528 -2.027052 -0.139952 7.933569 -1.319612 -3.290724 -4.467812 -0.514644 -9.54841
4.886139 -22.45593 5.55899 -0.705276 -0.132853 -1.88636 -5.625725 0.576872 -0.17936 3.110223 -0.591193 -2.806502 -7.80372 1.80792 -2.529595
0.886139 -22.45593 5.55899 -1.271907 0.35993 -2.308479 -1.352973 5.737569 0.082928 0.619098 0.25924 -3.736277 -2.385202 2.686996 -0.529844
-1.113861 -22.45593 5.55899 1.024173 1.583678 1.045958 1.896401 0.141841 0.634787 4.187876 -0.345622 3.226202 -3.226646 1.293729 -3.876737
12.88614 -24.45593 5.55899 -0.931673 -4.408942 -2.670274 -5.289545 -2.291443 -5.899384 -1.831153 -2.584408 -0.311613 -2.357226 -1.626939 -3.73525
10.88614 -24.45593 5.55899 0.228823 -1.044993 -2.83127 -2.422577 -0.445236 0.079041 1.902913 -0.057127 -1.692166 -2.03758 1.432438 0.579071
8.886139 -24.45593 5.55899 1.205459 0.413067 -1.115514 1.908518 0.970886 1.421997 4.298137 -2.580039 -3.820323 1.178379 0.646553 -2.122485
6.886139 -24.45593 5.55899 2.438801 2.831276 1.691973 -0.553552 1.968413 -0.242694 8.021121 0.732611 0.042305 -3.044983 4.755272 -4.325369
4.886139 -24.45593 5.55899 3.554956 1.722195 1.979501 -4.921124 4.603403 0.608747 6.155932 2.020393 1.27763 -7.573627 6.363282 3.223557
0.886139 -24.45593 5.55899 0.062674 -2.341457 0.291762 -1.963322 0.93892 -1.283592 8.219323 -3.408187 3.27261 -2.424917 3.314754 -3.817289
-1.113861 -24.45593 5.55899 0.628968 1.427435 -0.21258 -0.568556 0.169605 -2.197603 3.440322 0.441155 2.217921 -3.643914 3.234115 -6.302366
12.88614 -26.45593 5.55899 -2.130366 -3.615442 -2.006692 -7.385364 -3.513506 -6.115954 1.983997 -3.049841 2.366267 -6.062596 -0.831978 -6.161118
10.88614 -26.45593 5.55899 -4.295083 -0.176853 -5.125014 -4.338046 -2.903833 0.896277 1.794835 2.046499 0.778581 -3.986859 0.634 0.399998
8.886139 -26.45593 5.55899 -0.893035 0.903909 -2.014217 1.4149 0.708189 2.124055 1.597885 -2.237563 -2.887587 1.93287 0.582113 3.803434
6.886139 -26.45593 5.55899 2.478844 2.626706 2.201953 0.251341 3.318736 1.466861 5.615584 -0.368864 1.891118 -1.010831 7.645541 3.889301
0.886139 -26.45593 5.55899 0.799099 -5.370821 0.674597 -2.999505 1.892171 -4.396879 6.65029 -5.240047 0.054341 -1.637438 5.250347 -8.249926
-1.113861 -26.45593 5.55899 -0.303623 -0.190235 -0.123393 -2.450711 0.09091 -1.476181 1.323173 -0.803247 -1.168126 -4.75539 0.965221 -3.189349
12.88614 -28.45593 5.55899 -2.524184 0.314352 -3.1604 -7.728324 -4.691121 -4.533215 0.770201 2.136235 2.779244 -7.043669 -4.543874 -4.00612
10.88614 -28.45593 5.55899 -6.286665 1.442854 -5.405294 -4.843668 -4.52661 2.098114 1.40411 3.480926 3.341412 -3.452977 -0.942489 4.342474
8.886139 -28.45593 5.55899 -2.993885 -1.679738 -2.159006 -2.325615 -1.169675 1.537868 -1.205332 -3.292222 -0.790478 -0.424043 -0.846438 3.383008
2.886139 -28.45593 5.55899 -0.339843 -3.359749 -0.87752 -4.085887 -0.194703 -6.706648 0.238631 -5.026952 -3.32394 -1.377773 5.080263 -6.737178
0.886139 -28.45593 5.55899 1.063105 -4.53545 -0.367097 -4.843617 2.891881 -5.014764 -0.074659 -4.897542 -5.842629 -3.692009 6.282174 -8.299971
12.88614 -30.45593 5.55899 -1.042655 -0.928158 -3.673479 -5.504025 -5.30983 -3.981411 -2.926483 4.469924 -1.837431 -4.084807 -9.401769 -0.869271
10.88614 -30.45593 5.55899 -3.655219 -0.001955 -2.8169 -6.556196 -2.392906 0.620698 0.827119 1.305931 2.030561 -5.351037 -0.623161 4.517495
8.886139 -30.45593 5.55899 -3.561956 -3.412992 -1.633337 -6.571478 -1.87772 0.222665 -3.54467 -4.479732 1.081989 -5.445115 -1.063154 1.710112
6.886139 -30.45593 5.55899 -2.567745 -2.623586 -1.165192 -1.985769 -1.172455 0.719564 -1.49458 -4.248639 0.326536 0.186594 4.854285 -0.061203
2.886139 -30.45593 5.55899 -0.569027 -3.251649 -0.907301 -3.438206 3.657832 -5.794166 -3.211003 -4.417003 -3.65069 0.703236 7.60625 -6.618454
0.886139 -30.45593 5.55899 0.626665 -3.879247 0.034568 -4.552926 4.877776 -4.426188 -1.828039 -4.258569 -4.790423 -3.626475 5.235394 -5.961493
10.88614 -32.45593 5.55899 -2.167907 -1.366496 -1.111751 -6.290264 -0.669865 0.175957 -0.343113 1.104521 0.492744 -7.040668 -1.24973 2.338234
8.886139 -32.45593 5.55899 -3.755983 -0.879079 -3.437475 -7.326426 -0.829188 1.52497 -3.37754 -1.686093 0.403078 -9.537175 -1.715679 1.249122
2.886139 -32.45593 5.55899 -0.034398 -2.22585 -0.769756 -1.491601 6.757825 -4.838078 -2.15853 -2.238486 -1.833151 3.065568 8.839827 -4.851915
0.886139 -32.45593 5.55899 -0.138967 -2.798147 0.293242 -1.529637 3.87545 -3.240021 -1.849115 -1.988555 -2.97543 0.699981 1.639459 -2.818331
2.886139 -34.45593 5.55899 -0.366468 -1.503385 -1.915682 0.626782 5.102509 -1.749173 -3.140701 -1.108269 -4.48432 5.325571 4.678796 -2.525702
0.886139 -34.45593 5.55899 0.065159 -1.080589 -0.608586 1.789343 2.207188 -1.876816 -0.561432 -0.740599 -1.723631 3.612463 -0.362299 -1.675514
-1.113861 -34.45593 5.55899 -0.315813 2.32095 1.743517 4.508515 -2.802098 2.970593 -0.156355 0.51472 0.621485 3.104046 -5.561478 1.239897
0.886139 -36.45593 5.55899 0.282837 -0.800265 -0.817856 0.655338 1.132624 -1.836343 0.141357 -1.999926 1.423819 1.298184 -1.127215 -1.437231
6.886139 -14.45593 7.55899 -5.28962 1.356695 -3.649344 2.480346 0.098776 -0.421161 1.346237 -1.440291 1.584368 3.999015 -1.500035 4.567124
4.886139 -14.45593 7.55899 -5.806423 0.206153 -5.197187 -0.670144 4.954429 -0.119377 4.415494 2.854679 2.419778 4.581325 7.208548 7.400276
-1.113861 -14.45593 7.55899 -1.292268 2.182871 -0.419971 -1.254664 -4.833417 0.86415 0.128901 0.053294 3.942873 -2.401786 -0.312162 5.256094
-3.113861 -14.45593 7.55899 -2.066457 4.990649 0.075188 -0.139848 -3.004158 0.733736 3.601739 4.454393 4.498232 -3.041344 -1.155661 3.151023
6.886139 -16.45593 7.55899 -3.830113 0.376723 -2.256871 2.46016 -1.605238 -3.023373 -2.08799 -3.286667 2.95923 3.119534 -6.244874 0.79161
4.886139 -16.45593 7.55899 -5.980694 -2.70545 -2.953974 -1.866684 -0.350132 -0.220773 -1.186718 -0.180979 1.885204 1.851755 -1.864579 6.20531
-1.113861 -16.45593 7.55899 -2.714598 0.276406 -1.342732 -1.997719 -3.173443 -0.272985 2.086231 -0.091204 7.64679 -4.534408 2.438427 0.394789
-3.113861 -16.45593 7.55899 -2.628593 3.849301 -1.587796 -2.034207 -3.005313 0.670755 5.064072 4.001348 7.092144 -5.073066 -2.900263 1.560539
6.886139 -18.45593 7.55899 -0.699267 -0.532966 -0.372359 -1.080301 -3.000015 -4.280733 0.054544 -4.693587 2.491827 0.311938 -6.90803 -1.994709
4.886139 -18.45593 7.55899 -1.723536 -4.162566 -1.306635 -4.683087 -3.562392 -2.969388 0.252901 -3.060924 1.868944 -2.734257 -8.518931 0.653547
-1.113861 -18.45593 7.55899 -4.203857 -1.664832 -2.112896 -2.251186 -2.285245 -0.739491 0.185924 -0.965785 7.671979 -8.355217 0.802892 -4.952288
-3.113861 -18.45593 7.55899 -4.51135 -1.022197 -3.668681 -3.619439 -5.125673 -0.712762 4.744649 -1.720824 6.977597 -8.147162 -6.037932 -0.65543
6.886139 -20.45593 7.55899 0.342567 -1.673606 -0.540501 -2.872946 -2.286084 -3.198032 4.440908 -6.25839 -0.276857 -3.190598 -3.035738 -5.22053
4.886139 -20.45593 7.55899 1.668921 -3.881486 -0.386678 -6.364678 -1.516464 -3.902323 2.620423 -3.727041 1.73463 -7.921369 -6.976273 -4.212791
0.886139 -20.45593 7.55899 -1.685063 -0.859193 -1.789196 -4.687819 1.959849 -2.213256 -3.567892 1.404168 4.371746 -5.295341 2.438849 -2.883429
-1.113861 -20.45593 7.55899 -3.556278 -1.556901 -1.199484 -1.544861 -0.941767 0.689349 -1.665644 -1.09469 6.838726 -10.07994 -0.911348 -7.540097
-3.113861 -20.45593 7.55899 -3.985271 -3.829998 -3.573068 -2.895751 -5.319003 -1.492467 5.289453 -6.578794 7.047608 -9.805162 -3.18347 -3.882727
12.88614 -22.45593 7.55899 1.984399 -0.333055 1.74613 -0.872848 2.214377 1.054573 1.516885 -2.636471 4.073892 -0.736174 -2.498017 1.86489
10.88614 -22.45593 7.55899 2.158902 -2.125588 -0.859138 -3.906446 0.628267 5.237215 2.995325 -1.863576 -1.2905 -3.941158 1.156825 5.939265
4.886139 -22.45593 7.55899 0.776222 -1.557056 0.66247 -5.329336 0.739708 -0.664632 0.818729 -2.061229 0.453699 -11.77044 -2.216019 -2.934857
-1.113861 -22.45593 7.55899 -0.266086 0.969388 0.804396 -0.077207 0.957538 1.798967 2.838788 0.402794 8.403536 -6.413437 1.981661 -6.485261
-3.113861 -22.45593 7.55899 -0.077733 -0.87553 -1.169042 -0.317149 -1.760932 -1.666922 7.801505 -5.03185 8.733948 -7.473685 7.368997 -7.318802
12.88614 -24.45593 7.55899 0.36786 -0.994973 1.138987 -1.140185 -1.309815 -1.985332 0.238939 -0.925781 4.189432 0.267789 -2.81234 -2.600215
10.88614 -24.45593 7.55899 0.654578 -2.512236 -0.149432 -3.054541 -2.451705 2.900252 4.338396 -0.50554 1.069961 -2.461666 -0.349328 2.527498
8.886139 -24.45593 7.55899 0.949416 -2.763697 0.7906 -0.543095 -0.286068 3.572725 7.247634 -1.387836 2.688675 -0.35582 0.774799 2.956258
4.886139 -24.45593 7.55899 -0.855454 3.26498 -0.05533 -1.678048 1.207188 2.125282 -1.115156 1.489011 -0.842391 -8.971446 -1.411121 2.549352
-1.113861 -24.45593 7.55899 1.751594 2.332865 1.359771 0.72 0.068174 0.540112 5.155365 1.459137 6.209934 -1.947903 0.085985 -1.619343
-3.113861 -24.45593 7.55899 2.471473 1.997877 0.609752 2.834122 1.084179 -2.428691 8.160145 -2.571651 5.453908 -1.180631 8.843815 -6.691138
12.88614 -26.45593 7.55899 -2.438153 -0.597126 -0.183827 -1.751802 -2.970154 -3.580615 0.166379 0.538619 2.285973 -1.04178 1.241531 -3.464308
10.88614 -26.45593 7.55899 -3.169196 -1.460376 -3.059131 -2.342504 -2.519895 1.101789 4.138674 2.143686 -0.915206 -0.817133 2.892601 0.72579
8.886139 -26.45593 7.55899 -0.871522 -1.091365 -1.546215 0.027298 0.5782 1.14124 6.520061 0.458817 -0.952294 3.006812 2.310444 6.767887
6.886139 -26.45593 7.55899 -1.738933 3.939982 0.101532 0.116488 0.970831 3.22043 2.55341 2.072595 0.032229 -2.871418 3.603474 6.874021
4.886139 -26.45593 7.55899 -0.948148 4.990773 0.39322 1.620907 2.725843 -1.244429 1.194825 1.932982 2.51873 -2.262357 5.013553 -1.250678
-1.113861 -26.45593 7.55899 0.553092 -1.092776 0.228189 -1.233687 -1.081107 -1.203288 -0.732681 -1.535935 -1.367161 -1.405826 -2.428313 2.832932
-3.113861 -26.45593 7.55899 1.28894 -0.608591 -0.089875 0.94735 0.705919 -3.705394 5.172413 -6.843542 0.985386 -2.334397 5.635331 -4.340968
12.88614 -28.45593 7.55899 -3.520268 0.926052 -1.720788 -3.411468 -2.862743 -2.395652 -1.171335 2.197444 2.832577 -2.054 0.692017 1.355764
8.886139 -28.45593 7.55899 -2.561861 -1.799714 -4.658311 -0.5904 -2.108506 -0.333042 4.994399 -1.786629 -3.604381 0.878507 1.930787 2.888603
6.886139 -28.45593 7.55899 -1.332838 1.200258 -1.56029 1.434283 0.473478 1.684427 4.180846 -0.86583 1.225476 -1.822409 6.883975 -1.143335
4.886139 -28.45593 7.55899 -2.319332 0.795128 -1.043067 0.321548 4.158283 -2.865035 0.626868 -2.527242 2.322897 -2.463093 9.861301 -5.612217
0.886139 -28.45593 7.55899 -0.386661 -2.225581 0.908613 -3.841068 -0.365193 -1.808336 0.245892 1.676845 -3.916621 -3.354219 -0.901339 2.338104
-1.113861 -28.45593 7.55899 0.281233 -2.26996 -0.643861 -1.920207 -0.431963 0.293217 -0.34507 -1.387703 -3.450893 -2.60571 1.37383 5.822034
-3.113861 -28.45593 7.55899 -0.698554 -1.115915 -1.138204 -2.490887 2.136478 -1.499747 0.855701 -5.415057 -0.117265 -5.694954 5.838019 2.007357
12.88614 -30.45593 7.55899 -2.510065 0.698161 -3.508146 -3.484115 -4.900214 -0.579799 -3.024192 4.451721 2.430267 -1.684339 -4.871626 4.949841
8.886139 -30.45593 7.55899 -1.798781 -0.888084 -3.276257 -1.364546 -4.393466 0.261129 2.48055 -1.499236 -0.730288 -2.214284 -1.399263 0.154915
6.886139 -30.45593 7.55899 -2.002571 -0.11288 -1.394593 1.466913 -1.158588 -0.617543 2.518338 -2.970444 1.031515 0.108709 3.062951 -4.610128
4.886139 -30.45593 7.55899 -2.94725 -0.731594 -0.270351 -0.437974 2.586624 -2.311367 -3.729136 -2.946957 1.590163 0.176971 5.317892 -2.907377
2.886139 -30.45593 7.55899 -0.745613 -3.439422 2.156134 -5.8429 5.125051 -9.067174 -2.919629 -1.926824 -0.351143 -0.59269 6.741262 -8.013155
0.886139 -30.45593 7.55899 -0.976094 -4.248387 0.321698 -6.968366 3.241386 -6.580085 -0.868177 -0.981176 -4.643338 -6.057971 3.446043 -5.826016
-1.113861 -30.45593 7.55899 -0.739759 -1.950489 -2.986485 -2.829087 -1.574097 -1.344645 0.825408 -0.927773 -4.137251 -5.136381 2.311272 2.229524
12.88614 -32.45593 7.55899 -2.924042 -0.928782 -3.003227 -2.415397 -6.558527 0.604528 0.940475 1.470364 1.550892 -4.177561 -4.226526 4.140596
10.88614 -32.45593 7.55899 -1.345649 1.250868 -1.375365 -1.927622 -2.516943 1.738913 -0.29053 1.740172 1.60497 -3.45202 -1.326437 2.073203
6.886139 -32.45593 7.55899 -2.883723 1.094927 -1.408254 1.736697 1.338095 -0.534841 -0.545691 0.323419 -1.544551 0.335312 1.080093 -2.237108
2.886139 -32.45593 7.55899 1.963318 -4.032815 1.988436 -5.937327 9.689524 -10.33676 -3.607735 -2.948265 -1.906485 0.916671 11.49971 -10.99577
0.886139 -32.45593 7.55899 -0.033593 -4.424826 0.39361 -5.217072 3.838296 -5.577233 -1.949908 -2.286535 -3.085441 -2.029074 4.692231 -4.65161
-1.113861 -32.45593 7.55899 -0.403488 -1.40828 -2.544985 -3.225559 -5.16185 -3.038622 2.363239 -1.621109 -3.443019 -4.292034 -2.081534 -2.216404
12.88614 -34.45593 7.55899 -4.784924 1.636021 -1.919879 -0.673333 -5.630114 0.889646 -1.764308 -0.636496 1.634129 -3.190017 -2.791802 1.469942
10.88614 -34.45593 7.55899 -0.786301 4.075113 -1.281657 -0.207501 -1.527636 3.065038 1.011624 1.248147 0.981611 -0.600261 -0.305113 1.608055
0.886139 -34.45593 7.55899 0.112551 -2.187656 -0.542455 -2.049878 0.683196 -2.792828 -1.861677 -1.684617 -2.189057 0.151182 1.280596 -1.775335
-1.113861 -34.45593 7.55899 0.935272 0.058603 -1.450599 -1.003664 -5.329857 -0.651847 4.138851 -2.487947 -2.067258 -1.528731 -4.826193 -0.064405
0.886139 -36.45593 7.55899 -0.352382 -1.755554 -1.101081 -2.331231 -0.60798 -3.558267 0.471258 -2.808903 0.840278 -4.053553 -2.456989 -3.57111
-1.113861 -36.45593 7.55899 -0.13208 1.726925 -1.577978 1.33939 -2.112423 1.609367 3.181818 -1.152229 0.757226 -1.054226 -5.048019 2.722233
-3.113861 -36.45593 7.55899 -0.501736 2.444887 -2.127986 3.817836 -3.623819 -0.16931 5.74786 1.221016 0.191823 1.789876 -3.806306 0.314183
0.886139 -38.45593 7.55899 -0.749442 -3.284975 -0.070085 -4.203924 -0.723688 -4.878609 -1.015398 -4.003661 1.752438 -4.549149 -4.419669 -3.499603
-1.113861 -38.45593 7.55899 -2.132506 1.644089 -1.740638 -0.026125 -0.814895 0.696059 0.577585 2.099104 2.48073 -0.869861 -3.739399 1.742466
6.886139 -14.45593 9.55899 -1.611062 10.96088 -1.302678 1.346463 -0.726161 2.45596 12.27976 4.575582 7.176035 3.268425 7.744398 2.806946
4.886139 -14.45593 9.55899 0.601784 4.912952 3.138491 1.609085 10.2769 -0.321813 14.2573 -0.708355 7.311749 7.158465 21.92639 1.739632
6.886139 -16.45593 9.55899 -4.440326 6.102921 -3.376396 -0.975167 1.648911 -5.205246 9.255876 1.189314 4.384864 0.811546 9.709772 -6.190402
4.886139 -16.45593 9.55899 -1.153351 -0.023539 -1.49724 -1.387789 4.910963 0.088088 7.931074 -0.207344 2.996833 -0.362268 15.03432 3.102049
-3.113861 -16.45593 9.55899 -2.066758 4.42222 0.102846 0.379469 -5.66271 -0.237161 2.335321 3.726556 3.463384 0.715687 -5.992438 0.573466
8.886139 -18.45593 9.55899 2.064867 -3.290747 4.403805 -9.375156 1.832898 -10.19505 3.531908 1.280471 7.274865 -4.295148 2.555466 -4.316756
6.886139 -18.45593 9.55899 -3.05172 1.662287 -2.51102 -2.854451 0.693892 -11.29403 3.251427 -1.062182 0.651311 -1.114097 7.312035 -11.8384
4.886139 -18.45593 9.55899 -0.662821 -4.82297 -4.224646 -4.554779 -3.544699 -4.236169 4.830693 -1.839006 -1.18597 -4.913583 1.128974 -0.526592
-1.113861 -18.45593 9.55899 -2.370528 -1.943381 -1.337323 -1.791203 -2.336835 -4.677207 -0.486437 -0.434115 1.212495 -1.999809 -1.160665 -6.700792
-3.113861 -18.45593 9.55899 -1.667022 4.292999 -1.907408 2.698256 -4.832502 0.619389 1.335329 3.591085 2.678032 2.708837 -6.308707 -1.348186
6.886139 -20.45593 9.55899 -1.643523 -0.657963 -1.66118 -2.543063 0.521188 -11.7772 0.698179 -2.511559 -4.82237 -1.16112 5.309298 -14.57893
0.886139 -20.45593 9.55899 -0.834383 -1.989479 -1.46263 -3.768093 -3.67898 -6.570335 -2.690822 -1.484107 0.321307 -1.835058 -1.766071 -6.025742
-1.113861 -20.45593 9.55899 -2.322029 -2.386893 -2.043798 -3.377083 -3.890753 -3.367498 -1.614748 -1.54996 1.053024 -5.938155 -4.820614 -7.120136
-3.113861 -20.45593 9.55899 -0.912964 0.289541 -2.671796 1.114587 -4.756412 1.090156 1.552596 -1.118335 3.297219 1.201977 -5.199606 0.781637
6.886139 -22.45593 9.55899 -3.185322 -1.723483 0.484912 -0.315995 1.229764 -5.914942 0.405868 -3.390585 -6.354171 -1.120647 2.658267 -12.00812
0.886139 -22.45593 9.55899 -0.002513 -3.70642 -0.002229 -5.492951 -3.751179 -6.659125 -2.077276 -3.02311 -0.409084 -4.145787 -5.158807 -5.354751
-1.113861 -22.45593 9.55899 -0.43611 -0.939146 0.727108 -3.888635 -4.838293 -0.585163 -1.369992 -0.805279 3.9628 -4.906132 -7.18181 -1.905558
-3.113861 -22.45593 9.55899 0.358132 0.756115 -0.545741 0.527736 -3.795693 1.401672 2.710162 -1.806163 4.914741 0.971288 -0.837279 2.935278
-5.113861 -22.45593 9.55899 0.513211 0.120716 0.017456 -1.245923 -2.663139 2.356583 5.28501 -2.450211 5.488484 -0.443145 3.956909 5.811377
6.886139 -24.45593 9.55899 -4.075748 -0.297659 3.653284 1.049097 -1.541647 2.68316 0.049472 -0.97651 -0.921785 -3.32972 -2.918302 -1.198756
4.886139 -24.45593 9.55899 -2.683141 2.156885 -0.522631 1.101959 -1.281489 -1.7574 -6.906196 0.26187 -4.201381 -6.770892 -10.24059 -7.775905
0.886139 -24.45593 9.55899 -1.315822 1.71135 1.19308 -2.099952 -4.265566 -2.926209 0.420822 1.431949 -0.176292 -2.437447 -4.654634 -0.556896
-1.113861 -24.45593 9.55899 -0.190389 1.618095 1.477619 -2.375807 -3.469226 -1.278448 -0.482014 0.960717 2.606097 -2.042583 -5.87199 1.323412
-3.113861 -24.45593 9.55899 -0.878319 3.992244 0.637236 1.790095 -2.392736 -0.800939 0.435667 1.856934 1.702874 1.377904 0.851854 -0.509561
-5.113861 -24.45593 9.55899 -2.065357 3.877752 -0.032748 1.757766 -2.772679 1.464681 2.900655 0.898536 1.012834 0.766856 3.834809 2.057921
12.88614 -26.45593 9.55899 -2.73252 -0.955563 -1.804523 -0.132077 -2.131955 -0.633246 -0.173509 -0.092697 2.242633 1.697836 2.537843 -2.603106
6.886139 -26.45593 9.55899 -1.907256 4.384537 3.016229 5.383182 -2.419207 2.715434 -2.223127 0.915419 -0.371288 1.403587 -4.482435 0.089093
4.886139 -26.45593 9.55899 -0.905791 4.814759 1.733358 4.865758 -3.377563 -1.930337 -5.128404 -0.089275 -3.021561 -2.415728 -9.15507 -8.165102
2.886139 -26.45593 9.55899 0.487493 1.621287 0.263577 -0.920833 -2.127322 -1.504984 4.610061 0.395178 4.286114 -4.928823 -2.749248 -1.281746
0.886139 -26.45593 9.55899 -2.5845 2.68012 -0.687881 1.033776 -3.449128 1.119991 0.54305 3.513513 -0.832562 -0.793423 -4.05518 7.414752
-1.113861 -26.45593 9.55899 -1.423479 -1.633264 0.058877 -1.664301 -0.397328 -1.584838 -2.878807 -1.163976 -2.937313 -3.169861 -2.683513 5.106007
-3.113861 -26.45593 9.55899 -1.756942 -1.49632 -0.555968 -1.470345 -0.751693 -3.684212 -0.729594 -3.013248 -1.063388 -3.416809 0.162368 -1.032701
-5.113861 -26.45593 9.55899 -2.442554 0.177422 -1.319233 -0.106533 -1.014848 0.331161 1.689015 -0.736282 0.915834 -2.926695 3.47818 3.672137
14.88614 -28.45593 9.55899 -1.734954 -4.839669 0.086696 -1.000545 -2.413325 -2.007912 5.089719 -4.030395 8.227195 -5.310569 3.059228 -4.79775
12.88614 -28.45593 9.55899 -2.587163 -1.804114 -1.326752 -2.302541 0.21769 0.033606 2.262448 0.176731 4.318494 -1.410456 5.227454 0.558102
10.88614 -28.45593 9.55899 -3.103894 -1.93675 -5.325539 -0.688092 -0.75368 3.324337 3.184583 -0.799873 -1.416504 4.411251 5.871247 7.320043
6.886139 -28.45593 9.55899 -0.386462 3.907418 2.422729 7.62525 -0.081272 0.077971 -1.035705 0.929359 -1.991444 5.360664 1.414369 -5.60654
4.886139 -28.45593 9.55899 0.311132 1.883063 2.971401 5.688984 2.533944 -1.877576 -2.590004 -3.006269 -1.982897 1.084287 3.738313 -6.943658
0.886139 -28.45593 9.55899 -2.251265 0.440105 -2.443241 0.802603 -0.240457 0.184838 1.627877 0.707123 -0.368059 -0.785743 -0.337762 4.988716
-3.113861 -28.45593 9.55899 -0.86466 -4.036546 -0.947447 -2.248357 1.806391 -3.77529 -0.724257 -5.458752 1.526621 -3.910892 4.854069 0.621246
-5.113861 -28.45593 9.55899 -2.023225 -0.28209 -1.369473 0.452912 1.77582 2.10111 0.927694 -1.495596 2.076083 -2.033881 9.149906 5.075253
14.88614 -30.45593 9.55899 0.645832 -0.782355 1.221393 -2.025486 -0.182946 -1.972327 3.234394 1.417856 6.991428 -3.538677 -0.159961 -3.377706
12.88614 -30.45593 9.55899 -0.441002 0.133702 -1.621386 -3.971364 0.533418 0.276699 3.980232 0.962482 6.541518 -3.456982 3.546814 1.609931
10.88614 -30.45593 9.55899 -0.047757 0.53438 -1.797154 -0.237814 -0.958016 2.227153 1.526881 2.154125 1.862793 0.02296 4.089362 4.756046
8.886139 -30.45593 9.55899 -0.08522 -0.303678 -1.359007 1.40333 -2.968617 1.990385 3.167791 1.291442 1.409522 -0.624356 -0.104501 2.541451
6.886139 -30.45593 9.55899 2.00713 -0.648925 1.889104 4.036127 1.305206 -0.303633 2.454474 0.26806 -1.116436 1.818205 2.494271 -4.382451
4.886139 -30.45593 9.55899 -0.391938 -1.888376 1.705428 0.682424 3.330428 0.111064 -2.914055 -4.785704 1.105173 -1.559757 4.283882 -1.718664
-1.113861 -30.45593 9.55899 -1.488043 1.029748 -2.201265 -0.407243 -2.218555 -1.68101 -0.005182 -0.629089 -1.28156 -4.394431 2.937301 -0.36559
-3.113861 -30.45593 9.55899 -0.867412 0.855852 -1.100007 0.118953 -0.335989 -1.567115 -0.521626 0.669387 0.9702 0.289771 5.756242 3.319671
-5.113861 -30.45593 9.55899 -0.702689 3.868505 -0.745922 4.113332 0.40529 3.354649 0.574416 2.849079 1.873578 3.9338 7.295218 5.419754
14.88614 -32.45593 9.55899 -2.149994 0.082958 -3.038303 -4.905823 -3.763672 -2.170607 4.35526 -0.617845 5.848141 -6.119253 3.468694 0.292804
12.88614 -32.45593 9.55899 -0.948698 -0.203135 -2.510863 -3.587354 -2.83668 2.67056 7.189816 -1.467615 6.075956 -6.50567 2.563853 4.076049
10.88614 -32.45593 9.55899 0.178385 1.049064 -0.814032 0.861838 -1.684509 2.117841 1.676177 1.347344 3.676861 0.026683 0.149596 2.060454
8.886139 -32.45593 9.55899 -0.803377 2.591012 -2.257333 1.365896 -2.128464 1.576355 -1.224515 3.746165 1.093948 -1.171148 -0.250454 0.102183
6.886139 -32.45593 9.55899 0.971911 -1.143746 -0.18139 1.381637 1.867342 0.251941 -0.456028 2.774867 -0.261152 0.48383 0.23208 1.864843
4.886139 -32.45593 9.55899 -1.502729 0.45437 2.732454 0.080199 1.6213 0.529326 0.050466 0.855886 6.359258 -1.053681 0.379893 3.15932
0.886139 -32.45593 9.55899 -1.64916 0.177743 -0.694391 -0.849268 0.313409 -2.433221 0.208809 1.404695 1.991277 -0.654025 2.244596 -1.662894
-1.113861 -32.45593 9.55899 -1.512366 1.442217 -1.540175 -1.686957 -3.636165 -3.908164 -0.059376 0.166044 0.692911 -3.856568 -1.479605 -2.987078
-3.113861 -32.45593 9.55899 -1.172553 2.224839 -3.397403 0.118424 -3.515984 -2.251501 0.058067 2.603166 -1.945748 -0.039495 0.904782 1.272303
14.88614 -34.45593 9.55899 -5.162002 -0.176872 -3.515232 -4.628655 -4.829631 -0.022641 2.438321 -4.033298 8.23653 -9.58136 2.341604 1.934041
12.88614 -34.45593 9.55899 -2.335095 2.100456 -1.336447 -1.932242 -2.721437 0.63632 3.451833 -1.785575 7.566307 -5.196575 -0.598972 0.554243
10.88614 -34.45593 9.55899 -0.049824 3.49128 0.74824 0.888 -0.202004 -0.196928 0.554248 0.614341 4.007618 0.694165 -0.947984 -2.053355
8.886139 -34.45593 9.55899 -2.284406 3.066848 -2.468196 3.025496 0.112252 -0.593128 -1.136168 1.918057 2.965758 1.035602 3.90119 -0.695366
6.886139 -34.45593 9.55899 -0.475385 0.959928 0.585366 3.79078 2.212234 1.509297 -2.807689 1.964303 2.715015 1.828127 3.041726 2.944955
0.886139 -34.45593 9.55899 -1.345343 0.666421 -2.247846 -0.486703 -1.338856 1.345954 -2.913645 -0.550428 2.077435 -0.095823 -0.437307 1.527231
10.88614 -36.45593 9.55899 -1.8512 1.599004 0.9134 -3.771969 -0.635215 -2.400852 -0.48408 0.293636 5.24863 -3.423927 -0.026405 -1.516746
8.886139 -36.45593 9.55899 -1.556117 2.267344 -1.923797 0.602799 1.129073 -0.578811 1.543406 -1.774997 3.000846 -1.661656 4.55389 0.152069
6.886139 -36.45593 9.55899 -1.127141 4.708582 -0.074249 4.399865 0.721475 0.932352 -1.677227 1.297419 1.050766 0.573681 2.834492 -1.30477
0.886139 -36.45593 9.55899 -1.412758 -0.422752 -2.856495 -2.065384 -1.267522 -2.239271 -1.720783 -1.994307 0.474705 -4.539504 -2.906687 -1.305008
-1.113861 -36.45593 9.55899 -1.947334 2.502896 -4.015171 3.916575 -4.623959 1.375737 0.190741 0.933561 -1.303874 0.805709 -4.857045 0.278787
8.886139 -38.45593 9.55899 -1.331338 0.985408 -0.487787 -2.419725 0.092394 0.170912 1.620535 -1.314576 3.863918 -4.147079 3.24199 1.988736
2.886139 -38.45593 9.55899 0.714448 0.300896 -4.777842 -7.27276 4.206411 -4.340217 -5.605032 3.435926 -5.125948 -6.84611 -2.226429 -0.089646
0.886139 -38.45593 9.55899 -1.787574 -2.612604 -2.77193 -5.21359 -0.341062 -4.997975 -3.03485 -1.335417 -1.559856 -5.68998 -3.542753 -0.950754
8.886139 -20.45593 11.55899 3.301858 -2.156532 1.797779 0.085014 -1.780841 -3.233881 7.437405 -3.842794 1.571694 -0.7043 1.269919 -6.508552
0.886139 -20.45593 11.55899 3.033663 -1.882058 3.49495 -5.578615 1.892738 -2.119838 7.734622 -3.244064 4.418288 0.177276 4.932953 -3.890779
-1.113861 -20.45593 11.55899 3.873591 -1.416771 3.635691 -3.02582 0.289893 -1.259938 4.171259 -3.696497 2.161869 -2.137053 -1.140382 -2.923727
-3.113861 -20.45593 11.55899 2.052305 0.288444 0.797661 2.128461 -2.305365 1.416332 0.638614 -4.426826 -0.176069 2.872534 -5.79972 -1.22349
8.886139 -22.45593 11.55899 1.620101 -2.90994 -0.065457 0.933267 -0.715593 -1.023377 7.248263 -1.752931 -0.248398 -2.225936 4.053485 -3.789094
2.886139 -22.45593 11.55899 -0.381378 0.022378 -0.35697 -3.432753 0.186534 2.534215 4.643064 -1.820578 -1.709177 -0.1022 -1.188939 10.59648
0.886139 -22.45593 11.55899 3.546562 -3.253649 1.716918 -4.12423 1.716637 -1.455919 7.451703 -2.581373 3.322572 2.051488 5.478687 1.219164
-1.113861 -22.45593 11.55899 4.418289 -0.377964 2.334471 -3.895763 0.919594 0.331371 2.004157 -1.386946 2.516085 -1.4902 -0.781058 3.804254
-3.113861 -22.45593 11.55899 2.086759 -0.206126 1.004919 -1.200462 -1.537302 -1.090168 0.774383 -2.723368 1.782383 -1.160771 -5.269534 0.584303
10.88614 -24.45593 11.55899 1.155776 -4.193951 3.122655 -2.05238 -1.533243 -1.992284 1.261423 -3.804936 4.288767 1.767377 0.62025 -2.991576
8.886139 -24.45593 11.55899 0.442466 -2.497479 0.756176 -2.61869 0.377654 0.814797 6.165281 -1.060846 0.382311 -4.952895 1.777664 0.097891
2.886139 -24.45593 11.55899 0.181709 3.993439 -1.817111 -1.287404 -1.206201 1.916264 7.421367 2.501738 0.786992 -2.913159 1.303951 6.360168
-1.113861 -24.45593 11.55899 0.157349 2.339547 0.143887 -3.672756 -0.161136 -1.571688 0.632986 -0.0837 0.730468 0.697113 -2.757518 4.537495
-3.113861 -24.45593 11.55899 -1.443964 3.044749 -0.432121 -0.741468 -2.550091 -3.770711 -1.029159 2.221887 -0.068823 -0.778942 -1.965525 -2.260637
-5.113861 -24.45593 11.55899 0.722033 0.928155 0.060713 0.761029 0.658379 -1.806206 1.131073 -2.445399 -1.5891 0.090744 3.126118 -2.54799
8.886139 -26.45593 11.55899 0.599437 -0.674359 -0.304431 -0.17045 -0.102225 -0.934092 5.029624 -1.263932 0.874146 0.494121 -2.398279 -0.863079
6.886139 -26.45593 11.55899 -1.226269 0.218276 0.102346 1.166743 -3.207728 1.928582 6.440127 -1.02782 3.758986 -1.616322 -0.16399 -2.336725
2.886139 -26.45593 11.55899 0.310843 4.542977 -1.3633 -1.35848 -3.320239 4.108852 4.767281 5.497512 3.572867 -2.77115 -3.965465 9.779461
0.886139 -26.45593 11.55899 -0.66791 5.348622 -0.37842 1.201665 -0.347546 3.26027 -0.029795 4.637953 -0.123052 3.264052 -0.664923 7.592764
-1.113861 -26.45593 11.55899 -2.322976 -0.196469 -0.719305 -2.382982 -0.566439 0.825749 -0.103779 -1.64185 -4.04585 -3.192457 -4.063604 5.26871
-3.113861 -26.45593 11.55899 -0.574423 -1.117587 0.6092 -1.32232 -1.924035 0.661464 -0.158636 -1.140385 -0.954568 -2.023415 -3.108386 1.890918
-5.113861 -26.45593 11.55899 1.008649 0.225631 0.273792 0.245572 0.025072 2.179518 0.484865 -0.885371 -0.173653 -0.513693 1.406206 5.040248
6.886139 -28.45593 11.55899 1.082014 4.719655 1.724022 9.082277 -2.831656 1.258941 4.620584 1.645717 -0.618413 8.035722 1.279748 -4.080336
2.886139 -28.45593 11.55899 0.246448 4.131092 -1.997222 1.740767 -1.47732 4.597677 3.021485 4.248393 0.96358 -0.177053 -4.785755 6.224265
0.886139 -28.45593 11.55899 -0.292321 3.287803 -2.272901 1.770622 -1.02312 3.588513 -1.022149 1.648938 -2.1029 4.007092 -0.465538 6.327702
-1.113861 -28.45593 11.55899 -0.154021 0.549098 -0.4918 1.470214 -0.535282 3.766269 0.796505 -0.90055 -3.324642 1.116613 -0.411636 4.619524
-3.113861 -28.45593 11.55899 1.631577 -2.184109 0.811643 2.901377 0.748937 2.691793 1.833454 -2.431824 2.042931 3.505471 2.519365 4.79923
-5.113861 -28.45593 11.55899 0.520316 1.004627 -0.412744 3.739928 -0.524056 5.202039 1.361391 -2.348081 2.766695 1.354619 3.092048 6.038474
14.88614 -30.45593 11.55899 -1.212683 1.531208 -0.761646 0.435329 -2.010302 -0.076377 -0.3921 1.877513 3.390659 -2.622607 -3.480365 -4.744202
12.88614 -30.45593 11.55899 0.228986 0.954754 -0.516498 -1.124246 2.02 0.607727 0.301003 -0.316187 3.024377 -3.552217 0.866192 -2.706635
6.886139 -30.45593 11.55899 4.931299 1.561081 1.877025 8.415907 3.619833 -0.542683 7.700745 0.220457 0.489657 6.733195 9.662529 -4.672936
0.886139 -30.45593 11.55899 0.179984 4.117935 -1.808056 1.383356 -2.372895 3.86446 2.783021 2.382513 1.198667 2.468732 3.695061 4.606158
-1.113861 -30.45593 11.55899 0.900066 1.375972 0.031288 2.146523 -3.095253 1.078137 1.266073 -1.421211 0.375913 1.850857 0.198531 1.747584
-3.113861 -30.45593 11.55899 0.937877 0.685857 -0.123555 3.713615 0.661889 0.422832 3.950243 0.136971 3.898098 4.229876 8.104242 2.915516
-5.113861 -30.45593 11.55899 0.485186 3.984007 0.047843 6.855814 -1.833277 4.883679 4.650583 -0.255398 4.447463 4.615181 7.777077 5.220566
14.88614 -32.45593 11.55899 -4.030604 0.17093 -4.814395 0.163309 -3.49499 -2.321934 -1.137713 1.332079 -0.027221 -0.438809 1.349681 -1.40833
12.88614 -32.45593 11.55899 -2.491431 -1.592672 -3.269125 -0.220329 -2.629446 0.63511 -1.004121 -2.229449 0.318061 -2.58429 1.537495 0.286757
10.88614 -32.45593 11.55899 -0.85222 0.762185 -1.261903 1.960951 -0.114818 -0.25923 -3.717743 0.925461 0.614672 3.599211 1.515098 -0.343429
6.886139 -32.45593 11.55899 1.156917 -2.344316 -4.85813 0.153999 5.984181 -0.319969 2.876619 0.765558 3.699921 -3.639598 7.040105 -0.535341
4.886139 -32.45593 11.55899 -0.186857 -1.596945 -1.60922 -1.967214 6.427478 4.163658 5.223097 -0.937764 10.97172 -10.20734 3.955894 5.696942
-1.113861 -32.45593 11.55899 1.005535 -0.325249 0.964662 -0.475316 -2.940038 -3.785183 2.325423 -1.380854 3.440585 -1.081942 -1.683912 -1.385009
-3.113861 -32.45593 11.55899 -0.402984 1.682836 -0.947968 1.782404 -0.698902 0.047798 5.140365 0.446876 3.875731 0.477585 4.853267 1.828619
-5.113861 -32.45593 11.55899 -0.212417 4.216263 -0.186813 4.803787 -1.994496 5.172219 6.03616 1.090104 4.787222 2.306563 3.965924 4.519696
16.88614 -34.45593 11.55899 -2.953196 0.645697 -2.832779 0.822306 -2.587833 1.155814 -1.435068 -0.470261 2.032936 0.489322 -3.372775 5.226934
12.88614 -34.45593 11.55899 -2.250994 -2.196572 -2.090141 -2.660125 -2.576737 -1.447041 -1.398973 -2.264951 3.504704 -4.18071 1.880164 -0.344393
10.88614 -34.45593 11.55899 -0.875009 1.093232 -1.075441 1.414967 1.190243 -0.532695 -3.956095 0.918671 1.715839 1.257454 4.668702 -1.462393
8.886139 -34.45593 11.55899 -0.732462 2.528468 -0.578699 3.482636 1.795641 2.597078 0.611998 1.782943 4.886958 0.370609 3.634244 -0.488051
6.886139 -34.45593 11.55899 -1.528332 -0.109454 -4.372615 0.935605 2.389603 7.807822 0.731468 3.602022 10.29462 -6.450491 1.16719 9.891186
0.886139 -34.45593 11.55899 -1.481426 -1.963036 -2.841135 0.671506 -0.682325 1.425567 0.95408 -3.014028 3.073811 -1.227641 0.149242 3.021285
-1.113861 -34.45593 11.55899 0.476413 -0.345982 -0.254286 1.30763 -0.614621 -1.77631 2.691235 -1.513181 3.090912 -1.595445 1.071286 -1.585219
-3.113861 -34.45593 11.55899 0.781179 1.620953 0.265371 2.139628 0.054786 2.395901 5.336612 0.562419 3.997008 -2.162091 2.59362 1.074057
-5.113861 -34.45593 11.55899 1.29178 1.482463 0.978231 2.067893 1.192498 4.619921 5.200371 1.005548 4.126448 -0.624505 3.395918 2.791282
12.88614 -36.45593 11.55899 -1.667715 -2.90175 -0.193019 -2.874665 -2.595822 -1.944203 -0.016147 -1.716187 6.638562 -1.665836 -1.150385 2.255006
10.88614 -36.45593 11.55899 -1.761855 0.550468 -1.077838 -0.386499 -0.600472 -2.033091 -0.078418 0.574598 2.677265 -1.586718 2.75736 -2.650014
8.886139 -36.45593 11.55899 -0.095499 2.445047 0.162698 4.283146 1.994216 1.159513 3.149359 -0.153799 2.621392 0.380797 3.020845 -1.026438
6.886139 -36.45593 11.55899 -0.782294 4.771541 -1.469021 7.633968 0.323087 5.907665 2.467999 4.694642 6.254536 2.320418 0.601649 5.480042
0.886139 -36.45593 11.55899 -0.591045 -1.446143 -1.54243 -0.420457 1.389364 -0.442673 0.625133 -4.563851 1.777197 -3.381232 1.469198 -0.998799
-1.113861 -36.45593 11.55899 -0.921054 1.618001 -1.590559 3.897372 -1.659021 1.121442 2.404958 -0.401489 2.036657 0.77018 0.086511 -1.560754
12.88614 -38.45593 11.55899 -0.597866 -3.093226 0.801234 -1.384272 0.478841 -1.73369 1.774549 -1.30847 7.684105 1.31262 3.932908 4.379322
10.88614 -38.45593 11.55899 -1.185365 -0.743292 1.316723 -0.220854 -0.080093 -1.773555 0.103606 -0.797804 4.356516 0.100569 0.910623 -1.764944
8.886139 -38.45593 11.55899 -0.762608 3.788185 0.294239 2.753603 1.146144 1.791234 0.653639 2.647636 3.026111 0.865553 2.148671 0.847431
8.886139 -40.45593 11.55899 -0.406644 5.248657 -1.009302 3.553477 0.034505 5.12644 -0.080362 5.852857 3.953061 1.94362 -0.301005 5.011797
0.886139 -22.45593 13.55899 -1.555464 -1.010431 -2.957731 -1.215178 2.748307 3.711702 7.056034 -2.243225 7.785952 2.658484 11.66141 6.587004
10.88614 -24.45593 13.55899 -0.249434 -2.638087 2.979642 -1.192613 -0.3059 -1.151475 -1.898515 0.757287 3.343568 2.631009 -0.296124 0.533045
2.886139 -24.45593 13.55899 -3.179329 4.118678 -5.5539 -1.592076 -0.707659 7.110363 5.387208 3.572787 -0.1965 -3.093407 -2.191563 11.25145
0.886139 -24.45593 13.55899 0.197801 4.415191 -2.616936 2.662458 2.940073 4.277296 10.61551 1.317282 7.926221 4.994081 5.545588 7.343746
10.88614 -26.45593 13.55899 2.047214 0.991793 3.557105 3.71536 2.046301 3.872053 3.207667 2.252455 3.148156 4.993244 2.111498 3.816394
8.886139 -26.45593 13.55899 2.394058 2.173983 1.798691 1.617822 0.783539 1.060951 4.657736 2.586708 1.009013 3.258082 -1.647189 1.585531
2.886139 -26.45593 13.55899 1.239687 3.469316 -3.248767 1.154823 2.148248 5.935417 7.833686 7.507533 2.585425 0.547944 -2.00513 10.40874
0.886139 -26.45593 13.55899 2.70301 5.32174 1.371632 4.576003 2.283819 2.535578 10.98529 3.407237 6.495965 3.96428 1.189753 4.742688
-3.113861 -26.45593 13.55899 0.816268 -3.164487 2.908081 -0.025954 -3.575884 2.399406 1.256134 -1.76036 3.220575 -0.243616 -2.5504 1.023058
-5.113861 -26.45593 13.55899 1.12473 -0.767037 1.35208 -1.451267 -0.848584 2.332 -0.363466 0.018872 2.708149 -3.170636 0.784073 3.279998
10.88614 -28.45593 13.55899 2.326521 2.68217 2.044699 2.159771 2.664177 1.938982 4.702735 1.560254 3.616488 2.227566 3.511601 -0.980684
8.886139 -28.45593 13.55899 1.01019 3.983516 -0.308432 4.778749 -0.621607 3.057808 3.540923 -0.0965 1.569589 4.195965 0.656422 0.858377
2.886139 -28.45593 13.55899 0.744213 4.60893 -0.796015 3.979439 2.101583 4.979318 6.559159 6.66658 1.079244 3.943936 4.902809 7.872946
0.886139 -28.45593 13.55899 3.573604 2.807608 1.734275 0.432893 0.982723 1.000122 9.865759 1.155935 2.362855 1.674446 3.715415 5.477716
-3.113861 -28.45593 13.55899 1.438719 0.069304 1.936119 5.583836 0.677524 4.730927 2.132022 0.162331 1.992333 5.425884 1.234104 4.718554
-5.113861 -28.45593 13.55899 0.378306 1.330382 -0.763593 4.567678 -0.816523 5.359775 -0.065075 1.247128 -1.195074 3.074784 -1.4266 7.498063
8.886139 -30.45593 13.55899 0.872437 3.476322 -0.028915 2.755994 -2.214817 3.919829 7.04416 -1.41239 2.328553 0.371654 3.278213 1.833055
6.886139 -30.45593 13.55899 2.580761 5.810687 1.830252 4.347833 -3.31666 -0.70755 4.94126 1.856068 -1.12784 1.201325 -1.125898 -3.370061
2.886139 -30.45593 13.55899 2.274204 6.547394 1.375291 3.518472 1.084728 6.048347 4.625127 5.92031 -3.859866 1.422182 0.70328 5.087847
0.886139 -30.45593 13.55899 2.054124 2.459632 1.768953 -2.383974 -0.344982 -0.118056 6.444266 0.349303 1.807065 -1.441627 2.123497 2.399724
-1.113861 -30.45593 13.55899 1.681678 2.058035 2.206475 1.948303 1.067387 -0.314448 4.716232 0.388259 1.191487 1.566124 2.542311 0.908861
-3.113861 -30.45593 13.55899 2.109465 1.649052 0.585909 2.806442 3.218467 0.773762 4.831892 1.06493 0.21539 -0.265333 5.030444 0.067658
-5.113861 -30.45593 13.55899 2.944841 2.320389 -0.419332 5.714411 0.585658 4.026991 4.216159 0.990911 -2.626734 2.875647 0.913276 5.701355
14.88614 -32.45593 13.55899 -0.344961 0.68503 -1.012537 -0.417783 0.250523 -0.47229 -2.248309 0.870486 -2.112355 -2.061 0.839692 -2.26843
8.886139 -32.45593 13.55899 1.239137 3.447434 0.180001 0.994697 -0.649382 1.509759 1.77936 0.526739 1.874198 0.656286 -0.052697 0.518315
6.886139 -32.45593 13.55899 -2.319985 -0.704848 -2.834933 -5.80416 2.772854 -2.669047 -4.010729 3.232124 0.890919 -9.689483 -0.593621 -4.683445
0.886139 -32.45593 13.55899 1.044392 2.274447 -0.988065 -3.507548 0.188511 -1.425394 2.50811 1.97037 -1.834407 -4.312233 -1.516647 -1.536139
-1.113861 -32.45593 13.55899 1.029193 -0.94254 0.74378 -2.005811 -0.494956 -3.058698 2.17121 -0.595845 0.230967 -3.279456 0.036485 -3.327726
-3.113861 -32.45593 13.55899 0.774159 0.675001 0.805685 -0.544064 2.529267 0.418146 2.454972 0.392287 1.533393 -2.719969 2.656373 0.609559
-5.113861 -32.45593 13.55899 2.482208 3.704719 1.135263 2.398775 0.268878 4.186843 4.832214 2.240082 0.85844 1.003845 -0.100448 6.964181
-7.113861 -32.45593 13.55899 0.052738 2.076365 -1.011818 2.975991 -2.041141 3.163306 0.395317 -0.17983 -0.476176 3.984999 -0.091386 4.192335
12.88614 -34.45593 13.55899 1.488805 0.931149 -0.942363 -0.036113 -1.865307 0.841215 0.550092 0.580261 0.209177 -2.967883 0.213252 2.852453
8.886139 -34.45593 13.55899 -0.114081 1.465921 -0.532266 -1.892364 0.345485 1.80932 -2.212474 0.0799 1.742482 -3.299411 -2.316457 0.365037
6.886139 -34.45593 13.55899 -10.4056 -2.797632 -8.51408 -15.61396 -8.776328 10.15305 -4.504272 1.998367 17.81499 -31.4356 -14.8758 11.67549
0.886139 -34.45593 13.55899 0.517089 -0.774108 -2.132094 -3.620133 0.384048 -0.168596 1.919472 -2.349342 0.436133 -5.720503 -0.356261 -0.69961
-1.113861 -34.45593 13.55899 2.335354 -1.459486 1.036042 -1.444953 2.840267 -2.622156 4.570912 -2.716901 1.181355 -2.206311 1.54047 -4.168995
-3.113861 -34.45593 13.55899 2.827496 0.380469 1.409935 -0.82199 1.667001 3.121207 5.640604 -0.56391 4.478154 -1.566683 2.641622 3.706011
-5.113861 -34.45593 13.55899 3.660096 3.055871 2.961119 1.870829 1.929029 5.663917 7.226398 3.033334 5.974254 1.686794 3.3743 8.009594
12.88614 -36.45593 13.55899 1.587085 1.301612 0.7113 -0.091607 -2.528539 0.513562 1.403786 0.208045 2.423989 -3.192567 -3.874724 1.041698
8.886139 -36.45593 13.55899 -0.36028 1.609122 0.028864 1.477693 -0.470451 1.649955 0.861617 1.199902 0.590848 -1.084726 -4.233706 -0.824546
6.886139 -36.45593 13.55899 -5.824671 0.477605 -4.326506 -3.291422 -10.96399 10.61474 3.074158 4.024784 16.04456 -17.09216 -14.29662 11.31024
0.886139 -36.45593 13.55899 -0.758082 0.865916 -0.506976 -0.207636 -2.381115 1.180034 0.120839 -3.306631 1.134247 -1.920118 -0.952455 -0.472991
-1.113861 -36.45593 13.55899 0.304368 3.155314 0.725508 1.866397 -0.317773 -0.62106 2.786758 0.053574 2.474842 0.729872 1.560107 -2.535525
-3.113861 -36.45593 13.55899 1.802095 2.27226 0.568251 0.287737 0.857983 1.758596 5.706357 1.519262 4.033014 -0.92896 3.697671 1.221218
-5.113861 -36.45593 13.55899 0.907265 0.623745 -0.665802 0.436433 1.950423 0.68444 7.348599 1.619395 5.459005 -0.417345 5.729763 2.251842
12.88614 -38.45593 13.55899 0.099701 -0.923572 -0.046229 -1.730242 -1.982322 0.886751 2.13649 -0.296308 2.638225 -1.354797 -1.238113 1.006929
10.88614 -38.45593 13.55899 0.678446 -0.867234 0.916941 0.599038 0.242795 -0.764476 2.573804 1.005988 1.501529 3.20058 0.650767 -0.895805
8.886139 -38.45593 13.55899 1.240828 2.945735 -0.198218 3.146756 1.344794 1.310929 3.14441 3.647456 -0.107855 2.749996 1.742946 -0.308462
6.886139 -38.45593 13.55899 0.820657 3.763252 0.721566 3.727479 -2.90047 4.832972 6.603221 6.88615 6.079991 1.375822 -0.41837 4.473265
12.88614 -40.45593 13.55899 0.65281 -1.901733 -1.045653 -0.834175 1.565806 1.370003 5.878542 0.342814 3.675048 1.492558 4.977339 2.476494
10.88614 -40.45593 13.55899 1.054756 -1.182732 0.535325 1.140082 1.503713 2.290323 1.674417 0.745371 0.618949 4.844723 1.625052 4.456606
8.886139 -40.45593 13.55899 1.351095 1.904981 -0.463419 2.44872 0.781721 1.602155 1.254102 2.859355 2.311731 3.611365 1.626249 1.764841
6.886139 -40.45593 13.55899 0.838328 2.995865 -0.5766 3.166166 0.571108 3.820228 3.298115 5.122139 3.269124 4.392903 3.682122 2.716755
10.88614 -42.45593 13.55899 -0.904115 0.083044 -2.183586 3.526227 -0.209483 4.892675 2.876624 1.053214 1.946478 5.008102 2.004365 6.984703
8.886139 -42.45593 13.55899 0.061698 -0.746236 -1.788513 1.869251 -0.99499 1.569895 0.161856 0.891431 2.01305 4.435674 -0.32894 4.675186
6.886139 -42.45593 13.55899 0.52002 0.701924 0.67453 1.870085 -0.750799 3.801577 0.885821 3.489392 3.201004 4.886142 1.418159 5.660284
10.88614 -26.45593 15.55899 -0.379258 1.613495 0.466066 1.854082 -1.994825 4.086927 1.656163 5.344116 3.154395 2.202327 2.202345 4.990291
10.88614 -28.45593 15.55899 -1.02114 3.269199 0.189215 2.336782 0.320132 3.402364 4.076286 2.261331 4.524311 0.11951 3.575999 -1.954397
2.886139 -28.45593 15.55899 -1.831548 3.579234 0.245466 3.568436 0.493603 1.482715 5.015572 0.965218 2.44588 2.277364 8.420055 2.970504
0.886139 -28.45593 15.55899 2.389825 -0.207735 3.363097 0.340916 0.091246 0.243685 10.519 0.086072 6.792155 0.022474 4.139676 4.287393
12.88614 -30.45593 15.55899 0.933286 0.789818 0.797791 1.25986 1.017598 2.83357 4.65032 0.990288 3.81124 0.964089 1.836686 1.789068
10.88614 -30.45593 15.55899 -0.247019 1.806318 1.320913 3.615973 2.863852 4.518438 6.750741 1.722504 6.971476 3.68958 6.029282 1.023156
8.886139 -30.45593 15.55899 0.607 1.020309 1.006028 3.82932 -2.492878 4.600201 10.01361 -1.116064 5.47317 2.692562 2.077765 4.189084
2.886139 -30.45593 15.55899 0.373054 1.57346 2.169031 1.819987 -2.413984 -0.455606 2.966258 -3.63669 -1.683786 0.759143 2.425944 -1.715495
0.886139 -30.45593 15.55899 1.503825 -2.256161 2.28144 0.575227 -0.803938 0.033503 6.013681 -3.198655 4.939563 0.163746 0.453247 1.574899
-3.113861 -30.45593 15.55899 -0.938017 2.281065 1.181769 1.846537 2.607385 0.291289 1.020968 1.596375 3.357495 -1.251919 2.998813 -0.04631
-5.113861 -30.45593 15.55899 2.891992 0.01946 0.756144 2.496978 2.579652 1.204614 7.425662 -1.019117 2.136179 2.016456 4.812118 2.506372
10.88614 -32.45593 15.55899 1.802802 1.530829 0.740313 2.658861 2.363609 2.231668 5.914054 3.647362 3.653119 1.897366 7.232335 2.781424
8.886139 -32.45593 15.55899 2.022389 -0.444488 0.825888 0.112018 -1.550375 0.628877 6.197579 0.243464 4.522119 1.49385 2.205716 3.026417
6.886139 -32.45593 15.55899 -1.504984 0.220077 -2.412782 -3.805587 -0.851094 -2.493903 -2.411913 1.734077 -0.330676 -5.496919 -1.442563 -3.989331
2.886139 -32.45593 15.55899 2.521141 3.330243 0.749619 4.547988 7.413398 -3.474753 -2.993729 3.0801 -11.17577 4.350309 8.599677 -10.776
-3.113861 -32.45593 15.55899 -1.643976 -0.005704 0.629185 0.038861 2.430243 -0.146411 -0.855914 1.567983 2.872606 -1.20542 2.23213 0.27313
-5.113861 -32.45593 15.55899 1.993537 1.345448 2.666786 1.07598 2.953887 0.702409 4.96518 0.083723 4.186215 -0.093872 5.077802 0.624741
-7.113861 -32.45593 15.55899 -0.457691 1.61219 -0.106786 3.188687 0.861367 2.629361 3.390577 -0.557532 2.327146 -0.074505 4.055904 0.921721
8.886139 -34.45593 15.55899 -2.107899 -1.161123 -2.779066 -2.882006 -2.843691 1.202812 2.190207 -1.266678 3.241133 -4.27258 0.08894 1.870359
6.886139 -34.45593 15.55899 -7.192106 3.529103 -2.010836 -13.44166 -17.29314 8.30728 -2.442303 -6.241662 17.16688 -29.45069 -24.03658 11.72967
0.886139 -34.45593 15.55899 -0.73305 4.37401 0.331239 -2.506457 -0.058375 0.305027 1.309975 -0.334775 3.286661 -5.83883 1.009379 0.169564
-1.113861 -34.45593 15.55899 -0.442424 0.005039 -0.672562 -0.765692 2.314137 -2.954655 -0.129527 0.458539 -0.769482 0.03732 2.217935 -3.190317
-3.113861 -34.45593 15.55899 1.856034 -0.371739 0.286784 -0.757816 1.11247 -0.002555 2.939447 1.105419 1.310394 1.541842 0.648774 2.756084
-5.113861 -34.45593 15.55899 2.394821 4.306908 2.146617 3.801147 3.58972 3.3355 5.438643 5.068682 3.427444 3.213073 5.760943 4.129593
-7.113861 -34.45593 15.55899 1.308708 4.476583 0.688598 4.792352 3.227057 4.738634 4.313994 3.859415 0.184678 2.095408 3.767514 1.973601
8.886139 -36.45593 15.55899 -2.269056 0.483882 -1.35936 -2.195706 -3.473404 1.811326 0.69886 0.801382 2.591211 -5.397871 -3.44915 0.212648
6.886139 -36.45593 15.55899 -1.981634 5.755971 2.441781 -9.854421 -19.44629 12.76957 7.011681 -3.646507 20.94452 -26.80091 -25.6747 17.8669
-5.113861 -36.45593 15.55899 0.711827 5.152648 -0.731604 4.997087 0.447704 2.931604 6.057889 4.292086 3.322211 2.261513 0.197908 2.935643
12.88614 -38.45593 15.55899 -0.76764 1.215866 0.730698 0.536736 -1.636685 3.64981 2.122736 0.055263 1.347076 -1.600979 -1.122308 -0.921506
6.886139 -38.45593 15.55899 6.513225 5.249724 4.629117 0.138352 -3.757469 4.681256 7.624313 5.632564 3.299814 -3.669421 -7.411121 4.622638
12.88614 -40.45593 15.55899 0.933236 -0.70407 -0.397026 -2.558586 1.368449 1.590548 6.552975 0.016238 2.551801 -2.650387 2.777574 -1.567409
10.88614 -40.45593 15.55899 1.171884 0.887476 -0.023812 -2.065577 0.561957 1.496117 3.419451 3.055079 -0.352469 -0.861359 0.591282 0.99411
6.886139 -40.45593 15.55899 2.845257 3.855196 0.990353 1.788723 3.063634 2.08423 2.556942 4.317031 -2.919154 1.744791 2.89585 -0.217096
10.88614 -42.45593 15.55899 1.09847 -0.165142 -0.824104 -2.298149 1.025052 1.755621 8.59548 1.897383 5.579544 -0.745594 3.466604 1.361043
8.886139 -42.45593 15.55899 -1.017291 0.78235 -0.85615 -1.309635 -2.605662 1.258353 0.436406 -0.187037 2.616689 -1.714575 -0.02919 -0.411889
6.886139 -42.45593 15.55899 -1.252694 2.652708 -1.358393 2.588809 -2.170542 2.379793 -0.346013 0.918245 -0.424406 2.558015 -0.030399 -0.331804
8.886139 -44.45593 15.55899 0.690613 0.082555 -1.103227 0.397077 0.166521 0.523781 6.342876 -1.169855 5.272586 0.992626 3.030218 -1.667161
6.886139 -44.45593 15.55899 0.667473 2.431443 -1.052091 2.609379 -0.099975 2.277907 3.765264 0.849062 3.13979 3.276475 3.284185 0.559383
0.886139 -30.45593 17.55899 1.536449 -2.457647 1.691568 2.499991 -1.496433 1.184716 4.498948 -5.704971 6.441448 1.887727 0.075132 2.135583
-1.113861 -30.45593 17.55899 -1.677595 -0.048695 2.583513 5.055366 -0.573372 0.684298 1.47645 -3.679279 4.58601 3.033027 -0.185605 0.458193
12.88614 -32.45593 17.55899 -1.563767 3.1528 -0.443573 1.551942 -2.117331 3.8776 3.689121 3.570506 2.782914 0.82349 2.373501 4.871183
10.88614 -32.45593 17.55899 0.442461 2.208411 3.417828 2.278738 0.943138 3.890295 7.539643 3.502741 5.546298 2.004593 6.97117 5.461425
8.886139 -32.45593 17.55899 0.510873 -0.559908 1.644568 3.146635 -1.315176 3.465962 4.727333 -0.411251 4.159737 3.656656 3.420285 3.019592
2.886139 -32.45593 17.55899 6.198954 -0.198082 1.049906 0.505094 1.536872 1.848642 7.36583 -2.60881 -5.298868 -0.019481 4.139916 0.140584
0.886139 -32.45593 17.55899 -0.374563 -0.58775 0.839727 0.207716 -1.775165 1.367136 3.782151 -5.036662 4.577347 -0.177014 0.173644 -0.215924
-3.113861 -32.45593 17.55899 -2.218828 1.416821 0.937949 3.62551 0.538807 -0.347453 -0.314789 0.729086 2.697968 4.019464 1.258632 -0.442689
-5.113861 -32.45593 17.55899 -0.110785 1.529141 2.653362 3.213981 2.435506 -0.42421 1.816329 0.770598 4.008701 3.088108 5.849264 -0.535038
-7.113861 -32.45593 17.55899 -1.14321 1.91572 0.765675 3.232312 1.634601 0.888659 3.634666 -0.995082 3.914963 1.33484 4.526093 1.516374
10.88614 -34.45593 17.55899 -1.652262 -0.93253 0.660476 -1.414512 -2.183405 1.877952 2.705146 -0.446784 3.725192 -3.319926 2.136503 0.48173
8.886139 -34.45593 17.55899 -0.444039 -0.764106 -0.720711 2.599987 -2.217161 1.970918 5.083912 -0.424203 3.266589 1.527361 2.731982 -0.247198
6.886139 -34.45593 17.55899 4.0461 4.844724 8.144075 4.311418 -8.650681 5.603834 6.095242 -4.334558 7.865111 0.079517 -14.31266 6.471586
2.886139 -34.45593 17.55899 2.609183 2.933962 2.861654 3.135141 -1.176983 1.834592 4.154043 3.057456 2.032714 -0.58401 0.976132 0.213788
0.886139 -34.45593 17.55899 -1.557288 3.091872 -0.337768 0.59958 -1.129627 1.698106 2.977605 -0.56537 2.482246 -1.514254 2.725426 0.698445
-1.113861 -34.45593 17.55899 -3.273212 2.319317 -3.167841 3.023152 -0.903829 -0.511606 0.890245 2.767394 0.744869 3.30544 2.624249 -2.085644
-3.113861 -34.45593 17.55899 0.678567 2.201412 1.199379 3.332207 -1.502378 -0.598801 4.380461 1.838201 2.91483 4.647027 -1.249465 -0.663135
-5.113861 -34.45593 17.55899 1.174551 5.385002 2.696143 8.029359 2.506366 1.848398 6.799319 4.338951 5.442822 5.974794 7.217928 -0.353457
8.886139 -36.45593 17.55899 -1.231986 -0.13842 -0.305542 -0.526641 -0.598542 3.05709 2.868385 0.35102 2.720372 -0.729003 0.616072 1.269268
6.886139 -36.45593 17.55899 3.543696 5.023359 9.299175 -2.698611 -10.62392 8.48283 11.5939 -5.323583 12.57731 -8.185664 -16.96926 11.77138
0.886139 -36.45593 17.55899 0.310297 1.29985 0.913341 2.241167 -2.929854 0.128899 7.011991 0.034838 2.686952 0.849181 -0.106214 -0.547078
-1.113861 -36.45593 17.55899 0.253232 1.520825 -0.467081 0.219703 0.032037 -2.348997 2.483966 2.300579 0.65261 0.427737 3.175948 -1.974639
10.88614 -38.45593 17.55899 0.300067 0.266011 0.205575 0.794412 -0.237588 4.27999 3.494043 -0.984431 2.415102 -0.378934 0.144509 1.936718
6.886139 -38.45593 17.55899 3.298415 0.299343 2.947097 -2.647164 -2.336605 1.026831 5.234428 0.968618 0.358358 -1.974073 -8.166268 0.627382
12.88614 -40.45593 17.55899 2.269537 -0.820986 -0.283156 -4.761802 -1.603377 2.516128 9.538414 -2.210467 3.489931 -6.43537 -2.417441 -0.858418
10.88614 -40.45593 17.55899 2.686444 -0.73645 0.626076 -2.126618 -0.137563 3.515309 5.06214 -2.734713 0.370601 -3.263747 -2.529513 1.585658
6.886139 -40.45593 17.55899 1.054726 -1.042018 0.848812 -0.833944 3.037593 -2.307336 -1.317352 0.20524 -3.250012 0.804384 1.009126 -4.297496
10.88614 -42.45593 17.55899 2.805059 -0.576229 -0.255372 -3.449858 0.168313 3.969461 10.10829 -2.247222 4.229713 -3.873035 -0.263728 1.613035
8.886139 -42.45593 17.55899 0.964437 -1.863378 0.249674 -2.007717 0.483162 0.344583 1.72028 -3.829272 0.862863 -4.23561 1.163431 -3.299011
6.886139 -42.45593 17.55899 0.602109 -0.91439 -1.576263 0.67963 -0.133666 -0.594775 -0.760152 -1.116626 -2.9589 0.812463 2.448055 -4.343317
8.886139 -44.45593 17.55899 2.891122 0.210341 -1.529394 -0.765987 0.748201 2.629399 9.652326 -2.915436 3.478409 -1.89164 3.480615 -2.352634
6.886139 -44.45593 17.55899 2.122426 1.632649 -1.257157 0.346804 -0.548033 3.078388 4.764718 -0.141282 2.195239 -0.626489 1.690723 -0.415824
12.88614 -32.45593 19.55899 -0.9834 0.088925 -0.377487 2.252564 -0.147112 2.080563 5.22114 1.053702 3.780665 3.970855 2.107121 4.081277
10.88614 -32.45593 19.55899 0.355543 1.479636 0.479234 3.215934 0.29351 2.558766 6.301828 3.032777 5.04458 4.034548 3.548406 0.132321
0.886139 -32.45593 19.55899 1.115614 2.127268 0.182793 -0.307571 -0.120759 2.026772 4.732041 -1.650488 3.453574 -2.632917 1.861551 -2.160529
-5.113861 -32.45593 19.55899 1.318392 3.73167 1.378907 2.913995 2.094447 1.260364 6.314566 3.421464 5.296622 3.790053 7.710813 0.023958
10.88614 -34.45593 19.55899 -1.010285 -0.462372 -1.658901 1.396762 -0.032662 1.207876 2.484178 0.398748 2.233312 0.87618 1.086808 -1.793098
8.886139 -34.45593 19.55899 0.225269 -0.913994 -0.662318 3.476662 -2.037714 1.153862 5.099565 1.029079 1.872643 4.403322 0.256518 -0.959326
6.886139 -34.45593 19.55899 2.425365 0.193753 4.088879 11.8624 2.481439 1.358126 3.828791 0.062285 0.947008 14.95776 3.465846 6.16647
2.886139 -34.45593 19.55899 6.271304 4.350512 9.357597 6.87948 2.163886 6.920561 11.64331 -0.33239 3.968426 5.140406 6.515529 13.17549
-3.113861 -34.45593 19.55899 -0.716461 4.912839 1.669803 3.440516 -2.30095 1.252209 3.751178 3.07089 3.282598 3.334418 -0.047573 -0.8446
-5.113861 -34.45593 19.55899 2.206435 6.526721 3.14874 7.815945 1.005393 2.617409 8.503925 6.276505 5.873521 7.147537 6.687504 0.885226
12.88614 -36.45593 19.55899 -0.757293 -1.552804 -0.499072 0.205934 1.500067 2.072368 2.879688 -1.780215 2.843734 -1.621372 4.970783 -0.703892
8.886139 -36.45593 19.55899 -1.998116 -0.689158 1.383806 0.590978 0.403229 1.733043 2.674164 0.272499 3.474368 1.806628 1.382934 1.533859
6.886139 -36.45593 19.55899 -0.126188 -1.979571 3.317353 1.212393 1.391797 2.608959 2.249732 -2.637216 2.058851 2.407299 -1.666836 6.424391
2.886139 -36.45593 19.55899 4.403254 3.924107 12.19132 10.69983 -5.716283 7.875538 16.11206 -5.961378 13.5016 8.216671 2.893942 13.2493
0.886139 -36.45593 19.55899 0.129628 1.634537 1.824784 4.475224 -0.37542 2.205091 4.805729 1.299884 2.910768 2.588461 1.752485 1.778879
-1.113861 -36.45593 19.55899 -1.784807 2.495706 -1.389585 2.200404 -0.616031 1.06047 1.784454 2.365165 1.035026 1.132102 1.399702 2.015451
-3.113861 -36.45593 19.55899 -1.078728 4.202169 0.240016 3.705571 -2.307269 0.483155 2.359848 1.994215 1.763507 3.551651 0.767987 2.313984
12.88614 -38.45593 19.55899 1.00441 1.731692 0.730575 1.279957 1.036964 3.308873 3.299886 0.251141 3.026623 -0.002173 0.925075 1.476399
10.88614 -38.45593 19.55899 -0.875042 -0.135017 1.050848 -0.1567 -1.14531 4.02728 0.829251 -0.402536 2.302369 -0.782061 -1.097957 6.051167
6.886139 -38.45593 19.55899 -0.220738 1.198315 0.548084 -0.455985 0.012517 0.25587 2.663481 1.358329 -0.953413 0.710313 -1.998345 2.397089
10.88614 -40.45593 19.55899 1.083355 1.208095 1.469482 1.329702 -1.534942 5.847113 1.063893 -2.41291 1.438408 -1.203296 -4.335254 4.684333
8.886139 -40.45593 19.55899 0.37754 1.689827 1.774811 3.555577 2.517921 2.287313 1.00437 -0.437626 2.24957 1.160866 2.432383 0.723635
6.886139 -40.45593 19.55899 0.616923 4.748436 1.238799 4.256076 2.73812 1.343825 0.170084 4.52069 -0.288579 5.50144 3.16247 1.185393
8.886139 -42.45593 19.55899 3.472751 1.018209 2.283633 2.985051 2.416885 2.041605 3.020751 -1.92359 3.886506 0.103903 -0.165428 -0.104019
6.886139 -42.45593 19.55899 1.867077 2.525692 0.60655 4.034242 3.190859 1.743808 2.505464 2.851093 3.102391 2.694561 5.132385 -1.645198
8.886139 -44.45593 19.55899 2.499227 2.10047 1.246938 3.588127 0.235943 3.144559 4.323788 -1.754166 4.236822 2.435249 1.393638 2.552446
6.886139 -44.45593 19.55899 3.80194 3.598809 3.093865 2.609821 -0.911755 3.788195 8.559622 0.07463 8.942154 -1.169973 0.478034 2.474133
10.88614 -32.45593 21.55899 1.258101 0.47864 -1.833 1.178375 0.70629 0.840332 6.820852 3.258278 2.634028 3.94748 3.068997 0.760259
8.886139 -32.45593 21.55899 0.648877 -1.413801 -2.717625 -0.382342 -0.758214 -1.017864 5.704319 0.233695 0.086777 3.376391 2.664649 -0.817469
-5.113861 -32.45593 21.55899 2.430364 2.974601 1.083659 0.711111 2.073167 1.236518 6.584075 2.812222 4.540629 0.717964 5.840729 3.269681
10.88614 -34.45593 21.55899 0.578437 -0.68662 -2.874387 -0.73324 1.914287 -1.943606 4.279179 -0.16869 -0.187047 0.510675 2.612822 -2.449245
8.886139 -34.45593 21.55899 0.296374 -1.745767 -2.176963 0.735171 -1.253113 -1.753401 5.664482 -0.602197 1.096071 2.39703 0.917586 -0.494023
6.886139 -34.45593 21.55899 -1.234912 -1.976179 -2.548345 6.326682 -0.374462 -0.351418 5.388266 -1.542961 0.818895 6.619125 4.157831 2.650404
2.886139 -34.45593 21.55899 6.650221 4.29283 10.70034 12.1111 7.348644 -0.401381 18.1874 0.873466 6.663664 13.87642 14.97126 4.750061
0.886139 -34.45593 21.55899 0.861633 1.693624 2.027877 3.572397 0.83114 1.036025 4.203197 -0.274348 0.561913 1.985119 2.46521 -2.30758
-3.113861 -34.45593 21.55899 -0.280891 4.307995 1.520042 1.415508 -1.428839 0.531885 3.237736 3.112309 0.946951 1.209377 1.791831 -0.512924
-5.113861 -34.45593 21.55899 1.638292 4.888227 2.961595 4.685219 0.496714 0.762956 7.750492 4.414902 5.693083 4.599354 7.035068 1.319852
8.886139 -36.45593 21.55899 -0.831764 -0.800099 0.026312 0.154025 0.162289 -0.33005 2.010121 0.695513 2.435627 -0.232566 -1.311728 0.506667
6.886139 -36.45593 21.55899 -2.133622 -2.151372 -0.852815 1.275929 -1.599383 1.479367 -0.003399 -0.65065 -0.257407 -1.255311 -3.484269 3.10693
2.886139 -36.45593 21.55899 8.637972 2.160906 11.16681 11.53015 6.900818 -1.519649 17.23195 -2.596431 8.189697 12.59347 14.93681 -0.146902
0.886139 -36.45593 21.55899 0.341794 1.537756 -0.534984 2.727355 -0.978742 0.467142 5.213892 0.548612 1.277216 1.482474 2.06565 -0.460531
-1.113861 -36.45593 21.55899 -1.366989 1.159819 -1.218201 1.244691 -2.448077 1.105389 2.008954 1.711774 0.284742 0.485266 -0.518267 1.556344
-3.113861 -36.45593 21.55899 -0.810712 2.121205 2.141808 1.867234 -2.00143 -0.92257 3.422375 2.364164 3.05613 2.349476 1.318838 -0.141117
14.88614 -38.45593 21.55899 1.353741 0.116101 1.648681 0.03198 2.256884 1.54583 6.021127 1.189657 4.165654 1.796539 6.934656 -2.326542
12.88614 -38.45593 21.55899 2.856416 1.105496 1.607506 1.473165 3.774113 0.660865 3.976347 1.567849 2.556951 2.524203 5.002412 0.220712
8.886139 -38.45593 21.55899 -0.281598 0.142641 1.031414 -0.801954 1.444389 -0.206587 0.517429 2.990142 1.827557 -3.104342 -1.367135 2.241794
6.886139 -38.45593 21.55899 0.003153 -0.113184 1.597405 0.958133 0.28724 -1.913116 -0.082047 0.439685 0.362096 -2.60158 -3.646863 -0.779264
0.886139 -38.45593 21.55899 -1.143188 3.283339 -2.223126 2.097893 -1.360902 2.849261 3.394309 3.322309 1.205999 0.905417 5.040521 0.360518
12.88614 -40.45593 21.55899 2.949188 0.042448 1.728926 -0.442466 3.760857 1.81996 5.486835 -1.244253 4.202516 0.830003 5.335908 1.838358
10.88614 -40.45593 21.55899 2.089154 0.109859 2.835932 1.007056 3.218824 2.659095 2.255395 -0.027431 4.137431 1.006667 1.367087 3.554568
6.886139 -40.45593 21.55899 -1.300773 4.913631 0.401664 5.646311 -0.227588 0.498144 -2.541014 5.096787 1.173871 3.48314 -2.89832 2.70176
10.88614 -42.45593 21.55899 4.643105 0.520022 4.892788 2.781889 4.029336 3.509108 7.261243 -0.917479 8.327579 4.026289 3.901674 4.219621
8.886139 -42.45593 21.55899 3.300471 2.508585 4.99023 3.186615 3.384338 2.622974 4.205632 0.456909 8.536465 2.255925 1.937833 2.670244
6.886139 -42.45593 21.55899 -0.660331 4.582478 0.405768 5.139812 1.73901 2.094916 -0.471482 4.112153 3.262357 2.363655 1.589216 3.299767
8.886139 -44.45593 21.55899 4.308358 2.826342 3.946558 5.959336 1.933912 3.871795 7.540561 -0.401265 6.287852 6.318281 4.054455 6.337764
-5.113861 -32.45593 23.55899 0.059958 1.628606 0.174425 0.598846 -0.056372 1.510478 1.990919 1.048213 0.108442 0.242933 3.257413 3.018607
10.88614 -34.45593 23.55899 -1.168149 -0.971659 -2.725616 -0.467527 2.987727 -2.726459 1.590139 -0.574301 -1.791669 -0.955761 4.419069 -2.732393
8.886139 -34.45593 23.55899 -0.689424 -1.305207 -2.483886 0.448694 0.451148 -3.884019 2.611552 -0.278691 -1.283404 1.671203 2.196041 -0.375844
6.886139 -34.45593 23.55899 -1.249852 -0.315662 -1.961724 3.965318 -2.359943 -2.144323 1.57757 -0.856497 -1.592171 3.546495 -1.215697 -2.269288
2.886139 -34.45593 23.55899 3.66872 0.284573 4.444194 7.198624 1.836476 -9.513783 12.49559 -1.416 0.114829 8.56863 11.817 -11.61101
0.886139 -34.45593 23.55899 3.199692 1.332104 3.590765 2.471933 1.026722 0.022866 4.287014 -0.692536 2.74221 0.409014 2.057578 -5.59885
-3.113861 -34.45593 23.55899 0.508606 2.299234 1.114661 0.644634 -1.329548 1.717793 1.46637 2.013526 0.367996 0.620624 0.520382 1.114521
-5.113861 -34.45593 23.55899 -0.075201 1.74661 1.386328 2.43276 -1.158613 1.361785 4.123469 2.455472 2.517719 2.248285 4.858811 1.887433
14.88614 -36.45593 23.55899 2.343724 1.184583 -0.469172 2.653657 0.899772 -1.090513 1.337886 2.003631 -0.505064 4.035486 5.12657 -0.942682
8.886139 -36.45593 23.55899 -1.048306 -0.982659 -2.384677 -0.104519 0.778487 -1.239443 -0.769255 -0.159068 -2.362856 -0.078829 -1.292003 0.145621
6.886139 -36.45593 23.55899 0.508865 -0.431614 0.972636 0.788091 -1.815613 0.789263 1.976325 -0.731167 -0.444841 -0.675573 -1.486381 1.959346
2.886139 -36.45593 23.55899 3.899074 0.773125 4.029163 5.295701 4.067888 -5.955213 6.651514 0.435443 1.066135 6.551026 6.645015 -7.528553
0.886139 -36.45593 23.55899 1.330974 1.633073 1.455717 1.985358 0.628592 -1.131374 1.160955 0.15329 2.2428 0.000464 1.653568 -4.188355
-1.113861 -36.45593 23.55899 0.951011 0.77078 1.136791 0.445187 -0.758957 -0.112681 -0.187121 -0.118587 2.479076 -0.586267 0.66006 -2.254466
-3.113861 -36.45593 23.55899 0.672341 0.45792 0.554951 -0.605952 -1.456445 -0.746834 3.498205 0.951069 2.282242 -1.525377 2.013195 -2.416485
-5.113861 -36.45593 23.55899 -1.299238 0.322335 -0.078115 0.618114 -1.55322 -0.553027 4.573413 2.92034 2.153375 1.425702 2.740662 0.531438
14.88614 -38.45593 23.55899 2.419938 0.37207 0.793229 1.858043 2.097903 0.046933 3.646762 1.529185 0.835947 3.355873 7.136642 -0.117396
12.88614 -38.45593 23.55899 3.247876 0.309776 1.700021 0.992385 2.264285 0.362281 1.641116 0.626581 0.868125 1.214936 3.680947 -0.441595
6.886139 -38.45593 23.55899 1.883058 -0.337103 2.595652 -0.206117 1.178642 -0.562509 1.277029 -1.005243 -0.022469 -0.825993 -1.538207 -0.822141
0.886139 -38.45593 23.55899 -0.438644 2.754419 -1.237194 1.213989 -0.662941 0.402894 -0.188566 2.608821 1.639311 0.325829 3.04365 -0.350325
-1.113861 -38.45593 23.55899 -0.891554 1.738465 -2.043565 0.21498 -2.494626 0.364277 1.087967 1.580493 2.547484 -0.647416 2.428589 0.312033
12.88614 -40.45593 23.55899 4.49139 -1.24368 2.68224 0.569873 4.464509 0.389495 4.64468 -0.380761 1.709691 3.119883 5.062306 2.550827
10.88614 -40.45593 23.55899 3.67308 -0.9955 2.030148 -0.376656 4.119557 -0.876387 2.434144 -0.19227 1.767883 0.625023 3.459728 -0.947331
8.886139 -40.45593 23.55899 1.713367 0.874799 0.962467 -0.203302 2.413936 -0.915068 0.712718 1.860592 1.406685 -0.973992 0.29189 -2.036722
6.886139 -40.45593 23.55899 1.048653 1.273812 1.851868 0.715355 0.638988 0.909765 2.524152 2.712075 1.734605 0.666576 -2.81709 0.834156
12.88614 -42.45593 23.55899 3.027905 -2.187799 2.418022 -2.359991 4.467645 -2.974532 6.043139 -0.765714 2.128198 0.138916 6.812485 -2.718863
10.88614 -42.45593 23.55899 4.59755 0.109839 3.955881 1.338165 4.95683 -0.454062 5.574981 -0.190192 5.450019 2.724658 6.066953 -1.071989
8.886139 -42.45593 23.55899 2.210925 0.45153 3.308646 0.959238 2.35552 1.166251 4.439548 1.098213 6.834654 1.899016 3.105697 0.961953
6.886139 -42.45593 23.55899 1.662777 0.737873 2.915949 0.941316 1.51785 2.649902 6.804929 1.614588 5.351433 -0.278541 0.422181 6.156182
8.886139 -32.45593 25.55899 0.889491 -0.65571 0.134279 0.335055 2.667433 -1.664233 1.243806 -0.016643 0.678909 3.275215 4.305129 -1.373419
8.886139 -34.45593 25.55899 -0.050284 -1.068258 -1.58111 -0.02517 2.033147 -2.135643 1.846637 1.168848 -0.404182 3.097064 3.848865 -0.533107
6.886139 -34.45593 25.55899 0.193477 -0.141352 -1.700982 2.202992 0.434313 -2.219058 1.701568 -0.155662 -1.826493 3.499879 1.376981 -0.814819
2.886139 -34.45593 25.55899 5.414281 1.043699 2.862729 6.562507 8.850908 -4.696702 7.899917 2.533907 -4.418263 8.924809 10.34858 -4.503102
0.886139 -34.45593 25.55899 4.855034 1.325921 4.471387 0.939228 5.6879 3.494967 3.906795 0.430271 0.880337 -0.738665 2.195808 0.890347
-5.113861 -34.45593 25.55899 0.618598 0.184177 1.73382 0.333045 0.725866 1.277626 -0.544071 0.231195 -0.508006 1.24962 1.771668 2.40949
-7.113861 -34.45593 25.55899 1.66011 0.784019 2.254148 4.041283 1.402888 1.942282 0.917238 2.154763 1.113562 5.276238 2.765269 4.125459
8.886139 -36.45593 25.55899 0.684617 0.215415 -1.275157 -0.078194 2.501546 -0.075148 -0.617136 0.13542 -2.174624 -0.097488 1.244466 -0.541505
6.886139 -36.45593 25.55899 2.094594 -0.227101 1.485803 0.242017 1.127977 -0.112544 1.789187 -1.072926 -1.452232 0.635298 2.184409 2.422188
2.886139 -36.45593 25.55899 -0.025876 1.611591 0.114868 3.684118 2.888896 -2.968549 1.405641 3.338988 0.139107 4.854619 3.834943 -3.727202
-1.113861 -36.45593 25.55899 1.064427 -0.402032 -0.07787 0.026035 0.241868 0.882148 -0.62905 -0.821676 -0.468257 -0.317059 2.155231 0.315315
-3.113861 -36.45593 25.55899 0.501397 -0.395245 -1.117551 -0.68639 1.005146 -0.166496 1.133056 -0.971074 -1.269217 -0.763588 4.135998 0.158646
-5.113861 -36.45593 25.55899 -0.631689 -0.529065 -0.99596 -0.125413 0.854648 -0.580517 0.637118 -0.208563 -2.086753 1.300006 3.893874 0.618517
14.88614 -38.45593 25.55899 1.316219 0.937508 2.140357 -0.800486 2.806693 -0.867375 0.674501 0.378569 3.95407 -0.516725 4.280505 -2.149751
6.886139 -38.45593 25.55899 2.247674 -0.21768 3.175079 -1.94246 1.694286 0.417236 0.099898 -2.798934 -0.592598 -2.82319 2.091531 -0.419281
4.886139 -38.45593 25.55899 2.411893 -1.425461 3.999542 0.302804 0.946576 0.711808 2.876871 -3.279546 1.420977 0.664929 1.661594 0.957985
0.886139 -38.45593 25.55899 1.081189 -0.513663 0.674373 -1.295324 0.911564 -0.883367 -1.014138 -0.272468 -0.821056 0.04342 0.784544 0.262819
-1.113861 -38.45593 25.55899 0.382687 -0.327965 -0.15641 -0.785181 -0.215287 -0.791367 0.479756 0.087575 0.448568 0.405824 2.760921 0.802438
-3.113861 -38.45593 25.55899 0.050307 0.244102 -0.570091 0.331345 -0.263576 -1.340948 2.504415 -1.006519 -0.91249 -1.278463 2.653502 -1.583
14.88614 -40.45593 25.55899 2.315095 -1.261327 4.213907 0.819833 4.978519 -2.648838 4.785479 -0.102065 5.429614 1.869354 7.198017 -0.11111
12.88614 -40.45593 25.55899 2.028805 0.314901 1.775615 1.082691 3.481486 -1.28964 3.716356 1.441942 3.198952 3.507208 6.069646 1.916628
10.88614 -40.45593 25.55899 1.013159 1.207142 -1.13396 -0.620829 0.859445 -0.751711 1.596679 1.173371 -0.264276 1.251367 4.098857 0.664274
6.886139 -40.45593 25.55899 2.35371 -1.040004 3.30291 -1.173586 0.775586 1.092849 -0.797168 -1.335892 -0.049668 -1.830939 -1.526929 -1.268241
12.88614 -42.45593 25.55899 1.700884 0.553028 1.002485 1.19236 3.164827 -1.511115 3.867683 1.328202 1.621015 3.631677 6.021795 -0.903419
10.88614 -42.45593 25.55899 1.064637 0.857609 -0.429946 -0.351199 1.163379 -0.783349 0.922281 0.773789 -0.629778 1.351895 3.661286 -3.191364
8.886139 -42.45593 25.55899 1.303095 -0.606312 0.98123 -0.571581 1.513877 0.292795 0.260245 -0.614321 -0.589178 0.073719 0.422247 -1.330403
6.886139 -42.45593 25.55899 2.233508 -1.427179 2.455111 0.549674 1.295825 1.097135 0.271383 -1.165702 -0.904478 0.732731 -2.509876 1.725933
10.88614 -44.45593 25.55899 2.99583 -0.173342 1.028504 0.240155 3.687192 -0.713725 4.724174 -0.018559 1.286296 -0.018951 5.22023 -2.795091
8.886139 -44.45593 25.55899 1.622693 -1.094802 1.107948 0.284272 3.107961 0.628508 2.566344 -2.234455 -0.230119 -1.096103 3.940441 -1.122482
6.886139 -44.45593 25.55899 0.959988 -1.017492 -0.014309 2.0428 0.191969 1.62143 0.603617 -3.190011 -2.418633 -1.337316 0.297531 0.246846
6.886139 -34.45593 27.55899 0.185222 1.861269 -2.69278 0.357844 2.245198 -0.759389 -0.082451 2.647176 -5.242624 -1.133413 2.013549 -2.660729
2.886139 -34.45593 27.55899 4.304165 2.564139 0.318873 3.650055 10.68913 -2.61915 7.054292 3.183919 -1.778897 6.286404 14.04203 -2.709501
0.886139 -34.45593 27.55899 2.660934 0.700428 2.505389 -0.131026 5.370995 2.863232 6.318315 0.109014 1.722732 -0.825776 3.976612 2.681347
-5.113861 -34.45593 27.55899 1.712359 2.153905 2.111789 0.960376 2.428117 0.667177 1.193937 0.64784 -0.451527 1.585189 1.144703 1.805864
-7.113861 -34.45593 27.55899 0.54538 0.72708 1.580849 1.591899 0.013214 -0.197297 2.512897 1.274783 1.515738 1.894294 1.814559 2.677607
-9.113861 -34.45593 27.55899 0.756707 -0.60589 1.768939 2.516641 -0.564204 -1.49196 3.146428 0.475908 4.203718 4.795581 1.432134 -0.551337
8.886139 -36.45593 27.55899 0.691245 0.941041 -1.50377 0.584087 1.254599 0.473434 2.301137 -0.23255 -2.21954 -2.546776 0.424755 -3.404177
6.886139 -36.45593 27.55899 0.9799 3.047248 0.528119 1.574898 -0.598757 0.307686 0.934279 2.594422 -4.013277 -0.521112 -3.154568 -1.908451
2.886139 -36.45593 27.55899 -0.973795 0.764628 -1.490061 -0.39201 0.677266 -2.086265 2.516186 0.954035 -1.194924 1.987366 2.409894 -1.832963
0.886139 -36.45593 27.55899 0.146079 0.083497 -0.469504 -0.040799 0.568641 0.179218 2.43383 -0.532789 -0.814241 0.721095 0.738278 1.236398
-3.113861 -36.45593 27.55899 -0.720959 -1.90355 -0.994083 0.880268 1.174557 0.30714 0.490456 -1.474335 -0.317916 2.096737 5.700555 2.849272
-5.113861 -36.45593 27.55899 0.048796 0.513281 -1.517355 1.251937 1.586921 0.014004 1.132492 0.266527 -2.808244 2.619682 5.096066 0.282878
6.886139 -38.45593 27.55899 1.085046 1.374244 2.414587 1.879084 -2.891765 1.321458 2.459168 -1.526113 -0.168464 -0.198534 -4.12651 0.754915
4.886139 -38.45593 27.55899 0.035 -1.19448 1.606591 1.358493 -2.836642 -0.858876 2.141201 -3.024848 -0.56178 2.108859 -4.386289 -0.207635
2.886139 -38.45593 27.55899 -0.297404 -0.875901 -1.368828 -0.069778 -2.417114 -0.669894 1.611217 -2.26339 -1.757629 2.178345 -3.922508 -0.738331
0.886139 -38.45593 27.55899 1.101148 -1.539484 0.486509 -1.197911 -2.030167 -1.670107 2.137663 -2.016011 -0.87994 1.491022 -2.216243 -1.783756
-1.113861 -38.45593 27.55899 0.922531 -2.822813 1.060081 -1.846663 0.215252 -1.283255 2.572477 -1.849928 1.107666 -0.46387 2.569388 -0.368001
-3.113861 -38.45593 27.55899 0.322479 -2.438793 -0.661013 -0.756836 1.217611 -0.79064 3.151779 -1.61763 -0.006823 -0.633912 4.65948 -1.813271
-5.113861 -38.45593 27.55899 3.791193 -0.175912 0.086581 1.519792 1.838637 -1.832508 6.275466 0.063565 -3.167365 3.432476 2.004916 -5.874947
6.886139 -40.45593 27.55899 1.334159 -1.683017 2.36645 -0.072105 -2.004236 1.18092 0.864911 -2.306511 1.441654 0.944843 -3.379105 2.781224
0.886139 -40.45593 27.55899 0.717412 -1.584216 -0.972056 -1.227347 -1.648954 -0.124342 1.404606 -3.036186 -2.813846 -1.787457 -1.182872 -1.72867
-1.113861 -40.45593 27.55899 -0.328649 -1.173348 0.569636 -2.332439 0.898956 -2.345112 2.15327 -1.288629 0.60708 -1.863927 3.134827 -2.957143
6.886139 -42.45593 27.55899 1.179891 -0.687408 0.955807 1.160527 0.630474 1.328678 -1.740057 -1.03982 -0.64495 3.663795 -1.335982 2.822674
8.886139 -44.45593 27.55899 0.770791 0.39839 0.692921 0.974996 1.2316 1.844869 -1.310881 -1.89462 -0.324137 4.04892 3.006588 3.185232
6.886139 -44.45593 27.55899 1.10514 1.991229 -0.151415 4.598458 0.312116 3.197743 -1.996307 -0.071561 -2.126098 5.219694 0.205459 3.237555
-7.113861 -34.45593 29.55899 -0.308664 -0.948871 -0.795196 -1.56772 -0.961525 0.671194 2.359831 -0.547274 1.082449 -2.127426 1.527576 2.062747
-9.113861 -34.45593 29.55899 0.177087 -2.05065 -0.281213 -2.460435 -0.571774 -1.124403 1.597672 -2.188521 0.775905 -1.415978 0.914013 0.316536
12.88614 -36.45593 29.55899 -0.432782 -4.472467 1.153757 -2.615255 0.852939 -0.782818 2.121084 -4.841362 1.006873 -3.98859 3.304255 -1.238432
10.88614 -36.45593 29.55899 0.641685 -2.252199 -0.217629 -2.349588 3.098542 0.997039 4.297647 -3.392899 0.406683 -7.871335 3.507059 -2.811997
8.886139 -36.45593 29.55899 0.780221 1.984936 -1.833921 -0.145117 -3.621322 6.865768 5.58426 -4.187573 -4.193765 -13.97042 -10.34705 -2.189195
6.886139 -36.45593 29.55899 2.026579 5.224085 -0.380313 0.576769 -7.447628 5.002398 8.322423 -0.469881 -6.461431 -13.12203 -15.95862 -1.384453
-5.113861 -36.45593 29.55899 -0.372081 1.575836 -0.569103 1.328975 0.861268 0.518859 -0.596451 1.534612 -1.369836 0.922707 3.238209 0.222761
-7.113861 -36.45593 29.55899 1.774374 4.261628 0.81808 1.189337 1.585097 2.400821 4.98755 3.237388 1.378458 -0.887453 3.748251 3.173758
-9.113861 -36.45593 29.55899 2.543893 1.958776 1.326351 0.482663 1.559758 1.523397 7.218166 1.099638 2.323613 -0.175626 3.519825 2.805021
14.88614 -38.45593 29.55899 -1.028781 -4.374851 -0.346594 -3.939385 -0.204786 0.301063 -0.359881 -2.663105 -0.921894 -3.061518 0.356859 2.379805
12.88614 -38.45593 29.55899 -1.014325 -5.046826 -0.834188 -4.755752 0.276046 -0.343685 3.555277 -4.371204 0.257868 -3.884257 3.291669 -0.383404
10.88614 -38.45593 29.55899 0.50311 -4.245926 -1.672543 -4.156003 2.684353 -1.962601 4.533143 -2.724791 0.568027 -1.613657 5.71619 -1.900191
8.886139 -38.45593 29.55899 0.552472 1.432705 -2.832432 -1.155105 -3.465883 3.514488 4.776627 -2.391761 -3.034999 -8.152639 -6.751601 -0.305792
6.886139 -38.45593 29.55899 1.649305 8.067702 0.70212 5.259087 -11.99607 8.198292 10.81087 -3.776011 -7.273431 -12.32889 -23.1162 1.571046
-1.113861 -38.45593 29.55899 0.469072 -0.984282 1.391202 -1.682158 -0.230053 -2.38345 2.127799 -1.857877 0.437774 -2.584173 -0.051536 -3.52198
-3.113861 -38.45593 29.55899 0.432587 -2.373461 0.694934 -2.002062 1.004148 -0.75413 -0.99783 -2.472492 1.531989 -2.600954 -0.066199 -1.710422
-5.113861 -38.45593 29.55899 1.367031 0.212559 0.562695 -0.794449 1.798702 -0.529392 0.972892 0.732441 1.032472 1.008648 1.757999 -1.197455
12.88614 -40.45593 29.55899 -0.09541 -3.135152 0.061975 -4.805523 0.840944 -0.040324 3.81672 -1.725596 2.266484 -2.635818 5.000589 0.14767
10.88614 -40.45593 29.55899 0.814412 -2.988853 -2.01279 -4.181653 0.691576 -0.495328 7.400053 -1.288162 -0.257014 -0.359472 5.4877 0.883689
8.886139 -40.45593 29.55899 1.140041 -0.03671 -1.711423 -2.710327 -1.555707 -0.149367 5.668245 -0.578696 -1.761999 -2.04841 -1.552852 0.379812
6.886139 -40.45593 29.55899 0.027032 0.819488 1.478025 0.840352 -6.249697 2.28315 5.537253 -5.921101 -1.405597 -3.747193 -10.07366 1.001004
-1.113861 -40.45593 29.55899 0.417581 0.51181 0.831339 -0.557333 0.748563 -0.061456 1.84972 -1.736719 0.200987 -2.276689 0.499019 -1.604108
-3.113861 -40.45593 29.55899 0.555507 -1.445181 1.658583 0.042404 0.543263 -0.236855 -1.856459 -0.996004 0.702614 1.884288 -2.868622 0.593986
6.886139 -42.45593 29.55899 -0.563128 -0.719327 1.369291 -0.446395 -0.357187 -2.267274 -0.764139 -2.635051 0.32372 0.856784 -1.427978 -2.278478
-5.113861 -34.45593 31.55899 1.972237 -1.793588 2.452931 2.958683 3.397269 0.958915 0.746859 -2.04708 -0.163792 2.120012 1.8483 3.077421
-7.113861 -34.45593 31.55899 0.881574 -0.342626 1.056934 1.315985 3.098408 2.14702 1.415424 -2.054595 1.496208 -0.545895 3.021535 -0.411373
-9.113861 -34.45593 31.55899 -0.430935 -1.103059 0.474033 -0.561662 2.246021 1.756026 1.804597 -2.284036 0.888153 -1.214211 3.673337 1.269595
10.88614 -36.45593 31.55899 0.143463 -1.991368 -0.648762 -0.004557 0.817117 3.64468 0.057535 -1.282902 -3.126664 -1.153124 -1.011171 4.642319
-3.113861 -36.45593 31.55899 0.167457 0.785224 1.780783 3.426747 2.009064 -0.768984 -1.094017 0.024829 -0.497515 1.732588 1.30251 0.155677
-5.113861 -36.45593 31.55899 -0.54459 0.438761 1.43638 2.151798 3.556966 -2.091818 -3.326428 -1.320528 1.12766 1.212377 2.04577 -3.238411
-7.113861 -36.45593 31.55899 1.316319 2.581786 1.733974 2.535199 4.824481 0.903429 2.446518 -0.010312 3.486256 0.427719 4.839226 -0.65745
-9.113861 -36.45593 31.55899 0.63915 1.394518 1.372138 2.548621 2.726129 2.626188 5.022603 0.384986 4.236835 0.165572 4.347526 2.744283
12.88614 -38.45593 31.55899 -1.975429 -4.433626 -1.530002 -2.932591 -1.667105 1.176366 -1.4761 -4.692034 -3.787361 -4.055588 -2.22551 -0.130286
8.886139 -38.45593 31.55899 -0.49559 -0.680844 -2.93227 -0.92142 -3.317044 2.581733 4.773952 -3.789553 -3.3288 -4.937832 -4.430478 -0.413821
-1.113861 -38.45593 31.55899 -0.736215 1.10274 1.005633 2.066574 0.024316 -0.969603 0.830178 -0.398097 0.919567 0.251892 -0.057391 -0.872873
-3.113861 -38.45593 31.55899 -0.343943 0.384724 0.545405 1.272879 1.341031 -0.900658 -0.964759 -1.900971 3.288983 -1.425201 1.490651 -2.558806
-5.113861 -38.45593 31.55899 1.185372 3.514792 -0.14727 1.805961 4.485398 0.008206 2.199448 1.085616 6.043941 -0.869395 8.459165 -2.086388
10.88614 -40.45593 31.55899 -2.186078 -3.815889 -2.545024 -3.465231 -0.615806 -0.608334 2.241837 -2.68995 -1.184415 -1.884149 -0.066695 0.290393
8.886139 -40.45593 31.55899 -1.489246 -0.299505 -1.16739 -1.282376 -0.169251 1.220353 2.001068 -1.17434 -1.831881 -2.495055 -0.100618 0.654919
6.886139 -40.45593 31.55899 -1.358151 -0.105903 -0.284721 -0.093972 -2.526108 0.21029 4.799691 -4.229649 -1.359411 -3.733395 -0.098969 -1.983448
-1.113861 -40.45593 31.55899 -0.791667 2.201411 -0.009953 2.495122 -0.405516 -0.392611 0.616234 0.585953 1.685125 0.615027 1.038467 0.906344
8.886139 -42.45593 31.55899 -3.165327 -2.690759 -2.298515 -3.60889 -0.964109 -0.916659 -0.051533 -1.676512 -1.101275 -3.530118 1.218218 0.424095
-3.113861 -32.45593 33.55899 0.222226 -0.462467 -0.244336 -1.189404 1.840078 0.666796 -2.359417 0.791336 0.699684 -2.44338 -1.262284 -1.191762
-5.113861 -32.45593 33.55899 1.110824 3.116329 0.140566 2.448723 3.583666 1.702454 -0.063759 2.213773 3.098547 -1.375143 -0.010331 -0.65831
-7.113861 -32.45593 33.55899 3.480494 3.190814 1.804768 5.986844 3.230545 2.905982 4.269835 0.611748 3.066612 3.384706 2.959682 0.463813
-1.113861 -34.45593 33.55899 3.146903 1.732078 1.176351 2.394489 2.680217 1.400981 1.331457 0.935002 -1.028841 1.218963 1.273568 -2.340086
-3.113861 -34.45593 33.55899 2.950315 -2.371428 1.766113 -1.869975 4.069453 -0.577921 1.068325 -1.538384 2.793736 -4.883156 2.018833 -2.074691
-5.113861 -34.45593 33.55899 2.735332 -0.273448 1.700452 1.375209 7.002666 0.961532 2.523562 -0.734285 6.580829 -4.248794 4.11826 -0.450329
-7.113861 -34.45593 33.55899 3.195831 2.255603 2.081945 5.304221 5.491996 3.914496 5.197042 -0.897944 5.788215 1.349965 5.914984 1.312457
-1.113861 -36.45593 33.55899 3.988205 4.992855 2.299861 7.055174 3.395205 3.04148 4.03666 1.898643 -0.790631 3.870273 2.898235 -1.821411
-3.113861 -36.45593 33.55899 2.188699 3.142675 3.34268 5.901338 4.262097 1.960893 1.83964 1.336626 3.679325 2.991711 2.498343 -0.530686
-5.113861 -36.45593 33.55899 0.618999 1.768858 2.181874 4.045029 6.771246 0.161355 -0.662238 2.156782 6.760859 2.563529 2.91986 1.447853
-1.113861 -38.45593 33.55899 1.540052 2.312151 2.360303 6.005387 1.941397 1.533778 4.301356 0.033709 3.95239 3.531978 2.254972 -0.094279
-3.113861 -38.45593 33.55899 1.169445 3.125648 1.886636 6.320548 1.948524 2.761487 3.121095 -0.1688 6.347396 3.828414 0.868556 -0.328966
-1.113861 -40.45593 33.55899 2.437457 4.014277 2.262593 6.156521 2.724737 2.86016 7.342073 1.609858 6.406272 4.018909 4.768705 3.309999
-5.113861 -30.45593 35.55899 -0.15541 1.648677 -1.182943 0.940135 1.464164 -0.450797 0.538865 1.938762 0.192011 -0.284154 0.241907 -2.722146
-5.113861 -32.45593 35.55899 -1.125185 3.79256 -0.851922 2.584009 1.604265 0.872063 -1.50052 4.257693 0.351363 -0.22252 -0.135879 1.436515
