4.169418 -29.76099 -1.257107 6.209376 2.396006 3.155553 0.841901 -0.595251 1.835313
2.169418 -21.76099 0.742893 2.207372 1.71717 2.233041 -1.089085 2.332001 1.584267
2.169418 -27.76099 0.742893 1.484508 2.073162 1.113743 3.184693 -0.13162 1.801612
4.169418 -29.76099 0.742893 5.913841 0.795295 1.890097 -0.369199 0.251987 -0.46794
4.169418 -31.76099 0.742893 2.518781 -0.580184 0.923724 0.725524 1.586403 0.99471
4.169418 -33.76099 0.742893 1.739207 0.197813 -0.379486 0.61681 1.257474 1.731684
4.169418 -35.76099 0.742893 -0.985137 -3.364753 -0.772507 0.056954 0.956984 -0.099875
4.169418 -37.76099 0.742893 -0.182827 -2.358997 -0.122876 1.357774 1.078741 -0.117999
2.169418 -15.76099 2.742893 -5.679917 -7.168049 -2.085577 -5.125196 -0.71163 -3.104792
4.169418 -17.76099 2.742893 3.957994 2.114523 4.547277 3.155132 1.691121 -0.030408
2.169418 -17.76099 2.742893 -0.248192 -3.106637 -1.941195 -7.297408 1.274865 -2.650919
4.169418 -19.76099 2.742893 5.536885 3.14933 5.665469 2.03701 3.955153 2.997784
2.169418 -19.76099 2.742893 0.839095 -1.808986 2.411154 -2.30679 1.416084 -1.083787
2.169418 -21.76099 2.742893 3.95304 0.743338 7.439564 4.337655 1.989952 1.169545
-1.830582 -21.76099 2.742893 2.251302 2.998732 3.01115 1.85213 0.009969 -0.544355
2.169418 -23.76099 2.742893 6.567597 3.241536 7.245931 4.38153 2.414892 1.229749
2.169418 -25.76099 2.742893 5.141507 3.51332 5.153203 4.149785 1.379705 1.103372
2.169418 -27.76099 2.742893 7.032937 6.841907 4.303889 6.551262 1.148315 4.390558
2.169418 -29.76099 2.742893 7.353873 7.129007 2.527658 5.256153 1.139691 4.134724
2.169418 -31.76099 2.742893 3.018689 4.954391 2.614937 4.39809 1.607653 3.111295
2.169418 -33.76099 2.742893 3.722106 4.499883 -3.166255 -3.144284 0.881149 1.264101
2.169418 -35.76099 2.742893 2.35466 0.451932 -3.741514 -4.636846 -0.62003 -0.126262
2.169418 -37.76099 2.742893 0.750006 0.652012 -1.267258 -0.755183 1.79509 2.475924
6.169418 -39.76099 2.742893 -0.475106 -2.357301 1.158744 2.317507 -1.018498 -1.060475
4.169418 -39.76099 2.742893 -3.241178 -2.167387 -0.342752 1.664239 -0.260638 0.84325
2.169418 -39.76099 2.742893 0.643333 1.402663 1.926008 2.384181 1.289145 2.102862
6.169418 -41.76099 2.742893 0.658613 -0.113364 3.564761 5.415817 0.892489 2.403922
4.169418 -41.76099 2.742893 1.962345 2.04206 1.637457 4.449171 0.317784 3.251673
4.169418 -43.76099 2.742893 1.666945 1.468305 -0.470554 0.3194 1.253507 4.148736
4.169418 -17.76099 4.742893 -0.860269 0.838998 4.498684 3.232342 -1.896181 -1.416682
2.169418 -17.76099 4.742893 -11.26294 -4.828569 -4.526663 -4.277498 -4.969019 -3.222898
-3.830582 -17.76099 4.742893 0.031709 4.766229 -2.851903 -2.949986 -5.194509 -2.029954
2.169418 -19.76099 4.742893 -2.190503 1.015166 -3.016563 -3.039985 -4.215551 -2.733715
-1.830582 -19.76099 4.742893 -1.01725 1.189825 -2.471272 -2.794221 -0.623431 -0.445378
-3.830582 -19.76099 4.742893 2.973915 5.163521 1.719472 0.16294 -1.886103 -0.242361
4.169418 -21.76099 4.742893 5.489718 3.742817 3.515411 1.242394 1.953736 1.375148
2.169418 -21.76099 4.742893 5.681021 4.694641 2.951117 3.319276 -0.765513 -0.868622
0.169418 -21.76099 4.742893 4.608609 0.625732 0.551251 -2.531483 1.008517 -1.434757
-1.830582 -21.76099 4.742893 4.534966 5.02578 2.069055 0.996649 1.113261 0.83511
-3.830582 -21.76099 4.742893 4.087534 3.432045 2.24378 0.765416 0.95209 0.663383
6.169418 -23.76099 4.742893 3.071171 -0.0835 2.969816 0.143972 -0.738855 -1.682102
4.169418 -23.76099 4.742893 3.396418 2.852785 0.966705 -0.383238 2.901016 2.353804
2.169418 -23.76099 4.742893 6.006059 4.824192 4.582737 4.493719 3.730608 1.928222
-1.830582 -23.76099 4.742893 6.595687 5.124867 3.193032 0.689777 2.575858 -0.626549
-3.830582 -23.76099 4.742893 2.981832 0.464649 -0.286203 -1.707613 1.875055 -0.899929
6.169418 -25.76099 4.742893 -1.630421 -2.353693 4.265084 3.547007 -1.537919 -1.435773
4.169418 -25.76099 4.742893 2.848877 2.504229 3.856172 3.71163 3.237193 4.209626
2.169418 -25.76099 4.742893 3.652671 3.686931 5.107327 3.916425 2.419398 1.659575
-1.830582 -25.76099 4.742893 3.962565 0.922243 2.224731 -0.387071 0.686874 -2.960419
-3.830582 -25.76099 4.742893 4.839282 -0.172489 0.863733 -0.949149 1.10639 -1.871533
6.169418 -27.76099 4.742893 2.141099 -0.731858 5.904003 3.972146 0.834862 -0.103136
4.169418 -27.76099 4.742893 4.13906 1.351575 4.662536 5.557414 1.430972 3.089874
2.169418 -27.76099 4.742893 4.104753 4.585166 4.487037 6.462614 0.268243 1.629993
-1.830582 -27.76099 4.742893 4.159552 0.835614 4.53314 2.211854 1.107861 -1.543924
-3.830582 -27.76099 4.742893 6.831325 3.817336 2.056519 0.562245 2.091508 1.549464
2.169418 -29.76099 4.742893 5.111364 5.956387 0.836017 3.845433 0.722236 3.588193
-1.830582 -29.76099 4.742893 3.326447 1.839733 4.787229 4.420532 4.455 3.768631
-3.830582 -29.76099 4.742893 3.214047 3.349051 3.139794 2.008667 3.550598 3.845361
2.169418 -31.76099 4.742893 0.958712 2.464269 2.49154 3.263456 1.152222 3.729311
-1.830582 -31.76099 4.742893 -0.326084 0.204007 4.670107 5.246558 3.108718 3.240195
-3.830582 -31.76099 4.742893 -0.338824 0.925536 4.479351 4.903631 2.516521 2.983867
4.169418 -33.76099 4.742893 3.096081 0.359943 1.325655 -0.633511 3.254899 2.846604
2.169418 -33.76099 4.742893 1.512791 0.529687 -4.125391 -6.531114 -0.624078 -0.459527
4.169418 -35.76099 4.742893 5.632689 4.837439 1.038018 2.157328 2.265603 3.166561
4.169418 -37.76099 4.742893 5.23386 6.015786 0.987325 1.455891 2.280688 2.219819
2.169418 -37.76099 4.742893 2.152744 3.766587 2.518764 1.086525 1.056001 1.866839
4.169418 -39.76099 4.742893 2.340838 1.442232 1.430828 0.663533 0.833968 0.265739
2.169418 -39.76099 4.742893 1.362803 0.679908 4.179982 2.402267 1.212898 0.778388
6.169418 -41.76099 4.742893 1.341121 -1.227157 -1.452239 -2.476091 0.853782 -0.707041
4.169418 -41.76099 4.742893 1.741241 -0.491722 -0.218669 -1.451086 2.327598 1.537119
2.169418 -41.76099 4.742893 -0.907444 -1.476971 1.506473 1.066747 2.088838 2.719621
6.169418 -43.76099 4.742893 0.276732 -0.42469 -0.366491 -1.400283 1.940299 0.759021
4.169418 -43.76099 4.742893 -2.426701 -4.129212 -1.990696 -4.403635 1.836465 0.673436
4.169418 -45.76099 4.742893 -2.370909 -4.549335 -1.865095 -5.337855 1.860434 -0.672929
-1.830582 -47.76099 4.742893 -3.746875 -4.175136 1.71355 -0.399482 2.150004 -0.37924
-3.830582 -47.76099 4.742893 1.260506 -0.326617 2.852792 1.320108 2.466671 -0.322172
4.169418 -49.76099 4.742893 1.026165 -3.461835 -3.995794 -4.581398 0.870025 -2.246396
-1.830582 -49.76099 4.742893 -3.278705 -3.298077 1.483207 0.277097 1.990925 0.049383
-3.830582 -49.76099 4.742893 -0.333446 0.443503 2.268884 2.346868 1.035414 0.115677
-5.830582 -49.76099 4.742893 -3.90519 -2.216605 -0.808256 2.704973 -0.210815 -1.292512
6.169418 -51.76099 4.742893 -2.641192 -5.777229 -6.462551 -6.773881 -1.136578 -3.741014
-3.830582 -51.76099 4.742893 0.205052 1.697423 2.749338 4.268867 0.234851 1.042062
2.169418 -17.76099 6.742893 -11.39835 -8.647825 -3.473944 -4.169128 -3.031409 -1.832392
-1.830582 -17.76099 6.742893 -5.259477 -1.683881 -7.160631 -4.084296 -2.698686 -3.004195
-3.830582 -17.76099 6.742893 -4.125449 0.460135 -4.092875 -3.689762 -6.460768 -5.749782
-5.830582 -17.76099 6.742893 -0.300311 2.957043 -2.103474 -4.834383 -2.837452 -3.0168
4.169418 -19.76099 6.742893 0.425903 -2.502904 3.556022 0.284012 -0.217387 0.376168
2.169418 -19.76099 6.742893 -3.17007 -4.643441 0.132318 -3.174838 -4.7345 -4.703129
-3.830582 -19.76099 6.742893 -4.871817 -0.613662 0.642202 -0.625251 -5.445081 -3.93948
-5.830582 -19.76099 6.742893 1.970615 5.198277 1.910886 3.123369 -2.149141 -1.511372
4.169418 -21.76099 6.742893 7.749916 5.863803 1.983783 1.238992 1.542356 2.399178
2.169418 -21.76099 6.742893 4.754272 3.164021 -2.100463 -4.636011 -2.115507 -2.668342
-3.830582 -21.76099 6.742893 2.699052 2.280208 3.337032 0.315302 -3.296447 -3.424809
-5.830582 -21.76099 6.742893 3.884759 6.115352 1.803236 2.655042 -1.230018 0.622321
4.169418 -23.76099 6.742893 6.605158 4.661496 -1.387565 -2.034312 3.56033 3.039085
2.169418 -23.76099 6.742893 4.314666 1.224468 -1.801562 -2.787234 1.25872 -0.836977
-3.830582 -23.76099 6.742893 1.049161 -1.709453 1.918512 0.556587 -3.064285 -4.415903
-5.830582 -23.76099 6.742893 4.41777 5.211732 1.836016 3.27283 -1.194085 0.593841
4.169418 -25.76099 6.742893 1.886043 3.625126 -1.63362 -1.031323 2.01455 2.512059
-3.830582 -25.76099 6.742893 5.577927 1.239504 6.706918 5.391412 -0.984153 -3.745566
-5.830582 -25.76099 6.742893 10.73048 10.04533 6.553168 7.908947 0.547897 0.883662
4.169418 -27.76099 6.742893 0.947259 0.620152 0.33513 1.499023 0.02693 0.748382
-1.830582 -27.76099 6.742893 5.09152 2.247799 5.496844 4.33102 -0.150234 -2.274803
-3.830582 -27.76099 6.742893 8.831444 7.602545 9.183844 8.302472 0.605472 -0.603514
-5.830582 -27.76099 6.742893 13.22681 14.26361 7.776859 8.936318 1.690787 2.543728
4.169418 -29.76099 6.742893 1.593569 0.060345 -0.273089 -0.564075 0.138264 0.518603
2.169418 -29.76099 6.742893 0.279235 0.590058 -0.844922 0.086762 -1.639868 -0.984448
-1.830582 -29.76099 6.742893 5.227313 6.935454 2.851468 3.48218 2.85043 3.807374
-3.830582 -29.76099 6.742893 4.259047 7.297313 6.003437 5.531939 2.956346 2.91946
-5.830582 -29.76099 6.742893 5.319348 8.069096 5.176847 5.603376 3.987648 4.544203
4.169418 -31.76099 6.742893 3.166323 2.713453 1.04799 -0.381022 -0.16892 -0.708431
2.169418 -31.76099 6.742893 -0.134783 -0.140159 1.496631 1.595245 -0.053323 0.793853
-3.830582 -31.76099 6.742893 -1.15993 4.271638 4.894187 5.736136 1.53079 2.672654
-5.830582 -31.76099 6.742893 0.851673 4.81428 4.152111 4.889123 1.014732 3.35963
4.169418 -33.76099 6.742893 1.006273 1.862238 2.595623 1.828162 1.219417 0.853309
2.169418 -33.76099 6.742893 -0.786369 -0.93215 0.5375 -0.166619 -1.521532 -1.483511
-3.830582 -33.76099 6.742893 -0.641478 0.66428 1.812182 3.115777 -0.527442 -0.385113
-5.830582 -33.76099 6.742893 1.342067 1.719479 3.417128 3.380631 -0.161629 0.272425
4.169418 -35.76099 6.742893 0.265659 -0.620205 2.738678 2.045279 2.09686 0.389089
-3.830582 -35.76099 6.742893 2.14242 2.606554 -0.53493 0.858021 -1.730074 -0.969517
6.169418 -37.76099 6.742893 3.898115 3.359271 2.924682 2.451596 2.106061 0.807861
4.169418 -37.76099 6.742893 4.647127 2.593117 2.523166 2.417169 2.237799 0.139253
-3.830582 -37.76099 6.742893 3.276775 3.278945 0.182994 -1.554187 -0.45034 -0.79103
6.169418 -39.76099 6.742893 8.74172 5.998425 6.964971 4.758404 1.259813 -1.002306
4.169418 -39.76099 6.742893 7.763305 2.829324 5.575626 2.447978 0.156004 -2.820017
4.169418 -41.76099 6.742893 6.092852 1.279521 4.64684 1.162256 2.315913 -1.104334
2.169418 -41.76099 6.742893 1.985165 -2.520675 1.515826 -0.384992 0.04424 -2.250034
4.169418 -43.76099 6.742893 1.53149 -3.210087 2.22801 1.05013 2.621722 -0.090338
2.169418 -43.76099 6.742893 3.522802 0.063205 2.064528 1.22286 -0.309259 -2.146695
-1.830582 -43.76099 6.742893 0.036784 -3.037802 0.479739 -0.581559 0.132044 -1.175186
2.169418 -45.76099 6.742893 3.793443 3.122518 2.890373 3.600469 0.069974 -0.973643
-1.830582 -45.76099 6.742893 -0.97554 -4.896636 0.046984 -1.844073 1.566973 0.16954
4.169418 -47.76099 6.742893 3.366046 0.170841 -2.352816 -3.613713 1.053809 -1.387043
2.169418 -47.76099 6.742893 3.441696 2.399523 3.187275 3.099847 0.461684 -1.071419
-1.830582 -47.76099 6.742893 -3.893448 -5.941617 0.356948 -1.440828 1.633634 0.657723
-3.830582 -47.76099 6.742893 2.694075 -1.377332 2.12042 -0.546105 2.015191 -1.115945
-5.830582 -47.76099 6.742893 -0.610655 1.409514 0.069477 2.208116 0.545792 -0.134875
4.169418 -49.76099 6.742893 4.33765 -1.745487 -3.127707 -5.362233 1.20096 -1.363423
2.169418 -49.76099 6.742893 2.089983 -0.390241 1.265476 0.400315 1.451232 -0.077644
-1.830582 -49.76099 6.742893 -3.693232 -4.313048 0.193903 -1.971746 1.058343 0.638404
-3.830582 -49.76099 6.742893 1.127129 -0.40255 1.711917 -1.05466 0.491732 -1.309185
-5.830582 -49.76099 6.742893 -0.286615 2.284206 0.250251 2.947195 -0.889872 -1.318846
4.169418 -51.76099 6.742893 3.260625 -2.382941 -4.395299 -4.675667 1.792381 1.028735
-1.830582 -51.76099 6.742893 -0.095648 -0.95422 0.257117 -2.148685 1.0123 0.561556
-3.830582 -51.76099 6.742893 0.883906 2.004763 2.021017 0.446459 1.171831 1.133838
-5.830582 -51.76099 6.742893 -0.323405 1.305093 1.429518 2.36142 0.046754 -0.403395
-3.830582 -53.76099 6.742893 0.524741 0.438441 1.672375 1.453888 2.497245 1.933677
-5.830582 -53.76099 6.742893 1.209479 0.907895 3.045496 1.773038 2.298458 1.256339
-3.830582 -55.76099 6.742893 -1.214228 -2.539977 -2.413336 -1.144549 -0.29916 -0.469198
-5.830582 -23.76099 8.742893 2.331736 4.309005 -0.46806 2.237355 1.788802 4.124642
-5.830582 -25.76099 8.742893 7.644919 5.336857 3.695865 1.377682 1.304567 0.591809
-5.830582 -27.76099 8.742893 7.553503 7.245867 6.594927 5.412825 -0.494404 -1.397342
6.169418 -31.76099 8.742893 5.153126 7.087049 1.145062 2.126713 1.212297 2.419178
4.169418 -31.76099 8.742893 9.120417 8.342022 5.234622 2.75734 2.358263 3.61298
-7.830582 -31.76099 8.742893 1.167406 2.744366 1.740964 0.89896 0.312371 0.068294
6.169418 -33.76099 8.742893 2.929735 5.724133 2.762582 3.730359 0.715403 0.546447
4.169418 -33.76099 8.742893 4.360887 3.752867 4.14266 2.075312 0.357752 -0.652928
2.169418 -33.76099 8.742893 3.652507 1.291456 3.846975 2.173362 -2.218641 -3.196698
-7.830582 -33.76099 8.742893 3.132539 2.501766 2.763043 2.664566 1.902748 2.446536
8.169418 -35.76099 8.742893 6.135356 5.556077 6.21788 4.484461 2.61399 1.603772
2.169418 -35.76099 8.742893 1.417938 2.520819 1.065023 0.630953 -2.384725 -2.694339
-3.830582 -35.76099 8.742893 3.973782 4.653176 -0.902362 -1.004954 -0.989583 -0.624112
-5.830582 -35.76099 8.742893 6.048128 5.126642 1.402727 2.098006 2.017739 2.792417
-7.830582 -35.76099 8.742893 5.338749 3.591368 2.387735 2.085008 2.490133 3.182974
2.169418 -37.76099 8.742893 -0.169739 0.177522 2.444623 3.731294 -0.945874 -1.053108
-1.830582 -37.76099 8.742893 3.006819 3.289613 1.444271 1.229363 0.896151 0.312907
-3.830582 -37.76099 8.742893 5.695754 5.871248 0.144306 -0.171828 0.098915 -0.612104
-5.830582 -37.76099 8.742893 6.904089 4.637266 1.214766 -0.021641 0.925481 -0.389107
6.169418 -39.76099 8.742893 7.43486 4.837491 5.942874 4.835833 0.454828 -1.071833
4.169418 -39.76099 8.742893 5.201788 2.882737 5.672572 4.4508 -0.738736 -2.650371
2.169418 -39.76099 8.742893 -0.268245 -0.184826 1.061195 0.532288 1.009118 0.332396
-3.830582 -39.76099 8.742893 2.549836 2.688646 1.031558 0.849594 0.983765 0.770058
-5.830582 -39.76099 8.742893 2.798687 1.780322 -0.766511 -2.739007 0.392208 -0.688146
6.169418 -41.76099 8.742893 7.6065 6.88035 6.398118 7.406327 0.454455 0.279333
4.169418 -41.76099 8.742893 6.68938 5.008558 7.434486 7.009062 -0.50827 -1.279459
-3.830582 -41.76099 8.742893 0.683633 1.753864 3.907431 3.606446 2.266484 2.931449
-5.830582 -41.76099 8.742893 1.03895 0.797117 0.940464 -0.264249 -0.894441 -1.8321
6.169418 -43.76099 8.742893 1.505449 2.165234 3.342228 5.058872 -0.090863 0.320342
4.169418 -43.76099 8.742893 3.246951 1.675816 5.38937 6.283418 -0.742479 -1.942253
2.169418 -43.76099 8.742893 5.691219 4.010157 2.803709 3.666218 -1.054675 -2.084136
0.169418 -43.76099 8.742893 4.352946 2.475003 2.018292 1.015071 -0.761887 -2.852414
-1.830582 -43.76099 8.742893 0.869995 -0.680012 3.048624 2.361736 2.454549 1.347037
-3.830582 -43.76099 8.742893 -2.126801 -2.236576 2.461612 1.730216 2.617633 1.935311
6.169418 -45.76099 8.742893 1.866704 2.368643 4.088948 4.86891 0.624725 0.992005
4.169418 -45.76099 8.742893 4.596908 4.830235 7.149316 9.065329 0.658956 0.739762
2.169418 -45.76099 8.742893 9.505018 9.345681 7.246197 10.68249 0.4731 1.825825
0.169418 -45.76099 8.742893 6.31827 2.167882 3.92761 4.520541 0.40087 -1.259474
-1.830582 -45.76099 8.742893 1.358454 -1.080107 2.305078 1.833309 2.883063 2.039292
6.169418 -47.76099 8.742893 3.57068 4.151837 1.083844 0.997501 0.733333 0.472232
4.169418 -47.76099 8.742893 4.807449 4.765363 5.190557 5.772355 -0.102748 -0.045025
2.169418 -47.76099 8.742893 9.176188 8.662331 9.87746 12.29728 0.494344 1.665065
-1.830582 -47.76099 8.742893 -0.681288 -2.659907 2.16249 2.47165 2.157426 1.698845
-3.830582 -47.76099 8.742893 -0.99579 -1.479612 2.011583 2.035418 1.634385 0.062305
4.169418 -49.76099 8.742893 1.617827 -0.147856 3.275807 1.663126 -1.15521 -2.633476
0.169418 -49.76099 8.742893 2.813174 2.046322 5.90677 7.090463 0.118208 0.028941
-1.830582 -49.76099 8.742893 -2.313693 -2.822603 0.792669 0.53767 1.201565 1.038967
8.169418 -51.76099 8.742893 4.392459 1.754079 0.180469 -0.598985 2.977772 1.07042
6.169418 -51.76099 8.742893 1.929941 2.091236 1.475733 1.616012 0.542739 -0.271783
4.169418 -51.76099 8.742893 -0.661784 -2.226481 3.863365 2.597877 -0.494295 -2.36047
-1.830582 -51.76099 8.742893 -1.501399 -1.232832 -1.803441 -3.785936 0.964093 0.77164
-7.830582 -51.76099 8.742893 -0.9656 -2.770258 1.422623 -0.179116 -0.951845 -2.521888
-9.830582 -51.76099 8.742893 -3.83222 -5.222793 -2.247208 -4.868395 -0.707886 -2.993988
-1.830582 -53.76099 8.742893 -2.119732 -3.750701 -1.886891 -3.671152 0.608878 0.055895
-7.830582 -53.76099 8.742893 0.508549 -3.426231 -0.821822 -5.054987 -0.717932 -3.343338
-1.830582 -55.76099 8.742893 -2.222739 -4.903677 -3.04563 -3.876493 -0.326512 -2.439553
-3.830582 -55.76099 8.742893 -1.1563 -2.345662 -1.739308 -1.321839 0.643275 0.371589
-5.830582 -55.76099 8.742893 0.505646 -2.1679 -1.556912 -3.585766 0.59718 -0.798041
-3.830582 -57.76099 8.742893 -1.680456 -1.744188 -4.844275 -3.539664 -2.427456 -1.543485
-7.830582 -31.76099 10.74289 2.305548 1.743078 5.458525 4.089651 2.049246 1.572292
12.16942 -33.76099 10.74289 6.534968 6.780004 4.954578 4.405016 0.806276 1.906017
10.16942 -33.76099 10.74289 2.340353 0.814588 1.890764 -2.45345 0.297253 0.112251
8.169418 -33.76099 10.74289 -0.929688 -0.054212 2.538306 -0.742324 -2.33767 -3.793859
6.169418 -33.76099 10.74289 5.515085 4.811949 7.094086 5.441566 1.341549 -0.361152
4.169418 -33.76099 10.74289 9.577103 8.540488 7.290743 5.370895 5.815112 6.080912
-5.830582 -33.76099 10.74289 0.597715 -0.57554 3.473742 2.171157 0.033966 -1.993625
-7.830582 -33.76099 10.74289 5.913842 3.614213 5.236269 4.536824 1.831186 1.173949
12.16942 -35.76099 10.74289 4.35217 5.38992 5.21905 6.434314 -0.405881 0.663475
10.16942 -35.76099 10.74289 4.904514 4.025916 6.783572 6.418626 -0.211658 1.495174
6.169418 -35.76099 10.74289 5.702357 3.135236 5.377029 5.170321 2.385622 1.428021
4.169418 -35.76099 10.74289 2.764287 3.195309 3.849372 5.892024 1.155038 2.521297
2.169418 -35.76099 10.74289 3.291332 4.626563 3.454106 3.080596 -0.875832 0.299366
-3.830582 -35.76099 10.74289 0.014901 2.072199 1.48766 1.772948 -1.753724 -0.626587
-5.830582 -35.76099 10.74289 1.821926 2.024794 4.14553 2.908176 1.643931 1.279443
-7.830582 -35.76099 10.74289 3.402018 0.717732 5.090914 3.35464 1.860806 0.589933
10.16942 -37.76099 10.74289 5.305773 1.429916 2.154175 2.522877 -0.506588 -0.801353
8.169418 -37.76099 10.74289 4.442794 2.15025 8.053121 7.618579 2.64558 2.696772
6.169418 -37.76099 10.74289 3.689872 1.363726 8.309646 8.687561 1.270331 0.421923
4.169418 -37.76099 10.74289 -2.314164 -0.822472 5.439089 7.532226 -0.879364 0.743996
2.169418 -37.76099 10.74289 2.684863 4.242157 5.854681 8.096068 -0.855122 1.361857
0.169418 -37.76099 10.74289 3.811381 2.811003 2.493142 2.369594 0.933381 0.832871
-1.830582 -37.76099 10.74289 1.451146 1.412826 2.793688 1.868968 1.763105 0.956466
-3.830582 -37.76099 10.74289 3.128826 4.132895 0.201073 1.216187 1.386182 2.188046
-7.830582 -37.76099 10.74289 1.003813 -1.796302 5.731141 4.607065 1.133093 -0.306773
8.169418 -39.76099 10.74289 4.8644 2.390336 5.285023 6.919682 1.277592 1.555669
2.169418 -39.76099 10.74289 1.547534 2.558653 2.286232 3.238715 1.765468 3.303414
-1.830582 -39.76099 10.74289 0.562352 2.123637 2.640701 3.027876 1.88918 2.628617
-3.830582 -39.76099 10.74289 1.492227 2.036427 -1.033886 -0.226377 1.502009 1.850552
-7.830582 -39.76099 10.74289 1.502036 1.420108 3.982982 4.254827 1.211526 1.808679
6.169418 -41.76099 10.74289 7.13579 6.480991 1.274854 2.142223 1.57498 2.471749
4.169418 -41.76099 10.74289 8.839453 5.865592 4.511894 3.875172 2.913847 3.211766
2.169418 -41.76099 10.74289 7.792364 6.700929 4.29513 5.231784 3.765493 4.104077
-5.830582 -41.76099 10.74289 -0.522527 0.476283 1.620513 0.456039 -1.679069 -1.924684
-7.830582 -41.76099 10.74289 -0.857949 1.224691 2.137905 2.732563 -1.361228 -0.043555
6.169418 -43.76099 10.74289 5.877 5.657984 1.490485 3.774497 0.428221 1.240636
4.169418 -43.76099 10.74289 12.31425 8.440302 8.595796 9.187026 3.621134 2.987312
-1.830582 -43.76099 10.74289 1.666882 1.84668 2.591692 1.975104 3.34206 2.743386
-3.830582 -43.76099 10.74289 0.608541 0.008229 3.527277 1.929023 2.896503 2.111839
-5.830582 -43.76099 10.74289 0.81458 3.243013 2.999822 2.136575 -1.121336 -1.55328
8.169418 -45.76099 10.74289 2.489292 2.516638 3.807591 3.583019 -0.604611 -0.591186
6.169418 -45.76099 10.74289 3.820171 2.819769 4.988696 5.248852 -0.170372 -0.651665
-1.830582 -45.76099 10.74289 1.441981 2.473543 1.870956 1.861687 2.345704 2.648099
-3.830582 -45.76099 10.74289 0.072131 0.775619 2.814306 1.579091 3.081914 2.551367
6.169418 -47.76099 10.74289 4.259429 3.791917 1.871431 0.789322 0.248336 -0.670649
4.169418 -47.76099 10.74289 6.660047 4.885131 9.22342 8.152109 2.298067 1.790189
-1.830582 -47.76099 10.74289 -0.730755 0.816815 1.757295 2.533968 0.935803 1.316389
-3.830582 -47.76099 10.74289 -0.870544 1.872068 2.764902 2.452603 1.9419 2.785255
-5.830582 -47.76099 10.74289 -1.454025 0.317732 -0.95834 -1.483158 0.892433 1.431881
12.16942 -49.76099 10.74289 0.787798 -0.065272 3.265335 2.128778 1.485624 1.076005
10.16942 -49.76099 10.74289 1.1042 -1.717492 -0.3518 -2.685033 0.909117 -1.613557
8.169418 -49.76099 10.74289 3.151271 2.489116 -0.302514 -1.18916 0.83054 0.536007
6.169418 -49.76099 10.74289 2.620381 2.140654 0.066583 -2.254471 0.33373 -0.576246
-1.830582 -49.76099 10.74289 -1.079786 1.157675 1.377344 2.352268 0.718803 0.959316
-3.830582 -49.76099 10.74289 -0.572175 3.391667 2.043719 2.711797 0.167925 1.408204
-5.830582 -49.76099 10.74289 -0.96353 1.202873 0.464276 1.17725 -0.14654 1.109298
-7.830582 -49.76099 10.74289 -0.682558 3.097971 -0.578482 -0.113742 -1.419416 -0.196679
-9.830582 -49.76099 10.74289 0.174534 2.02149 -1.53163 -2.585517 0.570295 -0.554964
-11.83058 -49.76099 10.74289 0.45866 1.684494 -0.961967 -3.02233 1.216321 -0.532708
6.169418 -51.76099 10.74289 1.442221 0.696295 0.736588 -0.952445 -0.47826 -1.273315
-1.830582 -51.76099 10.74289 1.766641 4.903775 1.476098 1.663232 0.638027 1.396438
-3.830582 -51.76099 10.74289 0.364832 3.719057 2.002555 2.699342 -1.142596 -0.708415
-5.830582 -51.76099 10.74289 -0.510166 2.35499 2.003647 3.011785 -1.362129 0.115177
-7.830582 -51.76099 10.74289 -2.406798 1.175987 1.788369 1.340911 -2.426919 -1.84587
-11.83058 -51.76099 10.74289 0.500861 2.958895 -0.328286 -1.51528 -0.093794 -1.77162
10.16942 -53.76099 10.74289 10.10004 4.775651 3.234415 1.263403 2.809846 0.578684
-1.830582 -53.76099 10.74289 2.207836 2.940744 3.007191 2.152576 -0.949312 -0.953679
-3.830582 -53.76099 10.74289 -0.857225 0.623388 3.529454 3.301389 -1.123886 -1.664522
-5.830582 -53.76099 10.74289 -2.7646 -0.404974 1.331767 0.609854 -1.642248 -1.618902
-9.830582 -53.76099 10.74289 -0.75448 1.903211 0.895098 0.48116 -1.357249 -1.878693
-11.83058 -53.76099 10.74289 0.346418 2.746832 -0.040855 -0.402456 -1.607827 -2.100076
10.16942 -55.76099 10.74289 4.168033 0.230952 -1.524603 -1.062439 1.2783 -0.061868
8.169418 -55.76099 10.74289 3.216612 1.293188 -0.026974 0.960409 0.954033 0.76938
-1.830582 -55.76099 10.74289 1.307051 2.33756 3.215244 2.510726 -0.313455 -0.732143
-3.830582 -55.76099 10.74289 -0.159838 0.445519 1.846438 2.872969 0.42107 0.356074
-5.830582 -55.76099 10.74289 -2.191824 -2.154281 -1.030048 -1.65101 -0.694443 -2.116933
10.16942 -57.76099 10.74289 1.846048 0.007115 0.231674 -0.081025 0.541129 -0.821777
8.169418 -57.76099 10.74289 0.742711 -1.515279 -0.975178 -0.880029 -0.283046 -1.210923
12.16942 -33.76099 12.74289 4.889249 6.424562 0.702532 -0.134268 2.735566 3.326005
12.16942 -35.76099 12.74289 4.9365 7.739563 2.184386 2.144376 1.066298 1.357952
-5.830582 -35.76099 12.74289 3.786887 4.679059 3.892112 3.358521 1.234961 1.82734
-7.830582 -35.76099 12.74289 4.196398 3.254237 3.33279 2.70666 -0.234477 -0.300887
-9.830582 -35.76099 12.74289 2.36421 2.397064 1.107959 0.896595 0.809159 0.432223
12.16942 -37.76099 12.74289 5.552127 2.869121 -1.007347 -4.77144 1.165091 -1.912997
10.16942 -37.76099 12.74289 4.444664 2.930403 0.340578 0.236162 -0.432522 -1.070679
0.169418 -37.76099 12.74289 2.014031 -0.851722 3.623355 0.556825 0.995428 -0.983209
-1.830582 -37.76099 12.74289 5.729066 5.789247 5.766356 3.686336 2.188879 1.028399
-5.830582 -37.76099 12.74289 2.7107 2.549186 1.800046 2.039144 -1.187462 -0.958335
-7.830582 -37.76099 12.74289 3.100281 1.986535 5.707195 5.203194 -1.599235 -2.234352
-9.830582 -37.76099 12.74289 4.456363 3.225315 4.352546 3.633542 0.969507 -0.038362
12.16942 -39.76099 12.74289 7.085768 4.824293 -1.434425 -4.572538 2.295057 0.453036
10.16942 -39.76099 12.74289 7.459089 5.956974 0.527972 0.729761 0.297497 0.424535
8.169418 -39.76099 12.74289 4.778754 4.022234 5.618814 6.200075 0.627138 0.913402
6.169418 -39.76099 12.74289 2.263482 3.157175 2.841385 3.989907 -0.306638 -0.356538
4.169418 -39.76099 12.74289 3.973247 4.414044 2.47018 1.576978 0.382185 0.924915
2.169418 -39.76099 12.74289 0.39445 2.274995 -1.824777 -2.161376 0.404365 0.877198
-1.830582 -39.76099 12.74289 2.323559 3.311018 4.515476 3.471433 1.877561 1.931827
-3.830582 -39.76099 12.74289 3.363377 5.067946 -0.23564 0.46301 2.89925 3.958469
-5.830582 -39.76099 12.74289 3.576217 2.582439 1.52792 1.160202 1.112706 0.934846
-7.830582 -39.76099 12.74289 4.846565 3.72736 6.802034 6.997699 -0.025575 0.302439
-9.830582 -39.76099 12.74289 6.106011 3.873148 6.515658 5.757311 1.274241 0.314767
10.16942 -41.76099 12.74289 9.506842 8.88857 3.566623 2.744745 2.67085 3.224977
8.169418 -41.76099 12.74289 8.111243 6.793775 4.807705 3.396053 2.251077 1.850714
2.169418 -41.76099 12.74289 4.462191 5.59285 0.719682 2.643997 1.050036 1.546997
-3.830582 -41.76099 12.74289 3.458663 4.022213 2.475393 2.210866 1.131876 2.087917
-5.830582 -41.76099 12.74289 3.513556 3.979716 4.188639 3.099956 0.832857 1.199965
-7.830582 -41.76099 12.74289 3.277025 3.776273 5.678268 5.773485 0.281406 1.448382
6.169418 -43.76099 12.74289 3.494186 2.107287 0.993487 0.69587 1.863465 1.323125
4.169418 -43.76099 12.74289 4.522588 2.497923 2.3267 1.503852 2.039594 -0.279033
2.169418 -43.76099 12.74289 3.173007 2.237641 2.199022 1.927296 2.463483 0.908268
-1.830582 -43.76099 12.74289 2.356259 2.497982 3.324831 2.467286 2.648628 2.674567
-3.830582 -43.76099 12.74289 2.603589 0.84042 4.699476 3.835035 0.896048 1.515048
-5.830582 -43.76099 12.74289 3.243671 4.663247 4.369345 4.679652 -0.64696 0.276791
-7.830582 -43.76099 12.74289 2.673171 4.879522 4.13963 4.651607 -0.835804 -0.183791
6.169418 -45.76099 12.74289 0.456385 -2.939755 2.89683 1.447393 1.156603 -1.097497
4.169418 -45.76099 12.74289 4.178016 0.302778 4.081895 2.656743 3.098447 0.151716
-1.830582 -45.76099 12.74289 0.981353 3.056203 2.186637 2.45985 0.516421 1.591907
-3.830582 -45.76099 12.74289 1.920274 0.291812 4.102215 2.972354 1.24097 1.393116
6.169418 -47.76099 12.74289 2.621423 -0.253144 3.891668 1.938382 0.49785 -0.96241
4.169418 -47.76099 12.74289 3.328827 -0.3801 5.282783 3.944341 3.653966 1.628995
2.169418 -47.76099 12.74289 4.867368 2.100708 5.574465 5.768065 2.437176 1.735785
-1.830582 -47.76099 12.74289 -0.719873 2.545352 3.181213 4.642861 -1.120082 0.670633
-3.830582 -47.76099 12.74289 -0.552557 0.079639 3.926269 2.864411 -0.540301 0.074646
-5.830582 -47.76099 12.74289 -0.826333 0.412923 2.171488 2.079772 -0.972357 -1.039342
10.16942 -49.76099 12.74289 1.391453 -1.222584 0.180304 -1.529437 -0.408372 -1.356133
8.169418 -49.76099 12.74289 1.564526 1.496377 2.160986 1.843965 -2.0485 -0.574424
6.169418 -49.76099 12.74289 1.805569 -1.293469 1.612835 -1.15517 -0.178131 -0.720886
4.169418 -49.76099 12.74289 1.199914 -1.729973 3.145555 1.078683 2.897563 1.19896
2.169418 -49.76099 12.74289 3.926852 2.846932 5.099542 5.213421 2.449608 1.938764
-5.830582 -49.76099 12.74289 -2.133538 -1.199391 0.492248 0.352753 -1.746135 -2.164994
-7.830582 -49.76099 12.74289 -1.749992 0.102792 -3.850029 -3.366845 -2.107509 -2.111624
-9.830582 -49.76099 12.74289 0.471932 0.6357 -1.932732 -2.467503 0.968553 0.202321
-11.83058 -49.76099 12.74289 2.399282 1.548582 -1.561253 -3.730312 3.083652 0.795815
10.16942 -51.76099 12.74289 3.456587 0.002053 0.451859 -2.89417 0.495724 -2.109692
8.169418 -51.76099 12.74289 2.845441 1.921336 0.897151 -0.121628 -0.930881 -0.145808
6.169418 -51.76099 12.74289 1.544931 -0.036862 -0.499248 -2.188528 -0.381996 0.190175
4.169418 -51.76099 12.74289 1.895667 0.351309 0.399488 -1.040656 1.179457 -0.436887
2.169418 -51.76099 12.74289 4.598905 3.051518 3.320505 3.584763 1.391506 1.055146
-5.830582 -51.76099 12.74289 -0.796026 -0.243572 -1.190907 -1.542846 -1.344103 -2.095203
-9.830582 -51.76099 12.74289 -0.447586 0.302667 -2.768614 -3.570235 1.039395 0.297713
-11.83058 -51.76099 12.74289 2.110844 1.605628 -1.956416 -3.556588 1.764831 -0.33346
10.16942 -53.76099 12.74289 3.450653 -0.346244 1.6434 -1.015259 0.553915 -2.06613
8.169418 -53.76099 12.74289 3.605908 1.345554 -1.104612 -1.354141 -0.306648 -0.323114
6.169418 -53.76099 12.74289 2.090365 1.528405 -1.503386 -0.96028 -1.014427 -0.068119
4.169418 -53.76099 12.74289 1.243521 0.078916 0.043322 -0.746791 -0.847596 -2.15475
2.169418 -53.76099 12.74289 4.458133 2.616609 1.69489 1.202229 1.208132 0.616472
-7.830582 -53.76099 12.74289 1.418722 1.167106 -1.980706 -3.625068 0.861349 0.487705
-9.830582 -53.76099 12.74289 0.542148 1.12221 -1.511562 -1.363895 1.480949 1.393907
12.16942 -55.76099 12.74289 -0.177389 -0.893539 -1.848815 -2.750261 -0.668639 -1.978255
10.16942 -55.76099 12.74289 1.674552 -1.562949 -2.185199 -3.097703 -0.727811 -2.105081
4.169418 -55.76099 12.74289 0.633094 0.599318 -1.015706 -0.584669 -1.279479 -1.282195
-1.830582 -55.76099 12.74289 7.210763 7.837364 4.156951 3.711193 -0.067276 -0.039158
-3.830582 -55.76099 12.74289 1.754409 1.926132 1.026321 1.595911 -0.68572 -2.030635
-5.830582 -55.76099 12.74289 -0.531161 -0.230959 -1.179462 -2.120967 -0.914368 -2.551311
-7.830582 -55.76099 12.74289 0.54204 0.20201 -0.532288 -2.018156 0.75683 -1.085141
12.16942 -57.76099 12.74289 0.140456 -1.209535 0.793163 1.277164 0.306007 -0.445208
10.16942 -57.76099 12.74289 0.788659 -0.015191 -1.698889 -1.956232 -0.619645 -1.315423
8.169418 -57.76099 12.74289 -0.272056 -2.857017 -2.528858 -2.572835 -0.53578 -0.961709
6.169418 -57.76099 12.74289 1.261416 -0.963041 -1.155934 -1.923961 -0.363448 -1.295242
-3.830582 -57.76099 12.74289 0.724005 1.529425 1.678552 2.412323 -0.320644 -0.211897
-5.830582 -57.76099 12.74289 0.682723 1.834144 0.372879 0.881794 -0.683784 -0.431882
-7.830582 -57.76099 12.74289 -2.551831 -3.199884 -1.392081 -1.688761 0.242718 -1.281074
10.16942 -59.76099 12.74289 1.108951 -0.176308 -0.827112 -1.495595 -0.639493 -1.296914
8.169418 -59.76099 12.74289 2.467749 0.743078 -1.559407 -1.69507 0.865618 0.998316
-3.830582 -59.76099 12.74289 0.109457 0.819014 1.312067 1.237283 0.352014 0.668354
14.16942 -33.76099 14.74289 3.00669 2.548623 2.076923 0.904986 2.215813 1.517689
12.16942 -33.76099 14.74289 -1.213886 -0.227595 -0.113078 -1.264971 1.700933 2.268753
-3.830582 -33.76099 14.74289 1.434136 5.788613 -1.069945 -0.702606 -0.070821 1.863279
-5.830582 -33.76099 14.74289 1.13841 3.843387 -2.324186 -0.659677 -0.311499 1.075656
14.16942 -35.76099 14.74289 5.329083 6.124729 1.16143 -1.106753 1.58808 -0.051377
-1.830582 -35.76099 14.74289 -0.69204 3.200291 1.308277 0.433479 0.007105 1.908063
-3.830582 -35.76099 14.74289 1.101298 5.261022 -1.351543 -1.243763 1.149769 3.110007
14.16942 -37.76099 14.74289 4.097108 4.641648 1.010288 0.036117 2.815147 2.625904
-1.830582 -37.76099 14.74289 4.235042 5.411352 1.943052 1.797159 0.378771 1.274771
-3.830582 -37.76099 14.74289 4.166353 7.335154 -2.884704 -0.875393 0.331827 2.577956
-9.830582 -37.76099 14.74289 1.841767 0.805878 -0.443496 1.405595 -1.213169 -0.706874
14.16942 -39.76099 14.74289 2.52001 2.146634 2.136534 -0.637613 2.894617 1.86588
12.16942 -39.76099 14.74289 4.780384 3.900441 -0.593831 -3.019641 3.400598 1.306625
-1.830582 -39.76099 14.74289 4.184304 4.092619 2.623859 1.896917 1.032614 1.300339
-3.830582 -39.76099 14.74289 6.138705 7.592669 -1.453246 -0.800391 1.346403 3.18643
-7.830582 -39.76099 14.74289 6.838546 3.423494 3.796443 3.026856 0.913761 0.364506
-9.830582 -39.76099 14.74289 4.29296 1.809421 2.950766 3.59358 0.566925 0.662872
14.16942 -41.76099 14.74289 7.098501 7.524215 6.501124 5.269161 1.609027 0.660373
12.16942 -41.76099 14.74289 7.651971 5.484677 1.531067 -1.037381 2.632075 -0.063746
10.16942 -41.76099 14.74289 7.338508 5.388896 1.166278 0.232372 2.157339 1.572823
8.169418 -41.76099 14.74289 4.420609 5.733737 -0.26598 0.304403 -0.047835 0.683713
6.169418 -41.76099 14.74289 2.85322 4.308776 -2.075392 -0.050616 0.54536 0.901794
4.169418 -41.76099 14.74289 8.37996 8.595738 -2.433606 -1.429315 1.311677 1.406682
-1.830582 -41.76099 14.74289 5.891032 7.02122 1.685794 1.404744 1.573414 2.237556
-3.830582 -41.76099 14.74289 9.291494 10.44884 2.384659 1.656091 3.020158 3.529527
-5.830582 -41.76099 14.74289 8.990376 9.771091 6.087198 5.563071 1.640204 1.893931
-9.830582 -41.76099 14.74289 6.947511 4.503298 6.118736 6.038641 0.285177 0.53853
14.16942 -43.76099 14.74289 5.484943 7.201489 4.634865 6.198642 1.376407 2.08439
12.16942 -43.76099 14.74289 9.000844 8.80414 2.940206 3.888424 2.676654 2.902914
10.16942 -43.76099 14.74289 8.787613 7.13913 3.06045 3.505331 1.610092 1.628777
8.169418 -43.76099 14.74289 5.153319 5.424869 1.699255 1.626023 0.796606 0.365646
6.169418 -43.76099 14.74289 5.07166 4.475688 1.21037 0.474918 2.652773 1.654691
2.169418 -43.76099 14.74289 7.265123 4.2585 4.120317 2.986143 4.016419 1.602386
-7.830582 -43.76099 14.74289 11.08384 12.18407 7.455344 7.975482 -0.640708 0.00655
12.16942 -45.76099 14.74289 3.579854 1.276439 0.466183 -0.083177 1.440721 0.612869
10.16942 -45.76099 14.74289 7.544364 4.509039 6.589687 5.15791 1.42408 -0.085496
8.169418 -45.76099 14.74289 4.013279 3.316858 4.693233 4.447954 -0.989601 -0.995445
4.169418 -45.76099 14.74289 5.406456 1.661128 2.13213 0.184581 2.97125 0.518738
2.169418 -45.76099 14.74289 4.648021 2.890996 4.526683 5.187284 3.614957 2.914711
-1.830582 -45.76099 14.74289 4.726598 4.423006 -1.35808 -2.272199 1.028093 -0.50826
-3.830582 -45.76099 14.74289 6.781978 6.301192 4.467295 4.293886 1.579162 1.082909
-5.830582 -45.76099 14.74289 7.91039 11.22654 5.855784 7.35927 -1.587004 -0.329262
4.169418 -47.76099 14.74289 4.481476 3.004388 3.975101 4.130238 1.793396 0.366341
2.169418 -47.76099 14.74289 1.968081 2.796027 3.505703 5.379322 0.562451 0.723022
-1.830582 -47.76099 14.74289 3.771734 3.376588 1.533172 1.815343 0.699139 0.387052
-3.830582 -47.76099 14.74289 5.923836 5.648478 7.02259 6.834524 0.05331 0.532104
-5.830582 -47.76099 14.74289 4.000715 4.572756 4.233414 3.209622 -0.81274 -1.242991
4.169418 -49.76099 14.74289 1.372094 -0.44677 1.721875 1.658464 0.510429 -0.950381
2.169418 -49.76099 14.74289 0.50672 0.850516 2.149071 3.926239 -0.832425 -1.120324
-1.830582 -49.76099 14.74289 3.422911 2.916897 4.470289 4.678764 1.426867 2.188604
-3.830582 -49.76099 14.74289 0.977311 0.85607 4.162799 3.298307 -0.738027 -0.116251
-5.830582 -49.76099 14.74289 -0.603914 -1.153798 1.998844 0.326343 -0.618093 -1.649434
-7.830582 -49.76099 14.74289 -4.051941 -5.072015 -1.030835 -2.908877 -0.642491 -3.028615
-11.83058 -49.76099 14.74289 1.936838 2.103382 4.318851 1.961822 5.15376 3.06598
2.169418 -51.76099 14.74289 3.094552 1.310331 1.996277 4.146437 0.772386 0.614756
-1.830582 -51.76099 14.74289 3.238142 2.153108 3.92417 2.843333 2.263797 2.282627
-3.830582 -51.76099 14.74289 -2.060618 -2.897475 0.929472 -1.11213 0.433943 -0.510882
-5.830582 -51.76099 14.74289 -0.959022 -1.484998 1.525888 -0.604143 1.451841 0.438996
-7.830582 -51.76099 14.74289 -3.032369 -3.596182 -2.237037 -4.893914 0.748872 -1.664898
-9.830582 -51.76099 14.74289 -5.129715 -4.476871 2.17905 0.117862 1.521055 0.311474
-11.83058 -51.76099 14.74289 -0.755826 -1.014094 3.163579 0.067945 2.960329 0.617259
6.169418 -53.76099 14.74289 0.853182 -0.992177 -1.550699 -0.834446 0.527809 -0.156181
4.169418 -53.76099 14.74289 1.378594 -0.640013 0.112596 -0.141772 0.250845 -1.755289
2.169418 -53.76099 14.74289 3.125239 -1.350175 1.014914 -0.417544 1.208534 -0.631095
-1.830582 -53.76099 14.74289 2.272385 0.044526 2.366811 0.144008 1.496957 -0.748591
-3.830582 -53.76099 14.74289 -0.574226 -1.84222 1.498082 -1.097258 1.01697 -2.586767
-5.830582 -53.76099 14.74289 1.97519 1.766237 1.580893 -0.280446 2.814088 1.977788
-7.830582 -53.76099 14.74289 1.793378 0.545189 -0.59474 -3.218457 2.075304 0.887637
-9.830582 -53.76099 14.74289 -3.765642 -3.594325 0.542728 -0.804008 0.97257 0.486412
6.169418 -55.76099 14.74289 -0.648933 -2.514976 0.681792 0.26322 -0.739227 -1.408557
4.169418 -55.76099 14.74289 0.081973 -1.780068 -0.241878 -0.270501 -0.480072 -0.943398
-1.830582 -55.76099 14.74289 4.052855 3.893659 1.669083 0.698272 1.098367 0.346878
-3.830582 -55.76099 14.74289 -1.320423 -1.102555 -0.030625 -2.048004 0.828976 -2.312732
-5.830582 -55.76099 14.74289 1.47366 1.721855 1.246218 0.902128 0.958626 0.040674
-7.830582 -55.76099 14.74289 1.385896 0.128903 1.081305 0.049036 0.568295 -0.08602
12.16942 -57.76099 14.74289 -3.734703 -2.144156 0.243645 1.007706 -1.722392 -2.414932
10.16942 -57.76099 14.74289 0.112393 -1.313469 0.59977 0.856922 -0.802813 -1.650317
6.169418 -57.76099 14.74289 -0.983286 -3.066449 0.571551 0.183171 -0.919935 -2.237636
4.169418 -57.76099 14.74289 -0.758426 -1.739133 0.318161 -0.411967 -0.224283 -0.671291
-1.830582 -57.76099 14.74289 0.444109 1.299834 0.063964 1.846876 0.406505 1.059501
-3.830582 -57.76099 14.74289 -1.753085 -1.178069 -0.710534 -0.787629 -0.574694 -1.782612
10.16942 -59.76099 14.74289 -0.537648 -0.671202 2.118411 1.894652 -0.89802 -1.545875
8.169418 -59.76099 14.74289 -1.36287 -0.538909 -0.824477 0.932798 -0.910796 -0.948022
6.169418 -59.76099 14.74289 -0.584147 0.147273 1.563328 1.932409 -1.094352 -1.737339
-3.830582 -59.76099 14.74289 -0.119948 0.263931 1.408495 1.021286 -0.161272 -1.072966
-5.830582 -59.76099 14.74289 -1.497518 -1.789387 1.18021 0.585257 -1.013482 -1.717989
-5.830582 -61.76099 14.74289 0 0 0 0 0 0
-5.830582 -29.76099 16.74289 -2.51554 -3.797587 -0.079879 -0.700907 0.842191 -0.034992
-7.830582 -29.76099 16.74289 1.328033 -0.197073 -1.547457 -1.892777 1.041802 0.320745
-3.830582 -31.76099 16.74289 -1.984925 -0.696613 -1.222581 -2.093234 1.110562 0.523554
14.16942 -33.76099 16.74289 -1.989363 -3.177447 -0.896344 -4.000342 2.169984 -0.051797
-3.830582 -33.76099 16.74289 0.443542 1.887623 -1.272849 -3.00734 0.964876 0.118557
-5.830582 -33.76099 16.74289 -0.327842 2.919079 -0.819397 0.874498 0.821341 1.68619
16.16942 -35.76099 16.74289 1.479913 1.666586 0.850967 0.176164 0.290845 -0.430956
14.16942 -35.76099 16.74289 -0.167419 -0.229315 -0.626569 -3.491861 1.683262 -0.424898
12.16942 -35.76099 16.74289 0.691918 0.449069 1.112795 0.205532 2.029421 1.224744
10.16942 -35.76099 16.74289 4.03881 -0.461289 3.947614 2.137858 2.564935 2.151865
-1.830582 -35.76099 16.74289 5.240065 2.29625 2.505686 2.784966 0.559633 0.007684
-3.830582 -35.76099 16.74289 -0.800621 0.003234 -3.92504 -7.022049 -1.675297 -2.778925
-5.830582 -35.76099 16.74289 -1.784869 0.856721 -2.826904 -3.662799 -2.579067 -2.548215
16.16942 -37.76099 16.74289 1.434208 0.820127 0.865133 1.577825 2.143935 2.530232
14.16942 -37.76099 16.74289 2.075639 3.512182 0.713701 -0.227239 3.406497 3.616456
12.16942 -37.76099 16.74289 -0.846764 2.950657 0.790134 2.133768 1.856187 3.252186
10.16942 -37.76099 16.74289 -2.568357 -2.155311 0.880655 2.009191 -0.146175 0.609688
0.169418 -37.76099 16.74289 5.784426 2.290807 5.133576 5.340751 0.422257 -0.077334
-1.830582 -37.76099 16.74289 7.137116 3.096579 3.333535 5.101489 0.164111 -0.438233
-3.830582 -37.76099 16.74289 3.507584 1.643898 -3.128253 -2.905925 -1.815333 -2.703392
-5.830582 -37.76099 16.74289 2.4723 1.27698 -1.689803 -2.389795 -2.910193 -4.153492
16.16942 -39.76099 16.74289 1.910873 3.462078 0.46641 1.724563 0.910232 1.826913
-1.830582 -39.76099 16.74289 1.357924 -0.674359 -0.044973 1.21194 -0.385212 -0.677147
-3.830582 -39.76099 16.74289 1.58858 0.285597 -2.337606 -1.396413 -0.584905 -0.471027
14.16942 -41.76099 16.74289 7.058991 11.91615 6.086268 7.611101 1.452892 3.363857
6.169418 -41.76099 16.74289 3.649368 5.503438 -0.924374 0.327773 1.449658 2.670139
4.169418 -41.76099 16.74289 10.12367 11.68207 3.310245 3.042277 2.166312 3.574176
-1.830582 -41.76099 16.74289 3.081084 3.393744 1.076661 1.073384 -0.81634 -0.166219
-5.830582 -41.76099 16.74289 7.201251 5.560152 4.095409 3.60385 1.30271 1.734674
-7.830582 -41.76099 16.74289 9.165926 7.224193 6.263927 5.598262 2.626284 3.242587
-9.830582 -41.76099 16.74289 3.823121 4.46025 3.275865 5.285258 0.9701 2.196749
14.16942 -43.76099 16.74289 4.55078 5.712292 2.70884 2.822254 0.833634 0.830149
12.16942 -43.76099 16.74289 5.320991 6.452624 2.358871 3.269402 2.125409 2.417586
10.16942 -43.76099 16.74289 5.736028 6.123417 1.702946 3.715462 1.923307 3.441671
6.169418 -43.76099 16.74289 4.149423 5.988538 -0.117786 1.533688 1.169659 2.123349
4.169418 -43.76099 16.74289 8.43391 9.215825 6.410669 5.869949 1.815234 2.028314
2.169418 -43.76099 16.74289 8.337954 7.909902 10.20809 9.481242 1.994529 2.334228
-1.830582 -43.76099 16.74289 4.79002 6.80447 -0.247163 -0.137002 -0.049724 0.738995
-3.830582 -43.76099 16.74289 4.679576 4.633432 2.015929 0.010481 0.326955 -0.619932
-9.830582 -43.76099 16.74289 6.50315 7.975787 3.593725 6.587964 -0.845345 1.063288
12.16942 -45.76099 16.74289 2.134918 2.600431 2.118659 1.944568 1.89661 1.167191
10.16942 -45.76099 16.74289 3.248099 3.830364 5.203321 4.834387 0.287941 -0.963025
6.169418 -45.76099 16.74289 6.351333 6.499813 4.813612 4.924758 -0.777283 0.235186
4.169418 -45.76099 16.74289 8.573703 8.640399 5.484316 6.797044 1.354448 2.359523
2.169418 -45.76099 16.74289 6.059373 5.53328 7.892668 9.853901 1.383742 2.597114
-5.830582 -45.76099 16.74289 14.10279 16.41031 8.831318 10.79795 0.089736 3.296721
-7.830582 -45.76099 16.74289 10.29042 12.0349 5.898131 7.012656 2.567436 4.557799
12.16942 -47.76099 16.74289 4.17272 1.41967 3.4296 0.802514 0.214321 -1.153784
10.16942 -47.76099 16.74289 3.825719 1.982776 7.542601 4.3648 0.017242 -2.140847
8.169418 -47.76099 16.74289 7.079105 6.640224 11.94935 10.35734 1.114639 -0.127664
6.169418 -47.76099 16.74289 7.400323 4.516786 5.526089 4.296978 0.229746 -0.611887
4.169418 -47.76099 16.74289 5.890216 6.754048 4.121987 6.543233 0.265866 0.986688
2.169418 -47.76099 16.74289 1.638161 4.151294 4.700398 7.806414 -0.717723 0.132547
-1.830582 -47.76099 16.74289 5.8263 4.61328 1.595314 -0.1242 -0.203898 -0.752511
-3.830582 -47.76099 16.74289 12.18928 13.02724 10.20376 11.19482 -0.078369 1.813785
10.16942 -49.76099 16.74289 2.193235 0.275857 7.977655 5.729914 0.234862 -2.156074
8.169418 -49.76099 16.74289 3.865657 2.735173 12.1257 12.77509 3.136832 1.333342
6.169418 -49.76099 16.74289 9.475659 5.7013 8.487633 8.771789 2.858038 1.358207
4.169418 -49.76099 16.74289 3.745668 3.111612 2.557578 3.032705 0.236123 -0.304058
2.169418 -49.76099 16.74289 -1.455641 -0.103799 1.874818 2.618443 -1.498837 -2.548414
0.169418 -49.76099 16.74289 0.270332 0.010633 2.824656 1.087525 1.225666 -0.238559
-1.830582 -49.76099 16.74289 6.24465 5.790174 5.123538 4.439785 0.94589 1.154904
10.16942 -51.76099 16.74289 5.608188 2.553503 10.05118 7.964384 2.062146 -0.772658
8.169418 -51.76099 16.74289 0.248489 -2.059254 7.599041 7.906431 2.546856 -0.141071
6.169418 -51.76099 16.74289 6.73257 3.26918 5.822825 6.650591 3.932627 1.35391
4.169418 -51.76099 16.74289 6.525723 4.728621 3.230181 3.751794 1.117096 -1.181562
0.169418 -51.76099 16.74289 6.035871 3.938429 4.771291 3.976873 2.366835 0.688079
-1.830582 -51.76099 16.74289 5.129156 4.289231 5.492328 5.279047 2.398587 1.427898
8.169418 -53.76099 16.74289 4.185956 2.356354 5.50919 7.565526 -0.453993 -0.891814
6.169418 -53.76099 16.74289 7.055269 3.651488 5.127454 6.343738 1.975468 0.413831
4.169418 -53.76099 16.74289 7.198504 3.421697 2.756041 1.92346 2.1238 -1.111651
0.169418 -53.76099 16.74289 5.727273 1.265233 3.07156 1.732626 0.870787 -1.068143
-1.830582 -53.76099 16.74289 5.355637 2.142739 2.819249 1.535417 2.334892 0.023002
-3.830582 -53.76099 16.74289 3.060181 1.09709 1.22912 -0.246462 2.252501 0.143092
8.169418 -55.76099 16.74289 3.360664 4.362525 6.152446 7.623743 -1.787681 -1.424913
6.169418 -55.76099 16.74289 3.044458 3.517777 5.79816 7.497996 -1.045324 -0.019238
-1.830582 -55.76099 16.74289 4.403259 3.741018 1.437965 2.693141 1.680272 1.587085
-3.830582 -55.76099 16.74289 4.451052 2.75699 1.151495 0.656432 1.999453 0.604709
10.16942 -57.76099 16.74289 3.325004 1.331911 4.563308 3.982879 0.47939 0.612503
6.169418 -57.76099 16.74289 1.96925 -0.162518 2.470716 1.483984 -0.734952 -1.22936
4.169418 -57.76099 16.74289 2.104689 0.103338 1.546154 -0.312274 -0.918912 -1.191117
-1.830582 -57.76099 16.74289 -2.819998 1.235011 -1.027716 2.51189 -3.004229 -1.903605
-3.830582 -57.76099 16.74289 -0.740088 0.342246 -0.294425 0.316646 -1.764763 -2.631886
10.16942 -59.76099 16.74289 1.430843 0.958357 1.709725 0.448688 -0.562644 -0.454147
8.169418 -59.76099 16.74289 -0.997134 0.098805 -0.12245 0.310483 -0.957371 -1.377207
6.169418 -59.76099 16.74289 0.765724 1.079836 1.102646 1.212364 -1.270055 -1.654173
4.169418 -59.76099 16.74289 -0.483041 0.460909 0.900768 0.950316 -2.991027 -3.075356
-3.830582 -59.76099 16.74289 -2.788717 -1.164877 -0.855695 -1.121275 -3.014274 -3.898077
-5.830582 -59.76099 16.74289 -1.816394 -1.813819 0.184994 -0.396227 -3.568441 -4.11013
-5.830582 -61.76099 16.74289 0 0 0 0 0 0
-3.830582 -29.76099 18.74289 1.45633 6.211033 -2.348154 1.701114 1.485776 6.319942
-5.830582 -29.76099 18.74289 1.758523 4.654117 2.357444 3.802418 1.205914 2.949651
-7.830582 -29.76099 18.74289 1.303103 3.147467 6.266059 5.914936 0.707955 1.323903
-9.830582 -29.76099 18.74289 -0.741392 2.715455 0.910148 1.32216 1.271114 1.316522
-1.830582 -31.76099 18.74289 -2.045188 -4.544068 0.357691 0.725586 -4.156181 -1.555675
-3.830582 -31.76099 18.74289 6.881257 7.327831 3.728164 5.206298 -0.039736 2.67572
-5.830582 -31.76099 18.74289 7.848069 9.166873 5.749719 8.548873 5.552158 7.775811
-7.830582 -31.76099 18.74289 4.977993 4.731046 6.343195 6.515749 3.07636 3.056288
-9.830582 -31.76099 18.74289 1.877013 2.977908 3.721277 3.437022 -1.091644 -1.608472
-1.830582 -33.76099 18.74289 -1.528255 -4.34986 0.097528 -0.588036 -1.334414 -1.497779
-3.830582 -33.76099 18.74289 5.419979 5.000031 4.532165 4.375125 -1.227566 0.081148
14.16942 -35.76099 18.74289 -3.21372 -1.645575 -0.933675 -1.585735 2.017687 0.980212
0.169418 -35.76099 18.74289 2.445384 1.922334 -0.730193 0.615716 -0.258505 -0.93085
-1.830582 -35.76099 18.74289 0.698245 -0.694717 -0.530768 0.65613 -0.636782 -2.248837
-3.830582 -35.76099 18.74289 -2.364002 -1.832327 -1.023078 -2.265675 -2.481836 -3.317216
16.16942 -37.76099 18.74289 -2.146207 -1.691786 -2.460703 -4.012456 0.389432 0.016395
14.16942 -37.76099 18.74289 -0.415277 1.859259 1.833914 1.493672 2.555364 2.823777
12.16942 -37.76099 18.74289 -1.036961 4.244647 2.832166 4.847426 0.919038 3.106877
10.16942 -37.76099 18.74289 -2.215002 -0.107519 3.250613 3.539388 0.509547 1.015832
0.169418 -37.76099 18.74289 6.271235 2.708003 1.727351 1.75991 0.590792 -0.470831
-1.830582 -37.76099 18.74289 5.152454 -1.024586 -0.960272 0.169231 -0.915269 -3.201268
16.16942 -39.76099 18.74289 1.281631 1.990693 0.699191 -0.083694 0.546723 1.429721
14.16942 -39.76099 18.74289 2.272699 5.398114 3.212857 4.309089 0.575614 2.532188
12.16942 -39.76099 18.74289 2.231622 7.856481 3.571573 5.885125 0.407438 3.198736
0.169418 -39.76099 18.74289 2.814081 3.175509 1.571023 2.030278 0.906051 0.541018
-1.830582 -39.76099 18.74289 0.078882 -2.739889 -0.843337 -0.835273 -1.715568 -3.824323
-3.830582 -39.76099 18.74289 -0.499437 -3.012056 0.211772 1.803826 -0.547822 -1.083612
-5.830582 -39.76099 18.74289 1.431249 -0.343474 2.090317 3.713473 0.311557 0.628855
14.16942 -41.76099 18.74289 2.156024 6.053489 5.431426 5.748398 0.577237 1.89367
12.16942 -41.76099 18.74289 3.803726 7.716065 4.159767 5.56668 1.40636 2.971739
-1.830582 -41.76099 18.74289 -1.708035 -2.109702 0.356015 -0.984404 -1.248104 -2.14112
-3.830582 -41.76099 18.74289 3.273891 1.598987 1.576612 1.29811 -0.108657 0.284904
12.16942 -43.76099 18.74289 1.047125 1.727637 1.505099 2.571138 2.218199 2.024086
10.16942 -43.76099 18.74289 4.557994 5.680751 0.113286 2.683935 2.194376 3.678165
8.169418 -43.76099 18.74289 7.980918 9.867023 3.213093 4.287886 1.294842 3.329181
0.169418 -43.76099 18.74289 -2.182715 -0.050777 3.967145 3.831687 0.486014 1.58549
-1.830582 -43.76099 18.74289 -1.276854 1.442013 1.588946 1.645824 1.61454 2.408455
-5.830582 -43.76099 18.74289 4.951027 4.376525 1.270429 0.779831 0.784004 1.440956
-7.830582 -43.76099 18.74289 3.454003 4.286697 1.081643 3.558987 -0.36151 1.128789
-9.830582 -43.76099 18.74289 0.670397 3.022512 0.435753 3.201851 -2.469842 -1.438042
12.16942 -45.76099 18.74289 -0.615537 -1.034853 0.576635 1.473009 3.291425 3.133322
10.16942 -45.76099 18.74289 -0.72546 -0.333312 0.678301 2.552979 1.170359 1.84854
8.169418 -45.76099 18.74289 3.79157 4.953493 1.443688 2.427621 0.358007 1.863075
6.169418 -45.76099 18.74289 5.020103 6.446936 2.13411 2.004346 -0.330973 0.786111
-1.830582 -45.76099 18.74289 1.982682 3.221386 1.538441 0.189725 0.838921 1.47788
-3.830582 -45.76099 18.74289 1.863114 1.320846 0.988805 0.988298 0.658934 0.800425
-9.830582 -45.76099 18.74289 0.868128 3.001765 3.165887 5.137526 0.39686 1.064934
12.16942 -47.76099 18.74289 3.545716 1.837215 3.896772 3.387342 3.317662 3.859967
10.16942 -47.76099 18.74289 -0.54855 -1.590896 3.762588 3.626088 0.656874 1.0035
8.169418 -47.76099 18.74289 2.476046 1.865846 5.061844 4.707591 1.720766 2.298065
6.169418 -47.76099 18.74289 2.435706 0.374338 -0.077128 -0.754573 0.850927 0.496377
-1.830582 -47.76099 18.74289 4.612738 4.659116 2.156484 -0.677859 -1.226745 -0.631212
-3.830582 -47.76099 18.74289 4.340903 4.963012 3.306679 4.319882 -0.430073 0.496959
-5.830582 -47.76099 18.74289 4.062132 3.301795 4.150846 5.121362 0.445811 0.016063
-7.830582 -47.76099 18.74289 2.079448 2.398751 3.203399 3.177116 0.517425 0.814969
10.16942 -49.76099 18.74289 1.538192 -0.17199 5.211652 4.208589 0.85437 1.25459
8.169418 -49.76099 18.74289 -0.512077 -0.446218 6.859784 8.159303 1.86886 2.774297
6.169418 -49.76099 18.74289 3.509277 2.497539 5.042773 6.558226 1.526175 2.078412
0.169418 -49.76099 18.74289 6.409739 9.372728 7.419693 6.792828 -0.343791 1.403377
-1.830582 -49.76099 18.74289 9.803606 12.6818 7.869546 8.541054 -0.803732 1.97982
-3.830582 -49.76099 18.74289 7.420448 9.542038 7.013478 9.108436 0.2473 1.701447
-5.830582 -49.76099 18.74289 4.082957 4.070621 6.561665 6.82433 -0.616643 -0.229187
-7.830582 -49.76099 18.74289 4.309793 6.347689 6.613947 5.716386 -1.294264 -0.714675
10.16942 -51.76099 18.74289 6.624385 4.490244 7.887836 6.926492 3.161663 3.070564
8.169418 -51.76099 18.74289 -2.456477 -3.703186 2.909447 4.043169 0.814106 0.39427
6.169418 -51.76099 18.74289 2.44388 1.971807 5.251967 8.339938 1.890332 1.513608
-1.830582 -51.76099 18.74289 7.519669 8.939099 7.150891 10.39657 -0.65167 1.148464
-3.830582 -51.76099 18.74289 2.077659 3.323358 3.817215 5.151933 -0.869545 -1.063051
-5.830582 -51.76099 18.74289 1.607028 2.138557 5.292597 6.107956 -1.081115 -0.658915
8.169418 -53.76099 18.74289 2.968896 1.348742 3.898281 5.821169 0.23803 0.052482
6.169418 -53.76099 18.74289 3.430939 1.089932 6.436392 8.517075 1.322486 0.879699
-1.830582 -53.76099 18.74289 7.615058 5.926702 3.739303 4.139575 0.284335 0.080478
-3.830582 -53.76099 18.74289 2.526936 2.266604 1.623871 1.52917 0.001627 -0.661531
-5.830582 -53.76099 18.74289 2.862941 4.433652 3.277375 5.647054 0.557706 0.957092
6.169418 -55.76099 18.74289 3.839726 3.140818 5.873445 6.32274 0.14295 0.524261
4.169418 -55.76099 18.74289 1.959265 3.711347 4.52199 5.138762 0.633125 1.183516
-3.830582 -55.76099 18.74289 5.38997 5.363164 5.066644 6.514895 1.011337 1.750304
-5.830582 -55.76099 18.74289 6.73445 6.394112 4.846876 6.599451 2.097098 2.673618
8.169418 -57.76099 18.74289 2.711736 2.625339 2.37761 2.475314 -0.238599 0.316102
4.169418 -57.76099 18.74289 1.172839 0.967394 2.898792 1.841691 -1.25559 -0.229987
-3.830582 -57.76099 18.74289 1.509873 4.05308 2.009891 3.292877 -1.990327 -1.466565
-5.830582 -57.76099 18.74289 1.121041 2.211411 2.627619 3.224096 -1.518648 -0.749759
10.16942 -59.76099 18.74289 4.466418 5.785807 -1.962349 0.424138 0.122332 3.557156
8.169418 -59.76099 18.74289 -1.177569 0.471932 -3.05736 -1.708737 -0.363764 0.952728
6.169418 -59.76099 18.74289 0.568222 0.491623 -1.054402 -0.924728 -0.62786 0.040218
4.169418 -59.76099 18.74289 -3.538916 -3.769613 -1.033877 -0.505671 -3.134718 -3.121397
-3.830582 -59.76099 18.74289 -2.88412 1.386009 -0.257261 1.17378 -4.69112 -3.57793
-5.830582 -59.76099 18.74289 -1.540325 2.624215 0.856794 2.151182 -4.328505 -2.422133
-7.830582 -29.76099 20.74289 3.044817 5.044358 0.893503 1.495535 0.556719 1.683064
-3.830582 -31.76099 20.74289 7.72032 10.52954 5.738656 8.550553 -0.006047 2.377459
-5.830582 -31.76099 20.74289 8.140721 9.022357 5.3039 8.10151 2.838442 3.843147
-7.830582 -31.76099 20.74289 4.499279 4.39875 1.822946 2.053846 1.025811 2.290835
-9.830582 -31.76099 20.74289 1.14887 3.844477 1.254085 2.970688 -0.657402 1.012173
-11.83058 -31.76099 20.74289 0.237656 2.168592 0.554014 1.731325 1.963866 2.722841
-1.830582 -33.76099 20.74289 3.016225 3.907129 5.182812 6.442185 -2.701007 0.363722
-3.830582 -33.76099 20.74289 4.741581 8.228498 7.4755 10.31622 -1.41554 2.370278
-5.830582 -33.76099 20.74289 0.668956 2.792545 1.797543 3.423576 0.4928 1.946515
-7.830582 -33.76099 20.74289 2.466658 3.768345 -0.580074 -0.917572 -0.656769 -0.24499
-9.830582 -33.76099 20.74289 1.658794 3.382314 0.641602 0.965577 0.070826 0.990361
-11.83058 -33.76099 20.74289 -1.386322 -1.057159 -1.104051 -1.64794 3.138272 2.367002
14.16942 -35.76099 20.74289 -4.473687 -3.918246 -2.214462 -0.519055 1.805858 0.131087
12.16942 -35.76099 20.74289 -5.155849 -2.719334 -0.477503 1.425531 0.217728 0.598103
0.169418 -35.76099 20.74289 5.947773 10.04707 3.270671 4.237144 2.202098 3.22711
-1.830582 -35.76099 20.74289 0.441875 3.231645 2.004143 3.754344 -0.272602 0.218345
-3.830582 -35.76099 20.74289 -2.019349 -0.154669 0.810495 1.866284 -1.16159 -0.265056
-5.830582 -35.76099 20.74289 -4.272404 -1.61558 -1.168397 -1.031089 0.543081 1.524042
-7.830582 -35.76099 20.74289 -0.559299 3.507261 -0.336648 -0.294084 -0.338439 0.122723
14.16942 -37.76099 20.74289 -3.089077 -1.259541 -0.595686 -0.235593 1.493125 0.716707
12.16942 -37.76099 20.74289 -4.381838 -1.283576 1.199167 0.747461 0.87536 1.281727
10.16942 -37.76099 20.74289 -5.022245 -1.518468 3.261147 2.965945 1.259914 1.20483
0.169418 -37.76099 20.74289 2.745229 2.782543 0.065225 0.01092 1.794248 1.136682
-1.830582 -37.76099 20.74289 -3.039792 -5.087424 -4.558369 -5.351748 -2.05131 -3.679474
14.16942 -39.76099 20.74289 -0.138834 3.342401 2.066723 2.706244 0.828786 2.243871
12.16942 -39.76099 20.74289 -0.896538 2.702011 1.218524 0.292628 0.580312 1.353576
0.169418 -39.76099 20.74289 0.91983 4.337971 0.284648 0.375669 2.652822 3.197306
-1.830582 -39.76099 20.74289 -2.733526 -2.445182 -1.604621 -2.785923 0.013776 -0.73485
-3.830582 -39.76099 20.74289 -2.930649 -2.965822 -1.732713 -0.22674 -0.912103 0.186685
-5.830582 -39.76099 20.74289 -0.716157 0.459606 0.901722 3.501135 0.028691 1.848205
-7.830582 -39.76099 20.74289 -1.90789 -0.098438 -0.488974 0.538004 0.407428 1.627806
14.16942 -41.76099 20.74289 0.428405 1.920014 2.985677 2.545321 0.95394 0.993553
12.16942 -41.76099 20.74289 0.879662 2.612587 2.306703 2.871731 2.015169 2.368581
-1.830582 -41.76099 20.74289 -2.589761 -0.622029 2.480637 1.371905 -0.541018 0.325514
-3.830582 -41.76099 20.74289 0.448968 2.688496 0.666525 1.286824 -0.305552 1.75888
-5.830582 -41.76099 20.74289 0.318531 6.784281 0.569709 2.885564 -0.805087 2.856021
-7.830582 -41.76099 20.74289 -3.523659 0.714656 1.027544 2.799027 -1.294095 0.783408
14.16942 -43.76099 20.74289 3.297447 2.942605 2.483526 2.343667 1.41047 0.47088
12.16942 -43.76099 20.74289 4.040131 4.81462 2.838344 4.562094 2.308264 2.239311
10.16942 -43.76099 20.74289 3.440826 5.632154 3.237248 6.444634 2.103559 4.112899
-1.830582 -43.76099 20.74289 -3.687484 0.670444 2.677828 4.459254 1.004015 3.765602
-3.830582 -43.76099 20.74289 -0.435863 1.77295 -0.154982 1.420132 -0.049876 1.936722
10.16942 -45.76099 20.74289 0.038671 0.534662 0.642962 2.485388 0.91116 1.511583
8.169418 -45.76099 20.74289 3.938669 5.122018 2.648451 3.200608 1.055755 2.424888
6.169418 -45.76099 20.74289 1.784907 4.001068 1.513877 0.963267 -0.441312 0.902471
-1.830582 -45.76099 20.74289 -1.094071 1.660928 2.654618 4.014033 -0.267171 1.219817
-3.830582 -45.76099 20.74289 -2.032353 -0.78868 -1.050154 1.368358 -0.084953 1.182675
-5.830582 -45.76099 20.74289 1.822129 3.086302 -0.782472 -0.434979 1.38638 2.096996
-7.830582 -45.76099 20.74289 1.345376 1.274216 -0.586002 -0.014495 1.658751 2.395434
-9.830582 -45.76099 20.74289 -0.280768 0.572166 1.452014 2.921044 1.433304 2.296533
4.169418 -47.76099 20.74289 0.975455 3.202244 2.49704 3.039637 -0.276425 0.444603
-9.830582 -47.76099 20.74289 -0.067487 2.361558 4.350983 4.594412 -0.827182 0.326962
6.169418 -49.76099 20.74289 -1.564318 -3.236224 -1.679011 -3.502606 0.744596 -0.642055
4.169418 -49.76099 20.74289 1.65424 -0.001385 2.618984 1.838077 0.471597 0.280085
-7.830582 -49.76099 20.74289 -1.04132 1.750599 6.135667 2.816374 -1.271663 -2.10086
8.169418 -51.76099 20.74289 -0.779308 -1.598167 -4.017028 -2.392771 0.182216 0.285183
6.169418 -51.76099 20.74289 2.995279 0.811192 -0.626922 1.141805 0.472795 0.250847
-7.830582 -51.76099 20.74289 0.400238 2.326686 7.973395 4.985738 -1.941548 -1.943149
6.169418 -53.76099 20.74289 2.715443 -1.12354 3.910331 4.884066 0.920318 0.05425
4.169418 -53.76099 20.74289 2.697649 2.031102 7.031254 9.037449 0.525236 -0.418418
-3.830582 -53.76099 20.74289 3.234778 2.360435 1.422865 2.100077 1.350356 2.26064
-5.830582 -53.76099 20.74289 3.981775 5.476126 3.226158 4.923477 0.929448 2.957179
6.169418 -55.76099 20.74289 2.524186 1.782415 3.303266 2.911929 -1.546699 -1.560438
4.169418 -55.76099 20.74289 1.352007 4.957532 6.016801 4.832463 0.450087 1.16551
-1.830582 -55.76099 20.74289 4.04945 4.88347 4.120919 5.080127 -0.589989 -0.172038
-3.830582 -55.76099 20.74289 1.736457 3.244997 2.96746 4.151549 -0.053397 0.623829
8.169418 -57.76099 20.74289 -0.543172 1.268702 -0.008215 1.767099 -0.591576 0.174068
4.169418 -57.76099 20.74289 3.328064 4.275661 3.112484 3.371327 -0.760053 1.201732
-1.830582 -57.76099 20.74289 3.946887 4.849615 0.944463 2.146537 -0.154201 0.552056
8.169418 -59.76099 20.74289 -5.526446 -3.730329 -0.827346 0.659317 -0.063352 0.366801
6.169418 -59.76099 20.74289 -2.140598 -1.800517 -0.655261 -0.828753 -0.066284 -0.252624
4.169418 -59.76099 20.74289 0.602864 0.058502 0.329415 0.317887 -1.273307 -1.96789
-1.830582 -59.76099 20.74289 3.103948 4.842048 0.990373 3.304618 -0.348793 1.076146
-3.830582 -59.76099 20.74289 0.941314 4.477517 1.533437 4.051823 -0.765238 0.419906
-9.830582 -31.76099 22.74289 0.456735 2.589081 -1.76598 -2.197393 1.409469 2.006978
-11.83058 -33.76099 22.74289 -1.838184 -1.290158 1.609451 0.286732 1.212417 2.191595
0.169418 -35.76099 22.74289 -0.595813 3.161994 1.222272 2.391654 1.74617 3.381252
-1.830582 -35.76099 22.74289 -1.937532 0.726489 1.711221 1.445215 0.352185 1.424552
-3.830582 -35.76099 22.74289 -0.457299 3.008252 3.592181 3.363236 -0.862486 1.034999
-5.830582 -35.76099 22.74289 1.947061 6.555431 2.911337 4.672309 1.720903 4.979067
-7.830582 -35.76099 22.74289 2.552894 7.134583 3.295679 4.698616 1.411467 3.939022
-9.830582 -35.76099 22.74289 -0.777867 3.352091 1.152513 3.076805 0.290335 2.635381
-11.83058 -35.76099 22.74289 -1.934254 0.473379 1.395235 1.932865 0.040528 1.281233
16.16942 -37.76099 22.74289 1.093861 2.768489 1.487698 1.087721 2.041549 2.351854
14.16942 -37.76099 22.74289 -0.913321 0.696816 0.602837 0.579225 1.238835 1.644861
12.16942 -37.76099 22.74289 -2.090928 -2.001373 0.53905 -0.840663 2.379229 1.489471
0.169418 -37.76099 22.74289 -0.431973 1.076403 -1.49495 -1.46356 2.217384 1.096663
-1.830582 -37.76099 22.74289 -3.278506 -0.175195 -3.508751 -4.440341 -0.034209 -0.328359
-3.830582 -37.76099 22.74289 -4.834628 -0.007737 0.058155 1.291232 -2.219361 -0.04429
-5.830582 -37.76099 22.74289 -0.901398 2.17318 3.044404 5.104645 0.282233 2.797192
16.16942 -39.76099 22.74289 5.190937 8.73286 6.099233 7.939676 3.015581 5.563632
14.16942 -39.76099 22.74289 1.482808 5.579346 4.528811 5.105433 1.153754 3.284676
0.169418 -39.76099 22.74289 1.002379 2.852302 -1.695169 -0.614618 3.227307 2.748996
-1.830582 -39.76099 22.74289 -3.016537 -0.538705 -1.701279 -2.256646 1.982946 1.630687
-3.830582 -39.76099 22.74289 -2.706418 -0.168175 -0.861263 -1.085307 0.05348 0.89895
-5.830582 -39.76099 22.74289 -0.644649 -0.495516 0.585311 2.5106 0.363277 1.115891
-7.830582 -39.76099 22.74289 -1.98545 -1.630799 -1.712326 0.471062 0.508138 1.64512
16.16942 -41.76099 22.74289 7.583692 13.08544 7.447818 8.359813 3.138867 6.023195
-1.830582 -41.76099 22.74289 -0.727073 2.180655 -0.337818 -0.212795 1.812058 3.774091
-7.830582 -41.76099 22.74289 -2.456094 -0.071963 0.747399 3.550165 0.568875 1.622482
-9.830582 -41.76099 22.74289 -1.836937 -1.70037 -0.251524 0.373315 0.507458 0.34805
16.16942 -43.76099 22.74289 3.978265 9.003072 4.150245 4.445296 2.198047 4.112064
14.16942 -43.76099 22.74289 6.905763 11.72241 7.083689 7.086658 1.36599 3.402856
-3.830582 -43.76099 22.74289 -1.767187 1.615456 -1.841497 0.562008 -0.325805 2.131368
-5.830582 -43.76099 22.74289 1.750973 4.264752 -2.503509 -0.244782 -0.292784 1.060269
-7.830582 -43.76099 22.74289 -0.095939 0.274306 1.52399 2.871316 -0.007791 0.242945
14.16942 -45.76099 22.74289 8.810606 12.47484 6.508225 6.140589 2.543787 3.323298
12.16942 -45.76099 22.74289 8.927173 12.44096 6.247668 4.810211 3.232579 4.210074
10.16942 -45.76099 22.74289 3.22209 6.445148 0.994464 -0.610168 2.267826 2.66297
8.169418 -45.76099 22.74289 4.479755 6.67916 3.327775 1.907621 3.631126 3.664862
6.169418 -45.76099 22.74289 0.836959 0.279416 1.279335 -1.247324 1.029662 0.108801
-3.830582 -45.76099 22.74289 -3.701944 -0.709476 -0.350198 2.739825 1.087358 2.635988
-5.830582 -45.76099 22.74289 -0.730543 0.84774 -2.175524 -0.783798 1.261456 1.724109
12.16942 -47.76099 22.74289 10.43667 12.1012 6.085677 5.37927 4.372163 5.322362
10.16942 -47.76099 22.74289 6.189138 9.349765 2.120359 -0.087499 2.012246 2.685705
8.169418 -47.76099 22.74289 6.319804 11.4403 6.343369 5.469798 2.87313 4.200786
6.169418 -47.76099 22.74289 1.460887 3.646059 5.389791 2.516001 0.248631 -0.132834
4.169418 -47.76099 22.74289 3.821038 6.378925 6.627037 5.164418 1.42626 3.092122
2.169418 -47.76099 22.74289 3.638227 5.572876 4.570766 4.046477 0.335318 0.897197
-3.830582 -47.76099 22.74289 -1.397681 1.344077 0.841568 2.836958 1.437788 2.29279
-5.830582 -47.76099 22.74289 1.044272 2.236109 0.053963 -0.328964 2.610045 2.061444
-7.830582 -47.76099 22.74289 -0.258854 -0.935453 -1.27001 -3.054567 3.506271 2.183575
4.169418 -49.76099 22.74289 4.396019 5.043664 5.851596 5.131601 2.403915 3.551354
-3.830582 -49.76099 22.74289 4.072303 5.625289 3.475234 4.703455 -0.329528 1.06881
-5.830582 -49.76099 22.74289 2.123298 2.541921 1.33241 -0.382008 1.574073 0.456153
-7.830582 -49.76099 22.74289 -2.466534 -2.221734 -0.816453 -4.501581 2.663581 0.358236
8.169418 -51.76099 22.74289 2.994561 5.062022 1.118273 5.07027 0.155946 2.27497
6.169418 -51.76099 22.74289 6.20054 8.082397 2.482122 6.115839 0.926898 3.676362
-3.830582 -51.76099 22.74289 8.070661 8.156483 5.576382 6.886807 -1.33139 0.543559
-5.830582 -51.76099 22.74289 5.2488 3.686199 2.543159 0.43631 0.807172 -0.197332
6.169418 -53.76099 22.74289 4.692811 4.902609 3.522495 4.935693 0.940846 1.880081
-3.830582 -53.76099 22.74289 1.166951 2.204987 0.594062 3.23357 0.803875 2.30821
6.169418 -55.76099 22.74289 4.583602 3.514534 2.290771 2.21078 -0.713091 -0.755127
4.169418 -55.76099 22.74289 5.158313 5.734612 5.924658 6.931877 -1.327958 -0.008721
4.169418 -57.76099 22.74289 3.571872 2.102688 1.57799 2.709296 -1.17007 -0.289614
8.169418 -59.76099 22.74289 -1.317302 -0.216979 2.972526 3.644684 -0.581477 -0.088115
6.169418 -59.76099 22.74289 -0.373545 -1.232769 2.085513 2.228014 0.563474 0.791033
8.169418 -61.76099 22.74289 0 0 0 0 0 0
-11.83058 -31.76099 24.74289 3.091722 3.213984 -2.904939 -3.983028 2.293399 1.289894
-11.83058 -33.76099 24.74289 0.893867 2.125772 1.895212 0.715555 2.807664 3.491469
-7.830582 -35.76099 24.74289 5.661592 5.150776 -0.435766 -0.682881 1.629551 2.020448
-9.830582 -35.76099 24.74289 3.885706 4.781788 -0.172678 0.1162 1.742362 2.192967
-11.83058 -35.76099 24.74289 -1.510522 0.416378 0.32172 0.319746 0.443092 1.685155
0.169418 -37.76099 24.74289 0.704648 2.309071 -2.805717 -4.282527 1.287158 1.625987
-1.830582 -37.76099 24.74289 -0.672261 3.595917 -3.814946 -2.263011 0.870456 2.198757
-3.830582 -37.76099 24.74289 0.17653 4.106905 -0.08886 1.370238 0.949769 2.305656
-5.830582 -37.76099 24.74289 4.120946 5.299622 0.996057 1.806063 1.348531 2.569304
-7.830582 -37.76099 24.74289 5.390198 4.793932 -2.745688 -3.247733 1.227625 1.421297
16.16942 -39.76099 24.74289 3.798141 5.483427 5.267416 7.527234 1.273413 2.637599
14.16942 -39.76099 24.74289 3.32187 5.738485 5.196846 7.915906 0.290012 2.868521
0.169418 -39.76099 24.74289 -1.61655 -0.055897 -4.895375 -4.167299 -0.642419 -0.699538
-1.830582 -39.76099 24.74289 -4.315715 -2.276877 -6.157266 -4.778739 -1.344042 -1.178026
16.16942 -41.76099 24.74289 5.527429 7.068435 6.642735 6.926231 2.47855 2.835405
14.16942 -41.76099 24.74289 3.220497 5.752148 6.578375 9.396167 0.850937 2.707983
-1.830582 -41.76099 24.74289 -1.25528 3.343949 -5.694438 -2.705735 -0.283738 2.316658
-3.830582 -41.76099 24.74289 0.277645 4.822866 -2.479751 -1.913992 0.922243 2.809125
-5.830582 -41.76099 24.74289 1.814062 3.688154 1.451064 2.660547 1.37801 1.419662
-7.830582 -41.76099 24.74289 -0.600789 -0.115389 0.303585 1.539569 1.426347 1.08463
-9.830582 -41.76099 24.74289 0.756929 -1.400642 -0.742566 -2.356722 1.690443 0.110343
16.16942 -43.76099 24.74289 5.732957 8.52437 4.231601 2.978957 1.560434 1.744663
12.16942 -43.76099 24.74289 3.230034 5.522299 6.929724 7.645311 1.57971 2.471591
-5.830582 -43.76099 24.74289 2.109025 5.048031 1.191238 2.56024 -0.05615 1.463042
-7.830582 -43.76099 24.74289 -1.709056 -1.265172 -0.137238 0.3869 0.333806 1.022931
-9.830582 -43.76099 24.74289 -2.14295 -2.255353 1.302193 0.295722 2.128368 2.316259
14.16942 -45.76099 24.74289 6.33929 12.96982 7.128048 9.24911 -0.245604 1.058301
-3.830582 -45.76099 24.74289 -0.559264 4.144011 3.183253 4.404893 1.056954 3.704083
-5.830582 -45.76099 24.74289 -1.088533 1.456371 -0.009362 -0.161802 -0.363977 0.284029
-7.830582 -45.76099 24.74289 -0.097323 -1.027535 -0.051424 -1.131144 2.001582 2.44161
-9.830582 -45.76099 24.74289 0.024562 -2.995027 4.916045 2.71985 5.489057 5.781329
12.16942 -47.76099 24.74289 9.137234 15.83162 4.070183 9.072045 -1.346555 1.323158
10.16942 -47.76099 24.74289 8.649873 17.11515 0.910688 5.771339 -0.972403 2.749642
8.169418 -47.76099 24.74289 10.10442 16.96328 7.423986 10.9676 0.531349 3.82848
6.169418 -47.76099 24.74289 11.22947 14.67133 7.954204 7.480567 1.757386 3.886928
-1.830582 -47.76099 24.74289 4.485571 13.08069 4.934302 8.850142 2.22195 6.790273
-3.830582 -47.76099 24.74289 -1.419855 5.296298 -0.34906 2.392412 -1.104779 0.902393
10.16942 -49.76099 24.74289 5.401496 11.84768 -0.628832 6.517638 -1.886328 1.683621
8.169418 -49.76099 24.74289 7.842072 14.75966 5.574035 10.69265 -0.802782 2.293576
6.169418 -49.76099 24.74289 12.00703 17.52082 11.42171 14.33669 1.589758 5.297859
4.169418 -49.76099 24.74289 14.64837 17.14502 11.46024 12.7342 5.217178 7.956757
6.169418 -51.76099 24.74289 8.750634 11.54091 7.103855 10.36052 3.1785 5.791856
4.169418 -51.76099 24.74289 12.37782 12.87522 9.632338 9.700334 5.774361 6.556187
6.169418 -53.76099 24.74289 5.374557 5.025372 1.920956 2.116852 2.514987 1.661063
4.169418 -53.76099 24.74289 6.552117 7.898753 6.676219 7.483572 0.449335 0.88036
6.169418 -55.76099 24.74289 6.402416 3.536658 0.775771 1.07948 3.061422 1.812795
4.169418 -55.76099 24.74289 7.346922 6.060214 5.732865 6.205202 0.283322 0.123446
8.169418 -57.76099 24.74289 4.991439 3.531715 1.881768 4.885824 1.19895 2.464812
6.169418 -57.76099 24.74289 -1.170593 -2.22117 -0.151391 2.275794 0.800352 1.054456
4.169418 -57.76099 24.74289 0.10673 -0.843877 1.626758 2.166471 -1.274589 -1.642825
8.169418 -59.76099 24.74289 1.929016 0.992579 2.38419 2.850886 -0.912975 -0.342255
6.169418 -59.76099 24.74289 -4.702826 -4.713513 -0.810263 1.427823 -0.769419 0.296023
-9.830582 -33.76099 26.74289 6.038922 7.025054 1.323763 0.479222 2.905324 3.816565
-11.83058 -33.76099 26.74289 2.645624 3.55524 2.892681 2.642756 3.154375 4.520243
-5.830582 -35.76099 26.74289 -0.614371 -3.169185 -4.221177 -5.952725 0.217552 -0.69268
-7.830582 -35.76099 26.74289 3.296228 1.26782 -2.864856 -3.619807 0.741922 0.852234
-9.830582 -35.76099 26.74289 4.298023 5.765299 -1.034625 -0.341251 0.815629 2.348904
14.16942 -37.76099 26.74289 1.671647 4.439847 2.115976 3.328429 0.881211 1.960701
0.169418 -37.76099 26.74289 -3.879407 -2.560498 -2.864784 -4.959375 -0.717186 -2.039136
-1.830582 -37.76099 26.74289 0.819218 1.77073 -2.433486 -1.35313 -0.332946 0.013923
-3.830582 -37.76099 26.74289 2.290268 3.176567 -0.786418 -1.035053 0.906333 1.679005
-5.830582 -37.76099 26.74289 2.440349 2.263663 -0.246619 -2.019511 0.192387 0.816815
16.16942 -39.76099 26.74289 2.358616 3.185304 0.932711 2.005692 0.562303 0.101532
14.16942 -39.76099 26.74289 5.097165 6.120747 5.312049 6.434541 0.843835 1.607122
0.169418 -39.76099 26.74289 -5.314619 -3.905229 -4.247147 -5.363432 -0.303802 -2.080839
-1.830582 -39.76099 26.74289 -0.271246 0.037953 -5.732532 -4.845367 0.053072 -0.331193
16.16942 -41.76099 26.74289 3.505397 2.955766 2.558092 1.364604 1.464592 1.217068
14.16942 -41.76099 26.74289 2.001474 3.803077 3.254864 3.821095 0.799079 2.282189
-1.830582 -41.76099 26.74289 -0.027259 2.511468 -3.493473 -2.991261 1.498075 2.150841
-3.830582 -41.76099 26.74289 1.172821 2.566261 -1.059088 -2.064066 1.367728 0.963032
-5.830582 -41.76099 26.74289 3.042671 1.379189 1.249662 0.325515 0.976042 -0.146785
-7.830582 -41.76099 26.74289 0.695856 -2.391101 0.968183 -0.739475 0.448572 -1.077384
14.16942 -43.76099 26.74289 3.50982 5.892629 2.822095 1.752596 0.62178 1.917194
12.16942 -43.76099 26.74289 4.877184 6.678611 6.726176 6.617364 1.610808 2.859434
-5.830582 -43.76099 26.74289 2.610791 3.467916 2.266743 2.153892 -0.780821 -1.096497
-7.830582 -43.76099 26.74289 -2.921514 -3.69894 -1.129735 -2.438111 -0.377899 -1.140082
-9.830582 -43.76099 26.74289 -7.976183 -6.458594 -1.481092 -2.761509 1.571483 0.99367
14.16942 -45.76099 26.74289 6.604726 11.61464 3.98177 5.433686 0.322961 2.692865
12.16942 -45.76099 26.74289 10.25943 15.28304 4.84683 6.357591 1.069905 3.908092
10.16942 -45.76099 26.74289 9.373326 13.77757 5.91526 6.629498 2.289598 5.813913
-3.830582 -45.76099 26.74289 3.149446 5.63391 3.182334 2.40984 0.10888 1.697061
-9.830582 -45.76099 26.74289 -5.475053 -5.161487 1.022662 -0.353478 4.068816 4.264691
10.16942 -47.76099 26.74289 9.326086 15.06021 -1.985248 2.322754 0.376168 4.365597
8.169418 -47.76099 26.74289 10.62735 13.96586 6.028224 10.55056 1.622946 4.75491
-3.830582 -47.76099 26.74289 5.705547 10.13919 1.527002 2.952229 -2.358645 -0.092345
-5.830582 -47.76099 26.74289 7.419825 12.77105 4.642847 4.798594 -2.38554 0.671244
-7.830582 -47.76099 26.74289 4.300909 8.218623 4.488181 4.775227 1.671115 3.808744
-9.830582 -47.76099 26.74289 -0.309152 -0.049956 2.63353 3.158498 3.826943 4.825729
8.169418 -49.76099 26.74289 5.468161 7.199453 0.395134 4.199416 -0.452369 0.874343
6.169418 -49.76099 26.74289 9.702551 11.75056 6.799107 9.841262 1.07526 3.141436
-7.830582 -49.76099 26.74289 7.410644 15.10753 3.31612 7.779817 0.207299 3.938026
8.169418 -51.76099 26.74289 2.677474 1.02765 1.836861 1.875277 0.592702 0.857781
6.169418 -51.76099 26.74289 7.463343 7.688678 6.34144 6.139324 2.025519 3.387695
4.169418 -51.76099 26.74289 16.58729 16.01423 13.19116 11.30853 4.698572 5.117752
8.169418 -53.76099 26.74289 5.427283 2.99688 2.22441 1.783148 1.664015 1.239923
6.169418 -53.76099 26.74289 6.438267 5.816645 3.823478 3.130935 1.10394 0.996353
6.169418 -55.76099 26.74289 5.089586 3.13186 3.070726 3.314095 1.887995 -0.485102
4.169418 -55.76099 26.74289 7.090865 6.683686 6.258908 6.128539 0.398459 0.392775
8.169418 -57.76099 26.74289 7.500915 3.045251 3.340252 6.863276 3.578005 2.574526
6.169418 -57.76099 26.74289 3.95422 1.188303 3.075201 3.551208 0.868507 -0.388098
10.16942 -59.76099 26.74289 3.692725 2.853252 2.375765 4.937829 0.460019 1.584763
8.169418 -59.76099 26.74289 3.466299 1.358899 1.927863 2.206059 0.029278 0.584247
-9.830582 -33.76099 28.74289 3.114189 3.225206 0.953391 0.536544 1.704764 2.359853
-11.83058 -33.76099 28.74289 0.192611 1.900542 1.887067 2.091444 1.587544 2.93818
-5.830582 -35.76099 28.74289 -2.606049 -4.16749 -4.145984 -4.741888 0.464031 0.259398
-7.830582 -35.76099 28.74289 0.172277 -0.670282 -3.249454 -2.574551 1.055632 1.788403
-9.830582 -35.76099 28.74289 1.043174 1.824495 -1.245576 -0.860794 0.305097 1.355758
-11.83058 -35.76099 28.74289 1.026039 2.00227 1.650132 0.990907 1.180461 2.119135
16.16942 -37.76099 28.74289 4.94227 6.989833 -0.79969 0.201547 2.543497 2.601351
14.16942 -37.76099 28.74289 3.390865 5.076572 0.958735 2.181736 1.617571 1.996218
0.169418 -37.76099 28.74289 0.108789 0.473563 2.196783 1.57822 0.36944 -0.201029
-1.830582 -37.76099 28.74289 3.368878 2.112435 2.964445 1.208022 0.170899 -0.037683
-3.830582 -37.76099 28.74289 2.575773 2.605226 1.35998 0.557761 0.413251 0.783925
-5.830582 -37.76099 28.74289 -0.591863 -0.036906 -1.098816 -1.503546 -0.125661 0.421238
-7.830582 -37.76099 28.74289 -1.621504 -0.478365 -1.729531 0.279229 -0.413588 1.25606
-9.830582 -37.76099 28.74289 -0.044321 0.241842 -2.63448 -1.55995 0.120578 1.388377
-11.83058 -37.76099 28.74289 1.921566 1.741721 -0.808742 -1.635808 0.739217 2.343959
-13.83058 -37.76099 28.74289 0.388354 0.817125 1.219536 0.630011 -0.569759 0.371447
14.16942 -39.76099 28.74289 4.309226 4.375328 6.01772 5.982986 0.439669 0.001133
0.169418 -39.76099 28.74289 -2.325924 -3.745973 -0.181324 -0.737185 1.146797 -1.543438
-1.830582 -39.76099 28.74289 1.296701 0.590348 -1.136418 -1.872601 1.654553 1.423774
14.16942 -41.76099 28.74289 2.21765 1.717987 4.186225 3.537796 0.050497 0.756757
12.16942 -41.76099 28.74289 4.808945 2.767923 5.814834 4.641919 0.39576 0.225357
0.169418 -41.76099 28.74289 -2.994411 -4.485332 -4.065114 -3.927914 0.696907 -1.499134
-1.830582 -41.76099 28.74289 -1.900637 -1.543963 -3.526236 -3.611941 2.031244 1.454881
-3.830582 -41.76099 28.74289 2.275442 2.603055 0.4732 -0.580203 1.55692 1.841745
12.16942 -43.76099 28.74289 4.721398 1.916651 3.488649 1.559427 2.144481 2.215375
10.16942 -43.76099 28.74289 5.250855 2.273189 2.759078 -0.050507 1.313524 0.894399
0.169418 -43.76099 28.74289 -0.257665 -2.518254 -2.983102 -3.128621 0.367075 -0.893691
-1.830582 -43.76099 28.74289 -0.938869 -1.545077 -4.256851 -4.389126 1.776248 1.613058
-3.830582 -43.76099 28.74289 2.521346 2.018551 -0.426 -0.555006 1.240679 2.590406
10.16942 -45.76099 28.74289 6.80644 6.447291 2.713649 0.271333 2.439689 3.706638
-1.830582 -45.76099 28.74289 2.177839 -0.836966 -3.609121 -5.023935 2.516644 1.541991
-3.830582 -45.76099 28.74289 4.291423 0.459993 -1.67207 -3.285468 0.312539 1.251546
-5.830582 -45.76099 28.74289 9.854561 8.045652 4.056361 2.249421 -0.139156 2.608426
-7.830582 -45.76099 28.74289 4.926466 4.891012 2.169126 -0.198455 -0.044721 2.19445
-9.830582 -45.76099 28.74289 -1.226949 0.36619 -0.172173 -0.359252 1.374875 2.884122
8.169418 -51.76099 28.74289 2.910486 3.129224 -0.674264 -1.205489 1.348198 0.876354
6.169418 -51.76099 28.74289 3.902713 5.102531 0.914865 -0.310116 1.576231 2.416023
10.16942 -53.76099 28.74289 2.527275 3.140637 4.657646 4.325428 1.886898 1.614429
8.169418 -53.76099 28.74289 7.729064 6.241832 5.174795 3.189378 2.063918 0.810922
6.169418 -53.76099 28.74289 12.64066 13.07924 11.21004 10.54018 3.315026 4.238256
10.16942 -55.76099 28.74289 2.278986 0.305838 3.979975 2.402105 -0.302147 -2.60067
8.169418 -55.76099 28.74289 6.894018 4.654345 6.169009 3.952828 1.279997 -1.314948
6.169418 -55.76099 28.74289 22.09163 19.21534 17.03107 14.66745 7.024508 7.636813
8.169418 -57.76099 28.74289 14.36496 11.45329 8.774043 8.263105 1.796385 -0.086822
6.169418 -57.76099 28.74289 32.73705 26.57481 19.90807 15.93163 8.936083 10.20304
8.169418 -59.76099 28.74289 11.20018 10.531 7.915754 9.655795 0.326576 2.537936
-3.830582 -35.76099 30.74289 2.303753 2.792438 1.267254 2.289268 2.994784 4.093448
-9.830582 -35.76099 30.74289 -0.793617 -0.335949 -0.9716 -0.758881 0.356819 0.261032
-11.83058 -35.76099 30.74289 0.380953 0.681414 1.587517 0.109998 1.22734 0.879429
0.169418 -37.76099 30.74289 0.78693 1.446871 1.146012 1.113067 0.666734 0.911701
-1.830582 -37.76099 30.74289 2.270494 3.034183 2.692146 1.097455 1.428051 1.329485
-3.830582 -37.76099 30.74289 0.498338 2.785435 1.244532 1.527908 0.758755 1.455086
-5.830582 -37.76099 30.74289 -3.426434 -1.28863 -2.780728 -2.218163 -1.03062 -0.95427
-7.830582 -37.76099 30.74289 -5.762603 -4.466775 -5.241787 -4.516914 0.105994 -0.4117
16.16942 -39.76099 30.74289 1.82334 0.709298 3.458278 4.063827 1.954114 2.169832
0.169418 -39.76099 30.74289 -0.706973 -3.809658 -0.519135 -2.158241 2.818326 1.027479
-1.830582 -39.76099 30.74289 0.728612 -0.075515 0.17324 -2.518793 3.345963 2.151665
-3.830582 -39.76099 30.74289 0.704204 0.522635 -0.733719 -2.407433 0.875729 -0.492584
-5.830582 -39.76099 30.74289 -3.433934 -2.880929 -4.417334 -3.916051 -2.431643 -4.123268
-7.830582 -39.76099 30.74289 -8.608494 -5.87185 -5.413726 -3.169056 -2.578208 -3.637409
-9.830582 -39.76099 30.74289 -3.955985 -2.09765 -5.222985 -4.075267 -0.361367 0.587207
-11.83058 -39.76099 30.74289 -1.996228 2.571583 -5.116187 -3.778309 0.538017 2.645308
14.16942 -41.76099 30.74289 1.866228 2.123617 2.816981 3.625994 0.934824 2.09325
12.16942 -41.76099 30.74289 2.949238 2.313078 4.44708 4.801788 1.46177 1.980211
0.169418 -41.76099 30.74289 -1.447041 -4.544685 -3.877249 -4.244497 0.752739 -0.515607
-1.830582 -41.76099 30.74289 -3.052593 -2.974109 -2.102599 -3.78201 2.237632 1.19568
-3.830582 -41.76099 30.74289 -1.172421 0.225858 -0.160511 -1.068735 0.363462 0.863421
-5.830582 -41.76099 30.74289 -1.398443 0.055647 0.276388 1.378217 -0.913567 -1.073973
-7.830582 -41.76099 30.74289 -4.412016 -3.581213 -0.461074 0.37668 -1.524639 -2.235319
-9.830582 -41.76099 30.74289 1.912202 2.285622 0.500099 -0.104183 -0.228175 1.129863
12.16942 -43.76099 30.74289 2.423518 0.627202 2.695013 2.575932 1.817938 1.648981
10.16942 -43.76099 30.74289 3.680352 0.64014 1.977054 0.555558 1.600839 0.798891
0.169418 -43.76099 30.74289 -2.623692 -5.135387 -5.668458 -4.911211 -2.972787 -3.940236
-1.830582 -43.76099 30.74289 -2.569441 -4.092429 -3.872196 -3.841928 -0.414697 -1.641087
10.16942 -45.76099 30.74289 1.439969 0.376742 -0.439914 -1.090017 2.71794 2.619823
16.16942 -39.76099 32.74289 1.452218 0.697571 5.412267 6.633822 2.097949 2.687243
-1.830582 -39.76099 32.74289 -1.221355 -3.151924 -0.589972 -2.054821 1.414316 0.901977
16.16942 -41.76099 32.74289 5.36984 4.508266 6.259248 6.15178 0.950391 0.757244
14.16942 -41.76099 32.74289 6.929824 6.88929 8.631408 9.317654 2.270811 2.813811
-1.830582 -41.76099 32.74289 -1.853509 -1.927696 -0.932171 -0.821017 -0.018416 1.331335
14.16942 -43.76099 32.74289 5.770798 4.865995 5.911397 5.225395 2.006388 1.350169
12.16942 -43.76099 32.74289 5.151796 2.758522 6.35304 6.765066 1.783017 1.075712
12.16942 -45.76099 32.74289 3.951906 1.175521 3.698074 4.710711 1.812034 1.800884
10.16942 -45.76099 32.74289 2.767313 -0.434088 3.293102 3.987849 2.698628 3.062723
14.16942 -43.76099 34.74289 6.290758 4.110719 7.34128 6.608771 2.420809 1.210172
12.16942 -43.76099 34.74289 6.172136 2.764115 7.705255 8.018404 2.680521 1.570496
12.16942 -45.76099 34.74289 7.685197 3.230609 10.6232 11.79841 3.901236 3.066293
