6.693054 -24.23605 -12.51892 0.955578 1.466258 0.730589 -0.06747 0.753275 1.152983
4.693054 -24.23605 -12.51892 0.142337 0.179429 -0.003842 -0.915552 0.226118 1.390318
4.693054 -10.23605 -10.51892 3.055303 2.461022 3.465775 3.774976 0.792052 -0.109514
2.693054 -10.23605 -10.51892 1.47586 0.990789 1.307839 0.929986 0.802369 -0.45473
4.693054 -12.23605 -10.51892 1.808674 2.268039 1.711192 3.12463 -1.406711 -0.617199
2.693054 -12.23605 -10.51892 1.898439 0.41964 2.426959 2.896537 -0.621755 -1.225206
-1.306946 -12.23605 -10.51892 1.318733 1.669346 -0.13218 0.454377 0.421229 2.218021
-3.306946 -12.23605 -10.51892 0.913678 2.981498 0.559276 1.408249 -0.010325 2.183752
4.693054 -14.23605 -10.51892 0.356121 1.145841 0.245271 1.356439 -1.978937 -1.108649
2.693054 -14.23605 -10.51892 1.843839 -0.151804 2.927823 3.490362 -1.394155 -2.129304
-1.306946 -14.23605 -10.51892 1.384391 1.194934 0.982931 -1.805938 2.185682 2.388583
4.693054 -16.23605 -10.51892 -0.744854 -0.195145 -0.203522 -1.471978 -0.242418 -0.753432
2.693054 -16.23605 -10.51892 1.115875 -0.216807 2.47402 1.977373 -0.440276 -1.899372
-1.306946 -16.23605 -10.51892 0.768551 1.953092 1.221879 -1.242973 2.536356 2.909886
4.693054 -18.23605 -10.51892 0.802751 0.082555 0.592464 -2.003425 1.166193 -0.313753
6.693054 -20.23605 -10.51892 0.624186 -2.22631 1.222717 -1.517729 0.988064 -2.404025
4.693054 -20.23605 -10.51892 -0.564626 -2.475876 1.770403 0.104616 0.832342 -1.00267
6.693054 -22.23605 -10.51892 -0.143409 -2.363524 1.13731 1.594147 1.102581 0.331605
4.693054 -22.23605 -10.51892 -1.65305 -3.754987 2.570255 2.067285 0.69827 -1.037423
6.693054 -24.23605 -10.51892 1.310824 0.624286 0.783372 1.400873 -0.262621 -0.032358
4.693054 -24.23605 -10.51892 0.353912 0.297736 1.227933 0.883655 -0.270801 -0.229966
6.693054 -26.23605 -10.51892 1.853357 0.879329 0.122791 -0.615626 -0.836594 -0.930285
4.693054 -26.23605 -10.51892 1.50122 1.734687 -0.145743 -0.847472 -0.61655 -0.795115
6.693054 -28.23605 -10.51892 -0.081639 -0.323046 -0.109312 0.437698 -0.849757 -0.22095
4.693054 -28.23605 -10.51892 0.898786 0.176425 -0.526627 -0.573541 -1.186262 -0.89088
6.693054 -30.23605 -10.51892 -1.64887 -0.419431 0.267896 0.373237 -0.099226 0.55256
4.693054 -30.23605 -10.51892 -2.684845 -0.676279 0.589138 0.896845 -0.678505 0.561673
6.693054 -32.23605 -10.51892 0.215718 -1.01976 0.598817 -0.846898 2.078016 -0.028109
4.693054 -32.23605 -10.51892 0.144632 -0.722875 0.315127 -0.454367 0.604525 -0.012059
-1.306946 -34.23605 -10.51892 1.054576 -0.228683 2.337126 -1.369559 0.762379 -1.489699
4.693054 -10.23605 -8.518921 1.788548 1.336548 0.546513 -0.305056 1.616807 -1.339005
-1.306946 -10.23605 -8.518921 -1.407336 -0.867157 -0.842882 1.490514 -0.837449 2.743431
-3.306946 -10.23605 -8.518921 1.715627 4.460956 -1.025544 -0.388643 -0.003847 4.262335
4.693054 -12.23605 -8.518921 1.649566 2.823205 1.435311 1.770303 0.60667 -0.471366
2.693054 -12.23605 -8.518921 -2.206813 -0.276252 -0.427366 -1.723459 -0.517186 0.139731
-1.306946 -12.23605 -8.518921 -1.496804 -1.218247 -0.470691 0.636809 -0.109003 1.684448
-3.306946 -12.23605 -8.518921 2.809994 3.768656 -0.057362 0.560767 1.460372 3.775603
4.693054 -14.23605 -8.518921 2.064338 2.521649 1.173584 1.06582 -0.151023 -0.844544
2.693054 -14.23605 -8.518921 0.675251 2.822842 -0.192718 1.030639 -0.415947 1.802988
-1.306946 -14.23605 -8.518921 -0.426974 -0.265159 0.434787 -0.369624 1.345847 1.599553
-3.306946 -14.23605 -8.518921 2.957114 1.708039 1.472704 1.364201 1.940543 1.401955
4.693054 -16.23605 -8.518921 0.524462 0.831207 -0.800257 -1.32911 -0.11061 0.118982
2.693054 -16.23605 -8.518921 2.02067 2.961936 -0.077315 1.887181 0.216948 2.356436
-1.306946 -16.23605 -8.518921 -0.304809 1.664159 -0.285886 -0.037688 2.384117 4.347168
-3.306946 -16.23605 -8.518921 1.008263 0.8679 1.717683 2.712719 1.431087 1.491348
4.693054 -18.23605 -8.518921 0.024677 -0.19023 -1.165847 -1.788216 -0.182707 0.350037
2.693054 -18.23605 -8.518921 0.681185 0.300024 0.518463 1.606186 0.640865 1.137518
-1.306946 -18.23605 -8.518921 0.030629 2.31865 0.264306 4.237982 0.913817 3.984437
4.693054 -20.23605 -8.518921 -2.203473 -3.205421 -0.614631 -0.464184 -1.641445 -1.476649
2.693054 -20.23605 -8.518921 -2.395201 -3.686189 2.436076 4.2919 -1.100152 -2.369025
-1.306946 -20.23605 -8.518921 -0.217122 1.555727 1.584379 5.226801 -0.523 1.658926
4.693054 -22.23605 -8.518921 -2.367023 -3.785845 0.467378 1.931968 -1.10375 -1.99299
2.693054 -22.23605 -8.518921 -1.412458 -3.546246 3.212008 5.019499 -0.099207 -2.22242
4.693054 -24.23605 -8.518921 -0.046033 -1.064361 1.23943 2.157874 0.235063 -1.279298
8.693054 -26.23605 -8.518921 1.145865 0.342098 0.842038 2.456529 0.312271 1.628478
6.693054 -26.23605 -8.518921 0.199335 0.340151 0.918371 1.027437 0.926701 1.019136
4.693054 -26.23605 -8.518921 0.99976 -0.275766 0.332355 -1.6376 1.017735 -0.714043
8.693054 -28.23605 -8.518921 0.358059 0.499456 -0.971781 -0.289291 -1.481146 0.641603
6.693054 -28.23605 -8.518921 0.988245 0.284476 0.21434 -0.136603 -0.018449 0.912857
4.693054 -28.23605 -8.518921 2.614234 0.363269 -0.238173 -1.908028 -0.445912 -1.648099
8.693054 -30.23605 -8.518921 -0.491332 -0.254871 -0.081871 1.005565 -1.22918 0.443476
4.693054 -30.23605 -8.518921 1.579607 0.396708 1.221473 1.249193 -0.679327 -0.49973
8.693054 -32.23605 -8.518921 -0.969396 -1.214312 0.57708 0.693301 -0.855837 -0.67509
6.693054 -32.23605 -8.518921 0.423195 -1.266298 0.057982 -1.988832 0.092824 -0.841475
4.693054 -32.23605 -8.518921 -0.347763 -1.442605 0.990648 -1.213737 0.069094 -0.878796
2.693054 -32.23605 -8.518921 -2.192536 -1.337127 0.737472 0.97448 -1.600468 -1.131068
0.693054 -32.23605 -8.518921 -2.827411 -1.49627 -0.25159 1.31222 -2.26225 -0.643918
-1.306946 -32.23605 -8.518921 -1.423236 -0.465473 0.914909 1.225148 -0.625218 0.354629
8.693054 -34.23605 -8.518921 0.259505 -0.151722 2.21069 2.657319 0.301598 0.36609
6.693054 -34.23605 -8.518921 0.033516 -0.942599 0.628701 -0.970262 0.547376 -0.26258
4.693054 -34.23605 -8.518921 0.481008 -0.380034 -0.292338 -2.368075 -0.320109 -1.1771
0.693054 -34.23605 -8.518921 -2.418312 -1.480038 -1.160515 1.199936 -1.944381 -0.712097
-1.306946 -34.23605 -8.518921 -1.362603 -0.840336 0.289411 0.576974 -1.113698 -0.783046
8.693054 -36.23605 -8.518921 -0.912894 -0.929332 2.254319 2.476748 0.545562 -0.062188
6.693054 -36.23605 -8.518921 -0.542331 -0.740628 0.648147 -0.431513 0.122562 -0.487535
0.693054 -36.23605 -8.518921 -0.063498 -0.143651 0.947573 2.011095 0.155397 0.151779
-3.306946 -10.23605 -6.518921 -1.785303 -1.188325 -1.002517 -1.463193 0.565993 2.64976
6.693054 -12.23605 -6.518921 -2.6868 -2.947336 1.184401 3.917388 1.457621 1.325085
4.693054 -12.23605 -6.518921 -1.776451 1.888682 -1.792865 -1.022384 1.542042 3.15116
2.693054 -12.23605 -6.518921 0.214932 2.205776 0.235619 0.785899 -1.035847 0.465881
-1.306946 -12.23605 -6.518921 -0.249435 -0.661595 -1.465214 -0.947676 2.726279 2.448926
-3.306946 -12.23605 -6.518921 0.99856 -0.927413 -0.296918 -1.550344 1.87372 1.134106
6.693054 -14.23605 -6.518921 -0.502636 -3.141798 3.316744 3.552903 0.022167 -2.162424
4.693054 -14.23605 -6.518921 1.265761 0.404056 1.452557 0.195347 1.121796 -0.73678
-1.306946 -14.23605 -6.518921 -0.587927 0.014868 -1.112373 -1.077292 1.224352 0.256309
-3.306946 -14.23605 -6.518921 1.901847 -1.025598 -0.047562 -1.60228 1.254928 -1.255968
6.693054 -16.23605 -6.518921 -1.865785 -1.900656 0.891199 1.611937 -1.751468 -1.222226
4.693054 -16.23605 -6.518921 0.195749 -0.379131 -0.292961 -0.837399 -0.557389 -0.470555
-1.306946 -16.23605 -6.518921 -1.996987 0.7472 -1.195739 -0.256482 -0.199221 1.573135
-3.306946 -16.23605 -6.518921 -0.747743 -0.450821 -0.165189 0.337963 -0.415999 -1.016167
6.693054 -18.23605 -6.518921 0.292835 1.239032 1.495168 4.693455 -0.543798 1.093552
4.693054 -18.23605 -6.518921 0.959659 1.576961 0.066279 0.838961 0.513368 2.369315
-3.306946 -18.23605 -6.518921 0.513875 0.031987 1.398346 2.244541 -0.925155 -1.121787
6.693054 -20.23605 -6.518921 2.394234 1.091793 2.736542 4.649998 0.734115 0.615207
4.693054 -20.23605 -6.518921 -0.310594 0.139931 0.594763 3.035298 -0.31112 1.430039
-1.306946 -20.23605 -6.518921 -1.184098 0.740965 1.200167 4.245078 -0.68957 -0.267691
-3.306946 -20.23605 -6.518921 0.715314 -0.576983 1.717839 0.392194 0.108079 -1.084477
6.693054 -22.23605 -6.518921 1.455467 -1.179161 2.084636 2.461689 1.025609 -0.805649
4.693054 -22.23605 -6.518921 -1.275234 -1.259662 0.575618 4.397664 -0.368035 0.453228
2.693054 -22.23605 -6.518921 1.206382 1.597855 1.152297 3.562681 0.010422 0.039456
-1.306946 -22.23605 -6.518921 -2.62692 0.715646 0.926529 5.383146 -0.855234 1.724857
-3.306946 -22.23605 -6.518921 -0.088406 0.575097 1.569524 1.354519 0.058166 0.230571
4.693054 -24.23605 -6.518921 1.062159 0.690501 1.355888 4.659349 0.957857 0.614597
-1.306946 -24.23605 -6.518921 -2.801688 0.470693 1.142245 7.740335 -1.113033 3.131917
6.693054 -26.23605 -6.518921 0.939191 1.696649 1.551256 3.244983 2.631347 3.113945
4.693054 -26.23605 -6.518921 3.647915 2.616131 1.43298 1.690872 1.937253 0.988176
6.693054 -28.23605 -6.518921 1.965979 0.895959 1.229786 0.243966 2.037806 1.976761
4.693054 -28.23605 -6.518921 4.263305 1.718374 0.680962 -1.178246 1.35134 -0.540172
6.693054 -30.23605 -6.518921 2.215343 0.170793 2.429734 1.297732 0.492412 -0.687461
4.693054 -30.23605 -6.518921 2.905219 0.179523 2.55969 0.274042 2.107451 -0.398586
6.693054 -32.23605 -6.518921 2.869045 0.406233 2.204386 0.375598 -0.225166 -1.852228
4.693054 -32.23605 -6.518921 1.567997 -0.659736 3.168171 0.360435 2.085927 0.004653
2.693054 -32.23605 -6.518921 -0.572356 -0.448336 1.485339 2.379394 0.012973 0.162031
0.693054 -32.23605 -6.518921 -0.987975 -1.729321 0.948192 2.510043 -0.847992 -0.456463
8.693054 -34.23605 -6.518921 0.366259 0.167199 1.828534 1.77469 0.030874 -0.601716
6.693054 -34.23605 -6.518921 1.21475 -0.407856 1.874289 0.157998 0.421629 -0.918608
4.693054 -34.23605 -6.518921 1.052276 -1.555947 1.840982 -0.910477 0.499919 -0.985966
2.693054 -34.23605 -6.518921 -0.3855 -1.342734 -0.534498 -1.313497 -1.152556 -0.806452
0.693054 -34.23605 -6.518921 -1.247439 -2.748164 -0.124518 0.845198 -0.91372 -0.474965
-1.306946 -34.23605 -6.518921 -1.766216 -2.639678 -0.483987 -0.069451 -0.065083 -0.146019
-3.306946 -34.23605 -6.518921 0.840092 -1.014737 -0.100562 -2.886887 -0.452814 -2.381659
8.693054 -36.23605 -6.518921 -0.231859 -0.916819 3.325524 1.75365 0.770715 -0.398081
6.693054 -36.23605 -6.518921 -0.321852 -2.449898 2.310466 -1.110513 0.789239 -1.528924
4.693054 -36.23605 -6.518921 0.157119 -1.861418 1.681376 -0.262166 -0.084163 -0.989314
0.693054 -36.23605 -6.518921 1.546198 -1.718183 1.993534 2.113817 0.610123 -0.681591
-1.306946 -36.23605 -6.518921 -0.330838 -2.596798 0.701964 -0.273917 -1.058981 -2.97435
10.69305 -38.23605 -6.518921 -0.614443 -1.886418 1.856749 0.470662 0.322502 -0.584558
8.693054 -38.23605 -6.518921 -1.08178 -2.765412 1.799889 -0.170052 0.893796 -0.19425
6.693054 -38.23605 -6.518921 -0.975695 -2.772304 1.804057 0.259144 0.200539 -0.962633
8.693054 -40.23605 -6.518921 0.462808 -0.975122 0.426073 -0.900325 0.133882 -1.498043
6.693054 -40.23605 -6.518921 -1.463118 -2.290216 -0.209523 0.430305 -1.757265 -2.270087
8.693054 -42.23605 -6.518921 0.502767 0.691759 0.338853 -0.229069 -0.679224 -1.027821
6.693054 -12.23605 -4.518921 2.339437 -0.383211 0.977209 1.883042 1.084166 1.775185
6.693054 -16.23605 -4.518921 0.786138 -0.278375 3.342892 1.597919 1.012027 -0.334996
-3.306946 -16.23605 -4.518921 0.64317 0.085286 -1.161021 -0.874207 -0.096887 -0.124698
6.693054 -18.23605 -4.518921 -0.570659 1.530871 1.533139 2.286336 1.844977 2.639368
-3.306946 -18.23605 -4.518921 0.990342 -1.355924 0.599721 2.338409 -1.016335 -1.831532
-3.306946 -20.23605 -4.518921 -0.239738 -3.682632 0.722646 1.619988 -1.074485 -2.566276
-5.306946 -20.23605 -4.518921 1.860435 -2.100756 0.661264 0.929664 -1.436055 -3.563973
8.693054 -22.23605 -4.518921 -0.582652 -0.254942 1.24665 4.017184 0.751352 3.598053
6.693054 -22.23605 -4.518921 2.115572 1.144951 0.822436 0.4125 1.100838 1.700396
4.693054 -22.23605 -4.518921 1.822837 0.550503 1.187019 0.045187 1.398163 -0.079971
-3.306946 -22.23605 -4.518921 -0.707798 -2.576029 1.143633 2.718812 -1.70595 -1.707407
-5.306946 -22.23605 -4.518921 0.7794 -2.803406 0.149202 -0.192083 -1.475201 -3.559993
8.693054 -24.23605 -4.518921 0.229186 0.156496 0.996918 4.671242 0.31963 2.099427
6.693054 -24.23605 -4.518921 3.000137 1.419281 1.962501 3.181502 1.896059 1.590552
4.693054 -24.23605 -4.518921 3.379399 1.567447 1.440627 1.887336 2.044652 0.16356
-3.306946 -24.23605 -4.518921 0.433696 0.482873 0.863349 3.159408 -1.377621 -0.318529
6.693054 -26.23605 -4.518921 2.489982 0.840404 1.774969 3.72095 1.705825 0.992918
4.693054 -26.23605 -4.518921 3.546912 1.496818 1.052753 1.62696 1.875584 0.226278
-1.306946 -26.23605 -4.518921 -0.423025 -2.404919 2.478376 4.192133 1.403168 -1.492813
-3.306946 -26.23605 -4.518921 2.971488 3.071425 0.265549 1.458731 0.098192 0.830391
8.693054 -28.23605 -4.518921 0.850908 -0.359778 1.789892 3.988373 1.451909 1.60326
6.693054 -28.23605 -4.518921 1.610987 -1.786052 2.489515 0.800981 1.784123 -0.358107
4.693054 -28.23605 -4.518921 1.457606 -1.913458 1.606341 0.287972 0.904157 -1.71232
0.693054 -28.23605 -4.518921 0.787175 -1.720168 4.83163 3.351385 1.632486 -3.622204
-1.306946 -28.23605 -4.518921 3.079591 -0.31697 3.749895 1.669557 2.559986 -2.538858
8.693054 -30.23605 -4.518921 -0.546901 -2.028023 2.436227 1.570982 0.861693 -0.852104
6.693054 -30.23605 -4.518921 1.69429 -2.311161 4.273123 1.484051 1.123716 -2.435682
4.693054 -30.23605 -4.518921 0.386734 -4.117091 3.3529 0.607149 1.292744 -2.993339
0.693054 -30.23605 -4.518921 0.369145 -1.806948 5.422071 4.60496 1.061463 -4.966024
8.693054 -32.23605 -4.518921 0.891616 -2.686724 3.109339 0.090279 0.151292 -5.423577
6.693054 -32.23605 -4.518921 2.223725 -1.722284 4.132182 1.245672 0.648033 -4.110958
4.693054 -32.23605 -4.518921 1.350182 -1.683946 3.432397 1.927383 1.668898 -1.592813
2.693054 -32.23605 -4.518921 -1.167948 -1.184347 1.491831 4.128557 0.13933 -0.553427
0.693054 -32.23605 -4.518921 -1.865109 -0.80731 1.317272 3.525116 -0.478228 -1.191648
6.693054 -34.23605 -4.518921 1.597812 -0.853572 3.465708 1.779138 1.654144 -1.615746
4.693054 -34.23605 -4.518921 1.063956 -0.55617 3.073483 2.681813 1.499501 0.747434
0.693054 -34.23605 -4.518921 -0.649521 -1.118871 0.997683 1.615753 0.260055 0.446755
-1.306946 -34.23605 -4.518921 -2.032465 -1.667342 0.4961 0.266413 0.337032 0.521095
6.693054 -36.23605 -4.518921 1.156082 -0.406987 3.616427 2.639006 1.814356 0.540454
0.693054 -36.23605 -4.518921 0.728622 -1.455256 1.59492 1.407425 0.584496 -0.74655
-1.306946 -36.23605 -4.518921 -1.63351 -3.530281 1.515312 -0.155254 0.520356 -1.757046
6.693054 -38.23605 -4.518921 0.283037 0.079892 2.984171 3.524053 0.939793 1.81031
8.693054 -40.23605 -4.518921 1.266484 0.473071 1.47452 1.042235 0.715638 0.198418
6.693054 -40.23605 -4.518921 0.246079 1.108749 0.798475 2.291953 -0.571216 0.009242
8.693054 -42.23605 -4.518921 -0.270233 -0.184846 1.317086 0.894186 -0.208537 -0.847064
10.69305 -22.23605 -2.518921 2.479651 2.837462 0.095384 2.516605 0.548276 2.233991
8.693054 -22.23605 -2.518921 2.976095 2.133031 1.966421 3.855906 3.199736 5.900806
-5.306946 -22.23605 -2.518921 2.177045 -2.222018 1.497004 0.086095 0.296009 -3.955711
10.69305 -24.23605 -2.518921 2.899722 4.216222 3.502751 6.005639 -0.462787 0.326127
8.693054 -24.23605 -2.518921 3.149728 1.705065 2.498131 3.597459 2.271703 3.308853
-1.306946 -24.23605 -2.518921 -3.151907 -1.618739 0.301442 3.587041 -1.241195 0.377103
-3.306946 -24.23605 -2.518921 -1.771799 -1.389882 0.489667 3.707702 -2.097894 -1.332441
-5.306946 -24.23605 -2.518921 2.16292 -1.581262 1.824254 0.959851 -0.353858 -4.083468
10.69305 -26.23605 -2.518921 2.478222 3.547042 3.655946 5.64369 -0.147322 -0.260631
8.693054 -26.23605 -2.518921 2.100516 -0.539479 2.349665 3.254039 0.771728 -0.695227
6.693054 -26.23605 -2.518921 1.508137 -1.824921 1.115605 2.278267 -0.946892 -2.985134
4.693054 -26.23605 -2.518921 -0.014219 -1.843467 0.873989 1.843763 0.354467 -1.863038
-1.306946 -26.23605 -2.518921 -2.83932 -0.934718 -0.412989 2.595837 -0.117531 0.963054
-5.306946 -26.23605 -2.518921 0.380491 -0.875494 1.949345 3.358649 -0.869481 -2.175441
6.693054 -28.23605 -2.518921 0.049676 -3.83441 2.104887 2.193254 -1.478141 -3.741699
4.693054 -28.23605 -2.518921 -2.280023 -4.121834 1.853866 2.724735 -2.467847 -4.495397
-1.306946 -28.23605 -2.518921 -0.905541 -0.728909 1.357242 3.254072 0.959031 1.323723
-3.306946 -28.23605 -2.518921 -0.421907 0.030091 0.546146 2.943561 0.076803 1.112421
-5.306946 -28.23605 -2.518921 -1.50712 -0.611045 1.033611 3.892022 -0.509156 0.641166
8.693054 -30.23605 -2.518921 -0.82097 -0.854005 1.944957 3.581342 0.996899 0.686337
6.693054 -30.23605 -2.518921 -0.564851 -1.628564 1.814924 2.030808 -1.49966 -2.152592
4.693054 -30.23605 -2.518921 -3.362788 -4.842238 2.144785 1.761822 -2.456087 -3.464503
0.693054 -30.23605 -2.518921 -2.701798 -1.495283 1.423775 3.366093 0.191419 -0.482498
-1.306946 -30.23605 -2.518921 0.514252 0.86598 2.70799 5.453593 0.150233 0.969912
-3.306946 -30.23605 -2.518921 1.391128 1.198891 2.067687 3.756607 0.633647 1.86089
8.693054 -32.23605 -2.518921 -2.216182 -1.314752 0.530987 1.280762 -0.914448 -1.364164
6.693054 -32.23605 -2.518921 -1.638009 -0.965178 0.801825 1.843742 -1.655278 -1.664742
0.693054 -32.23605 -2.518921 -2.990261 -1.098093 -0.118323 3.084382 -1.945275 -1.239015
-1.306946 -32.23605 -2.518921 1.116722 1.623126 2.635642 6.09046 -1.721666 -0.547984
10.69305 -34.23605 -2.518921 0.227341 -0.604831 0.405015 -1.092515 -0.514508 -1.566479
8.693054 -34.23605 -2.518921 0.070352 -0.448525 0.54974 0.952048 -0.410291 -1.340712
6.693054 -34.23605 -2.518921 -0.609055 -1.636662 1.697012 1.803021 -0.954633 -2.571135
0.693054 -34.23605 -2.518921 -1.084374 -0.828688 -0.080856 2.006971 -1.519284 -0.835307
-1.306946 -34.23605 -2.518921 0.325731 -0.736587 2.342326 4.594748 -1.647701 -1.519645
10.69305 -36.23605 -2.518921 2.706315 -0.663752 1.722842 -0.735162 0.67468 -2.13547
8.693054 -36.23605 -2.518921 1.860507 -0.983138 2.39029 1.75288 0.258606 -2.338854
6.693054 -36.23605 -2.518921 2.30319 0.131727 3.197916 2.989723 0.582418 -1.019452
-3.306946 -36.23605 -2.518921 -0.527061 -1.840158 1.614054 0.70924 1.149547 -0.925
8.693054 -38.23605 -2.518921 1.355842 -0.825335 1.881108 0.927963 0.807184 -1.374293
6.693054 -38.23605 -2.518921 1.969454 0.821892 3.729991 5.137481 1.566566 0.994895
-3.306946 -38.23605 -2.518921 0.256449 -1.476933 0.841935 -1.631445 1.303402 -1.09749
10.69305 -40.23605 -2.518921 1.773272 -0.783794 1.386056 -1.282547 2.264197 0.71493
8.693054 -40.23605 -2.518921 1.895254 0.352769 0.7602 -0.047373 1.327759 0.068145
6.693054 -40.23605 -2.518921 1.473835 3.394681 1.482514 3.736014 0.897234 2.056687
-1.306946 -40.23605 -2.518921 -2.002436 -1.976418 0.07353 -0.740801 -0.428778 -0.792597
-3.306946 -40.23605 -2.518921 -1.286956 -1.984377 0.137507 -1.562164 1.108882 0.102187
10.69305 -42.23605 -2.518921 1.63006 -0.775286 1.811623 -0.179163 0.322648 -0.041829
8.693054 -42.23605 -2.518921 0.673989 1.472437 -0.166654 0.606851 -0.773844 0.233828
-1.306946 -42.23605 -2.518921 -1.18158 -1.981562 -0.291364 -1.040775 0.133872 -0.3395
12.69305 -22.23605 -0.518921 0.21488 -0.071829 0.247505 4.421587 -4.36496 -2.715525
10.69305 -22.23605 -0.518921 1.462852 -0.060159 0.156942 2.680959 -2.00802 -1.099201
12.69305 -24.23605 -0.518921 1.34478 -0.185105 0.788254 2.508713 -2.599213 -3.083602
10.69305 -24.23605 -0.518921 0.426982 -0.753236 1.517451 2.998612 -1.809618 -1.998357
8.693054 -24.23605 -0.518921 -0.114066 0.051224 0.366752 0.450122 -0.70615 0.076594
6.693054 -24.23605 -0.518921 2.872667 1.255732 1.303143 1.207073 0.269163 -1.584424
12.69305 -26.23605 -0.518921 1.400654 -0.325323 1.204886 0.836549 0.272051 -1.183632
10.69305 -26.23605 -0.518921 0.172925 -0.937671 0.299817 -0.054245 -0.586633 -1.845784
6.693054 -26.23605 -0.518921 1.31222 -0.510439 1.393216 3.563173 -0.231913 -1.674889
0.693054 -26.23605 -0.518921 1.383803 1.526897 0.559593 -0.100701 0.355035 -0.602002
-1.306946 -26.23605 -0.518921 0.335483 -0.074114 0.233798 -0.70388 -1.284112 -2.776292
-3.306946 -26.23605 -0.518921 -3.55499 -3.732274 1.65704 2.222632 -1.186072 -3.409852
-5.306946 -26.23605 -0.518921 -0.58312 -2.595422 2.840117 3.094026 0.425636 -2.066865
12.69305 -28.23605 -0.518921 -0.618944 0.020521 0.213761 1.553391 -1.069632 -0.581671
10.69305 -28.23605 -0.518921 -0.04497 -0.495274 -0.310156 1.200135 -0.648686 -0.963889
8.693054 -28.23605 -0.518921 -0.86272 -0.837099 -0.649725 2.078597 0.532741 1.306054
6.693054 -28.23605 -0.518921 0.305793 -1.51574 1.111165 3.820634 -0.382321 -1.259624
0.693054 -28.23605 -0.518921 0.102742 0.193591 0.540063 0.431128 0.740362 -0.014649
-1.306946 -28.23605 -0.518921 -0.926657 -2.416307 1.210824 0.553616 0.359344 -1.700841
-3.306946 -28.23605 -0.518921 -2.207391 -3.732167 2.310874 1.583485 1.126689 -1.709922
-5.306946 -28.23605 -0.518921 -1.32794 -4.364929 2.916307 1.594334 1.009087 -1.875501
8.693054 -30.23605 -0.518921 -0.440936 -0.155517 -0.435444 1.592966 0.625437 1.373662
6.693054 -30.23605 -0.518921 0.285776 -0.896192 -0.420695 0.463018 -1.598344 -2.321141
4.693054 -30.23605 -0.518921 -2.402321 -2.347889 -0.227397 -0.818123 -2.103478 -1.492401
-1.306946 -30.23605 -0.518921 0.062493 -3.046783 2.986475 2.559428 1.3751 -1.783974
-3.306946 -30.23605 -0.518921 0.375981 -3.008685 3.189991 0.739636 2.127641 -1.676228
-5.306946 -30.23605 -0.518921 0.055038 -3.947129 1.989795 -1.108498 1.065813 -2.302511
6.693054 -32.23605 -0.518921 -1.421931 -2.023386 -1.055232 -0.316456 -2.528992 -2.791486
4.693054 -32.23605 -0.518921 -0.797246 -2.957865 1.474868 -0.44663 -1.044165 -3.080845
0.693054 -32.23605 -0.518921 -0.759102 -2.025004 -0.458942 -0.296317 0.478125 -1.624811
-1.306946 -32.23605 -0.518921 1.987852 -1.403229 3.818873 4.039028 0.134642 -2.689361
-3.306946 -32.23605 -0.518921 1.924524 -1.263812 3.639849 1.685038 1.499713 -1.412986
10.69305 -34.23605 -0.518921 -1.55194 -0.397158 -1.060725 0.366922 -3.211512 -1.929124
8.693054 -34.23605 -0.518921 -3.451575 -3.293696 -0.790734 1.737616 -3.142874 -3.079823
6.693054 -34.23605 -0.518921 -2.106164 -3.756751 0.279004 0.69683 -2.749443 -5.00587
0.693054 -34.23605 -0.518921 -1.474987 -3.06041 -0.045675 0.286722 -0.669457 -1.91192
-1.306946 -34.23605 -0.518921 1.496226 -1.034727 3.012342 4.257536 -1.272173 -2.6227
10.69305 -36.23605 -0.518921 0.949731 -1.562608 0.127674 -1.541463 -2.318965 -4.567557
8.693054 -36.23605 -0.518921 -0.761051 -3.901799 1.581134 0.821346 -2.844847 -6.168446
0.693054 -36.23605 -0.518921 -2.245926 -2.973082 0.602322 1.250539 -1.496343 -1.907865
-1.306946 -36.23605 -0.518921 0.420928 -0.673064 1.487273 1.45992 -0.389365 -1.057374
-3.306946 -36.23605 -0.518921 -0.800398 -0.710112 0.529801 0.637736 0.510082 0.554784
12.69305 -38.23605 -0.518921 0.628009 -3.582725 2.382606 -0.583614 -0.86338 -4.572785
10.69305 -38.23605 -0.518921 2.723178 -0.356449 2.452702 1.435682 -1.678749 -4.240125
2.693054 -38.23605 -0.518921 -1.826624 0.19488 -0.180893 2.817979 -1.188332 0.21873
0.693054 -38.23605 -0.518921 -2.634974 -2.335806 0.00876 1.443891 -1.360095 -0.422442
-1.306946 -38.23605 -0.518921 -1.387464 -2.29935 -1.135603 -2.411492 -1.171572 -1.617524
-3.306946 -38.23605 -0.518921 0.002216 -1.931625 -0.427179 -2.208572 -0.295958 -1.637037
12.69305 -40.23605 -0.518921 3.028248 -3.12065 3.778027 0.071423 -0.268381 -6.006197
10.69305 -40.23605 -0.518921 2.302542 -0.357365 2.090942 0.763574 -0.161559 -2.350045
2.693054 -40.23605 -0.518921 -2.262401 2.410915 -2.624168 0.224857 0.181714 3.792352
0.693054 -40.23605 -0.518921 -3.377698 -0.380657 -2.807876 -0.412499 -2.061241 0.677489
-1.306946 -40.23605 -0.518921 -2.144564 -1.044227 -1.721959 -0.944056 -1.768158 -0.366945
-3.306946 -40.23605 -0.518921 0.606243 -0.824295 0.352318 -0.422921 0.267881 -0.487131
12.69305 -42.23605 -0.518921 5.25208 -2.971741 6.314547 -0.299958 1.722098 -7.2628
10.69305 -42.23605 -0.518921 2.531137 -0.995801 1.985886 -0.891079 1.119951 -2.20583
0.693054 -42.23605 -0.518921 -2.831066 -1.022702 -1.625274 -0.137241 -0.690242 1.652346
-1.306946 -42.23605 -0.518921 -0.258865 -1.423728 -0.506373 -0.715052 -0.25829 -0.646763
10.69305 -44.23605 -0.518921 3.983535 -1.391953 4.771995 1.176704 2.25668 -3.279661
8.693054 -22.23605 1.481079 0.206035 -0.476244 1.423556 1.132934 -1.058911 -1.384069
12.69305 -24.23605 1.481079 -2.203409 -1.623921 0.422339 0.991545 -1.880553 -2.744195
10.69305 -24.23605 1.481079 -2.636365 -2.288634 1.246317 3.005492 -1.564992 -1.027411
6.693054 -24.23605 1.481079 0.777139 -0.480732 0.891711 -0.166728 -0.621878 -1.815703
4.693054 -24.23605 1.481079 3.551896 0.736657 0.447843 -1.207584 0.122569 -2.518589
-3.306946 -24.23605 1.481079 -1.679547 -2.137315 1.849366 2.144329 -0.369181 -1.4665
-5.306946 -24.23605 1.481079 -0.125312 -0.652083 0.985374 0.899318 -0.676416 -1.719381
12.69305 -26.23605 1.481079 0.059365 0.789101 -0.040667 0.336663 0.286876 -0.405714
10.69305 -26.23605 1.481079 0.467441 0.208102 -0.181295 0.349502 1.467284 1.191343
8.693054 -26.23605 1.481079 -1.385337 0.096406 -0.941601 1.428355 0.386297 2.655762
6.693054 -26.23605 1.481079 -0.779256 -1.002708 -0.027928 1.442502 -0.431462 0.214561
4.693054 -26.23605 1.481079 3.834404 1.049915 0.40751 -0.892184 1.085258 -1.136996
0.693054 -26.23605 1.481079 0.939684 0.368982 0.427794 1.364239 -0.362493 -0.841519
-1.306946 -26.23605 1.481079 0.084009 -0.434368 -0.053251 1.09227 -0.967019 -0.355846
12.69305 -28.23605 1.481079 0.673487 1.331797 1.255298 3.829711 -0.588174 -1.013665
6.693054 -28.23605 1.481079 -0.24394 -0.923079 0.913383 1.730615 0.931302 1.024951
0.693054 -28.23605 1.481079 -0.712017 -1.809362 1.758501 1.770231 0.187269 -2.348827
12.69305 -30.23605 1.481079 0.574219 0.848387 1.118005 3.264343 -1.311263 -2.732653
10.69305 -30.23605 1.481079 -1.229305 1.620055 -0.416818 2.879083 -0.860158 1.076122
8.693054 -30.23605 1.481079 -0.979746 1.143782 -1.150486 1.162509 0.477369 2.772282
6.693054 -30.23605 1.481079 1.278621 -1.251892 1.772308 0.090508 1.085644 -0.828785
0.693054 -30.23605 1.481079 -0.633813 -4.36836 1.748986 -1.277525 2.200981 -4.060573
-1.306946 -30.23605 1.481079 -0.398215 -4.03889 1.447515 -1.18199 2.644912 -2.507318
-3.306946 -30.23605 1.481079 -0.472826 -2.817303 1.61672 -0.092097 3.05229 0.182044
-5.306946 -30.23605 1.481079 -0.152385 -3.917906 2.344782 -0.354184 2.245419 -1.327981
10.69305 -32.23605 1.481079 -2.731529 0.789204 -1.163459 0.799588 -3.112864 -0.844471
8.693054 -32.23605 1.481079 -1.636124 1.324733 -0.896959 1.969242 -1.331062 1.245074
6.693054 -32.23605 1.481079 1.930637 0.857593 1.857375 1.925238 1.027513 -0.079333
4.693054 -32.23605 1.481079 2.21573 1.207766 2.192677 0.363779 1.604729 0.915276
-1.306946 -32.23605 1.481079 1.082726 -3.750114 2.508929 -2.01885 2.039304 -4.295958
-3.306946 -32.23605 1.481079 0.874605 -2.648167 2.778895 -0.504224 1.418886 -2.73889
-5.306946 -32.23605 1.481079 -0.069988 -2.480397 2.681526 0.992495 1.505236 -1.945488
6.693054 -34.23605 1.481079 1.3777 2.080871 2.191023 4.431619 0.081536 -1.236465
4.693054 -34.23605 1.481079 2.718089 2.228107 2.320371 2.703971 1.200331 0.341578
0.693054 -34.23605 1.481079 1.356813 -1.515316 1.08683 -2.639287 1.302396 -3.016439
-1.306946 -34.23605 1.481079 1.445034 -1.845842 2.047578 -1.570685 -0.47676 -4.88024
-3.306946 -34.23605 1.481079 0.917255 -0.94955 1.842926 0.22108 -1.231231 -3.847451
10.69305 -36.23605 1.481079 3.141524 0.111743 0.828688 0.182549 -0.428816 -2.998974
8.693054 -36.23605 1.481079 2.586401 0.131515 2.253207 0.641122 -0.687027 -4.04535
6.693054 -36.23605 1.481079 2.619622 2.304493 3.57809 4.917498 -0.153501 -1.042159
2.693054 -36.23605 1.481079 2.66193 0.595474 2.348588 1.200813 -1.675879 -3.712703
0.693054 -36.23605 1.481079 2.18172 1.001029 2.104706 0.423055 -0.78101 -2.692847
12.69305 -38.23605 1.481079 2.610101 -2.137913 2.45648 -0.972575 0.162817 -4.455191
10.69305 -38.23605 1.481079 2.80789 -1.412535 3.0286 0.90769 -0.839362 -5.213987
8.693054 -38.23605 1.481079 0.330366 -0.694139 2.147769 2.077832 -1.700405 -3.370563
6.693054 -38.23605 1.481079 -0.676701 -0.166976 2.61147 4.558199 -1.099529 -1.4981
2.693054 -38.23605 1.481079 0.534786 1.111731 0.560091 1.642971 -1.772907 -2.184475
0.693054 -38.23605 1.481079 -0.739744 -0.301481 0.434101 0.933463 -1.488643 -1.18601
12.69305 -40.23605 1.481079 1.719691 -1.090505 1.927553 0.203418 -0.942594 -3.326213
10.69305 -40.23605 1.481079 0.755536 -2.526604 2.173251 -0.61131 -2.425689 -6.220017
8.693054 -40.23605 1.481079 0.208319 -1.285159 2.615761 1.805811 -2.293116 -4.478682
2.693054 -40.23605 1.481079 -0.172054 2.140911 -1.467984 0.052261 0.009632 1.718085
0.693054 -40.23605 1.481079 -1.02211 1.095328 -1.912217 0.865604 -1.072555 1.261901
-3.306946 -40.23605 1.481079 0.767415 -0.922073 0.581317 0.500633 -0.61303 -1.685785
14.69305 -42.23605 1.481079 3.294869 -1.605615 6.013211 2.784949 -0.536174 -4.708479
12.69305 -42.23605 1.481079 4.117734 -1.435739 6.102777 2.445688 -0.870517 -6.305784
10.69305 -42.23605 1.481079 1.679878 -2.579664 4.192943 2.151715 -0.432456 -4.583496
8.693054 -42.23605 1.481079 -0.352992 -3.637604 3.248225 3.491895 -0.710074 -2.692352
2.693054 -42.23605 1.481079 -2.045412 -0.777177 -0.607132 0.691105 0.589756 1.161196
0.693054 -42.23605 1.481079 -1.346362 -0.778517 -0.987153 -1.386541 0.419235 1.167662
-1.306946 -42.23605 1.481079 2.036438 -0.546165 0.944466 -0.463465 -0.147026 -2.031969
-3.306946 -42.23605 1.481079 0.6957 -0.131181 1.101962 1.825652 0.436092 0.544593
14.69305 -44.23605 1.481079 1.10405 -1.751686 3.534749 1.463267 0.074339 -2.751122
12.69305 -44.23605 1.481079 3.516563 -1.489061 5.131758 1.615261 0.184108 -4.68292
10.69305 -44.23605 1.481079 3.714571 -4.112532 4.930631 1.624892 -0.195797 -6.731514
2.693054 -44.23605 1.481079 -2.470595 -3.352969 0.626064 1.675576 0.80956 0.240159
0.693054 -44.23605 1.481079 -0.769291 -3.363359 0.418056 -0.920105 0.289441 -1.663678
-1.306946 -44.23605 1.481079 1.956977 -2.915423 2.471858 -0.08443 0.630495 -2.82349
14.69305 -46.23605 1.481079 1.322404 2.276812 -1.194554 -0.319835 1.531747 3.637555
12.69305 -46.23605 1.481079 2.08588 2.742069 -1.556663 -1.065876 0.930637 3.213137
0.693054 -46.23605 1.481079 -0.649199 -2.837602 1.553718 0.448988 -0.468737 -1.947659
-1.306946 -46.23605 1.481079 0.169184 -3.368842 3.572477 1.627831 0.259016 -2.387282
-7.306946 -20.23605 3.481079 0.025834 0.451586 -0.950408 -1.075568 0.450658 -0.203333
10.69305 -22.23605 3.481079 -1.572401 -2.320917 1.440031 2.120453 -0.230003 -0.723623
8.693054 -22.23605 3.481079 0.190802 -0.618276 1.091576 1.729257 1.123856 0.083541
-7.306946 -22.23605 3.481079 -1.506158 -2.351571 0.046077 0.262711 -0.082794 -1.442575
8.693054 -24.23605 3.481079 -0.659388 -0.1008 0.892698 2.708183 1.003192 1.632461
6.693054 -24.23605 3.481079 1.64486 -0.147369 2.517488 1.658149 1.127362 -1.179587
4.693054 -24.23605 3.481079 2.789364 1.330683 2.062407 1.266229 0.957192 0.006194
-1.306946 -24.23605 3.481079 -2.703262 -2.854789 1.68007 1.063082 -0.282348 -0.835623
-3.306946 -24.23605 3.481079 -3.726175 -4.239017 1.505409 0.885639 0.168715 -1.712396
-5.306946 -24.23605 3.481079 0.113117 -1.992481 0.597673 -1.852662 0.983462 -1.821126
-7.306946 -24.23605 3.481079 -1.406826 -2.795811 0.78748 0.11419 -1.006048 -3.890596
12.69305 -26.23605 3.481079 -1.339275 0.928148 -2.032362 -1.213793 -0.190532 1.59912
6.693054 -26.23605 3.481079 -1.103457 0.708883 0.896311 3.135401 0.38572 1.838361
4.693054 -26.23605 3.481079 1.778318 0.922084 0.974815 -0.026945 1.844295 1.330531
0.693054 -26.23605 3.481079 -1.505161 0.004358 -0.756104 1.224628 -0.962903 0.232537
-1.306946 -26.23605 3.481079 -3.590953 -2.979331 -1.952954 -0.486341 -2.123586 -1.332445
-3.306946 -26.23605 3.481079 -4.241632 -4.53773 -1.130358 -0.64139 -1.824872 -2.955142
-5.306946 -26.23605 3.481079 0.007329 -2.481494 0.034295 -1.966357 -0.041538 -2.143197
-7.306946 -26.23605 3.481079 0.0714 -2.407837 0.933535 -1.608013 -0.223308 -3.046374
14.69305 -28.23605 3.481079 -1.414316 -1.643062 2.317209 0.477869 0.725028 -1.285616
12.69305 -28.23605 3.481079 -0.547233 0.273138 0.628646 1.422885 0.411064 0.036355
10.69305 -28.23605 3.481079 -0.42387 0.907841 -0.615202 2.562557 -0.250284 0.413008
8.693054 -28.23605 3.481079 -3.018761 -0.565959 -0.202973 3.225515 -0.599364 1.049062
6.693054 -28.23605 3.481079 -2.102177 -0.019426 -0.021926 0.743068 -0.363823 1.464091
0.693054 -28.23605 3.481079 -2.914399 -3.661921 0.289692 -0.021232 -1.55097 -4.360379
-1.306946 -28.23605 3.481079 -3.092708 -2.892213 -3.423357 -2.97895 -1.147013 -2.372298
-3.306946 -28.23605 3.481079 -2.933012 -3.240566 -2.37108 -1.350554 -0.376209 -2.008959
12.69305 -30.23605 3.481079 1.456409 0.045222 2.469666 0.693433 0.680067 -2.596757
8.693054 -30.23605 3.481079 -0.156874 -0.00262 1.175245 0.695612 -0.372467 -0.44762
6.693054 -30.23605 3.481079 0.022194 -0.539153 1.543021 -0.34213 0.126155 -0.379875
0.693054 -30.23605 3.481079 -2.431845 -5.984929 2.061905 -1.598713 0.171331 -6.182062
-1.306946 -30.23605 3.481079 -1.420774 -3.4747 -0.554845 -3.029726 1.525391 -2.704814
12.69305 -32.23605 3.481079 0.349928 -1.522107 0.165994 -1.868545 -1.615373 -4.641334
10.69305 -32.23605 3.481079 -0.191153 -0.972785 0.247682 -1.642135 -1.526225 -2.663972
8.693054 -32.23605 3.481079 0.74649 0.193784 1.735907 0.944122 -0.039867 -0.605321
6.693054 -32.23605 3.481079 1.451944 1.955447 2.480131 2.461253 1.548005 1.457078
0.693054 -32.23605 3.481079 -1.410191 -4.82855 2.713253 -1.021477 1.4201 -4.686017
-1.306946 -32.23605 3.481079 1.032597 -2.160318 2.145728 -1.27885 2.342214 -1.502673
-3.306946 -32.23605 3.481079 0.82163 -1.066134 1.824294 0.404314 0.334284 -2.034693
-5.306946 -32.23605 3.481079 0.468527 -1.211332 1.101694 0.708592 0.175378 -2.009683
10.69305 -34.23605 3.481079 1.366622 -1.40959 0.740823 -0.101378 -1.632913 -4.904973
8.693054 -34.23605 3.481079 0.90243 -1.451759 1.91996 1.239643 -0.759645 -5.036335
6.693054 -34.23605 3.481079 -0.033181 -0.266567 2.241023 2.239953 0.384331 -2.546462
0.693054 -34.23605 3.481079 2.055391 -1.485213 1.274262 -0.057484 -0.099118 -4.081547
-1.306946 -34.23605 3.481079 2.212317 -0.698095 1.823634 -0.956181 -0.495409 -4.250312
-3.306946 -34.23605 3.481079 1.294039 0.318062 0.948222 -0.887624 -1.17428 -3.523262
-5.306946 -34.23605 3.481079 0.620918 -0.813356 0.318591 -0.111892 0.184456 -1.41435
6.693054 -36.23605 3.481079 2.427372 1.509152 2.683412 3.287883 -1.171254 -3.290482
2.693054 -36.23605 3.481079 3.710273 -0.908424 2.204578 2.264967 -0.314288 -3.631634
0.693054 -36.23605 3.481079 3.058074 -0.767356 1.204481 0.829138 -1.492189 -4.868632
-1.306946 -36.23605 3.481079 1.875962 -0.201542 1.823042 0.250532 -1.774121 -5.518362
-3.306946 -36.23605 3.481079 -0.03011 -0.046483 0.362106 -1.408351 -1.534377 -3.445599
6.693054 -38.23605 3.481079 1.003129 -0.564541 2.965276 3.82637 0.159748 -1.22865
2.693054 -38.23605 3.481079 0.817244 -1.645861 0.407269 1.324268 -2.12344 -3.637703
0.693054 -38.23605 3.481079 -0.080894 -3.268147 0.800308 -0.906499 -2.172575 -5.345542
8.693054 -40.23605 3.481079 2.205741 -3.349389 4.20972 0.41575 0.531017 -4.737713
6.693054 -40.23605 3.481079 3.700935 -1.275683 4.675832 3.517261 0.683055 -3.196198
2.693054 -40.23605 3.481079 2.533955 0.855912 -0.42714 -0.106738 -0.828884 -2.071551
0.693054 -40.23605 3.481079 1.81175 0.488936 0.498866 0.858021 -0.188117 -0.816724
16.69305 -42.23605 3.481079 3.119317 0.131711 2.606363 -0.344321 1.055944 -1.990597
10.69305 -42.23605 3.481079 2.482142 -2.797334 6.296375 4.458899 1.286309 -4.555777
8.693054 -42.23605 3.481079 4.803631 -2.94416 6.468268 3.664652 2.171829 -3.734365
6.693054 -42.23605 3.481079 4.935439 -0.072181 4.632573 4.240528 1.58732 -2.404001
2.693054 -42.23605 3.481079 2.089724 -0.151484 0.351913 0.275349 1.856919 -0.290873
0.693054 -42.23605 3.481079 1.781751 -1.041465 1.482832 0.970732 1.637694 -0.30811
16.69305 -44.23605 3.481079 1.138207 -2.058936 1.571689 -1.41917 -0.526151 -3.513203
12.69305 -44.23605 3.481079 2.360328 -0.805743 4.136965 2.90486 1.631636 -1.177257
10.69305 -44.23605 3.481079 2.392834 -2.918263 5.927901 5.543035 0.834752 -4.037306
8.693054 -44.23605 3.481079 2.821957 -2.042343 3.817227 2.45006 2.347829 -0.340342
2.693054 -44.23605 3.481079 1.22544 -0.557681 2.880793 4.075198 2.220564 1.161982
0.693054 -44.23605 3.481079 1.946752 -1.99898 1.870872 0.711754 1.684221 -0.715668
16.69305 -46.23605 3.481079 -0.365808 0.559732 -2.336027 -2.306188 1.251413 2.386694
14.69305 -46.23605 3.481079 0.650009 0.105914 -0.794127 -2.222242 2.386252 1.81075
12.69305 -46.23605 3.481079 0.870339 1.173895 -0.091177 -1.2435 2.65348 2.466884
10.69305 -46.23605 3.481079 -0.742773 2.047472 -1.572627 -1.883105 4.15314 4.7115
0.693054 -46.23605 3.481079 3.000237 -0.994965 3.53534 0.821424 0.847718 -1.872929
-1.306946 -46.23605 3.481079 2.918082 -1.655507 2.143127 -0.716747 1.82573 -0.632156
12.69305 -48.23605 3.481079 -1.591558 7.339058 -6.793351 -5.834451 5.786989 11.7807
10.69305 -20.23605 5.481079 1.308515 -0.456856 2.047914 1.890035 0.730708 -0.044987
10.69305 -22.23605 5.481079 1.223832 -0.664112 1.157787 0.660769 0.29061 -1.373376
-5.306946 -22.23605 5.481079 -0.953194 -1.803372 0.325937 1.095092 0.027859 -1.551367
-7.306946 -22.23605 5.481079 0.174466 -0.667042 -0.120412 1.762457 0.654061 -0.064365
10.69305 -24.23605 5.481079 1.11799 0.003107 1.361673 -0.096419 0.367829 -0.500162
8.693054 -24.23605 5.481079 0.144816 -1.840431 -0.77373 -3.076315 1.948118 0.722873
-5.306946 -24.23605 5.481079 0.951964 -0.974117 0.550505 -1.252469 2.13973 -0.784678
-7.306946 -24.23605 5.481079 0.329077 -0.84476 0.750132 1.26771 1.879582 -0.397884
-9.306946 -24.23605 5.481079 0.654688 -1.244224 -0.143198 -0.433595 1.565725 -0.115626
8.693054 -26.23605 5.481079 -0.632596 -0.587923 -0.893544 -2.488274 0.679514 0.771848
6.693054 -26.23605 5.481079 0.708116 -0.387607 -0.225231 -2.326098 0.844369 -0.184604
-7.306946 -26.23605 5.481079 2.409801 1.728447 0.385071 1.086724 1.272117 0.053074
-9.306946 -26.23605 5.481079 0.495065 -0.397943 0.151453 0.393517 -0.059618 -0.392543
14.69305 -28.23605 5.481079 0.62137 -2.192015 1.316306 -0.447949 1.51498 -2.291117
12.69305 -28.23605 5.481079 0.7686 -1.332302 1.487236 -0.278553 0.529806 -2.240629
6.693054 -28.23605 5.481079 -1.26111 -1.237337 -1.720402 -2.05096 -1.359841 -1.518359
4.693054 -28.23605 5.481079 -0.071226 0.031873 -0.300411 -0.136325 -0.102761 -1.468337
0.693054 -28.23605 5.481079 -3.65308 -3.973284 0.879915 2.493519 -0.740347 -2.781634
-1.306946 -28.23605 5.481079 -4.483913 -2.428803 -1.254976 0.348401 -1.286913 -1.935618
-3.306946 -28.23605 5.481079 -1.74169 -0.499168 -1.380618 -0.269169 0.298579 -0.545079
-5.306946 -28.23605 5.481079 3.018802 1.913896 0.305564 0.64151 2.727327 1.374458
-7.306946 -28.23605 5.481079 2.690654 0.926823 0.922977 0.364398 1.676443 0.064669
14.69305 -30.23605 5.481079 0.38 -3.071971 2.129286 -0.511364 1.77722 -3.057355
12.69305 -30.23605 5.481079 1.616958 -2.817636 2.966603 -1.556299 2.391936 -2.651854
10.69305 -30.23605 5.481079 4.231152 0.960275 3.247802 0.615202 2.370438 -0.090485
8.693054 -30.23605 5.481079 3.542965 0.565813 2.721121 0.939934 1.109423 -0.659987
6.693054 -30.23605 5.481079 1.004931 -2.378728 1.495109 0.130246 0.624833 -1.914861
0.693054 -30.23605 5.481079 -0.103132 -4.322558 2.764925 0.873609 0.179914 -3.604028
14.69305 -32.23605 5.481079 -1.301768 -2.19743 0.567169 -0.439708 0.830228 -1.43775
12.69305 -32.23605 5.481079 -0.617432 -2.243489 -1.088987 -1.987561 -1.39243 -3.41193
8.693054 -32.23605 5.481079 1.704375 0.078336 2.538872 1.291765 2.381035 1.090337
6.693054 -32.23605 5.481079 1.721205 -0.031258 2.553659 1.753429 2.431994 1.268789
0.693054 -32.23605 5.481079 0.251331 -0.99924 3.552858 2.076444 -0.984634 -2.478503
-1.306946 -32.23605 5.481079 2.741842 0.930425 3.592482 3.111392 1.014959 0.730846
-3.306946 -32.23605 5.481079 1.962802 -0.258238 2.902087 1.921156 0.829877 -0.75266
14.69305 -34.23605 5.481079 -1.851438 -1.216455 0.487615 0.348716 0.434032 -0.30505
12.69305 -34.23605 5.481079 -1.109688 -0.668058 -2.088458 0.33669 -3.984275 -3.847866
10.69305 -34.23605 5.481079 -1.865536 -1.529938 -1.905827 0.157632 -2.88933 -3.206724
8.693054 -34.23605 5.481079 -0.809918 -0.68724 0.715436 1.194331 0.11286 -1.477736
-1.306946 -34.23605 5.481079 0.889486 -1.13601 1.968135 0.218759 -1.714887 -3.605144
-3.306946 -34.23605 5.481079 1.434653 0.202818 2.823195 0.485835 -0.292767 -1.932411
12.69305 -36.23605 5.481079 1.053588 1.158289 1.639501 2.962072 -0.914307 -1.720558
10.69305 -36.23605 5.481079 0.539738 0.484243 1.426326 3.42198 -1.655152 -1.814924
8.693054 -36.23605 5.481079 0.813654 0.352304 0.652363 0.950866 -1.425463 -2.073637
6.693054 -36.23605 5.481079 2.215811 1.003301 1.915348 1.54349 -1.545293 -3.118683
0.693054 -36.23605 5.481079 -1.451837 -3.448308 -0.139992 -0.205752 -3.84406 -6.168315
-1.306946 -36.23605 5.481079 -1.102653 -2.64835 0.816751 -2.493233 -1.913607 -4.799116
12.69305 -38.23605 5.481079 3.12152 2.818657 3.443331 2.151323 2.43242 0.598609
10.69305 -38.23605 5.481079 2.54649 2.554256 4.697008 6.216047 1.899287 1.556499
8.693054 -38.23605 5.481079 1.346687 -0.531675 1.833213 0.167802 1.112269 0.439827
6.693054 -38.23605 5.481079 0.188354 -2.844738 2.268637 -0.731704 0.12274 -2.290976
2.693054 -38.23605 5.481079 -2.248762 -4.569522 -1.011838 0.201643 -2.803318 -5.806273
0.693054 -38.23605 5.481079 -1.347505 -3.494594 0.270612 -1.209973 -2.799092 -5.578942
-1.306946 -38.23605 5.481079 1.056352 -2.374691 3.546524 -0.329872 0.605828 -4.244576
10.69305 -40.23605 5.481079 2.125143 1.119761 4.157156 5.091532 1.790918 -0.79366
8.693054 -40.23605 5.481079 1.456966 -1.61117 3.575029 0.708618 1.405861 -1.584871
2.693054 -40.23605 5.481079 1.51194 -1.030265 0.970258 0.987822 -1.522141 -5.142454
0.693054 -40.23605 5.481079 3.464757 1.698417 1.839123 1.361899 -0.015844 -1.26793
-1.306946 -40.23605 5.481079 4.145143 0.793758 4.020164 1.329675 3.201396 0.140034
8.693054 -42.23605 5.481079 2.660544 -1.675763 3.922709 3.71284 1.359272 -2.633814
6.693054 -42.23605 5.481079 3.497902 0.894687 2.09934 2.493042 1.465171 -0.536538
2.693054 -42.23605 5.481079 3.312628 1.381613 2.370883 4.186632 0.735679 -0.73553
0.693054 -42.23605 5.481079 2.634436 -0.581734 2.80674 2.187916 1.250271 -1.213882
-1.306946 -42.23605 5.481079 4.001206 0.181387 3.405406 1.465379 2.233512 -0.598161
12.69305 -44.23605 5.481079 0.014368 -3.543545 2.850548 0.285643 1.924838 -2.194647
10.69305 -44.23605 5.481079 1.469654 -2.952251 3.229036 1.48367 0.858061 -3.797839
8.693054 -44.23605 5.481079 0.740829 -3.841519 2.361325 0.548178 1.822641 -2.385672
2.693054 -44.23605 5.481079 2.61393 1.876007 2.987452 5.705249 2.212586 2.166702
0.693054 -44.23605 5.481079 3.087881 -0.401687 2.756044 0.678513 3.021465 0.073045
-1.306946 -44.23605 5.481079 5.248751 0.388149 2.97781 -0.31817 3.183319 -0.854589
14.69305 -46.23605 5.481079 1.054954 0.797042 2.304154 0.469726 2.391878 0.326935
12.69305 -46.23605 5.481079 -0.09937 -0.314437 1.873794 0.93077 1.403116 0.061673
10.69305 -46.23605 5.481079 1.593778 1.353617 1.661421 0.782155 0.815982 -0.643572
8.693054 -46.23605 5.481079 0.591537 0.641986 -0.442389 -2.181251 0.757944 -0.09223
0.693054 -46.23605 5.481079 5.306444 0.393025 6.073616 1.460967 4.558579 -0.92455
-1.306946 -46.23605 5.481079 6.515057 1.396048 5.968831 1.666746 5.589655 0.354943
12.69305 -22.23605 7.481079 2.459559 2.789058 0.184179 1.92571 -0.861711 -0.173714
10.69305 -22.23605 7.481079 0.329255 -0.040586 -0.154255 0.48304 -0.668659 -1.384999
-1.306946 -22.23605 7.481079 -0.696518 0.049782 1.02278 3.759152 -0.588547 0.574351
12.69305 -24.23605 7.481079 0.777805 2.092184 0.066824 1.1471 -0.498571 0.097437
-1.306946 -24.23605 7.481079 -1.251102 -1.429772 0.600969 0.862333 -0.999781 -1.120786
-3.306946 -24.23605 7.481079 -0.223668 -0.893623 1.497835 0.834718 -0.900054 -2.458547
-5.306946 -24.23605 7.481079 0.359722 0.615527 0.585258 -0.033256 -0.901117 -2.490283
-7.306946 -24.23605 7.481079 0.077892 0.530698 0.493753 1.223428 0.0633 -1.303073
-9.306946 -24.23605 7.481079 0.682928 0.343304 -0.521204 -0.494379 0.200782 -0.592611
12.69305 -26.23605 7.481079 -0.083194 0.67092 0.216093 0.455004 -0.132821 -0.779848
10.69305 -26.23605 7.481079 0.89297 0.337064 2.783854 2.460861 2.867921 0.538995
-3.306946 -26.23605 7.481079 -2.175238 -2.49491 -1.354013 -2.751466 -1.768833 -3.890196
-5.306946 -26.23605 7.481079 0.899683 1.229283 -1.457917 -2.920535 -0.065165 -2.453109
-9.306946 -26.23605 7.481079 -0.217829 0.210152 -0.275857 0.657695 -1.852851 -2.192944
8.693054 -28.23605 7.481079 2.879829 1.16292 1.132345 2.162301 3.234062 0.473588
6.693054 -28.23605 7.481079 2.111962 -0.310277 -0.933465 0.073674 1.608071 -0.653112
-1.306946 -28.23605 7.481079 -6.216426 -5.939629 -1.926028 -3.471756 -0.449162 -1.760272
-3.306946 -28.23605 7.481079 -4.931916 -3.39762 -2.688956 -4.025104 -0.306676 -1.158285
-5.306946 -28.23605 7.481079 -0.567213 -0.135794 -0.702656 -2.797559 2.334891 -0.255204
-7.306946 -28.23605 7.481079 1.5538 1.022144 1.207984 0.546661 1.168618 -1.932142
-9.306946 -28.23605 7.481079 1.163777 1.205948 0.885517 0.055586 -0.762594 -2.098149
14.69305 -30.23605 7.481079 0.463274 -0.021247 0.442924 0.171828 -0.021401 -2.315529
12.69305 -30.23605 7.481079 1.042391 -0.281766 1.368348 0.16007 0.304805 -2.531787
6.693054 -30.23605 7.481079 5.274331 -0.133739 2.615421 0.756412 3.836176 -1.898956
0.693054 -30.23605 7.481079 0.724617 -3.229298 -0.252115 -2.956255 0.811432 -3.634615
-1.306946 -30.23605 7.481079 -0.062423 -3.166149 -0.849863 -4.390353 0.721568 -2.754188
-3.306946 -30.23605 7.481079 -1.199591 -3.64559 -1.828105 -4.854478 1.087148 -1.440909
-5.306946 -30.23605 7.481079 -1.111106 -2.918391 -1.437512 -5.289657 2.092794 -0.63098
14.69305 -32.23605 7.481079 -0.883772 -0.302464 0.280444 0.676537 0.407657 -0.829365
12.69305 -32.23605 7.481079 -0.873146 -0.032815 0.255827 1.814981 0.192534 -0.531984
10.69305 -32.23605 7.481079 0.779287 0.027891 -0.097642 -0.47327 0.323347 -1.531976
8.693054 -32.23605 7.481079 2.279991 -0.220691 0.481414 -1.784722 1.735725 -1.327309
6.693054 -32.23605 7.481079 2.058465 -0.503583 1.108614 -0.401317 2.676613 -0.789016
0.693054 -32.23605 7.481079 1.294945 1.660304 -0.456011 -1.400141 -1.276628 -2.143452
-1.306946 -32.23605 7.481079 2.217677 0.276391 -0.02374 -1.951528 -0.147846 -2.08526
-3.306946 -32.23605 7.481079 0.629511 -2.979428 -0.132499 -1.53717 0.870782 -2.165506
-5.306946 -32.23605 7.481079 -0.979112 -4.650984 -0.890491 -3.157713 1.091434 -1.761419
14.69305 -34.23605 7.481079 0.774436 0.070188 1.008854 0.420092 1.566594 -0.863202
12.69305 -34.23605 7.481079 2.436105 1.9675 0.833244 1.973985 0.936691 -0.905184
-1.306946 -34.23605 7.481079 -1.08253 -3.121395 -0.799378 -2.548448 -1.030193 -3.985689
-3.306946 -34.23605 7.481079 -0.381014 -2.74227 0.261029 -0.287419 -0.503206 -2.663661
-5.306946 -34.23605 7.481079 -0.16868 -3.876561 0.12227 -0.558465 -0.189527 -2.905382
12.69305 -36.23605 7.481079 4.116359 1.929679 2.522257 1.750268 1.643332 -2.015935
10.69305 -36.23605 7.481079 2.067411 -0.051497 1.291568 -0.112487 -0.431936 -2.937371
8.693054 -36.23605 7.481079 2.635672 -0.451496 -0.135408 -1.477077 -0.601355 -2.396636
-1.306946 -36.23605 7.481079 -3.386846 -3.328931 -1.885761 -2.764079 -2.762186 -3.591944
-3.306946 -36.23605 7.481079 -0.500261 -1.831537 -0.303122 -1.06081 -0.896662 -2.339447
-5.306946 -36.23605 7.481079 0.619736 -2.319731 -0.292395 -1.260569 -0.15358 -2.919702
10.69305 -38.23605 7.481079 1.805326 1.656047 3.643588 3.68729 0.574497 0.076101
8.693054 -38.23605 7.481079 0.085323 -1.313928 1.445128 -2.128344 0.60951 -0.292289
0.693054 -38.23605 7.481079 -0.551894 -2.059072 0.215318 1.111626 -0.718086 -2.824713
-1.306946 -38.23605 7.481079 -0.640126 -1.103862 2.11104 2.605605 -0.544153 -1.658598
-3.306946 -38.23605 7.481079 1.669427 -0.787687 2.518804 1.321003 -0.114416 -2.890018
10.69305 -40.23605 7.481079 0.261489 3.207653 2.817707 5.428417 1.099415 2.505866
8.693054 -40.23605 7.481079 -0.235047 0.915591 3.944626 2.14629 2.594151 2.355472
-1.306946 -40.23605 7.481079 2.67818 1.798955 5.041973 6.738408 1.555416 0.43437
-3.306946 -40.23605 7.481079 4.355354 3.046398 5.01181 4.804052 0.605205 -0.558251
12.69305 -42.23605 7.481079 0.547569 -1.067827 1.951526 0.772796 -0.234992 -0.983315
8.693054 -42.23605 7.481079 0.236425 1.066364 2.820786 3.826477 0.85543 0.104284
0.693054 -42.23605 7.481079 0.863706 0.602207 3.991631 4.837805 0.193846 -1.29747
-1.306946 -42.23605 7.481079 2.641304 2.536792 3.255033 5.081262 0.617026 0.116824
12.69305 -44.23605 7.481079 -1.426058 -3.829542 2.873358 -0.001001 0.962339 -2.567513
10.69305 -44.23605 7.481079 -0.255534 -1.570642 2.57175 0.200464 0.347589 -1.85641
8.693054 -44.23605 7.481079 -1.189152 -1.598899 1.974909 2.45929 -0.344771 -3.181139
2.693054 -44.23605 7.481079 -0.388902 -0.760049 3.595918 3.974274 -0.533245 -3.757234
0.693054 -44.23605 7.481079 1.810139 1.514645 1.567497 0.699439 1.08693 -0.233878
-1.306946 -44.23605 7.481079 2.301298 2.118325 0.562266 -0.341966 0.475998 0.40223
12.69305 -46.23605 7.481079 -0.390811 0.135038 1.946011 2.990139 0.249324 0.19746
10.69305 -46.23605 7.481079 0.525814 0.748451 1.077386 0.676798 0.292956 0.223091
-1.306946 -46.23605 7.481079 2.978757 1.533761 2.257516 0.551784 1.878776 -0.018924
14.69305 -22.23605 9.481079 -0.710109 -1.254773 1.72586 0.838536 0.629358 0.425291
12.69305 -22.23605 9.481079 -0.271324 1.127168 -0.462206 0.816443 -0.71132 0.462741
-1.306946 -22.23605 9.481079 -2.081072 -2.509837 1.316094 2.774293 -0.07711 0.541534
-3.306946 -22.23605 9.481079 -1.936475 -1.684289 0.379443 1.586412 -1.112366 -1.149058
-5.306946 -22.23605 9.481079 -1.872896 -1.081522 1.363514 2.211669 -2.56582 -3.247782
14.69305 -24.23605 9.481079 -0.138279 1.155143 2.035204 4.358704 1.561516 2.856631
-1.306946 -24.23605 9.481079 -2.199544 -2.802386 -0.071737 0.748094 -1.39678 -1.508973
-9.306946 -24.23605 9.481079 0.378236 0.469846 0.552539 1.115469 1.145496 0.894572
12.69305 -26.23605 9.481079 1.456114 0.973008 2.141852 2.732021 1.48991 0.495838
-1.306946 -26.23605 9.481079 -3.743147 -3.354824 -1.420347 -1.878641 -1.15727 -1.51489
-3.306946 -26.23605 9.481079 -1.791002 -1.763629 -0.752196 -2.196076 -0.707464 -1.208942
-5.306946 -26.23605 9.481079 -0.370646 0.15568 -0.997614 -2.302054 0.624642 0.161965
-7.306946 -26.23605 9.481079 -1.583529 -1.215613 0.267036 0.084822 -0.377464 -1.070114
10.69305 -28.23605 9.481079 1.83367 2.183689 2.672622 3.255564 2.042012 -0.13471
8.693054 -28.23605 9.481079 2.470129 1.073866 2.565939 3.12641 2.534178 -0.261362
-3.306946 -28.23605 9.481079 -2.863664 -1.451634 -0.692883 -1.158469 0.743331 1.503127
-5.306946 -28.23605 9.481079 -2.173528 0.092693 -1.511258 -2.523142 1.865765 1.754656
-7.306946 -28.23605 9.481079 -0.658032 0.802307 0.004252 -0.343981 0.011022 -2.197395
-9.306946 -28.23605 9.481079 0.882728 1.76354 0.294606 -0.339472 -1.083018 -2.470459
6.693054 -30.23605 9.481079 3.180187 0.85825 2.610381 1.748593 1.522745 -2.647969
4.693054 -30.23605 9.481079 3.373304 2.06385 3.161637 2.003006 2.571812 -1.765768
-3.306946 -30.23605 9.481079 -0.505361 -0.607905 -0.05738 -0.557397 0.361276 -0.215186
-5.306946 -30.23605 9.481079 -2.641981 -2.283763 -0.907316 -4.029694 1.364539 -0.292361
12.69305 -32.23605 9.481079 0.629296 1.696154 1.416959 -0.499606 1.191739 0.150239
10.69305 -32.23605 9.481079 0.619697 -0.054645 1.273112 -1.627891 0.62923 -2.409631
8.693054 -32.23605 9.481079 -1.217219 -3.199337 1.228386 -1.045858 -0.522021 -5.269416
6.693054 -32.23605 9.481079 0.182143 -1.211639 1.280756 -0.224402 0.101599 -4.523962
4.693054 -32.23605 9.481079 1.309873 -0.134914 2.621973 -0.221924 2.429397 -3.273888
-1.306946 -32.23605 9.481079 1.19947 0.883624 0.889822 1.193046 0.386646 -0.897494
-3.306946 -32.23605 9.481079 1.439637 0.259787 1.145867 0.680166 -0.071454 -2.004473
-5.306946 -32.23605 9.481079 -0.326397 -1.921187 -0.113385 -3.138471 0.132945 -2.918233
12.69305 -34.23605 9.481079 2.689274 1.925479 1.125811 -0.222885 1.947466 0.200041
10.69305 -34.23605 9.481079 3.215074 1.462275 0.474961 -1.268634 1.845555 -0.934107
8.693054 -34.23605 9.481079 0.22923 -1.780678 0.332814 -0.953815 0.483683 -2.859737
-1.306946 -34.23605 9.481079 -3.946765 -2.645713 -2.149146 -2.826336 -0.516834 -1.589153
-3.306946 -34.23605 9.481079 -2.628674 -2.159407 -1.57178 -0.899951 -2.25229 -2.212357
-5.306946 -34.23605 9.481079 -1.149741 -2.998548 -1.181663 -2.282721 -2.231896 -4.649627
10.69305 -36.23605 9.481079 2.450994 1.290207 0.446149 1.000812 0.577859 -0.719814
8.693054 -36.23605 9.481079 1.386935 0.563523 0.286181 0.912457 -0.088122 -1.203675
6.693054 -36.23605 9.481079 1.145906 0.175807 2.193118 0.239651 0.994565 -1.690331
-3.306946 -36.23605 9.481079 -2.967156 -2.635702 -1.39565 -2.162099 -1.392605 -1.925677
-5.306946 -36.23605 9.481079 -1.274026 -2.409791 -0.863424 -1.622055 -1.66516 -3.487684
8.693054 -38.23605 9.481079 0.486572 0.511807 1.039499 1.64011 -0.198411 -1.017524
6.693054 -38.23605 9.481079 -0.243065 -0.120357 1.436239 1.176303 -0.861453 -1.19901
-3.306946 -38.23605 9.481079 -1.794682 -4.143403 0.044679 -1.517599 0.116476 -2.045934
8.693054 -40.23605 9.481079 0.600929 0.880078 2.205805 2.952691 1.599952 0.651789
6.693054 -40.23605 9.481079 1.601836 1.017988 2.478686 2.604355 1.081913 -0.666909
0.693054 -40.23605 9.481079 1.017548 -3.435132 3.402058 1.819303 4.075644 -1.227481
-1.306946 -40.23605 9.481079 1.501821 -2.920777 3.85493 3.885621 2.757066 -0.996294
12.69305 -42.23605 9.481079 1.637141 -1.380908 0.694 -0.872444 1.66302 -0.581485
10.69305 -42.23605 9.481079 2.350663 1.227659 1.641674 1.699076 1.024319 -0.065526
8.693054 -42.23605 9.481079 0.578538 0.052242 1.927428 2.055444 0.877553 -0.710336
6.693054 -42.23605 9.481079 2.225191 1.159359 2.045747 2.635953 2.449996 0.961531
0.693054 -42.23605 9.481079 2.440077 0.77494 3.695818 4.635413 2.172404 -0.062752
10.69305 -44.23605 9.481079 1.067742 -0.439991 2.271865 0.821087 1.285034 -0.62565
8.693054 -44.23605 9.481079 0.738148 0.963124 2.530191 3.837249 0.449164 -0.742426
0.693054 -44.23605 9.481079 2.009592 3.132797 0.763718 2.417717 -0.054586 0.178228
-1.306946 -44.23605 9.481079 1.519358 1.728089 0.362923 0.045751 -0.029065 -0.410866
-1.306946 -46.23605 9.481079 -1.096819 0.26781 -1.146374 -0.332792 -1.970526 -1.095162
-3.306946 -20.23605 11.48108 -1.890289 -2.848557 0.424848 -0.708976 -0.196997 -1.644752
-5.306946 -20.23605 11.48108 -1.729475 -1.913559 0.426257 0.734633 -0.290108 0.165329
14.69305 -22.23605 11.48108 0.323058 -0.15719 1.750886 2.39671 0.141637 -0.309124
12.69305 -22.23605 11.48108 -2.045081 -1.295864 -0.521345 1.000106 -1.499038 -0.147575
-1.306946 -22.23605 11.48108 -0.626291 -0.247586 0.789667 2.571026 -0.859587 -0.20686
-3.306946 -22.23605 11.48108 -3.396406 -1.974035 0.448734 2.401508 -1.487838 -0.984603
-5.306946 -22.23605 11.48108 -2.763633 -2.13614 0.182082 0.336062 -1.239946 -1.206622
-7.306946 -22.23605 11.48108 -0.111854 -0.524602 1.943267 1.577379 0.479976 0.624697
14.69305 -24.23605 11.48108 -3.042449 -1.41312 0.509505 3.059279 -1.264316 -0.136527
12.69305 -24.23605 11.48108 -3.744921 -2.531434 -0.07199 2.821141 -2.010576 -0.511296
-1.306946 -24.23605 11.48108 -2.745821 -2.749665 -1.301349 0.374135 -3.393922 -3.215895
-3.306946 -24.23605 11.48108 -2.864598 -1.21128 -1.243183 0.189307 -1.735155 0.356747
12.69305 -26.23605 11.48108 -2.400492 -1.701636 0.397469 1.550441 -1.01114 0.386687
10.69305 -26.23605 11.48108 -1.306298 -1.695006 2.183635 1.76121 -0.306627 0.158571
8.693054 -26.23605 11.48108 -1.812207 -1.583196 2.582515 3.718063 -1.654145 -0.557578
-1.306946 -26.23605 11.48108 -2.247734 -2.743167 -0.665371 -1.789666 -2.31346 -3.160094
-3.306946 -26.23605 11.48108 -2.352788 -1.913455 -0.081905 -1.606804 -1.684829 -1.193404
-5.306946 -26.23605 11.48108 -1.763986 -0.524898 -0.910951 -2.600792 -0.456448 -0.62632
-7.306946 -26.23605 11.48108 -1.545046 -0.285619 0.875197 1.019901 -0.950289 -1.867983
10.69305 -28.23605 11.48108 0.282427 -0.180192 2.952328 3.365847 -0.949288 -1.577171
8.693054 -28.23605 11.48108 -0.160951 -0.751347 2.620042 3.615091 -1.009767 -1.945401
6.693054 -28.23605 11.48108 -0.818653 -0.672199 1.755112 2.924805 -0.122437 -0.140916
-9.306946 -28.23605 11.48108 -1.214933 1.337033 0.535839 1.832654 -2.827623 -2.531849
8.693054 -30.23605 11.48108 0.110815 -1.133302 1.581176 1.815899 -0.261304 -1.783344
6.693054 -30.23605 11.48108 -1.555652 -1.343209 0.767633 0.964488 0.541025 0.229291
-1.306946 -30.23605 11.48108 2.09976 -0.219365 3.479757 2.993926 1.437538 0.086011
-3.306946 -30.23605 11.48108 -0.080635 -1.085735 0.813679 0.299192 -1.175559 -1.605864
-5.306946 -30.23605 11.48108 -1.953939 -2.00033 -0.559741 -0.68317 -1.088734 -1.247254
-7.306946 -30.23605 11.48108 -1.707047 -0.962812 0.4146 0.467057 -1.020884 -2.032104
12.69305 -32.23605 11.48108 1.257577 2.272984 1.557829 0.829676 1.237777 1.193272
10.69305 -32.23605 11.48108 3.309197 2.365367 3.844443 4.292881 1.983372 1.052275
8.693054 -32.23605 11.48108 0.75394 -1.589099 2.539435 0.913826 1.009844 -1.727914
6.693054 -32.23605 11.48108 -0.975027 -2.132316 1.492088 -0.991619 0.215123 -2.359147
4.693054 -32.23605 11.48108 -0.133806 -1.133712 1.739528 -2.465587 1.50277 -2.539922
0.693054 -32.23605 11.48108 1.682952 0.644939 0.74572 0.864027 0.243689 -0.897478
-1.306946 -32.23605 11.48108 2.255682 -0.12833 1.671032 1.738983 1.573741 0.608315
12.69305 -34.23605 11.48108 0.535466 1.107553 0.914893 -1.020128 2.096587 1.048458
10.69305 -34.23605 11.48108 2.927964 2.857844 2.778367 2.784636 2.473049 0.901658
8.693054 -34.23605 11.48108 0.479992 -1.082383 3.114869 1.989058 0.906524 -1.923083
2.693054 -34.23605 11.48108 1.693394 1.731896 0.804558 -0.976346 1.175125 -1.874039
0.693054 -34.23605 11.48108 2.601318 1.90238 2.182685 2.358742 3.175979 1.905116
-1.306946 -34.23605 11.48108 0.776516 -0.51613 1.592208 0.143204 3.285458 2.37124
8.693054 -36.23605 11.48108 1.968752 1.552285 2.859744 2.640786 1.582128 -0.497708
2.693054 -36.23605 11.48108 -1.168252 1.068012 0.415547 0.804583 0.552457 -0.383898
0.693054 -36.23605 11.48108 2.043554 1.981947 2.135494 1.215597 3.725584 2.23973
-1.306946 -36.23605 11.48108 0.894399 0.914384 1.87304 -0.592471 3.089429 1.695926
-3.306946 -36.23605 11.48108 0.193161 -0.004973 1.287867 -1.21758 1.858576 1.731054
8.693054 -38.23605 11.48108 2.867738 3.286306 3.583706 4.197859 1.404854 -0.136288
6.693054 -38.23605 11.48108 2.142531 1.944145 3.287445 4.929556 -0.294683 -0.236824
-1.306946 -38.23605 11.48108 -0.409527 0.445223 0.958799 1.051155 0.913172 0.53012
-3.306946 -38.23605 11.48108 -0.460834 -0.613499 0.982206 -0.87027 1.489868 0.884235
8.693054 -40.23605 11.48108 2.640038 4.296151 3.907757 4.436766 2.55451 0.812827
6.693054 -40.23605 11.48108 2.512372 3.479225 3.065684 2.215549 1.428098 -0.31502
0.693054 -40.23605 11.48108 1.329054 1.150227 2.627873 1.504717 2.954728 0.34967
-1.306946 -40.23605 11.48108 1.16854 0.380652 2.064537 2.24663 0.940401 0.204112
8.693054 -42.23605 11.48108 0.271733 0.023172 1.575652 0.337719 1.659074 -0.545655
6.693054 -42.23605 11.48108 -0.841857 -1.356068 -0.974314 -1.445446 1.33521 0.185165
0.693054 -42.23605 11.48108 0.200002 1.417863 1.867666 1.966685 2.919574 2.353048
8.693054 -44.23605 11.48108 -0.139629 -1.00516 0.738395 1.085116 0.704293 0.136111
0.693054 -44.23605 11.48108 -1.350294 0.003753 -1.986464 0.912058 -1.075782 0.993365
-1.306946 -44.23605 11.48108 -1.711987 -1.604895 0.307366 1.348679 -0.458342 -1.015886
14.69305 -22.23605 13.48108 2.193504 1.825414 1.788101 2.777169 2.362606 2.034723
-3.306946 -22.23605 13.48108 -0.41415 -0.955142 1.245875 -0.306379 1.046416 -0.158902
-5.306946 -22.23605 13.48108 0.259688 -2.070549 0.269482 -4.113939 0.957142 -2.253827
-7.306946 -22.23605 13.48108 0.29141 -1.007747 0.880898 -1.353626 1.824392 0.469209
14.69305 -24.23605 13.48108 0.430359 1.416561 0.545388 1.693895 2.377208 2.665304
12.69305 -24.23605 13.48108 0.244384 0.419066 -0.585194 0.341829 2.175182 1.456791
-1.306946 -24.23605 13.48108 -1.357956 -2.420061 -0.405284 -1.791227 -1.275034 -2.734867
-3.306946 -24.23605 13.48108 -0.907011 -1.148528 0.48051 0.231237 0.487539 -0.20334
-5.306946 -24.23605 13.48108 -1.429279 -2.088778 -0.123492 -3.11773 -0.382281 -2.873129
14.69305 -26.23605 13.48108 -2.382245 -0.715856 -0.596513 -0.41731 0.631 2.096292
12.69305 -26.23605 13.48108 -0.360116 -0.561487 -1.83792 -3.177703 0.634788 0.505614
10.69305 -26.23605 13.48108 1.839166 0.684788 -0.093731 -1.733544 0.563308 -0.17336
-1.306946 -26.23605 13.48108 -0.277044 -1.483669 -0.74536 -3.476437 0.117966 -0.498938
-3.306946 -26.23605 13.48108 0.083206 -1.145691 0.68286 -1.718264 0.033503 -1.744383
-5.306946 -26.23605 13.48108 -0.069289 -0.268526 0.046111 -1.260314 -0.317541 -1.98687
-7.306946 -26.23605 13.48108 0.33035 0.454376 0.343349 0.833536 -0.376214 -1.183933
-9.306946 -26.23605 13.48108 0.983403 1.414264 -0.422469 -0.250368 -0.49196 -1.120231
10.69305 -28.23605 13.48108 1.80588 0.882304 0.84128 0.593875 -0.185225 0.240238
8.693054 -28.23605 13.48108 0.353625 -0.180651 1.697548 1.775911 -1.306468 -1.620804
6.693054 -28.23605 13.48108 0.531342 0.275146 1.855474 2.619478 -1.113426 -1.698442
-1.306946 -28.23605 13.48108 0.853513 -2.227628 0.226581 -2.789319 0.470796 -2.43181
-9.306946 -28.23605 13.48108 0.108627 1.941269 -0.325916 1.200326 -1.144492 -0.230361
8.693054 -30.23605 13.48108 -0.397963 -0.843869 0.778328 1.619009 -0.161459 -0.074526
6.693054 -30.23605 13.48108 -1.946916 -0.85469 -0.09927 1.271275 -1.187425 -0.629952
-1.306946 -30.23605 13.48108 -2.773329 -3.977483 1.252307 0.027483 -0.969132 -2.508893
-3.306946 -30.23605 13.48108 -1.504797 -2.533564 0.334916 -1.179518 -2.642458 -4.507347
-5.306946 -30.23605 13.48108 -1.300766 -1.528675 -0.170447 0.782731 -2.909587 -2.879434
-7.306946 -30.23605 13.48108 -1.506058 0.0601 0.88166 3.453875 -2.066443 -0.845518
-9.306946 -30.23605 13.48108 -0.081859 2.280906 0.825453 3.23304 -1.280137 0.214149
10.69305 -32.23605 13.48108 -0.743844 -0.301686 0.554864 1.461005 0.010405 0.231631
8.693054 -32.23605 13.48108 0.796487 -1.357357 0.646556 -1.368569 0.054807 -1.040226
6.693054 -32.23605 13.48108 -1.307579 -1.687704 0.147713 -0.678504 -1.282175 -1.407325
4.693054 -32.23605 13.48108 -1.694195 -0.596367 1.202164 0.148843 -1.37236 -2.412104
-1.306946 -32.23605 13.48108 -2.411508 -4.040158 1.127205 -0.493908 -0.114934 -1.47987
-3.306946 -32.23605 13.48108 -1.025727 -1.624097 0.468835 -1.147848 -2.017105 -3.211738
-5.306946 -32.23605 13.48108 -0.968336 -0.49926 -0.220095 0.251289 -2.528401 -3.610594
-7.306946 -32.23605 13.48108 -1.197626 0.726636 0.622848 2.218845 -1.997265 -2.102742
10.69305 -34.23605 13.48108 -1.958704 -1.170444 0.456733 -1.01587 -0.731083 -2.697703
8.693054 -34.23605 13.48108 -0.384561 -2.326077 1.61561 -1.16171 -0.73192 -3.088476
6.693054 -34.23605 13.48108 -1.055835 -2.649801 1.460399 -0.312719 -0.736333 -2.462837
0.693054 -34.23605 13.48108 0.34878 -2.172516 3.17077 3.723851 0.910005 -1.001997
-1.306946 -34.23605 13.48108 -1.783599 -3.497641 2.938755 1.182406 0.964024 -0.445169
-3.306946 -34.23605 13.48108 -2.421837 -2.297549 1.066433 -0.088537 -0.154346 0.129308
-5.306946 -34.23605 13.48108 -1.534048 -0.496829 -0.342005 -0.890856 -0.789987 -1.129262
10.69305 -36.23605 13.48108 -1.352825 -1.114118 1.069242 0.292743 0.113556 -2.05341
8.693054 -36.23605 13.48108 -1.269011 -1.493339 1.557844 0.709054 0.326585 -1.08997
10.69305 -38.23605 13.48108 -0.532813 -1.594946 1.076383 0.710247 -0.147071 -2.575795
8.693054 -38.23605 13.48108 -0.657429 -0.693208 1.931986 2.057843 0.62355 -0.07796
10.69305 -40.23605 13.48108 -0.338409 -0.920074 1.350508 0.706423 0.907515 -0.739278
8.693054 -40.23605 13.48108 -0.047448 0.373519 1.751761 1.704703 1.600469 0.356366
6.693054 -40.23605 13.48108 1.0079 2.57425 1.004489 0.898155 1.399062 1.039959
8.693054 -42.23605 13.48108 -2.014344 -2.506033 -1.128962 -3.239933 -0.145788 -2.392975
6.693054 -42.23605 13.48108 -2.469411 -2.920755 -3.87016 -4.604756 -0.835797 -1.162932
16.69305 -22.23605 15.48108 -0.605915 -0.129618 -0.675479 -0.516191 -0.969674 -1.702005
14.69305 -22.23605 15.48108 2.654712 3.413732 0.929469 2.840799 1.920616 3.57105
-5.306946 -22.23605 15.48108 -1.198961 -0.822859 -1.782058 -4.414977 0.681141 -0.503387
-7.306946 -22.23605 15.48108 -1.681257 -1.354502 -1.330361 -3.536282 -0.06628 -0.886669
16.69305 -24.23605 15.48108 -0.101039 0.07955 -0.963389 -0.910686 -0.661999 -1.641392
14.69305 -24.23605 15.48108 2.50024 3.81678 -0.092226 0.786857 2.622551 3.900099
-1.306946 -24.23605 15.48108 0.632519 0.308064 -1.248374 -1.450178 0.437515 0.29577
-3.306946 -24.23605 15.48108 -1.094366 -0.668223 -0.73306 -0.807241 1.735387 1.563006
-5.306946 -24.23605 15.48108 -1.896005 -1.15242 -0.529352 -1.983243 1.005609 1.006714
-7.306946 -24.23605 15.48108 -1.912582 -1.692342 -0.585816 -1.740009 0.224143 -0.250334
16.69305 -26.23605 15.48108 -2.133057 -1.301318 -1.599324 -2.301516 -0.617613 -1.521582
14.69305 -26.23605 15.48108 -0.197313 0.543579 -0.611793 -1.190701 1.13825 1.226509
12.69305 -26.23605 15.48108 2.108613 2.560858 -0.412141 -0.662852 1.919866 2.415843
-1.306946 -26.23605 15.48108 1.131115 1.497729 -0.599432 -2.126046 1.323234 2.10903
16.69305 -28.23605 15.48108 -2.213617 -1.17621 -1.514877 -2.193254 -1.200589 -1.539465
14.69305 -28.23605 15.48108 -1.019962 -0.956957 0.150966 -0.898651 0.35043 -0.402974
12.69305 -28.23605 15.48108 1.92116 1.154487 1.062316 0.439014 0.844391 0.137795
10.69305 -28.23605 15.48108 2.828201 3.120543 0.660099 1.687547 -0.29927 0.868489
6.693054 -28.23605 15.48108 1.923067 0.674481 1.532578 0.995038 0.528423 -0.755005
-1.306946 -28.23605 15.48108 2.598452 1.249998 1.663312 -0.440135 0.701172 -0.42885
-3.306946 -28.23605 15.48108 1.833837 1.908138 0.786361 0.678293 -0.361316 -0.676794
-5.306946 -28.23605 15.48108 1.096256 2.494974 -0.61906 1.218383 -1.030553 0.414916
-7.306946 -28.23605 15.48108 0.508547 1.246969 -0.180418 1.376068 -0.060673 1.877654
-9.306946 -28.23605 15.48108 0.033787 0.405577 -0.356845 0.482156 0.897152 2.140571
14.69305 -30.23605 15.48108 0.507175 0.047406 0.527694 -0.641031 0.274433 -1.171913
12.69305 -30.23605 15.48108 0.248262 0.814112 -0.030941 -0.863329 -1.509501 -1.621447
10.69305 -30.23605 15.48108 -0.399819 0.715284 1.152604 2.12982 -1.844651 -1.337859
8.693054 -30.23605 15.48108 0.302842 0.792522 2.01545 2.185556 -0.214491 -0.900412
6.693054 -30.23605 15.48108 0.673475 0.508311 1.586668 1.258378 -0.288948 -1.177483
-1.306946 -30.23605 15.48108 0.979563 -0.400605 5.494455 4.882634 0.380153 0.059602
-3.306946 -30.23605 15.48108 0.835521 1.12659 4.347163 5.262129 -0.273208 0.250241
-5.306946 -30.23605 15.48108 -0.222855 1.628415 1.343004 4.56534 -1.165168 0.031704
-9.306946 -30.23605 15.48108 -1.814299 -0.450292 1.367303 3.357658 0.006655 1.079776
14.69305 -32.23605 15.48108 1.488283 1.033278 0.406031 -0.992464 1.01322 -0.783652
12.69305 -32.23605 15.48108 -0.053277 0.115245 -0.252414 -1.279276 0.472415 -0.766941
6.693054 -32.23605 15.48108 1.279268 1.74717 1.789061 2.632494 -0.366116 -0.066892
4.693054 -32.23605 15.48108 0.503111 0.766038 0.510051 2.247693 -0.511087 -0.283536
-7.306946 -32.23605 15.48108 -1.194248 0.046892 2.03114 5.15799 -0.171785 -0.926933
4.693054 -34.23605 15.48108 0.041028 0.313013 0.696639 1.947768 -0.117612 0.38192
-7.306946 -34.23605 15.48108 -2.12444 -0.435286 1.697526 4.028426 -0.240325 -0.235667
10.69305 -38.23605 15.48108 -1.400465 -1.752218 1.226035 1.64306 -0.428834 -2.122635
8.693054 -38.23605 15.48108 -2.005019 -0.609988 0.299024 1.83478 -1.393169 -1.918875
10.69305 -40.23605 15.48108 -1.432279 -0.324858 1.151221 3.100089 -0.277991 -0.478197
8.693054 -40.23605 15.48108 -1.6189 0.372292 0.454634 1.69069 0.222052 -0.024329
-5.306946 -22.23605 17.48108 -3.624901 -3.435712 -1.826368 -1.283298 -1.806237 -3.499314
-3.306946 -24.23605 17.48108 -4.277579 -5.210003 -1.091838 -2.918323 0.743721 -1.820742
-5.306946 -24.23605 17.48108 -2.77496 -3.536274 -0.353035 -1.35617 0.498007 -1.203296
-7.306946 -24.23605 17.48108 -0.324144 -1.646337 0.449744 -0.941849 1.023076 -0.419822
16.69305 -26.23605 17.48108 -0.916933 -0.397371 -1.151312 -0.888373 -0.698786 -1.623774
0.693054 -26.23605 17.48108 -5.599094 -4.080796 -1.162564 0.19895 1.144359 0.695306
-1.306946 -26.23605 17.48108 -2.272206 -2.708001 0.088046 0.448808 1.01542 -0.248472
-3.306946 -26.23605 17.48108 -0.532996 -1.884859 0.09769 -0.691316 1.102388 -0.298423
-5.306946 -26.23605 17.48108 -0.629332 -0.993351 0.169352 -0.304929 1.59506 1.879765
16.69305 -28.23605 17.48108 -0.942294 -0.049708 -1.135679 -0.523384 -1.268794 -1.725964
14.69305 -28.23605 17.48108 -1.549085 -2.096092 0.389987 0.077273 -0.345176 -1.473021
0.693054 -28.23605 17.48108 -3.256272 -1.463573 -0.320793 0.009444 -0.107398 -0.449165
-1.306946 -28.23605 17.48108 0.672862 0.615784 1.173082 0.715848 0.298364 -0.660278
-3.306946 -28.23605 17.48108 0.972082 0.705697 0.397286 -0.354497 0.285691 -0.368101
14.69305 -30.23605 17.48108 -1.174214 -0.443612 -0.708537 -0.498417 -0.364935 -0.266802
12.69305 -30.23605 17.48108 -0.911658 0.790979 -0.249038 0.736828 -0.129823 1.225629
6.693054 -30.23605 17.48108 -0.480731 -1.051309 0.515679 0.186384 0.239166 -0.729939
-1.306946 -30.23605 17.48108 2.030905 0.321202 2.387264 0.864389 1.398735 -0.086765
-3.306946 -30.23605 17.48108 0.821007 0.348388 1.101189 0.932311 0.396892 -0.390072
-5.306946 -30.23605 17.48108 0.398964 1.231207 -0.06136 1.289248 -1.00605 -0.465718
-7.306946 -30.23605 17.48108 -1.539977 -0.766382 -0.233952 0.305635 -0.969037 -0.523008
-9.306946 -30.23605 17.48108 -3.943232 -3.62293 -0.115036 -1.441924 -0.426243 -0.997484
-1.306946 -32.23605 17.48108 1.568079 1.240714 1.260403 1.418189 1.694094 2.467969
-3.306946 -32.23605 17.48108 0.394456 0.860808 1.073053 2.624491 0.507242 1.091127
-5.306946 -32.23605 17.48108 0.819473 0.5008 1.177592 2.398978 -0.210133 -0.725145
-7.306946 -32.23605 17.48108 -1.224097 -0.942726 -0.610756 0.408635 -0.866578 -1.218612
-3.306946 -34.23605 17.48108 -0.391246 0.940272 1.179155 3.773417 -0.310655 1.708611
-5.306946 -34.23605 17.48108 -1.086993 -0.883646 1.701375 4.04492 -0.681843 0.393861
-7.306946 -34.23605 17.48108 -1.875844 -1.726184 -0.543377 1.686567 -1.992996 -1.327931
-3.306946 -24.23605 19.48108 -3.053024 -6.739708 -0.920965 -3.15933 -1.23537 -4.963418
-5.306946 -24.23605 19.48108 -2.389143 -5.054093 -1.312343 -1.810942 -1.902009 -3.78802
-7.306946 -24.23605 19.48108 -1.582618 -2.996323 0.013702 0.198236 -2.270812 -3.038328
16.69305 -26.23605 19.48108 -1.933289 -1.634468 -0.283129 1.162302 -0.50456 -0.742126
-1.306946 -26.23605 19.48108 -5.022997 -6.147628 -1.321805 -1.555598 -0.963282 -2.177384
-3.306946 -26.23605 19.48108 -3.035508 -5.133915 -0.495246 -2.380263 -0.907675 -2.749377
-5.306946 -26.23605 19.48108 -2.400971 -3.195439 -0.784146 -0.959372 -0.955748 -0.204712
-7.306946 -26.23605 19.48108 -1.605087 -1.734164 -0.012461 0.610505 -1.613483 -0.576498
14.69305 -28.23605 19.48108 -1.305066 -1.68648 1.187889 0.708154 -0.516145 -0.833145
12.69305 -28.23605 19.48108 -1.18453 -1.008986 1.860447 1.759268 0.443324 -0.301572
-1.306946 -28.23605 19.48108 -4.028747 -3.166641 -0.115134 0.238106 -1.214535 -0.305625
-3.306946 -28.23605 19.48108 -3.212001 -2.367326 0.343674 -0.1388 -0.397109 0.207036
-5.306946 -28.23605 19.48108 -1.610826 -1.270959 0.586747 0.877133 -0.251615 1.242028
-3.306946 -30.23605 19.48108 -1.633911 -0.400882 0.748548 1.740355 0.448991 1.11829
-3.306946 -32.23605 19.48108 -1.067604 -1.281338 0.859111 1.524543 0.341101 0.199347
-3.306946 -34.23605 19.48108 -1.497263 -2.2664 0.648957 0.509549 0.263276 0.071345
-5.306946 -34.23605 19.48108 -1.474623 -1.359904 -0.550589 -0.475934 -0.357462 0.552319
14.69305 -26.23605 21.48108 0.110426 0.378354 1.147829 1.463669 0.520965 0.898897
