3.619576 -25.42059 -2.212063 -1.131436 -1.118238 0.822558 0.380284 0.847892 3.018082 0.490088 1.275377 4.117298 2.575462 2.821994 3.304013
-0.380424 -29.42059 -2.212063 4.886795 6.414943 6.416714 2.935613 -3.615485 -0.693897 3.990318 2.428871 5.16483 4.848347 3.482771 4.909537
-2.380424 -29.42059 -2.212063 0.376071 1.528055 1.960963 -0.335941 -2.813393 -0.220406 0.667749 -1.53723 2.40466 4.052142 0.759519 -1.378767
3.619576 -31.42059 -2.212063 -1.152287 7.136847 0.925128 4.377514 -2.543191 4.066161 4.912385 4.115212 4.190059 3.528545 2.541291 5.019138
1.619576 -37.42059 -2.212063 4.613068 -0.2826 4.297111 -2.970705 0.359515 2.707202 0.562325 2.48126 -0.011871 3.107003 0.073999 -1.724659
1.619576 -39.42059 -2.212063 2.413957 0.638644 3.321595 -1.110604 3.208446 3.915416 2.759703 1.153424 2.908681 1.2708 0.663186 0.215435
1.619576 -41.42059 -2.212063 0.711658 2.010242 2.153943 1.438041 2.841202 3.978859 2.317071 2.135662 4.148417 0.370001 -1.044524 0.569681
1.619576 -43.42059 -2.212063 -1.124333 -0.81987 -0.962581 0.50409 1.169713 0.164132 3.469029 0.343289 3.613146 0.729312 -2.084186 -0.829248
3.619576 -45.42059 -2.212063 3.131875 -1.237129 1.199536 1.027313 2.342283 -1.968402 1.754038 0.446039 2.594389 0.721549 0.577929 -1.840485
1.619576 -45.42059 -2.212063 -2.093014 4.776955 -3.051081 -0.297542 -1.972484 2.215027 1.869714 2.3788 1.343551 1.237823 0.273014 0.958473
5.619576 -25.42059 -0.212063 -0.268848 0.847864 -1.515603 6.607592 0.241846 1.233387 -0.062334 -0.157493 -0.584604 2.859771 2.759744 -1.216318
3.619576 -25.42059 -0.212063 -0.558837 -4.948223 1.279637 3.62949 2.42748 0.152205 1.3412 -0.688939 6.131845 1.621415 5.686183 -2.27463
-2.380424 -25.42059 -0.212063 1.140564 -0.300403 -3.387232 -3.111133 -2.409409 -1.146083 -3.782945 -5.224579 1.420856 -4.325705 4.298788 -3.239665
-4.380424 -25.42059 -0.212063 1.347233 -4.154327 0.93228 -1.613799 1.929775 3.85479 -0.299242 -0.295551 5.11358 -0.481148 3.677589 1.527983
5.619576 -27.42059 -0.212063 -0.009655 -0.782369 -1.417 3.543546 0.16957 1.023282 0.9028 1.338282 2.407107 -0.810539 1.705893 -0.881399
3.619576 -27.42059 -0.212063 -1.622337 -0.653755 -0.114468 1.910528 0.348871 2.799579 -0.587449 1.383997 4.626319 1.599488 4.661739 -0.575574
-0.380424 -27.42059 -0.212063 -0.803016 -1.238109 2.20787 -1.886399 -0.684092 1.366351 2.335981 1.194622 7.388606 0.241176 4.563048 0.16603
-2.380424 -27.42059 -0.212063 2.1841 0.158387 1.161696 -3.548085 1.07143 1.390727 -2.924258 -3.353034 3.043352 -2.041224 1.633662 3.718765
-4.380424 -27.42059 -0.212063 5.36326 -7.391102 3.132117 0.36386 4.423216 3.143018 -0.245202 -2.859317 5.942708 -0.689939 3.958719 0.9465
5.619576 -29.42059 -0.212063 -1.103334 -3.379739 -0.091873 1.815083 -0.694123 -0.995331 -0.380704 1.148466 2.682584 -3.571074 2.312138 -1.796207
3.619576 -29.42059 -0.212063 -1.606357 3.779682 0.196975 1.450592 -1.795882 2.777754 -0.215866 2.314477 2.57979 0.331933 4.739915 2.372177
-0.380424 -29.42059 -0.212063 2.005143 3.39156 2.678259 -1.765181 0.083645 1.74163 -0.271647 2.817198 5.60957 2.212363 2.033722 4.31957
-2.380424 -29.42059 -0.212063 3.312212 -0.023894 4.924112 -3.57159 2.99698 0.463767 -3.345475 -1.326144 2.693048 0.214243 -2.48397 4.405835
-4.380424 -29.42059 -0.212063 7.525811 -6.437329 5.892694 -0.406952 2.719706 -0.47932 -1.547495 -4.722814 3.777314 -0.135819 2.555835 -0.536367
3.619576 -31.42059 -0.212063 -3.501629 4.562455 0.644866 0.665571 -1.977762 1.523893 2.320625 1.278592 3.004596 -1.164147 5.5812 1.74043
-0.380424 -31.42059 -0.212063 3.834267 2.270137 2.961508 -1.242443 2.267891 1.530527 -0.435726 0.103378 2.87964 0.002691 1.802217 3.017179
-2.380424 -31.42059 -0.212063 7.565262 -0.467791 5.422429 -2.385413 4.858604 1.162087 -3.501011 1.674929 1.893764 1.7505 -3.554694 3.077329
3.619576 -33.42059 -0.212063 -2.153837 -1.079615 0.786882 -1.495969 -0.716672 0.229911 2.422473 -0.066019 4.450741 -0.360711 4.768587 -1.588276
-0.380424 -33.42059 -0.212063 -0.914971 1.005233 -0.336046 -2.965055 -1.067954 3.742865 -1.043269 -1.051793 -0.96508 -2.344356 0.378189 1.063014
-2.380424 -33.42059 -0.212063 4.452056 -1.914175 3.070196 -2.100061 4.237373 1.920801 -2.098645 2.554511 1.948032 -0.369415 -1.432176 2.710689
3.619576 -35.42059 -0.212063 -0.43426 -8.562594 1.625804 -2.953387 -3.300457 -0.620497 2.173871 -2.079417 3.83563 1.687211 2.781453 -3.442822
1.619576 -35.42059 -0.212063 -3.524539 -2.332855 -2.269869 -1.534821 -5.739119 -0.333536 -0.166042 -1.767081 -2.660012 -0.206597 -0.311269 -1.552386
-2.380424 -35.42059 -0.212063 2.8135 -2.48123 2.619371 -1.944303 -0.488002 1.740406 -1.569498 1.95184 -0.072883 0.726374 -0.327738 -0.281533
1.619576 -37.42059 -0.212063 2.81498 -1.25534 0.810738 -1.609471 -3.069393 2.242 -1.214523 1.203704 -3.413148 2.702933 -1.472794 -0.245293
-2.380424 -37.42059 -0.212063 2.529117 -1.099452 1.942896 -1.032509 -1.549928 4.561581 0.558176 0.823736 -0.598778 3.273648 -0.824677 -0.571631
1.619576 -39.42059 -0.212063 2.203133 -0.930207 1.231408 -1.519257 0.775353 3.75451 -0.275114 1.609318 -0.284468 0.860849 -0.927707 0.094328
1.619576 -41.42059 -0.212063 0.341796 1.249545 2.14715 3.847268 4.19705 4.357841 1.567642 3.855446 4.069731 3.673115 1.146471 3.198601
3.619576 -43.42059 -0.212063 1.379064 -4.136196 1.490338 1.041333 -0.618833 -1.935516 1.674076 -4.239938 1.635193 3.689941 -0.058977 -3.47789
1.619576 -43.42059 -0.212063 -1.824409 0.361428 0.448177 1.8247 1.449663 1.780566 0.369064 0.934106 4.100273 3.805976 0.786437 1.516842
3.619576 -45.42059 -0.212063 4.251205 -3.415019 1.329217 -0.10951 0.406681 -3.28797 1.083145 -2.172755 0.316045 0.15751 1.555261 -4.260057
1.619576 -45.42059 -0.212063 -1.035002 0.825605 -0.423687 0.924842 0.881809 3.865137 -1.048821 0.481026 0.717934 1.717081 1.764576 0.360472
3.619576 -47.42059 -0.212063 3.933273 -2.111659 1.498241 -0.184191 1.960928 -1.943647 3.171865 -0.109876 1.176187 -0.273878 2.073059 -2.755586
1.619576 -47.42059 -0.212063 2.050022 0.276389 0.078853 -0.830784 2.813447 3.774688 -0.19041 -0.177785 1.244803 1.381257 2.132117 -0.567247
5.619576 -49.42059 -0.212063 -1.337253 -2.267025 0.519387 -1.185448 -0.415377 1.263479 -0.35456 -0.819915 -0.250511 1.154891 0.922333 -0.995584
3.619576 -49.42059 -0.212063 3.170258 -0.403443 0.692942 -0.373786 1.287967 0.449666 2.254879 1.329504 1.334895 0.951025 3.22457 1.055074
-2.380424 -25.42059 1.787937 -4.016913 -3.297588 -0.396303 1.187403 -3.160957 -3.217635 -2.067488 -2.07921 0.598523 -6.178383 4.423819 -3.13215
-4.380424 -25.42059 1.787937 -6.641819 4.14763 -3.417167 1.645782 -3.123403 0.524596 -3.058214 0.917088 -2.645094 -5.028526 0.614569 0.292359
5.619576 -27.42059 1.787937 9.404523 1.303212 5.803456 0.719547 5.752192 1.572101 3.293974 3.908556 1.68796 0.122442 1.289959 5.749133
3.619576 -27.42059 1.787937 6.072665 4.496203 4.03186 -0.294282 5.73923 6.220974 1.874956 0.536327 2.978917 2.323644 1.100694 -0.033246
-2.380424 -27.42059 1.787937 -4.640768 -2.801067 4.109986 -3.256015 1.840911 -1.051692 -3.46571 -3.51536 -0.617785 -4.919214 0.136951 -2.502353
-4.380424 -27.42059 1.787937 -9.633195 -3.691313 -2.925297 -3.577034 1.683747 0.213112 -5.82763 -3.826987 -1.37018 -6.35199 0.474928 -5.413232
5.619576 -29.42059 1.787937 4.886838 1.428629 5.407194 1.261904 1.438978 0.419183 0.18421 1.002142 0.019873 -2.398464 -0.169296 1.009729
3.619576 -29.42059 1.787937 6.435255 5.289686 5.580666 -1.46789 4.785621 5.034019 1.723932 1.608497 2.813142 1.928384 1.31672 1.142735
-2.380424 -29.42059 1.787937 -1.161155 0.772756 6.633204 -3.933528 5.239559 -0.024707 -2.930403 -2.563573 -0.286107 -2.852019 -2.894419 1.834135
-4.380424 -29.42059 1.787937 -5.731511 -6.414527 0.631778 -4.397573 3.694131 -0.1487 -5.507551 -4.021081 0.690763 -3.841813 1.137222 -3.404513
5.619576 -31.42059 1.787937 2.122076 -0.839972 5.393807 4.938238 1.764756 0.859298 0.735657 -1.266555 0.834019 -0.847059 -0.300789 -2.585855
3.619576 -31.42059 1.787937 4.777683 4.015094 6.04572 -0.192872 2.882368 3.064241 5.359704 -1.104113 4.06902 0.876486 2.980788 -1.001761
-2.380424 -31.42059 1.787937 4.774248 4.740414 5.966816 -0.34216 4.383257 0.430121 -2.422393 -1.612161 0.905332 -1.883844 -1.685932 2.724118
-4.380424 -31.42059 1.787937 -1.087681 -3.468879 0.77321 -2.926579 2.65751 1.862058 -3.147079 -1.381436 2.077233 -1.620398 0.061706 -0.91915
5.619576 -33.42059 1.787937 -0.336897 -0.751789 3.052363 6.519027 2.209816 4.062425 2.299408 -0.641055 0.771517 3.273273 0.757156 -4.02976
3.619576 -33.42059 1.787937 3.365026 2.571778 3.866218 2.835886 0.669829 1.854349 4.462373 -1.502547 2.66768 1.007421 2.132845 -4.254864
-2.380424 -33.42059 1.787937 0.367947 2.171189 3.263014 1.534564 -0.3491 3.311104 -0.844665 1.081008 2.463962 -2.055749 -0.351065 2.125339
-4.380424 -33.42059 1.787937 -3.023425 -1.714655 -1.164827 -2.138912 -0.880872 1.897125 -1.73099 1.285996 3.243666 -1.064932 -0.17822 1.384137
5.619576 -35.42059 1.787937 -0.530338 -2.721054 -0.174918 3.990024 0.019062 4.185503 2.913507 0.571748 0.850526 3.383138 0.534495 -5.20893
3.619576 -35.42059 1.787937 1.93649 -2.012095 3.437992 3.298389 -0.91229 2.044641 2.505138 0.791975 2.510263 2.390403 2.752296 -3.521595
-0.380424 -35.42059 1.787937 -1.261311 -3.146116 3.648687 1.848997 -2.470035 3.188507 -0.723579 -0.323328 0.105716 -3.807414 1.012272 -4.323162
-2.380424 -35.42059 1.787937 -2.856409 -2.290046 1.234434 -0.572534 -7.451208 5.537349 -1.366523 2.875929 1.148131 -0.290161 -1.72679 -0.724734
3.619576 -37.42059 1.787937 2.954673 -5.263831 4.687921 1.532107 0.512685 0.673445 0.803274 0.993771 4.726867 0.280624 6.117978 -0.137354
-0.380424 -37.42059 1.787937 -0.701499 -2.591526 0.692179 -0.124906 -1.65447 4.618617 -2.659915 0.566461 0.348424 -0.992659 -1.177052 -5.472146
-2.380424 -37.42059 1.787937 -1.48351 -3.611414 -0.576425 -1.890048 -4.308266 8.281331 -0.602972 0.295558 3.274509 0.665552 -1.80417 -2.980891
3.619576 -39.42059 1.787937 2.453194 -6.209008 3.966725 -1.384816 1.106261 -1.020355 1.688982 -2.345067 7.074957 -0.969169 5.994965 -2.090393
1.619576 -39.42059 1.787937 0.641583 -4.597735 0.367413 -0.863798 0.628832 -0.363597 -1.567931 -2.727829 1.066327 -1.870981 2.092032 -2.668761
-2.380424 -39.42059 1.787937 -0.759744 -2.110656 -0.196011 -2.50756 -0.635753 6.755692 -1.600314 2.862875 4.394409 4.524271 -1.531287 -1.239356
1.619576 -41.42059 1.787937 -1.730456 -0.42578 1.088787 2.515179 1.347907 0.828255 -0.631235 0.300265 2.320378 1.265078 2.799149 1.661643
-2.380424 -41.42059 1.787937 4.71867 -1.571382 3.312068 -0.913048 1.479761 3.660972 0.484169 2.58365 5.575946 3.781865 1.949978 -2.046151
1.619576 -43.42059 1.787937 -1.669863 1.867181 1.528459 2.906579 0.859872 2.653727 -1.302265 2.180317 2.070436 4.94943 2.422108 3.759196
1.619576 -45.42059 1.787937 -1.079756 -0.159966 -0.189059 1.951188 1.314256 5.545732 -1.431929 1.309496 1.178837 4.809258 1.115572 0.476297
5.619576 -47.42059 1.787937 3.914362 -1.728011 1.893163 -0.960086 1.288071 -1.004768 2.105577 -0.914825 3.831224 1.865264 4.525684 -0.695932
3.619576 -47.42059 1.787937 4.057429 -1.859888 2.918724 -0.20865 1.076667 -1.174121 3.612846 -1.758043 2.493098 1.547582 5.536709 -1.674574
1.619576 -47.42059 1.787937 -2.367492 -0.50177 1.074241 -0.007247 3.353227 4.92667 -0.216953 0.688793 1.57564 4.361287 2.734895 0.085915
5.619576 -49.42059 1.787937 5.162711 -3.500568 1.844459 -1.022602 1.35078 -1.816247 1.857051 -2.530109 2.075475 0.42441 2.033928 -3.056722
3.619576 -49.42059 1.787937 4.461018 -3.193424 0.127107 -0.770025 -0.054675 -1.493705 0.107721 -2.426102 -0.604847 -0.447067 2.305907 -0.704141
1.619576 -49.42059 1.787937 1.318271 -1.210427 0.372189 0.914483 1.218475 1.141034 -0.426313 -0.720121 0.498212 2.782479 3.671483 0.901631
3.619576 -57.42059 1.787937 0.797338 -3.011614 2.272618 -1.422867 5.0883 -0.307382 -0.881648 0.549329 0.504292 1.900513 -0.892168 -1.037461
-4.380424 -29.42059 3.787937 -8.21944 -0.696143 -4.500352 -3.164938 -0.524774 -0.821153 -2.349688 -0.093324 0.87581 -1.583992 3.569094 -2.039681
-4.380424 -31.42059 3.787937 -5.48544 -2.290997 -5.831096 -3.207551 -2.840601 0.175713 -0.049139 -1.903168 0.909375 -2.091368 3.541471 -1.489631
-6.380424 -31.42059 3.787937 -1.081771 -1.553586 -2.95284 -3.118775 -0.037443 1.416192 -1.354002 2.369248 1.227295 3.119234 1.841627 2.480155
5.619576 -33.42059 3.787937 6.210939 -3.0358 3.936509 4.070127 3.685242 4.859713 0.903844 -3.682731 1.691288 1.536751 -0.124829 -2.385828
3.619576 -33.42059 3.787937 6.529197 0.973643 2.973354 4.274729 2.587291 0.701223 2.677746 -3.409137 1.660985 1.137027 1.093132 -4.753474
-4.380424 -33.42059 3.787937 -11.33794 -2.352644 -8.459952 -4.652317 -6.12875 0.13879 -1.629494 -0.285211 1.905882 -3.271346 1.286735 -1.045025
-6.380424 -33.42059 3.787937 -3.317509 -1.03183 -3.86415 -3.495078 1.75093 1.044689 0.956383 1.225172 0.994787 0.055965 0.788568 1.244142
5.619576 -35.42059 3.787937 9.084188 -1.853124 2.786731 5.493049 4.195024 4.509221 -0.636707 -0.693035 3.167026 3.923179 1.327979 -3.705535
3.619576 -35.42059 3.787937 4.353031 0.068449 1.43433 5.677547 0.902803 1.827363 -1.512434 0.644695 1.74333 1.162271 0.208516 -2.894691
-2.380424 -35.42059 3.787937 0.007621 -2.780399 -1.261228 0.594739 -9.642533 2.742315 -1.403647 0.487533 1.114684 -0.805716 -4.555531 -2.435293
-4.380424 -35.42059 3.787937 -10.41671 0.262194 -6.414864 -3.018317 -8.40525 3.908794 -1.07676 3.490559 1.553123 -3.038378 -0.49824 -0.190901
5.619576 -37.42059 3.787937 3.825343 -2.009807 2.636974 4.833052 2.653874 1.965451 -3.286625 0.942329 3.588175 1.752867 -0.903031 -3.325164
3.619576 -37.42059 3.787937 3.547668 -2.651255 2.536565 4.05118 2.562005 1.653391 -3.159828 3.24439 1.087059 -1.105735 0.35371 1.013245
-2.380424 -37.42059 3.787937 3.765508 -4.311216 -0.785864 1.837866 -4.381922 6.261645 -0.443035 -3.713057 4.162595 -1.128375 0.47795 -6.314922
-4.380424 -37.42059 3.787937 -4.617661 -3.046214 -4.616633 -2.368656 -5.701366 4.632303 0.914811 -0.246222 2.004006 -2.720811 1.098252 -3.975485
5.619576 -39.42059 3.787937 2.67298 -1.175922 4.30816 1.421781 2.434228 2.538797 -3.453585 0.158571 3.351124 0.140857 0.120662 -1.987823
3.619576 -39.42059 3.787937 4.642639 -4.811426 4.037209 -1.135344 4.901721 -1.275414 -1.839802 -0.734696 2.626879 -1.616161 2.369436 -1.822827
-2.380424 -39.42059 3.787937 1.033929 -2.874212 -0.256292 2.153814 -0.633657 5.406998 -2.264448 -2.725661 4.602077 0.165926 2.636168 -6.162558
-4.380424 -39.42059 3.787937 -2.728133 -3.333025 -1.890163 1.072832 -3.959389 1.520836 -2.791758 -1.276599 3.085352 -0.079104 1.218759 -4.784346
5.619576 -41.42059 3.787937 4.790631 0.440423 6.62481 -0.306884 2.562834 2.873548 -1.531331 -0.398733 4.645816 0.17755 3.014719 -1.683061
3.619576 -41.42059 3.787937 3.267272 -4.314107 5.562782 -2.547129 3.795142 -1.71666 0.49773 -2.679292 5.226801 -0.404744 4.470253 -1.777236
-2.380424 -41.42059 3.787937 1.385473 -1.541198 0.341068 1.839889 1.578627 3.430812 -1.676189 0.424759 4.350048 2.626122 3.61907 -4.516203
3.619576 -43.42059 3.787937 2.665857 -1.952402 6.950916 -0.782014 0.710016 1.148284 2.444007 -1.232488 6.677396 3.059054 5.941828 2.198819
1.619576 -43.42059 3.787937 5.102438 1.014429 3.321609 1.626881 1.607409 1.091841 0.008773 2.178929 2.768734 3.000918 1.524775 3.809608
-2.380424 -43.42059 3.787937 3.108892 -2.394899 0.200769 0.894725 0.916648 3.546762 0.15306 1.24201 4.664829 4.381485 3.028355 -4.561226
1.619576 -45.42059 3.787937 3.404179 1.995924 1.563255 2.693771 0.178876 3.358063 0.054974 1.83592 1.116757 2.80749 1.515388 1.908751
-2.380424 -45.42059 3.787937 2.256136 -4.738269 -0.938785 0.837851 -0.579475 4.450729 0.370486 0.656133 5.935254 2.825235 1.749345 -3.897891
1.619576 -47.42059 3.787937 -0.100658 1.249334 1.508556 -0.549875 1.339859 1.853657 1.508591 2.332728 1.174891 2.315973 0.99441 1.072456
1.619576 -49.42059 3.787937 2.113306 1.680773 -0.332367 0.409187 1.991082 1.459427 -0.326325 -0.256848 1.342546 1.45536 0.733585 1.315158
3.619576 -51.42059 3.787937 1.362685 -0.875936 -0.37962 0.746648 -1.924134 -2.171892 -0.439471 -0.716126 0.85857 -0.00276 -1.983678 -0.787422
1.619576 -51.42059 3.787937 -0.214003 1.166533 -0.852746 -0.182246 1.461851 -0.994189 0.61574 -0.082124 0.558469 1.504751 -0.960284 0.040732
3.619576 -53.42059 3.787937 2.884357 -2.413769 1.318436 -1.682679 -0.673102 -3.159392 2.866276 -0.31834 2.071386 0.847163 -0.31008 -1.808543
1.619576 -53.42059 3.787937 -0.505521 0.974853 0.124537 -2.85483 0.115632 0.891024 3.754495 1.024133 1.898221 2.343201 2.409966 -1.742314
-2.380424 -53.42059 3.787937 2.025206 5.106489 0.904599 3.82445 0.157958 1.862599 -0.971355 -1.040334 1.346988 3.767093 1.815615 0.949339
-4.380424 -53.42059 3.787937 2.231488 1.648243 2.027993 0.656943 0.943937 -1.641142 -0.441043 -1.276039 -0.92598 2.752917 1.690944 -0.25165
5.619576 -55.42059 3.787937 2.576776 -1.83142 0.652224 -1.004768 1.299251 -1.573309 2.184946 -0.495954 1.236796 1.059916 -1.106542 -0.192205
3.619576 -55.42059 3.787937 5.167498 -1.200254 3.413803 -1.718233 1.725988 -0.417308 2.379271 1.589176 2.423199 0.919688 0.004516 0.1051
-4.380424 -55.42059 3.787937 1.382337 0.150412 2.25479 1.508043 -0.880147 -1.575372 -0.490978 -0.941139 -0.825722 1.171265 1.075171 -1.731107
5.619576 -57.42059 3.787937 2.810943 -1.958218 0.87969 -0.419026 -2.21103 -0.15671 2.006764 -0.926542 1.3837 -0.431168 -0.873565 -2.401145
3.619576 -57.42059 3.787937 1.586206 -1.354779 1.345201 -3.165906 -1.089282 0.582211 1.538447 0.268198 1.343493 -0.14493 -2.990795 -1.292543
-4.380424 -57.42059 3.787937 1.188151 -3.889731 2.055307 -0.515016 -0.819832 0.235277 1.144825 0.546554 2.092357 3.343698 -0.801007 -0.435388
5.619576 -59.42059 3.787937 1.007118 -4.117775 1.320417 -0.241598 0.292997 -0.244891 3.132943 -0.747788 2.737864 0.12032 0.467975 -1.271298
3.619576 -59.42059 3.787937 -4.642269 -1.772056 -2.483026 -3.376846 -1.669261 -0.106939 -0.519541 0.427145 -0.064573 -0.31618 -1.655136 -1.097612
1.619576 -59.42059 3.787937 -7.131402 2.676747 -4.490542 -0.612659 -1.450318 1.717823 -5.055969 -0.508465 -3.514684 -1.766147 -3.295513 -2.0532
5.619576 -61.42059 3.787937 2.529609 -3.027524 -0.945346 -0.615352 1.744559 -1.667614 1.875039 -0.849366 0.632536 1.6862 -0.3852 -2.562967
3.619576 -61.42059 3.787937 -8.595889 -1.399212 -6.20219 -1.724707 -4.469468 -1.186849 -2.365475 -1.672363 -1.644648 -0.201349 0.543893 -3.205924
1.619576 -61.42059 3.787937 -9.180476 -1.683676 -6.416435 -0.037495 -3.595082 -1.411266 -4.868297 -2.569499 -1.650191 -1.312076 -1.987355 -3.983938
5.619576 -37.42059 5.787937 -1.951962 0.124724 -1.848468 4.14369 1.558938 1.410935 -2.492678 -0.314874 -2.258901 -1.664538 -3.911215 -1.402624
5.619576 -39.42059 5.787937 -2.432113 1.194726 2.242808 1.166851 -0.966933 1.851607 -6.495019 0.291097 -5.020407 -0.8397 -2.346999 0.303614
-4.380424 -39.42059 5.787937 -6.177492 -0.924825 -1.739393 0.818898 -1.821555 0.778904 2.787984 0.562814 0.40125 -2.160745 4.991254 1.146686
-6.380424 -39.42059 5.787937 -0.093812 6.174347 2.998632 1.121309 3.773879 3.096889 3.51897 3.581581 1.378033 -1.366653 0.186194 3.162871
7.619576 -41.42059 5.787937 1.604062 3.008683 1.346723 1.642696 2.049745 4.255807 -1.952531 -0.230463 -1.701036 -2.248055 0.240363 -1.165332
5.619576 -41.42059 5.787937 -0.053537 -2.041412 2.991383 1.850541 0.726291 2.78253 -4.964838 0.500614 -3.039865 -1.537012 -0.693934 -1.408476
3.619576 -41.42059 5.787937 0.061186 -1.169595 2.156052 0.221097 0.630544 3.160212 -1.66611 0.52035 0.871604 1.22542 2.147344 -3.029808
-2.380424 -41.42059 5.787937 0.956001 -1.67852 1.226559 2.309269 1.081041 0.988333 -2.514549 0.762183 1.158248 -0.228322 3.689483 -1.63042
-4.380424 -41.42059 5.787937 -4.98577 -0.589837 0.776195 1.292752 -0.826064 -0.955383 -0.800996 1.460489 1.298084 0.28871 2.723809 1.00095
-6.380424 -41.42059 5.787937 1.726838 6.191646 6.11098 3.44651 4.383544 2.61867 2.886718 3.768107 0.841368 -0.512208 -2.048367 3.727042
7.619576 -43.42059 5.787937 1.172022 -0.545209 1.703579 0.927081 1.935034 0.904213 -2.165815 0.142009 1.500777 -3.689309 0.587948 -1.221708
5.619576 -43.42059 5.787937 0.236661 -4.440938 4.18284 1.589273 1.783068 -0.258253 -3.61634 -0.414484 -1.239816 -1.998973 0.333772 -2.511621
-2.380424 -43.42059 5.787937 1.624806 -4.605719 2.279381 0.686125 1.723963 0.399054 -2.900605 -1.338498 2.495595 0.169216 1.849958 -4.816517
-4.380424 -43.42059 5.787937 -4.549194 1.038639 1.717694 2.043705 -0.469591 2.660304 -1.84832 -0.313984 2.795215 2.220776 0.619865 -2.133456
-6.380424 -43.42059 5.787937 4.772754 6.94036 6.548618 3.520917 3.827358 5.642202 0.840628 3.17625 1.624689 0.179613 0.18615 0.638062
5.619576 -45.42059 5.787937 -0.345893 2.088422 5.639902 2.115192 1.850483 1.990303 -2.156726 3.477137 -0.358976 0.485406 0.846256 0.960223
3.619576 -45.42059 5.787937 -1.526975 -0.137628 3.472361 0.613054 0.221696 3.371886 -2.563018 0.3342 -0.420491 -2.047261 1.522186 0.440232
-2.380424 -45.42059 5.787937 4.485054 -6.690668 2.569263 0.464088 0.148488 0.473807 0.414081 -1.843269 5.333937 -0.652865 1.377154 -4.568528
-4.380424 -45.42059 5.787937 -1.349413 0.606116 5.203466 3.2602 0.504322 3.270212 1.971461 -2.616295 5.292067 1.158222 3.297695 -3.800298
5.619576 -47.42059 5.787937 0.213708 3.511921 3.195444 0.379972 0.718842 2.67443 -1.29384 2.513129 1.693445 3.914556 0.063651 2.475887
3.619576 -47.42059 5.787937 -1.089382 -0.298787 1.512653 -1.454121 -1.645522 1.132491 -1.556253 -0.377901 -0.741878 1.152147 -0.027533 1.179999
1.619576 -47.42059 5.787937 -1.948806 -1.414323 -0.111372 -1.55441 -1.278777 1.206102 -1.368396 -0.549278 -0.278049 -0.785842 -0.399702 -1.033335
-2.380424 -47.42059 5.787937 2.609748 0.566376 2.407499 1.644324 -2.678904 3.553842 0.176917 -0.172636 4.965213 0.479498 1.727429 -1.485973
5.619576 -49.42059 5.787937 1.326334 0.303902 1.882246 0.284146 0.721976 2.507543 -1.187292 -0.420516 3.670176 1.408983 1.011523 3.35321
3.619576 -49.42059 5.787937 1.921588 -0.270748 -0.189675 -0.493775 -0.565736 0.154876 -3.02449 -1.494572 0.768772 -0.340987 0.663524 1.803522
1.619576 -49.42059 5.787937 -1.497234 -1.465523 -4.344667 -3.400453 -2.803935 1.50795 -2.634497 -1.420237 -1.860477 -2.393717 -2.380322 -1.177783
-2.380424 -49.42059 5.787937 1.953003 3.754689 3.908289 1.644247 -2.720924 6.551944 1.204226 1.015941 4.362454 0.710783 -0.086148 3.645648
3.619576 -51.42059 5.787937 0.205079 -1.235535 -0.334842 -0.112171 -1.300283 -0.062529 0.793255 -1.000823 0.984592 -1.810467 0.567373 1.015469
1.619576 -51.42059 5.787937 -2.176769 -0.527952 -4.926746 -2.307143 0.074287 2.950319 1.769726 0.330478 -1.75653 0.295044 -1.448749 0.97448
-2.380424 -51.42059 5.787937 0.938597 0.557225 1.591469 0.995454 -3.079288 3.435935 1.16779 -0.266038 1.642063 2.009225 -0.283235 1.479323
3.619576 -53.42059 5.787937 1.028442 -0.516188 0.997678 -1.776221 -0.269583 -2.249612 2.442097 -1.660528 2.921458 -1.678909 1.934225 -1.441724
1.619576 -53.42059 5.787937 -1.347957 1.376863 -4.584142 -2.979921 2.017639 1.835909 3.76736 0.476945 0.611733 1.370199 2.871871 -0.833062
-2.380424 -53.42059 5.787937 0.622694 2.944706 -0.945914 1.560824 -3.249863 1.944301 -0.24373 -0.121264 0.550202 2.962914 0.97831 -0.620437
-4.380424 -53.42059 5.787937 0.125453 0.827992 -0.605791 0.155849 -1.753149 -0.244701 -2.245528 -1.352803 -0.782148 1.607656 0.935934 -0.988895
3.619576 -55.42059 5.787937 3.122761 -2.967243 1.08012 -0.134633 -0.025141 -1.755844 -0.585772 -1.804374 0.171546 1.553635 -1.075005 -1.606703
1.619576 -55.42059 5.787937 -2.896775 1.796497 -5.530903 -1.206548 0.214449 0.419156 1.171119 -1.306041 -1.120492 1.236458 1.469406 -1.711817
-4.380424 -55.42059 5.787937 -0.224848 0.469402 -0.92539 1.743689 -2.052347 -0.807288 -2.192675 -1.047112 -1.411107 1.706879 1.442541 -2.010225
3.619576 -57.42059 5.787937 1.369925 -1.048931 3.151482 -0.196668 -1.891401 -0.575703 0.190488 -0.527428 1.371305 1.196773 -0.773016 -0.68872
1.619576 -57.42059 5.787937 -5.107005 3.280905 -3.29333 0.778115 -1.840471 1.239242 -0.905689 0.427052 -0.733916 -0.781379 1.315784 0.278981
-6.380424 -57.42059 5.787937 -5.168627 -0.2877 -3.870072 -1.333626 -2.619274 0.077378 -1.001412 -1.801417 -1.269071 -0.153675 -0.648447 -1.230748
5.619576 -59.42059 5.787937 -0.326259 -1.131897 0.818751 -0.09082 -2.823021 -0.795641 2.845252 -0.955674 0.908816 1.861284 0.03574 0.246448
1.619576 -59.42059 5.787937 -5.910532 0.961895 -2.156468 1.784161 -4.565233 2.688516 -3.056844 1.364693 -0.273212 -0.766819 -0.522988 0.886477
-2.380424 -59.42059 5.787937 -0.641319 -2.723903 0.961002 -0.684955 -2.458708 1.839012 -1.048897 0.445049 2.26195 1.455333 1.459006 -1.374977
5.619576 -61.42059 5.787937 -0.738272 -1.694185 0.808111 -0.815198 -2.969266 -1.423663 3.493157 0.161134 -0.527221 4.324858 -0.133418 1.247249
3.619576 -61.42059 5.787937 -2.58804 -1.342854 0.735485 0.968767 -3.711265 -0.818592 0.439026 -0.905368 0.145146 1.730741 -1.250433 0.213291
1.619576 -61.42059 5.787937 -4.468919 -2.687748 -1.750722 0.727749 -4.202481 -0.932338 -0.729659 -2.934878 0.158711 -0.939004 -1.800617 -1.714903
-2.380424 -61.42059 5.787937 0.758852 -2.275365 2.888546 -1.40874 -0.775863 -1.323686 0.497641 -0.611186 1.690368 0.901911 0.034304 -1.191788
3.619576 -63.42059 5.787937 -2.967537 -2.477095 -0.12926 0.507049 -1.123192 -1.502443 -1.458482 -1.356312 -0.819505 0.058973 -2.070966 -2.545116
7.619576 -43.42059 7.787937 -2.156753 -4.466244 1.08266 0.524462 0.744805 0.933363 -0.271804 -2.978416 0.419286 -6.566707 2.760054 -4.525365
7.619576 -45.42059 7.787937 -2.784196 1.823445 0.772361 1.120919 1.167931 0.096759 0.219387 1.146412 0.104294 -4.011548 1.295736 -2.436098
5.619576 -45.42059 7.787937 -4.144203 2.460728 2.395504 1.848492 -0.78357 0.185552 -0.536062 0.179481 -0.699988 -1.923162 0.739938 -3.814813
-4.380424 -45.42059 7.787937 1.189741 0.993456 1.628039 2.231437 1.514648 3.378843 0.098455 -2.812741 2.629363 0.194005 0.265114 -1.607304
-6.380424 -45.42059 7.787937 6.167948 4.197873 4.979006 -0.076462 3.650349 1.082975 0.216328 -1.514276 1.936682 -1.154758 -0.833749 0.267633
7.619576 -47.42059 7.787937 -3.08988 1.210904 1.379921 0.629149 -0.73306 0.842921 -2.487663 -0.320463 0.199959 0.679089 1.047971 -1.321908
5.619576 -47.42059 7.787937 -5.575922 1.57363 1.181352 1.091718 -1.403498 1.132357 -1.370233 0.218858 0.467811 1.871408 0.820656 -1.577642
3.619576 -47.42059 7.787937 -2.660676 0.233707 3.369596 0.142818 1.551768 1.475121 -1.080088 -1.725676 -0.671186 0.923829 1.533629 -0.971596
-2.380424 -47.42059 7.787937 6.227334 2.54294 2.66692 0.927184 0.838703 1.859796 0.165426 -0.692813 2.979248 -0.699234 -0.395853 -1.616161
-4.380424 -47.42059 7.787937 2.996946 3.314093 2.905611 0.980095 1.500114 2.744201 -0.577899 -0.378748 2.39898 -1.250945 -0.28322 -2.022671
-6.380424 -47.42059 7.787937 3.986159 2.598825 2.867945 0.292165 0.167141 1.656964 -1.349088 -0.134359 1.677084 -1.529484 -1.346464 -0.631047
7.619576 -49.42059 7.787937 -1.697812 -3.502696 0.981419 -0.099712 -0.194274 3.010097 -1.33829 -0.595911 0.586454 0.65531 0.630364 -1.330869
5.619576 -49.42059 7.787937 -2.369169 -1.162016 1.502615 1.045384 0.763023 3.162013 -0.611617 -0.408382 2.431827 0.802578 -0.560612 0.091943
3.619576 -49.42059 7.787937 0.990277 -0.565665 3.281625 0.903039 2.203416 1.223627 -2.182059 -1.224326 1.72516 0.626144 -1.337395 0.325744
-2.380424 -49.42059 7.787937 5.536159 2.604761 3.676261 0.650521 1.527399 2.732116 -1.90019 1.847398 1.390335 -2.397137 -1.30449 1.710793
-4.380424 -49.42059 7.787937 2.251179 3.716072 4.164447 1.184549 1.896257 1.557159 -0.057537 1.933825 0.780083 -1.282705 -1.386326 0.198664
7.619576 -51.42059 7.787937 -0.132126 -1.637549 0.442035 0.645346 1.540981 3.980764 -0.210069 0.090524 0.665847 -1.60856 0.684978 -0.12891
5.619576 -51.42059 7.787937 -2.053735 -0.120736 3.073307 0.927278 0.175381 3.935487 -1.82435 -1.085186 0.830894 -2.696325 -0.165672 0.126983
3.619576 -51.42059 7.787937 -1.539671 0.708288 1.22535 1.527689 -0.565012 1.841765 -1.082785 -1.296761 0.346614 -0.58613 -0.413517 -0.160239
1.619576 -51.42059 7.787937 -2.594717 -1.196558 -1.956441 0.417999 -1.124114 1.239918 -2.355297 -2.084845 -0.831263 -1.092927 0.289872 -4.282826
-2.380424 -51.42059 7.787937 3.302294 -1.281835 1.071263 -0.722723 0.254362 0.542135 -1.593771 2.523973 -0.519981 -0.990421 -0.70805 3.682434
7.619576 -53.42059 7.787937 1.290905 1.730658 1.183325 1.45412 0.722947 2.48794 -1.899376 -1.397709 -0.16532 -1.266632 1.031096 0.958593
5.619576 -53.42059 7.787937 -0.538026 0.416389 3.072831 1.099853 -1.133254 2.770267 -1.731084 -0.401475 1.391009 -2.54531 0.878275 2.041969
3.619576 -53.42059 7.787937 -3.58073 1.066549 -1.473553 0.016756 -3.20649 1.93275 -0.715349 -0.877985 1.172889 -2.464245 0.401013 -0.696707
1.619576 -53.42059 7.787937 -3.115135 -1.604462 -3.369565 -1.064795 0.528153 2.141969 0.605066 -1.682015 0.398442 -1.557768 2.37833 -3.977429
-2.380424 -53.42059 7.787937 1.434814 -2.765633 -1.004929 -1.39654 -2.227214 -1.679752 0.84973 0.916307 -1.776727 -0.842274 -1.405349 1.988983
-4.380424 -53.42059 7.787937 -1.352907 -1.525087 -0.334285 0.624288 -0.75276 -0.201617 -3.011177 -0.618886 -0.082441 0.236006 -0.899739 -0.543639
3.619576 -55.42059 7.787937 -4.185188 2.128662 -1.392073 -0.465105 -4.372978 1.799119 -2.703883 -0.620181 -1.89754 0.519746 -1.753227 2.784142
1.619576 -55.42059 7.787937 -4.977091 2.076133 -4.349189 -1.42922 -1.611471 2.214979 0.37679 -0.788803 -0.502348 2.558365 1.566955 0.072397
-2.380424 -55.42059 7.787937 0.757729 1.369058 -0.572453 0.854067 -3.474571 0.09135 2.368795 -0.329938 -3.268157 1.247393 -1.444529 0.469662
-4.380424 -55.42059 7.787937 -0.05402 -0.567445 -0.134867 1.473307 -0.950718 0.141929 -2.058813 -0.074709 -1.290252 0.901011 1.299468 -0.470278
3.619576 -57.42059 7.787937 -2.044862 2.879572 4.169634 1.072022 -3.034055 -0.106709 -1.406316 0.827532 -0.364828 3.023308 -0.56033 1.513409
1.619576 -57.42059 7.787937 -7.337956 3.527493 -3.12713 0.669042 -4.390174 0.56517 0.434445 0.027672 0.582555 3.967713 4.078672 0.910084
-2.380424 -57.42059 7.787937 -1.572411 1.005576 -1.905434 3.249104 -3.24658 2.229709 0.234388 0.457861 -1.014551 2.74493 0.228002 0.480832
-4.380424 -57.42059 7.787937 -0.60325 0.562349 -0.158123 1.719322 -1.333919 1.882546 -0.332433 1.181821 -0.317376 1.742296 1.729222 0.687435
5.619576 -59.42059 7.787937 -2.232239 2.106534 -0.522867 1.610309 -5.380682 -0.302542 -0.397222 0.1092 -0.758001 3.52017 0.633794 0.053916
1.619576 -59.42059 7.787937 -6.752179 0.924049 -4.866619 1.925855 -7.090127 3.188416 0.350909 1.510147 1.825359 0.922249 4.517647 1.293112
-2.380424 -59.42059 7.787937 -0.910901 -1.669507 -3.047266 1.656245 -1.549418 1.294082 -0.493015 -0.243334 0.739094 0.839491 2.078925 -0.515068
-4.380424 -59.42059 7.787937 -1.385627 -1.5514 -0.221154 -0.037978 -1.774114 -0.163731 0.580451 0.595294 0.078368 0.994794 2.486869 -1.75103
5.619576 -61.42059 7.787937 1.903628 0.397342 -0.017589 2.216949 -2.54314 1.552312 2.003293 0.397854 0.274389 4.28321 1.540316 0.559536
3.619576 -61.42059 7.787937 0.563874 -1.645943 0.604495 0.823896 -2.791966 0.764657 0.213206 -1.319803 1.624357 1.761632 -0.164299 -1.269678
1.619576 -61.42059 7.787937 -3.571101 -1.477095 -4.932574 0.396712 -4.992568 -0.707505 0.447557 -2.167638 0.503139 -0.285092 1.59829 -1.703967
-0.380424 -61.42059 7.787937 0.029643 -3.053735 -1.823115 0.80354 -2.762258 -1.645472 1.943668 -1.568851 1.518863 -0.953068 0.857288 -1.027419
-2.380424 -61.42059 7.787937 -0.77529 -3.230587 1.901702 -0.451041 -0.29057 -2.188834 2.279192 -0.96898 2.304421 1.581667 1.047699 -1.968908
-4.380424 -61.42059 7.787937 -1.245039 -1.146598 0.633329 0.513929 -1.292834 -0.317404 1.370036 0.350521 0.104778 0.381104 0.666805 -3.35072
3.619576 -63.42059 7.787937 0.339574 -1.274821 0.06192 1.656501 0.421846 -0.936555 -1.994851 -3.378733 -0.538229 1.915004 -1.72121 -3.076132
-2.380424 -63.42059 7.787937 0.074704 -2.306508 1.845269 -1.015287 0.089477 -2.033409 1.696196 -0.327063 -0.002275 2.455686 -0.889433 -2.334283
-4.380424 -63.42059 7.787937 0.015102 -0.748785 1.887676 0.655595 0.846437 -0.010593 0.992436 1.481672 1.627116 1.590747 0.579851 -2.343197
-6.380424 -63.42059 7.787937 -0.752427 1.056298 0.859418 -0.286622 -1.288358 0.636315 1.038492 0.77709 2.201278 1.74552 2.671191 -1.052918
-4.380424 -47.42059 9.787937 0.951211 1.150617 2.737498 -1.986745 0.550438 -0.051817 1.852618 -1.257173 2.710669 -2.045276 -0.859986 -2.145514
7.619576 -49.42059 9.787937 -3.355243 -3.002626 1.545046 -1.52394 0.745738 1.141316 -0.101761 -2.318787 0.308991 -2.462276 2.108649 -3.422366
-2.380424 -49.42059 9.787937 0.862364 -0.069188 1.657048 1.702716 -0.103339 1.381139 0.227346 0.829152 2.312278 -2.587923 -1.189724 -1.043059
-4.380424 -49.42059 9.787937 0.021645 0.887394 3.40425 -0.237494 1.095271 3.356674 1.673579 0.204867 1.845193 -1.381672 -1.328465 -2.31098
-6.380424 -49.42059 9.787937 -0.773429 0.584015 2.527282 -1.468644 -1.673965 4.44701 0.633189 -0.269018 1.123767 -1.546024 -0.498019 -0.812402
-8.380424 -49.42059 9.787937 0.722824 -2.702833 2.457191 0.244475 0.027822 2.215358 0.982809 0.2991 1.816499 -1.546892 -3.214338 -3.09449
7.619576 -51.42059 9.787937 0.876695 -2.681029 1.830022 -1.401274 1.979352 0.80813 -0.795 -2.276129 -0.924753 -3.841066 -1.203985 -1.895104
5.619576 -51.42059 9.787937 0.479274 -0.122245 4.925159 3.056777 2.378424 2.399226 0.35759 -0.648846 -0.040425 -1.95352 -0.326133 -1.780534
-2.380424 -51.42059 9.787937 -2.390975 -0.181045 2.708622 0.460079 -1.836192 2.435946 -1.173948 2.457383 0.575927 -2.128711 -1.359116 0.410245
-4.380424 -51.42059 9.787937 -1.849202 -1.324346 1.282603 0.161547 -1.192888 2.571741 0.161602 -0.035706 -0.542492 0.203041 -2.082054 -1.997757
-6.380424 -51.42059 9.787937 -1.541114 -1.193103 -0.36991 -1.401712 -2.112844 3.655351 -0.642402 -0.921971 0.181295 -2.677522 -1.512798 -2.273157
7.619576 -53.42059 9.787937 3.817173 -3.738716 2.008142 -0.504896 1.150347 -0.362015 -1.184688 -3.913306 0.98298 -3.953363 -1.369395 -1.994377
-2.380424 -53.42059 9.787937 -1.593657 -3.021552 3.757537 0.368311 -1.171017 0.801442 0.96844 0.888385 -1.718985 -4.151778 -3.528003 -0.178737
-4.380424 -53.42059 9.787937 -2.35636 -1.896954 1.748923 0.552125 -1.702668 2.158417 0.168305 0.08192 -1.090397 -1.701486 -2.119142 -2.207317
-6.380424 -53.42059 9.787937 -2.667131 -0.631087 -0.258875 -0.908766 -2.709388 3.544983 -0.750869 0.982083 -0.683875 -2.429028 -0.238865 0.059154
7.619576 -55.42059 9.787937 1.859087 -5.597258 3.338879 -0.116046 0.618202 0.275697 -2.495546 -1.495576 1.868807 -1.012073 -1.177595 -1.65666
5.619576 -55.42059 9.787937 1.1736 -0.254766 4.948961 1.952536 -0.181049 2.188884 -0.832235 -0.243191 0.824094 -1.064047 -1.935857 -0.731669
3.619576 -55.42059 9.787937 -1.993996 2.81916 2.896871 2.775789 -1.578727 3.527797 -0.964081 -1.506753 0.279026 -1.272807 -2.390368 -1.208345
-2.380424 -55.42059 9.787937 0.748396 1.310602 4.525282 -0.324228 0.17026 3.604429 4.163281 0.328996 -4.514861 -2.29972 -4.097661 0.460315
3.619576 -57.42059 9.787937 -1.186196 2.942851 4.545086 1.688043 -1.772398 3.766802 -1.339879 -0.679372 1.777158 -1.174418 -2.105386 1.209885
1.619576 -57.42059 9.787937 -5.716483 3.318815 -1.551018 1.114061 -1.539049 3.402463 -0.800494 1.122412 0.990522 0.643907 -3.960723 2.144807
-2.380424 -57.42059 9.787937 -1.443823 3.270694 0.668522 1.841242 -0.292935 5.646459 2.103361 2.131336 -3.271106 1.285884 -2.29971 2.844654
5.619576 -59.42059 9.787937 -0.323686 0.71838 1.052128 -1.362203 -0.764959 1.740302 -1.871422 -1.536792 2.506038 0.343914 2.070157 -0.339051
1.619576 -59.42059 9.787937 -2.877365 3.402074 -1.098921 1.528479 0.565002 1.766531 2.776542 -0.030991 1.885012 0.614062 -1.265217 -0.918969
-2.380424 -59.42059 9.787937 -2.788349 -0.12509 -1.245606 1.872689 -0.929518 2.897267 -1.887477 -0.066442 0.224242 0.116386 -1.882037 -0.226463
3.619576 -61.42059 9.787937 2.464873 -0.419325 2.137825 -1.459067 -0.180702 1.22327 1.097967 0.505211 3.180937 -0.925906 -0.064239 -1.528324
1.619576 -61.42059 9.787937 -0.096797 1.230213 0.307198 1.201519 -0.474051 -1.189114 2.264211 -0.928419 1.300633 -0.217688 1.165889 -2.702644
-0.380424 -61.42059 9.787937 1.116126 -0.526836 2.67092 4.21054 2.882149 -0.027345 2.963177 -0.104955 3.497808 -0.169878 1.256365 -2.126168
-2.380424 -61.42059 9.787937 -3.031587 -1.433343 2.562941 1.778537 1.460222 -0.125488 2.14864 -0.342893 3.513251 -1.760337 1.678537 -1.974609
-4.380424 -61.42059 9.787937 -2.187361 -2.501109 0.687618 -1.162758 0.147184 -0.313866 1.252466 1.158238 0.644678 -1.931651 0.252001 0.513582
-6.380424 -61.42059 9.787937 -2.143203 -1.135031 0.575672 -1.514751 0.683384 -0.779303 1.042737 -1.826082 0.802144 -0.392765 -0.831323 -1.993413
5.619576 -63.42059 9.787937 0.07279 0.461303 0.161932 0.876157 -0.879932 0.930541 0.478272 -1.461123 1.210906 1.089879 -0.337262 0.709839
3.619576 -63.42059 9.787937 -0.44331 0.09545 1.095432 1.887569 -0.956245 0.16523 -0.203673 -0.974843 1.059356 1.820147 -0.744089 -1.136881
1.619576 -63.42059 9.787937 -1.414323 0.856232 -1.167987 3.034014 -5.789238 -1.67442 -1.663775 -3.176241 -1.970053 1.210564 -0.11149 -4.120446
-2.380424 -63.42059 9.787937 -3.912466 -0.689687 -1.341388 1.651127 -3.558874 1.047674 1.732365 1.462098 -0.700423 0.568451 1.055307 -2.410118
-4.380424 -63.42059 9.787937 -1.709617 -2.305476 -1.747468 -0.814875 0.704065 0.208711 0.499459 1.846482 0.588263 0.071673 1.416387 -0.820235
-6.380424 -63.42059 9.787937 -3.997516 -0.969146 -1.576764 -0.460864 -0.875088 -0.609114 -1.326921 -0.141356 0.87347 0.555596 -1.175788 -1.274195
5.619576 -65.42059 9.787937 -0.809557 -1.052403 1.079765 0.298614 -2.497701 -1.125578 0.296432 -2.59425 0.358048 0.107571 1.91596 -2.954113
3.619576 -65.42059 9.787937 1.221208 0.395929 0.1449 2.256315 -1.608702 -0.429557 0.507938 -2.494728 1.496017 2.715681 2.361074 -3.024505
-4.380424 -65.42059 9.787937 -4.197893 -1.502352 -3.699519 0.792521 -2.746646 -0.708234 0.034613 1.215204 -0.083899 2.250518 1.139699 -0.505112
-6.380424 -65.42059 9.787937 -4.60025 -0.018347 -2.452018 0.86302 -4.037463 -0.241705 -0.888804 1.007745 0.669958 2.748671 0.972243 0.243363
5.619576 -67.42059 9.787937 -0.414211 0.033478 0.522931 2.561105 2.465085 -1.218508 -0.706514 -2.215585 -1.390558 0.060685 0.056872 -3.641276
5.619576 -51.42059 11.78794 -1.670317 -2.439348 1.051594 1.503735 0.016008 0.760818 2.241932 0.225149 0.395376 -1.296928 0.69065 -0.375978
-6.380424 -51.42059 11.78794 0.15208 -1.19686 3.970673 -1.815017 0.198065 1.463238 1.151144 0.793417 2.524576 -0.661325 -0.067439 -2.47637
7.619576 -53.42059 11.78794 -0.697219 -8.009376 -2.620166 -2.185572 -0.106281 -0.851936 0.601342 -1.781304 -0.203172 -4.260567 -3.854272 -0.823949
5.619576 -53.42059 11.78794 -1.407008 -4.415829 -1.54429 0.710084 0.394067 0.040086 1.203522 0.421731 -1.060048 -1.050279 -1.694086 -0.309419
-4.380424 -53.42059 11.78794 -0.719239 -0.858521 3.979131 0.998587 0.422832 2.465191 4.309931 1.350901 2.57302 0.215427 0.931964 -0.067756
7.619576 -55.42059 11.78794 0.711421 -7.8038 0.907254 -0.546408 0.238687 -0.911049 1.210231 -0.286707 0.852203 -0.583583 -5.30052 -2.607113
5.619576 -55.42059 11.78794 1.753828 -1.543646 2.855389 -1.174856 0.672014 1.444907 2.188749 1.878152 1.314534 0.863417 -1.838969 0.603599
-2.380424 -55.42059 11.78794 1.328328 2.958914 7.676579 1.264133 5.290463 8.62524 4.535724 3.671346 1.16999 -1.027817 -1.286134 3.436499
-4.380424 -55.42059 11.78794 0.072642 -0.37096 4.922324 4.143117 3.014335 7.247571 4.401974 2.463284 3.439535 -0.110758 0.062269 2.156531
-6.380424 -55.42059 11.78794 -6.117475 -1.57112 -0.491528 2.77811 -2.249643 4.923305 1.819906 -0.179365 2.714818 -3.057152 0.525838 -0.706717
-8.380424 -55.42059 11.78794 -3.078205 -1.845039 -0.531613 0.841124 -0.400132 1.74557 -1.522628 1.678474 2.340164 -2.241594 -0.091549 0.928182
5.619576 -57.42059 11.78794 3.419522 1.222058 5.929309 -0.607569 1.963223 4.76991 1.441129 1.65482 3.874827 -0.634068 0.021257 2.180879
3.619576 -57.42059 11.78794 1.88629 3.614386 6.133541 1.700561 0.459209 5.63608 3.517309 2.325968 3.7996 0.612685 0.416665 4.749509
1.619576 -57.42059 11.78794 -4.509739 3.691173 1.606127 2.27473 0.128373 7.168271 2.953714 2.459999 1.653415 -1.487512 -3.280299 3.432338
-2.380424 -57.42059 11.78794 -0.094004 4.26069 6.637943 1.873653 4.33264 10.28687 3.107235 4.851883 0.745389 0.332094 -0.303955 4.732478
-4.380424 -57.42059 11.78794 1.698032 1.713009 5.50146 5.465677 1.265751 7.675396 2.776604 4.010349 4.088933 2.555839 -1.259951 3.485854
-6.380424 -57.42059 11.78794 -2.385273 -0.811361 0.081772 2.145803 -2.46865 6.614239 -0.389125 0.417733 2.916534 0.662315 -1.696563 0.692326
1.619576 -59.42059 11.78794 1.619338 2.236533 3.107534 -1.562871 3.190453 1.043095 4.246245 1.83045 1.531169 1.83904 -1.863049 0.007803
-2.380424 -59.42059 11.78794 -1.207647 1.240259 3.863266 0.757032 1.828757 5.33723 -1.677923 2.516541 0.637612 1.334233 -3.837741 1.640468
-4.380424 -59.42059 11.78794 -0.245165 -1.071169 2.946879 1.481263 0.376083 1.107794 -0.76982 2.45139 0.024169 3.417171 -2.970999 1.76529
1.619576 -61.42059 11.78794 1.498533 -1.480308 1.076294 -2.413005 -0.199908 -0.729692 1.463494 0.125101 -0.973838 0.584243 -0.171764 -3.460076
-2.380424 -61.42059 11.78794 -0.869834 -0.653805 4.761856 1.843226 6.066994 3.597715 0.836074 2.134423 2.363531 -0.695447 -1.236538 -1.175668
5.619576 -63.42059 11.78794 0.960109 -0.936748 2.296856 0.705647 0.185929 1.93157 2.304563 -0.518478 3.445356 0.700576 -1.188938 -0.983114
3.619576 -63.42059 11.78794 -0.235133 -2.045076 3.039312 0.86568 0.406054 2.928224 3.106379 1.772463 3.462588 2.26112 -1.269885 0.230659
1.619576 -63.42059 11.78794 -3.496932 -0.631777 -1.086649 0.592664 -2.158079 2.259946 -2.252324 -0.244201 -1.770812 0.170934 -1.770277 -3.32457
-0.380424 -63.42059 11.78794 0.297592 0.742124 0.973614 4.014415 1.288206 4.46994 -4.26278 2.323923 0.578693 -2.810758 -2.132008 -2.478473
-2.380424 -63.42059 11.78794 0.61816 1.333635 2.119377 3.530445 2.765846 5.909442 -0.340789 4.295177 1.749931 -1.559191 1.194866 -0.928648
-6.380424 -63.42059 11.78794 0.462897 -4.215325 -1.258157 -0.583486 -0.025079 -2.038682 -1.038895 -1.083149 -0.042192 0.354907 -2.235367 -1.963863
5.619576 -65.42059 11.78794 1.455847 -1.859916 2.573274 3.587542 0.47899 0.257066 1.907767 -2.679343 2.847858 -0.654151 2.869724 -2.920088
3.619576 -65.42059 11.78794 0.314008 -1.042039 1.196016 1.449584 -0.332434 2.387917 1.169951 -1.582748 2.877919 0.662631 2.184036 -1.309974
1.619576 -65.42059 11.78794 -3.540712 1.799917 -3.48343 1.579822 -4.219365 3.578465 -2.95605 -1.345436 -0.884111 0.559716 1.383272 -1.527202
-2.380424 -65.42059 11.78794 -1.667964 0.887761 -0.409421 1.886116 -2.41953 4.269266 -1.104994 4.587391 1.701518 -0.821224 0.707133 0.492102
-4.380424 -65.42059 11.78794 -1.359498 -2.152933 -3.258934 0.726577 -1.28103 0.997077 -0.62329 1.740405 -0.91155 1.330429 1.767194 -1.039841
-6.380424 -65.42059 11.78794 -0.676203 -2.920954 -1.537346 0.647724 -0.887484 -0.289156 -0.142693 -0.41066 1.693783 1.703287 1.172113 -0.228359
-8.380424 -65.42059 11.78794 0.279652 -0.345171 -1.154139 -0.675187 -1.402923 0.887608 0.970513 0.319324 2.222626 -0.580528 1.611693 -1.551281
5.619576 -67.42059 11.78794 2.75833 0.881543 3.892442 6.407485 2.42232 -1.949078 0.837205 -2.491887 1.818503 1.400579 1.719969 -3.797421
3.619576 -67.42059 11.78794 -1.825812 -0.691947 0.269737 3.354555 -0.241863 0.166568 -1.180737 -3.443216 1.774361 -0.121731 1.778364 -3.995313
7.619576 -55.42059 13.78794 -1.487841 -7.03888 0.069133 0.37008 -2.907894 -2.597996 2.528947 -2.480209 1.076057 0.337986 -5.137275 -3.537724
5.619576 -55.42059 13.78794 1.394758 -2.5417 0.44155 -0.968158 -2.437206 0.392826 4.025921 0.577183 1.840389 4.090399 -1.555516 0.202926
-6.380424 -55.42059 13.78794 -2.679652 -1.603474 -1.523054 -0.028327 1.167504 1.921931 0.726415 -0.681258 1.972564 0.622564 1.051644 -0.507993
5.619576 -57.42059 13.78794 1.482192 -0.593362 2.463327 -1.085132 1.716279 3.782944 1.668578 0.502939 3.769591 4.261789 0.148532 1.546181
3.619576 -57.42059 13.78794 4.155568 0.390271 3.811703 -0.542687 2.40089 2.862046 2.961539 1.734022 3.63078 3.911805 1.627823 3.391481
-2.380424 -57.42059 13.78794 -1.451815 0.558691 6.672572 2.336301 -1.01325 7.302672 3.010341 1.094705 1.360559 2.49688 0.550181 0.450457
-4.380424 -57.42059 13.78794 1.248423 -1.847952 3.498884 2.323813 -0.663697 3.164612 1.529192 2.17199 2.116374 3.157332 0.802217 2.687567
-6.380424 -57.42059 13.78794 -1.262444 -2.587103 -2.126061 -0.638275 0.009277 1.895653 -1.675028 -1.491667 1.533479 2.003198 0.291106 -1.174202
5.619576 -59.42059 13.78794 2.573069 1.290277 1.155246 0.627213 1.16516 3.240076 -0.722967 1.350877 3.606998 2.932604 0.779239 0.378223
3.619576 -59.42059 13.78794 1.290714 3.075106 0.820447 0.933734 -3.234283 5.222157 0.525096 1.021301 3.647217 3.606459 1.590961 3.324307
1.619576 -59.42059 13.78794 -3.485586 0.356357 -2.941895 -1.722335 -5.335482 4.070188 2.718792 1.474507 -1.307716 1.630263 0.942548 2.450787
-2.380424 -59.42059 13.78794 -1.540956 -0.39041 2.863164 3.453102 -2.875456 3.722173 1.87723 0.350118 1.559798 4.766246 1.230639 0.615988
-4.380424 -59.42059 13.78794 0.339688 -1.658301 -0.77023 0.464347 0.301033 -0.298759 -1.402661 1.285285 -1.896922 4.036313 0.451471 2.489701
-6.380424 -59.42059 13.78794 -0.663961 -1.307213 -3.951478 -0.436213 -2.449616 -0.22846 -2.167998 -1.241623 -2.095391 4.270802 1.845874 -0.393827
5.619576 -61.42059 13.78794 -0.021562 -3.584478 -1.867828 -0.675585 -4.949755 -0.222826 1.16894 0.595406 2.815855 1.505281 0.04808 1.106352
3.619576 -61.42059 13.78794 -2.379488 -1.811792 -3.008719 -0.339563 -9.633308 3.699682 1.683593 0.130573 1.871228 1.505018 0.542635 2.274832
1.619576 -61.42059 13.78794 -4.532192 -2.08004 -9.759134 -3.772827 -10.82433 1.59387 1.638776 0.17044 -3.872122 2.156737 0.339883 0.358771
-0.380424 -61.42059 13.78794 -3.537816 -3.533938 -3.48583 0.160317 -4.88137 0.74969 1.867728 1.973774 -0.797515 3.264452 0.621685 -0.249111
-2.380424 -61.42059 13.78794 -1.859055 -2.16377 -0.452195 0.892229 -0.588225 1.779183 0.430918 1.375789 -0.711331 2.517315 -0.003078 0.80687
-4.380424 -61.42059 13.78794 -4.009341 -3.303888 -2.867967 -0.755884 0.196589 -1.489453 -0.609797 -0.795395 -3.3515 2.116231 -1.16396 0.042891
3.619576 -63.42059 13.78794 -2.578822 -0.247294 -0.262151 -0.03162 -1.183744 4.185543 1.549714 2.360068 1.438385 1.503845 -0.689702 2.755984
1.619576 -63.42059 13.78794 -5.888193 1.765934 -7.929969 -2.508816 -4.86008 3.851096 -4.852768 -0.293845 -3.505558 -0.493175 -5.5958 -2.357416
-0.380424 -63.42059 13.78794 0.510037 2.460238 0.781542 3.012597 2.126249 5.650357 -3.558269 3.712927 0.555253 -1.800513 -3.560091 0.189049
-2.380424 -63.42059 13.78794 3.116907 2.240607 3.097157 2.390261 4.710152 4.772936 -0.244801 3.537826 0.377904 -0.773992 0.418165 1.293779
-6.380424 -63.42059 13.78794 0.238478 -1.032781 -3.143877 -0.912637 -1.672823 -2.265287 -1.479953 -1.698862 -2.458512 -0.632622 -3.089322 -3.030704
3.619576 -65.42059 13.78794 -1.074818 1.365302 2.083635 0.340244 2.652615 1.996031 0.393413 0.271055 1.978392 0.464969 -0.487998 0.700266
1.619576 -65.42059 13.78794 -5.228518 3.616342 -3.456657 0.642167 -3.866118 3.855514 -3.878723 1.523389 -0.371424 -0.132544 -3.952949 -0.21265
-2.380424 -65.42059 13.78794 0.854472 5.164865 2.610514 3.022217 1.806693 6.675615 -3.430618 6.49051 1.622423 -2.028058 -2.557996 2.152105
-4.380424 -65.42059 13.78794 -1.522627 2.093878 -2.689681 0.509884 -0.770823 2.085411 -1.788933 2.44015 -0.744861 -0.758386 -2.872455 -0.92835
-6.380424 -65.42059 13.78794 1.80383 -1.140293 0.210392 0.757578 -0.133141 0.097656 -0.447656 -0.717812 0.771174 -0.103076 -1.514529 -1.234556
-8.380424 -65.42059 13.78794 -0.142658 0.493466 0.34845 -0.354775 -2.88801 -0.059589 -2.359704 -1.163851 -2.543399 -2.478028 -1.522407 -2.129126
5.619576 -67.42059 13.78794 5.414195 2.070143 6.039748 7.246835 4.27982 -1.127478 2.394893 -0.398681 3.640335 0.497232 1.588843 -1.038687
3.619576 -67.42059 13.78794 -1.313749 3.111642 1.213552 4.183649 0.509358 1.868679 0.95203 -0.924641 1.085821 0.529997 0.541414 -1.272412
-4.380424 -67.42059 13.78794 -1.573688 0.527457 0.707053 1.257828 -0.753349 1.794205 -3.550549 2.343143 0.705173 -2.429896 -3.745141 1.409841
-6.380424 -67.42059 13.78794 0.24067 -0.212457 3.041757 1.977704 -0.118191 0.989549 -0.232138 -1.342686 2.470701 -0.523 -1.311475 -1.538043
-4.380424 -55.42059 15.78794 3.916707 0.007553 0.054726 -0.081762 1.015757 0.973977 2.55683 1.054454 0.550282 3.868063 1.810778 -1.048733
-6.380424 -55.42059 15.78794 2.328511 0.199272 -1.622683 -1.383141 3.163751 -0.372988 1.5246 -1.979939 -0.104631 1.833262 2.450896 -3.175154
7.619576 -57.42059 15.78794 -4.259582 -1.090577 -2.456366 1.635879 -5.807792 1.213884 -1.778352 -2.640238 1.103895 -1.056763 -1.20662 -2.973388
5.619576 -57.42059 15.78794 -1.473437 -3.051136 -4.092043 -0.452253 -3.511747 2.819483 -1.280205 -1.313665 1.430888 4.235986 0.207639 -1.523343
-2.380424 -57.42059 15.78794 4.474151 0.541901 2.936842 1.650233 -2.948372 0.951688 0.754466 -0.632868 -0.147112 6.17205 -0.716807 0.61249
-4.380424 -57.42059 15.78794 4.291806 -0.484473 0.5202 1.811709 -0.697406 -1.353066 0.241077 0.283998 -1.189957 6.063708 0.997887 -0.782393
-6.380424 -57.42059 15.78794 2.044604 -0.472249 -1.867131 -2.387631 1.572276 -0.296681 -3.051344 -3.445512 -0.590961 2.170743 0.690644 -4.837332
5.619576 -59.42059 15.78794 3.468516 -2.05607 -3.146873 1.391717 0.598446 2.712783 -2.686669 -1.127169 -0.298049 4.397745 0.696343 -0.314356
-2.380424 -59.42059 15.78794 2.930299 0.183812 0.177817 2.999571 -4.46774 0.439643 -2.363822 -0.800429 0.315993 6.945653 0.243632 0.45737
-4.380424 -59.42059 15.78794 4.207855 -0.825567 -1.625499 1.412162 -0.507825 -1.656145 -3.454411 -1.116136 -2.31273 4.484406 0.842428 -0.041684
5.619576 -61.42059 15.78794 4.354283 -1.172693 -1.112207 1.356559 -0.536488 1.1437 0.172324 0.291849 -1.467572 3.107961 1.206363 1.812389
3.619576 -61.42059 15.78794 4.818601 2.469648 2.436444 4.121504 -2.82314 3.852921 -0.389253 -0.672206 0.785465 2.45263 0.68372 3.698093
-2.380424 -61.42059 15.78794 -0.429461 0.835634 0.680378 4.273187 -5.494239 1.059507 -2.50728 -1.494144 -1.767764 2.256874 -2.328702 1.264963
5.619576 -63.42059 15.78794 -0.750244 0.414603 2.588406 2.006458 -1.557674 3.171033 4.944845 1.766272 0.93171 1.819229 2.314511 2.962595
3.619576 -63.42059 15.78794 0.473031 1.849662 1.835796 1.390532 -0.962703 2.640692 0.78227 1.049392 -0.536866 0.621505 -0.931945 3.550809
-2.380424 -63.42059 15.78794 1.252753 0.617703 4.55493 4.756652 1.019094 1.484164 -0.50605 -1.117731 -2.434168 -2.361058 -3.220919 1.178889
5.619576 -65.42059 15.78794 0.409434 1.698898 5.615891 5.194347 3.624748 0.837558 4.477942 1.45639 2.763389 1.117348 2.148245 1.619067
3.619576 -65.42059 15.78794 -1.782451 1.382702 1.084404 -0.45439 1.774386 2.712673 0.66721 0.912405 -0.333943 1.245193 -0.547672 3.274502
-2.380424 -65.42059 15.78794 0.483855 2.623027 5.725635 4.414371 1.751612 2.808993 -1.172312 0.499833 0.789861 -1.075682 -0.901064 0.298554
-4.380424 -65.42059 15.78794 -2.225274 3.172591 -0.41658 1.576374 -0.532074 1.394831 0.356471 -0.552325 -1.006189 -2.665071 -2.53529 -0.45744
-6.380424 -65.42059 15.78794 0.812732 0.702214 2.437535 0.65222 1.956924 0.534148 1.732904 -0.418524 1.513657 -0.387406 -0.032863 -0.960697
7.619576 -67.42059 15.78794 2.114358 1.057645 6.318213 6.666285 2.239473 -1.098899 -2.274443 -4.818198 2.061149 -0.334285 0.488296 -5.941607
5.619576 -67.42059 15.78794 3.693632 1.277377 9.369738 9.235757 6.087853 -1.563351 3.887856 1.42802 5.533286 3.659559 4.894876 0.905873
3.619576 -67.42059 15.78794 -4.30224 0.899315 -0.71599 1.655965 0.71221 2.94587 1.228298 -0.023078 -0.343954 2.244623 0.43417 -0.236447
-2.380424 -67.42059 15.78794 0.692924 -1.082385 5.078821 1.885791 -1.389599 -3.661072 -1.978449 -2.400117 2.129189 -3.955451 0.933468 -3.482463
-4.380424 -67.42059 15.78794 -1.36972 -0.843973 2.126012 1.91975 0.175602 -0.895726 1.176884 -1.202693 1.796887 -3.349019 0.038425 -1.605819
5.619576 -69.42059 15.78794 2.793462 -0.952707 4.47466 8.080065 0.392647 -1.471383 4.07735 -0.095667 4.408052 2.270478 3.825666 -0.588698
-4.380424 -55.42059 17.78794 1.320515 0.65925 -0.44865 -0.17117 0.307173 -1.372427 0.868257 3.095343 -0.369721 1.774567 0.132426 0.26688
-2.380424 -57.42059 17.78794 2.704443 1.947948 -1.08464 1.850342 -6.386258 -2.818362 -2.265044 -0.846728 -1.913501 3.808671 -1.532814 1.286612
-4.380424 -57.42059 17.78794 2.57764 0.309478 -0.529781 0.957612 -2.815571 -3.014561 0.002812 0.843645 -2.671233 3.654013 -0.48744 -0.206985
-6.380424 -57.42059 17.78794 3.338485 1.079495 1.397911 -1.387844 -0.126495 -1.057359 -1.476925 -0.372671 -1.92019 1.592832 -0.525807 -3.286801
5.619576 -59.42059 17.78794 -0.254437 -1.669588 -4.021558 2.106928 -2.739201 -0.310667 -2.696563 -0.636669 -1.879563 7.082133 1.261793 1.344378
-2.380424 -59.42059 17.78794 1.612024 1.161922 -3.41126 3.567948 -8.908792 -3.654281 -2.26392 -2.52813 -0.543965 4.515859 -0.13605 -0.726739
-4.380424 -59.42059 17.78794 2.309858 0.697607 -1.20218 2.366465 -5.452127 -1.635391 -1.076414 -1.097936 -1.570163 2.745653 0.101607 -0.022295
3.619576 -61.42059 17.78794 5.652503 3.648965 0.437014 4.171498 -3.054504 -0.660323 0.214053 1.352094 -1.413268 4.996317 2.037604 6.104412
1.619576 -61.42059 17.78794 6.794629 2.539789 0.397446 1.666804 -2.632793 -2.281298 0.15681 -1.562741 -0.217732 0.821228 0.28581 3.997063
-2.380424 -61.42059 17.78794 1.962236 2.551219 -0.770767 6.419628 -8.733747 -1.189938 -0.287385 -3.12094 1.047092 0.187989 -1.42189 -1.294588
-4.380424 -61.42059 17.78794 1.983227 1.936437 -1.164735 3.960269 -4.502869 0.678281 0.124464 -0.740197 -0.556845 -0.374742 -0.446552 0.830433
9.619576 -63.42059 17.78794 1.945729 -0.985024 0.068871 1.086238 0.599418 -0.214549 0.813902 -0.388272 0.152961 -0.696723 1.215516 0.533462
7.619576 -63.42059 17.78794 2.52447 -0.58796 -1.07957 2.686259 -0.781365 1.568098 1.396783 0.582159 0.088134 0.688257 0.774593 1.593468
5.619576 -63.42059 17.78794 2.823441 2.802973 -0.149372 2.315868 -2.174759 2.52293 1.823346 1.91893 -0.518634 2.560066 0.982517 3.474181
3.619576 -63.42059 17.78794 4.205125 4.5509 2.066187 3.697885 -1.371739 0.663998 1.884239 2.347629 1.687526 2.498347 1.291799 4.558609
1.619576 -63.42059 17.78794 4.184892 4.898641 -0.218512 2.302892 -1.466493 0.971948 -0.521813 0.72028 -1.410007 -0.81876 -0.177377 3.583891
-2.380424 -63.42059 17.78794 1.931728 5.875274 0.149993 8.847694 -8.193491 1.849676 -0.409937 -2.375905 -0.858629 -3.57259 -4.47281 -2.847011
-4.380424 -63.42059 17.78794 1.832291 4.285358 -0.639875 3.122867 -3.059891 1.318165 0.391716 1.186566 -1.992475 -0.627727 -2.640049 2.438534
9.619576 -65.42059 17.78794 4.203897 -2.8671 3.709924 4.47823 2.474963 -0.105865 1.798507 -5.100524 2.66969 -3.438535 -0.004751 -7.283565
7.619576 -65.42059 17.78794 4.265816 0.230534 4.350325 4.403194 3.693757 1.18084 0.916911 -2.619874 1.708652 -2.688925 -3.174089 -2.960908
5.619576 -65.42059 17.78794 2.984976 0.021092 3.872952 2.715608 2.132297 1.664457 2.134669 2.170715 1.348427 0.97589 -2.00871 4.727232
3.619576 -65.42059 17.78794 4.570542 1.463921 2.0434 -0.002346 0.927719 2.57852 0.80635 1.211269 0.198171 1.561176 -1.242577 5.541977
-2.380424 -65.42059 17.78794 -0.490306 3.17095 1.421376 9.041033 -7.491972 2.680367 -0.186486 -3.41444 1.181813 -1.667961 -1.077407 -3.751347
-4.380424 -65.42059 17.78794 2.612472 4.898198 0.961794 3.477337 -2.333735 2.251352 1.048841 -0.207968 -0.050926 0.227386 -2.128089 3.007995
7.619576 -67.42059 17.78794 9.271717 -5.268472 9.429497 5.414937 4.301624 -2.239239 -0.383252 -7.566841 5.905109 -0.797985 -1.123734 -7.734074
5.619576 -67.42059 17.78794 0.523406 -2.922865 4.902272 5.482801 1.06066 -0.647963 1.579613 1.492192 3.875223 1.1618 -0.005043 2.183991
-4.380424 -67.42059 17.78794 2.292757 0.816906 2.002416 4.39359 -1.07155 -1.489214 1.679351 -2.756308 2.048646 -2.432989 1.414479 -0.228453
7.619576 -69.42059 17.78794 1.68606 -3.358249 4.090659 6.144011 -3.647564 -0.906891 -1.554697 -7.846706 4.372571 -1.896118 -2.024192 -9.771743
-2.380424 -57.42059 19.78794 6.827973 2.379107 -2.174507 3.38585 -3.443585 -1.416919 -2.295472 -0.09544 1.780282 3.477018 3.895437 3.505903
-4.380424 -57.42059 19.78794 3.127881 -2.040147 -1.021402 0.265018 -3.96531 -1.359429 0.138377 0.776459 -1.920652 3.935941 0.634084 -0.011361
-6.380424 -57.42059 19.78794 1.079355 0.138794 -0.592555 -0.592143 -4.68429 0.430994 -1.601095 0.263096 -4.640939 2.251383 -1.433902 -3.344506
-2.380424 -59.42059 19.78794 4.814288 1.648036 -1.667502 3.855305 -4.028804 -3.75947 -1.283632 -1.826102 1.557671 4.426706 4.024831 1.739866
-4.380424 -59.42059 19.78794 3.399409 0.665585 0.57136 2.555393 -4.136186 -1.667003 -0.607802 -0.38558 0.113759 3.344227 2.855666 -0.169475
-2.380424 -61.42059 19.78794 5.146856 -1.027222 1.192889 0.638945 -1.097425 -2.857566 -0.205578 -1.478544 1.725525 0.057399 0.56164 0.559557
-4.380424 -61.42059 19.78794 1.5883 1.246505 -0.113867 1.122275 -2.258546 -1.030772 -1.192917 0.076318 1.366878 -0.719663 0.728706 0.648699
9.619576 -63.42059 19.78794 1.860305 -1.608718 -0.598829 0.168238 -0.036248 1.572629 0.044529 0.769386 -0.600771 -0.961181 -0.686843 2.282864
7.619576 -63.42059 19.78794 3.925581 -2.060554 -1.345233 0.70839 -2.036257 0.266825 0.832018 -0.55104 -0.375916 0.104492 -0.468473 0.967364
5.619576 -63.42059 19.78794 2.85663 -0.416319 0.061837 2.479834 -4.03213 1.065886 0.316197 -0.243315 1.012496 1.531898 -0.131762 1.914693
3.619576 -63.42059 19.78794 2.876754 1.509488 0.524675 3.891333 -0.956716 0.004789 0.923015 1.407405 1.24772 2.158591 0.845736 2.632784
-2.380424 -63.42059 19.78794 6.339114 0.597366 -0.55066 2.438279 -2.83444 -0.208768 0.432068 -0.443132 0.621277 -0.806228 -1.013154 -1.812847
-4.380424 -63.42059 19.78794 2.698923 1.227007 -1.353678 -1.44139 -3.029522 -0.295915 -2.01625 0.443371 -1.616184 -0.478302 -1.620355 0.849054
-6.380424 -63.42059 19.78794 -0.375547 0.31202 -2.570888 -1.744979 -3.366147 -0.290682 -2.376873 1.369841 -2.144362 0.625864 -1.058946 2.206403
9.619576 -65.42059 19.78794 4.42746 -0.868798 0.651217 1.235734 0.11378 1.004812 -0.101907 -1.722741 0.547049 -1.815782 -1.021189 -1.463837
7.619576 -65.42059 19.78794 6.575135 -2.580225 -0.202532 0.529418 1.440675 0.825109 -0.124669 -0.678217 0.490488 -1.037039 -3.496623 2.51604
5.619576 -65.42059 19.78794 6.793524 -2.016589 1.18035 0.838677 0.550042 0.237223 0.220615 0.70627 -0.113113 1.530894 -1.924054 6.176502
3.619576 -65.42059 19.78794 6.400635 0.260039 1.637687 2.921213 0.702917 -0.011381 1.331886 1.104608 0.11245 2.86471 -0.235854 4.716851
-4.380424 -65.42059 19.78794 4.395687 2.810488 1.518619 6.260828 -5.319118 0.828716 -0.476521 -2.641229 -0.634629 0.05975 0.132747 0.068794
7.619576 -67.42059 19.78794 9.227292 -3.321361 2.873127 3.368516 4.136428 -1.036952 1.469452 -1.361954 4.678448 -0.339812 -0.192527 4.336286
-2.380424 -57.42059 21.78794 4.599158 0.751867 2.050445 1.160089 -2.879827 2.376122 -2.902852 -0.18108 3.988224 -4.64644 -0.394329 0.412787
-4.380424 -57.42059 21.78794 1.430535 -3.498441 -0.922061 -1.67276 -1.346033 0.608266 -2.245987 -0.373459 -0.063702 -0.776189 -2.385821 -2.252645
-2.380424 -59.42059 21.78794 3.570281 2.520071 2.57709 2.033372 -1.460051 1.208921 -1.537111 -1.223951 2.730788 -1.654799 1.193015 0.727085
-4.380424 -59.42059 21.78794 1.387775 -0.998387 -0.513226 -0.03489 -1.333007 -0.952946 -1.466152 -2.306118 0.696479 -0.560968 0.148418 -2.958798
-2.380424 -61.42059 21.78794 3.619332 -0.433907 2.856798 -2.130094 -0.568683 1.42175 -2.056256 0.50453 -0.090416 -0.977342 -1.931146 4.410238
-6.380424 -61.42059 21.78794 -0.096896 -1.295853 -2.464875 1.987705 -2.835145 -3.142998 -3.012161 -4.150173 -2.302058 -4.127036 -0.077914 -2.625221
-8.380424 -61.42059 21.78794 0.614592 0.961102 -1.98195 3.60854 -3.648521 -2.228117 -3.000222 -3.878191 -1.358516 -3.173831 0.194406 -2.540458
-2.380424 -63.42059 21.78794 2.144572 -2.055536 -0.796973 -1.124221 -1.813526 0.408032 -1.941109 1.213371 -1.248704 -0.723173 -1.665879 3.249439
-4.380424 -63.42059 21.78794 2.930402 -1.790082 1.427574 -1.90102 -1.181189 -0.242235 -1.699754 0.870269 -1.093831 -0.123484 0.635729 1.352686
-6.380424 -63.42059 21.78794 -0.649384 -1.362644 -2.957531 -0.957761 -3.530525 -1.788434 -3.592117 -0.60773 -2.411376 -1.796622 1.019238 0.475286
-8.380424 -63.42059 21.78794 -1.580038 -0.577269 -3.743935 0.729133 -3.587568 -1.465032 -3.067533 -1.524705 -0.613499 -1.248226 0.210978 -0.444301
7.619576 -65.42059 21.78794 4.117192 -2.408748 -0.208562 -3.268458 0.420369 1.141718 -1.444803 1.392389 -0.553478 -0.208438 -2.721456 4.612737
5.619576 -65.42059 21.78794 5.031256 -3.047991 1.649081 -1.339629 -0.338424 -0.518821 -1.730651 2.539219 0.505502 0.861403 -1.421041 5.687179
3.619576 -65.42059 21.78794 3.856556 -0.632819 1.232568 0.169405 0.341623 0.562849 -1.80527 1.904302 -0.074653 -0.961163 -1.673957 5.484564
1.619576 -65.42059 21.78794 -2.05524 3.979748 -1.700618 0.737383 -1.013421 2.730654 -4.412211 0.204642 -3.458046 -5.47992 -1.676151 5.875381
-4.380424 -65.42059 21.78794 6.515778 0.789563 6.173108 6.138546 0.620392 -3.135035 2.576073 -3.033426 1.212659 0.248406 4.241944 -4.437519
7.619576 -67.42059 21.78794 2.18236 -3.504813 -0.937242 -2.776985 -0.58731 -1.211531 -0.517042 0.959059 -0.175283 0.42597 -2.207401 4.381159
5.619576 -67.42059 21.78794 2.928206 -0.844 0.391313 -1.234957 0.767663 -2.013829 -0.03297 -0.078638 0.232652 -0.139656 -0.526881 4.173613
3.619576 -67.42059 21.78794 2.5087 -0.172014 1.806025 3.03521 6.157175 -0.384438 1.876938 -0.600788 3.963893 -0.58425 2.636795 2.553691
7.619576 -69.42059 21.78794 0.706738 1.836072 -1.753463 3.072553 -1.167426 -1.238709 -0.520582 2.301378 1.218793 1.189861 0.00335 3.025243
5.619576 -69.42059 21.78794 -1.392122 5.851545 -0.908935 3.38127 -0.338284 -2.053892 1.148149 -1.160952 1.477904 -1.610373 2.695659 -1.297418
-4.380424 -57.42059 23.78794 -5.121799 -5.055424 -4.390526 -1.898929 -4.684695 -1.800855 -1.691945 -5.077614 -0.592552 -5.15668 -3.648107 -6.249897
-2.380424 -59.42059 23.78794 3.775205 -0.921087 2.541368 -1.615126 -0.120641 -1.73569 0.530363 -3.088617 1.463821 -4.58688 -2.026502 -4.200537
-2.380424 -61.42059 23.78794 3.340172 -0.865119 2.133268 -1.644469 -0.807388 0.14113 -0.28175 -2.268939 -0.567045 -4.167193 -3.971182 0.214415
-2.380424 -63.42059 23.78794 -1.611319 0.197781 -2.243318 0.562312 -3.185351 1.241704 -0.625611 -2.016078 -1.72105 -2.764992 -3.477321 2.132447
-4.380424 -63.42059 23.78794 -2.240194 -2.460047 -4.489287 -4.449172 -3.429182 -1.143141 -4.819283 -0.262673 -3.276914 -3.576315 -1.947961 2.783
-6.380424 -63.42059 23.78794 -1.770838 -5.888483 -5.081972 -3.735214 -4.940071 -8.104933 -6.282159 -3.168936 -6.057726 -4.387897 -4.003601 1.05394
7.619576 -65.42059 23.78794 -3.284881 -2.090605 -0.770802 -1.261831 -2.922371 3.091609 -2.2634 0.98963 -1.986744 -4.086248 -1.516562 5.6043
5.619576 -65.42059 23.78794 0.247463 -2.654624 3.42725 -0.717692 -2.607052 0.932401 -0.060004 2.972373 1.178918 -4.13218 -0.309257 7.345499
3.619576 -65.42059 23.78794 -7.409283 0.8609 -1.257785 -3.407551 -8.447096 4.286372 -5.04755 0.872259 -3.781902 -9.286064 -2.679471 7.497528
-2.380424 -65.42059 23.78794 5.649133 3.978151 0.972881 6.789044 1.35684 0.557901 2.896653 -1.811676 4.584955 -2.101314 3.147007 -3.024215
-4.380424 -65.42059 23.78794 3.134587 1.152585 -0.571874 0.129599 0.12856 -2.692829 1.032028 -0.400203 -1.145025 -0.799754 2.437166 0.047555
7.619576 -67.42059 23.78794 -1.311665 -1.864115 -1.225988 -4.124353 -3.03272 2.210988 -1.225989 3.036174 -4.069244 -1.506311 -2.90926 9.119201
5.619576 -67.42059 23.78794 -3.554616 0.670932 0.124829 -3.765028 -2.995774 2.791158 -4.132925 4.310716 -2.832228 -3.904089 -3.187721 11.95793
3.619576 -67.42059 23.78794 -11.20492 1.190914 -3.472939 -2.913927 -8.261027 3.529554 -5.158325 1.565621 -2.728148 -8.88319 -1.66444 11.13388
7.619576 -69.42059 23.78794 0.248665 -0.138841 -0.93865 -1.003298 -1.75562 1.226726 0.51104 2.606052 -0.794094 -0.806924 0.366668 6.323478
5.619576 -69.42059 23.78794 -6.014578 4.329297 -2.540757 -1.215378 -2.845205 1.489862 -2.658564 1.720355 -1.370998 -4.222629 0.1584 4.891083
-2.380424 -59.42059 25.78794 0.816038 -3.690696 -0.542042 -2.231441 1.536534 -3.703774 -0.088037 -1.264644 -1.430471 -3.757252 -1.802943 -0.896108
-2.380424 -61.42059 25.78794 1.212788 -2.128354 0.554498 -1.045819 1.059923 -4.290081 -0.667501 -4.156953 -1.710441 -4.689076 -4.025329 -2.027673
-2.380424 -63.42059 25.78794 -8.419989 -0.603129 -5.435508 -0.397527 -9.832893 -4.275921 -2.314174 -9.104887 -5.283071 -8.342485 -6.432669 -7.024981
5.619576 -65.42059 25.78794 3.352431 1.130992 5.278797 4.710626 2.141733 -0.586347 1.705187 -0.73777 2.579876 -1.562747 0.483623 2.163778
7.619576 -67.42059 25.78794 -2.30242 0.780051 -0.616106 -1.762832 -2.920237 0.597709 -0.487295 -0.5008 -1.629743 -3.634114 -2.144312 3.859242
5.619576 -67.42059 25.78794 -3.335348 2.364068 0.840788 2.984975 -3.243251 2.550157 -1.968897 0.380113 -2.026544 -3.693075 -3.519161 6.446733
7.619576 -69.42059 25.78794 -1.087927 -1.099568 -1.555773 -4.517594 -2.264744 -0.910327 0.545006 0.023932 -1.426288 -2.319922 -0.607558 5.156774
