6.728317 -29.74608 16.06912 3.207353 -0.715438 0.101578 -4.091873 -1.041926 0.09208
-5.271683 -29.74608 16.06912 4.876335 -3.618051 -4.623382 -11.57737 3.481945 -0.29736
-7.271683 -29.74608 16.06912 3.37225 -2.165473 -1.723377 -7.520544 1.139578 -0.131787
8.728317 -31.74608 16.06912 3.108883 6.1078 2.179732 -0.176156 -4.320573 2.297
6.728317 -31.74608 16.06912 2.637645 2.633246 -1.087717 -4.519907 -2.255714 0.529049
4.728317 -31.74608 16.06912 -1.02719 -2.64156 -5.058467 -11.29307 1.348174 0.317065
-5.271683 -31.74608 16.06912 1.126214 -5.930393 -6.657693 -13.3256 4.179698 2.444113
-7.271683 -27.74608 18.06912 3.353975 1.35438 1.693486 2.010807 5.217196 2.661469
6.728317 -29.74608 18.06912 3.887951 5.3364 3.845271 5.226404 -0.517147 -0.398408
4.728317 -29.74608 18.06912 2.943188 3.907937 2.590829 3.520705 -4.405647 -0.68486
-7.271683 -29.74608 18.06912 3.05104 0.246112 2.878851 2.272757 4.528473 0.112133
-9.271683 -29.74608 18.06912 2.575563 1.158525 3.543833 3.068996 2.454097 -1.004536
14.72832 -31.74608 18.06912 1.420654 -1.213917 -0.645077 -2.260541 2.494955 -0.358767
12.72832 -31.74608 18.06912 -3.81417 -3.035683 -3.135206 -4.161093 4.278952 0.549866
10.72832 -31.74608 18.06912 -6.252758 -3.623795 -3.657769 -4.523891 3.579199 -0.199183
8.728317 -31.74608 18.06912 -2.243396 2.303994 -0.758901 0.036651 -0.507306 -0.773791
6.728317 -31.74608 18.06912 3.147583 8.862997 2.618061 4.115351 -1.614701 -1.789423
4.728317 -31.74608 18.06912 3.598076 8.824985 3.015036 4.959057 -3.338657 -0.977943
-7.271683 -31.74608 18.06912 0.71214 -1.975802 1.179069 -0.704471 4.086396 -1.277836
-9.271683 -31.74608 18.06912 0.916521 -0.163851 3.545747 1.995484 3.787011 -1.672207
14.72832 -33.74608 18.06912 2.619122 -0.582606 2.357656 0.208054 1.451886 -0.887784
12.72832 -33.74608 18.06912 1.068715 -0.785676 0.461556 -0.864704 4.786597 0.315197
10.72832 -33.74608 18.06912 -0.020952 -0.176458 -0.803599 -2.160347 4.314095 0.67999
8.728317 -33.74608 18.06912 -0.601542 3.319522 0.252199 1.631281 -0.992177 -0.445762
6.728317 -33.74608 18.06912 1.090703 7.526527 1.216526 0.946905 0.818705 -1.072541
4.728317 -33.74608 18.06912 1.632245 6.305715 0.486348 -1.635988 1.830796 -0.148887
-9.271683 -33.74608 18.06912 3.74302 1.516031 3.24892 0.642622 2.37677 -0.907807
10.72832 -35.74608 18.06912 4.782228 1.471917 1.381521 -2.06251 3.121346 0.016562
8.728317 -35.74608 18.06912 0.836933 2.348386 2.708048 1.377368 -3.667538 -1.264611
6.728317 -35.74608 18.06912 -0.307596 3.910163 1.905462 0.473152 -2.410387 -1.184921
4.728317 -35.74608 18.06912 2.303441 2.750473 -0.266335 -5.626503 1.615891 0.149316
8.728317 -37.74608 18.06912 2.848979 0.128749 3.516729 -3.028679 -4.854734 -1.100777
6.728317 -37.74608 18.06912 0.483752 1.795703 1.338015 -3.26599 -6.299433 -1.434914
6.728317 -27.74608 20.06912 -0.466002 -3.681681 0.78255 -2.776993 1.265212 0.981576
-7.271683 -27.74608 20.06912 -2.482621 -2.688582 0.667074 -0.945132 1.941404 1.245426
8.728317 -29.74608 20.06912 -0.773328 -1.552766 -1.719067 -4.687317 -2.15112 -0.60511
6.728317 -29.74608 20.06912 -1.074181 -5.755685 -1.384425 -4.2181 -0.146724 -0.89354
-7.271683 -29.74608 20.06912 2.078436 2.422465 3.454585 1.399945 -1.993412 0.128281
-9.271683 -29.74608 20.06912 0.022916 2.376149 1.705854 -0.184072 -3.343495 0.265141
6.728317 -31.74608 20.06912 4.202615 4.531374 4.485379 1.460176 -1.842842 -3.930235
4.728317 -31.74608 20.06912 4.525492 0.791714 3.088933 1.819737 3.443117 -0.45835
-7.271683 -31.74608 20.06912 2.085774 1.752122 2.040574 -0.01954 -2.76017 -0.693014
-9.271683 -31.74608 20.06912 1.070469 3.736424 2.550069 1.217598 -3.139364 -0.322008
-11.27168 -31.74608 20.06912 0.128125 2.388587 1.139183 0.509957 -2.600952 -1.018289
14.72832 -33.74608 20.06912 3.005597 0.599536 1.747872 -1.908608 -3.193736 -1.733206
6.728317 -33.74608 20.06912 1.613257 0.635081 1.145023 -4.024344 5.654791 -1.765216
4.728317 -33.74608 20.06912 5.508489 4.99831 3.180071 2.095053 8.121117 1.746435
-11.27168 -33.74608 20.06912 3.05959 1.967026 5.487566 3.188259 -1.338465 -0.893653
14.72832 -35.74608 20.06912 3.011484 0.91927 3.576395 1.287303 0.01339 0.366289
12.72832 -35.74608 20.06912 4.737778 4.578115 2.323299 1.229713 1.6248 1.857344
10.72832 -35.74608 20.06912 3.927707 2.381852 4.796521 2.489037 3.693651 1.744303
6.728317 -35.74608 20.06912 -3.293682 -2.75668 -2.102957 -4.00094 4.903367 -0.097459
4.728317 -35.74608 20.06912 0.614403 5.649894 0.833014 0.068755 -0.760779 -0.116187
-7.271683 -35.74608 20.06912 -8.54694 -7.403735 -0.751179 -2.553171 5.15009 -1.700252
-9.271683 -35.74608 20.06912 1.174752 1.204904 5.099164 2.667953 1.717717 0.402351
14.72832 -37.74608 20.06912 0.828423 -0.242721 2.852514 1.812077 4.167661 0.697431
12.72832 -37.74608 20.06912 2.444192 4.018005 2.355046 2.227931 2.579493 1.351014
10.72832 -37.74608 20.06912 3.71378 4.781057 5.400624 4.025227 4.936065 1.880409
8.728317 -37.74608 20.06912 -2.21102 -1.659243 1.524347 0.26753 5.977808 0.856635
6.728317 -37.74608 20.06912 -1.124931 -1.610876 -1.237137 -2.330863 3.868131 -0.286278
4.728317 -37.74608 20.06912 -1.686586 0.826453 -0.164239 -0.976237 -1.416671 -2.100055
-7.271683 -37.74608 20.06912 -1.207334 -1.396581 0.887389 0.898278 4.450699 0.922481
12.72832 -39.74608 20.06912 2.37754 1.246024 2.409237 1.641834 0.831184 1.204306
10.72832 -39.74608 20.06912 4.202296 0.789733 4.60803 3.341976 3.589941 1.475831
8.728317 -39.74608 20.06912 2.883356 0.071293 3.037726 0.883322 4.591149 0.719615
6.728317 -39.74608 20.06912 2.904314 2.201941 0.924302 -0.6403 4.383634 0.343267
10.72832 -41.74608 20.06912 4.316512 1.54567 2.603191 1.196797 2.938632 0.767758
8.728317 -29.74608 22.06912 0.324649 0.933093 3.203508 2.713805 1.004302 0.197789
-7.271683 -29.74608 22.06912 0.948844 0.292696 2.771294 1.800909 1.08638 1.056934
-9.271683 -29.74608 22.06912 2.183915 0.676908 1.80326 0.397822 2.019576 0.926386
10.72832 -31.74608 22.06912 0.064154 -3.331198 3.607173 -0.287113 3.68121 0.673397
8.728317 -31.74608 22.06912 -4.057015 -3.627594 3.006057 0.574723 0.313447 -0.171649
6.728317 -31.74608 22.06912 0.095939 -0.717811 3.680364 -0.938468 -3.18927 -2.153448
-7.271683 -31.74608 22.06912 3.685758 3.013255 2.887769 1.473937 -1.568341 -0.127205
-9.271683 -31.74608 22.06912 2.297794 2.841325 1.927396 1.7923 -0.698045 0.416118
-11.27168 -31.74608 22.06912 3.074372 2.443255 2.576492 2.235747 -1.91255 -0.189162
10.72832 -33.74608 22.06912 1.29491 -2.418678 1.40232 -2.060413 2.63347 0.146719
8.728317 -33.74608 22.06912 -3.489403 -6.537111 -0.078069 -5.120521 3.468088 0.455087
6.728317 -33.74608 22.06912 -1.250189 -9.334345 -0.938911 -9.379527 0.108654 -2.014156
-7.271683 -33.74608 22.06912 3.09198 2.320136 2.916854 0.29006 -2.92045 -0.689158
-11.27168 -33.74608 22.06912 4.536993 0.593198 2.84135 -1.132447 -3.353017 -0.28565
8.728317 -35.74608 22.06912 -3.781957 -6.018582 -2.944096 -6.719726 1.027109 0.277776
6.728317 -35.74608 22.06912 -4.559514 -10.48196 -5.982713 -11.69323 -4.70319 -3.137986
4.728317 -35.74608 22.06912 -2.04827 -6.576768 -5.051592 -11.42154 -8.609506 -4.730931
-7.271683 -35.74608 22.06912 1.079376 -2.217412 0.613535 -5.186729 -3.768409 -1.593658
-9.271683 -35.74608 22.06912 2.632009 -0.783005 1.826917 -3.010661 -5.288471 -1.250974
12.72832 -37.74608 22.06912 2.143934 0.648766 -0.164268 -1.847596 -3.304146 -0.485076
6.728317 -37.74608 22.06912 -3.603378 -4.983661 -4.650995 -9.207419 -8.519999 -3.059658
4.728317 -37.74608 22.06912 -3.132485 -6.91071 -5.594997 -11.27988 -12.62566 -5.384171
-7.271683 -37.74608 22.06912 1.660393 -2.180314 -0.777071 -4.904503 -0.260055 -0.054066
12.72832 -39.74608 22.06912 1.16878 0.253184 -0.410931 -1.867502 -5.035949 -1.907776
10.72832 -39.74608 22.06912 -0.057849 -2.031521 0.084505 -1.948495 -1.600401 -1.178798
8.728317 -39.74608 22.06912 0.364604 1.373756 0.11582 -2.3416 -3.652433 0.001696
6.728317 -39.74608 22.06912 1.277332 2.043455 0.000406 -3.939462 -5.643708 -1.148298
4.728317 -39.74608 22.06912 -0.615747 -2.289201 -0.103367 -3.335409 -4.949284 -1.307331
8.728317 -41.74608 22.06912 -0.934226 -1.3645 -0.870566 -5.338249 -1.987391 -0.293354
-7.271683 -31.74608 24.06912 2.548004 2.874 1.075812 -0.65449 0.384934 -0.383961
-9.271683 -31.74608 24.06912 1.563157 2.872929 2.953186 2.588419 1.333565 0.555663
-11.27168 -31.74608 24.06912 2.825776 0.866892 2.26837 1.162855 0.320114 -0.140068
10.72832 -33.74608 24.06912 0.556108 -0.613423 1.892235 -0.182474 3.017214 -0.742905
8.728317 -33.74608 24.06912 -4.551805 -4.174659 -0.055697 -2.116261 5.085437 -0.927986
-5.271683 -33.74608 24.06912 4.402455 1.984236 2.894491 1.837546 1.803264 -0.283263
-7.271683 -33.74608 24.06912 3.979957 3.97673 3.386451 2.45833 1.90272 -0.165079
-11.27168 -33.74608 24.06912 4.26819 0.840021 4.052131 1.941161 -1.114092 0.295106
8.728317 -35.74608 24.06912 -2.813182 -1.938209 -0.019689 -0.937101 1.301862 -0.984436
6.728317 -35.74608 24.06912 -3.54667 -5.517889 -0.089859 -2.983336 1.434093 -1.381146
4.728317 -35.74608 24.06912 1.03429 -3.099859 2.899806 -0.592003 0.565679 -1.329824
-7.271683 -35.74608 24.06912 3.845745 3.730879 3.581411 2.213818 -0.135459 -0.521754
-9.271683 -35.74608 24.06912 3.508841 2.31134 4.015532 2.818814 -0.888386 -0.518107
4.728317 -37.74608 24.06912 1.700693 -3.402032 2.572313 -1.735833 0.648797 -1.864447
-7.271683 -37.74608 24.06912 2.791194 1.329214 3.458368 1.602115 2.603965 0.114135
-9.271683 -37.74608 24.06912 2.666614 1.51834 3.372962 2.488686 0.461071 -0.288721
10.72832 -39.74608 24.06912 2.617695 -1.38113 3.634856 3.280388 2.167782 -1.238039
8.728317 -39.74608 24.06912 1.57293 3.115851 4.404422 4.812182 2.318076 0.819231
6.728317 -39.74608 24.06912 1.582998 1.236527 4.498056 2.106394 2.73121 0.595219
4.728317 -39.74608 24.06912 3.955338 -0.370977 5.209363 2.425031 2.498776 0.492347
-7.271683 -39.74608 24.06912 4.584435 -0.757549 0.901073 -3.415038 3.797078 -0.041887
-9.271683 -39.74608 24.06912 1.543144 -1.325706 0.316459 -3.170048 2.245158 -0.367617
-7.271683 -41.74608 24.06912 4.183704 0.716503 -1.7594 -6.490827 0.039824 -0.993268
-7.271683 -31.74608 26.06912 3.424333 3.845387 1.885981 -1.194707 -3.258942 -0.756952
-9.271683 -31.74608 26.06912 2.188024 3.111319 2.054124 1.176288 -0.905486 0.014076
10.72832 -33.74608 26.06912 4.806587 -0.019829 -0.045275 -4.050447 -1.671815 -1.060198
8.728317 -33.74608 26.06912 2.933141 -0.464112 -0.268134 -3.760275 -2.717503 -0.39126
6.728317 -33.74608 26.06912 2.381099 1.23539 0.821173 -3.255708 -3.603645 -1.353538
-5.271683 -33.74608 26.06912 4.841277 4.395507 2.455414 -0.016196 -3.521462 -0.089215
-7.271683 -33.74608 26.06912 3.536093 2.7756 1.792216 -0.356993 -3.130263 -1.435577
-11.27168 -33.74608 26.06912 4.596977 -0.807589 2.386163 -0.814501 -0.604158 -0.306307
10.72832 -35.74608 26.06912 1.229883 -0.062244 -1.786411 -3.89062 0.084824 -0.251639
8.728317 -35.74608 26.06912 -1.566536 -2.025215 -2.669356 -5.112792 -2.119469 -0.058926
6.728317 -35.74608 26.06912 -0.868217 -0.71424 0.815651 -3.258068 -0.762145 0.899512
4.728317 -35.74608 26.06912 3.377584 -1.299546 0.963491 -3.719341 0.324613 0.405968
-11.27168 -35.74608 26.06912 2.637149 -1.619636 0.804205 -2.964083 -2.267937 -1.494949
4.728317 -37.74608 26.06912 3.446253 -0.242737 1.807801 -3.563577 -0.218668 -0.139909
-9.271683 -37.74608 26.06912 -0.150096 -1.304209 -0.167994 -1.95972 -2.349647 0.019862
-11.27168 -37.74608 26.06912 2.086709 -3.290774 0.139091 -4.071646 -2.264147 -1.75157
12.72832 -39.74608 26.06912 5.442689 4.79213 -0.607085 -3.144825 3.20126 0.933391
10.72832 -39.74608 26.06912 4.471979 1.307009 1.873172 0.666012 1.241148 -0.023753
8.728317 -39.74608 26.06912 0.800346 1.688908 3.427894 2.814166 -0.426245 -0.737928
6.728317 -39.74608 26.06912 3.160848 1.847255 3.865652 0.840773 1.817446 0.368932
4.728317 -39.74608 26.06912 2.561301 2.98103 0.315152 -3.485074 1.20908 1.562703
-9.271683 -39.74608 26.06912 1.928174 1.112688 -0.570346 -3.833972 0.784951 0.569805
-11.27168 -39.74608 26.06912 0.976247 -3.393469 -0.178532 -6.050184 0.245439 -1.790049
-7.271683 -41.74608 26.06912 5.567872 8.143302 0.255037 0.26851 1.32029 1.801013
-9.271683 -41.74608 26.06912 3.582851 2.14821 0.500391 -1.970639 0.881957 -1.337152
-5.271683 -43.74608 26.06912 0.195939 6.510696 1.046793 2.417296 2.021064 1.130479
-7.271683 -43.74608 26.06912 3.544809 8.996943 1.787774 2.069865 2.520426 0.921356
-5.271683 -45.74608 26.06912 -0.550379 2.255692 2.158158 1.063468 2.994153 -0.4108
-9.271683 -33.74608 28.06912 1.410221 -0.103971 -0.172379 -1.532305 3.05159 -0.54362
12.72832 -35.74608 28.06912 2.945666 0.475839 2.487641 0.982823 2.754692 -0.30235
10.72832 -35.74608 28.06912 3.926624 2.157953 2.163489 2.444455 2.152019 -1.162835
8.728317 -35.74608 28.06912 0.654374 0.990261 2.359505 2.179746 5.454172 0.978045
6.728317 -35.74608 28.06912 1.188756 2.433462 6.163925 5.516461 5.972678 2.554714
-9.271683 -35.74608 28.06912 5.405049 2.644207 3.632583 2.46617 0.570267 0.050722
-11.27168 -35.74608 28.06912 4.611325 2.074285 4.257301 3.291046 0.334702 -0.141865
6.728317 -37.74608 28.06912 4.549654 3.751907 5.645267 3.94531 2.236034 -0.571523
4.728317 -37.74608 28.06912 4.13929 3.801911 4.128994 1.589584 4.047718 0.878155
-9.271683 -37.74608 28.06912 5.07177 2.623852 4.020986 1.781298 0.592645 0.892212
-11.27168 -37.74608 28.06912 7.578719 3.972584 5.495623 2.252025 -0.015972 0.166381
14.72832 -39.74608 28.06912 1.329839 0.767782 1.994508 1.383129 2.279538 0.098134
12.72832 -39.74608 28.06912 2.087925 3.044803 0.833141 0.567951 0.190774 -1.005616
10.72832 -39.74608 28.06912 2.649921 2.361761 0.579705 0.511562 -0.227183 -2.018924
8.728317 -39.74608 28.06912 2.370413 2.896899 1.244947 -0.234055 0.245979 -2.513186
6.728317 -39.74608 28.06912 6.571919 3.204821 3.099894 -0.924177 0.92011 -2.01428
-7.271683 -39.74608 28.06912 1.908604 -0.429836 -1.186855 -3.608872 -0.35021 -0.533303
-9.271683 -39.74608 28.06912 5.098259 2.997003 1.180021 -2.602729 0.218429 1.556023
-11.27168 -39.74608 28.06912 7.352199 4.354467 2.379332 -2.852812 -1.263216 0.867338
12.72832 -41.74608 28.06912 3.028774 1.344499 1.79339 -1.822831 4.215001 -0.440503
8.728317 -41.74608 28.06912 5.083361 1.323698 1.463958 -3.352847 4.946859 -0.760954
-7.271683 -41.74608 28.06912 3.64499 0.510947 -2.797628 -7.011068 2.304267 1.176097
-9.271683 -41.74608 28.06912 4.664203 1.264608 -1.668274 -7.084352 -0.563313 -0.171785
-11.27168 -41.74608 28.06912 3.115281 0.798028 -1.299989 -6.542181 0.050312 0.079277
-5.271683 -43.74608 28.06912 3.148668 1.023682 -1.629362 -5.355529 -3.508937 -1.012283
-7.271683 -43.74608 28.06912 4.879642 3.578996 0.580458 -3.847732 -2.444574 -0.217155
-9.271683 -43.74608 28.06912 1.286064 -0.390743 -0.010578 -3.564632 -2.721084 -0.749689
-5.271683 -45.74608 28.06912 3.494743 -0.400168 -1.677521 -7.216414 -5.433376 -1.939168
-7.271683 -45.74608 28.06912 1.584365 0.406752 0.188331 -4.641596 -3.246269 -1.135049
-5.271683 -47.74608 28.06912 -0.010473 -5.07535 -3.798301 -9.191218 -1.29826 -1.983266
12.72832 -35.74608 30.06912 -0.413723 -3.007171 -1.102467 -4.554142 -1.796965 -1.158957
10.72832 -35.74608 30.06912 0.948699 -1.708804 0.32967 -2.443983 0.34106 -0.704587
8.728317 -35.74608 30.06912 0.826596 0.383846 2.581981 0.154011 0.777107 -0.685465
6.728317 -35.74608 30.06912 -1.909419 -2.123517 0.469545 -0.560823 -0.973997 -0.937068
8.728317 -37.74608 30.06912 0.152344 1.069602 -0.460136 0.064778 0.487103 -1.59183
6.728317 -37.74608 30.06912 -0.987104 0.210279 -0.610594 -0.904387 -1.623396 -2.721271
-5.271683 -37.74608 30.06912 -5.587903 -5.054096 -5.664851 -6.333606 -2.741811 -2.753647
-7.271683 -37.74608 30.06912 -1.249076 -2.009295 -3.37887 -4.229499 -3.502197 -2.761623
12.72832 -39.74608 30.06912 -0.947047 2.68239 -0.838425 2.255056 -3.141668 -2.255804
10.72832 -39.74608 30.06912 -3.512324 1.15768 -3.228988 -0.258449 -2.512473 -2.612108
8.728317 -39.74608 30.06912 -3.426044 -0.370361 -2.150794 -0.949832 -0.360351 -2.120875
6.728317 -39.74608 30.06912 -1.738186 -0.684546 -0.921657 -2.256894 -0.378814 -1.92203
-5.271683 -39.74608 30.06912 -5.821061 -3.166337 -7.3669 -5.71982 0.497103 -1.492719
-7.271683 -39.74608 30.06912 -1.508647 -0.407894 -4.318684 -3.066601 -1.259174 -2.07071
-9.271683 -39.74608 30.06912 3.483722 3.300806 0.552121 1.311147 -0.305736 0.166474
-11.27168 -39.74608 30.06912 6.642886 5.932686 2.500146 1.930898 0.067273 1.231793
12.72832 -41.74608 30.06912 0.737936 3.217261 1.22327 1.933004 -0.105296 -2.554323
-7.271683 -41.74608 30.06912 2.307327 1.39941 -0.097014 -1.388526 3.225327 0.417993
-9.271683 -41.74608 30.06912 5.553136 4.385617 2.046679 0.688476 2.815326 0.72423
-7.271683 -43.74608 30.06912 5.429292 2.497777 3.673438 -0.904789 2.247883 0.810687
-9.271683 -43.74608 30.06912 4.079132 2.657603 4.103647 2.451304 1.222694 0.072656
-7.271683 -45.74608 30.06912 4.990366 1.494886 3.438672 -2.655801 1.355682 -0.396817
-7.271683 -47.74608 30.06912 4.650082 1.601994 2.530284 -2.703654 1.851735 -0.556055
10.72832 -33.74608 32.06912 4.689203 2.955045 2.098757 1.297537 4.710999 -0.485527
8.728317 -33.74608 32.06912 5.415619 2.934535 3.271962 0.436042 5.256664 0.035239
10.72832 -35.74608 32.06912 2.261777 2.109746 2.428463 0.861987 -0.94809 -1.748998
8.728317 -35.74608 32.06912 3.123955 3.637539 3.501011 1.201512 1.053027 -1.839615
6.728317 -35.74608 32.06912 1.419059 0.955584 2.619986 0.903044 -0.221485 -2.46841
8.728317 -37.74608 32.06912 2.086394 1.812023 2.359893 1.063532 0.596394 -2.160816
6.728317 -37.74608 32.06912 0.658154 1.854815 3.585447 2.186937 -1.112443 -2.703554
-5.271683 -37.74608 32.06912 -2.699484 -1.272393 -1.986135 -4.073253 -1.452199 -2.869458
10.72832 -39.74608 32.06912 0.274576 -0.283156 -0.333774 -1.074137 1.343076 -1.137192
8.728317 -39.74608 32.06912 1.697366 0.952137 2.574199 0.857498 1.521958 -1.0073
-7.271683 -43.74608 32.06912 -1.738655 -0.268949 0.597522 0.640104 -3.414872 -0.640993
10.72832 -33.74608 34.06912 -2.478193 -0.233435 -2.269957 -1.238999 1.390438 0.059409
8.728317 -33.74608 34.06912 -1.251656 -0.948738 -1.900058 -3.120375 -0.045022 -0.414502
10.72832 -35.74608 34.06912 -4.957574 -1.625329 -3.512921 -2.768408 -1.397626 -1.578684
8.728317 -35.74608 34.06912 -4.396009 -0.409553 -4.220316 -3.566602 -2.02298 -1.9663
6.728317 -35.74608 34.06912 -1.667346 0.781722 -1.086447 -0.873293 -1.697854 -1.524868
6.728317 -37.74608 34.06912 -1.530264 0.603038 0.415994 1.159147 1.052841 -1.135182
8.728317 -39.74608 34.06912 4.265327 -0.021958 0.615427 -1.767846 6.708181 -0.175743
10.72832 -35.74608 36.06912 4.62181 2.592085 1.020077 -0.784149 2.344594 -1.319857
8.728317 -35.74608 36.06912 -0.203681 0.468878 0.11036 -2.04551 -1.626185 -2.757211
6.728317 -35.74608 36.06912 1.980917 3.424203 4.570927 2.022847 -1.033474 -2.087847
12.72832 -37.74608 36.06912 7.126453 3.154312 4.711801 -0.529773 0.560752 -1.149826
10.72832 -37.74608 36.06912 5.069859 3.466511 3.275388 0.231973 0.868364 -0.89817
8.728317 -37.74608 36.06912 1.945463 2.654388 1.094116 -1.790929 -1.820966 -1.801748
6.728317 -37.74608 36.06912 1.120387 1.669213 1.727053 -0.896026 -0.397388 -1.736474
10.72832 -39.74608 36.06912 6.173277 4.962582 5.091739 0.740512 1.055601 -0.258282
8.728317 -39.74608 36.06912 6.480006 5.044098 4.451305 -0.378715 2.382012 0.321857
8.728317 -35.74608 38.06912 -3.970575 -4.798077 -5.28377 -6.703915 2.260013 -0.124561
