-2.380424 -29.42059 7.787937 5.244224 -1.589739 0.144458 1.150433 -2.911932 -0.454213 -0.036903 0.387333 -2.818749 0.629 -9.356869 5.934609
7.619576 -27.42059 9.787937 -7.680697 -0.413343 -5.962584 5.36657 1.010809 3.091022 -3.176721 1.818107 -8.871282 6.498314 -0.532211 4.832355
-2.380424 -27.42059 9.787937 -2.638791 -1.451506 -3.453591 0.645235 -1.83287 3.42107 2.237679 -4.747769 -2.446549 -2.005526 -2.266869 2.271859
-4.380424 -27.42059 9.787937 1.757314 0.124668 2.260159 1.823403 2.424357 0.962749 2.73004 -1.082684 2.284388 2.637603 2.134428 5.698746
1.619576 -29.42059 9.787937 -2.162547 2.967253 -5.190817 2.20887 -1.194683 3.391014 -1.983988 7.168878 -8.949553 -1.104134 -4.486383 4.489017
-0.380424 -29.42059 9.787937 -7.008914 -0.36457 -6.336082 -0.785221 -3.388623 0.64376 -1.358275 1.897959 -7.94687 -1.678473 -2.63026 6.791337
-2.380424 -29.42059 9.787937 0.94602 0.226999 -2.473798 -1.651834 -2.783806 -0.73946 2.290491 0.195904 -2.244467 -4.97751 -5.246452 1.545671
-4.380424 -29.42059 9.787937 1.434505 2.33496 -1.10044 -1.110035 -1.52586 0.975487 0.998114 1.622168 -0.616213 -2.176941 -0.159586 4.317469
-6.380424 -29.42059 9.787937 -0.966009 -2.249367 0.621803 -1.27799 -2.445297 -1.033486 1.57075 1.744979 0.643771 2.531342 -0.38697 4.559631
1.619576 -31.42059 9.787937 3.644775 4.400083 -3.786668 1.828867 -1.989343 1.121357 -0.42973 9.134806 -7.963515 -0.842258 -5.480004 -0.680519
-0.380424 -31.42059 9.787937 3.667226 0.13592 0.059198 -1.003386 0.329011 -2.47595 4.901637 4.403563 -0.247193 -0.155583 0.931064 3.283669
-2.380424 -31.42059 9.787937 5.164723 -3.298289 2.209111 -2.737872 -2.70313 -3.6471 6.149175 -0.38001 4.280421 -0.641715 -2.243845 -0.690136
-4.380424 -31.42059 9.787937 4.993073 -1.512366 1.416988 -2.709213 -3.983282 0.633288 5.140452 1.36039 2.227934 -0.148807 -0.810228 5.954394
-6.380424 -31.42059 9.787937 2.586809 -2.923148 2.533482 -0.292083 -3.441624 -1.298832 3.693142 1.203004 2.809377 0.187482 -0.632421 5.33798
-0.380424 -33.42059 9.787937 6.13314 3.995357 -1.517396 1.309597 1.430365 0.481594 3.892693 5.293586 -0.419638 1.623802 4.2331 3.529493
-2.380424 -33.42059 9.787937 2.958285 -4.75559 0.829404 -0.764737 -2.897001 -2.319667 3.890795 -2.208437 4.305703 0.610645 -0.808316 -1.15654
-2.380424 -35.42059 9.787937 -0.271725 -3.182729 -3.730894 1.681522 -4.243917 -2.036216 0.293165 0.500769 0.50044 3.652449 -3.203647 0.371336
9.619576 -27.42059 11.78794 2.627063 1.752348 -0.469471 2.082982 2.373753 1.515947 3.70939 -1.878052 -2.361313 -0.692693 4.35375 0.683043
7.619576 -27.42059 11.78794 2.539593 2.107357 0.518861 0.841843 0.992528 4.146059 2.043423 2.875075 -2.341026 -0.714951 -1.02883 4.014893
-0.380424 -27.42059 11.78794 -4.114023 1.374591 3.091487 -0.668171 -1.853544 4.687403 -5.645501 -3.47345 -3.351595 -6.564388 -3.59421 5.093887
-4.380424 -27.42059 11.78794 7.942132 -0.424472 5.722915 -1.81681 4.44191 1.725632 8.540014 -0.561413 3.007198 -1.01678 6.466897 4.780324
9.619576 -29.42059 11.78794 1.849298 0.212687 0.2176 1.003509 5.370938 -0.380894 2.456473 -0.245426 1.891717 0.50618 4.99279 -2.452646
7.619576 -29.42059 11.78794 4.075849 3.052675 1.549433 -1.154747 4.948484 2.132729 4.390837 4.055992 -1.005666 -0.478635 0.208764 1.102421
1.619576 -29.42059 11.78794 5.788122 -0.930036 3.027745 0.053409 -0.918641 1.604203 5.098482 0.322384 -2.180394 -4.327924 -6.857089 2.844097
-0.380424 -29.42059 11.78794 -2.609901 -1.062859 1.036518 -2.354536 -2.466903 2.6171 -2.879211 -3.359743 -4.594637 -9.205643 -2.690208 5.166635
9.619576 -31.42059 11.78794 -0.73582 1.731405 2.457404 0.843783 3.239496 0.672843 -0.001642 2.045566 2.859514 1.705019 2.512622 -1.797942
7.619576 -31.42059 11.78794 3.082296 2.227771 1.966636 -1.071777 3.494347 1.554748 4.998625 4.158401 -2.275378 3.007531 -0.296376 2.592302
1.619576 -31.42059 11.78794 5.265572 0.465382 -0.203215 1.210305 -1.594602 0.491976 1.926147 4.21673 -3.37733 -3.91122 -7.922272 1.084268
-0.380424 -31.42059 11.78794 0.932815 -3.698536 -0.07644 -1.981204 -0.856059 -0.814565 -1.122321 -2.697246 -1.295517 -2.985043 -0.777897 3.471655
-4.380424 -31.42059 11.78794 3.662947 -2.928876 2.342278 0.724358 3.946155 -0.244238 3.997638 3.877783 2.638361 6.415205 1.256736 9.721065
-6.380424 -31.42059 11.78794 2.468319 -0.80878 1.261741 1.006192 3.69927 -0.998949 3.934719 6.54849 3.708439 7.329504 4.967707 6.379139
7.619576 -33.42059 11.78794 3.472394 0.320876 2.442656 -2.216648 1.212252 1.584509 4.729268 2.165169 0.015895 0.424498 -0.338222 5.475616
-0.380424 -33.42059 11.78794 0.076672 -2.504595 -6.367015 0.110502 1.150424 1.286049 -2.256108 -2.237527 -2.549994 2.802268 4.349583 4.848227
-2.380424 -33.42059 11.78794 1.78168 -5.293352 1.496909 -2.770988 -2.176996 -1.318858 2.219439 -3.337052 5.69693 3.372598 -2.399895 2.393414
-4.380424 -33.42059 11.78794 3.764033 -6.854502 -1.341134 -0.726597 -0.686849 -1.855855 4.887197 -1.450195 -1.433609 -0.259427 -1.65772 4.843286
-6.380424 -33.42059 11.78794 -1.522318 -3.909654 -4.933741 0.387787 -1.952348 -1.956634 0.737 -0.016134 -2.847201 1.418755 0.049832 3.731216
5.619576 -35.42059 11.78794 6.129455 -1.093969 2.093034 -0.259135 -0.608273 4.048015 1.144695 -0.219171 1.55479 -0.142707 -5.653875 2.319745
3.619576 -35.42059 11.78794 3.596637 -1.784846 1.511713 2.542783 1.27336 4.515359 -0.157262 1.494326 -2.702175 1.083678 -2.596475 3.938427
-0.380424 -35.42059 11.78794 -0.519073 -1.083543 -7.509845 1.370956 2.258865 2.223503 -2.819202 0.114988 -4.841341 4.750591 3.523576 5.794305
-2.380424 -35.42059 11.78794 0.283949 -6.453308 -1.30544 -2.251396 -1.92089 -4.15366 1.320088 -3.024637 2.480371 2.562355 -3.779603 -2.059037
-4.380424 -35.42059 11.78794 3.833738 -6.543884 -3.170997 1.306876 -2.164712 -2.125561 3.292413 -3.347632 -4.435367 -3.429659 -3.840071 -2.399292
-6.380424 -35.42059 11.78794 -0.529193 -5.162909 -5.667333 0.333426 -1.787231 -2.151389 -1.920176 -3.650822 -4.857904 -0.852073 -0.488122 0.629143
7.619576 -37.42059 11.78794 4.738865 0.612175 0.01227 -2.899731 -2.434216 -0.9856 4.002571 1.517111 -0.640337 -3.223837 -5.840193 -0.434068
5.619576 -37.42059 11.78794 3.40066 -2.074807 -2.60894 -0.064383 -2.547983 2.943442 1.766255 -2.248968 -2.770619 -0.634647 -3.97807 2.231535
3.619576 -37.42059 11.78794 3.677432 -3.356328 0.98926 1.346701 2.322911 4.768079 1.57496 -1.704493 -4.116193 1.265877 -1.053619 4.700296
-2.380424 -37.42059 11.78794 -0.764326 -4.850502 -1.893395 -2.058612 -5.386539 -3.118613 0.742911 -0.203851 1.058293 3.025859 -6.20239 -0.478207
-4.380424 -37.42059 11.78794 0.831681 -4.089669 -2.014733 0.260768 -3.600735 -1.318972 1.036761 -0.810723 -0.725163 -0.613056 -3.470696 -1.464873
-6.380424 -37.42059 11.78794 1.111583 -3.817761 -2.631634 0.306701 -0.895108 -2.940269 -1.19195 -1.111295 -2.16067 -0.486142 -1.462568 -0.486874
-8.380424 -37.42059 11.78794 -0.655044 0.107307 -3.449326 0.051075 -5.316969 1.299771 3.071254 4.000915 0.289006 0.606796 -4.078025 2.086227
5.619576 -39.42059 11.78794 2.6109 -2.739134 -3.740068 -0.36193 -4.429304 0.392737 1.590218 -0.960035 -4.260662 0.471773 -3.216357 1.571702
5.619576 -27.42059 13.78794 4.495869 1.491781 2.811378 0.335902 0.022029 -1.067917 0.299123 -1.175732 4.261781 3.864081 -2.734252 0.281672
3.619576 -27.42059 13.78794 7.289351 1.53453 3.499058 -1.864885 2.555727 1.131811 2.681826 -0.099264 4.588418 2.614407 2.873842 2.007396
1.619576 -27.42059 13.78794 2.747999 -3.409249 5.979074 -1.896978 1.840391 -0.083569 -4.58525 -4.302881 1.516507 1.336068 -0.963138 3.074229
-0.380424 -27.42059 13.78794 -5.785953 -4.707795 2.610518 -0.167413 -1.308958 1.573959 -12.9934 -5.85633 -0.585223 -2.209674 -6.401463 4.861915
-2.380424 -27.42059 13.78794 -3.447474 -4.626059 2.092484 -1.541758 0.779513 1.501182 -4.003337 -4.886484 2.284442 -2.479222 2.834692 4.018404
-4.380424 -27.42059 13.78794 0.552953 -3.682749 3.420017 -2.191906 2.709458 2.716166 1.998428 -2.24673 1.792428 0.295049 5.363049 6.758303
7.619576 -29.42059 13.78794 2.464068 -1.393793 -0.943235 -3.19714 3.365922 2.330284 3.841048 0.858912 0.292303 0.099943 5.016665 4.06045
5.619576 -29.42059 13.78794 3.512294 -3.284759 4.086979 -0.670018 2.068578 1.481931 4.016067 -2.273609 3.043774 1.260864 0.23723 3.329472
3.619576 -29.42059 13.78794 7.042458 -2.470905 4.191566 0.464075 1.53438 3.409512 5.797611 -2.481363 5.028601 3.625371 -0.182117 3.544132
-0.380424 -29.42059 13.78794 -2.416619 -6.156219 1.595805 -1.993865 -0.845143 1.026953 -5.105074 -5.941798 -0.834904 -3.407329 -5.530554 3.553192
-2.380424 -29.42059 13.78794 -3.663039 -8.366252 -1.522798 -2.320289 -0.222376 1.36546 -3.082997 -4.925133 -0.602607 0.713427 -0.486842 4.896225
-4.380424 -29.42059 13.78794 0.957841 -3.133038 -0.586948 -0.974895 3.27077 0.281294 1.264252 1.723148 -0.108521 7.674914 3.571935 6.698303
9.619576 -31.42059 13.78794 -2.521695 4.302065 0.263668 3.141277 4.424464 3.470905 -1.864028 6.097491 2.921176 3.688811 4.737174 -0.28005
7.619576 -31.42059 13.78794 1.275175 0.214407 -1.40081 -2.947617 2.851132 2.683904 2.013432 3.954423 -1.961672 1.540907 0.758215 3.185556
5.619576 -31.42059 13.78794 3.232041 0.649693 3.365725 -1.692237 1.252385 2.075103 4.097286 1.571542 3.128484 -2.258683 -0.832225 3.415483
1.619576 -31.42059 13.78794 1.960925 -0.43006 0.85615 -1.062125 -0.574344 -2.2523 -0.944833 3.198142 -0.531038 -0.477695 -1.753387 -0.693802
-0.380424 -31.42059 13.78794 -1.124792 -6.965264 1.691313 -6.593218 0.304076 -4.360186 -2.346828 -3.268198 0.56036 -2.95469 0.298444 -0.392219
-2.380424 -31.42059 13.78794 -2.326281 -7.795972 2.51664 -3.91516 -0.290886 0.221072 -1.800221 -4.106454 4.380416 2.649709 -1.553405 4.401415
-4.380424 -31.42059 13.78794 -4.959145 -0.651099 -3.504374 -0.186864 -0.248159 -1.062518 -3.368019 5.743568 -0.547089 7.006336 -1.961181 5.89452
9.619576 -33.42059 13.78794 1.355449 2.723576 1.268188 4.510897 4.339244 3.596206 1.930045 1.551273 0.6995 3.309879 5.08934 1.15889
7.619576 -33.42059 13.78794 5.08892 1.382072 3.090968 -2.166489 4.185053 3.639649 4.771045 2.564518 2.487718 0.324206 3.960373 4.244168
5.619576 -33.42059 13.78794 1.465878 1.616248 3.035591 -0.587999 0.392021 3.061132 0.743569 3.74327 4.632554 0.055938 -3.07693 5.043059
-0.380424 -33.42059 13.78794 2.502589 -4.665095 -0.608619 -4.728247 3.923189 -2.471909 0.857516 -1.52285 0.43739 3.118553 10.20402 0.424598
-2.380424 -33.42059 13.78794 2.68845 -4.778069 3.128932 -4.479019 0.647505 0.07408 2.676343 -2.962519 5.855236 2.984759 2.121162 3.542309
7.619576 -35.42059 13.78794 7.934477 -0.169442 4.515477 -2.385322 0.921484 2.686476 9.247018 1.470911 5.441958 0.679286 1.50948 3.911651
5.619576 -35.42059 13.78794 3.846368 -1.18965 2.255553 1.177202 0.153811 3.75627 3.91055 1.312478 4.22023 4.109435 -1.979011 3.898461
3.619576 -35.42059 13.78794 1.450963 -0.75952 2.886683 0.512857 0.473868 1.789896 -0.504929 1.501132 1.088355 1.946844 -0.349396 1.810843
1.619576 -35.42059 13.78794 3.110375 2.057768 -1.675919 0.534206 2.00341 3.367728 4.149733 3.226002 -2.772516 4.122383 2.80451 3.838687
-0.380424 -35.42059 13.78794 7.916696 -0.752133 -0.060799 0.398251 5.936754 2.836375 9.383802 0.171664 1.813159 9.952323 13.44849 4.357925
-6.380424 -35.42059 13.78794 -1.638544 -4.596401 -7.746377 -0.79323 -0.640258 1.024675 0.617417 -2.467416 -4.746533 -1.694957 0.338115 3.875195
-8.380424 -35.42059 13.78794 -0.938347 -2.193711 -5.59853 -0.649036 -0.138639 1.168488 1.458867 -2.415428 -2.671314 -1.640554 0.98742 2.472165
5.619576 -37.42059 13.78794 2.88919 -0.292658 -0.426403 4.487809 -0.151053 2.903796 4.11327 0.542307 -0.435855 7.292905 -0.563503 4.13317
3.619576 -37.42059 13.78794 1.650565 1.625224 2.095508 4.040442 2.605011 3.153845 2.743421 2.757819 -0.40808 5.911936 0.988031 2.323812
-0.380424 -37.42059 13.78794 5.84492 -0.497844 -0.612236 0.370477 2.640102 2.931489 11.70154 -0.439444 0.223491 7.549946 5.085555 3.384184
-2.380424 -37.42059 13.78794 5.486064 -0.496515 2.627537 -1.680456 -0.783187 3.974663 8.975695 -0.982926 2.714363 4.532427 1.56389 5.917156
-4.380424 -37.42059 13.78794 1.092775 -0.658243 1.196288 -1.042798 -0.835362 0.345328 0.752264 -1.324418 1.710219 -1.961922 -1.671758 2.193596
-6.380424 -37.42059 13.78794 -4.056368 -2.242058 -3.828156 -0.170681 -0.834884 -1.957015 -3.047432 0.437279 -2.242011 -0.293238 -0.754616 -0.303676
-8.380424 -37.42059 13.78794 -4.209496 0.23799 -3.641453 0.894616 -3.725385 0.602677 0.676468 2.521411 -0.098466 2.052544 -2.332992 1.801568
-10.38042 -37.42059 13.78794 -5.018726 1.223446 -4.015242 0.362697 -2.114984 2.308583 -0.544091 1.050932 -2.576643 1.783874 -0.304891 4.33433
5.619576 -39.42059 13.78794 -0.482452 0.468236 -0.312048 3.754759 -2.742301 0.36362 -1.24742 2.390381 -3.276468 6.853781 -2.91235 2.759893
3.619576 -39.42059 13.78794 -1.562044 5.130986 1.952853 4.329747 -0.578667 2.335636 0.424993 7.829414 -2.511321 6.90403 -1.404365 2.240159
-2.380424 -39.42059 13.78794 3.784231 0.343934 0.337734 -1.193362 -4.029104 3.190862 6.346826 -1.573744 1.767209 0.043613 -3.748288 2.700965
-4.380424 -39.42059 13.78794 -2.176061 -1.430085 -1.165865 -0.483841 -4.268967 0.032911 1.15583 -2.52539 2.310679 -2.220565 -2.294579 2.798214
-6.380424 -39.42059 13.78794 -2.65652 -0.124337 -4.448781 -0.894715 -3.279027 -0.263046 1.914298 2.125616 -3.451921 -2.515695 0.78259 2.194458
-8.380424 -39.42059 13.78794 -0.968732 -0.383985 -1.896915 1.375685 -4.15752 0.950404 4.110756 3.808208 0.66179 1.532382 -2.337355 2.732609
-4.380424 -41.42059 13.78794 0.23831 1.385042 0.195079 0.628531 -5.86267 -1.608911 2.908671 1.090743 1.307945 0.501023 -5.856033 0.401615
-2.380424 -27.42059 15.78794 0.705653 -4.996576 -1.638933 4.170376 -2.754094 3.034192 -0.188677 -5.212517 -0.744338 5.403887 1.579582 3.591215
-4.380424 -29.42059 15.78794 -2.495371 -6.512671 -6.239186 0.007461 -1.864542 -1.27132 -3.167215 -4.798966 -5.112422 5.720264 -0.396856 2.846231
5.619576 -31.42059 15.78794 1.515944 0.161088 2.165605 -1.113839 2.308673 1.199343 1.902336 0.868022 2.701053 -1.98581 1.002531 0.345431
-2.380424 -31.42059 15.78794 -0.728328 -5.079635 3.225875 -4.584337 -2.188701 -0.540807 -0.773967 -3.567817 6.26423 0.580179 0.496367 0.037822
-4.380424 -31.42059 15.78794 -2.582042 -3.617806 -2.797734 1.788779 -2.27517 -1.492574 -2.545108 0.569179 1.07177 7.054796 -0.513847 3.33229
9.619576 -33.42059 15.78794 0.438938 1.154976 2.809375 3.988054 1.595954 3.646365 -0.439973 1.580595 3.281036 3.076653 3.090545 1.375296
7.619576 -33.42059 15.78794 4.885212 -1.762393 5.033085 -0.659055 4.001953 4.350773 2.834086 -0.393103 5.899529 0.516648 0.474254 6.032527
5.619576 -33.42059 15.78794 5.665217 1.743779 5.680402 -1.044703 5.515734 0.977141 4.480259 3.440772 5.217928 -0.570258 1.276426 0.744247
3.619576 -33.42059 15.78794 2.263904 2.225028 3.277059 -2.370179 1.124716 -0.611957 -0.048904 2.213769 1.902636 -0.331048 3.531422 -0.717774
-0.380424 -33.42059 15.78794 0.588911 -1.592645 1.963857 -10.13547 2.166332 -2.003881 3.915105 0.899283 6.12619 -0.91309 11.36964 -2.780829
-2.380424 -33.42059 15.78794 -1.397689 -2.091127 4.455465 -7.752188 -0.695824 -1.758617 -2.290992 -0.317084 7.253189 -2.557343 4.304825 -1.939811
-4.380424 -33.42059 15.78794 -5.314534 -0.354729 1.813059 -0.205547 -3.01118 -0.77477 -6.841087 4.022314 3.129848 0.567021 -1.212877 2.891954
9.619576 -35.42059 15.78794 0.407016 -0.056279 4.11239 0.933896 -0.431085 1.419551 1.164568 0.14291 4.886356 2.206913 1.604208 -0.317892
7.619576 -35.42059 15.78794 4.841704 -4.39249 3.774398 -2.820936 0.939977 1.186898 5.011816 -1.214334 4.666702 1.063474 -1.199561 1.931336
5.619576 -35.42059 15.78794 8.742341 -2.487326 5.710761 -1.344139 5.727407 -0.558556 8.982695 1.431401 5.202555 0.041247 1.737069 -1.684547
3.619576 -35.42059 15.78794 5.383286 1.828956 4.357279 -0.821851 5.493455 0.066456 4.44506 1.841066 3.334328 -0.28574 5.877381 -0.890434
1.619576 -35.42059 15.78794 1.053856 3.61424 -1.279505 -1.216913 1.1917 0.559192 2.16332 4.011468 -0.388086 4.985426 5.554688 1.417995
-2.380424 -35.42059 15.78794 3.815001 0.536665 2.694579 -4.716074 -0.65163 -1.208091 4.268258 1.559358 3.362018 1.740189 4.659821 -2.959139
9.619576 -37.42059 15.78794 0.08059 0.625208 1.078845 0.497354 -0.086196 0.67326 3.030646 -1.059009 4.825958 2.332088 2.559013 0.131658
7.619576 -37.42059 15.78794 3.560106 -4.505465 1.502974 -0.966258 1.443447 -1.66453 5.56688 -3.227046 3.26879 1.243126 2.480975 -1.442101
5.619576 -37.42059 15.78794 7.192871 -3.674454 2.847124 1.085804 5.051542 -1.031945 9.751299 0.25806 2.529473 1.831562 4.359772 -1.519194
3.619576 -37.42059 15.78794 7.209574 3.955399 3.554662 3.968052 7.37093 1.336987 9.877319 4.848864 2.934215 4.058585 8.560577 -1.660669
-0.380424 -37.42059 15.78794 5.380793 0.036099 0.533366 -0.837431 2.367434 2.219799 11.26562 1.795664 0.783518 7.424644 8.225475 -0.183114
-2.380424 -37.42059 15.78794 7.975949 -0.226762 3.038643 -2.888469 2.731961 2.050934 8.55809 -0.784912 0.061996 3.782761 4.603938 -0.064381
9.619576 -39.42059 15.78794 1.032877 1.573354 -0.466023 2.273803 -0.258967 -0.480618 1.851401 2.194001 0.668547 3.426671 0.973379 0.851571
7.619576 -39.42059 15.78794 2.554149 -0.706946 -0.350829 0.283143 0.735805 -1.573285 4.517978 1.458448 0.590021 3.65604 2.640017 1.613118
5.619576 -39.42059 15.78794 4.930233 0.589014 2.414915 -0.360428 1.521612 -1.457613 5.926485 5.053332 0.217393 1.659001 1.838687 0.231096
3.619576 -39.42059 15.78794 5.169196 6.330104 4.817055 2.836663 2.319556 0.971493 6.809367 10.82476 0.315863 4.961912 2.185949 1.667434
-2.380424 -39.42059 15.78794 6.708313 -2.095443 2.72683 -2.994225 3.545799 2.449992 4.712008 -3.970678 -0.25603 0.007964 1.80838 0.857711
-6.380424 -39.42059 15.78794 -2.111222 -0.85439 -2.520178 1.340411 -0.197005 -1.688134 1.305458 -0.327891 -3.105366 0.832459 4.503041 0.702763
-8.380424 -39.42059 15.78794 0.136393 -3.56932 -1.545759 -0.81625 -0.99578 -0.770747 3.295762 -2.707241 -2.227029 0.469499 1.052448 -1.089179
5.619576 -41.42059 15.78794 -0.657277 0.81833 -4.341512 0.485112 -4.22426 -2.044317 0.8187 5.248026 -5.051683 3.834024 -2.639787 1.327889
-2.380424 -41.42059 15.78794 2.201365 -3.4518 3.864243 -2.689235 1.5921 -0.464308 -0.581322 -5.935327 0.339636 -1.205353 -0.839931 -1.090171
-4.380424 -41.42059 15.78794 -0.303193 0.364718 1.041219 -1.18612 -0.851742 -1.391252 1.331048 0.895604 0.089496 2.037492 -0.391933 0.59082
-6.380424 -41.42059 15.78794 -0.191879 -1.593298 -1.031267 0.215451 -1.015164 -1.599541 4.138132 1.226754 -2.793312 1.17074 0.265006 -0.224348
5.619576 -43.42059 15.78794 -0.772974 2.389273 -4.753098 0.329996 -2.796881 -0.056641 1.707947 2.527929 -3.777504 3.370874 -2.70909 1.708936
-4.380424 -43.42059 15.78794 1.926148 -1.86068 3.40869 -1.260295 -1.717635 -0.542535 1.825818 -0.46254 2.734895 0.822571 -2.115686 0.23773
-6.380424 -43.42059 15.78794 0.314557 -0.744786 -0.471304 0.421094 -3.326492 -0.432401 2.554088 1.591454 0.052866 1.786874 -3.705816 0.388942
5.619576 -45.42059 15.78794 -3.193251 -0.889707 -4.702279 1.247191 -4.207983 0.027465 -2.797262 -1.834673 -3.354342 2.380709 -4.288502 0.662417
3.619576 -45.42059 15.78794 -5.022437 1.04275 -4.495543 1.706094 -3.413906 0.464501 -4.647904 2.39361 -3.375419 0.710253 -4.243979 2.567773
-4.380424 -45.42059 15.78794 1.3891 -1.127186 1.826751 0.894697 -4.046264 -2.574696 -0.623277 1.304014 1.324318 4.974534 -4.761298 1.968195
7.619576 -47.42059 15.78794 -1.710307 -1.036168 -0.234093 0.140978 -6.702097 -0.114387 -2.351607 0.38364 1.062639 2.055391 -5.549881 0.677349
5.619576 -47.42059 15.78794 -4.870747 0.153858 -3.219266 0.825114 -6.537346 -1.256016 -4.04283 -0.612799 -3.178371 1.832113 -8.925547 -2.494977
-4.380424 -31.42059 17.78794 -1.901381 -5.860195 -3.204955 0.247794 -2.998572 -4.745462 -1.815629 -3.056018 -1.564193 1.494242 -2.680755 -2.413732
-2.380424 -33.42059 17.78794 -3.827293 -1.452403 -3.355651 -1.772842 -3.256181 -2.529244 -3.224443 -3.258419 -0.590084 -7.061866 1.117303 -2.840577
-4.380424 -33.42059 17.78794 -7.177222 -3.234109 -1.195394 -0.398974 -1.554766 -1.582308 -7.968948 -1.985112 0.065058 -1.668821 1.572762 -0.542361
7.619576 -35.42059 17.78794 1.988042 -1.189577 0.599876 -0.234294 -2.495451 -0.918946 -0.125573 -0.995571 0.30066 0.283104 -6.398461 -1.024684
5.619576 -35.42059 17.78794 0.460865 -2.615782 0.849454 -1.307477 -1.297474 -1.90409 -0.589751 -1.879793 0.781282 -3.488244 -3.356821 -2.725912
3.619576 -35.42059 17.78794 -1.46044 -2.260996 1.517161 -2.609841 0.526742 -0.638305 -1.312266 -2.242053 1.918293 -3.733521 0.701994 1.612864
1.619576 -35.42059 17.78794 -6.235399 1.823147 -1.325321 -3.807626 -4.927733 -1.413382 -6.305052 3.701527 1.912164 -1.983304 -3.424095 0.914978
-2.380424 -35.42059 17.78794 0.180706 -2.40539 -4.075025 4.99389 -6.005352 -1.743336 0.413862 2.979259 -8.136797 2.688298 -2.190386 3.017002
-4.380424 -35.42059 17.78794 -4.666481 0.350661 -2.568265 1.993837 -4.169244 -0.349259 -3.955951 1.415315 -4.32581 0.099592 -2.642194 3.198502
9.619576 -37.42059 17.78794 -3.008662 3.596813 -1.165057 -0.3558 -3.406309 0.08319 -0.463931 1.591774 2.59707 0.451633 -2.054686 0.16124
7.619576 -37.42059 17.78794 -1.639364 1.872491 0.41217 -2.062739 -4.057094 -1.558981 -1.980929 0.077777 1.806638 -2.790659 -3.634217 -2.964358
5.619576 -37.42059 17.78794 -2.775405 -1.079527 -1.242946 -1.476067 -0.808211 -2.213602 -3.146376 -0.686491 -1.066689 -2.300543 -0.168056 -5.026374
3.619576 -37.42059 17.78794 -1.640756 0.582983 -1.502488 -1.865772 2.30288 -1.705254 -0.555845 1.066947 -0.232707 -1.090888 4.068628 -3.462495
1.619576 -37.42059 17.78794 -3.136274 1.681107 -3.294555 -2.295495 -3.456196 -3.024715 0.119597 4.429283 0.180801 -0.879864 1.115226 -1.896243
-2.380424 -37.42059 17.78794 1.841956 -5.071943 -0.461866 0.652075 -3.164937 -2.855419 1.869362 2.56549 -4.035667 5.982949 -1.3291 1.398306
9.619576 -39.42059 17.78794 -1.45081 1.425943 -0.833722 -1.351535 -2.341925 -0.588124 -1.328537 2.884976 0.936195 0.249388 1.119909 -1.119485
5.619576 -39.42059 17.78794 2.382519 3.882097 0.818433 -1.514149 3.124721 -0.455388 1.604002 5.219195 -2.061933 -0.420587 2.740583 -1.570818
3.619576 -39.42059 17.78794 2.067172 4.060753 0.268898 -2.283861 0.440549 -1.298982 3.297903 6.504552 -0.937023 0.931051 0.082282 -2.208688
-2.380424 -39.42059 17.78794 -0.667717 -4.477033 1.983275 -3.351205 -1.424065 -0.74171 -1.954973 0.16438 -0.572736 0.4526 -2.079931 0.378332
9.619576 -41.42059 17.78794 -0.300447 -1.578889 -1.129989 -1.6371 -0.622832 -2.420962 -0.354375 1.583558 0.040929 -0.467837 2.001146 -2.110175
7.619576 -41.42059 17.78794 -3.461646 -0.523794 -2.725566 -3.606655 -2.548905 -2.453581 -3.032984 1.419791 -1.210714 -1.083825 0.470862 -0.406228
5.619576 -41.42059 17.78794 -2.700745 3.842632 -2.382206 -0.461814 1.16888 -0.015645 -2.059352 7.079125 -3.206341 3.514236 2.030506 1.164801
3.619576 -41.42059 17.78794 0.58486 3.021358 1.069104 -0.096495 -0.052085 2.111254 0.789806 6.518692 -0.718963 4.771576 -1.456646 2.693558
-2.380424 -41.42059 17.78794 -0.394183 -3.111163 3.026683 -2.735734 -0.219154 -2.075249 -1.713527 -2.44053 1.797192 -1.786384 -0.924638 -2.81556
-6.380424 -41.42059 17.78794 -2.735852 -0.145042 -0.963724 0.123162 0.94613 -2.103843 1.041838 2.254828 -1.443438 1.749166 2.118578 -0.277983
7.619576 -43.42059 17.78794 -4.906528 -1.575803 -5.65487 -2.521727 -1.588554 -5.124638 -2.808372 0.384092 -2.400157 2.67813 -0.486477 -3.014539
5.619576 -43.42059 17.78794 -6.688369 2.393415 -3.995555 -1.068296 -1.940185 -1.070771 -4.486583 4.05839 -1.652314 3.824308 -1.322657 -0.353449
3.619576 -43.42059 17.78794 -3.267579 1.988147 -0.023267 0.297129 -1.527651 1.550666 -2.958702 4.232038 0.917388 5.150896 -1.938432 0.839028
-2.380424 -43.42059 17.78794 0.1469 -3.717707 3.166935 -1.558321 -1.374415 -0.505816 -1.89136 -4.433887 2.893209 -0.392793 -1.614504 -2.296255
-4.380424 -43.42059 17.78794 -1.015387 0.640507 2.345366 -1.718661 -1.080257 0.622718 -1.573375 2.596133 3.364608 1.962013 -1.959889 -0.665262
-6.380424 -43.42059 17.78794 -1.647014 -0.233329 -0.157091 -0.091945 0.439187 0.327778 -1.144783 1.544751 -1.142804 3.779973 1.236795 -0.394493
3.619576 -45.42059 17.78794 -4.011115 -0.079059 -2.99694 -0.974132 -4.032701 -3.166476 -4.269178 2.240524 -1.024286 2.056982 -2.65233 0.043219
-2.380424 -45.42059 17.78794 2.785581 -4.883509 2.93422 -2.173325 -0.962729 -1.387485 1.496474 -3.43946 3.536039 1.859525 0.392138 -1.619721
-4.380424 -45.42059 17.78794 2.516461 -2.403425 5.519631 -1.328162 -0.568157 -0.932995 -0.552332 -0.277525 5.87571 2.77983 -1.23544 -0.743274
-6.380424 -45.42059 17.78794 0.300082 -1.413502 1.221023 0.131224 0.748448 0.21635 -1.518571 -0.969858 0.02426 5.582956 0.63152 -1.176162
-8.380424 -45.42059 17.78794 -0.414657 1.159176 0.449165 0.973128 0.659633 1.479153 -0.794499 -1.705042 -1.203181 2.045412 0.42096 -3.550226
5.619576 -47.42059 17.78794 -1.535597 -3.213628 -1.232904 -1.649627 -2.455035 -1.416823 -1.480177 -3.373259 -0.929701 0.248449 -2.578813 0.739698
3.619576 -47.42059 17.78794 -0.543285 -0.147867 -0.028607 -0.694556 -2.325923 -2.298015 -1.66273 0.673028 -1.593272 -0.361479 -2.235186 2.496998
-4.380424 -47.42059 17.78794 4.110749 -5.318268 3.852698 -0.287161 -0.995619 -1.8169 3.468607 -2.950371 4.411447 3.252952 -1.424169 0.23947
-6.380424 -47.42059 17.78794 5.228875 -4.446748 4.763608 -0.993633 1.990579 -3.467219 3.769287 -3.339843 2.647797 2.490547 -1.214481 -3.252443
-8.380424 -47.42059 17.78794 2.569851 -3.15601 2.634666 -1.434756 1.639481 -3.031467 1.601334 -1.706386 -0.634106 0.242526 -1.045684 -2.036021
3.619576 -49.42059 17.78794 -1.938952 2.899454 -0.266478 1.068247 -4.070151 -0.18214 -4.014029 4.405007 -1.002346 2.100563 -5.202906 1.069021
-2.380424 -33.42059 19.78794 -1.580657 -3.376448 -4.24335 4.281073 -3.358471 -1.335476 -1.243485 -3.330195 -4.245542 -5.023697 -3.544132 -4.206829
-4.380424 -33.42059 19.78794 -3.231545 -1.174372 0.026937 2.171372 -1.064029 -0.994791 -4.165838 0.426911 0.403123 1.101464 0.196356 -1.994217
-6.380424 -33.42059 19.78794 -3.103511 0.111718 -3.422599 0.439712 -2.055928 -1.292876 -1.456283 0.6317 -1.365941 -0.323517 1.182961 -2.994945
3.619576 -35.42059 19.78794 -4.779095 -1.750171 -1.373348 0.80542 -2.036193 -2.559074 -4.257599 0.060887 -1.629753 0.478937 -3.91724 2.468713
1.619576 -35.42059 19.78794 -10.51821 2.477085 -1.483313 -0.217502 -4.266875 -5.030041 -11.14951 7.116711 0.09783 1.204795 -6.051039 1.338513
-2.380424 -35.42059 19.78794 1.002608 -7.294942 -0.542468 11.81914 -1.401388 -3.286238 6.249651 2.869031 -6.220459 14.6773 -6.324776 10.47306
-4.380424 -35.42059 19.78794 -1.745381 -4.321329 -0.778529 3.728331 -0.608685 -2.085549 -0.774091 -0.114452 -3.607178 3.932427 -1.837613 2.483632
-6.380424 -35.42059 19.78794 -5.020096 -2.876681 -4.764644 -2.054797 -4.237334 -3.647049 -2.336822 0.115504 -4.084212 -0.505614 -2.537683 -2.313957
9.619576 -37.42059 19.78794 -3.193113 1.393971 -1.627663 1.779207 -5.291572 -1.30319 -3.510868 0.510499 0.980136 3.481369 -4.500207 -2.803442
7.619576 -37.42059 19.78794 -3.456209 1.197837 -1.046173 -0.785797 -4.161351 -3.141097 -5.610844 2.440948 -0.47976 -1.271537 -6.471218 -4.291173
1.619576 -37.42059 19.78794 -7.26762 1.598426 -3.989489 0.315529 -1.881091 -3.867604 -5.412949 5.766537 0.614278 0.578332 0.451061 1.041259
-2.380424 -37.42059 19.78794 -0.232172 -5.926358 0.200179 5.959806 0.044992 -5.628636 3.432918 4.993057 -3.265102 17.08651 -3.832721 8.434456
9.619576 -39.42059 19.78794 -3.817857 -1.634485 -4.249315 0.881924 -3.780205 -3.812756 -4.954747 0.495632 -3.569938 2.471784 -0.305327 -4.255523
7.619576 -39.42059 19.78794 -4.05267 -1.949239 -1.844268 -2.948846 -2.145339 -4.742756 -5.059319 1.451709 -0.894221 -3.261184 -1.276319 -2.940539
5.619576 -39.42059 19.78794 -0.090862 1.601572 1.928082 0.36636 3.217965 -2.558914 -2.313289 3.641636 2.725292 -0.801493 3.043354 -1.652091
3.619576 -39.42059 19.78794 -2.94989 2.143111 -1.978699 0.442141 -0.864218 -1.044186 -3.824639 3.111833 0.117138 1.628489 -0.584553 -1.557051
-2.380424 -39.42059 19.78794 -4.302444 -4.820408 0.299595 -3.788729 0.043522 -2.156128 -3.772996 -0.872659 0.34972 1.710958 -0.356747 1.517696
9.619576 -41.42059 19.78794 -4.005481 -2.634001 -2.349963 0.122645 -0.664831 -3.477622 -5.38848 -0.490475 -3.387867 -0.341779 1.843771 -2.082222
3.619576 -41.42059 19.78794 -3.500813 0.137092 0.002614 -0.98722 -0.219794 0.25943 -4.668859 1.61701 0.171656 -0.33758 -0.562712 -0.579929
-2.380424 -41.42059 19.78794 -3.731508 -3.584882 -0.088852 -3.078832 -1.070649 -2.558424 -3.783871 -1.446322 2.037206 -2.992212 2.004291 -2.767599
7.619576 -43.42059 19.78794 -5.715055 -5.36977 -3.884459 -1.76548 0.218446 -5.851735 -6.188397 -2.988878 -2.243655 0.688659 2.923052 -4.797497
5.619576 -43.42059 19.78794 -4.112035 -3.156322 -0.621295 -0.162407 2.408949 -4.331813 -5.977517 -1.704227 0.415248 0.502411 3.649736 -4.704913
-2.380424 -43.42059 19.78794 -4.216428 -5.377357 -0.784965 -2.936331 -3.128379 -2.811617 -6.178654 -3.439158 1.359298 -3.49786 -2.22124 -3.681126
5.619576 -45.42059 19.78794 -3.628432 -6.406194 -3.599856 -2.541403 -0.659543 -3.656034 -4.28751 -4.535399 0.559378 -0.738982 0.425511 -1.098585
3.619576 -45.42059 19.78794 -3.872115 -2.546814 -3.24446 -1.905795 -2.077888 -4.534066 -2.431256 -0.049634 1.081887 -1.897403 -0.410826 0.337341
1.619576 -45.42059 19.78794 -5.737175 -3.430146 -2.612446 -2.752409 -4.747166 -3.49118 -2.693594 -1.109166 -0.19636 -0.324532 -1.022901 -0.181677
-0.380424 -45.42059 19.78794 -5.981493 -5.291681 -0.56794 -3.775117 -2.738718 -0.852458 -3.076035 -4.130952 1.419347 2.224048 1.513126 1.121703
-2.380424 -45.42059 19.78794 -2.970012 -7.900639 1.369709 -1.903821 -1.580587 -3.126974 -4.371042 -5.457025 3.307633 2.801126 -0.623408 -0.663186
3.619576 -47.42059 19.78794 0.295221 -1.171691 -1.158888 -2.434433 -0.361909 -2.058353 -0.322072 -0.096731 -1.022001 -1.687996 0.212107 0.066923
1.619576 -47.42059 19.78794 -1.051973 -3.014106 -0.605385 -1.559276 -3.436288 -0.914201 -1.583564 -0.788241 -0.502059 1.492812 -2.158765 0.63994
-2.380424 -47.42059 19.78794 -4.332725 -2.894432 -1.477132 -1.008525 -1.02254 1.112256 -3.161099 -3.821476 2.003407 3.578216 2.311221 1.075763
-4.380424 -47.42059 19.78794 -0.479871 -3.127137 -1.416159 -0.170041 -1.181281 -0.460491 0.992767 -4.981946 2.355321 4.625119 -0.178139 -0.171591
5.619576 -49.42059 19.78794 -3.87972 -1.94222 -1.555416 -2.078132 -3.569465 -0.056888 -1.687156 -1.315093 0.489601 0.998399 -3.165016 -0.402043
3.619576 -49.42059 19.78794 -1.208059 0.394885 -2.342613 -0.896185 -2.917753 0.564337 -2.135135 1.170782 -1.368399 1.215743 -2.596616 -0.075079
1.619576 -49.42059 19.78794 -2.354104 0.984763 -2.647923 -0.858083 -2.440248 1.24636 -4.660922 1.660668 -2.320155 1.556054 -2.052468 0.998557
-4.380424 -49.42059 19.78794 -2.251062 -3.008461 -3.549262 -1.28885 -2.647131 -0.083334 0.021126 -4.080733 -1.303013 0.90059 -0.2782 1.354611
-6.380424 -49.42059 19.78794 -0.604097 -0.414847 -2.307898 -2.969244 -2.18269 0.18117 0.835994 -0.16045 0.357461 1.870088 -1.338569 0.330677
-8.380424 -49.42059 19.78794 -1.525637 -1.630346 -2.49268 -3.910288 -1.734816 -3.882197 -1.718504 1.738096 -0.937863 1.819541 -0.287394 -2.29944
1.619576 -33.42059 21.78794 -3.113732 1.378995 -1.477628 2.315181 -3.32341 -3.272264 -3.396663 6.47584 -0.139246 3.648925 -3.265782 2.528316
-4.380424 -33.42059 21.78794 -2.973982 -2.649293 1.094802 0.233142 2.082059 -1.245703 -2.527229 -0.790125 0.661819 3.268388 2.571038 -1.118461
-6.380424 -33.42059 21.78794 -0.239404 -0.561976 -0.978274 0.592192 2.804322 -1.55913 -0.436633 -0.573251 -2.118007 -2.437761 4.54351 -3.779296
3.619576 -35.42059 21.78794 -1.856139 -2.085327 -0.390221 -0.083136 -2.029296 -1.217795 -2.659327 0.225626 0.153188 1.151201 -3.256855 1.459826
1.619576 -35.42059 21.78794 -5.706009 2.334365 -1.378934 0.823819 -2.461365 -5.53905 -6.260304 5.375909 -0.357806 3.562107 -3.334114 -1.236681
-2.380424 -35.42059 21.78794 -4.238428 -11.66055 1.89573 1.433626 4.050033 -6.67634 1.785127 -1.501054 -0.647128 14.49912 1.472839 8.206316
-4.380424 -35.42059 21.78794 -2.915024 -7.249653 1.077556 -1.104273 0.654767 -3.763714 -2.24054 -2.865294 -0.913541 3.447038 -0.463713 -1.031481
-6.380424 -35.42059 21.78794 -0.80778 -3.20951 -2.534399 -0.429738 -2.372601 -1.197306 -0.521054 -0.377325 -4.400188 -0.338747 -0.522867 -2.301288
-8.380424 -35.42059 21.78794 -3.591428 -2.466306 -5.51462 -0.988175 -3.314939 -2.763876 -1.461478 1.053877 -4.187555 2.01943 -0.04093 -1.314652
9.619576 -37.42059 21.78794 -0.958966 -3.35767 -0.491515 2.278761 -3.005908 -0.591077 -4.496439 -1.928661 0.607981 2.351763 -1.602062 -1.004042
7.619576 -37.42059 21.78794 -1.055622 -1.980528 -1.208423 1.306618 -2.602395 -1.673728 -5.850775 -1.212611 -1.415109 -0.863704 -5.353525 -4.417092
5.619576 -37.42059 21.78794 -0.376071 0.714783 -1.018317 2.810772 -0.493546 -0.28362 -4.424285 0.505601 -0.54201 0.252471 -2.577623 -0.587445
3.619576 -37.42059 21.78794 -3.082348 0.29559 -1.298392 3.327708 -1.211797 0.494078 -4.161042 2.322796 0.758336 1.221459 -0.538695 1.783355
1.619576 -37.42059 21.78794 -5.631155 2.241647 -2.766064 1.168257 -2.734677 -1.858264 -5.342604 5.485501 -0.554627 2.651165 1.019385 2.516969
-2.380424 -37.42059 21.78794 -4.639741 -5.214285 2.065792 1.636493 3.131491 -4.820264 -2.704061 3.438066 -2.063831 10.49636 2.109291 7.880895
-4.380424 -37.42059 21.78794 -2.277501 -6.474119 -1.435697 -2.730816 -0.249371 -4.623455 -3.731813 -5.239519 -4.372562 -0.138867 -3.964149 -1.16276
-6.380424 -37.42059 21.78794 -2.352261 -5.455626 -3.858368 0.259282 -3.785161 -1.131748 -4.002695 -3.833578 -5.920194 2.831594 -5.395619 -0.592903
9.619576 -39.42059 21.78794 -3.293019 -4.150125 -3.269113 1.199419 -2.295706 -2.067449 -5.222641 -2.006145 -2.545552 1.347966 -1.117288 0.532428
7.619576 -39.42059 21.78794 -3.434204 -2.462384 -2.614286 1.126131 -2.919151 -1.372859 -4.611938 -1.512081 -1.320215 -0.946811 -4.551149 -1.451621
5.619576 -39.42059 21.78794 -2.03564 -0.709048 -1.298267 2.161881 -0.555817 -0.790644 -3.757013 -2.542267 -0.103801 -1.008792 -0.365305 -0.720869
3.619576 -39.42059 21.78794 -4.167918 -0.122984 -2.177899 1.270162 -1.342969 -0.481309 -6.929111 -0.931808 -1.334945 -2.576619 -0.355716 -0.903818
-2.380424 -39.42059 21.78794 -6.536619 -3.885506 0.492512 1.031599 -2.094185 0.403594 -8.269644 -1.58597 -1.656797 -0.166118 -2.08705 3.039811
-4.380424 -39.42059 21.78794 0.169967 -4.302089 0.75299 -1.942879 0.167481 -0.348956 -1.891246 -5.21297 -0.035075 -1.71855 -2.115812 3.501668
9.619576 -41.42059 21.78794 -3.252695 -0.390597 -0.778468 1.658083 1.220623 -1.389398 -5.058653 0.057858 -3.061632 -1.360956 -0.036988 0.868697
7.619576 -41.42059 21.78794 -2.789294 -1.677006 -0.478835 2.129473 1.943131 -1.789022 -5.92459 -2.465975 -0.123569 -1.497106 1.186037 -2.096729
5.619576 -41.42059 21.78794 -4.749277 -5.123097 0.296851 0.758781 4.115442 -2.957688 -8.336904 -5.73575 0.795256 -2.151715 3.876798 -2.656553
-2.380424 -41.42059 21.78794 -5.355389 -5.466493 0.606924 -0.273282 -2.50615 -1.497154 -8.716341 -2.588801 0.505747 -2.189143 -4.269035 -1.924607
-4.380424 -41.42059 21.78794 -0.22639 -3.608948 0.189077 -2.162485 -0.421716 -1.602227 -0.044444 -3.033962 1.769019 -3.632674 0.357677 2.476367
7.619576 -43.42059 21.78794 -1.623435 -3.199916 0.60489 0.061278 4.553589 -3.592852 -5.110466 -3.493397 -2.104491 -0.045548 3.808802 -4.800243
5.619576 -43.42059 21.78794 -4.422726 -7.66775 -0.475925 -0.593807 5.274912 -4.488279 -8.686941 -8.131417 -1.901629 -2.7111 4.521697 -5.068466
-2.380424 -43.42059 21.78794 -5.454174 -4.311021 -1.433303 -3.992735 -1.260845 -5.384427 -9.382075 -0.889343 -1.184667 -5.23021 -1.174823 -7.554117
-4.380424 -43.42059 21.78794 -3.533233 -2.955316 -4.14678 -3.910145 -2.056535 -4.385612 -3.37444 0.546267 -2.355066 -5.350105 -0.338725 -1.796666
-8.380424 -43.42059 21.78794 -0.649274 -0.924635 0.347643 -0.902929 -3.304203 -2.453095 1.432836 -1.237071 3.519647 -0.23176 -2.062697 -3.866251
-10.38042 -43.42059 21.78794 -2.445482 -0.611991 -0.538055 -2.632166 -3.620677 -3.681309 -0.354176 -0.850721 3.166562 -1.32266 -0.339056 -2.204725
5.619576 -45.42059 21.78794 -3.412965 -3.504283 0.430328 -0.957141 2.253589 -2.934328 -5.615918 -2.961375 0.861461 -2.573651 1.402025 -3.694441
-2.380424 -45.42059 21.78794 -3.521657 -4.78209 -1.623219 -1.417427 0.481642 -4.883739 -6.325801 -3.430224 -1.675902 -0.345966 2.798391 -2.999558
-4.380424 -45.42059 21.78794 -2.065353 -2.202468 -3.607325 -0.771494 -1.74348 -2.898933 -3.339747 -1.097333 -2.210334 -0.707168 0.803791 -3.460353
-6.380424 -45.42059 21.78794 -2.290242 -0.881811 -2.310652 -1.149114 -2.897662 -3.476796 -2.070205 1.268788 -0.75323 0.629961 -0.609153 -4.601837
-8.380424 -45.42059 21.78794 -1.167678 -2.775931 -0.554126 -1.948509 -3.504545 -5.760731 1.454108 0.368997 3.223309 0.521081 -0.909441 -5.720444
-10.38042 -45.42059 21.78794 -3.306517 -2.460798 -0.999945 -1.732094 -5.046528 -5.865553 -1.589369 -0.958428 3.531252 1.381316 -1.266447 -4.291405
-2.380424 -47.42059 21.78794 -3.793374 -1.150881 -1.036013 0.114764 -1.015874 -1.116412 -4.987326 -2.457269 0.522886 0.100847 2.652752 -0.713674
-4.380424 -47.42059 21.78794 -3.191736 -2.308019 -2.746859 -0.20742 -0.65615 -2.46023 -3.98427 -3.876509 -0.505725 -0.435633 3.054865 -2.215211
-6.380424 -47.42059 21.78794 -4.556068 -4.77686 -3.609353 -2.171067 -2.546709 -6.313874 -3.156316 -1.266322 -0.231849 0.659028 1.03388 -4.343818
-8.380424 -47.42059 21.78794 -6.640959 -5.411924 -4.821397 -2.686234 -7.171175 -8.638021 -3.267276 0.235161 1.128526 1.448204 -1.873907 -4.781158
-2.380424 -49.42059 21.78794 -3.408345 -2.280735 -0.417795 -2.202757 -1.231146 -2.110041 -5.343709 -2.202696 2.32679 -1.462242 2.478033 -0.915927
-4.380424 -49.42059 21.78794 -3.436302 -3.250208 0.136522 -2.479025 0.61688 -3.702152 -4.164711 -1.868448 1.707266 -2.175396 3.830295 -0.240967
-6.380424 -49.42059 21.78794 -4.696565 -3.111977 -2.343881 -3.812107 -2.340725 -3.019853 -2.680007 -0.750318 0.680589 0.306956 0.228981 -0.347132
9.619576 -35.42059 23.78794 0.162938 -0.567805 -1.255182 2.417919 -0.14039 -0.513045 -0.002324 -1.209442 -3.24618 -0.23434 -0.421398 -1.199724
7.619576 -35.42059 23.78794 -0.262888 -0.24317 -0.69441 1.573271 0.211703 -1.806148 -0.82042 1.327811 -2.087627 -1.255169 0.684168 -1.057384
1.619576 -35.42059 23.78794 -4.006133 -0.802355 2.726226 -1.478374 -0.673126 -3.196698 -5.167929 1.289936 0.6766 1.044083 -0.678945 -0.680696
-2.380424 -35.42059 23.78794 -10.66334 -8.975405 1.515944 0.079795 -2.113821 -2.635002 -14.29133 -2.102857 -0.528451 8.013426 2.14553 2.801645
-4.380424 -35.42059 23.78794 -4.605309 -3.64974 2.574562 1.085639 -0.557622 -0.494881 -5.451849 -0.451893 1.784797 6.127329 0.142738 1.35128
-6.380424 -35.42059 23.78794 -4.107094 0.34473 0.289125 1.640101 -1.79439 1.199745 -4.543356 2.288161 -1.373698 5.057116 -2.359436 1.95582
11.61958 -37.42059 23.78794 3.245274 -4.085423 -0.56525 -0.442659 -0.506737 -1.490627 1.812246 -2.382674 -2.142704 -1.187008 -1.685442 0.952771
9.619576 -37.42059 23.78794 -1.557329 -2.516176 -1.758869 1.569673 -2.032851 0.838915 -2.209822 -2.255811 -3.414114 0.183413 -2.121045 1.022682
7.619576 -37.42059 23.78794 -0.184604 -0.859379 -1.552488 1.977631 -2.873516 -1.355912 -2.144707 -1.255103 -3.077991 -0.33004 -3.180597 -2.082223
5.619576 -37.42059 23.78794 0.085155 -2.348238 -1.422987 0.899698 -0.881989 -2.919148 0.106843 -3.109242 -1.214024 -0.602467 -0.647193 -1.414234
3.619576 -37.42059 23.78794 0.103972 -3.251134 1.759696 -1.014653 -0.011534 -2.142641 -0.365904 -2.122864 0.281537 -1.422453 -0.543032 0.434138
-2.380424 -37.42059 23.78794 -8.761288 -3.311846 1.292997 2.370549 0.413974 -0.515307 -11.29175 0.711698 -3.155897 5.254662 -0.574501 2.692947
-4.380424 -37.42059 23.78794 -6.114136 -2.250592 1.069808 -1.178424 -0.865838 -1.273773 -8.55597 -0.523482 -0.29234 1.987751 -4.632736 1.388579
11.61958 -39.42059 23.78794 1.345911 -3.824715 0.739809 0.957252 -0.808814 -1.216868 0.088126 -2.279755 -0.039528 -0.36309 -1.364202 0.670501
9.619576 -39.42059 23.78794 -2.990755 -4.26062 -0.33625 1.295188 -1.735753 0.551438 -2.514694 -2.579565 -1.587231 0.677588 -0.903882 3.380867
7.619576 -39.42059 23.78794 0.728962 -1.44825 -1.070956 2.33949 -1.733944 0.854456 0.166917 -2.345321 -2.208189 0.719958 -2.155415 0.870295
5.619576 -39.42059 23.78794 1.788088 -2.165993 -2.045336 0.414924 -0.708364 -0.171392 2.708592 -5.528307 -2.408647 -1.59568 -0.896102 -0.885566
-2.380424 -39.42059 23.78794 -3.35264 0.038134 0.481812 4.500693 0.774696 2.863728 -2.754514 1.005322 -2.4947 2.189918 -2.565364 2.025033
-4.380424 -39.42059 23.78794 -0.523083 -0.179138 1.978106 -0.272678 1.832611 0.637885 -2.294251 0.619312 0.886487 0.022824 -0.353667 3.608141
9.619576 -41.42059 23.78794 0.382515 -1.306942 2.375691 2.257984 2.272763 -0.615476 -0.230841 0.541718 -0.453644 -1.502187 0.587032 1.267969
-2.380424 -41.42059 23.78794 -1.79776 -0.818322 -0.429176 1.859611 1.742404 -0.888918 -2.751744 0.211063 -2.754772 -0.812963 -3.153973 -2.592725
-4.380424 -41.42059 23.78794 1.212431 -1.39498 1.599896 -0.117461 2.05423 -0.622768 0.699859 0.974763 -1.345176 -1.275214 0.790338 3.644726
-8.380424 -41.42059 23.78794 2.171347 -0.855028 2.349543 1.367245 -0.593293 0.771178 3.655103 -0.77714 2.528254 0.939404 -0.433916 0.85705
-10.38042 -41.42059 23.78794 2.676997 0.401221 1.023057 0.601488 0.59449 0.871178 4.125948 0.628994 0.880712 -2.160687 0.236202 -0.873008
-2.380424 -43.42059 23.78794 -5.682284 -0.826613 -3.853513 -2.129169 -0.811233 -2.377346 -7.254769 -0.517575 -5.197898 -4.195472 -0.961673 -4.169214
-4.380424 -43.42059 23.78794 -3.822525 -1.959286 -2.765795 -2.784105 -1.137992 -2.085991 -4.233104 0.172067 -3.129704 -3.894315 0.839713 -0.645565
-6.380424 -43.42059 23.78794 -4.26711 -0.476687 -0.607066 -0.05095 -2.503836 0.078422 -4.571697 -0.244259 1.084522 -0.866154 -1.860059 0.059171
-8.380424 -43.42059 23.78794 -2.767904 0.45098 1.589215 -0.121758 -1.978633 -0.6898 -2.35186 0.942835 4.795502 0.301465 -1.851193 -1.692367
-10.38042 -43.42059 23.78794 -1.36156 1.362847 -0.153415 -0.766715 -2.027323 -1.859298 -1.574208 2.371387 2.3048 1.18942 0.343273 -0.019435
-2.380424 -45.42059 23.78794 -3.633142 -3.015398 -4.734222 -2.024912 -1.874458 -1.694805 -4.570187 -3.854185 -6.00382 -3.784565 -0.657167 -0.892375
-4.380424 -45.42059 23.78794 -3.592074 -0.301331 -4.628555 -0.678403 -1.602402 -0.047856 -3.960943 0.043212 -3.518019 -1.266826 1.144001 -2.330892
-6.380424 -45.42059 23.78794 -3.681102 0.639349 -2.603759 -0.533088 -3.058733 -1.721616 -3.766778 2.707466 -0.680005 0.511587 -1.769639 -3.632589
-4.380424 -47.42059 23.78794 -4.245697 -1.902889 -4.577474 -0.471344 -3.821537 -3.177205 -5.155866 -1.638082 -2.802867 -1.950408 -1.743686 -4.258503
-6.380424 -47.42059 23.78794 -4.719866 -2.958634 -5.253211 -0.159471 -4.23954 -4.304877 -3.006211 0.15448 -1.72198 1.835981 -1.164517 -4.226487
11.61958 -37.42059 25.78794 1.028646 -4.482414 -1.642463 0.950988 2.286728 -2.356044 -0.647561 -5.633877 -1.352131 1.292368 -0.794342 -2.084638
9.619576 -37.42059 25.78794 -0.812139 -1.142618 -2.898911 1.037978 -1.341956 1.093543 -0.834629 -1.646386 -2.530348 2.123872 -3.869964 0.803863
7.619576 -37.42059 25.78794 -0.074594 1.497348 -0.423463 0.34601 -2.965264 0.756813 -0.715046 0.302099 -0.286272 0.033976 -3.988208 1.481058
11.61958 -39.42059 25.78794 0.650748 -3.885166 3.516757 0.521669 1.237992 -0.524002 0.507063 -2.412857 1.700384 0.42471 -0.454727 0.761852
9.619576 -39.42059 25.78794 -2.774346 -4.493545 2.545049 0.753773 -1.384163 1.851738 -1.250433 -2.03956 1.991655 0.837747 -0.413068 3.31709
-2.380424 -39.42059 25.78794 -5.114574 -0.012641 -0.84563 3.292486 -2.364012 0.133834 -2.681744 2.601248 -1.730148 5.420929 -4.003423 -1.997719
-4.380424 -39.42059 25.78794 -2.312679 0.530845 -1.144366 0.248136 -0.006729 1.187127 -2.583462 0.897609 1.669011 -0.097999 1.021227 0.292066
11.61958 -41.42059 25.78794 0.628629 -2.530591 3.89321 -0.508432 1.931681 1.660369 -0.003321 -0.265148 0.558317 -1.999325 -0.504134 2.745936
-2.380424 -41.42059 25.78794 -1.987583 -1.095331 -2.305404 2.497687 0.521907 0.934929 1.064499 -1.547152 -2.297199 0.726649 0.864964 -1.496903
-10.38042 -41.42059 25.78794 0.713092 -0.521297 1.627267 0.20105 2.415531 1.939026 3.836586 1.420768 0.732814 -1.911665 2.740041 1.087546
-2.380424 -43.42059 25.78794 -1.120484 -2.770191 -0.864764 0.997941 1.881119 -0.256805 -0.545643 -3.813892 -2.859676 -1.526399 2.818561 -0.900558
-6.380424 -43.42059 25.78794 -3.343022 -1.10787 0.612872 -2.823362 0.077706 0.178549 -3.34901 -0.426891 2.132733 -4.033356 1.360927 -0.109398
-8.380424 -43.42059 25.78794 -1.377378 0.713618 1.843838 -0.168087 1.915593 0.891414 -0.507348 1.563971 2.277829 -1.567367 1.766179 -0.62269
-10.38042 -43.42059 25.78794 -1.424778 -0.244334 -0.240721 0.315173 1.14451 1.057968 0.325411 1.480522 0.357732 1.347166 2.20331 3.500596
-2.380424 -45.42059 25.78794 -1.767061 -2.920645 -2.730357 0.5094 0.646404 -0.174531 -0.66256 -2.313697 -4.119901 -1.765202 2.143703 0.401157
-4.380424 -45.42059 25.78794 -2.500882 0.129713 -1.614949 -0.402519 0.424178 -0.132392 -1.727962 0.555217 -0.231198 -0.140516 3.454976 -1.529273
-6.380424 -45.42059 25.78794 -2.256346 2.157512 -1.330048 -0.721844 -0.662177 0.205028 0.026359 2.85964 1.233455 0.120416 2.001209 -3.05863
-6.380424 -47.42059 25.78794 -2.147786 0.340448 -3.062761 0.677842 -4.453325 -0.398125 3.083527 3.011827 0.156365 2.895045 -1.867084 -1.505097
11.61958 -35.42059 27.78794 3.510459 -2.929707 3.157232 -1.564336 3.963095 -1.875869 1.608305 -3.288748 3.920783 -3.88426 7.473702 -1.227745
9.619576 -35.42059 27.78794 0.936628 -3.700642 3.097698 -1.791407 3.742303 -1.465446 1.525705 -3.58946 4.149828 -1.362995 6.095441 1.766822
13.61958 -37.42059 27.78794 -0.69099 -2.141163 1.747244 0.628288 1.625598 -3.402025 -2.948805 -4.498872 -0.041138 -0.674929 2.131597 -4.118575
11.61958 -37.42059 27.78794 -0.66711 -1.777223 2.37493 0.773105 4.3276 -0.311433 -3.289392 -1.091904 2.384901 -0.699778 5.074625 -0.037098
9.619576 -37.42059 27.78794 -0.655927 -2.79492 3.254633 0.023575 4.086772 2.506849 -3.036527 -0.603513 2.45658 -0.024674 3.063558 3.123913
11.61958 -39.42059 27.78794 -1.9353 -1.053157 4.389668 0.495402 1.804607 2.719998 -3.63201 1.401033 3.322895 0.937325 1.326133 3.439223
-2.380424 -39.42059 27.78794 -4.186333 -5.683875 4.154785 -1.056599 -4.596931 -3.231566 -3.325121 -3.566911 5.448459 1.896327 -3.227534 -5.481915
-4.380424 -39.42059 27.78794 -2.560144 -3.349862 -0.505552 -3.059228 -1.838161 -2.257511 -3.883511 -3.853797 0.673296 -3.178893 -0.802693 -3.564791
-2.380424 -41.42059 27.78794 -4.980278 -8.324002 3.302642 -1.146109 -2.082678 -2.021407 -5.108677 -8.037014 2.589751 0.430013 -1.494232 -3.23149
-4.380424 -41.42059 27.78794 -2.067126 -3.156923 1.156534 -1.34681 1.056903 0.446592 -2.245008 -1.482769 1.195507 -1.412755 1.5407 0.407422
-2.380424 -43.42059 27.78794 -5.378864 -9.12411 2.040959 -0.951021 -0.062495 -1.783465 -6.322498 -8.16938 -0.779409 1.590258 -0.085284 -0.246064
-4.380424 -43.42059 27.78794 -0.718474 -3.664365 1.510871 -0.47453 1.394148 0.686779 -1.965226 -1.017425 0.200509 0.533268 2.648717 2.54808
-8.380424 -43.42059 27.78794 0.872909 3.22203 2.365856 0.350608 2.332939 2.088745 -1.510696 2.869057 1.147057 -1.565584 1.408169 -0.583978
-4.380424 -45.42059 27.78794 0.500286 -0.718605 1.375912 0.488171 1.503986 0.675399 -0.473197 -1.139756 0.868735 1.294286 2.642744 -0.225626
-6.380424 -45.42059 27.78794 0.494002 1.221742 1.621879 -1.617745 0.439298 0.482541 0.902073 1.366071 2.277839 -2.236716 2.091819 -0.77154
-8.380424 -45.42059 27.78794 -0.235819 1.897578 3.635548 -1.111931 1.475446 1.460507 0.478587 2.144684 3.943589 -2.275543 3.134204 0.690216
-4.380424 -47.42059 27.78794 4.251592 2.186464 1.559402 0.978326 1.699827 1.799857 5.19932 1.663944 2.165747 -0.242571 4.695398 0.945541
-6.380424 -47.42059 27.78794 1.321603 1.868742 0.934938 0.642537 -0.90315 2.59831 5.263688 3.508121 2.637234 0.137089 1.123305 2.153823
11.61958 -33.42059 29.78794 2.195363 -3.793826 3.04173 -2.229094 2.768141 -1.308726 -3.147743 -4.61311 3.877223 -4.096263 1.764829 -0.845469
11.61958 -35.42059 29.78794 0.958349 -3.303122 2.23067 -1.168459 2.17122 -0.927678 -3.103587 -3.695943 3.557272 -4.212245 5.136863 -0.586633
11.61958 -37.42059 29.78794 -1.388964 -1.463788 2.367554 0.66259 3.308929 -1.784253 -4.629003 -0.487216 2.863314 -2.043343 7.33884 -2.108619
9.619576 -37.42059 29.78794 -1.006557 -1.839926 2.908625 0.188849 3.67377 0.451 -3.799422 -1.363027 1.287375 -2.559164 3.889316 -1.585632
-4.380424 -39.42059 29.78794 -6.952347 -4.582975 -0.06988 -4.329655 -3.223313 -5.563532 -7.91621 -5.059936 2.48235 -1.920055 -2.896173 -7.099582
-2.380424 -41.42059 29.78794 -7.1776 -9.949433 3.026831 -7.151962 -5.23992 -6.177382 -5.26227 -7.741902 6.531717 -1.717378 -1.501379 -5.286822
-4.380424 -41.42059 29.78794 -5.77297 -6.872462 0.592154 -4.064663 -2.187471 -5.458513 -5.362966 -6.035572 3.435452 -1.841493 0.285623 -6.464073
-2.380424 -43.42059 29.78794 -5.01121 -12.10934 2.23522 -7.221679 -2.609056 -4.789792 -5.348663 -7.805784 2.903245 -1.611608 -0.838192 -0.213726
-4.380424 -43.42059 29.78794 -1.576208 -8.487572 1.329803 -2.747285 -1.626011 -4.128956 -2.10179 -6.412625 2.291352 -1.498754 1.490803 -2.579802
-4.380424 -45.42059 29.78794 1.544071 -5.540558 3.273309 -0.317861 2.621491 -2.655036 -1.835913 -5.903919 2.080873 0.915838 2.313139 -3.140733
-6.380424 -45.42059 29.78794 0.535676 -0.228097 2.089777 -0.513878 0.567351 -0.48041 -2.255178 -0.209568 1.964648 -2.036478 0.123336 -1.699381
-8.380424 -45.42059 29.78794 0.664105 1.688023 5.042082 -0.060881 0.923176 -1.659514 -1.329984 1.751665 4.344583 -3.59577 -0.239392 -3.077542
-6.380424 -47.42059 29.78794 0.693381 -0.224738 1.455143 -0.487698 -1.243857 1.181513 -2.018397 1.591601 1.360647 -0.702716 -1.240307 1.128283
-8.380424 -47.42059 29.78794 -1.543235 1.894822 1.293275 1.655953 -2.879544 -1.773106 -5.161337 3.837102 0.776669 -1.505981 -5.529844 -5.01977
-4.380424 -45.42059 31.78794 -0.711549 -5.428493 1.492428 -0.862457 0.825538 -3.914978 -2.107148 -4.938512 3.488349 0.717768 2.17624 -1.587829
-6.380424 -45.42059 31.78794 0.410801 -1.42413 1.766827 -0.463071 -0.931993 -1.673 -0.490764 -1.226339 2.893619 -0.706874 -1.448534 -1.43955
-6.380424 -47.42059 31.78794 2.839345 -1.692154 2.194102 -1.205491 -2.704474 -5.147242 0.22424 2.81977 5.602334 1.404528 -2.231681 -0.837955
