-2.5 -11 -13 5.951698 -0.474795 11.36731 0.288451 1.572548 1.398324 5.550619 1.768651 11.50768 -0.649253 1.853585 5.30103
3.5 -13 -13 -8.508142 3.999456 -3.804093 -1.32863 -2.080647 3.363302 -5.996577 7.927124 0.363201 -2.917561 -1.325756 3.053744
-2.5 -13 -13 4.0806 2.812281 7.921361 3.198925 0.690386 3.698143 6.178867 4.316474 9.185611 0.241188 2.353661 4.097262
3.5 -15 -13 -7.049097 8.435717 -2.842664 -0.791759 -0.083504 3.985663 -5.146907 9.15323 3.128275 -2.698169 3.776589 3.186533
-2.5 -15 -13 0.598167 3.559957 3.08056 7.799445 -0.510417 5.212033 3.163845 2.637139 4.642217 2.916786 -0.172803 0.783882
5.5 -17 -13 0.253721 3.739574 3.562446 0.262757 5.389446 1.502225 2.28037 6.385098 5.345767 -1.601396 5.925714 3.768308
3.5 -17 -13 1.933662 7.706388 4.62932 3.049036 4.647217 2.683928 1.417336 8.823742 6.456294 0.612444 5.587613 2.266826
-2.5 -17 -13 -1.659217 1.722749 0.637343 5.964897 -0.897446 2.908157 0.179029 1.105497 2.436695 2.009729 -2.580322 -1.617181
3.5 -19 -13 10.34574 3.663606 10.36846 2.820788 7.46595 -1.001336 8.176788 5.291226 8.55459 2.360315 3.652717 -1.62703
-2.5 -5 -11 -5.423356 4.136844 -2.386099 7.777998 0.468579 -0.71201 -2.496324 0.13507 2.614971 3.506489 4.074442 -0.324847
5.5 -9 -11 -8.501235 2.582046 0.52774 4.481753 -0.414412 0.695625 -8.412008 3.666112 2.16555 2.604887 4.082215 1.9211
3.5 -9 -11 -0.815922 -2.49136 8.489727 0.368554 3.461204 2.331629 -1.108114 0.370999 8.868263 4.317032 3.096647 4.422263
-2.5 -9 -11 3.725297 2.888041 9.721145 6.140545 5.044286 4.03204 7.175828 1.954465 14.95103 -0.164547 8.185596 6.382325
5.5 -11 -11 -6.410023 4.868036 -2.327487 6.674208 -2.139574 0.97811 -5.946092 8.369837 -3.424641 0.382264 -2.239159 -0.126591
3.5 -11 -11 0.434403 -2.389717 5.654687 -1.527399 -0.138935 4.299008 -0.648231 2.733714 4.663563 1.37492 -2.529146 8.233734
-2.5 -11 -11 6.79357 6.01669 12.73672 6.167476 5.541002 5.306779 7.223166 5.814302 15.20037 -0.145238 6.258183 5.985227
5.5 -13 -11 -1.895062 6.146086 1.506978 1.613027 -1.765662 1.468899 -1.869806 10.89215 -2.660671 -3.940219 -5.33165 -0.985918
3.5 -13 -11 1.00757 3.783983 4.504285 -1.782219 -2.125478 4.953154 -1.006971 9.981999 0.956116 -1.106071 -6.657927 7.839384
1.5 -13 -11 1.041791 3.920921 3.175767 4.635135 0.790649 4.838173 -2.488733 6.931526 0.610128 3.98136 2.184835 3.644313
-0.5 -13 -11 2.062859 6.9332 5.845382 4.46085 1.73016 2.431058 0.512923 7.911325 4.580046 0.766407 1.667252 -0.083215
-2.5 -13 -11 7.293287 10.02547 11.7232 9.779421 4.583282 5.59692 5.465831 8.939811 11.12641 3.311442 2.211236 3.325349
-4.5 -13 -11 3.805498 2.242399 6.071779 1.718576 3.60341 2.997653 1.807661 6.157661 3.821915 0.572702 2.868452 4.50183
3.5 -15 -11 -1.8383 8.613504 3.301253 0.491775 -2.162172 6.173569 -4.197246 10.64028 2.817734 -1.728955 -5.357804 7.217487
1.5 -15 -11 -3.616123 5.185271 -0.985815 2.476741 -1.192016 3.831407 -6.582991 6.80751 0.881375 1.063331 -1.805573 4.820629
-2.5 -15 -11 4.045257 10.61742 6.68399 14.37494 2.074242 7.355816 2.530355 7.792873 5.81346 8.316753 -1.83878 2.273143
3.5 -17 -11 -1.543162 7.252822 1.8185 4.208475 -0.359675 4.556311 -3.404741 5.913119 4.059991 -1.978631 -1.010037 4.556301
1.5 -17 -11 -3.860361 4.364779 -0.781816 1.011439 -2.49203 1.775772 -6.782571 6.522462 3.10412 -3.011689 -4.310774 4.182325
-0.5 -17 -11 -3.535304 1.567568 -1.202909 1.78824 -2.01087 0.332314 -3.323972 5.665958 3.583323 0.670023 -4.589218 1.735124
-2.5 -17 -11 -1.723977 7.992532 0.500506 14.63564 -0.891233 7.380199 -0.596409 6.204596 3.506167 11.74342 -2.72708 2.48101
5.5 -19 -11 1.738268 -1.169207 0.272406 -0.103521 0.574517 -2.728705 3.993333 -0.440389 3.527786 -0.053057 -1.00746 -0.759606
3.5 -19 -11 2.539739 3.629585 3.681148 4.042568 0.236295 0.093901 1.234535 0.950005 4.207877 -2.220221 -0.801957 -2.288271
1.5 -19 -11 0.28607 2.244884 0.821488 -0.042717 -1.306417 0.392759 -1.930676 2.671805 1.913768 -3.47671 -3.815351 0.775129
-2.5 -3 -9 -6.654084 4.755467 3.674843 5.151433 0.028415 -1.41462 -7.001038 0.07036 1.597635 6.422695 1.9781 -1.127589
-2.5 -5 -9 -11.877 5.102325 -3.202696 11.61008 -0.843757 0.352024 -11.44778 -0.208476 4.027503 10.13441 5.060417 -1.242314
-2.5 -7 -9 -6.216656 0.342232 -2.404245 9.883477 0.639095 2.560599 -5.540614 -0.65211 4.930015 6.649096 6.211973 2.847111
-4.5 -7 -9 -4.715876 -4.608231 -4.331361 4.473207 -0.126951 1.45334 -3.956053 -4.369791 3.346551 2.921882 4.236835 1.216452
5.5 -9 -9 -6.433099 1.607177 2.514634 -2.46291 -0.606064 -2.620852 -9.826729 3.887171 1.911628 -2.918033 0.690799 1.792099
3.5 -9 -9 -4.582206 0.097662 2.584991 -0.850299 0.956991 -3.923311 -6.780478 4.78555 4.605148 2.053769 3.318594 4.527701
-2.5 -9 -9 3.679706 -2.450629 4.096065 5.292357 3.613257 3.637338 3.608164 0.387908 3.811905 1.344792 5.036471 5.571168
-4.5 -9 -9 2.949201 -4.155169 1.507848 2.948366 -0.14551 2.99903 4.751501 -1.37923 2.531593 0.832838 3.947577 3.305522
5.5 -11 -9 -9.994313 3.584991 -4.141811 1.697381 -2.496253 0.707577 -10.35897 5.690118 -0.109945 -2.912573 0.276972 1.017052
3.5 -11 -9 -8.269814 0.52465 -2.944109 1.831076 -4.772604 0.607491 -9.579609 5.23568 3.647484 3.201009 -1.535954 7.334548
-2.5 -11 -9 7.320886 -0.894327 7.310848 2.614041 6.39304 1.449 5.71606 1.79236 3.698658 -0.101726 4.572772 3.55529
-4.5 -11 -9 4.727654 -0.272364 3.789112 1.731126 1.329532 0.246995 5.411814 1.443269 1.139509 1.046225 2.954759 1.819052
3.5 -13 -9 -3.859486 2.552204 -1.549818 4.471898 -6.412303 3.288105 -4.111566 7.970666 1.359569 4.255424 -3.711146 7.589254
1.5 -13 -9 -3.325378 -2.60306 -4.229999 5.427045 -3.979091 2.252349 -3.853231 4.345737 -0.938341 9.193739 0.630124 9.306586
-2.5 -13 -9 3.911995 1.863987 5.388459 3.17536 6.257035 -1.063384 1.050382 2.498533 4.339483 2.566189 3.460485 1.16844
-4.5 -13 -9 1.881481 2.294415 2.229943 2.001722 2.67156 -1.37484 0.54961 2.7072 0.556874 3.107394 1.052457 2.648209
3.5 -15 -9 0.642052 1.610436 1.23986 2.984149 -3.768954 3.770425 0.070435 5.671454 0.070339 2.534704 -2.584537 7.613819
1.5 -15 -9 -3.424192 -0.500123 -6.353436 2.80528 -2.584688 4.299236 -3.549071 3.521503 -2.156176 4.794601 -0.238608 9.77837
-2.5 -15 -9 -1.718093 3.045602 2.001111 4.770374 1.861281 0.924965 -3.39666 2.056072 3.998301 4.509869 -1.047709 2.865221
-4.5 -15 -9 1.91363 2.566887 2.010214 4.243837 2.037578 1.73189 0.97342 3.829762 1.388043 3.610149 -0.611468 5.965005
5.5 -17 -9 4.130504 2.427853 3.282294 2.690424 1.4604 1.799735 5.322812 5.136226 6.047496 3.458824 2.883996 6.003732
3.5 -17 -9 -0.27717 0.108446 -1.148045 -0.466472 -1.290126 2.616678 -0.623152 3.340985 0.621464 -1.430746 0.563795 6.371159
1.5 -17 -9 -1.230765 0.840619 -2.274866 -1.109702 -0.952414 3.446891 -1.979834 4.101995 1.004836 -3.089099 0.271887 7.708181
-2.5 -17 -9 -4.379758 4.299061 -0.162488 5.081736 -0.933275 3.865119 -2.631674 4.193826 3.610074 4.623062 -2.32517 4.869992
-4.5 -17 -9 3.205545 5.6576 2.321353 5.444412 1.097858 3.771757 4.221926 6.808312 1.231023 4.892742 -1.417558 4.044299
5.5 -19 -9 -1.807918 -0.898506 -0.054005 -2.222742 -1.295515 -1.166077 1.82835 2.846849 7.380527 -0.788419 1.059209 4.262985
3.5 -19 -9 -3.561112 -0.479087 -2.165598 -3.270566 -3.21522 -1.291045 -0.928373 2.956508 4.217366 -5.480762 -0.204379 0.74083
-2.5 -19 -9 1.504744 4.754785 2.218971 6.591213 0.522316 6.334693 3.368168 4.404928 1.677153 4.310956 -1.526553 6.496348
-4.5 -19 -9 1.394962 8.922298 2.104846 8.693938 0.231955 5.44058 4.880339 7.679829 1.541775 6.391698 -0.427206 2.974875
-2.5 -21 -9 -3.391375 2.927509 -3.310206 7.725221 -3.186339 5.036482 -1.177208 0.612017 1.517614 3.095354 -1.544248 5.371377
-0.5 -3 -7 3.014767 8.572962 7.257411 2.401964 3.149935 7.071712 -2.851068 10.31671 4.867178 4.358212 2.286556 10.26872
5.5 -5 -7 -0.124719 3.120107 0.94222 0.53737 -0.655443 0.83611 1.628266 5.588607 8.188141 1.838022 9.89592 0.754481
-2.5 -5 -7 -6.533563 3.251735 -0.651265 5.843366 1.411229 -0.510907 -6.688139 1.89339 2.883362 8.195211 5.446936 4.658623
-4.5 -5 -7 -7.38557 -1.664909 -1.054047 5.390109 0.347762 -3.968949 -6.495001 -1.21708 4.585956 6.620337 4.369567 -1.829507
5.5 -7 -7 -5.01068 4.193597 2.308034 0.678873 0.349053 1.524285 -3.060369 5.334906 11.57663 2.043988 10.27375 4.379773
3.5 -7 -7 -5.133009 5.662171 4.669219 2.570715 0.867296 1.86693 -3.075713 6.120192 15.57464 3.690114 8.86451 4.997591
-2.5 -7 -7 -3.781034 -0.129632 -1.332152 3.715651 0.304705 0.904129 -5.74784 0.444092 -0.579144 6.275262 3.559669 5.239377
-4.5 -7 -7 -6.116654 -4.453272 -1.397034 0.88002 -1.097623 -2.309303 -5.855371 -2.651749 2.519658 3.442702 2.708628 0.97447
5.5 -9 -7 -8.134893 4.967669 2.294613 1.148813 -2.234026 1.02283 -8.967691 5.43724 3.312694 1.502698 1.653624 4.037087
3.5 -9 -7 -6.276909 2.475163 3.175767 2.180255 -0.883897 2.129239 -6.673093 2.148684 5.503157 3.842568 0.445194 8.316137
-2.5 -9 -7 2.772517 -0.874829 1.632979 0.623149 0.579935 1.640711 -0.79755 2.631254 -2.778826 1.499449 0.594092 4.054785
-4.5 -9 -7 -1.468384 -2.542161 1.902133 -2.356611 -1.349364 0.495667 -0.977158 -0.838189 2.584169 -0.254562 1.695312 2.563901
5.5 -11 -7 -8.977929 5.349275 -1.843801 4.20788 -3.363867 1.991217 -10.54729 5.261578 -3.737109 3.280402 -1.439352 1.299403
3.5 -11 -7 -5.344899 3.26484 -0.048639 4.534163 -3.107991 4.388796 -5.907136 3.36331 -0.272733 6.334669 -3.659628 9.302486
-2.5 -11 -7 4.172328 0.201715 2.024321 -0.679477 2.530579 0.825945 0.425394 3.637918 -1.800848 0.305419 0.313772 1.172902
-4.5 -11 -7 0.466578 0.379726 3.717869 -2.992468 0.069111 0.286487 0.903995 0.14765 3.788307 -0.238605 1.139537 0.469282
5.5 -13 -7 -4.938797 2.636079 -4.062778 6.138691 -0.784478 2.134948 -5.015163 4.751638 -1.439384 5.316092 2.721627 -1.03623
3.5 -13 -7 -1.890369 3.218034 -1.521405 6.539016 -2.992947 4.985507 -1.26209 6.106405 -0.695189 7.686303 -1.683788 8.445354
-2.5 -13 -7 0.549448 -0.738887 0.511111 0.099377 3.535821 -0.755103 -2.577392 1.324654 1.768257 3.299712 1.97365 -0.550875
-4.5 -13 -7 0.102512 -0.066427 1.893422 -1.261833 2.091585 -1.209692 -1.055484 -1.12619 2.976311 2.576778 1.589617 -0.199223
7.5 -15 -7 -3.041043 -8.927711 -2.755878 -1.789876 -1.155054 -0.294768 -0.016834 -7.514019 2.719668 3.31934 3.540418 1.42912
5.5 -15 -7 5.209115 -4.092245 0.583352 3.243107 2.29231 -2.003356 5.241098 -0.182168 2.97598 4.916986 3.827318 -3.704761
3.5 -15 -7 3.43987 -0.590592 0.681318 4.895266 -0.080393 1.407107 3.23582 4.360378 -0.008645 6.550731 1.170866 3.479403
1.5 -15 -7 -2.336411 -2.480959 -3.025274 2.198255 -1.447046 2.329967 -2.145314 1.94536 -2.035738 5.748706 0.42593 9.287415
-0.5 -15 -7 -5.676747 -3.21557 -4.836338 1.72672 -1.809646 0.639279 -6.807604 -0.47133 0.761032 2.756337 1.358177 0.818696
-2.5 -15 -7 -4.211943 -2.597875 0.082027 0.896455 -0.291044 -0.583502 -6.401587 0.169631 2.787911 3.725333 -0.668683 -1.106425
-4.5 -15 -7 1.039063 -1.953296 2.415772 0.132197 2.073184 -0.441371 -0.799865 -1.359049 1.589621 0.900702 1.828561 1.707146
7.5 -17 -7 1.35455 -6.156317 0.998274 0.546935 -2.879369 -0.503408 5.235507 -7.877917 2.496647 1.595088 -0.82703 0.961077
5.5 -17 -7 8.579291 -5.837507 3.506931 1.682395 1.569124 -2.081237 7.516037 -4.30702 2.879849 3.277395 1.16583 -0.81273
3.5 -17 -7 5.569403 -4.035485 1.084467 1.278345 1.757537 -1.687079 3.744313 0.276958 -0.028878 2.605625 2.686855 0.529217
-0.5 -17 -7 -3.922044 -2.787473 -1.71993 -0.852877 0.764385 2.106104 -4.106204 -2.309271 2.748696 0.067883 2.472665 4.178672
-2.5 -17 -7 -7.9449 -0.657521 -3.441403 0.910429 -2.604041 1.850798 -7.777317 1.19166 0.835822 1.917333 -1.41863 0.330322
-4.5 -17 -7 -0.635268 -0.894638 2.60914 1.840761 1.031699 -0.369604 -0.672256 0.687175 0.024285 0.446365 1.039979 -0.072647
7.5 -19 -7 -1.949602 -3.627978 -2.979067 -2.068966 -0.114666 1.967239 2.008297 -3.0676 1.708631 -1.118739 2.39173 5.74528
-0.5 -19 -7 4.602989 -2.711251 2.452616 -3.283934 3.429712 2.047659 5.478093 -3.290039 4.251618 -3.419938 1.000299 4.932449
-2.5 -19 -7 1.442645 -0.195632 0.951638 -0.01374 0.182508 1.272997 2.806367 0.869578 1.037413 0.118961 -1.880542 3.35602
-4.5 -19 -7 -0.691299 1.814553 3.409237 4.694406 -0.08217 -0.021032 1.673737 3.084079 0.170828 4.117418 0.28011 0.772207
7.5 -21 -7 -2.709127 0.37646 -6.016725 -0.282617 -1.615523 2.349802 -0.001891 5.136572 -0.981443 -1.490194 0.399566 8.22258
-0.5 -21 -7 0.964561 -1.629294 0.063263 0.126736 0.153627 2.002422 3.432384 -2.984194 3.721924 -1.25377 0.809951 5.218236
-2.5 -21 -7 2.093064 1.389532 1.401277 3.622967 -1.328195 2.174042 4.188371 1.286036 5.188327 3.070309 0.475821 4.954246
-4.5 -21 -7 1.235589 2.820262 4.44068 7.705112 -1.241063 2.240131 3.59684 7.085766 6.0198 7.89608 0.062253 5.394708
-6.5 -21 -7 2.054892 5.218842 3.063098 5.390649 -0.416396 3.340595 4.490786 5.999922 3.615012 4.164838 -0.885524 1.448536
-2.5 -7 -5 -1.517272 3.865605 -3.606433 3.535004 1.493758 -2.745108 1.428252 4.794431 -3.169069 -1.096623 6.004696 -1.4899
-4.5 -7 -5 -6.112825 0.227005 -6.995286 1.480928 -2.213882 -3.912934 -4.015914 -0.848801 -8.958322 1.188715 -0.592635 -3.370109
5.5 -9 -5 -5.538956 5.641333 0.616828 0.899041 -0.13066 1.371985 -3.91253 6.603667 4.313103 0.376066 1.189817 6.415586
3.5 -9 -5 -6.785651 5.360691 0.950046 5.006435 1.378253 4.464249 -4.345083 3.148637 2.423231 2.216635 0.841653 6.424831
1.5 -9 -5 6.593254 6.077542 3.00563 10.11368 1.938728 4.478203 6.411007 7.851004 1.59453 5.525651 1.099385 6.322309
-2.5 -9 -5 -1.619812 4.606452 -1.194059 2.114279 -2.686621 0.259375 0.060462 7.456778 -0.817347 -2.483482 -0.650125 -0.958871
-4.5 -9 -5 -6.415289 2.013402 -2.41436 -1.3362 -3.404665 -1.268397 -3.790161 1.759048 -5.160113 -1.407362 -4.664764 -0.646215
5.5 -11 -5 -5.231354 5.601593 -2.757085 0.814642 -5.58139 0.65145 -3.64647 7.017461 -0.646031 -0.957962 -4.856237 2.404275
3.5 -11 -5 -4.237978 1.29456 0.105879 -0.136589 -0.033982 0.387935 -1.791795 2.037794 0.950569 0.16405 -2.316855 5.463664
-2.5 -11 -5 -0.591744 3.319408 1.224908 -0.033784 -3.056577 1.450185 0.596979 7.020646 3.605917 -0.898898 -3.378255 -0.613318
7.5 -13 -5 -6.703553 4.28955 -3.979644 5.074642 -2.893697 2.094269 -5.447934 4.614857 -1.464496 5.433631 -1.881805 -0.924562
5.5 -13 -5 -2.116889 1.888732 -3.806081 0.332156 -4.967271 0.835736 -2.426187 3.435293 -0.801285 -0.131338 -5.877347 0.834243
3.5 -13 -5 -2.791559 -3.552899 -1.04319 -7.430924 -1.401955 -1.816182 -2.433908 1.102117 -0.126872 -2.932052 -5.341278 5.465193
-0.5 -13 -5 3.478003 -0.887123 3.675084 1.240989 0.824321 0.400357 1.420514 3.841426 2.73268 3.460481 0.733618 2.064787
-2.5 -13 -5 0.089209 -0.11469 2.382221 -0.902256 0.079832 -0.611778 0.928034 2.482983 6.351909 2.684049 -0.120112 -1.400733
7.5 -15 -5 -3.059105 -3.660354 -1.648156 3.42327 -2.098433 0.474847 -2.247676 -4.034243 3.844943 6.721865 -2.493258 0.400549
5.5 -15 -5 1.652875 -4.29786 -0.157094 -1.345849 -1.902797 -1.511484 -0.270907 -1.980491 2.567794 2.882485 -4.809925 -0.788427
3.5 -15 -5 -4.258942 -5.588439 -0.499047 -9.367407 -1.820321 -3.043891 -4.824333 -0.881544 -0.716471 -1.10011 -4.635286 2.355073
-0.5 -15 -5 -5.176608 -3.448092 -1.528039 -1.255722 -0.704489 -1.082476 -4.474223 -1.54265 2.0648 2.717212 2.99191 0.546964
9.5 -17 -5 -2.170182 -3.430824 0.627619 -0.638358 0.108996 0.746957 -0.967976 -4.737821 3.393598 1.624142 2.109938 2.429489
7.5 -17 -5 0.945241 -3.883305 0.278503 1.485252 -1.877376 0.828223 0.490404 -7.33453 1.04827 3.730294 -2.883426 1.496282
5.5 -17 -5 -0.22674 -3.768732 -3.35149 -1.094716 -2.102938 -2.002976 -2.214524 -4.033832 -3.239417 2.297132 -2.929323 -1.106187
3.5 -17 -5 -5.911208 -6.059615 -6.408932 -4.338472 -2.331268 -3.444436 -5.053264 -2.441174 -4.971527 2.928638 -0.799801 0.028226
1.5 -17 -5 -5.993471 -5.228304 -7.182121 -3.639616 -0.107753 0.271491 -3.537689 -2.248486 -2.25107 4.699982 3.032494 6.306437
-0.5 -17 -5 -8.212481 0.694969 -6.04649 2.192596 -0.819714 1.279368 -6.081232 -0.339172 0.020492 5.691706 2.296062 4.595548
9.5 -19 -5 1.563639 -1.359493 2.240458 -0.269791 2.402483 -0.625847 2.602083 -2.058993 3.716012 3.230054 1.098278 1.767709
7.5 -19 -5 2.376697 -1.074532 -2.998943 1.268163 2.746926 2.362665 2.771923 -3.132843 -2.657277 2.737341 2.206538 3.17037
5.5 -19 -5 -0.61455 -1.283702 -5.125093 -0.565232 -1.975267 0.188057 -2.870417 -2.304985 -4.05194 0.90884 -0.835098 0.856829
3.5 -19 -5 -4.955815 -2.848001 -4.858539 -2.374753 -3.475946 -0.074825 -5.76732 -1.077096 -0.153141 0.399316 0.429737 1.776583
-0.5 -19 -5 -1.698716 -0.302078 -0.986127 0.784503 0.289917 0.321153 -1.109474 -1.090612 3.207994 3.775876 -0.258998 1.421874
-4.5 -19 -5 -1.376009 -1.187499 2.44327 1.240169 -0.479955 0.176378 0.367056 0.35324 3.133525 4.476717 2.309915 -0.94021
9.5 -21 -5 -1.574131 -0.220372 -1.53765 0.824701 -1.298118 -1.185591 -2.424304 0.977054 0.995751 4.265899 -2.92938 3.055941
7.5 -21 -5 -0.126819 0.475821 -4.81795 0.394266 -0.569043 1.691354 -0.812132 1.908011 -2.377851 1.659016 0.141997 6.319674
5.5 -21 -5 -0.369114 -0.286683 -4.714052 -0.095783 -1.034937 -0.240403 -0.069839 0.012985 -2.704238 0.144929 1.193816 3.698515
3.5 -21 -5 -5.250624 -1.679808 -4.498969 -1.914714 -1.917815 0.589232 -3.963024 -0.501794 -0.93213 -1.590508 1.496187 3.535585
-0.5 -21 -5 1.072391 -0.537309 1.520584 0.887448 -0.759834 -0.58091 0.532867 -1.637788 2.795484 2.500339 0.616913 1.907592
-4.5 -21 -5 3.327838 -2.638457 3.380112 0.95631 -1.259638 3.284425 2.51098 -1.649477 5.614622 2.855967 -0.673732 0.85066
5.5 -23 -5 3.669755 -0.441698 0.597063 -0.441507 0.517086 -1.158211 2.560692 2.4002 0.808072 1.177172 0.602596 4.890317
3.5 -13 -3 3.59428 -2.623626 0.764562 -4.378161 0.031327 -1.670422 0.766436 1.857393 -2.915532 -3.156342 -5.201625 6.809265
3.5 -15 -3 2.142295 -4.200344 2.101882 -6.499326 -0.020945 0.78764 2.582156 1.202487 1.077497 -1.965703 -2.495758 8.98172
1.5 -15 -3 2.178945 -3.254911 1.581842 -5.060133 0.677795 4.244148 2.004563 2.006754 -1.753729 -1.75592 -4.521578 11.77582
-0.5 -15 -3 0.437141 0.39621 1.969478 -1.75251 2.039849 0.854988 1.108469 4.737691 3.153843 -0.728382 0.04672 4.892457
-2.5 -15 -3 -2.124206 3.804396 -1.098126 1.209054 -0.927767 -2.157345 0.077916 5.8915 3.177882 2.612453 2.237489 -2.072247
3.5 -17 -3 1.771533 -4.904778 1.823746 -4.128616 0.179025 -1.492654 3.671287 -0.675212 2.561689 2.107515 1.112028 1.332721
1.5 -17 -3 4.302847 -4.803061 -0.389502 -2.273477 0.289254 2.249855 7.11849 1.284443 3.380535 3.773725 0.02991 8.994623
-0.5 -17 -3 -1.608349 1.798802 -5.015968 0.470122 -0.143073 0.929941 1.30182 4.983034 2.569616 3.418571 1.924077 5.438402
-2.5 -17 -3 -6.392211 5.904053 -2.412631 3.274624 -3.319685 -0.119943 -4.470394 7.654777 3.261698 5.031403 1.67057 -0.957279
9.5 -19 -3 0.468424 -1.150193 2.745757 2.002574 0.322817 -0.540543 3.190581 -0.905812 3.819442 2.924773 2.983525 1.461902
3.5 -19 -3 -0.648528 -1.055324 -1.184927 -0.006423 -1.315148 0.614262 -2.105509 0.739586 1.715439 2.897621 1.4302 -0.657608
-0.5 -19 -3 -5.431182 1.412488 -4.755872 3.21549 -4.479861 0.184556 -2.93452 3.367009 3.169293 7.204905 -0.169829 3.652203
-2.5 -19 -3 -3.166365 2.237793 -0.786332 1.421678 -3.709464 0.236003 -2.190906 4.008169 3.207579 5.132143 -0.122861 2.031553
9.5 -21 -3 -0.632268 -4.523287 -1.481696 0.526917 -0.600573 -5.770502 -0.24773 -1.688622 2.410088 3.927382 0.710192 -1.806482
7.5 -21 -3 0.657579 1.203989 -2.437541 -2.581967 -0.952636 -2.641848 1.024667 2.380537 -0.406918 -0.556251 -0.192644 -1.391457
3.5 -21 -3 -1.955666 3.577094 -1.853844 2.430376 -0.792908 1.606058 -2.394681 3.21454 0.731536 1.683084 1.941627 0.770189
-0.5 -21 -3 -3.249021 4.25784 -4.433652 4.708609 -2.923617 0.161964 -3.125103 5.1903 3.269633 6.506487 1.375928 0.894517
-2.5 -21 -3 1.341842 1.159216 -0.47443 1.500225 -2.221433 0.612016 1.360015 2.840725 3.572118 6.015639 0.181967 1.980944
7.5 -23 -3 0.65613 2.39441 -0.89458 -1.097077 -2.464945 -2.947252 -0.957029 4.607317 0.836968 0.322435 -2.797368 -0.784459
5.5 -23 -3 4.369538 -0.133176 1.386504 -2.223212 -1.093527 -1.972245 3.297655 0.716076 2.240405 0.023126 -1.153843 -0.575574
3.5 -23 -3 1.315467 4.243038 1.121686 4.031724 -0.279528 2.153648 0.391059 3.589399 -1.50368 3.475997 -0.782037 1.5379
3.5 -25 -3 1.867094 4.423239 3.341448 3.78117 0.546989 3.749809 -0.254365 5.339075 0.234469 3.333598 -2.481987 3.151063
5.5 -13 -1 -0.81989 0.536678 4.312558 -5.330466 -3.161977 -0.252814 2.135399 5.524265 6.032539 0.115834 -2.185837 4.877003
3.5 -13 -1 8.141218 0.585202 6.779818 1.326278 0.856071 5.259069 8.107398 -1.595901 1.479958 2.928372 -0.769368 11.02678
5.5 -15 -1 2.979409 0.396437 5.832908 -4.240976 -0.015058 2.466397 6.24284 4.897699 3.638609 0.367184 -1.674008 7.63655
3.5 -15 -1 11.24118 1.128172 7.643517 1.05748 5.284634 7.805493 12.59185 1.021441 0.841564 2.020667 -0.760567 13.87615
-0.5 -15 -1 5.923406 7.559928 5.515169 0.166829 3.478792 8.755343 3.117689 9.056758 6.835554 -1.140896 -3.227142 7.534702
-2.5 -15 -1 3.800782 3.39362 2.743799 -1.852829 1.666105 0.39681 3.185407 3.058256 6.178096 -2.686434 2.78387 0.292463
7.5 -17 -1 0.305892 3.700387 3.566832 -1.001894 1.075299 0.342354 5.444324 5.660423 5.470095 -2.168253 0.499018 1.324772
5.5 -17 -1 4.051383 4.526578 4.181698 1.613264 1.212445 1.268421 8.913899 4.867235 0.677953 4.266498 -0.098724 4.876221
3.5 -17 -1 11.41477 3.222341 4.987964 4.150087 3.01526 2.919617 11.76355 1.468656 -3.39154 4.957161 -3.259217 5.649599
-0.5 -17 -1 5.471699 7.297318 2.286047 1.137741 0.548018 4.265732 6.83496 10.37906 2.549602 -0.502675 -2.578777 6.086977
-2.5 -17 -1 1.7626 6.933988 3.935236 2.416491 0.837572 1.635804 3.002094 7.396297 6.776519 -0.404256 4.168937 1.498714
5.5 -19 -1 6.115576 6.030099 2.685303 3.188761 1.272434 1.339093 5.612684 6.689592 -2.89729 2.904075 -2.153675 4.349497
3.5 -19 -1 6.823526 5.152729 1.944983 6.58928 -1.772581 3.596896 4.360972 3.910239 -8.393783 5.750166 -8.7182 3.31557
-0.5 -19 -1 -2.378264 5.911755 -0.853831 3.35707 -3.648149 0.843443 1.349581 8.867868 1.750341 3.680676 -0.991633 8.09532
-2.5 -19 -1 -1.609405 3.338495 2.563946 2.442225 -1.384741 0.979647 0.32472 3.201687 3.582248 1.608143 1.412268 5.118344
-4.5 -19 -1 -2.250546 1.414235 0.060043 2.142213 -1.055273 1.015275 -0.972984 3.180975 1.40876 1.849377 2.900987 3.562195
3.5 -21 -1 -0.52059 6.814289 -2.099596 6.901953 -1.189435 5.123081 1.038856 6.366253 -1.298819 4.074088 -3.335003 3.550443
-2.5 -21 -1 -0.794637 -1.194157 -0.715027 -0.304841 -0.245936 0.518862 0.253531 -1.567696 1.3519 3.291587 -0.042723 4.646695
-4.5 -21 -1 -1.534644 -2.148237 -1.07653 -1.006039 -1.568699 0.905804 0.113328 -0.09754 1.727512 1.72877 1.694779 6.417231
3.5 -23 -1 0.647505 8.034859 1.787192 7.68254 0.811168 5.093169 2.324197 7.575701 1.090918 4.579556 0.700481 2.314816
1.5 -23 -1 1.090952 11.04772 1.386331 7.768143 2.630331 6.451276 1.206939 15.46225 1.382648 7.440815 3.367459 8.746376
3.5 -25 -1 4.620131 7.118514 7.126155 6.638935 3.898679 4.73411 3.677939 8.050434 2.378683 5.375648 3.030402 2.629224
5.5 -13 1 -2.405107 1.541464 0.095722 2.545295 -5.54601 2.918772 -0.399885 2.619133 4.451644 6.876369 -2.634633 6.984985
5.5 -15 1 2.543114 1.540212 1.460259 2.682552 -2.372863 5.465971 3.653014 0.987397 2.794744 5.548541 -1.584942 11.63245
5.5 -17 1 3.66453 6.032646 3.197615 4.096931 -0.448801 5.085114 9.218355 3.138073 7.538413 4.953302 2.374205 11.1703
7.5 -19 1 -0.972071 2.647008 -0.140209 -0.320414 -1.024097 -0.415372 1.879734 3.307582 5.242406 1.42951 0.848547 1.212265
5.5 -19 1 2.026856 5.589397 2.367374 -0.430813 -1.372207 1.951681 6.913567 3.241866 6.699555 -2.932213 1.208784 10.3206
3.5 -19 1 -0.069487 6.97849 -0.466962 -0.123655 -4.456487 0.928455 2.406861 2.785575 -0.1464 -6.684342 -8.192247 9.11184
7.5 -21 1 0.938275 2.454026 2.452087 -1.926749 -0.851833 -2.194614 2.274835 4.602397 6.440595 2.168065 0.015417 1.253587
5.5 -21 1 3.210191 4.674897 2.609185 -2.819666 -0.630408 -0.384168 5.997113 4.752536 6.043596 -6.191279 -1.595018 8.354422
3.5 -21 1 -2.001335 8.450461 -1.875434 -2.718942 -4.381882 -2.301039 2.429938 5.508186 -2.539753 -13.129 -8.12802 7.018293
7.5 -23 1 5.965695 2.377876 4.123035 -2.274619 2.818478 -1.715486 7.432677 6.210008 5.23293 1.057853 0.502907 0.69612
5.5 -23 1 5.267076 5.72775 3.945672 -0.100567 0.847009 0.440359 8.778171 7.020488 3.92498 -1.798633 -1.444227 5.747467
3.5 -23 1 -1.060343 10.88657 0.633661 -1.383796 -2.53955 -1.50726 6.437222 8.925552 2.068275 -12.03259 -4.375542 7.691001
9.5 -23 3 1.669429 -0.051453 2.876523 1.516247 -0.049221 -1.210602 1.547189 -0.003869 3.815958 2.541136 0.087435 0.413992
7.5 -23 3 2.055307 3.064675 4.073454 1.336706 -1.942267 -0.19063 4.420487 3.390294 8.898734 5.495747 -1.711696 0.072844
