-4.257126 -3.559364 -0.483215 3.660004 3.784852 1.782174 -1.191581 3.421974 -2.813647 3.280279 4.812742 1.960852 -0.441864 3.494687 -3.566554
1.742874 -5.559364 -0.483215 -1.602216 -0.383413 2.198572 -2.442781 -0.704456 -5.971267 0.392507 2.079388 3.704314 1.504915 -1.744045 -4.419113
1.742874 -7.559364 -0.483215 -2.122919 -0.33893 2.259367 -0.083548 -3.717252 -5.475965 -1.653556 1.790897 2.105031 3.412691 -4.136069 -4.792398
-2.257126 2.440636 1.516785 6.421824 1.473634 6.275409 2.045699 2.032265 0.442017 4.660012 0.405337 2.902287 1.920606 -2.564593 -4.263541
-2.257126 0.440636 1.516785 4.60154 5.857719 4.239142 2.438544 3.637041 1.070202 1.072042 4.308362 2.062339 1.903718 2.577772 -3.56513
3.742874 -1.559364 1.516785 4.901234 -1.366486 2.728693 -0.897408 0.788429 -3.100034 6.104045 -0.856331 3.22585 -3.228535 0.076343 0.634723
-4.257126 -1.559364 1.516785 1.302871 2.245224 1.678449 2.936048 -0.099223 1.683348 0.293882 -0.190047 1.463501 3.411973 0.064502 -0.311163
3.742874 -3.559364 1.516785 2.962609 0.196702 3.200533 -4.051402 -0.665354 -4.287969 4.993303 0.054492 4.045967 -4.962845 -3.125808 -0.879937
-4.257126 -3.559364 1.516785 -0.536084 1.314036 0.723939 3.0173 -0.682464 0.883497 -1.603619 0.024406 -1.483555 2.326703 -1.447662 -1.229718
3.742874 -5.559364 1.516785 -1.233849 -3.029957 2.606993 -5.094532 -3.729409 -7.660442 1.627337 -1.082773 3.794285 -4.384881 -4.027358 -3.285992
1.742874 -5.559364 1.516785 4.975958 -2.355901 4.295507 -2.307415 -0.066346 -8.426591 1.589808 1.001943 1.322096 -0.748235 -6.969729 -6.035716
-2.257126 -5.559364 1.516785 -0.744079 0.261987 1.684215 3.271312 -3.731835 -0.245567 -5.006312 -5.732351 1.560947 1.44352 -9.665485 -0.744681
-4.257126 -5.559364 1.516785 -1.207947 3.002876 -2.017854 3.035267 -3.305128 1.341739 -3.088553 2.105461 -3.889882 -0.980406 -5.643721 -1.362708
1.742874 -7.559364 1.516785 3.869821 -1.138805 1.726999 -1.74992 -2.336782 -6.604248 1.758355 2.303773 0.721333 -0.947304 -6.555049 -4.398743
-2.257126 -7.559364 1.516785 0.954102 -1.803515 2.50347 3.155242 -5.729851 -0.405669 -3.131668 -6.99918 1.976761 -0.481313 -12.39469 -2.863895
-4.257126 -7.559364 1.516785 0.921409 3.010642 -2.360585 2.77459 -4.206676 0.858427 -1.389513 2.21604 -2.801488 -2.761042 -7.403657 -2.005946
1.742874 -9.559364 1.516785 3.982076 0.032435 -1.074886 -1.392379 -2.938039 -2.053255 4.094529 0.746653 -0.870654 -2.689621 -5.609179 -1.387417
-2.257126 -9.559364 1.516785 3.263953 -4.112857 2.406213 2.80054 -3.678105 -0.374619 1.303808 -7.373488 0.298066 -1.904201 -8.0116 -2.646335
-2.257126 2.440636 3.516785 2.4149 3.207803 3.462278 1.539429 -0.127272 1.921056 1.173626 -0.52251 2.000144 0.043808 -4.196392 -0.487183
-2.257126 0.440636 3.516785 1.124191 2.770585 -0.138773 -2.622665 -5.503921 1.392628 1.081049 0.520609 0.23535 -5.602531 -5.05755 -3.194998
-4.257126 0.440636 3.516785 2.663797 0.439394 -1.136794 -2.243014 -6.100057 1.660587 3.384058 -3.724897 -1.412757 -6.661828 -5.498742 3.192209
3.742874 -1.559364 3.516785 0.137485 -0.739938 -0.070744 2.271104 -1.516544 5.743188 1.362784 -3.398475 1.750183 -2.088408 -0.393699 8.104315
-2.257126 -1.559364 3.516785 -2.191451 4.207475 -2.324436 -0.774723 -2.239841 1.065958 -0.105104 1.126976 -0.330709 0.440285 4.110797 0.045443
-4.257126 -1.559364 3.516785 1.490603 0.894693 -0.578767 -2.05942 -5.378154 0.3266 4.621524 -0.990152 0.999204 -2.667447 -1.283153 2.395919
5.742874 -3.559364 3.516785 0.267796 -0.56698 -1.304052 -0.942585 1.567742 -2.428962 3.194359 0.86462 2.446398 2.785581 1.203446 3.872477
3.742874 -3.559364 3.516785 0.211798 4.33497 -0.497721 -0.196079 -0.988713 3.442789 0.072242 3.686319 0.522613 -0.091554 -2.230747 4.039569
1.742874 -3.559364 3.516785 0.023964 -4.684899 -2.895633 -2.053682 4.134061 -1.814742 0.552249 -3.795086 -6.3165 -1.826095 2.917078 2.076558
-4.257126 -3.559364 3.516785 0.172534 1.066696 1.558327 -0.859874 -0.41981 0.215036 -0.128691 0.536316 0.458444 0.06487 2.7055 2.716218
-6.257126 -3.559364 3.516785 -0.464992 -0.752592 -0.367232 1.412424 -1.934624 -0.468734 1.651899 0.512462 -0.324642 0.450892 -1.794988 2.962646
3.742874 -5.559364 3.516785 -2.718947 1.71313 -0.468608 -3.034781 -2.166658 -0.162645 -1.10734 4.413621 0.361008 0.077318 -5.474198 -0.45004
1.742874 -5.559364 3.516785 2.460868 -2.120754 -0.788561 -3.122562 3.620833 -3.745963 0.511721 -0.319024 -6.066883 -2.19851 -1.932885 -2.794952
-2.257126 -5.559364 3.516785 -1.248505 0.319564 -0.663186 2.484746 -1.06852 4.69695 -4.655525 -7.676403 -3.388363 1.861609 -1.809642 6.67694
-4.257126 -5.559364 3.516785 -1.796968 1.165124 0.353092 0.281654 0.031771 1.448713 -6.34061 -0.338195 -3.281573 -1.683596 0.19408 2.680152
-6.257126 -5.559364 3.516785 0.10836 -1.294535 -1.46973 1.422178 0.037159 0.671285 0.796775 0.133148 -4.442028 -2.102978 0.275308 5.516338
1.742874 -7.559364 3.516785 1.38592 -0.331783 -2.089877 -4.025418 0.268184 -4.445712 1.762073 1.546094 -4.955762 -2.714061 -3.399337 -3.957506
-2.257126 -7.559364 3.516785 1.187031 -1.549189 -0.275663 0.714671 -4.478592 4.239427 -0.544362 -8.320485 -1.785084 -2.595319 -8.153016 5.952258
-4.257126 -7.559364 3.516785 -1.461796 1.782096 -0.94916 1.67186 -2.519107 2.598807 -5.966596 -1.896303 -3.654776 -1.387279 -4.795829 2.668144
1.742874 -9.559364 3.516785 1.78322 0.081982 -3.967577 -4.287752 -2.443532 -3.092971 5.912544 0.130283 -4.133487 -3.032275 -2.405212 -0.506983
-4.257126 -9.559364 3.516785 1.090724 0.625826 -0.413462 2.142377 -3.436484 1.99988 -1.289735 -3.981943 -3.153553 0.490036 -6.306221 1.500736
-4.257126 -11.55936 3.516785 2.04687 -2.792345 0.119078 0.696151 -1.789009 -0.654491 1.328216 -5.25136 -4.739138 0.765732 -3.344348 -1.090328
-2.257126 0.440636 5.516785 -0.543152 0.845042 -5.06006 -2.266035 -4.248057 -1.793419 -0.286722 0.267238 -5.342003 -2.398482 0.289392 -2.794134
-4.257126 0.440636 5.516785 1.884194 -1.04048 -3.831522 -1.054323 -3.709607 -2.165796 1.939609 -3.23412 -3.660001 -0.44758 -1.882773 -0.170192
5.742874 -1.559364 5.516785 0.57489 1.011369 1.825941 2.444686 -1.96571 0.892129 1.817325 1.561898 4.316313 3.468448 -4.517129 4.16993
3.742874 -1.559364 5.516785 0.575177 0.939192 -0.338448 0.839739 -1.216968 2.340212 -0.130709 -1.574947 2.059896 0.78605 -2.101788 4.114991
-4.257126 -1.559364 5.516785 0.760835 2.902374 -4.575307 -1.007161 -1.856543 -1.651145 1.121136 1.781407 -5.283672 -1.899078 0.748719 -3.120474
-6.257126 -1.559364 5.516785 -3.468928 1.69092 -5.081208 0.374535 -2.376595 -0.993706 -3.515208 2.196883 -2.890989 0.535157 -1.433354 -1.877391
5.742874 -3.559364 5.516785 0.524892 2.695936 -1.512676 0.890754 -0.405223 0.919777 3.057482 0.947464 -1.623168 1.737353 2.069033 0.485952
3.742874 -3.559364 5.516785 0.378357 3.304603 -2.802316 1.466609 0.770345 2.373317 -1.060424 1.688043 -3.710313 2.348971 2.931009 0.312454
1.742874 -3.559364 5.516785 1.240413 -2.849998 -1.18318 -2.972978 6.358707 -0.402077 -1.038369 -3.105288 -5.676198 2.309564 3.885525 0.195251
-2.257126 -3.559364 5.516785 -2.50304 1.655903 -1.700492 0.855422 -0.159671 -0.57176 0.422939 -0.977773 -0.99262 0.554844 3.712772 -1.397597
-4.257126 -3.559364 5.516785 3.302064 0.169029 1.49667 -3.329855 2.830136 -2.70476 2.756361 1.136321 -0.822971 -3.288889 4.359879 -2.996815
-6.257126 -3.559364 5.516785 3.031293 0.498424 -1.015127 -0.742396 0.099533 -1.506094 2.479959 2.022898 -2.965861 -3.344552 -0.669442 -2.243335
3.742874 -5.559364 5.516785 0.694945 -0.668447 -1.406001 -0.049767 3.25659 0.860782 1.72104 1.360794 -1.979011 1.922932 1.765905 -3.176463
1.742874 -5.559364 5.516785 6.396175 -5.284488 0.930378 -3.932609 6.662382 -1.244567 1.904278 -4.651505 -4.447872 1.66925 2.821237 -2.237482
-2.257126 -5.559364 5.516785 -0.560993 -2.674119 1.557807 0.120701 -1.183558 1.207104 -0.217967 -6.190615 -1.044388 -0.146664 -0.810309 6.353096
-4.257126 -5.559364 5.516785 3.563033 -4.526577 3.929307 -4.817121 3.016102 -4.543527 1.715025 -2.395476 2.851351 -2.92536 4.369682 -1.200288
3.742874 -7.559364 5.516785 1.978114 -3.285058 0.84886 -1.78611 4.146539 -1.07666 6.262345 0.028134 3.376995 1.874943 2.605264 -3.255683
1.742874 -7.559364 5.516785 5.100937 -5.521654 0.38065 -3.953583 2.799519 -2.507052 3.722494 -4.331874 -0.490962 0.840456 0.586015 -1.233645
-2.257126 -7.559364 5.516785 2.836211 -3.443537 0.143766 -0.329581 -2.3706 3.908785 3.933388 -7.842232 -0.642981 -2.510259 -4.32424 12.6338
-4.257126 -7.559364 5.516785 1.555659 -2.668533 0.093212 -2.951879 0.044926 -2.631798 0.552039 -2.450439 2.075645 -1.545407 1.89201 3.00222
-6.257126 -7.559364 5.516785 2.507101 -1.333851 0.15488 -2.034964 3.712156 -5.205794 3.736565 0.380749 0.10717 -1.334418 8.377116 0.517445
5.742874 -9.559364 5.516785 5.78061 3.203808 1.527611 1.137829 4.499115 3.875004 8.466685 0.508192 5.767655 -0.269307 7.877804 1.600028
3.742874 -9.559364 5.516785 5.412691 -1.192476 2.137729 -2.269023 3.581766 -2.137885 10.0745 -0.523172 5.502532 2.928441 4.583624 -1.193179
1.742874 -9.559364 5.516785 1.869205 -2.926227 -1.699881 -2.941511 -1.466676 -3.095758 4.519996 -2.726346 0.989745 0.769905 -0.831027 3.110966
-2.257126 -9.559364 5.516785 3.308233 -1.985819 -2.190223 -0.417131 -2.263586 3.885742 5.836689 -6.171629 -0.455904 -4.206841 -4.74816 13.13551
-4.257126 -9.559364 5.516785 0.912292 0.878098 -1.974937 -0.258582 -1.770387 0.405089 0.963622 -1.379327 -0.678022 -0.187789 0.119736 5.370392
-6.257126 -9.559364 5.516785 -0.399559 0.900895 -0.746237 -0.508055 0.500512 -3.518766 0.885868 0.536171 0.449523 1.39592 6.582783 0.951636
5.742874 -11.55936 5.516785 6.015679 3.311443 2.491802 0.687024 1.293694 3.16724 8.583632 1.814486 5.050576 -0.462309 5.408747 2.414619
3.742874 -11.55936 5.516785 8.771264 1.000178 2.511765 -1.801733 1.082151 -1.244921 10.88826 -0.638028 2.413448 2.976239 1.15255 0.71942
-4.257126 -11.55936 5.516785 1.082777 0.341253 -1.366398 0.291428 0.490849 0.414452 1.262758 -1.506536 -3.487124 0.079675 2.432614 2.419754
-6.257126 -11.55936 5.516785 -1.038753 2.377427 -0.730025 1.251858 -1.490191 0.180886 -0.909732 0.326354 -1.104295 2.24997 2.8628 1.132199
5.742874 -13.55936 5.516785 3.576597 0.982286 1.928259 -0.391471 -1.04581 2.650768 6.816048 0.274364 3.112869 -1.435017 2.26895 0.6501
3.742874 -13.55936 5.516785 8.968205 1.50557 1.94959 -0.835082 -1.995543 1.696093 9.014675 0.970465 -2.841066 1.470221 -4.127151 1.627385
-4.257126 -13.55936 5.516785 -0.274583 -1.070573 -2.635537 -0.16456 4.584571 -1.003718 0.642325 -1.490111 -4.944854 0.968522 7.022676 -1.345898
-6.257126 -13.55936 5.516785 -2.443906 3.050972 -2.485852 2.209232 -0.17018 2.238598 -2.673568 1.742758 -3.40863 3.002402 1.630009 2.673234
5.742874 -15.55936 5.516785 2.432821 -0.241698 1.039632 0.418379 0.326046 2.873051 5.167907 -2.193549 1.774748 -0.817961 3.416244 -0.284388
3.742874 -15.55936 5.516785 5.397843 1.756924 0.874918 0.289953 -2.894026 4.621046 6.360325 3.348859 -3.925385 0.117309 -3.933825 2.558107
-4.257126 -15.55936 5.516785 -2.110186 1.901827 -5.131373 0.729612 6.323101 0.46406 0.302113 -0.239867 -3.996445 4.789279 8.980572 0.667225
-6.257126 -15.55936 5.516785 -4.814157 3.906187 -4.78567 2.383093 1.119725 2.105519 -4.498824 4.177512 -4.639128 4.79312 1.345036 6.096807
-8.257126 -15.55936 5.516785 -2.900509 1.20455 -1.758014 -3.124448 -0.866447 1.222205 -0.325876 1.785393 -2.42881 -2.836427 1.09346 5.434371
5.742874 -17.55936 5.516785 0.353902 -0.039503 1.491961 0.623323 0.171611 2.142952 2.295084 -2.681004 2.337846 -0.537766 4.44023 -1.627058
3.742874 -17.55936 5.516785 1.654458 3.05995 0.208421 -0.38255 -2.22254 4.346609 3.461703 3.676326 -1.622415 -1.086211 -0.692975 1.999352
-4.257126 -17.55936 5.516785 -2.158538 4.54013 -5.217973 0.670228 4.231472 1.928808 0.850106 1.686723 -1.65635 7.074633 6.592617 3.685115
-6.257126 -17.55936 5.516785 -5.962071 4.487205 -4.972734 1.940607 -0.76832 2.578526 -5.550596 4.59499 -4.575483 4.129031 -0.792944 6.261355
5.742874 -19.55936 5.516785 -0.952918 1.455707 2.31699 -1.448176 -2.370926 0.218728 0.596737 -0.766799 1.831535 -2.481704 2.579118 -4.421496
-2.257126 -19.55936 5.516785 1.604219 1.271776 -4.560441 -3.073555 1.685487 -0.24465 3.657427 -1.004854 -0.440035 1.305211 6.905354 3.042917
-4.257126 -19.55936 5.516785 -0.421769 3.336427 -2.887712 -1.478291 0.156675 0.591348 1.542317 4.083032 -0.490593 4.274758 2.45903 1.839134
-6.257126 -19.55936 5.516785 -4.668259 3.963667 -2.748505 0.986091 -3.983059 1.916547 -4.567864 3.310503 -3.445132 1.490285 -3.383582 1.619212
5.742874 -21.55936 5.516785 2.353443 1.492575 2.491645 -1.685902 -1.193731 -1.884369 3.858619 0.066383 0.374877 -1.22212 1.460443 -4.087062
3.742874 -21.55936 5.516785 2.337006 2.792577 1.606615 -3.552408 2.500828 -2.614398 -0.055686 1.815776 -1.587124 -1.783576 3.081949 -2.371795
-2.257126 -21.55936 5.516785 4.327168 2.304383 -4.116428 -2.119168 0.658914 1.443569 5.409418 1.329875 -1.927853 0.13956 4.39655 3.120875
-4.257126 -21.55936 5.516785 1.036254 2.47853 -1.822675 -2.006452 -1.407202 -0.025383 2.023074 4.305338 -1.883745 2.997316 2.045034 0.37251
-4.257126 0.440636 7.516785 0.850302 -2.088579 1.292313 -3.05148 0.025098 -3.75433 1.911864 0.239439 0.779639 1.149386 2.741652 2.543354
3.742874 -1.559364 7.516785 1.590362 2.084569 -0.275491 -1.434336 0.710701 0.39013 1.481215 0.206957 2.479527 -0.615515 -0.560571 -1.408752
-4.257126 -1.559364 7.516785 -0.288622 0.772449 0.499212 -1.907582 1.873906 -0.361293 -0.797592 0.816462 0.363636 -1.588562 3.497499 3.309156
-6.257126 -1.559364 7.516785 0.519898 1.300549 -2.053212 -0.051155 1.807951 0.647503 0.337025 -0.407989 -1.426409 -2.035296 3.010222 1.647923
5.742874 -3.559364 7.516785 -1.448229 1.861463 -1.540881 1.390307 0.392925 0.461314 0.986297 1.55119 -2.807023 4.776169 4.249149 -3.21557
3.742874 -3.559364 7.516785 0.194971 0.468068 0.529181 -0.188343 2.486575 0.670326 1.342683 2.062785 4.468643 1.324328 5.349766 -1.068057
-2.257126 -3.559364 7.516785 -1.188799 1.678403 -3.095233 -1.041848 0.712117 0.36085 1.243658 1.529864 -4.04392 -2.071246 -1.055597 -0.52095
-4.257126 -3.559364 7.516785 0.514253 1.215038 -2.056635 -2.151327 1.245615 -0.33926 -1.153398 2.601074 -3.733465 -3.566333 1.39244 0.857533
-6.257126 -3.559364 7.516785 2.95586 2.721735 -0.553756 -1.325754 1.885127 0.538468 2.733061 2.522496 -1.145551 -4.331353 2.37946 0.212848
1.742874 -5.559364 7.516785 3.273184 -1.876167 4.261849 -2.571932 5.04073 -3.138249 -0.677207 -0.187889 0.733307 0.170696 1.460444 -5.250179
-2.257126 -5.559364 7.516785 -1.903939 -2.253789 -1.742525 -1.864874 0.18036 -1.182899 1.451448 -3.318685 -0.525814 -4.283659 0.118489 2.915781
-4.257126 -5.559364 7.516785 3.694884 -2.848122 -2.281691 -4.606112 2.575946 -4.271654 2.191706 -0.576631 -1.968063 -3.990803 4.13062 -2.243165
3.742874 -7.559364 7.516785 -0.674502 1.608827 0.024801 -1.437708 1.831226 -3.214742 1.581064 5.427001 1.815236 0.239813 3.820408 -6.662489
-4.257126 -7.559364 7.516785 4.556592 -2.382781 -3.726515 -4.837615 2.727431 -4.120581 4.709613 -0.846091 -0.340755 -4.562909 5.843053 0.472146
-6.257126 -7.559364 7.516785 3.744759 0.951229 -1.442521 -1.145755 3.289187 -2.445252 5.861658 -0.890096 1.543942 -1.498358 6.770169 -1.371156
5.742874 -9.559364 7.516785 -0.418629 4.206004 0.524795 0.267971 1.896003 1.0595 0.410797 4.697728 3.38215 0.635204 3.77081 0.004405
3.742874 -9.559364 7.516785 -0.954859 1.48469 -0.358448 -0.576891 0.422833 -2.131822 2.03346 5.610304 2.693059 2.178234 4.373652 -4.265301
-2.257126 -9.559364 7.516785 -2.737255 0.267253 -6.771018 2.531573 -0.608504 4.023662 1.403885 -3.825073 -2.740311 -2.567235 4.031113 12.87594
-4.257126 -9.559364 7.516785 1.376028 1.315563 -3.674832 -3.005764 0.528774 0.27005 2.331698 1.770636 -1.081569 -3.851462 2.903509 5.730018
-6.257126 -9.559364 7.516785 -2.178904 -0.322463 -3.617217 0.143187 -0.540363 -1.881256 0.617115 -1.949744 0.73266 -0.36828 4.504346 -0.796626
5.742874 -11.55936 7.516785 1.263471 3.729047 1.971764 -1.109432 0.832872 0.688853 1.804556 6.53409 4.137113 -0.25378 2.343397 -0.170744
3.742874 -11.55936 7.516785 0.837437 1.217563 -0.169982 -0.682433 0.065993 0.428977 2.323092 4.671342 2.569429 2.741019 3.348563 -1.830715
-2.257126 -11.55936 7.516785 -5.193997 0.845563 -5.950066 3.512016 -1.385371 4.909386 -4.142955 -2.324356 -4.124988 -0.283571 0.25042 11.53336
-4.257126 -11.55936 7.516785 -3.278899 2.484287 -2.141759 -1.447435 -0.838525 4.548319 -2.961097 3.00423 -2.158594 -1.426815 -0.409873 7.932116
-6.257126 -11.55936 7.516785 -5.408787 -1.40684 -4.031777 0.537012 -2.726576 0.142159 -3.403777 -2.712852 -0.851249 0.837283 0.763011 0.681632
5.742874 -13.55936 7.516785 3.150676 2.618695 3.499553 -3.311323 0.720894 1.100401 3.828683 5.622254 5.30265 -1.522863 0.102397 -3.077652
3.742874 -13.55936 7.516785 3.004576 1.072774 -0.205762 -1.709023 -0.200803 2.818901 2.279036 3.094577 -0.263153 0.551095 -0.71766 -1.669905
-4.257126 -13.55936 7.516785 -6.102628 2.393739 -2.293078 -0.08213 0.817181 5.940376 -6.540452 2.35674 -2.489553 0.856592 0.644747 5.711578
-6.257126 -13.55936 7.516785 -4.215129 -0.295248 -3.591817 1.020791 -0.254299 2.96775 -3.548915 -1.82955 -1.708008 1.47548 -0.149707 2.771038
5.742874 -15.55936 7.516785 3.181286 2.478854 3.791648 -2.932736 1.595886 1.927173 3.115657 2.17966 4.737741 -1.663682 0.102342 -3.943755
3.742874 -15.55936 7.516785 2.770489 1.558526 -1.10466 -0.964351 -1.14572 3.532085 2.305628 2.563282 -3.910465 -0.926452 -3.916535 -1.833145
-4.257126 -15.55936 7.516785 -6.48526 3.482501 -3.904509 1.727728 2.051702 5.909389 -6.700565 0.68138 -2.850124 1.952035 2.523009 2.681226
-6.257126 -15.55936 7.516785 -2.929288 2.650359 -3.140181 2.092888 1.609905 5.556396 -2.961736 0.505832 -1.619069 1.282479 0.46286 4.70223
-8.257126 -15.55936 7.516785 -4.238703 -0.244708 -2.599607 -2.063843 -0.18514 1.871849 -2.38516 -0.463168 -2.129388 -2.160289 -1.421362 2.480983
5.742874 -17.55936 7.516785 1.60564 3.469291 2.106063 -1.054728 -0.335165 1.904915 1.001976 0.685049 2.721389 -2.871234 -0.171039 -3.424286
3.742874 -17.55936 7.516785 0.817461 3.025545 -1.931519 -0.106198 -1.870512 1.914653 1.309747 3.253745 -3.924868 -1.916851 -2.568216 -2.006894
1.742874 -17.55936 7.516785 4.6622 5.006979 -2.551848 1.207022 0.719971 -0.753245 2.286796 5.139711 -6.303618 1.433142 -0.023067 -2.486779
-4.257126 -17.55936 7.516785 -4.978083 1.069788 -4.486776 1.733359 0.237593 5.926874 -4.355202 -1.895098 -2.785089 3.059948 1.036686 2.546057
-6.257126 -17.55936 7.516785 -3.15252 1.944067 -2.836432 1.866736 -0.291242 7.129072 -2.739088 0.249429 -0.940204 0.085559 0.483314 5.37695
-8.257126 -17.55936 7.516785 -2.512876 0.696513 0.140882 -0.424772 0.934059 2.727755 -2.077654 -0.716257 -0.475858 -1.741255 -2.464018 1.537675
5.742874 -19.55936 7.516785 0.57862 3.8408 0.520902 -0.579801 -2.678603 0.503791 -0.647601 2.514738 -0.124124 -4.31505 -0.102393 -3.639239
3.742874 -19.55936 7.516785 0.484435 3.805808 -0.845891 -1.634796 -0.893762 -0.665724 -0.160884 3.24747 -0.561425 -3.760314 1.185158 -2.683473
1.742874 -19.55936 7.516785 2.575306 4.454883 -1.395985 -0.434058 -0.405216 -3.42746 0.001471 2.0312 -0.937016 -2.138541 -0.453558 -4.44798
-4.257126 -19.55936 7.516785 -1.657396 -2.465536 -2.992656 -0.239282 -2.149295 4.220852 -0.918487 -2.027985 -0.717139 3.039423 -1.7254 3.40097
-6.257126 -19.55936 7.516785 -2.855923 -0.650847 -2.899715 -0.460747 -2.455621 4.781899 -1.58086 -0.895806 -0.494835 -1.051878 0.404957 3.602306
5.742874 -21.55936 7.516785 3.14335 3.368728 1.438761 0.231636 -0.915544 -0.785164 1.601517 2.442368 -1.543968 -0.433729 0.622792 -3.166933
3.742874 -21.55936 7.516785 4.240843 2.096841 2.228961 -1.965916 2.42741 -3.580384 2.474231 3.017629 1.845799 -0.415243 2.294194 -2.19914
1.742874 -21.55936 7.516785 3.773091 2.786966 2.66917 0.386755 1.147965 -2.549868 1.355476 0.708458 3.177062 0.089958 -1.117432 -0.826625
-2.257126 -21.55936 7.516785 4.428977 4.530686 -1.035299 3.877769 0.870615 6.089047 3.251095 0.746382 0.921075 4.328895 2.159315 4.673857
-4.257126 -21.55936 7.516785 1.212443 0.676894 -1.143763 -0.977382 -1.235967 2.862125 0.99312 1.306683 1.389697 0.176482 -0.322948 2.434404
-6.257126 -21.55936 7.516785 -0.607219 0.808478 -2.445075 -1.342173 -0.296756 0.402297 -0.108729 0.149762 -0.378873 -0.366223 1.789909 0.197903
5.742874 -23.55936 7.516785 4.653335 1.679608 2.857357 1.705413 0.913827 -1.254503 5.111202 -0.230747 2.081917 3.293946 -0.912883 -3.652122
3.742874 -23.55936 7.516785 5.019773 0.448293 3.050422 0.353552 1.760286 -2.127025 4.694756 0.092077 2.884827 2.861745 -2.055474 -0.549675
-6.257126 -23.55936 7.516785 2.544916 0.330251 -0.708206 -1.000017 3.063877 -0.357571 1.720457 -0.489157 0.408932 0.632973 4.150315 -1.298333
3.742874 -25.55936 7.516785 3.411145 0.210044 2.099241 0.451214 -0.048159 1.355738 5.663051 -0.597415 4.19387 0.657875 -2.006097 0.644911
-4.257126 -1.559364 9.516785 -1.51961 1.158513 -2.022462 -1.188661 -0.794938 2.677982 1.37098 0.558243 -0.498724 -3.338992 2.506173 6.202717
3.742874 -3.559364 9.516785 -1.703118 2.654245 0.697976 -0.131165 0.136141 -3.835285 -1.000852 2.221823 5.37395 3.525855 3.237534 -2.116625
-2.257126 -3.559364 9.516785 -2.349924 -0.175625 -4.738949 -5.245351 -2.186849 -5.723121 0.315287 2.538639 -2.722107 -2.284653 1.762487 -0.81241
-4.257126 -3.559364 9.516785 0.044694 2.239536 -3.372926 -2.776366 -1.343817 -1.223868 1.316111 5.116817 0.346324 -3.307508 3.145142 -0.146514
5.742874 -5.559364 9.516785 -6.753695 -0.166367 -0.439154 -0.77965 -1.498291 -3.002134 -4.072595 2.983445 3.983492 4.962 3.922357 -2.303349
3.742874 -5.559364 9.516785 -3.814578 4.310473 -0.883516 1.055546 -0.526965 -3.73772 -2.902872 6.189804 2.862371 2.214958 1.12762 -3.598335
-4.257126 -5.559364 9.516785 1.491246 -2.943265 -2.859869 -2.866576 -1.840814 -5.348775 2.80884 0.818398 1.109187 -1.849143 4.402078 -4.127604
5.742874 -7.559364 9.516785 -2.735872 3.137462 -0.611962 0.167305 -0.894849 0.163252 -0.033896 7.30446 3.427211 2.47667 -0.174352 1.150756
3.742874 -7.559364 9.516785 -1.307794 4.895269 -1.821948 2.318521 -0.170497 -0.033027 -0.240467 8.177843 -2.440994 -0.835844 1.033883 -0.597902
-4.257126 -7.559364 9.516785 0.907081 -5.211798 -3.517466 -2.301415 -1.708136 -5.466878 3.145688 -2.391668 0.204387 -1.798432 4.358695 -2.887281
-6.257126 -7.559364 9.516785 0.794731 -0.994667 -0.783848 -0.039945 -1.623765 -0.91759 4.564565 0.74198 2.807248 -0.558334 2.499475 -2.065272
5.742874 -9.559364 9.516785 0.428968 3.986152 -1.472646 -0.111272 -0.582787 0.78653 3.616779 8.110007 2.592575 0.990061 -0.565906 6.678792
3.742874 -9.559364 9.516785 1.811748 4.48601 -2.06004 2.317647 0.118576 2.230348 3.099815 9.052177 -1.119939 0.318255 3.679932 3.995365
-4.257126 -9.559364 9.516785 -0.423493 -1.6408 -3.823379 -1.535513 -0.791799 -1.265285 1.449546 -0.09205 -1.629413 -1.167594 3.390188 1.025576
-6.257126 -9.559364 9.516785 -3.137679 -2.918829 -2.427257 0.733342 -1.028362 -0.842232 0.108339 -0.773691 1.418245 -0.879093 3.911606 -0.844831
3.742874 -11.55936 9.516785 3.338202 2.976006 -2.151545 0.909258 0.178143 2.833431 4.189063 7.368869 0.914702 2.460016 3.70923 5.78689
-4.257126 -11.55936 9.516785 -3.795637 1.735649 -3.549605 -0.709746 -0.706917 3.242348 -2.302005 2.835837 -2.610368 1.100137 1.629304 4.312057
-6.257126 -11.55936 9.516785 -4.123312 -2.923367 -3.57851 0.266565 0.257691 0.100618 -2.923882 -1.605393 -1.414012 -0.273546 3.145275 1.316316
3.742874 -13.55936 9.516785 2.234064 0.597783 -1.674333 -1.02355 -0.06773 1.55116 2.542816 3.046016 0.687632 1.999253 1.215246 2.4479
1.742874 -13.55936 9.516785 3.743155 1.148888 -0.786177 0.709434 3.892748 -0.898152 1.786292 3.160466 -5.098599 2.229944 1.552853 -0.997511
-2.257126 -13.55936 9.516785 -8.364389 1.583981 -6.276338 2.000367 -2.78574 -2.159714 -6.432243 0.814171 -5.782799 5.401133 1.127886 1.18601
-4.257126 -13.55936 9.516785 -6.137249 3.117545 -1.858617 0.543457 -1.027801 4.64618 -4.644278 3.37974 -1.334199 1.859277 0.841439 4.252523
3.742874 -15.55936 9.516785 -0.40806 -1.824921 -0.357944 -1.086998 -0.915336 -2.29342 0.182355 -0.582014 1.130441 1.036691 0.62793 -2.381605
1.742874 -15.55936 9.516785 5.614808 -1.564828 2.444265 0.457603 3.101813 -1.20441 4.068268 -0.189903 -2.156218 0.307287 2.077554 -2.279085
-4.257126 -15.55936 9.516785 -6.290746 4.129432 -0.9036 2.200157 -1.188902 2.622366 -5.340265 2.250634 -1.020872 0.223423 0.555554 0.724079
1.742874 -17.55936 9.516785 4.334793 1.106967 0.943219 0.323571 1.039749 -0.874941 3.604413 0.162505 -0.002569 0.146847 3.713989 0.311982
-4.257126 -17.55936 9.516785 -6.022413 3.481591 -2.512245 2.31416 -2.865251 2.209023 -5.514784 1.393976 -3.442844 0.264371 -2.201582 -0.714679
-6.257126 -17.55936 9.516785 -1.126904 2.89114 -2.152079 2.044436 0.349684 2.779427 0.928346 0.76277 -2.426588 -3.291031 -0.391337 0.115459
1.742874 -19.55936 9.516785 1.870876 2.743101 -0.570203 -1.958828 0.158419 -2.772133 1.342455 0.477024 0.896006 -2.791695 3.798206 0.466496
-4.257126 -19.55936 9.516785 -5.474339 1.272092 -3.993842 0.723842 -5.614521 4.130145 -4.352365 0.414371 -4.329575 1.842869 -6.240631 2.259638
-6.257126 -19.55936 9.516785 -1.198047 1.19075 -1.603934 1.060692 -1.832895 2.093342 1.853614 1.596308 -2.189295 -2.724841 -1.878279 0.153653
3.742874 -21.55936 9.516785 -0.130866 0.405261 0.525042 -0.359428 -0.154267 -1.615631 -1.179437 0.715303 0.294698 1.051426 0.986919 2.311918
1.742874 -21.55936 9.516785 0.305946 -0.335688 1.694301 -2.189534 -0.604512 -4.617992 0.446794 -0.941314 2.003342 -0.857248 0.872859 0.740379
-4.257126 -21.55936 9.516785 -4.291138 1.3342 -3.29877 0.300018 -5.139027 3.31047 -1.526211 -0.100827 -1.30483 0.352108 -4.178182 4.044093
-6.257126 -21.55936 9.516785 -0.222511 -0.276524 -0.517205 -2.647922 -0.262698 -0.526565 3.258983 -0.137021 0.087415 -2.898267 0.837859 0.715246
-8.257126 -21.55936 9.516785 2.10757 0.936703 -0.436358 -1.611984 1.103429 -1.513644 4.181686 -0.268563 -0.479291 -1.120071 0.976996 -2.430017
3.742874 -23.55936 9.516785 2.913872 -0.730611 2.943954 -0.568308 0.168685 -3.220379 3.302149 -1.368165 -0.239421 3.769237 -0.388568 0.977188
1.742874 -23.55936 9.516785 1.570424 -1.081643 2.077744 -0.384885 -1.44045 -1.822278 3.478772 -2.548924 2.505344 0.634173 -0.700715 2.107441
-6.257126 -23.55936 9.516785 0.451927 0.925189 1.321104 -2.707703 1.797787 0.536892 2.091511 0.01235 1.443571 -1.358099 4.593109 -0.308848
3.742874 -25.55936 9.516785 4.461655 -1.993613 3.912131 0.084094 0.336951 -0.208079 6.977356 -1.588374 3.973044 3.766724 1.700756 0.310376
-4.257126 -3.559364 11.51678 -2.228649 0.54026 -3.205512 -0.821456 -3.826473 -3.375463 -1.134408 1.890675 0.749545 1.168617 0.537837 -2.429916
5.742874 -5.559364 11.51678 1.648616 -1.461556 -0.569826 0.654306 -0.778488 -2.520971 0.785911 0.551579 -0.213003 1.894298 -3.096401 -3.435303
3.742874 -5.559364 11.51678 -2.740906 -1.680703 -4.56427 1.094697 -0.419318 2.004927 -2.535421 -1.125695 -2.981654 1.405084 -0.321983 1.66899
-2.257126 -5.559364 11.51678 -4.680362 -2.2825 -5.70042 -1.284012 -2.39343 -4.470939 -3.045814 1.914688 -1.167307 3.685663 -2.139972 -4.82534
-4.257126 -5.559364 11.51678 -3.263634 -2.323581 -2.941115 0.603384 -4.54594 -2.842249 -1.953386 -1.682209 0.511028 2.276688 -0.174659 -1.873378
-6.257126 -5.559364 11.51678 0.607924 0.64788 0.120707 2.092803 -0.18885 0.389707 0.076676 -1.139802 0.791908 0.161238 -0.385047 1.617265
7.742874 -7.559364 11.51678 2.113917 -2.011056 -3.583191 -0.105876 -2.051743 -0.946102 5.310909 0.136899 -2.543148 2.650928 -0.157087 0.225303
5.742874 -7.559364 11.51678 4.64116 -0.207793 -1.46367 0.468823 -0.421273 1.914665 5.482873 2.608537 -2.21492 1.657952 -1.854414 2.343043
3.742874 -7.559364 11.51678 -0.221933 1.259339 -4.604655 1.938138 1.477912 5.06848 -0.332311 2.162814 -6.222013 -1.063046 1.626263 6.627372
-2.257126 -7.559364 11.51678 0.16018 -1.957314 -1.816066 -0.392142 1.538113 -2.734821 -0.525442 0.867717 2.206702 6.012534 1.782733 -1.782646
-4.257126 -7.559364 11.51678 0.293087 -4.135993 -0.106042 -0.01373 -3.489276 -1.846896 1.994136 -4.907859 2.796165 1.23483 1.280232 0.184018
-6.257126 -7.559364 11.51678 -2.105818 -1.123538 1.698642 1.070406 -2.226557 0.388524 0.476824 0.278053 3.040427 -0.245163 1.030763 1.092545
7.742874 -9.559364 11.51678 3.532541 -0.608426 -3.184877 -0.344407 -2.640799 0.97385 7.087247 3.513623 -2.372388 3.496871 -2.188047 4.657045
5.742874 -9.559364 11.51678 5.874199 2.975512 -0.048877 1.119269 -0.192479 4.627719 7.595649 4.624496 -1.174093 0.699481 -3.333896 5.921533
3.742874 -9.559364 11.51678 2.697726 2.748195 -3.512595 1.905535 0.279673 7.07101 2.581745 3.492299 -5.112554 -1.156501 1.234662 10.14821
-4.257126 -9.559364 11.51678 3.263988 -2.454674 0.27292 -1.561068 -1.183465 0.452898 3.30634 -4.3915 2.327295 0.935907 3.340423 1.290016
-6.257126 -9.559364 11.51678 -4.584159 -1.050892 1.159508 0.007033 -2.741164 1.772539 -1.817438 1.853814 4.159287 -0.416728 2.554237 1.74715
-8.257126 -9.559364 11.51678 -3.945927 -2.321467 0.80407 2.829808 -5.085056 0.966751 -3.562088 -4.017879 0.067636 -0.142919 -1.707627 -3.796506
7.742874 -11.55936 11.51678 0.367835 0.869763 -2.602208 -0.462589 -4.272594 1.792644 2.957986 5.950157 -1.376264 1.676178 -5.014288 5.485722
5.742874 -11.55936 11.51678 2.354281 4.186403 0.190228 1.243005 -2.693895 4.450418 3.370819 5.062443 0.193801 -0.711855 -6.050483 5.390032
3.742874 -11.55936 11.51678 3.322286 2.238049 -2.368341 1.283483 -2.689441 6.270198 2.307395 2.470162 -1.858254 0.654464 -1.630058 8.842607
-4.257126 -11.55936 11.51678 -0.798795 1.570605 -4.109783 -0.959011 -1.544541 1.87582 -2.000319 -1.217104 -2.505568 3.269543 0.495911 0.647771
-6.257126 -11.55936 11.51678 -3.322057 -0.145595 -1.535543 -0.418796 -2.362676 2.969316 -4.400922 0.717059 0.02173 0.791721 -1.450072 3.695373
-8.257126 -11.55936 11.51678 -1.031884 -3.536613 0.812474 1.266075 -4.890619 2.928331 -2.991773 -5.623279 -0.324205 -2.600396 -3.444504 1.01562
7.742874 -13.55936 11.51678 -1.7892 2.57159 -3.07819 -0.37487 -3.569039 0.433688 1.058284 5.73958 -0.287022 -0.51586 -2.921481 2.679027
5.742874 -13.55936 11.51678 -2.39139 2.996388 -2.017699 0.385441 -6.057803 2.607477 -0.309192 4.937793 0.104893 -1.329232 -4.637967 2.682776
3.742874 -13.55936 11.51678 0.952336 1.170365 -0.894123 1.204429 -4.310114 2.798976 -0.012339 1.041221 0.236471 1.697336 -4.384177 3.041209
-4.257126 -13.55936 11.51678 -3.992561 3.408147 -3.487245 1.570558 -2.82204 1.596028 -5.104306 1.067534 -3.470304 4.364807 -2.993839 -0.928403
-6.257126 -13.55936 11.51678 -1.038064 0.97876 -2.275845 0.173373 -0.954086 3.324704 -2.962026 -0.806491 -1.273135 1.39668 -4.224013 4.568391
-8.257126 -13.55936 11.51678 1.327341 -1.583844 0.845303 -0.675857 -0.270613 4.487421 -0.314713 -3.034778 0.758169 -3.758402 -0.67171 6.248446
7.742874 -15.55936 11.51678 -0.661976 3.38899 -2.413151 -0.489803 -1.830279 -0.811817 4.12393 3.982098 0.423016 1.069845 0.438623 1.755662
5.742874 -15.55936 11.51678 -1.753837 1.610498 -2.095453 -0.230133 -3.663862 0.38918 2.964059 4.130412 1.352712 -2.039403 1.393692 1.485522
3.742874 -15.55936 11.51678 -0.81989 0.205998 1.977079 0.728437 -2.692213 -2.226108 1.112407 0.762729 3.502111 1.277242 -1.305445 -1.657327
1.742874 -15.55936 11.51678 1.103467 -0.871038 3.984005 3.199212 2.432668 0.926271 0.316527 -1.507844 0.527236 2.192275 2.888552 0.201247
-4.257126 -15.55936 11.51678 -1.622849 1.584316 2.217661 3.175684 -1.163734 0.964956 -2.632756 0.499336 0.786574 0.949736 -1.778757 -1.956592
-6.257126 -15.55936 11.51678 -0.117157 1.383898 0.547401 1.294802 0.870919 3.072514 0.142353 -0.598503 1.906122 -0.67875 -2.966912 3.019433
-8.257126 -15.55936 11.51678 -0.570199 2.042397 0.845974 -1.448295 3.018651 4.63783 0.964943 2.400594 2.471876 -3.042953 2.148844 7.302078
7.742874 -17.55936 11.51678 0.770545 2.909557 -0.566714 0.711102 -3.288177 -0.778911 5.969274 2.644297 1.084031 4.145467 -2.288203 1.931944
5.742874 -17.55936 11.51678 2.110202 0.086941 -0.827492 1.064162 -1.824804 -2.408243 5.222492 1.559245 1.409355 -1.053583 0.0948 0.049697
3.742874 -17.55936 11.51678 0.596519 -1.075886 1.781844 1.144185 -0.47051 -4.914051 1.984954 0.316911 3.625205 1.376245 1.223208 -1.89111
1.742874 -17.55936 11.51678 1.412482 2.352058 2.018327 0.420455 1.164873 1.769467 1.802008 0.983216 -0.24024 0.053062 3.779805 5.53455
-4.257126 -17.55936 11.51678 0.588547 1.308961 3.643518 2.503213 1.583013 2.817024 0.11728 1.953822 3.604959 -1.336956 1.196925 0.853324
-6.257126 -17.55936 11.51678 -1.435788 0.758604 3.309797 2.241632 1.183285 1.826197 -0.044877 0.589627 3.997332 -2.231861 -0.972932 0.464511
-8.257126 -17.55936 11.51678 -3.880965 1.953583 0.683536 -0.161209 1.414888 1.848814 -0.659022 4.096981 2.783229 -1.912792 0.948929 2.56969
1.742874 -19.55936 11.51678 1.426591 3.21178 -0.492131 -1.667094 -0.387311 3.433042 0.785751 1.883133 -1.919312 -1.370307 2.385468 7.249103
-4.257126 -19.55936 11.51678 -0.857196 2.244998 1.902743 1.44793 -0.734277 6.043831 -0.770167 3.119065 2.956686 -0.657282 -2.795099 4.808357
-6.257126 -19.55936 11.51678 -2.805453 0.640087 3.133032 2.443868 -2.269196 1.701904 -1.69544 2.182906 2.607521 -1.041963 -3.009603 0.410863
-8.257126 -19.55936 11.51678 -2.667492 -0.717478 0.306468 0.9472 -0.596899 -1.974959 -0.421064 2.190235 1.588876 -1.207522 0.574464 -2.094287
3.742874 -21.55936 11.51678 -1.21151 0.987317 -0.152703 1.258663 -2.780822 1.349147 -1.415174 0.485345 -2.232838 1.359226 -2.254659 2.135132
1.742874 -21.55936 11.51678 0.045285 1.05191 -0.265464 -3.160357 -2.679471 1.22205 -0.647185 2.142256 -1.760173 -2.857359 -0.785685 3.422045
5.742874 -23.55936 11.51678 0.061738 -0.567077 -1.073334 -0.102446 -2.397914 -2.288696 0.830596 -0.641799 -2.492323 3.060307 -0.886152 -1.531434
3.742874 -23.55936 11.51678 -0.626203 -1.1062 0.305323 -0.401292 -2.224884 0.499765 -0.699483 -1.941036 -2.814867 2.099367 -1.579938 1.69695
1.742874 -23.55936 11.51678 -0.244992 -0.528649 -0.445275 -0.327976 -3.70933 1.185172 1.025983 -1.398528 0.060382 -1.289165 -1.659847 2.876893
3.742874 -25.55936 11.51678 0.95372 -0.015202 2.405676 1.749056 -0.59863 1.546321 3.308351 -1.7046 1.953148 2.192034 2.249774 1.200132
-2.257126 -7.559364 13.51678 -2.682435 -1.328474 -1.767547 -0.113985 1.821854 -2.339361 -1.262731 1.942111 -1.739538 4.640924 -2.047058 -1.547497
-4.257126 -7.559364 13.51678 -0.273248 1.981536 1.663943 1.920988 -0.042363 3.352262 0.537942 -1.423667 2.680098 1.894154 0.943866 4.246817
5.742874 -9.559364 13.51678 3.301067 3.413056 1.426288 -0.117305 -1.859518 1.776291 5.950585 5.907768 1.567811 1.047229 -1.57046 -0.46385
-2.257126 -9.559364 13.51678 0.458161 2.312464 -0.27345 1.395907 2.705975 -1.693931 -0.989285 2.328209 0.672414 4.146029 0.02297 -2.234496
-4.257126 -9.559364 13.51678 2.779058 0.231693 3.404552 -1.282946 0.583668 2.610996 4.559968 -3.643636 5.013954 0.754863 3.64108 4.303734
-6.257126 -9.559364 13.51678 -3.093734 1.100586 0.361103 -0.596099 0.641531 2.297104 -0.912131 1.812361 2.894962 -1.114936 4.960909 4.179752
7.742874 -11.55936 13.51678 -1.465887 1.966118 -1.468154 0.706088 -3.362194 1.383233 0.155247 5.822442 -2.663295 2.188917 -1.76627 -1.172771
5.742874 -11.55936 13.51678 -1.243861 3.788524 1.042696 2.678446 -2.895524 1.540549 -1.226313 3.333875 -1.117266 0.850431 -2.72818 -2.284522
-2.257126 -11.55936 13.51678 2.113152 3.453885 -0.744348 0.946651 0.031077 -4.603313 1.112702 1.679418 0.468332 3.05945 0.522261 -5.346038
-4.257126 -11.55936 13.51678 2.022504 -0.297822 -0.784307 -3.657818 -0.03486 -0.975055 3.679284 -2.734288 0.902354 -0.199359 3.472795 0.028991
-6.257126 -11.55936 13.51678 -5.583109 0.855483 -3.085265 -1.055882 -2.504483 3.434544 -4.741877 1.143744 -1.713077 0.929214 -0.02172 4.186831
-8.257126 -11.55936 13.51678 -4.114276 0.557215 -2.94522 0.266522 -3.726097 3.611207 -3.034356 -0.912083 -3.851468 -0.874541 -1.570064 3.175826
7.742874 -13.55936 13.51678 -0.575061 2.201123 -4.24464 0.232106 -4.188765 -0.027873 3.257755 3.329775 -2.133341 -0.055198 -1.317127 0.531308
5.742874 -13.55936 13.51678 -1.792376 0.334481 -1.94953 1.345401 -4.592998 -0.940633 0.591838 -0.085793 -1.270154 -0.117244 -0.974375 -2.928864
3.742874 -13.55936 13.51678 -2.777743 1.233844 -1.27283 3.449755 -3.439157 4.029874 -2.733251 0.61414 -1.434286 2.538753 -0.456435 -0.668425
-4.257126 -13.55936 13.51678 -1.818587 0.376985 -3.784821 -1.269795 -2.328216 -2.745447 -1.144621 -0.97003 -2.137736 -0.007622 -1.482774 -3.068856
-6.257126 -13.55936 13.51678 -4.213349 0.336969 -3.719674 -0.015648 -3.926111 2.780481 -4.875348 0.188492 -3.741215 1.936106 -4.794395 2.006072
-8.257126 -13.55936 13.51678 -2.306504 -1.918914 -2.350698 -1.75122 -2.832146 4.330965 -1.24469 -2.414444 -1.650014 -1.620468 -1.687631 5.212824
-10.25713 -13.55936 13.51678 2.070525 -0.923466 -0.884938 -0.78424 -0.349656 1.703181 3.663184 -1.758666 -0.864968 -2.448474 1.035861 0.800516
7.742874 -15.55936 13.51678 4.244915 3.769963 -1.49901 -1.012118 -3.163158 0.481959 7.52802 2.985278 0.395977 1.299504 -2.885761 2.871827
5.742874 -15.55936 13.51678 2.20735 -0.83495 -0.08501 -1.239301 -3.233794 -0.189169 6.05657 -0.799761 3.125726 -2.066632 0.016922 -1.247609
3.742874 -15.55936 13.51678 -0.170717 2.275233 1.892181 1.348464 -3.928407 3.032741 1.876997 2.258134 2.473109 0.964852 -3.05564 0.249408
-4.257126 -15.55936 13.51678 -0.179958 -2.670921 1.157207 1.258624 -0.141174 -0.947474 -0.549218 -1.73823 2.949837 -1.332282 -1.147936 -3.595304
-8.257126 -15.55936 13.51678 -1.719112 -0.6241 -1.024996 -1.447903 -0.690948 2.717712 1.366299 0.898514 1.515677 -1.308802 0.530573 3.222858
-10.25713 -15.55936 13.51678 -0.168092 -0.896056 -0.923242 -0.879417 -0.827324 1.956612 2.040207 -0.392389 0.631276 -1.81713 1.372986 0.547446
7.742874 -17.55936 13.51678 4.45225 2.42147 -0.401138 -2.267998 -3.091489 0.415901 5.882609 3.484062 -0.718464 2.932238 -4.531917 3.130666
5.742874 -17.55936 13.51678 3.59677 -0.658124 -0.985835 -0.903963 -2.037344 0.484142 5.52297 -1.126555 1.005644 -0.834912 -1.317305 0.043328
3.742874 -17.55936 13.51678 1.282147 1.482524 0.206149 0.055547 -2.911879 1.617363 2.539896 2.28296 0.416309 1.089376 -4.495505 2.235557
-6.257126 -17.55936 13.51678 3.169755 -0.291815 3.612943 1.221099 3.044695 3.279659 4.13101 0.910562 3.718393 1.476911 -0.209305 0.538529
-8.257126 -17.55936 13.51678 -1.693935 1.827701 -0.496414 0.689391 -1.758878 1.70668 2.636684 4.838502 1.838146 0.519564 -1.619389 1.293294
-10.25713 -17.55936 13.51678 -2.980649 0.693496 -2.612193 0.970141 -2.761051 2.027168 -0.714965 0.688479 0.632804 -0.857784 -0.627986 -1.26859
7.742874 -19.55936 13.51678 4.845945 0.887003 -1.476401 -0.148992 -1.941989 0.528461 6.585271 2.532684 -1.218163 2.298337 -1.680623 1.667893
5.742874 -19.55936 13.51678 4.564607 0.15284 -2.674316 1.565278 -2.080945 -0.559543 4.060079 0.106345 -3.359599 2.425907 -2.247975 -0.751778
3.742874 -19.55936 13.51678 1.201614 0.561293 -1.78953 1.800139 -2.668418 0.850154 -0.068583 -0.150347 -2.148095 2.935303 -4.5058 1.379141
1.742874 -19.55936 13.51678 1.092393 3.184778 -1.371148 -0.277873 -0.083337 3.674122 -2.24156 0.372456 -4.167413 0.727914 -2.083658 6.214037
-6.257126 -19.55936 13.51678 0.602251 -1.064097 -0.512857 0.114853 -0.499468 1.642292 2.7217 1.575535 0.482639 1.289141 -1.06582 0.893484
-8.257126 -19.55936 13.51678 -0.305915 0.790809 -1.14883 -0.017581 -3.99133 0.311652 4.780114 5.826931 1.194013 1.122521 -1.865974 3.944128
-10.25713 -19.55936 13.51678 -1.966825 1.644026 -2.282403 0.191423 -3.344389 0.753577 1.129453 3.083172 2.730758 -0.363251 -0.456875 1.998482
5.742874 -21.55936 13.51678 3.65008 1.048948 -1.233405 -0.122874 -1.511739 0.314741 3.305191 2.377022 -2.41094 1.20978 0.742662 1.608044
3.742874 -21.55936 13.51678 0.006735 1.67696 -0.987937 0.480278 -2.849201 1.114388 -1.656349 0.954519 -1.427966 1.479 -2.255427 2.798122
1.742874 -21.55936 13.51678 2.338773 4.148008 0.173316 0.367848 0.189975 3.306276 -0.396729 1.2146 -3.379201 -0.423489 -1.135598 3.489122
-6.257126 -21.55936 13.51678 -2.041326 0.46309 -3.572617 -0.188731 -1.864104 0.505266 -0.277217 3.093659 -1.952746 0.562627 0.212237 1.632624
-8.257126 -21.55936 13.51678 -0.000541 0.341078 -1.791688 -0.992479 -3.438514 -0.340619 3.840903 4.144815 -0.327807 0.626955 0.476889 5.33925
-10.25713 -21.55936 13.51678 -1.01393 0.209691 -1.830141 -1.166057 -4.851382 -0.252587 2.313425 2.806613 2.676716 0.147877 -1.843262 4.216175
3.742874 -23.55936 13.51678 -0.60543 1.162385 -0.809728 0.262706 -2.506402 0.411103 -1.275644 1.040591 -0.609847 0.549165 -0.189657 1.153614
-2.257126 -9.559364 15.51678 -3.756325 -2.380595 -1.690075 0.65466 0.745177 -2.77985 -0.540674 1.847966 0.1585 0.566388 1.103293 -0.016462
-4.257126 -9.559364 15.51678 0.173891 -3.154649 1.305012 -2.281574 0.2758 -0.457143 3.530293 -3.333802 0.694489 -1.57135 1.166112 4.311952
3.742874 -11.55936 15.51678 -3.888499 6.199866 -4.0929 4.474732 -0.982834 5.400694 -2.535338 6.01804 -2.365424 1.101968 -0.251717 4.925345
1.742874 -11.55936 15.51678 -2.083536 2.839874 -1.672911 1.541437 -0.371919 1.652232 -2.06237 3.545493 -1.155538 -0.131759 -3.194161 5.217954
-2.257126 -11.55936 15.51678 -0.519914 -2.850025 -2.337663 -0.775896 0.168702 -7.593269 2.800395 0.891099 1.930343 4.564487 1.243829 -0.834735
-4.257126 -11.55936 15.51678 1.661454 -4.599066 -0.784834 -5.016027 1.131696 -4.914227 6.651083 -2.969554 1.055374 -1.496114 3.131869 1.481338
3.742874 -13.55936 15.51678 -1.336174 3.058475 -1.579425 3.00267 -0.171378 3.995817 0.278503 4.174676 -2.414565 2.417523 -1.255516 4.528426
1.742874 -13.55936 15.51678 -0.48954 0.727123 -0.065383 1.312272 1.819046 2.299293 0.260752 3.644711 -2.582392 3.128583 -3.720824 8.01963
-2.257126 -13.55936 15.51678 1.396282 -2.499759 -2.054276 -2.997581 -1.215006 -6.935572 3.603458 -0.72372 0.860435 3.949407 -1.428976 1.71116
-4.257126 -13.55936 15.51678 1.716697 -1.575564 -2.065103 -3.145857 0.505402 -3.93165 4.851225 -1.062289 0.504492 -2.365839 3.018488 -1.095584
-6.257126 -13.55936 15.51678 -0.345519 -0.154801 -1.593622 0.61547 0.555924 0.724681 0.894523 0.031591 -3.152789 0.79511 -0.95399 0.321492
5.742874 -15.55936 15.51678 -0.111736 0.406549 0.665367 -0.181822 -1.850862 2.461107 2.960629 -0.887571 1.801961 -0.712331 -1.871529 -0.614363
3.742874 -15.55936 15.51678 -1.075432 -0.303286 -1.135436 0.132017 -4.54324 3.510425 0.941816 -0.815988 0.170903 0.455357 -5.799042 1.171981
1.742874 -15.55936 15.51678 -0.08672 -0.248837 0.145472 1.400805 -0.378191 2.459896 2.141944 0.245527 1.142031 2.154448 -2.482136 3.482234
-2.257126 -15.55936 15.51678 -1.313681 -1.901283 0.198688 -1.492057 -0.054693 -1.321575 -1.024028 -0.0361 3.194736 1.061358 -0.831893 -1.041543
-4.257126 -15.55936 15.51678 -0.821924 0.298939 -1.245601 1.269679 -0.914394 0.165084 0.771375 0.469388 1.441635 -1.99313 -0.269809 -2.623008
-6.257126 -15.55936 15.51678 3.176051 1.309944 1.693538 1.125237 0.598774 2.12938 3.820141 1.171444 1.296699 -0.761635 -1.888954 -0.202477
-8.257126 -15.55936 15.51678 2.582085 -0.689978 1.533995 -0.91387 1.3968 -0.231422 3.370587 0.507636 0.6185 -0.339735 0.17558 0.7329
-10.25713 -15.55936 15.51678 0.611328 -2.755819 -0.109319 0.713785 0.540366 -0.638914 0.759606 -1.528042 0.056324 0.585408 -2.020355 -0.046821
7.742874 -17.55936 15.51678 5.706671 0.640824 0.883105 -2.283669 0.282302 -0.439203 6.090125 2.325802 -0.13895 1.005119 1.182221 1.391011
5.742874 -17.55936 15.51678 1.884674 0.826614 0.653159 0.012487 -0.917271 3.169479 4.274791 -0.077983 0.281761 1.690701 2.535324 1.204634
3.742874 -17.55936 15.51678 -2.013366 -0.733432 -2.702163 -1.669346 -5.075654 2.362256 0.451822 -0.396394 -0.409842 1.297193 -1.71298 2.916519
1.742874 -17.55936 15.51678 -1.73345 -2.185982 -1.603528 -0.820851 -0.949681 -0.24998 -0.203597 -1.581009 1.933613 2.455336 1.454008 3.55899
-4.257126 -17.55936 15.51678 0.375151 -1.220273 1.739017 2.123336 2.900114 1.38374 2.116262 -0.315113 3.473775 0.051497 3.138806 -2.986099
-6.257126 -17.55936 15.51678 4.242127 1.1879 2.370868 1.183774 2.483931 3.524359 4.604003 1.106686 1.740305 -0.044662 0.118976 2.430954
-8.257126 -17.55936 15.51678 1.672054 1.933277 1.201676 0.587917 1.494456 2.265733 2.057218 2.536575 0.258051 -0.681819 -1.882307 1.592433
-10.25713 -17.55936 15.51678 -1.077059 -0.679299 -2.436196 0.573764 1.447587 0.376544 -1.078472 -1.5869 -0.390597 -0.037907 -2.610509 -0.197815
-12.25713 -17.55936 15.51678 -1.281758 -3.68372 -2.47373 -1.504921 0.289093 -2.529734 -0.584818 -1.829309 -1.280824 0.728496 -0.772756 -2.189886
9.742874 -19.55936 15.51678 1.527067 -2.35218 -2.457286 -1.197378 1.594355 0.465597 4.24066 0.132103 -2.566345 0.621347 2.981229 2.82245
7.742874 -19.55936 15.51678 4.267146 -0.26169 -0.831453 -1.930314 1.195627 -1.187554 6.120627 0.918018 -1.435136 -0.171394 3.570886 1.23351
3.742874 -19.55936 15.51678 -1.810272 0.265987 -3.22546 -1.436147 -2.349529 -0.39498 -1.63079 -0.090984 -1.51863 1.025054 1.744601 2.218755
-4.257126 -19.55936 15.51678 -0.832547 -0.969769 0.868942 0.13405 2.110315 -1.233203 0.31301 -1.085776 1.997769 0.358343 2.333378 -0.810039
-6.257126 -19.55936 15.51678 1.563547 -0.88961 -0.932402 -1.42917 0.932674 0.071543 2.630309 -0.104322 -1.214517 0.344452 1.831442 1.979733
-8.257126 -19.55936 15.51678 0.463343 0.66377 -1.630674 -1.217707 0.737668 2.817212 2.290645 2.17954 -1.631643 -1.74037 -0.01277 3.748949
-10.25713 -19.55936 15.51678 -0.289241 1.988047 -3.642603 0.288269 2.004248 1.157095 1.000228 1.819588 -1.656807 -0.81655 -1.073637 2.245389
9.742874 -21.55936 15.51678 1.850183 -0.608771 -1.45874 0.497624 0.903372 2.199943 3.007132 0.195629 -2.916986 -0.640442 3.023442 3.430868
7.742874 -21.55936 15.51678 4.393145 -0.939296 -1.463793 -0.013352 1.607473 0.671153 6.668574 0.838205 -2.488695 0.664358 4.262295 1.376232
-4.257126 -21.55936 15.51678 -0.788393 0.786304 -1.920129 -1.04997 -2.032712 -0.885865 2.572793 1.737855 0.01171 -0.108524 0.459311 2.901493
-6.257126 -21.55936 15.51678 -1.334883 -0.704985 -3.324982 -2.299793 -1.695387 -1.39212 1.591053 0.818551 -1.342161 0.520784 0.92799 1.9787
-8.257126 -21.55936 15.51678 -0.62737 1.054468 -3.474508 -0.630319 -0.590769 1.335367 2.276133 1.825593 -2.747195 0.28989 0.483158 2.974891
-10.25713 -21.55936 15.51678 0.200007 2.329919 -2.955874 0.92547 -0.570426 2.153028 2.658769 3.432689 -2.721733 1.304639 -0.612323 2.359812
-6.257126 -23.55936 15.51678 1.22082 -0.624936 -1.995866 -1.366072 -0.524444 -2.263425 3.885316 0.226609 -0.170298 1.020472 1.407079 -0.291534
-8.257126 -23.55936 15.51678 -0.593087 2.195713 -3.238291 0.397518 -1.113484 -0.605659 2.598053 2.0606 -1.601744 2.474955 1.325301 -0.854003
-10.25713 -23.55936 15.51678 1.006049 2.953402 -3.036853 0.777478 -1.864287 2.828755 4.588271 5.029982 -1.483036 2.538324 0.744001 2.559984
-4.257126 -9.559364 17.51678 1.179664 -2.953285 1.299478 -0.69643 -0.928313 -0.055858 3.705687 -1.516421 -1.373692 -2.308051 -2.481164 4.811927
-4.257126 -11.55936 17.51678 -0.546115 -2.319213 -1.113574 -2.017686 -3.23337 -2.137855 2.762556 -0.840322 0.506679 -1.86174 -3.349782 3.620941
-6.257126 -11.55936 17.51678 -1.543642 -2.31001 -1.405209 1.222965 -1.231779 -0.968044 -0.090702 -1.969407 -3.951226 2.171996 -2.269805 2.070045
3.742874 -13.55936 17.51678 0.830086 -0.057421 0.249623 -1.772547 0.370512 -1.832384 1.329824 2.587267 -1.445478 -2.858666 -3.208162 1.597327
1.742874 -13.55936 17.51678 -0.963937 -0.818479 -0.340675 -1.476914 0.959222 -3.113101 -1.043632 4.890899 -2.451781 -0.167379 -3.756297 4.965705
-2.257126 -13.55936 17.51678 -3.791198 -0.903419 -2.752407 -1.209405 -1.82578 -3.811359 -0.910555 0.880583 -0.390858 0.742934 -2.007543 3.270324
-4.257126 -13.55936 17.51678 -0.346179 -2.72336 0.262627 -1.987021 -2.849788 -1.81918 2.013422 -2.644821 3.253746 -3.922594 -3.272654 1.163615
3.742874 -15.55936 17.51678 -3.092051 -1.262102 -1.970308 -2.516385 -4.324487 -1.061272 -0.965119 -0.374717 -1.145923 -2.91412 -4.995546 -1.228131
1.742874 -15.55936 17.51678 -3.715793 -1.098056 -1.649948 -0.869475 -0.02651 -3.096842 -4.685659 2.321262 -0.970084 -1.059698 0.5233 -0.451674
-2.257126 -15.55936 17.51678 -7.26993 1.131665 -5.442614 2.177992 -3.886525 -0.723042 -5.149117 1.55661 -2.819379 -0.270621 -1.460421 0.311928
-4.257126 -15.55936 17.51678 -2.108829 -0.709049 -0.083429 1.298058 -3.785254 -0.033282 0.03062 -0.89853 2.156705 -2.132675 -5.435964 0.96617
5.742874 -17.55936 17.51678 -1.292688 0.637968 -0.23739 0.837296 -1.023479 1.005722 1.65387 0.34678 0.544759 0.427283 1.923934 1.706198
3.742874 -17.55936 17.51678 -1.200204 1.328696 -0.744567 -0.301348 -5.159898 0.242079 1.063023 0.968616 0.00605 -0.868613 -3.215515 1.882213
1.742874 -17.55936 17.51678 -3.21332 -2.862771 -0.290432 0.128357 -1.464703 -1.282652 -2.639987 -1.073519 0.196249 1.605438 0.254953 1.523921
-2.257126 -17.55936 17.51678 -4.607915 -0.788502 -1.90808 2.25663 -1.623875 0.767406 -1.861797 2.734619 0.366498 0.604283 1.925802 1.442758
-4.257126 -17.55936 17.51678 -0.554017 -0.646051 1.704737 2.848674 0.799968 -0.466704 0.771922 0.17764 3.12354 1.116581 -0.274714 1.18938
9.742874 -19.55936 17.51678 0.001304 -4.172517 -1.780433 -0.477351 0.64841 -3.749894 1.460813 -2.78743 -1.612496 0.791115 0.895592 1.152551
7.742874 -19.55936 17.51678 0.499493 -3.068874 -1.440331 -0.551156 0.048159 -2.181255 2.321336 -2.798368 -0.699294 -0.834449 1.915564 2.000968
5.742874 -19.55936 17.51678 0.10865 -0.057231 -1.756414 0.516102 1.758175 -1.095397 1.017474 -0.203049 -3.92815 0.393067 2.173748 1.870874
3.742874 -19.55936 17.51678 -1.478999 0.570106 -2.213988 0.222172 -2.059777 -2.382853 -0.550536 -0.01796 -1.488555 0.034153 -0.793597 1.995523
-2.257126 -19.55936 17.51678 -0.49848 -1.572418 2.437504 -0.095001 2.220451 -2.631585 2.094118 2.425843 3.176325 0.530336 3.44702 0.49489
-4.257126 -19.55936 17.51678 -0.236791 -2.101554 1.735842 0.607666 5.078976 -3.302304 -0.23841 -1.653126 2.530213 0.419476 5.108396 -0.534587
9.742874 -21.55936 17.51678 0.648034 -3.107168 -1.906391 -0.37881 0.634642 -2.37137 2.983656 -1.72224 -1.083946 0.927431 2.33731 2.253739
5.742874 -21.55936 17.51678 3.616014 -0.702496 -0.016607 0.469211 1.821278 0.727162 3.6861 -0.376621 -1.788674 1.579565 0.259355 1.081365
3.742874 -21.55936 17.51678 -0.679445 -0.046975 -0.657646 -0.741379 1.825723 -2.226781 -0.016183 0.683705 0.848161 1.297727 2.147502 -0.618903
-4.257126 -21.55936 17.51678 -1.260086 -0.43075 -1.673218 -0.474593 2.082822 -1.128293 0.905337 0.032743 0.146108 -0.574204 3.017012 -0.076276
-6.257126 -21.55936 17.51678 -0.284836 -1.025667 -0.204012 -1.879819 0.128424 -0.222788 2.020442 -0.8691 1.438815 0.114319 1.328571 2.565093
-10.25713 -21.55936 17.51678 0.678274 0.202639 -1.494748 -0.57425 1.542266 0.851784 3.431826 2.5636 -1.401238 0.569526 1.332047 2.124276
-4.257126 -23.55936 17.51678 0.930318 0.42663 -1.163903 -0.208715 -1.430101 0.036154 3.40431 0.641462 0.850393 0.029682 0.210448 -0.473064
-10.25713 -23.55936 17.51678 -0.540434 0.821447 -2.796323 -0.134449 -0.927552 0.582621 2.833052 2.394065 -0.660831 1.957739 0.258428 0.419502
-6.257126 -25.55936 17.51678 1.078748 0.658684 -1.58684 0.170194 -1.781953 -1.149891 2.432179 -0.088778 -1.146423 0.553165 1.311195 0.487223
-8.257126 -25.55936 17.51678 -0.91363 0.412885 -1.884049 -1.377609 -1.108291 -0.193335 1.070551 1.713014 -1.373851 0.4849 1.746146 -0.135994
-10.25713 -25.55936 17.51678 -0.633842 -1.410246 -1.693351 -1.84819 0.301853 -0.162398 2.314394 0.111198 0.148995 2.216542 1.669422 0.113682
-6.257126 -27.55936 17.51678 0.488295 0.721254 -0.862584 -0.829146 -0.737818 0.242199 2.934912 -0.468944 -1.603572 -2.028145 1.566825 2.085061
-8.257126 -27.55936 17.51678 -0.73434 0.045307 -1.874786 -1.16019 -0.562446 -0.41902 1.400592 1.310245 -1.705578 -0.609775 1.30985 0.682809
-4.257126 -11.55936 19.51678 -1.518285 1.868888 -0.342264 0.776409 -3.438873 -0.36308 -0.846986 2.55519 0.835956 -0.823754 -0.156654 1.131798
-4.257126 -13.55936 19.51678 0.222156 -2.071887 0.993183 0.093722 -1.030391 -0.779388 0.427747 -3.234114 0.804781 -2.692149 -0.401879 0.094056
-6.257126 -13.55936 19.51678 0.55324 -1.35358 0.465065 0.300685 1.506634 -0.11482 -0.625229 -1.455036 -0.899834 -0.498165 -1.272425 1.255664
-4.257126 -15.55936 19.51678 -1.35363 -2.098537 -0.831091 1.583882 -1.505927 0.197851 -1.375001 -2.488908 -2.209268 0.398379 -2.657354 1.272349
-4.257126 -17.55936 19.51678 -0.789092 -1.881813 0.264408 3.714182 -0.58333 2.784545 -1.373833 -0.508087 0.350233 3.249969 0.275516 3.561073
5.742874 -19.55936 19.51678 -1.093928 -0.485169 -0.761226 -0.126963 0.663325 -1.085449 0.264984 0.450375 -0.008851 -0.37857 0.758489 2.050238
3.742874 -19.55936 19.51678 -1.943869 -0.000787 0.084235 0.774428 -1.580284 -0.976558 -1.322477 -1.796292 0.698327 0.091466 -2.15523 4.218355
1.742874 -19.55936 19.51678 1.301935 -1.646777 0.024966 -2.626893 -1.149247 -2.705651 2.471234 0.220634 -1.170006 -1.28581 -3.803982 1.022789
-4.257126 -19.55936 19.51678 1.582672 -2.961524 1.818509 2.387335 1.697714 0.728199 0.227076 -2.570738 2.537825 2.419762 4.014558 0.407941
-6.257126 -19.55936 19.51678 2.219303 -1.293795 1.462408 2.553194 1.155671 1.951762 0.548011 -3.132549 0.510758 3.063663 2.084753 3.356025
9.742874 -21.55936 19.51678 0.447501 -1.397393 -3.073077 -2.067059 -0.650732 -3.80637 3.569313 -1.785128 -3.797048 0.591278 0.515615 -2.668158
7.742874 -21.55936 19.51678 2.004278 0.160847 -1.921925 0.154505 -0.702303 -0.223039 2.796944 2.344549 -1.134511 2.167386 0.296393 0.596268
5.742874 -21.55936 19.51678 1.099681 0.269732 0.079192 -0.59436 2.166637 -1.349996 2.207532 3.483001 0.904684 1.750786 1.931448 1.486706
3.742874 -21.55936 19.51678 -2.590459 -1.992953 -0.122943 -0.891944 0.17444 -2.613673 -0.963871 -0.137724 2.574851 1.786139 1.380952 3.172489
1.742874 -21.55936 19.51678 -0.203283 5.296782 -0.311338 -1.936117 -0.388396 -3.748373 1.891263 4.825451 3.203969 0.820348 1.508459 0.908528
-4.257126 -21.55936 19.51678 1.926793 0.708554 -0.046076 0.879461 1.314487 0.928633 2.045572 0.941489 -0.307539 2.050947 2.444003 -0.300856
-6.257126 -21.55936 19.51678 2.535539 0.105079 1.037834 1.83212 0.877148 2.569953 2.216428 -0.448047 0.0913 2.84276 1.521002 2.781507
-8.257126 -21.55936 19.51678 2.479368 1.407378 1.37771 0.458583 0.921665 0.801774 2.694753 0.343083 0.649443 0.64362 1.203158 2.985449
11.74287 -23.55936 19.51678 0.340946 -0.615453 0.442834 -0.002439 -1.831588 -1.83702 2.029577 -0.612403 0.236397 1.532828 -1.573839 0.104943
9.742874 -23.55936 19.51678 3.006056 -1.347638 0.86522 -1.433675 2.040017 -2.531196 4.44204 -0.887168 0.677438 1.185742 1.361517 0.547585
7.742874 -23.55936 19.51678 2.827879 -0.160192 2.04528 0.410645 2.975173 0.589889 3.124838 2.634143 2.987113 1.858446 2.531799 1.894449
5.742874 -23.55936 19.51678 2.334073 0.847097 3.245622 0.273734 2.886432 1.187707 3.554837 3.962 5.269871 3.081067 3.374778 2.933815
3.742874 -23.55936 19.51678 -0.096508 -1.124762 2.343304 -0.060849 0.601793 -0.745589 1.924007 0.225135 5.019963 1.248434 2.033668 2.95513
-4.257126 -23.55936 19.51678 1.917292 0.52198 0.939585 -0.172647 1.086072 0.479113 3.033007 3.150376 0.179711 1.518816 2.387342 -0.470639
-6.257126 -23.55936 19.51678 2.390893 0.82922 1.801636 1.239599 1.114941 1.191538 3.724966 1.05817 1.533036 2.003922 1.692291 -0.071306
-8.257126 -23.55936 19.51678 1.670931 1.042355 1.090131 -0.231133 0.548843 1.514812 2.736782 0.646312 0.780926 -0.290679 0.435355 0.394969
5.742874 -25.55936 19.51678 0.862289 -3.287632 1.904523 -0.643783 0.437484 0.223566 2.359684 -0.95953 4.591069 1.643699 -0.081415 0.919741
3.742874 -25.55936 19.51678 0.754801 -0.456943 1.61131 0.914995 -1.595658 2.185715 2.565543 0.892418 2.169435 0.390038 -1.96809 3.237723
-4.257126 -25.55936 19.51678 0.88334 1.081332 -1.569112 0.113647 -1.435776 -0.93062 0.911671 2.877812 -1.509191 2.15731 1.128014 0.400539
-6.257126 -25.55936 19.51678 0.346022 1.186391 -0.295688 -0.174141 -0.078081 -0.439377 1.06678 1.074365 -0.324071 -0.61 0.808547 -0.219671
-4.257126 -27.55936 19.51678 2.427214 -0.191896 -0.673772 -0.920841 -0.650938 -0.698811 3.388108 0.543945 -1.531908 1.196183 1.270582 2.713034
-6.257126 -27.55936 19.51678 0.841278 -0.685537 -1.122943 -1.843721 -0.669142 -0.403791 1.940648 -1.617032 -1.815209 -2.780713 0.717943 2.530001
-8.257126 -27.55936 19.51678 -0.785543 -1.196449 -0.037374 -1.764694 -0.748244 -0.188922 0.729051 -1.938914 -0.002738 -1.766651 -0.152504 1.193466
-6.257126 -29.55936 19.51678 -0.543829 -0.632953 -2.101092 0.158249 -0.085949 1.400287 1.496192 -0.443358 -0.263349 -0.056091 1.270164 3.355594
-8.257126 -29.55936 19.51678 -1.784989 -0.449477 -0.429798 0.055395 -1.099728 2.10389 -0.28843 0.208408 1.162609 -0.162731 0.789858 4.011204
-4.257126 -15.55936 21.51678 -2.837673 0.941306 -0.52348 2.865226 -0.327864 2.064551 -1.646628 0.638192 1.168152 3.329839 0.989554 2.79996
-6.257126 -15.55936 21.51678 -0.98267 -0.311152 -1.616793 1.270107 -0.449487 1.538395 -2.608833 0.39654 -2.13806 1.028505 -0.995604 0.099444
-4.257126 -17.55936 21.51678 -2.606958 2.466572 1.306372 2.62411 0.980089 1.50582 -1.752345 5.190509 2.501363 5.413112 1.351302 2.891576
-4.257126 -19.55936 21.51678 1.161928 0.238809 2.580014 0.826609 1.422212 -0.01869 0.85419 3.586721 3.523552 1.825921 2.094597 -0.779476
-6.257126 -19.55936 21.51678 0.299756 -0.441285 2.134627 0.542001 0.439047 0.912473 -0.518187 1.171659 1.728278 1.594714 0.825766 1.314758
-8.257126 -19.55936 21.51678 2.152002 0.185683 3.074872 1.434265 -0.62318 2.13563 2.226679 -1.350936 2.367218 -0.025195 -1.629455 3.597107
1.742874 -21.55936 21.51678 -2.904838 4.036152 -2.396462 1.306144 -2.812469 1.477671 -0.181132 5.111101 3.653442 2.216225 3.462938 8.149429
-4.257126 -21.55936 21.51678 3.734121 0.177639 1.755349 -0.942005 1.518206 -1.051882 4.303589 3.215101 1.056795 0.643895 2.317791 -0.020202
-6.257126 -21.55936 21.51678 2.884112 -0.520076 2.380128 0.468241 0.628307 1.077462 1.35911 1.571032 0.987211 1.845765 0.670762 2.62805
-8.257126 -21.55936 21.51678 3.02521 0.709325 1.709164 1.263293 1.150953 1.721716 1.423401 0.390997 0.236109 2.126451 0.042299 4.419523
-10.25713 -21.55936 21.51678 2.583706 0.460966 0.47974 1.293063 -0.010309 1.248718 1.892668 -0.615218 -0.746837 1.42937 1.35181 3.918102
9.742874 -23.55936 21.51678 2.459132 0.117194 -0.26715 -0.136155 2.322334 -0.488597 2.222915 -0.014336 -1.42006 0.077074 0.034359 1.123209
7.742874 -23.55936 21.51678 2.170479 2.027608 -0.327377 1.232886 0.902144 1.045006 2.049894 4.228796 0.906704 1.684973 -1.14415 -1.008969
5.742874 -23.55936 21.51678 0.022529 0.942496 0.636569 0.307478 0.599945 0.029704 1.297488 3.499474 2.266753 1.120913 -0.202357 -1.177741
3.742874 -23.55936 21.51678 -1.899761 -0.567344 -0.154062 0.058935 -2.287096 -0.960481 -0.10728 0.397579 2.053965 0.744205 -1.446377 1.535993
1.742874 -23.55936 21.51678 -4.333694 1.85184 -3.205641 0.075241 -5.243864 0.413585 -0.724664 6.046432 2.881376 0.922598 0.537927 4.384335
-6.257126 -23.55936 21.51678 2.049158 1.127716 1.926976 0.65143 0.677255 0.115817 1.863879 3.926674 1.694905 2.306494 1.112492 -0.82379
-8.257126 -23.55936 21.51678 2.446301 2.282535 1.705549 0.55974 2.02079 1.422198 1.840107 3.571585 0.878044 1.260813 0.979539 0.052892
11.74287 -25.55936 21.51678 1.968498 -2.097991 1.475007 -0.596409 0.180439 -0.55568 2.677093 -0.805628 2.892084 0.104772 0.384472 1.406888
9.742874 -25.55936 21.51678 3.90983 -1.699355 1.735575 0.193446 1.260197 -1.054751 4.087783 -0.857702 2.181121 0.609927 0.274578 -0.555003
7.742874 -25.55936 21.51678 1.716931 -1.217207 1.708932 0.132226 0.158198 -1.945861 2.364474 1.366139 2.167841 1.828711 -0.647596 -2.651846
5.742874 -25.55936 21.51678 0.373631 -2.512601 1.673378 -0.389869 0.447072 -0.837431 1.771646 -0.03379 2.410142 1.06878 0.975832 -1.568483
3.742874 -25.55936 21.51678 -1.676978 -0.977961 1.038693 0.357598 -1.586042 -0.456863 0.468173 0.975353 1.879756 -0.273865 0.035189 0.286122
1.742874 -25.55936 21.51678 -2.967658 1.425869 -0.322071 -0.428548 -4.203205 -0.158436 0.403542 4.553488 2.143894 -1.641425 -2.143912 0.209695
-4.257126 -25.55936 21.51678 2.686366 0.56319 -0.962976 0.152674 -0.456756 0.606722 0.342534 6.773893 -1.072634 2.099196 -0.040359 -1.541538
-6.257126 -25.55936 21.51678 2.27984 0.996078 -0.151454 -0.232053 0.41695 -0.890355 0.87599 2.584898 -0.342562 0.22986 0.100265 -1.421849
13.74287 -27.55936 21.51678 2.21127 -1.226171 1.496216 -1.347827 0.520053 -0.884614 3.032715 -0.955728 2.473722 0.050061 -0.356982 1.464227
9.742874 -27.55936 21.51678 2.238695 -1.234224 1.297204 -0.389239 -0.248533 -1.288512 3.888962 -0.273143 3.207955 0.997403 1.706944 -1.811591
7.742874 -27.55936 21.51678 1.463683 -0.092707 0.54287 -0.247233 0.020936 -1.594215 3.577672 0.904886 1.412635 1.185408 2.042258 -1.425614
5.742874 -27.55936 21.51678 2.0974 -1.213961 0.557924 -1.450953 0.484364 -2.340856 3.57726 0.522668 1.520919 -0.264118 1.499299 -1.867627
3.742874 -27.55936 21.51678 0.68254 -0.906059 0.528163 -0.072166 -1.208171 -1.638583 1.687237 1.843814 1.98537 0.313345 -0.49082 -0.381449
-4.257126 -27.55936 21.51678 1.860853 -1.164286 -1.255813 -0.943508 -0.03396 -0.556747 1.744441 2.557559 -0.566107 1.04491 0.760399 1.377009
-4.257126 -29.55936 21.51678 -0.049418 -0.074986 -1.18966 -0.091196 -0.4745 -1.197095 1.276377 1.667841 0.325203 0.432772 1.888062 0.719468
-6.257126 -29.55936 21.51678 0.268397 0.08527 -0.921769 -0.251084 0.145954 -0.821351 1.520498 1.376412 0.874874 -0.109146 0.325444 0.121392
-8.257126 -29.55936 21.51678 0.14516 1.473217 -1.170191 0.294299 -0.330046 1.398142 0.914737 2.266485 -0.234401 0.694451 -0.79197 2.903584
-6.257126 -31.55936 21.51678 -1.570267 2.06397 -3.343894 0.678096 -1.372596 0.418747 -1.458419 3.748202 -2.253695 1.014809 -0.788697 -0.044891
-8.257126 -31.55936 21.51678 -2.174059 2.047297 -3.77761 1.135022 -2.370205 1.450456 -0.850769 3.74347 -4.416877 0.268802 -3.046874 0.828396
-10.25713 -19.55936 23.51678 0.579427 -1.180856 -0.619017 0.867561 -0.753432 0.51915 1.416433 0.245867 -1.541757 2.283762 -0.622064 2.45016
3.742874 -21.55936 23.51678 -1.979188 0.068013 -2.557109 -1.971446 -3.711031 0.252326 1.858368 2.368988 1.255406 1.470711 -0.265164 2.833662
1.742874 -21.55936 23.51678 -5.519831 0.382706 -4.377933 -1.940654 -5.818722 0.612128 -0.035882 6.755646 2.924968 1.563532 2.952896 6.130293
-8.257126 -21.55936 23.51678 2.265411 0.562522 -1.681432 0.028458 2.150586 -0.649292 1.892976 1.340684 -2.947818 2.263989 1.629013 1.794853
-10.25713 -21.55936 23.51678 1.695311 -0.308695 -2.053983 0.801414 1.487118 0.662935 1.920405 1.449959 -2.492845 2.371827 2.668152 2.99421
3.742874 -23.55936 23.51678 -2.694066 -0.912422 -2.925082 -1.65098 -2.787315 -1.885386 -0.159126 2.379349 -0.8908 -0.387093 0.938071 0.450788
1.742874 -23.55936 23.51678 -4.698524 0.459324 -5.279445 -2.257357 -5.739728 -0.184385 0.844007 7.229337 0.954248 1.504108 0.995199 3.629407
-6.257126 -23.55936 23.51678 0.0484 -0.894714 -2.417618 0.161352 0.001093 -1.559339 -0.183719 3.797766 -2.518125 3.234777 0.821134 0.257929
11.74287 -25.55936 23.51678 1.713492 -0.034368 -0.230441 -1.23666 0.61758 -1.389796 2.918267 1.373266 0.895343 -1.092167 2.301457 0.432076
1.742874 -25.55936 23.51678 -3.020616 1.927142 -2.695696 0.216282 -5.059241 0.229187 2.198616 5.395138 1.402442 0.971038 -1.877196 1.485588
-0.257126 -25.55936 23.51678 -0.900425 2.881629 -4.104901 0.609313 -4.210217 5.423524 2.979382 8.762161 -3.72679 0.671864 -0.676809 3.927301
-4.257126 -25.55936 23.51678 2.164237 0.219889 -0.658448 -0.015576 2.170041 -1.652549 -0.555029 5.331343 -2.019763 1.043633 0.649709 -3.095311
-6.257126 -25.55936 23.51678 1.287323 -1.260206 -1.068697 0.006801 1.533717 -1.559124 -0.161086 0.981714 -0.875267 1.783297 1.764466 -0.916556
13.74287 -27.55936 23.51678 0.008054 -2.044202 2.304302 -1.148996 -0.94129 -0.727188 1.482806 -0.370641 2.816983 -0.289992 -0.853099 2.692269
11.74287 -27.55936 23.51678 1.866755 -2.256989 1.942473 -2.427572 -0.685787 -0.998806 2.458205 0.410667 4.646766 -1.829395 -0.089585 1.570829
9.742874 -27.55936 23.51678 2.724782 -0.207472 0.687247 -0.047456 -0.575263 0.25678 3.114249 0.847662 2.036257 -0.035719 0.545694 -1.321869
7.742874 -27.55936 23.51678 2.042761 1.590885 0.502122 0.778338 -0.111477 0.493514 2.004757 2.577642 -0.473106 1.435903 0.037388 -1.132899
5.742874 -27.55936 23.51678 1.198614 0.033456 0.855852 -0.218461 -0.286126 -1.719736 2.105185 1.932798 1.51222 0.483539 -0.032756 -1.189488
3.742874 -27.55936 23.51678 -1.689665 -0.317223 -0.137063 -0.132029 -1.960609 -1.965769 0.657086 2.483264 2.471055 1.066713 -0.376002 -1.166495
1.742874 -27.55936 23.51678 -1.38393 1.101446 -0.365408 0.321583 -3.666003 -0.183142 2.06105 3.49696 3.737299 2.258452 -1.642879 1.055536
-0.257126 -27.55936 23.51678 2.973294 2.041472 -0.227255 0.417784 -1.714925 1.812874 5.376902 6.454009 1.9825 2.488662 1.260552 2.212453
-4.257126 -27.55936 23.51678 -0.02257 -1.118389 -1.795602 -0.158534 0.374638 -1.976648 -0.051832 1.781879 -1.158162 0.407743 1.249377 0.637849
9.742874 -29.55936 23.51678 1.769688 -2.917437 3.021001 -0.981947 -0.318245 -2.525596 2.035026 -0.33341 3.732659 1.93262 -1.094315 -3.297469
7.742874 -29.55936 23.51678 1.923668 0.161368 0.864838 0.618261 -0.086429 -0.118361 2.463677 2.053067 0.350802 1.846426 -1.32343 -1.762362
5.742874 -29.55936 23.51678 2.34132 1.172345 -0.163705 0.281936 0.524556 -0.098885 3.010177 3.347789 -0.257606 1.407193 0.327064 -0.524029
3.742874 -29.55936 23.51678 0.619568 0.325344 -0.978579 0.475013 -0.130424 -1.697583 1.420973 2.422994 0.727489 2.295781 0.125416 -1.725103
-10.25713 -21.55936 25.51678 1.919056 0.485723 -1.503585 -0.849849 4.062695 -0.290894 0.457925 2.709943 -1.077175 1.401173 3.489757 0.318001
-12.25713 -21.55936 25.51678 0.753038 2.358091 0.964537 0.923022 2.449276 2.524984 -0.504687 2.378179 2.474879 1.581557 3.594663 1.819813
9.742874 -23.55936 25.51678 2.729772 -0.255006 0.789633 -1.252584 1.402076 -0.481796 0.080648 0.650936 -1.288182 -1.071341 -0.835961 0.19024
7.742874 -23.55936 25.51678 3.679834 -0.278519 2.227633 -0.54029 1.425908 1.873579 1.130602 1.340541 0.663242 1.61192 -1.700969 1.1309
11.74287 -25.55936 25.51678 2.208205 -0.429838 0.496056 -2.614405 1.57826 -2.500645 1.586003 0.74547 0.784339 -1.840301 2.742473 0.443664
9.742874 -25.55936 25.51678 3.49123 0.277937 0.841837 -1.134248 2.093497 1.830048 1.775082 0.561245 -0.582247 -2.080042 3.575503 0.037767
7.742874 -25.55936 25.51678 3.66442 0.976262 1.440382 -0.166118 3.040821 2.442207 1.108419 1.495153 -0.99986 0.831757 1.959709 -0.484436
5.742874 -25.55936 25.51678 2.140763 1.801431 0.965482 -0.612265 3.498234 0.891473 1.763167 2.895252 0.273478 0.518921 0.573975 0.344545
11.74287 -27.55936 25.51678 1.957092 -0.563617 2.050249 -2.159457 1.378771 1.000173 1.479231 0.908591 3.585413 -1.472043 0.480822 2.702681
9.742874 -27.55936 25.51678 4.22936 1.765934 1.583802 -0.570144 2.716586 3.23445 2.541748 2.655915 1.857171 -0.995263 1.743187 -0.617929
7.742874 -27.55936 25.51678 3.426009 2.064836 0.794999 0.141623 3.063032 2.775131 1.313063 3.856105 -0.728926 0.070362 2.157815 -1.914879
5.742874 -27.55936 25.51678 1.715765 0.400649 0.56542 -0.207259 2.001489 0.67344 1.754625 2.122364 0.59923 0.57776 1.373588 -0.773575
3.742874 -27.55936 25.51678 -1.649977 1.541208 -0.767759 -0.212179 0.883288 -0.373762 -0.682267 2.455623 1.412103 0.382686 1.090445 -1.099663
1.742874 -27.55936 25.51678 -0.388351 1.911784 0.803854 1.040143 -0.729258 1.347753 1.228236 2.729718 3.061862 2.081336 0.452781 0.434756
9.742874 -29.55936 25.51678 4.669555 1.495027 2.805679 -0.391864 3.690191 2.117446 2.240074 3.774477 2.667237 2.605384 0.470444 -0.925577
7.742874 -29.55936 25.51678 2.991532 2.106619 1.390663 -0.090757 1.996082 3.358171 1.60974 4.396438 0.567758 0.347183 -0.041311 -0.889592
5.742874 -29.55936 25.51678 2.352429 0.758374 -0.012278 -0.55133 0.580885 2.668758 2.28806 2.525329 -0.187018 0.022056 1.431652 0.34185
3.742874 -29.55936 25.51678 0.791174 0.945498 -0.751232 -0.156316 0.493869 0.636983 0.19339 1.713936 -0.227248 1.748361 0.775912 -1.213894
9.742874 -21.55936 27.51678 1.563571 -0.146186 0.699498 -1.055066 -0.004316 -1.429433 0.982641 0.262273 -0.37967 1.00489 -0.626021 -0.593852
9.742874 -23.55936 27.51678 3.478596 -0.28284 1.187935 -1.460624 1.695957 -1.202855 0.673967 0.696861 -0.653702 0.495957 0.547747 -1.456526
7.742874 -23.55936 27.51678 3.274237 -0.761167 1.685832 -0.618385 0.991811 0.849746 2.609829 0.202079 -0.271179 2.477175 -0.096384 1.315772
9.742874 -25.55936 27.51678 3.589975 2.29794 2.130197 -0.397617 4.776311 0.56548 0.568375 2.533664 -0.150126 -0.587072 4.273906 -3.395169
9.742874 -27.55936 27.51678 4.820575 3.69219 2.611728 -0.934833 4.999225 1.874266 2.771058 3.113824 2.492045 -1.930651 3.043741 -3.059315
5.742874 -27.55936 27.51678 2.408665 -0.315597 -2.152705 -1.323943 2.746557 -0.128361 1.316432 0.70838 -3.581065 0.959412 2.497412 -0.656608
3.742874 -27.55936 27.51678 1.085206 0.345319 -1.691305 -0.557776 0.688519 -1.037652 0.677392 0.685996 -1.595093 0.401578 -0.393995 -1.407651
3.742874 -29.55936 27.51678 2.021218 -0.342519 -0.679044 -0.300043 0.906984 -0.345147 1.7011 0.46066 -1.160321 1.03264 2.570501 -0.0686
9.742874 -21.55936 29.51678 1.561766 1.958256 0.790999 -0.079284 0.234654 0.138636 0.674205 1.376924 1.579522 0.599011 -1.523947 -0.357135
9.742874 -23.55936 29.51678 3.811106 2.251945 0.55782 0.789273 1.986483 -0.592095 1.82366 2.796779 0.024143 0.590035 0.196747 -2.061592
