1.181816 -4.084137 -10.57246 0.54128 2.75058 1.978114 5.632006 -1.341102 -4.217986 5.53563 -3.292151 -1.704722 19.68933 7.881685 -8.797398
5.181816 -6.084137 -10.57246 -1.595057 3.042718 0.110316 5.021543 -0.963044 -9.163349 3.123709 -5.788572 -1.48783 9.763449 -4.604219 -17.87756
9.181816 -8.084137 -10.57246 6.515022 2.871303 5.207206 4.11315 1.885609 0.12296 -2.482229 -9.198143 -3.41339 10.16836 0.444296 -1.706376
7.181816 -8.084137 -10.57246 6.543457 2.791288 1.920761 6.170774 3.416317 -1.368196 5.045408 -3.319632 3.176701 8.37092 0.158662 -4.231505
3.181816 -8.084137 -10.57246 -0.029141 1.291121 -0.859375 -4.5306 -1.725751 -6.32719 2.632448 -3.130796 -5.067453 -5.81376 -11.4254 -11.2053
9.181816 -10.08414 -10.57246 4.888194 2.661538 0.978058 2.891287 0.184438 1.764064 -0.757328 -3.75692 -5.791124 6.500625 -2.407936 -4.350441
9.181816 -12.08414 -10.57246 0.974195 3.059071 -5.48441 1.555379 -2.433046 2.558277 1.209417 1.10551 -10.33936 1.102896 -4.702198 -3.833128
3.181816 -14.08414 -10.57246 0.542197 0.402645 0.87429 -8.501021 0.791926 -3.370599 0.014822 -2.115516 -4.543015 5.61159 -0.754209 -11.0995
3.181816 -16.08414 -10.57246 -1.735644 1.965873 -2.596221 -2.680703 -0.87012 -6.023062 -2.541479 -2.466769 -4.252438 5.246334 -0.426059 -13.61389
7.181816 -4.084137 -8.572464 -9.525427 -0.075449 0.074933 3.252355 -3.185143 -1.237407 -8.091431 -0.908752 -1.352637 7.673126 -3.590637 -5.307663
5.181816 -4.084137 -8.572464 -10.02113 2.498407 -4.715941 4.720894 -4.038022 -1.845017 -8.203121 -5.016886 -4.201276 11.20244 -10.43046 -9.4188
1.181816 -4.084137 -8.572464 4.878668 2.336396 4.481776 11.2865 -1.895622 -0.714092 -5.352705 -12.61328 -5.590835 21.92224 0.876795 -0.672447
-0.818184 -4.084137 -8.572464 -0.982256 0.848386 2.118429 3.053236 -3.911181 1.490329 -0.379588 -6.306879 -6.326598 11.59901 -0.346226 -1.601415
9.181816 -6.084137 -8.572464 10.79567 2.333717 8.260594 7.2802 -2.604996 4.712933 12.25002 -2.588659 2.401819 16.06501 -10.02055 0.116104
7.181816 -6.084137 -8.572464 -0.237361 3.080127 1.933378 3.074104 -2.644127 1.196651 2.283724 0.550255 5.64072 3.958014 -4.714241 -1.970065
5.181816 -6.084137 -8.572464 -5.759101 2.404105 -2.298438 1.267949 -4.071081 -3.072629 1.051051 -2.004001 1.681366 0.671208 -6.318375 -7.308987
-0.818184 -6.084137 -8.572464 3.770374 -0.566334 3.423016 -0.665772 -2.824525 -2.225462 3.670928 -5.59606 -4.306495 6.361577 -2.588634 -2.153461
9.181816 -8.084137 -8.572464 14.24733 2.107966 4.574971 9.762399 -1.239297 1.785897 9.400353 -4.820781 -4.323184 30.9585 -11.73847 0.479221
3.181816 -8.084137 -8.572464 -3.855015 -1.085799 0.915698 -0.820099 0.197537 -6.340493 3.272838 -4.29928 -0.667054 -7.907399 -9.792958 -5.911337
1.181816 -8.084137 -8.572464 5.85222 -3.308004 2.500841 -4.260566 -3.874509 -7.667659 5.496754 -4.232436 -2.301923 0.495837 -11.72592 -4.559599
9.181816 -10.08414 -8.572464 4.024065 0.776233 -2.17407 3.57978 -0.894538 -3.124817 2.07599 -2.115951 -12.10792 25.21953 -9.344445 -3.384101
3.181816 -10.08414 -8.572464 -3.557992 -1.630138 1.076723 -1.646883 1.630916 -3.011367 0.301046 -4.452376 0.67599 -8.071331 -7.552187 1.225854
9.181816 -12.08414 -8.572464 -4.920377 0.601854 -3.715735 -2.012152 -0.612437 -5.002685 3.062937 0.430461 -10.19079 8.935022 -3.803766 -5.644032
3.181816 -12.08414 -8.572464 -10.52809 -1.757845 0.101252 -4.308901 0.554542 -2.060872 -8.663701 -4.511353 -2.648683 -0.922885 -4.891329 0.97869
1.181816 -12.08414 -8.572464 -8.278877 -2.474583 -0.046548 -0.859902 -2.814532 0.274523 -5.465004 -4.927745 -9.21193 5.394182 -10.58502 1.827692
9.181816 -14.08414 -8.572464 -3.310353 0.327135 0.702059 -1.576487 -0.480128 -4.079818 2.889996 0.815295 -0.469402 0.085059 -3.282669 -3.47645
3.181816 -14.08414 -8.572464 -10.26174 -1.363378 -2.28749 -5.586514 -1.317654 -4.331035 -9.484022 -5.543404 -6.255822 8.432802 -8.123026 -7.361264
3.181816 -16.08414 -8.572464 -0.028236 -0.475333 0.010711 -2.669183 -0.495085 -5.668443 -1.88263 -5.785073 -2.995752 11.46694 -8.379393 -10.498
7.181816 -2.084137 -6.572464 -11.47685 -3.341266 -4.934249 -2.200926 2.058491 -11.20902 -4.442916 4.564961 -8.431146 0.200413 2.48666 -9.470764
7.181816 -4.084137 -6.572464 -11.02691 1.570383 -3.561009 4.565728 0.288354 -0.724695 -1.445795 5.382648 -11.1189 -0.595875 1.271366 -1.540598
5.181816 -4.084137 -6.572464 -11.70658 0.490848 -8.28188 6.63439 1.444647 -1.060488 -8.562511 -0.839848 -10.46121 6.188264 1.255086 -2.157382
-0.818184 -4.084137 -6.572464 -8.661932 2.746723 1.759553 5.60213 -4.185412 6.025424 -2.062127 -5.047338 -3.881348 5.806215 -11.23688 -0.700365
9.181816 -6.084137 -6.572464 3.839024 -0.09545 -0.773179 1.597802 -2.63394 -0.361216 12.67208 2.984465 -7.443551 -1.036251 -3.703958 -0.731978
7.181816 -6.084137 -6.572464 -3.249516 0.349352 -2.173346 0.63083 -2.071476 1.037931 8.128041 2.231851 -7.339117 1.343629 2.240819 0.765339
5.181816 -6.084137 -6.572464 -6.554475 -1.147789 -5.73247 -3.259341 -0.30954 3.157272 1.05644 2.756626 -5.36704 -0.594062 4.572766 4.613007
1.181816 -6.084137 -6.572464 -1.369886 -3.423978 -3.322704 -1.232906 -4.238949 -0.815974 0.318344 -8.209522 -3.651149 2.486981 -10.97564 0.273155
-0.818184 -6.084137 -6.572464 -1.883906 0.816712 3.069463 1.597895 -1.477549 2.359577 4.370188 -0.813071 -3.713014 7.392363 -6.391141 1.861891
-2.818184 -6.084137 -6.572464 0.33539 1.715688 3.158165 -3.480476 0.425061 -1.775337 3.203518 3.122917 1.084705 6.917755 -0.975732 1.60974
9.181816 -8.084137 -6.572464 1.715653 -1.697148 -5.656992 6.24766 -1.949886 -1.96767 7.344967 -0.78314 -11.03479 9.92472 -0.343009 -1.799502
7.181816 -8.084137 -6.572464 0.562571 -3.961967 -1.779944 3.191727 -1.115307 -4.062454 11.53351 -3.007548 -3.002481 8.308329 5.662316 -0.297883
5.181816 -8.084137 -6.572464 1.430567 -2.543596 -3.117566 -1.788754 0.326808 0.169254 10.48571 -3.22093 0.023013 1.671468 6.729945 2.956279
1.181816 -8.084137 -6.572464 -0.967658 -2.992267 1.506049 4.501097 -3.478667 -0.755534 -0.470948 -5.050546 1.220069 6.67488 -7.845449 4.289488
-0.818184 -8.084137 -6.572464 -0.107892 -2.667439 3.420735 0.166784 -0.048285 -2.917708 6.953743 -0.285047 -3.066928 8.382118 -1.720011 2.968955
11.18182 -10.08414 -6.572464 -0.460259 -0.932366 -3.367162 0.799746 -3.425807 -3.089401 2.240362 -0.760534 -6.793068 6.019875 1.167912 -0.455037
9.181816 -10.08414 -6.572464 -2.339376 0.114948 -3.399285 5.585225 -1.323097 -2.872283 0.426202 0.98501 -8.429546 5.880245 1.502988 -4.842443
7.181816 -10.08414 -6.572464 -2.861 -2.274486 -0.399301 3.003246 1.321387 -1.071973 6.745392 -8.538049 -3.678408 6.48161 6.149515 -0.465715
5.181816 -10.08414 -6.572464 2.252849 -0.127822 -4.21917 3.885952 1.940891 0.424841 7.080761 -9.836251 -3.270144 7.10363 3.92894 1.730908
1.181816 -10.08414 -6.572464 -6.489143 -1.860181 6.716256 7.114481 -1.612472 1.947917 -5.186823 -6.146988 5.527391 11.79448 -1.420863 9.685742
-0.818184 -10.08414 -6.572464 -3.976404 -4.567519 3.528527 -0.210203 -0.311069 -5.215877 2.843739 -2.745703 -3.720643 6.86408 -1.366585 3.442358
11.18182 -12.08414 -6.572464 -0.875539 -1.005388 -2.625432 -2.061414 -4.15636 -4.164314 1.381335 -1.972055 -0.272924 -0.444363 2.03801 -4.250908
9.181816 -12.08414 -6.572464 -3.611088 -0.056984 3.201199 0.867023 -0.814978 -2.869195 -1.065804 1.998908 -0.588744 -1.770615 0.35749 -5.547578
7.181816 -12.08414 -6.572464 -7.376551 0.235975 2.272656 -1.635576 1.426388 3.476193 0.142484 -9.270578 -6.232186 0.672343 1.24508 -0.026248
5.181816 -12.08414 -6.572464 -7.053547 1.984446 -3.879727 2.616352 1.543966 3.488756 -7.421168 -8.108938 -7.493205 9.723415 0.716751 4.185222
1.181816 -12.08414 -6.572464 -13.64266 -3.218594 6.100611 -1.122406 -1.044904 1.965909 -9.227193 -3.876925 2.471779 5.343164 2.113419 11.70568
-0.818184 -12.08414 -6.572464 -3.809704 -5.828788 1.60531 -4.468503 -1.091727 -6.581441 -0.714121 -1.771345 -1.954569 -2.182592 -3.245168 4.179647
11.18182 -14.08414 -6.572464 -3.414939 0.682271 -2.516335 -4.883324 -3.009873 -2.063454 -5.459506 -3.252076 -2.904863 -3.268852 -2.409957 -5.042864
9.181816 -14.08414 -6.572464 -2.536035 -2.502601 2.506822 -2.65693 -0.611685 -2.652225 -4.002682 0.665438 0.622223 -2.939967 -2.667534 -1.94328
7.181816 -14.08414 -6.572464 -5.998369 -2.69591 2.36087 -2.594236 -0.293192 -0.125746 -1.909397 -3.220623 -7.280862 2.736523 -2.724535 -1.288923
1.181816 -14.08414 -6.572464 -13.11703 -3.834535 -1.242868 -3.793967 -3.218458 0.443109 -7.853378 0.378868 -5.481666 -0.648244 -1.969345 8.019167
-0.818184 -14.08414 -6.572464 -0.736118 -5.576168 -0.341751 -4.964903 -1.012677 -6.138505 -2.166003 0.728365 0.053197 -4.326889 -3.290294 -0.192641
9.181816 -16.08414 -6.572464 -4.726851 -2.391026 -1.473576 -2.402954 -1.432759 -3.450847 -7.675751 -0.10225 -0.736955 1.730081 -1.317688 -1.282201
1.181816 -16.08414 -6.572464 -3.844506 -4.729999 -4.724832 -3.514889 -2.435712 -1.937852 -2.289211 -2.922088 -5.619056 -1.162554 -4.396447 4.53316
7.181816 -0.084137 -4.572464 -3.4279 -0.525937 -2.759757 -1.903222 -3.289173 -2.406905 -1.570845 -5.461345 5.559131 18.40024 -6.742388 -7.148382
7.181816 -2.084137 -4.572464 -7.851619 -2.628701 -3.372026 1.985271 -0.257553 -11.16705 -4.394205 -4.979433 -6.571184 12.15487 -4.110446 -14.26096
5.181816 -2.084137 -4.572464 -2.481793 -0.363076 -4.903022 5.414953 0.287291 -6.025654 4.986012 -2.659523 -2.0724 11.35308 1.917232 -7.453086
7.181816 -4.084137 -4.572464 2.734936 1.313999 -1.289828 6.19533 0.462835 -3.177548 5.331623 -1.762687 -12.2845 0.801269 0.182469 -0.830753
5.181816 -4.084137 -4.572464 -2.13426 3.31963 -7.174208 9.267986 3.85177 0.464324 5.200078 2.350609 -6.862806 10.99747 7.84866 -0.901645
7.181816 -6.084137 -4.572464 15.47521 0.653496 0.840164 4.536066 0.805667 2.421638 14.4268 -0.379432 -7.153792 1.51812 3.990688 6.727398
5.181816 -6.084137 -4.572464 4.645495 1.624862 -5.50324 1.019543 5.183308 8.928568 4.118153 9.002206 -4.01727 4.723056 8.322924 12.38485
1.181816 -6.084137 -4.572464 4.329774 -2.305154 -1.594664 -4.464986 0.357951 0.32801 5.104795 -0.461644 -1.124019 4.182735 -6.952331 -1.449153
-0.818184 -6.084137 -4.572464 5.722963 -0.234233 1.821237 -4.371725 1.623798 -1.139248 8.847953 0.686173 0.176622 2.154629 -4.358727 -3.047479
-2.818184 -6.084137 -4.572464 -0.814276 0.048392 0.069037 -3.984133 -0.163187 -0.656613 0.731345 0.064865 0.940819 0.02088 1.395665 0.516747
7.181816 -8.084137 -4.572464 14.12158 -3.346224 1.270579 -0.420774 2.999571 1.506455 11.10804 1.006458 0.63286 2.178223 3.458176 6.709128
5.181816 -8.084137 -4.572464 8.642153 -2.895474 -0.850301 -6.59363 4.488685 10.21632 2.456139 11.32013 0.784015 -0.083554 2.579834 19.5973
1.181816 -8.084137 -4.572464 2.472126 -5.305295 3.355942 -0.011639 2.089777 1.61542 -2.777018 -1.630779 2.365561 7.427021 -4.7627 3.990579
-0.818184 -8.084137 -4.572464 0.446251 -2.772397 3.37365 -5.656522 0.695243 -4.061573 2.44444 0.963949 -2.045572 -4.979153 -5.565728 -3.835826
7.181816 -10.08414 -4.572464 4.455576 -3.084729 0.146559 -4.210925 4.351689 2.255478 0.645706 -1.122311 0.698937 0.099202 -2.60928 1.928835
3.181816 -10.08414 -4.572464 -4.109802 -0.21956 1.854504 4.854189 5.001153 9.258613 0.622629 6.005971 2.583146 8.609661 0.150558 11.14066
1.181816 -10.08414 -4.572464 -2.852793 -4.952425 8.368642 3.247736 2.935485 4.495103 -4.773423 -4.260286 6.2295 12.95044 -1.601513 7.934286
-0.818184 -10.08414 -4.572464 -5.675462 -4.999808 2.690379 -2.796892 -1.137059 -4.000572 -2.864227 -4.560235 -2.124379 -2.057587 -7.04887 0.466256
7.181816 -12.08414 -4.572464 -2.198263 -0.756303 0.525473 -6.08818 4.175794 2.869827 -7.34142 -6.148929 -4.546368 3.592121 -9.444153 -2.289425
1.181816 -12.08414 -4.572464 -2.964526 -4.591963 8.633389 -4.430936 3.172664 0.339439 1.616369 -3.279304 5.087184 8.623774 -1.103524 6.476911
-0.818184 -12.08414 -4.572464 -0.329115 -6.857492 1.300981 -4.64217 0.303822 -3.195367 1.264441 -8.182652 3.616586 0.22541 -5.605498 7.845227
7.181816 -14.08414 -4.572464 0.09048 -1.814136 1.305113 -7.81986 2.386114 -0.18366 -2.653963 -5.53806 -5.479503 10.37114 -11.0028 0.136943
-0.818184 -14.08414 -4.572464 4.745657 -6.377256 2.010463 -6.564378 2.456285 -3.160773 5.128132 -6.437601 4.330086 -3.502387 -4.034415 4.69795
1.181816 -16.08414 -4.572464 2.686397 -4.560307 -0.270218 -4.035572 1.51802 -3.570568 5.22044 -0.390375 -5.151586 -1.276608 -4.936893 3.119888
-0.818184 -16.08414 -4.572464 -0.532007 -3.959711 -0.801071 -5.180771 1.195434 -1.946645 1.284436 -1.943236 -2.458377 -1.003891 -4.982241 3.524529
1.181816 -18.08414 -4.572464 -0.89237 -2.704557 1.49865 -2.042566 1.519605 -0.448433 1.743369 -3.491657 -8.495835 4.645393 -4.244919 3.04341
-0.818184 -18.08414 -4.572464 -5.44006 -3.034457 -0.023065 -2.79235 -1.721965 -2.776184 -1.046752 -1.547649 -5.812181 -0.025538 -7.057932 2.704429
5.181816 -2.084137 -2.572464 6.289012 -0.99705 -9.429105 -4.523945 -2.21638 -5.486231 4.24876 -11.81911 -12.62209 -1.793233 -0.242182 -19.39215
7.181816 -4.084137 -2.572464 -0.815681 0.541011 -4.88442 -0.330601 -2.92638 -6.672144 -1.969492 -7.649013 -6.121693 1.009155 3.764477 -5.164085
5.181816 -4.084137 -2.572464 1.375469 1.066217 -8.601089 -1.278202 -0.56953 -3.28881 0.425102 -10.27637 -3.778021 4.37219 6.434178 -15.20123
9.181816 -6.084137 -2.572464 2.54256 -7.723221 -2.129633 1.158068 -1.793198 -4.474096 0.665362 -11.75385 -7.548812 -10.92712 5.704283 -3.746818
7.181816 -6.084137 -2.572464 2.190664 -4.213386 -6.185269 2.784622 -2.654268 -2.741009 -3.033292 -12.04187 -6.663598 -0.188117 7.084953 2.39948
1.181816 -6.084137 -2.572464 3.825052 -2.201367 -5.49467 -2.307091 -0.98579 -3.670799 9.25303 -4.915653 -1.681609 -1.713043 -2.102988 -6.371576
-0.818184 -6.084137 -2.572464 -0.557953 -3.091881 -1.549405 -0.636631 -1.410966 -6.577845 5.050766 -7.828929 3.683581 -2.549109 -0.122919 -5.512098
-2.818184 -6.084137 -2.572464 -2.24024 -2.510335 0.202617 1.831995 -1.88763 -3.716847 5.327506 -6.094142 6.696572 -3.591742 5.918073 -2.885039
9.181816 -8.084137 -2.572464 -0.881181 -4.780644 -1.67337 -0.510804 -0.198484 -2.673518 -6.361997 -9.698334 -11.94251 -6.684471 5.958189 -9.051653
7.181816 -8.084137 -2.572464 -1.371787 -8.01048 -4.423127 -3.070673 1.099474 -1.180601 -7.014569 -9.187689 -7.319014 -0.194077 7.028109 5.107354
1.181816 -8.084137 -2.572464 -4.837809 -4.774736 -3.043844 -1.311917 -0.294233 -4.385325 -6.661573 -4.786624 -2.484184 0.877514 -0.146897 -4.824989
-0.818184 -8.084137 -2.572464 -6.169219 -0.403032 -0.456369 -1.422048 -1.341415 -2.665911 -2.520082 -1.683735 1.842716 -10.13354 -0.462667 -4.138593
11.18182 -10.08414 -2.572464 -2.463168 -2.304382 1.465273 -2.198342 -1.039085 -3.963878 -9.968907 -4.262627 -5.301084 -1.721886 3.016747 -2.517243
9.181816 -10.08414 -2.572464 -0.092658 -2.343452 -0.216663 -6.573875 0.108376 -3.917971 -3.76925 -9.183868 -10.68167 -7.767756 5.174251 -7.86993
3.181816 -10.08414 -2.572464 -3.050917 -1.97473 0.667613 0.794309 2.095043 2.034567 -2.008924 -0.859002 -4.853349 3.834214 4.098295 0.356991
1.181816 -10.08414 -2.572464 -7.624042 -3.294141 -1.636405 -0.095501 1.06238 -3.167924 -7.857371 0.736863 -6.914126 3.898414 6.316675 -4.485114
11.18182 -12.08414 -2.572464 -3.560681 -0.809454 1.520979 -2.61787 -1.765852 -6.066006 -7.199289 -3.28157 -2.851798 -1.751993 4.02156 -1.819472
9.181816 -12.08414 -2.572464 5.849946 -2.74495 2.679803 -7.666009 -0.242049 -4.978625 2.434268 -9.973118 -6.444573 -6.41503 1.537217 -3.110538
3.181816 -12.08414 -2.572464 -1.924672 -0.496825 -0.058153 1.833496 0.720944 0.955866 2.4904 1.433891 -5.558253 5.408154 0.537338 -2.883482
1.181816 -12.08414 -2.572464 -4.053954 -1.872997 -3.646776 -3.527456 0.838226 -3.91245 -1.530244 2.341166 -10.37066 3.24665 6.109247 -3.663842
-0.818184 -12.08414 -2.572464 -6.653585 -2.897201 -3.510529 0.268747 0.028321 -0.355383 -2.572494 -2.393961 -4.257875 0.158382 4.038952 1.730912
9.181816 -14.08414 -2.572464 4.904938 -0.107378 7.074805 -9.546198 0.392172 -2.392719 0.819279 -5.795056 -2.30243 -2.901734 -3.020644 3.157613
3.181816 -14.08414 -2.572464 0.070188 1.186693 0.269755 3.977324 -1.481902 0.017818 3.35725 0.698479 -1.13698 4.199883 -0.572299 -1.49087
1.181816 -14.08414 -2.572464 -1.845553 -0.334229 -3.059939 -1.725214 -1.553998 -3.506623 -0.096084 0.629778 -7.940431 -2.843445 -1.540839 -4.267408
-0.818184 -14.08414 -2.572464 -4.202496 -3.392823 -2.48511 -2.459857 -0.136824 -0.619012 -2.575592 -7.936898 -2.95064 -5.18348 -2.470326 -2.294643
-2.818184 -14.08414 -2.572464 -4.490568 -2.747663 -2.01997 -3.751472 0.131857 -0.271666 -3.225157 -7.557628 0.59605 -6.63696 -1.172059 -0.085294
3.181816 -16.08414 -2.572464 0.367241 1.480325 4.442066 3.660107 -0.06238 -0.06876 6.424747 -3.801657 1.522606 8.608301 1.28265 2.230921
1.181816 -16.08414 -2.572464 -4.473162 -1.616026 0.062354 0.049837 -1.237636 -2.804409 -1.430882 -1.260484 -5.640943 -3.596567 -4.163881 1.270342
-0.818184 -16.08414 -2.572464 -3.081307 -1.255278 -2.617518 -3.174521 -2.214466 -2.237139 0.733174 -2.659568 -5.83905 -10.91871 -5.495387 -2.550189
-2.818184 -16.08414 -2.572464 -1.34643 -1.103608 -4.432615 -7.052533 -2.099271 -3.016943 2.36676 -2.806487 -5.070792 -8.818373 -0.469738 -2.481082
1.181816 -18.08414 -2.572464 -1.968474 -0.055056 0.94126 0.068731 0.175652 2.125369 -0.604468 1.356189 -2.095392 -2.424603 0.097203 3.43382
7.181816 -4.084137 -0.572464 -4.057513 -0.055072 -9.491076 -0.311574 -1.756547 3.947814 -5.05376 -3.888062 -5.286029 5.400533 -0.764881 7.196591
9.181816 -6.084137 -0.572464 -6.079466 -3.362865 -4.854869 -1.326269 -2.016258 2.086069 2.228017 -6.880769 -4.307207 -1.385448 -0.001518 1.07007
7.181816 -6.084137 -0.572464 -8.175118 -0.891624 -11.24948 1.622894 -1.445884 2.99852 -6.64867 -7.362934 -5.310205 3.837549 2.851594 4.707516
11.18182 -8.084137 -0.572464 -3.739065 0.037234 -0.592934 -1.315425 -1.66533 2.505504 -1.073166 1.015081 -6.891443 6.799364 -3.581974 -1.809861
9.181816 -8.084137 -0.572464 -8.461293 -3.442242 -6.336637 -5.303606 -0.807895 -2.357962 -2.140692 -6.449175 -2.565388 2.691657 -0.636353 -9.572854
11.18182 -10.08414 -0.572464 -2.949777 -1.430265 -0.207506 -4.611189 1.12508 -1.830155 -2.533016 -2.298104 -4.539088 9.15242 -0.334809 -4.151732
9.181816 -10.08414 -0.572464 -6.615159 -3.194878 -4.338997 -8.271821 2.652133 -3.345687 -2.89703 -7.43794 -0.930239 3.994159 1.062829 -7.400031
7.181816 -10.08414 -0.572464 -3.007801 -5.532964 -5.17999 -4.142696 2.549861 -6.86452 1.231449 -5.213907 1.725008 1.429675 3.718314 -9.779882
1.181816 -10.08414 -0.572464 -3.064134 -2.180687 -4.455105 0.49408 -0.34626 -7.115392 -7.833707 -7.650939 -7.308909 -0.763155 -4.960994 -13.49022
11.18182 -12.08414 -0.572464 -4.899973 -2.251343 -0.346085 -0.114089 2.657783 -2.994867 -3.627232 -5.927009 -5.060629 10.37317 4.523427 -1.619499
9.181816 -12.08414 -0.572464 -4.01195 -1.573078 -1.29028 -4.501477 2.934359 -1.506914 -2.177563 -5.980975 -1.749647 -1.268101 1.993053 -0.155279
7.181816 -12.08414 -0.572464 -1.546202 -1.569445 0.92847 -3.25212 0.731933 -6.221358 -0.683199 -5.594343 2.865657 -1.980309 -0.059002 -9.348527
3.181816 -12.08414 -0.572464 -0.970142 3.196642 -0.927467 -0.375367 0.63767 -0.967955 2.221234 0.320675 -8.572007 2.070628 -0.976049 -5.243284
1.181816 -12.08414 -0.572464 -2.656382 -1.1635 -3.14518 -2.761474 1.273317 -4.984887 -3.487946 -0.18842 -7.297534 -1.456462 -4.489053 -7.254934
11.18182 -14.08414 -0.572464 -6.050075 -2.713718 -2.210437 -0.321893 -0.230571 -1.590276 -7.627801 -7.103037 -8.564766 5.789264 1.761004 0.584835
7.181816 -14.08414 -0.572464 -3.798724 1.246075 1.155956 1.18094 0.949284 -6.538116 -3.79242 -3.179729 -6.305535 -1.433745 -0.829267 -10.11157
3.181816 -14.08414 -0.572464 5.022403 0.559031 -1.740811 -1.93009 1.228618 -0.73813 8.103289 1.890154 -5.72812 -2.259983 -1.149542 -3.705371
1.181816 -14.08414 -0.572464 0.56316 -4.52715 -1.858197 -5.67188 0.724967 -9.512585 2.946445 -3.122457 -4.87369 -4.407958 -5.835206 -9.659138
3.181816 -16.08414 -0.572464 6.319465 -1.444155 0.989466 0.219048 2.491143 -3.026617 12.28494 -5.557984 -2.933167 -1.945128 -0.306273 -2.942942
1.181816 -16.08414 -0.572464 -2.009423 -4.341284 0.178016 -2.891492 0.096235 -8.096807 3.771415 -5.493839 -3.394456 -8.60158 -5.655849 -5.988842
-0.818184 -16.08414 -0.572464 -1.230514 -0.330725 -1.287198 -2.575804 -0.324014 -3.598058 3.805892 -2.922442 -1.514336 -12.24336 -0.651305 -8.756109
-2.818184 -16.08414 -0.572464 0.016431 1.070515 -0.606782 -7.689331 1.006091 -3.188571 5.407301 -2.165318 4.184389 -8.246341 7.829183 -5.063583
3.181816 -18.08414 -0.572464 0.912522 1.399263 -0.597465 -3.00334 2.561015 -4.433478 5.416852 -6.68613 -0.385833 -11.81558 2.036603 -9.823874
1.181816 -18.08414 -0.572464 -4.385152 -1.951108 1.776095 -5.970631 0.120272 -4.15212 -1.1114 -2.719901 -0.575633 -10.59305 -0.818867 -4.829693
7.181816 -10.08414 1.427536 -2.158321 -8.052793 -8.666153 -5.701074 2.630622 -16.95618 -5.607432 -3.57659 -9.733553 -5.796948 4.882288 -12.03947
11.18182 -12.08414 1.427536 -6.445738 -4.448828 -1.331393 -4.027106 0.739713 -0.199056 -9.04492 -4.124983 2.122298 1.113888 4.704367 -0.896939
9.181816 -12.08414 1.427536 -10.23973 -4.991582 0.26533 -7.723849 1.50852 -4.171502 -6.745619 -4.055242 2.492915 -4.861557 -0.252006 -5.981874
7.181816 -12.08414 1.427536 -1.470847 -5.714328 -0.817748 -6.986375 0.039062 -10.44372 -7.111235 -7.049449 -7.222482 -3.278837 -6.610371 -8.747929
3.181816 -12.08414 1.427536 -0.477555 4.640426 -2.532278 -3.439744 -0.046534 -0.624075 -3.758249 7.566041 -16.50558 1.650251 -3.281869 3.290494
1.181816 -12.08414 1.427536 -5.91521 -1.098916 -0.705183 -5.418691 -0.169242 -5.377226 -11.96105 1.724142 -10.88698 -3.775431 -0.043967 -3.467037
11.18182 -14.08414 1.427536 -4.321248 -2.377394 -1.808088 -1.40622 -1.967711 1.98118 -8.565889 -5.141119 -3.974459 0.984551 -1.189127 1.047351
9.181816 -14.08414 1.427536 -10.67 -0.830864 -1.642786 -1.99712 -1.325415 -1.197566 -9.752584 -0.359004 -3.355216 -2.906899 -5.397255 -2.348629
7.181816 -14.08414 1.427536 -7.773947 0.759104 -0.602141 1.178629 -2.25889 -6.063059 -10.8656 1.227247 -12.27345 -5.184368 -12.19578 -5.385259
5.181816 -14.08414 1.427536 2.9783 4.414526 -2.103635 0.24972 -1.204712 -1.788588 -3.517276 -2.609274 -16.34481 -10.97612 -14.46219 -7.648093
3.181816 -14.08414 1.427536 2.76376 3.389381 -2.931844 -3.970023 0.878071 -1.629611 0.205111 2.24719 -15.12641 -3.026415 -2.685448 -2.727065
1.181816 -14.08414 1.427536 -2.990717 -1.088341 -0.813657 -0.678357 1.176575 -3.980631 -6.145082 2.841178 -9.25745 3.110648 2.862526 -1.802821
11.18182 -16.08414 1.427536 -2.240366 -0.253994 -2.195878 0.976365 -2.349762 3.786153 1.535493 -2.383145 -7.194101 -2.189205 -3.217806 0.316521
9.181816 -16.08414 1.427536 -4.200958 1.372079 -3.03519 0.233026 -0.83654 -2.492288 -0.174894 1.685616 -6.161211 1.045433 -6.491632 -6.685991
7.181816 -16.08414 1.427536 -2.616807 -0.424315 -1.756564 -2.510309 0.672477 -5.244582 -1.854775 -1.05322 -8.845066 -6.917579 -8.716322 -5.719339
5.181816 -16.08414 1.427536 1.317715 -3.438145 -3.82289 -5.183019 0.732247 -5.444685 3.855791 -4.16147 -11.1335 -12.10525 -5.483211 -6.037333
3.181816 -16.08414 1.427536 2.4007 -3.700126 -2.870272 -3.735791 2.20325 -8.044621 4.701252 -3.158326 -8.430155 -2.729199 0.727627 -6.511748
1.181816 -16.08414 1.427536 -4.095441 -5.236487 -1.5598 -0.867996 -0.712791 -4.305461 -3.91121 -3.696637 -5.529263 5.998775 -3.383079 2.431757
-0.818184 -16.08414 1.427536 -0.038397 -2.288373 0.027253 1.116189 -0.022331 2.010053 -0.424675 2.440668 -3.601875 3.583982 -5.500632 2.24188
3.181816 -18.08414 1.427536 -8.93382 -2.840437 -1.486441 -3.125481 -0.136528 -6.169559 -6.24501 -3.428936 0.525693 -4.549451 -2.536774 -9.744446
1.181816 -18.08414 1.427536 -3.606761 -2.714445 2.705242 1.54968 0.446013 -2.581208 -6.099612 -4.534065 -1.725889 2.131112 -4.865557 -0.726233
1.181816 -20.08414 1.427536 1.676291 0.288975 2.464648 3.786667 0.529074 0.004843 4.627947 1.266818 5.492722 0.843857 -0.11826 -3.776273
7.181816 -12.08414 3.427536 -8.196835 -0.545751 -2.796381 0.102625 2.735352 1.195807 -14.98673 2.784867 -6.448417 7.449199 -0.707357 3.040459
7.181816 -14.08414 3.427536 -1.53888 0.651829 -4.808716 6.921464 -0.973566 -0.597979 -5.232794 3.080437 -7.655205 4.206517 -4.158319 5.650417
3.181816 -14.08414 3.427536 4.193965 2.422535 -0.919694 0.601897 -1.949387 -3.114019 -2.007675 0.630621 -13.89973 -6.00461 -10.21516 -2.356635
1.181816 -14.08414 3.427536 -1.625154 -1.089415 2.041759 2.624959 2.029397 0.165935 -11.39928 1.919811 -8.556551 3.995281 -1.466766 2.779834
3.181816 -16.08414 3.427536 -2.597718 -4.608838 -0.905358 -0.493134 0.504996 -5.264906 -4.25427 -7.126279 -4.633648 -1.15495 -2.257401 -4.154342
1.181816 -16.08414 3.427536 -1.451114 -2.421739 0.255633 1.297149 1.653001 -0.753393 -9.10416 1.887961 -0.038026 12.51415 2.064906 8.294206
7.181816 -14.08414 5.427536 -4.319332 3.232849 -7.93225 5.325821 -0.792615 -1.957061 -5.17102 -1.115925 -1.664123 8.885824 -1.34095 -0.384519
1.181816 -14.08414 5.427536 7.576054 1.838307 3.380427 1.315815 1.568561 -0.952039 0.794437 1.605965 1.970042 8.246737 -2.013054 0.798332
-0.818184 -14.08414 5.427536 0.474698 -3.490409 0.488713 -3.685402 1.531875 -1.249339 -8.765205 2.515507 -0.025222 4.958292 0.49163 0.843231
