-2.568008 -17.92424 -14.09812 -2.523996 -0.580345 1.08347 -1.658174 2.59275 -0.274732 -2.755198 -5.604596 -1.018818 -6.657214 -3.235318 -3.403188
-4.568008 -21.92424 -14.09812 -1.196707 0.320542 -5.515258 2.665168 -1.531938 -1.466016 -1.091276 -0.841687 -0.232348 0.114296 -5.100233 1.367634
-2.568008 -13.92424 -12.09812 0.188229 -2.157696 6.008259 -1.255641 0.260586 1.074621 -1.192856 0.648876 1.149158 1.748774 1.731058 4.63071
-4.568008 -13.92424 -12.09812 4.329432 2.074153 3.702402 1.86462 1.678886 8.247905 -2.740519 -1.356407 1.08942 1.848053 1.370768 -0.25978
-4.568008 -15.92424 -12.09812 5.392526 -1.116179 4.691114 0.563118 1.596472 1.855096 -2.126965 -8.355908 1.253545 1.498589 4.609187 -4.214927
-2.568008 -17.92424 -12.09812 0.082242 -3.865789 2.586289 -0.647717 -1.781058 -3.635122 -1.724161 -6.428224 -1.266043 -6.881552 0.806672 -2.210455
-4.568008 -17.92424 -12.09812 5.349338 -0.525451 3.906499 1.449727 1.933563 0.009771 -1.350278 -8.924459 0.418573 -1.56681 4.228032 -1.445745
-6.568008 -17.92424 -12.09812 2.04137 0.165423 1.173427 2.769926 3.118718 6.867843 -1.299445 -6.559441 -0.505348 1.106261 -2.542046 1.488456
-2.568008 -19.92424 -12.09812 1.140029 -4.54576 1.375217 -1.265914 -2.521612 -0.7638 -1.495207 -4.218581 0.02319 -10.52055 1.458048 -1.995186
-4.568008 -19.92424 -12.09812 3.488924 1.584395 0.213455 2.343338 1.27243 3.926145 -1.511577 -5.590313 -0.179144 -4.3857 2.840529 3.929435
-6.568008 -19.92424 -12.09812 -1.349027 -1.462782 -2.297403 2.377135 -0.313814 7.597926 -2.234808 -5.713807 -0.996126 -2.310909 -3.104616 1.630956
3.431992 -21.92424 -12.09812 -0.947374 1.086412 -3.465752 0.344986 0.921459 0.319548 0.677269 -0.173887 -2.918927 4.418434 -1.044063 -4.084249
1.431992 -21.92424 -12.09812 -2.529788 1.449452 -1.12402 0.738676 3.782464 -1.277946 -1.754947 0.944574 -0.458269 8.486642 -1.913389 -2.848316
-2.568008 -21.92424 -12.09812 3.083223 -5.204793 2.740646 -1.693131 0.450772 0.937021 -0.881989 -2.057096 2.55734 -8.795808 2.251402 -3.627424
-4.568008 -21.92424 -12.09812 1.220734 1.438688 -2.532916 1.942486 1.240273 3.990098 -1.833424 -4.13071 -0.74578 -3.527926 1.740155 3.333511
3.431992 -23.92424 -12.09812 -0.236601 0.1161 -2.984833 0.975936 -0.592572 -2.10574 2.555166 1.354988 -2.049906 2.099001 -2.224716 -1.900687
1.431992 -23.92424 -12.09812 -2.100975 0.044907 -2.298692 0.629676 3.228608 -1.563344 -0.535416 1.456891 -1.060015 7.500983 -3.076099 -1.596326
-2.568008 -23.92424 -12.09812 4.675393 -6.068425 4.125181 -2.005486 3.277631 0.319501 -0.777919 -2.722983 1.93861 -3.985592 1.514281 -9.243892
-4.568008 -23.92424 -12.09812 2.916558 -0.877182 -1.15643 0.049316 2.238008 -0.68086 -1.429987 -4.581292 -2.279999 -0.507431 0.224618 -3.786025
1.431992 -25.92424 -12.09812 0.54884 0.927063 0.12645 3.111048 1.6446 -1.457196 -0.723784 0.772853 -0.171322 1.003639 -1.053534 -0.554099
-2.568008 -35.92424 -12.09812 0.789477 -5.84068 -0.040984 -1.892428 3.769855 -5.370394 -0.319417 -4.635138 1.453177 -0.779327 0.628065 -2.253397
-2.568008 -11.92424 -10.09812 2.081424 5.820389 1.313354 2.8957 6.415516 -1.732006 -2.530793 3.579743 0.158301 4.310606 1.429255 7.289176
-4.568008 -11.92424 -10.09812 0.641201 4.328155 0.402672 4.60942 3.803916 2.532051 -2.143931 4.113809 -3.237556 2.953166 -2.185644 5.334346
3.431992 -13.92424 -10.09812 2.503645 -6.287487 2.596452 -4.131706 4.725748 -0.902377 -1.129312 -2.890259 2.029969 -4.691921 -1.75346 0.250294
-2.568008 -13.92424 -10.09812 1.895881 5.997799 3.132168 0.916687 3.835075 -0.433919 -0.489243 5.645775 -0.46629 2.994458 2.314385 9.297874
-4.568008 -13.92424 -10.09812 3.532522 2.172939 3.465998 0.885007 2.336998 4.766195 -1.908361 2.06028 -3.682842 0.875788 -1.909293 -0.163015
-6.568008 -13.92424 -10.09812 -0.759129 1.531669 3.226329 1.56403 2.669967 2.710753 -2.439335 0.113439 -1.11262 2.899319 -2.035754 -0.599238
3.431992 -15.92424 -10.09812 2.733289 -3.388856 0.188198 -0.010456 5.05013 0.630103 -0.074993 -3.19087 3.839451 -6.591515 -0.018422 -2.333107
1.431992 -15.92424 -10.09812 4.576241 -3.048032 4.365403 -5.327529 8.246301 0.930092 1.220814 -6.655988 2.184607 -11.4013 4.409011 2.403397
-2.568008 -15.92424 -10.09812 2.110041 4.194714 1.712994 0.420095 2.006043 0.358214 1.431189 3.113173 -1.072904 0.503704 0.68598 5.66242
-4.568008 -15.92424 -10.09812 5.908874 0.869221 5.034197 -0.584379 1.99112 1.202903 -1.020028 -2.188086 -2.521404 -1.652865 -0.004037 -6.555877
-6.568008 -15.92424 -10.09812 0.010932 1.187421 3.824179 -1.590417 0.016608 3.412431 -3.251402 -5.306653 -3.451457 -0.368258 -3.41368 -3.495373
3.431992 -17.92424 -10.09812 1.220142 2.523165 1.673439 3.058408 4.830301 4.002225 -0.477259 -1.680099 3.004459 -1.829633 0.48636 -5.234017
1.431992 -17.92424 -10.09812 2.947349 2.302034 4.001621 -1.645985 7.990086 6.61747 0.064041 -4.833054 -1.520697 -6.015837 2.46947 -1.918775
-2.568008 -17.92424 -10.09812 1.52619 2.730212 -1.389577 0.383496 0.782211 -1.136297 0.624649 0.234237 -2.787878 -3.463647 -4.092519 1.317429
-4.568008 -17.92424 -10.09812 5.396355 0.533418 5.797061 0.276428 2.362797 -2.835553 -0.163113 -4.106617 -0.671848 -3.663666 0.060294 -5.286569
-6.568008 -17.92424 -10.09812 1.75547 1.598951 4.256269 0.73415 1.605665 5.483504 -3.143855 -5.980056 -3.332843 -0.17504 -4.620594 -2.972124
3.431992 -19.92424 -10.09812 -1.700885 3.267672 0.437747 1.524414 1.513319 2.428324 -2.552949 -1.124725 0.503983 2.365523 -2.203292 -7.63896
1.431992 -19.92424 -10.09812 -1.183768 4.403701 1.752449 0.431891 2.360903 7.603328 -2.499774 -1.606733 -4.187799 0.073894 -2.007424 -5.968983
-2.568008 -19.92424 -10.09812 1.425949 1.84279 -2.99971 -0.390288 -0.995752 -1.309096 -0.705064 0.073738 -3.030289 -6.780578 -4.789028 -0.747921
-4.568008 -19.92424 -10.09812 4.62318 1.625996 3.835276 0.764884 1.329306 -1.958322 -1.345455 -2.77558 -0.572355 -4.413523 -0.152034 0.984772
-6.568008 -19.92424 -10.09812 2.768644 1.112017 4.034293 1.554431 1.474067 6.979088 -3.561507 -3.386336 -0.826047 0.562124 -3.159677 -1.458434
3.431992 -21.92424 -10.09812 -5.367005 -1.258919 -4.388046 -1.96588 -3.266962 -2.49566 -4.42957 -2.717945 -1.188379 2.076654 -5.59328 -8.773725
1.431992 -21.92424 -10.09812 -5.920536 1.599574 -3.401924 -0.308397 -5.290025 3.227524 -2.936389 -2.994344 -4.11052 0.804458 -4.973773 -7.612131
-2.568008 -21.92424 -10.09812 3.082105 1.277291 -0.78545 -0.451624 -0.992544 2.770759 -0.009025 2.012972 0.491903 -5.379493 0.269642 0.462947
-4.568008 -21.92424 -10.09812 3.355689 3.095119 -0.18921 0.609395 -0.589736 1.71147 -2.889522 -1.082188 -0.861459 -2.382726 1.019727 4.422684
3.431992 -23.92424 -10.09812 -5.053146 -2.436903 -3.065877 -2.779439 -4.038085 -3.444615 -2.859005 -2.83432 -0.772616 -0.989345 -5.259549 -7.937743
1.431992 -23.92424 -10.09812 -6.962287 0.320243 -6.083206 -0.534476 -6.617085 -1.223075 -1.99676 -4.692657 -1.826605 -1.293037 -4.274914 -7.21146
-0.568008 -23.92424 -10.09812 1.642218 4.176997 -1.162167 1.563279 -2.859518 2.470978 -0.527283 -2.182715 0.34099 2.570788 0.936195 -1.411259
-2.568008 -23.92424 -10.09812 5.652044 0.627614 2.641536 0.381924 0.729796 6.42111 0.654575 3.596194 3.465629 -0.472849 3.083451 1.677667
1.431992 -25.92424 -10.09812 -3.389658 4.39728 -4.052368 1.242487 -2.005887 -2.145937 -1.979968 -2.203286 1.16419 -3.58969 -1.252529 -5.762115
3.431992 -29.92424 -10.09812 0.956614 3.07616 0.058814 -2.979916 2.068389 2.624323 -1.003756 2.755754 0.783473 2.507926 -2.554163 5.208179
1.431992 -29.92424 -10.09812 -1.473652 1.017692 1.445638 -1.566564 -2.811851 0.577841 -1.010371 2.444545 3.811135 1.941472 -5.014299 3.617809
3.431992 -31.92424 -10.09812 0.026293 1.233305 -0.974145 -2.402905 3.035987 0.913309 -0.315568 2.556029 0.247363 -3.057168 0.798739 0.662388
3.431992 -33.92424 -10.09812 -0.716455 -2.836261 -3.28411 -1.074751 -0.053005 1.283684 1.352058 2.106052 0.160378 0.290329 0.567485 -1.594911
-0.568008 -33.92424 -10.09812 1.12758 0.486101 -0.033269 -0.939367 0.010247 1.83104 0.289061 -0.295269 2.315274 0.8295 0.320294 -3.386218
-2.568008 -33.92424 -10.09812 1.846928 -1.872277 -0.528705 0.471394 -1.333819 0.364372 -0.949595 -0.616332 1.14318 -0.270757 -2.445817 -1.606912
3.431992 -35.92424 -10.09812 0.216982 -1.030637 -1.728364 -0.510221 -2.108105 0.594068 -0.376749 -0.801027 -0.307861 3.081783 0.645169 -0.047088
-0.568008 -35.92424 -10.09812 3.261042 -1.55323 1.263504 0.74965 3.08325 2.186848 -1.295204 -3.783989 3.060035 -0.599522 -0.913096 -3.949867
-2.568008 -35.92424 -10.09812 3.161414 -3.280821 -1.409028 -0.46495 0.617774 1.248494 -2.100986 -4.285989 0.185321 -3.934062 -2.554024 -1.858342
-4.568008 -35.92424 -10.09812 0.743016 -1.181993 -3.688471 -1.159808 -4.101314 3.766011 -2.434574 -2.492599 -3.745414 0.758601 -3.932651 2.66894
-2.568008 -37.92424 -10.09812 1.965603 -1.188142 -3.080427 0.791369 -0.475757 4.549677 -1.830873 -1.133618 -0.648178 -2.858492 -5.333297 -2.872572
-4.568008 -37.92424 -10.09812 0.517861 -0.469737 -1.630198 0.378513 -0.898771 3.375187 -2.380288 -1.945553 -2.325289 -3.291967 -2.614795 -1.38072
5.431992 -11.92424 -8.098122 3.475414 5.245777 4.764308 5.896933 5.259112 3.633085 -1.421341 -2.055226 1.815472 2.447565 -1.447371 -1.03813
3.431992 -11.92424 -8.098122 3.686511 -0.761193 4.523168 0.45317 2.002628 7.88195 -0.486253 2.383663 2.580038 2.206093 -3.660745 -2.529438
5.431992 -13.92424 -8.098122 5.372299 4.862086 9.258078 -0.106954 5.700805 4.331683 -3.067796 -3.242834 1.850728 0.514388 -2.369815 -1.864574
3.431992 -13.92424 -8.098122 0.376658 -1.791939 4.894722 -3.805967 4.33537 1.241565 -1.971741 -2.611597 1.973791 -0.327125 -6.916562 -3.642712
-4.568008 -13.92424 -8.098122 -1.700813 0.878533 4.013331 0.059254 -0.38997 1.248765 1.374408 3.797632 -3.125499 6.187662 0.855347 3.679357
-6.568008 -13.92424 -8.098122 -1.412625 4.961699 5.751493 3.755875 0.954591 3.419213 2.308641 3.984358 1.230003 3.370377 1.568014 5.898447
5.431992 -15.92424 -8.098122 3.027114 3.811694 7.740769 -0.790946 2.879609 2.666072 -3.008423 -2.493057 1.130953 2.646563 -1.394055 -0.39203
3.431992 -15.92424 -8.098122 -2.773202 -0.84695 2.902153 -2.754604 2.906632 -4.523318 -1.268584 -6.164708 1.544576 -1.491875 -3.320946 -3.611394
-4.568008 -15.92424 -8.098122 -2.372705 -0.450357 4.274759 -2.590472 -2.227823 -1.132876 0.731479 2.533243 -3.357716 -0.914616 -1.291962 -3.902387
-6.568008 -15.92424 -8.098122 -2.461695 2.696366 5.076851 -0.489742 0.40375 0.952165 -1.391693 1.997636 -2.732924 -5.016878 -0.481733 -0.734674
3.431992 -17.92424 -8.098122 -2.775578 -0.02162 1.459053 3.602844 -0.01962 -2.392397 -0.693203 -4.654055 2.488251 1.246903 1.651181 -3.312295
-2.568008 -17.92424 -8.098122 3.39942 5.393455 -2.614695 -1.314435 4.808674 -0.545134 2.018322 4.267433 0.044744 0.789453 1.253274 2.508772
-4.568008 -17.92424 -8.098122 -3.183245 -2.170782 2.54891 -2.780685 -1.305777 -3.294722 -0.245872 0.919791 -1.170856 -5.919619 -2.779356 -6.760757
3.431992 -19.92424 -8.098122 1.542503 0.754703 0.103363 5.627915 -3.758111 0.801833 -1.96599 -1.704272 2.680709 0.962923 0.518507 -2.13921
1.431992 -19.92424 -8.098122 -1.837975 0.762299 0.948345 2.514236 -3.348244 4.549178 -3.307798 0.05645 -0.918803 -2.813038 -1.047713 0.193547
-2.568008 -19.92424 -8.098122 1.604522 8.225636 -4.037099 -1.6644 2.820866 -2.340172 -0.868822 3.131675 0.549204 -1.022123 -1.034839 1.604813
-4.568008 -19.92424 -8.098122 0.201476 -3.067162 0.515697 -1.773059 -0.820904 -2.970666 -1.788926 1.865338 0.211426 -4.800581 -3.262506 -3.160326
3.431992 -21.92424 -8.098122 2.000545 0.551497 -3.066622 1.045179 -6.495628 0.729388 -4.235023 -1.130469 1.360494 -4.240128 -3.869592 -2.326024
1.431992 -21.92424 -8.098122 -1.550176 0.837478 -4.132974 -0.986972 -10.00646 5.95867 -4.35109 -0.593485 -2.182276 -2.516499 -4.365568 -0.709619
-2.568008 -21.92424 -8.098122 -1.435558 10.26421 -4.992999 -1.450205 -2.003205 1.435366 -2.095067 5.956452 0.363523 1.29228 -0.290392 4.768257
-4.568008 -21.92424 -8.098122 4.898165 -1.169108 -1.254578 -2.259732 -0.087812 0.912341 -1.707353 5.413292 -0.386179 1.458784 -1.898067 1.817447
3.431992 -23.92424 -8.098122 -2.932368 0.78228 -2.0846 -2.768841 -4.088784 1.729721 -5.008936 -1.977907 0.763724 -7.085221 -4.281132 -2.472157
1.431992 -23.92424 -8.098122 -3.453758 -0.935011 -7.716317 -3.639078 -8.987735 2.99459 -4.332353 -4.798947 -0.950707 -5.173824 -3.898403 -4.271422
-2.568008 -23.92424 -8.098122 -2.355088 9.045182 -3.374849 -1.90087 -5.167765 6.749889 -0.692524 8.489338 0.372223 4.667153 0.887738 7.338083
-4.568008 -23.92424 -8.098122 4.626866 2.184511 -2.509448 -3.012258 0.607504 3.941299 1.901854 6.833106 0.128681 6.015679 -0.264719 3.284016
-6.568008 -23.92424 -8.098122 2.337435 -0.357298 1.346608 -3.557155 1.626945 3.944089 0.735308 0.982761 -0.326883 3.930054 -1.057853 -0.407403
3.431992 -25.92424 -8.098122 -2.168284 3.094256 2.617025 -3.464649 0.218697 3.668606 -2.716001 -2.10683 1.608191 -4.109494 -1.120111 -1.368149
-4.568008 -25.92424 -8.098122 2.321532 4.904419 -0.616043 -0.441085 0.727646 0.878055 3.618978 2.233769 0.552633 3.367619 -0.077599 1.601998
-6.568008 -25.92424 -8.098122 -0.197555 5.310207 1.241657 0.524243 2.040208 3.098138 1.814514 0.213 -0.046241 2.775232 1.002874 2.162876
3.431992 -27.92424 -8.098122 1.886112 4.615353 1.851979 -4.967853 0.644599 1.313018 -1.431067 -1.600455 2.271735 0.698874 -0.999744 0.005086
-4.568008 -27.92424 -8.098122 0.361525 4.588573 2.397406 1.192411 -1.838786 -2.539986 -1.709955 -2.618147 -1.81075 0.595535 -0.995807 -0.917148
-6.568008 -27.92424 -8.098122 -0.043413 5.685811 1.061029 1.707112 -1.278958 0.309739 -2.212448 -1.814074 -0.587949 1.518275 -0.444005 1.841858
3.431992 -29.92424 -8.098122 3.101826 2.351367 -1.57057 -3.3377 -0.245911 1.587607 -1.768412 -0.394322 0.796008 0.52413 -2.60353 1.742085
1.431992 -29.92424 -8.098122 2.036508 -1.434303 -3.31781 -3.938944 -4.532231 0.947057 -1.580295 0.661223 3.884786 1.492078 -2.499802 0.371971
-4.568008 -29.92424 -8.098122 0.413596 1.89839 1.620672 -0.274002 -4.747048 -1.081342 -2.367684 -4.557268 -0.430265 -1.774792 -3.426432 -3.282136
-6.568008 -29.92424 -8.098122 2.756097 3.339042 -0.807615 -1.051322 -2.589711 -1.930618 -2.253317 -6.304593 -1.438113 -2.541904 -4.328766 -3.101043
3.431992 -31.92424 -8.098122 2.397756 -1.591799 -2.958802 -0.082577 1.279038 4.591647 -1.725108 -0.272755 -1.970722 -2.754603 -0.629934 -1.057648
1.431992 -31.92424 -8.098122 2.098156 -4.674975 -2.366413 -2.066859 -2.697003 2.048362 -0.060515 -0.219413 0.622697 -1.75316 -1.643898 -1.038227
-2.568008 -31.92424 -8.098122 -2.619489 -2.485572 -1.013427 -1.368617 -3.990882 0.076035 -3.0257 -3.133106 -1.148597 -3.318557 -3.50909 -1.353035
-4.568008 -31.92424 -8.098122 1.963309 -1.377462 0.345004 -1.347342 -3.269761 0.637243 -3.42952 -4.418722 -1.4463 -6.677213 -4.328724 -4.596233
-6.568008 -31.92424 -8.098122 2.977478 3.468613 1.642643 -1.789065 -2.514924 1.766215 -2.762008 -5.279587 -0.074912 -2.924684 -4.757452 -2.306249
3.431992 -33.92424 -8.098122 -2.994689 -2.95109 -1.593449 0.16009 -0.501898 4.479759 -1.049481 -0.682596 -1.276745 -1.929388 -2.323375 -2.386508
1.431992 -33.92424 -8.098122 -1.022751 -4.577047 -0.389243 -2.049227 -0.386568 1.310637 1.315845 -0.573916 -0.447715 1.231451 -1.958081 -2.3526
-0.568008 -33.92424 -8.098122 0.131478 -0.36238 0.838932 -2.398838 -0.144458 1.31067 -0.298175 -2.84477 0.011479 -0.888613 -1.603888 -4.508991
-2.568008 -33.92424 -8.098122 2.49316 5.416929 0.21193 0.287703 -1.302501 4.578454 -2.158046 -3.47227 -0.970751 -3.27933 -3.313559 -1.935251
-4.568008 -33.92424 -8.098122 4.359756 5.052542 1.337425 1.558418 -2.3285 6.639976 -2.824284 -6.476698 -0.964724 -5.424816 -4.526255 -1.352741
5.431992 -35.92424 -8.098122 -0.046502 1.258068 0.152861 0.206033 0.094497 0.479918 -1.661318 -1.848778 -1.340263 1.055598 0.662651 1.429737
3.431992 -35.92424 -8.098122 -1.474867 -1.722226 0.908945 -1.020113 -0.983563 0.418262 -1.795976 -1.283467 -2.660198 -1.659161 -1.104384 -0.659292
1.431992 -35.92424 -8.098122 2.175869 -2.717908 0.538366 -1.007548 2.632982 4.762726 1.583023 1.395831 -2.806899 1.762031 -0.951926 2.671832
-0.568008 -35.92424 -8.098122 2.781919 0.458817 0.671873 -0.650798 0.571167 5.778125 -0.48695 -1.367752 -0.419501 1.267038 -1.467815 -0.546556
-2.568008 -35.92424 -8.098122 2.57495 4.140729 1.672884 0.890531 -4.445926 7.411376 -3.79786 -4.866066 -3.2166 -2.856636 -7.217092 -3.699136
3.431992 -37.92424 -8.098122 2.431513 2.069905 4.640091 0.396931 0.323237 2.090392 -0.902556 0.165747 -1.273841 -1.129346 -2.561471 2.750001
-0.568008 -37.92424 -8.098122 3.687358 -2.128845 0.61883 -1.172688 -1.726458 6.754425 -2.038363 -0.601636 -1.354088 1.560387 -3.211389 0.438332
-2.568008 -37.92424 -8.098122 0.886335 -2.900524 -1.147059 -1.150031 -5.587929 4.788586 -3.939086 -4.237016 -3.136279 -3.721192 -9.143455 -5.722735
-4.568008 -37.92424 -8.098122 -0.039973 -2.415969 0.316743 -0.127195 -1.398971 4.415831 -1.916286 -4.867455 -2.050456 -6.035602 -5.491566 -3.929422
3.431992 -39.92424 -8.098122 2.426205 1.809879 3.821118 0.98099 1.86771 2.774199 -0.631642 -0.769757 1.462183 -1.83593 -4.280176 0.720442
-2.568008 -39.92424 -8.098122 1.051658 -4.936423 -2.175455 -2.733923 -0.181551 1.185628 -1.463004 -3.274908 -0.262604 -5.932885 -4.172826 -4.30829
-4.568008 -39.92424 -8.098122 0.251101 -3.807866 -1.377535 0.223082 1.928298 0.458528 -0.001612 -1.099519 0.700057 -4.451634 -2.76327 -2.398427
5.431992 -13.92424 -6.098122 5.126894 1.865204 6.121179 -0.762659 3.123686 5.417697 -3.796843 -3.066971 3.738636 -2.050731 2.69115 -3.745692
3.431992 -13.92424 -6.098122 0.753825 7.968893 4.935681 0.168215 5.055876 6.161964 -2.739713 -1.997402 4.52782 5.412186 -1.248111 -3.255635
5.431992 -15.92424 -6.098122 5.713827 0.382748 7.903918 -1.879356 2.890467 5.000744 -1.812672 -5.470541 1.535611 -2.558802 4.739982 -4.211987
3.431992 -15.92424 -6.098122 -2.439473 6.374675 3.701855 -1.58481 3.344436 0.468886 -2.261965 -5.598994 1.279827 3.861572 -0.008257 -5.941531
5.431992 -17.92424 -6.098122 3.932557 -0.014587 5.013302 1.534219 2.413588 4.873173 0.450164 -4.357406 1.31608 -0.14095 5.417163 -2.629188
3.431992 -17.92424 -6.098122 -2.491738 3.107295 0.823616 3.160727 0.583896 -1.77715 -0.193945 -4.647793 0.420996 2.247901 0.950489 -4.720479
-2.568008 -17.92424 -6.098122 2.147331 -5.795676 -2.183489 -2.667258 6.035104 -3.283952 2.719315 6.273259 -1.54099 -0.187262 4.609838 -2.363131
-4.568008 -17.92424 -6.098122 -6.30092 0.256874 2.8211 -2.528333 2.0007 -1.000056 1.461888 -0.180058 -1.969898 1.197235 0.795317 -4.873108
5.431992 -19.92424 -6.098122 2.757818 -2.125562 2.104175 3.372506 1.954903 3.122803 -0.324765 -3.162822 3.580189 0.149129 2.087398 -0.711722
3.431992 -19.92424 -6.098122 0.14289 1.164881 -0.277972 5.12705 -2.058355 -0.618832 -0.698301 -3.088063 2.388701 1.335948 -1.803636 -2.32163
-2.568008 -19.92424 -6.098122 1.161898 -1.290594 -0.040158 -1.796723 5.93039 -7.267554 0.838518 3.984318 -2.366134 -5.321739 1.922917 -2.793685
-4.568008 -19.92424 -6.098122 -1.718705 0.646221 2.874143 -1.036096 2.759873 -2.198473 -0.04784 1.018807 -1.676837 -0.074764 -1.547818 -2.487567
5.431992 -21.92424 -6.098122 -1.012825 -3.528316 -0.7157 1.638754 -1.301852 0.850833 -1.823777 -2.300825 3.388336 -1.782308 -4.711323 -0.07505
3.431992 -21.92424 -6.098122 2.594629 1.903854 -1.240822 1.556936 -3.210178 1.825591 -1.168331 -2.288331 2.217268 -0.79832 -4.085064 -0.196526
-2.568008 -21.92424 -6.098122 -2.029115 7.804179 0.166615 0.031949 1.199858 -1.970538 -0.986275 4.49581 -3.775899 -3.69824 -1.86252 1.995455
-4.568008 -21.92424 -6.098122 2.187058 5.079208 3.44643 -0.32445 1.066598 1.950103 -0.521564 4.693842 -2.090175 0.745317 -3.936311 0.769259
-6.568008 -21.92424 -6.098122 0.001004 3.21972 0.652207 0.770534 -1.579589 5.892153 0.620462 5.03721 -2.788894 0.421136 -5.427266 2.721017
5.431992 -23.92424 -6.098122 -5.628613 -0.550748 -0.669828 -0.093145 -2.89851 0.763281 -3.831585 -0.824924 1.827929 -0.667357 -7.414161 -0.240787
3.431992 -23.92424 -6.098122 -1.79708 3.937769 -1.390214 -1.110821 -1.55012 5.92831 -2.093427 0.497339 1.929985 -3.044045 -3.693825 2.284765
-2.568008 -23.92424 -6.098122 -2.889262 14.15347 -0.852882 0.43343 -4.64257 5.044902 -0.595014 5.776716 -4.432903 0.368195 -1.724189 6.128062
-4.568008 -23.92424 -6.098122 2.166875 9.845786 3.401854 -1.180344 -0.919831 4.535682 1.885807 5.857588 -2.402043 1.448511 -3.070644 1.742062
-6.568008 -23.92424 -6.098122 0.624401 5.885712 1.99684 -0.201007 -1.012453 4.941364 1.304205 4.065014 -1.515704 1.83746 -5.456154 3.397053
5.431992 -25.92424 -6.098122 -4.163724 4.463453 3.301821 -2.751331 0.758732 4.51121 -2.811959 -0.121053 2.230436 0.475987 -2.361038 3.112867
3.431992 -25.92424 -6.098122 -4.544231 5.402902 2.647671 -1.8238 0.338684 8.067296 -0.885699 2.599052 3.476935 -2.685761 -0.85607 5.493314
-2.568008 -25.92424 -6.098122 -0.041608 10.35575 -1.27461 -1.254951 -6.439864 2.014032 -0.817852 1.384114 -3.813938 0.477143 -1.451752 3.441903
-4.568008 -25.92424 -6.098122 0.864491 7.390618 3.258675 -0.87427 -1.74731 0.183059 2.491938 1.201077 -0.901783 -0.151414 -0.126954 1.3185
-6.568008 -25.92424 -6.098122 -1.41931 6.740737 2.101916 0.613554 -1.637143 1.293395 1.362676 1.164389 -0.051525 1.93774 -2.339947 1.866866
5.431992 -27.92424 -6.098122 -2.209457 4.230701 1.765785 -2.674099 1.820002 4.94467 0.011958 0.482653 2.380939 0.208929 -1.155783 2.576648
3.431992 -27.92424 -6.098122 -1.713089 4.189027 3.94886 -3.787764 -0.835731 3.868597 1.98367 0.995173 2.4655 -0.443909 0.261058 2.729264
-2.568008 -27.92424 -6.098122 0.949545 4.800205 -0.340854 1.557794 -2.163176 2.438456 -3.626806 -4.213557 -1.224751 0.27888 -2.126521 2.98011
-4.568008 -27.92424 -6.098122 3.14677 2.500229 4.054319 0.372005 -1.114236 0.828284 -1.60708 -1.999541 -1.983364 1.637739 -1.320471 0.34517
-6.568008 -27.92424 -6.098122 2.716787 3.232903 1.487174 0.796484 -0.598284 2.103186 -1.574987 0.322838 -0.265548 3.808007 -2.518532 1.395383
-8.568008 -27.92424 -6.098122 4.328964 4.003611 0.940775 0.975667 1.496385 5.172087 -2.116862 1.055015 0.732537 2.779531 -2.104273 3.362097
5.431992 -29.92424 -6.098122 -1.345887 6.846689 -3.088418 3.161881 1.669273 2.448188 -1.332471 1.475508 -1.380861 1.156372 -5.363006 3.212043
3.431992 -29.92424 -6.098122 0.344371 1.930533 1.002282 -0.690626 -1.826587 0.830481 0.776381 0.622656 -1.257056 0.526098 -1.12308 0.898707
1.431992 -29.92424 -6.098122 1.441284 -1.0248 0.467289 -1.954921 -2.136949 2.495486 0.494103 -3.144393 0.746787 -0.471006 -1.200527 -3.291557
-2.568008 -29.92424 -6.098122 -2.840767 8.65209 -2.331541 1.629666 -3.650818 4.054987 -1.638417 -2.559046 -1.005427 -1.411628 -2.477831 1.688261
-4.568008 -29.92424 -6.098122 2.480844 4.481905 1.393626 1.053563 -3.420994 0.610191 -1.714486 -3.660881 -1.690947 -0.45071 -1.689006 -1.110326
-6.568008 -29.92424 -6.098122 5.392476 1.027182 1.198763 -0.619624 -0.366281 0.576727 -2.134751 -3.533725 -1.529406 -1.012938 -2.152674 -1.629665
-8.568008 -29.92424 -6.098122 4.879471 4.902678 1.967256 1.151394 1.584199 3.460638 -2.311012 -1.70551 -1.135185 0.744877 -3.006919 1.028227
5.431992 -31.92424 -6.098122 -1.730525 3.191791 -3.641589 3.20358 0.428338 1.443676 -3.323826 1.810826 -4.823159 2.40925 -5.664665 2.69174
3.431992 -31.92424 -6.098122 1.070957 0.261225 -1.57999 1.288913 0.874585 1.680187 -1.186531 2.241511 -3.182999 1.300583 -0.128509 0.317332
1.431992 -31.92424 -6.098122 -0.820614 -2.691143 0.350583 -1.240678 -2.084039 4.891681 -0.34608 -1.466544 -0.494043 -0.759475 -0.795282 -2.174761
-6.568008 -31.92424 -6.098122 5.82406 2.101482 1.300977 0.635644 -1.553812 2.032282 -1.52853 -2.391008 -1.506592 -1.37665 -2.226622 1.522023
-8.568008 -31.92424 -6.098122 5.34903 3.699919 2.536779 -0.757046 1.835143 3.862888 -1.280531 -0.957359 0.063006 -1.256326 -3.181549 3.591884
3.431992 -33.92424 -6.098122 -0.322425 0.421239 -1.853355 0.547126 -1.007832 1.120037 -1.951127 2.232182 0.449646 -1.145208 -2.378132 -1.261664
1.431992 -33.92424 -6.098122 -1.416092 1.853176 1.115317 -0.984154 -0.150713 1.366301 0.013819 1.159102 0.759683 -0.452106 -1.436601 -1.215165
-2.568008 -33.92424 -6.098122 0.008785 5.599856 -0.123918 1.703978 -0.815694 3.775573 -3.040585 -4.004928 -1.639853 -3.281798 -2.074752 -2.470532
-4.568008 -33.92424 -6.098122 4.379909 9.235531 4.446516 3.170476 0.011808 7.022833 -1.257323 -2.89362 -1.491694 -3.984239 -0.766659 -0.114703
-6.568008 -33.92424 -6.098122 4.059744 4.500154 3.868764 0.476242 -0.214037 4.442612 -2.274516 -3.987659 -0.85079 -1.227336 -2.066648 2.523483
-8.568008 -33.92424 -6.098122 3.327247 2.496534 0.22184 -0.869958 0.356826 3.459592 -2.403875 -2.007757 -0.770015 -0.038243 -2.793372 5.459818
3.431992 -35.92424 -6.098122 -0.984118 0.853632 -1.495771 1.008302 -2.26759 1.707826 -1.472567 -0.13735 -1.166753 -0.626806 -1.305247 0.315276
1.431992 -35.92424 -6.098122 -0.408388 3.304749 0.204518 0.213663 1.289159 3.752575 2.019574 3.043866 -1.475435 -0.049957 -0.109173 3.856895
-2.568008 -35.92424 -6.098122 3.958309 4.836612 2.476032 1.693562 -0.344157 7.94061 -4.891981 -4.781646 -1.341517 -3.915895 -5.629807 -4.656625
-4.568008 -35.92424 -6.098122 4.322421 5.771473 4.072927 1.36058 -0.268461 7.011007 -3.565916 -4.325697 -2.10559 -6.77213 -4.97804 -2.369698
-6.568008 -35.92424 -6.098122 3.241469 0.563725 3.939309 -0.828208 1.395963 1.333973 -1.913652 -4.717732 -0.967916 -3.490572 -2.064309 -0.100151
5.431992 -37.92424 -6.098122 0.839902 5.562811 1.195302 2.37989 0.215591 3.667099 -0.67907 1.501703 1.611426 3.731462 1.822208 6.532786
3.431992 -37.92424 -6.098122 1.302322 2.197467 2.508943 1.600255 0.692738 2.78295 -0.307416 0.450187 -0.068322 -0.129784 0.615395 3.144784
1.431992 -37.92424 -6.098122 4.159309 -0.007067 2.398415 -0.472077 1.553086 4.344614 0.256249 -0.717272 -1.276739 -0.393867 0.54151 1.249554
-2.568008 -37.92424 -6.098122 3.9934 0.132845 1.973193 -1.614943 -0.711984 6.108731 -5.109747 -4.203012 -0.905377 -4.066604 -8.726328 -5.560112
-4.568008 -37.92424 -6.098122 0.945291 0.32023 -0.205562 -0.101642 0.620371 3.495931 -2.734491 -3.462225 -1.660832 -3.342851 -4.272866 -2.482081
3.431992 -39.92424 -6.098122 0.595826 0.15931 3.269799 1.166511 2.97376 2.596092 0.295836 0.178731 0.965492 -2.230437 -0.066029 0.432259
-2.568008 -39.92424 -6.098122 3.003908 -2.059456 2.818318 -3.270569 -0.276745 2.049879 -3.031623 -2.407783 0.137912 -3.633759 -4.528646 -2.158061
5.431992 -15.92424 -4.098122 2.155019 -6.553705 2.282862 -1.60712 -1.166491 2.712607 -4.116013 -2.11209 2.251735 -6.001732 6.711534 -6.155454
5.431992 -17.92424 -4.098122 5.103168 -2.92581 3.74687 -1.223289 -0.941422 5.471012 -2.397174 -2.978385 3.947349 -10.84798 6.687873 -1.618605
3.431992 -17.92424 -4.098122 -3.280878 -2.736363 0.089908 -0.554487 3.065206 2.108894 -2.354669 -4.135265 0.099432 -5.07117 -0.153371 -9.457058
5.431992 -19.92424 -4.098122 4.342715 -2.822451 1.475097 1.42884 -0.166077 6.098927 -3.223222 -3.561096 5.160998 -4.725834 1.786895 1.981941
3.431992 -19.92424 -4.098122 -0.993035 -4.003039 -4.079566 2.041127 2.395094 2.392644 -1.658231 -4.077636 2.052578 -4.298437 -4.287307 -5.096943
1.431992 -19.92424 -4.098122 -3.771721 -6.819127 0.163235 2.197296 1.293173 -4.621619 -0.722817 -2.93291 -0.799896 -8.843822 -14.5059 -2.41208
7.431992 -21.92424 -4.098122 2.416221 -2.314995 -0.338388 0.13766 -0.305713 0.115413 -2.541611 -1.061487 5.119752 5.83933 2.942432 1.402783
5.431992 -21.92424 -4.098122 1.592185 -4.809298 -1.081527 2.871061 -0.646514 2.082447 -2.4771 -2.176488 4.439193 5.764754 -3.060375 2.990101
3.431992 -21.92424 -4.098122 2.796488 -6.217228 -1.417624 0.065913 2.507449 3.862028 0.563981 -4.135422 2.337816 0.827141 -2.527811 -3.436847
1.431992 -21.92424 -4.098122 0.970257 -7.342387 1.743819 -3.36354 3.811644 -4.835762 1.52929 -5.324559 1.889513 -8.89056 -9.038834 -2.461937
-0.568008 -21.92424 -4.098122 0.89373 -2.292437 3.801126 -2.093084 5.620397 -6.759141 1.325224 -0.544697 0.522302 -4.201509 -6.550463 -4.468916
-2.568008 -21.92424 -4.098122 -2.102563 -0.431492 0.531323 0.24987 1.157787 -1.659878 -1.133992 0.354243 -6.055164 -4.410598 -4.546161 -3.042151
7.431992 -23.92424 -4.098122 2.806954 -0.772056 -0.353505 0.455613 -4.207281 0.354249 -2.542869 1.083255 1.963102 2.667127 -3.216221 1.670845
5.431992 -23.92424 -4.098122 0.236768 -2.988652 -1.638015 -0.094586 -2.799074 -2.14772 -2.130542 -0.966136 0.91665 7.254655 -6.189624 0.621381
3.431992 -23.92424 -4.098122 2.45362 -3.844097 -0.181448 -1.653803 -0.455893 5.724844 0.071387 -2.354833 0.608688 4.089119 -0.508259 -3.883173
1.431992 -23.92424 -4.098122 5.068391 -3.83814 4.667609 -6.012698 4.608898 -0.721428 1.73785 -5.866474 1.969576 -4.203947 -1.413085 -2.083971
-0.568008 -23.92424 -4.098122 3.911823 4.059047 4.788945 -1.906423 4.407308 -1.515247 2.057208 -2.770685 2.036148 -3.812068 0.92197 1.22944
-2.568008 -23.92424 -4.098122 -0.861038 10.48591 3.364258 2.351991 -0.524 4.991211 -1.10502 0.157725 -4.173694 -3.212938 -1.209297 4.571123
7.431992 -25.92424 -4.098122 2.200901 1.344252 1.119324 0.052659 -5.938171 1.819962 -2.722992 -1.36304 -0.354576 1.708494 -3.45706 0.736016
5.431992 -25.92424 -4.098122 0.931285 2.33188 0.369283 -0.463966 -3.347485 1.551703 -2.405832 -3.68584 -0.869379 2.227424 -4.446557 3.124093
3.431992 -25.92424 -4.098122 -0.227772 1.785179 -0.134837 -2.254004 -1.865022 4.541574 -1.135294 -0.131517 1.231958 2.587012 0.638987 0.578495
1.431992 -25.92424 -4.098122 1.805065 -2.002214 4.186694 -4.85476 -0.115098 -1.516324 1.36805 -3.281153 3.495203 0.994239 1.422368 -0.749504
-0.568008 -25.92424 -4.098122 5.553329 2.27657 1.669402 -0.614193 0.090229 -3.057838 1.309392 -3.893486 1.369796 -4.737495 0.966123 2.3431
-2.568008 -25.92424 -4.098122 1.327588 8.565795 0.530859 3.056553 -3.966075 1.706854 -2.049996 -1.022175 -2.453838 -3.929229 -0.144756 1.180294
7.431992 -27.92424 -4.098122 1.874104 1.727943 -2.672236 -0.992773 -3.756808 1.469693 -2.854973 1.997585 0.858912 3.914538 -2.273357 0.921977
5.431992 -27.92424 -4.098122 1.29048 0.597357 -0.833488 -0.951066 -1.308343 2.504679 -1.768684 -0.159439 -1.391991 1.718052 -2.754031 1.870584
3.431992 -27.92424 -4.098122 3.329039 -2.608196 1.150384 -3.904581 1.464468 1.518227 1.361346 -1.502344 0.074854 0.495905 3.013485 -1.047794
1.431992 -27.92424 -4.098122 2.076655 -1.883651 3.007593 -1.504879 -0.343117 -0.668684 2.291746 -0.990457 1.243837 3.097463 0.902905 1.56355
-0.568008 -27.92424 -4.098122 2.022324 7.332833 -1.501529 2.849276 0.243672 2.708811 -0.752208 -3.710501 0.839993 1.306873 -1.221082 8.275146
-2.568008 -27.92424 -4.098122 0.220841 5.804953 -1.845629 4.004528 -2.229791 4.917292 -3.376716 -3.318616 -2.609951 2.498101 -2.216989 6.850555
-4.568008 -27.92424 -4.098122 -0.88162 0.830866 -1.034317 -0.652049 -3.073702 -3.368773 -2.433688 -3.317359 -4.384387 3.514618 -1.352638 -2.673579
-6.568008 -27.92424 -4.098122 -0.806018 -3.577153 -2.935839 -1.143016 0.678816 -2.885245 -0.439861 -0.991737 -2.444745 3.687903 -1.454257 -4.584046
7.431992 -29.92424 -4.098122 0.586723 2.617511 -3.787771 -0.909098 0.513824 4.433652 -2.924262 0.208599 1.248264 0.709065 -4.462362 2.5051
5.431992 -29.92424 -4.098122 -0.770084 4.160277 -2.032504 2.464103 0.614979 2.576413 -2.841988 0.557439 -3.372754 0.585721 -5.343556 2.095737
3.431992 -29.92424 -4.098122 2.675508 -1.483222 2.675634 -0.886413 2.174371 -1.82655 -0.106669 -2.941735 -1.897255 -0.843337 1.395979 -4.688308
1.431992 -29.92424 -4.098122 3.690413 0.770068 1.25707 0.805354 0.441664 1.134525 0.127563 -3.434046 -2.453083 2.7125 -1.195863 -0.477087
-2.568008 -29.92424 -4.098122 -4.868956 8.859414 -4.969049 0.85443 -2.959558 2.94631 -2.802231 -2.765257 -2.664238 -0.59247 -4.067166 2.406832
-4.568008 -29.92424 -4.098122 0.070548 1.175736 -2.599595 -0.833354 -2.996383 -1.506656 -1.766553 -3.311188 -2.809318 0.381942 -2.338019 -0.778046
-6.568008 -29.92424 -4.098122 -0.624252 -3.140855 -2.740741 -3.316678 0.568865 -1.165314 0.107738 -1.446443 -2.066086 1.516542 -1.360086 -3.128775
-8.568008 -29.92424 -4.098122 -1.002791 1.248191 0.517944 -0.487607 2.071703 3.265609 0.295243 1.214862 -2.010321 0.899893 -2.931116 1.584322
7.431992 -31.92424 -4.098122 0.153045 1.400168 -0.62583 -0.786969 0.261947 0.608201 -2.705302 -0.41288 -0.297739 -3.136345 -3.625883 2.640694
5.431992 -31.92424 -4.098122 -0.071621 2.420525 -0.508489 0.710224 1.195673 -2.751876 -1.914371 -0.826375 -2.148026 -2.714503 -2.971024 0.227887
3.431992 -31.92424 -4.098122 2.760113 1.586815 2.343539 -0.379631 3.107669 -3.175699 -0.616803 -1.281635 -2.477996 1.875697 -0.329326 -2.542751
1.431992 -31.92424 -4.098122 2.263389 1.280231 4.794152 0.974892 2.329578 5.063293 -0.949469 -2.350636 -2.333105 4.983455 -1.842652 1.642106
-2.568008 -31.92424 -4.098122 -3.370052 5.356288 -2.867906 1.361529 -2.259478 1.225117 -1.859302 -0.623323 -0.820639 -0.941123 -3.267704 1.797719
-4.568008 -31.92424 -4.098122 0.423319 2.219716 0.992445 1.860453 -1.223655 0.889579 0.577052 -1.7124 -0.37466 -1.770715 -0.770505 3.612489
-6.568008 -31.92424 -4.098122 0.587789 -2.745286 0.613035 -0.196357 -0.843264 -0.495602 0.716656 -2.598736 -1.973316 0.972134 -1.444055 -1.231966
-8.568008 -31.92424 -4.098122 0.05245 1.42962 3.531449 -0.294885 1.722329 2.888159 0.750276 -0.421451 -1.589056 -1.070628 -1.748756 1.9327
7.431992 -33.92424 -4.098122 2.780665 1.537826 0.901826 -0.991347 0.607438 0.401108 -1.234734 0.304342 -0.045413 -6.061734 0.166897 2.282623
5.431992 -33.92424 -4.098122 2.352989 1.377881 -0.521074 -0.496101 -0.505882 -0.60836 -0.284962 -0.001193 1.056024 -3.694307 -0.519558 0.214967
3.431992 -33.92424 -4.098122 1.427464 3.324471 0.390035 -0.228108 0.792692 0.771244 -0.529439 0.689153 -0.350606 2.301072 -3.498733 -0.200514
1.431992 -33.92424 -4.098122 -0.759071 3.955664 3.738274 0.449801 1.413134 4.226944 -1.874719 0.702291 -1.520329 3.525085 -3.355443 0.05836
-2.568008 -33.92424 -4.098122 -2.841724 4.498601 -1.231738 1.854253 -3.325745 2.277893 -2.731624 -2.529592 -2.788493 -1.213236 -3.33211 3.084472
-4.568008 -33.92424 -4.098122 0.910338 6.372725 1.06189 3.197302 -0.686796 2.985889 0.28296 -2.445443 -2.050589 -3.050315 0.455457 4.460364
-6.568008 -33.92424 -4.098122 0.36459 -1.579985 1.281293 2.166984 -0.919306 -1.22426 -0.5053 -4.374341 -2.811743 -0.580581 -0.304489 1.125755
-8.568008 -33.92424 -4.098122 0.471614 0.678866 1.424935 1.372378 -1.362769 -1.381264 -1.329916 -2.116658 -2.64656 0.235381 -1.183338 2.367634
7.431992 -35.92424 -4.098122 0.979993 1.173254 2.305832 -0.235449 -1.149101 1.277784 -1.973233 3.287523 -0.425646 -2.593454 -2.885393 0.09068
5.431992 -35.92424 -4.098122 0.124346 -0.123646 0.341366 -1.344233 -3.159908 1.892061 -1.009756 0.679102 1.229031 0.531599 -1.613281 0.17918
3.431992 -35.92424 -4.098122 -0.334409 4.65518 -1.362724 0.912839 -1.740776 3.098808 -0.874866 0.738297 -0.543958 2.931388 -2.402667 1.864684
-6.568008 -35.92424 -4.098122 2.346372 -2.927478 0.825841 0.807849 1.901138 -3.455485 -2.012007 -4.059015 -3.119785 -3.64914 -0.891516 -1.18006
-8.568008 -35.92424 -4.098122 0.965761 -1.32045 -2.179644 0.839636 -0.88175 -4.455189 -2.137292 -2.451265 -2.481514 1.937146 -1.224356 -0.613659
5.431992 -37.92424 -4.098122 0.814728 0.084347 1.517568 1.732768 -0.275369 2.220978 -1.635838 0.270433 2.51417 1.298591 0.986857 1.700963
3.431992 -37.92424 -4.098122 -0.135877 3.49391 -1.055789 1.402065 -1.278937 3.226641 -2.235679 0.237878 0.689773 2.193038 0.315036 4.549214
-4.568008 -37.92424 -4.098122 3.126876 -0.965128 -0.648313 0.0238 2.834494 2.004254 -3.074401 -4.270547 -2.784875 -0.831952 -3.256337 -2.006541
-6.568008 -37.92424 -4.098122 4.805465 -1.255311 0.725363 0.331385 2.732469 -1.91827 -2.154379 -4.334474 -1.817151 -3.186694 -2.076033 -2.105222
-8.568008 -37.92424 -4.098122 2.604459 -0.23987 -1.18057 0.212652 1.568479 -3.417446 -0.780583 -4.947171 -1.642064 -0.591165 -1.485497 -4.362832
-4.568008 -39.92424 -4.098122 0.36399 -5.483854 2.162024 -1.187324 1.202868 -3.016085 -1.338786 -2.066741 -0.693339 1.516681 1.014886 -1.009951
1.431992 -19.92424 -2.098122 -2.950018 -1.694357 -3.942831 3.673461 -0.349003 1.403375 -0.613561 0.19107 -2.038598 -4.620355 -1.462119 -4.652716
1.431992 -21.92424 -2.098122 -1.271606 -3.933009 -0.538497 -2.455007 4.522952 -1.051169 1.782598 -1.470392 -0.582555 -2.666721 -4.124336 -4.265465
-2.568008 -21.92424 -2.098122 -1.335466 0.342752 0.047295 -0.603334 0.219725 -0.533868 -2.203862 -4.071722 -3.562849 -0.715342 -4.560956 -1.74334
-4.568008 -21.92424 -2.098122 -1.148669 5.911013 1.034022 -0.239003 0.525894 -1.8936 -1.146809 2.009137 0.162283 3.93926 -2.199909 1.308107
1.431992 -23.92424 -2.098122 3.939156 -5.297537 7.948333 -1.917087 7.615635 -0.716977 3.434117 -0.892656 2.495783 0.863284 1.989247 -4.03895
-2.568008 -23.92424 -2.098122 -0.298255 5.092766 2.670916 1.627481 -0.20414 2.78493 -1.985309 -1.064526 -3.092687 -1.825147 -1.544356 4.429843
-4.568008 -23.92424 -2.098122 3.599455 6.938533 2.37873 -0.520729 2.679114 0.487386 -1.466474 0.473072 -2.758303 0.432439 -1.580273 1.941648
1.431992 -25.92424 -2.098122 1.748526 -1.255177 8.555559 1.931125 1.793682 -0.349047 1.781359 1.218578 3.815241 6.848421 6.751576 -2.191612
-0.568008 -25.92424 -2.098122 2.918457 4.35457 4.13287 3.360468 1.785449 4.088286 -0.09736 6.135144 0.296735 4.691543 2.800931 1.027639
-2.568008 -25.92424 -2.098122 -2.131501 -0.667166 -0.424232 2.646329 -1.038789 1.856598 -2.807793 2.528173 -4.273146 -2.331593 -0.749103 -0.574757
-4.568008 -25.92424 -2.098122 3.75926 2.566714 -0.544235 1.575384 1.193108 -0.720142 -2.661824 -1.646722 -5.101464 -1.682689 -1.137355 -2.48415
5.431992 -27.92424 -2.098122 1.883774 1.68532 1.835585 3.054141 -1.819497 4.982708 -1.493016 -2.531394 -0.794177 3.519604 -2.084447 1.791579
1.431992 -27.92424 -2.098122 0.107842 -1.926839 3.222739 2.665455 1.004623 -3.674644 1.404404 2.738606 0.171846 4.838156 2.368344 -0.667406
-0.568008 -27.92424 -2.098122 1.532067 -0.604592 2.094194 1.622731 0.206539 -0.929808 -0.647977 3.648729 -0.610635 5.530222 1.440484 2.572571
-2.568008 -27.92424 -2.098122 -2.638732 -3.678286 -4.074533 -0.883507 -2.816386 -2.917654 -2.718127 1.246912 -6.092319 3.500473 -4.079013 -0.250205
7.431992 -29.92424 -2.098122 -1.102462 4.618581 -3.678244 0.614693 -0.022387 5.341598 -2.527637 0.37917 -3.07537 4.506902 -4.392469 0.211806
5.431992 -29.92424 -2.098122 -2.051567 1.807833 -0.740236 0.788793 -1.566712 2.949232 -2.552773 -2.928569 -2.566149 3.489373 -4.143635 -1.124235
1.431992 -29.92424 -2.098122 4.328083 -1.424723 -1.93318 3.152163 1.750921 2.951605 -0.501355 2.822136 -2.267444 0.987382 -2.58206 -1.359831
-0.568008 -29.92424 -2.098122 -2.337771 0.776512 -2.889759 1.153476 -1.249508 3.647595 -0.314841 1.638943 -1.288674 0.88014 -4.283566 1.664382
-2.568008 -29.92424 -2.098122 -6.306707 -1.047136 -4.449668 -3.673821 -6.195394 -1.109534 -4.19485 -0.784571 -5.028157 -1.022953 -5.947568 -0.497593
7.431992 -31.92424 -2.098122 -0.90973 6.320774 0.897589 0.399643 0.619246 1.951941 -2.134854 1.687998 -2.762196 0.91731 -3.105788 4.878753
5.431992 -31.92424 -2.098122 -2.992526 -0.140973 0.528194 -1.799806 -0.882667 -3.709803 -2.001466 -2.917046 -0.744323 -0.374519 -2.682741 -1.88258
3.431992 -31.92424 -2.098122 -0.198567 0.118669 2.439604 -0.941835 -0.111262 -3.858662 -1.160796 -1.235416 -0.751082 0.851634 -0.502543 -4.711588
1.431992 -31.92424 -2.098122 5.038739 -0.806367 2.517265 2.526829 1.200941 5.814822 -0.974528 -0.027105 -1.171451 0.805293 -3.628461 -0.968564
-2.568008 -31.92424 -2.098122 -2.701875 2.162241 -2.449805 -1.290841 -2.707141 0.03404 -3.164214 0.378241 -2.252522 -3.033761 -4.406931 -0.157063
-8.568008 -31.92424 -2.098122 -0.571677 -2.14239 1.851824 -1.940352 4.756711 1.891454 -0.757723 -1.12929 -2.800621 0.34498 -1.647747 -2.299476
9.431992 -33.92424 -2.098122 0.660674 -0.034322 -2.302876 -0.535886 -2.803821 1.258555 -1.937642 3.968461 -1.427238 -1.809351 -1.875913 4.346209
7.431992 -33.92424 -2.098122 1.300939 2.049647 3.581186 -1.892287 0.727017 -1.390822 -0.789825 0.294955 -0.572604 -5.362383 -1.141216 4.941201
5.431992 -33.92424 -2.098122 0.990758 -0.009584 2.583291 -2.894588 -0.974405 -2.945623 0.179884 -3.09464 1.605347 -4.603564 -1.513964 0.046045
3.431992 -33.92424 -2.098122 -0.777642 1.279372 2.450142 -0.707145 -1.887976 1.51546 0.446773 -0.840385 -0.071898 3.029299 -0.675086 0.188143
1.431992 -33.92424 -2.098122 1.917033 -1.902161 3.167413 -0.616638 -2.354372 4.000897 -2.804249 -3.000539 -1.171122 3.654029 -4.219906 -2.5072
-0.568008 -33.92424 -2.098122 0.409332 0.449426 -0.676394 0.364486 -4.547204 3.229957 -3.025659 -1.992596 -2.968076 -1.393982 -5.134128 -3.10616
-2.568008 -33.92424 -2.098122 -3.554272 2.318504 -1.747581 0.90027 -2.908655 -0.218906 -4.026489 -1.191694 -2.300173 -1.774615 -3.115792 -0.97078
-6.568008 -33.92424 -2.098122 0.215892 -2.700317 0.538492 2.875137 0.792612 -3.134261 0.339883 -1.60244 -1.00247 1.979347 0.239961 -2.302165
-8.568008 -33.92424 -2.098122 -0.75051 -3.257309 1.372433 -0.636274 -0.086198 -4.125556 -0.554826 -1.878223 -3.291661 -0.709958 -1.105886 -2.411923
-10.56801 -33.92424 -2.098122 -1.273559 1.078116 -0.945783 -1.467702 -0.648189 -1.529735 -0.943633 0.218044 -2.038106 0.803003 -1.599993 -0.042636
9.431992 -35.92424 -2.098122 0.301167 3.312142 -0.53831 0.760039 -2.277949 -1.475209 -1.935108 1.635826 -1.565917 1.018864 -1.300695 -0.7304
7.431992 -35.92424 -2.098122 -1.798728 3.144672 3.580529 0.149476 -1.006431 -2.881637 -2.519797 1.737214 -1.90666 -1.477607 -1.246128 3.665392
5.431992 -35.92424 -2.098122 -0.929866 2.378267 2.477013 -0.092956 -2.489726 -0.801744 -0.694643 0.624598 -0.75843 -1.944909 -0.165678 2.081944
3.431992 -35.92424 -2.098122 -1.288919 1.443467 -0.239243 -0.386982 -3.690778 4.023307 0.263245 0.987938 -1.266804 3.101802 -2.597528 2.276683
1.431992 -35.92424 -2.098122 3.000585 3.328044 3.74933 -1.320666 -3.304753 5.284017 -1.518451 -0.688332 -2.74211 3.935664 -4.408214 2.560761
-2.568008 -35.92424 -2.098122 -2.600684 0.822632 -5.060272 0.689467 -3.274904 2.054837 -3.954831 -0.960354 -1.56808 0.379156 -3.221758 2.536007
-4.568008 -35.92424 -2.098122 1.343708 0.286606 -3.67363 1.703122 0.132912 -0.145074 -0.808509 -0.923542 -1.924158 0.868548 0.243513 2.966268
-6.568008 -35.92424 -2.098122 4.130234 -1.564775 -0.680787 2.100744 2.005124 -2.73343 0.541745 -2.517021 -0.872766 -0.3304 1.896654 0.064976
-10.56801 -35.92424 -2.098122 -3.08539 1.409335 -2.065178 0.265965 -0.162346 -1.896206 -1.098327 0.833617 -2.347605 -0.765828 -1.073066 -2.43341
9.431992 -37.92424 -2.098122 -0.38587 1.03547 -0.22024 1.00788 -2.438127 -3.368471 -1.151638 -2.202922 -1.239216 -1.031084 -3.36375 -3.73073
7.431992 -37.92424 -2.098122 -0.970365 3.101299 3.65746 3.667201 -1.089471 -0.547323 -0.768228 -0.303292 0.312131 0.804712 -2.327608 1.630059
5.431992 -37.92424 -2.098122 -1.104751 2.608463 3.175525 2.004991 0.238823 0.474709 -0.253962 -1.34021 0.467297 -1.086282 1.516067 0.696102
-2.568008 -37.92424 -2.098122 1.422837 1.493036 -2.861816 -0.089286 0.255868 1.759457 -1.59231 -3.117731 1.595891 0.615584 -2.818708 0.879572
-4.568008 -37.92424 -2.098122 2.425829 -1.647922 -0.012882 -0.839683 3.069304 -1.280453 -0.493394 -4.175507 -0.346986 0.677471 0.502828 -0.701625
-8.568008 -37.92424 -2.098122 -0.951464 -2.723547 -0.299747 0.411149 0.817869 -3.596684 -0.308697 -6.357345 -1.106414 -3.139987 -1.426753 -5.426408
-10.56801 -37.92424 -2.098122 -3.760986 -1.109637 -2.311045 -0.045037 -0.022927 -4.073302 -1.498987 -4.237814 -2.244431 -1.768703 -1.650033 -6.796805
3.431992 -21.92424 -0.098122 -3.175675 -5.834563 -6.637924 -2.066143 -3.854278 -3.881993 -5.729018 -4.997196 -7.886915 -1.766477 -3.684917 -7.109154
1.431992 -21.92424 -0.098122 -0.171083 -2.340775 1.442725 -1.891528 1.56474 1.842734 0.202947 -3.600563 -1.589139 -1.071588 -0.414525 -6.380107
3.431992 -23.92424 -0.098122 2.780773 -10.47503 -1.292682 -0.814579 -1.095778 -2.909798 -1.879402 -7.29489 -4.746399 -4.51872 -3.332863 -8.088547
1.431992 -23.92424 -0.098122 3.323589 -1.352634 2.892307 -0.535197 4.434564 1.016059 4.146664 -1.704731 -1.602558 -0.055397 1.152119 -7.099736
-4.568008 -23.92424 -0.098122 3.244805 2.562573 -1.989771 2.116338 0.695045 -0.45177 2.396153 2.052216 -2.341962 -3.489098 -0.786971 -1.933861
3.431992 -25.92424 -0.098122 0.49034 0.89493 1.209883 6.759715 -4.126383 4.689464 -0.188912 -3.542231 -5.704979 0.794829 -0.722657 -1.601656
1.431992 -25.92424 -0.098122 1.726959 0.961234 2.673984 6.421098 0.706223 -3.385556 3.321174 -1.484385 -1.507877 3.347512 7.099617 -7.344107
-0.568008 -25.92424 -0.098122 -4.854776 8.917705 0.355731 7.61117 0.339156 2.736017 -0.797066 3.303123 -3.334985 5.25953 3.055027 5.824227
-2.568008 -25.92424 -0.098122 -7.507681 -0.549361 -3.670595 1.699786 -0.74151 -1.151783 -0.722362 1.138669 -4.93967 -3.306049 -2.742114 4.024557
-4.568008 -25.92424 -0.098122 4.735529 0.641971 -2.047547 2.3283 2.796249 0.354949 0.517983 0.104006 -1.787873 -3.53814 2.007608 -2.544987
1.431992 -27.92424 -0.098122 -4.463637 0.053859 -0.849611 4.812702 -2.532008 -8.224287 -0.371884 0.722626 -3.1237 -0.168482 2.52986 -6.761825
-0.568008 -27.92424 -0.098122 -4.375025 -5.205571 2.350588 2.325578 -1.062714 -6.292974 0.783016 5.647669 -1.047053 2.914022 -1.168349 -1.304656
-2.568008 -27.92424 -0.098122 -3.908856 -9.909788 -3.3342 0.828278 -1.96947 -3.988982 0.294386 3.295357 -5.07424 2.680849 -6.617758 -4.201842
-4.568008 -27.92424 -0.098122 2.404052 -1.669043 0.122078 -0.671405 1.186803 -3.930493 -0.567278 -0.563833 -2.64206 2.25339 2.23818 -6.602898
-6.568008 -27.92424 -0.098122 2.28992 1.505669 1.53103 -1.64147 -1.931481 3.411638 -0.634854 1.030111 1.323079 0.816169 0.825595 -2.221667
1.431992 -29.92424 -0.098122 -0.584505 -3.616523 -2.012268 2.51668 -0.995954 0.992223 -2.138263 1.14826 -2.092388 -0.444088 -1.620977 -3.611916
-0.568008 -29.92424 -0.098122 -2.834073 -9.707561 2.480414 0.273827 -2.440717 3.165621 -0.978197 1.725984 -3.322078 -1.227309 -1.865787 -6.060378
-2.568008 -29.92424 -0.098122 -4.382387 -11.80821 -1.831191 -1.060303 -6.677676 3.15922 -3.990356 1.964545 -7.758241 0.289659 -3.304677 -6.775087
-4.568008 -29.92424 -0.098122 -1.171531 -4.367733 0.997486 -0.099657 -4.19817 -1.018183 -3.396335 1.467393 -2.770536 2.900921 1.697973 -2.494199
-6.568008 -29.92424 -0.098122 1.424837 0.249621 3.005588 -2.462183 0.081032 -0.601375 -1.655844 -1.699502 0.950127 -1.815773 3.210215 -1.845699
1.431992 -31.92424 -0.098122 1.713537 -0.545285 0.699869 2.53396 -0.689584 4.382597 -1.473971 -0.915845 0.624739 -1.812295 -2.613799 1.522309
-0.568008 -31.92424 -0.098122 0.162844 -1.029737 -2.069659 3.64167 -1.949891 10.7738 -1.563211 -2.654427 -1.576174 -4.805629 -4.361101 3.834741
-2.568008 -31.92424 -0.098122 -1.227806 -2.026503 -6.509917 1.111541 -4.309114 9.772033 -4.993401 -1.206978 -4.198825 -1.578549 -5.180451 0.354476
-4.568008 -31.92424 -0.098122 -0.232187 -0.661324 -0.81952 4.88127 -1.170925 4.18277 -3.685257 1.254317 0.378881 2.813664 -0.236798 -0.234088
7.431992 -33.92424 -0.098122 -2.517852 2.856768 1.69177 1.483877 -1.48469 3.963527 3.183301 -2.416713 -2.439209 -3.628313 -0.017735 1.9172
3.431992 -33.92424 -0.098122 -0.145825 -0.427282 0.212251 0.437999 -1.442011 0.861922 2.77792 -2.261486 1.491705 3.76748 2.944319 1.105848
1.431992 -33.92424 -0.098122 0.01426 1.245662 -0.040236 1.127698 -4.032697 1.527593 -1.95044 -3.225454 0.943405 2.340106 -3.997478 0.147691
-2.568008 -33.92424 -0.098122 0.02732 4.234057 -7.480826 2.876107 -3.040567 10.58804 -5.79114 -2.909681 0.121631 -0.742417 -3.356816 -3.310901
-4.568008 -33.92424 -0.098122 -0.834929 1.123755 -0.473874 4.543333 0.088704 3.650326 -2.807689 -1.99974 1.934319 3.325747 0.818089 1.201382
-8.568008 -33.92424 -0.098122 -0.741731 -5.685584 1.496439 0.344123 1.512311 -4.385529 0.936923 -2.427843 0.08742 -4.147644 0.064589 -3.056932
-10.56801 -33.92424 -0.098122 0.500476 -2.425998 -1.112801 0.77523 3.103699 1.006619 -0.21974 2.132345 0.296836 3.020943 -1.494287 0.752734
9.431992 -35.92424 -0.098122 -2.928785 -1.064153 -2.141949 0.036956 -5.030498 0.699328 -0.074799 -1.982649 -2.683658 -2.760485 -0.529123 -0.669565
7.431992 -35.92424 -0.098122 -1.143303 2.074845 1.945857 0.55902 -3.290948 1.798914 0.96473 -2.942154 -2.018367 -3.546123 1.493678 1.921706
5.431992 -35.92424 -0.098122 1.81191 2.701444 2.809344 2.21668 -0.971145 0.743381 0.126097 -3.539519 1.040782 -3.692131 1.519347 2.00054
3.431992 -35.92424 -0.098122 -0.256278 3.188673 -1.188332 2.265915 -2.581079 5.058573 -0.140368 -1.120561 0.509097 2.458586 -0.013926 3.759344
1.431992 -35.92424 -0.098122 0.657809 5.203921 -1.619434 0.297389 -4.414261 4.600508 -1.717849 -1.369595 -1.61247 4.26643 -5.319356 5.315358
-0.568008 -35.92424 -0.098122 3.293019 5.860664 -3.874216 0.461823 -4.275179 10.17394 -2.945271 -1.444326 0.313158 3.061477 -1.197327 1.345609
-2.568008 -35.92424 -0.098122 -0.941262 7.035112 -7.196757 2.477435 -4.901073 17.35149 -3.835275 1.150861 0.956706 4.647543 1.533421 -1.305798
-6.568008 -35.92424 -0.098122 0.805936 0.360532 2.615049 2.354036 0.936985 -1.243218 1.669559 -2.681056 0.925022 -1.518495 1.407313 -0.803329
-8.568008 -35.92424 -0.098122 -0.722814 -0.992369 0.807398 3.245509 1.121902 -3.615653 1.300891 1.52676 -0.874711 -1.860699 1.141764 -1.462048
-10.56801 -35.92424 -0.098122 -2.296067 1.61911 -1.418054 1.727664 0.728229 1.333256 -0.01041 3.633337 -1.576915 0.696058 -1.42153 -0.356742
9.431992 -37.92424 -0.098122 -2.566517 2.662849 -3.859537 -0.275093 -4.922131 -0.151541 -0.077714 -0.951263 -1.301005 -4.826507 0.014818 0.145403
-2.568008 -37.92424 -0.098122 -0.239682 5.765124 -1.191242 1.130939 -2.262554 6.878914 -2.134593 -1.686475 1.146174 2.225443 -3.103938 -0.777111
-4.568008 -37.92424 -0.098122 0.482761 2.653451 1.306181 0.076772 0.874333 -1.516187 -0.823194 -1.218774 0.478535 0.777082 0.079908 -1.868497
-6.568008 -37.92424 -0.098122 -0.650015 -0.716657 1.300158 1.555526 -0.31439 -0.804118 0.239785 -3.588624 0.384715 -0.662743 0.724509 -2.351901
-2.568008 -39.92424 -0.098122 2.062268 1.281447 0.247153 -0.438668 0.79516 1.58476 -1.22502 1.117487 0.258408 0.355816 -3.171684 -0.991291
-4.568008 -39.92424 -0.098122 0.920269 -0.900439 -0.018402 -1.807951 1.456054 -2.519282 0.190038 -1.528379 -0.013019 -0.252767 0.328572 -3.437694
3.431992 -25.92424 1.901878 0.500039 -3.3887 -0.933627 5.263047 -1.471927 3.106932 2.188313 -1.485843 -4.934582 -3.270043 0.034944 -2.150774
3.431992 -27.92424 1.901878 -1.826934 0.979359 -2.331878 4.016071 -2.074662 5.66885 -0.715824 -0.389029 -6.520692 2.789134 -1.976515 1.706066
1.431992 -27.92424 1.901878 -5.56802 0.143415 2.750535 1.834382 -4.257501 0.067945 -0.798274 -0.418568 -5.786178 -1.251309 1.333549 -5.793473
-4.568008 -27.92424 1.901878 -5.188136 2.617425 2.630032 0.133804 0.966912 -0.991422 -0.312703 -3.203501 -0.456491 2.686224 1.711159 -9.428746
1.431992 -29.92424 1.901878 -2.15843 -6.606242 4.704169 0.187988 -1.98691 -3.656932 -2.367524 -0.197646 -2.202161 1.20327 -1.757316 -3.833862
-0.568008 -29.92424 1.901878 0.713742 -6.217667 8.998556 2.312547 0.622366 2.154975 0.899281 1.043342 -2.892971 -8.371127 7.324201 -11.90219
-4.568008 -29.92424 1.901878 -2.815372 0.321862 0.666104 -2.515679 -0.833355 -2.824416 -1.141002 -1.09007 -0.131258 2.263589 3.25158 -8.471605
-6.568008 -29.92424 1.901878 -0.425239 1.254751 0.665861 -3.350147 -3.119177 -3.712627 -1.559261 -0.711697 1.878605 -1.534159 2.1536 -4.424094
3.431992 -31.92424 1.901878 2.883731 -2.06932 1.130142 -0.069907 0.13546 -2.849665 1.117044 -3.73162 -1.690803 -1.68169 -2.357128 -4.078674
1.431992 -31.92424 1.901878 1.693075 -0.268677 5.038405 1.570246 -0.59745 -4.030759 -1.418988 -2.454224 -0.670734 -0.724144 -2.452115 0.99256
-0.568008 -31.92424 1.901878 2.190378 -2.033812 4.069154 1.89904 0.725487 3.594571 -1.652118 -7.227573 -1.010205 -11.69078 3.38347 -6.158865
-2.568008 -31.92424 1.901878 2.451293 -0.845813 -2.44353 1.767158 -0.115617 13.98062 -2.847502 -6.359467 -0.499849 -9.082617 1.279551 -14.49065
-4.568008 -31.92424 1.901878 -0.017676 0.677839 -2.153949 2.546998 -0.544615 7.136663 -2.024221 -1.26606 2.789764 1.205624 -0.347436 -3.116956
-6.568008 -31.92424 1.901878 -1.020919 -3.166202 2.708368 0.422561 0.459537 0.523836 -1.498462 -1.529248 3.479096 -0.559997 -0.93333 -2.846831
5.431992 -33.92424 1.901878 -2.071077 -3.364332 0.750294 -1.315103 -0.768992 -3.513022 3.852312 -3.729885 0.297218 -3.718015 2.545441 -2.879985
3.431992 -33.92424 1.901878 0.725941 -1.678221 1.039232 -0.871952 -2.321172 -4.784783 1.890052 -4.923088 -0.227238 -0.481458 2.082573 -3.627059
1.431992 -33.92424 1.901878 1.491352 6.239463 2.41209 2.035684 -2.628447 -0.070575 -1.436528 -2.265378 -1.098674 3.083186 -3.3826 1.938711
-0.568008 -33.92424 1.901878 5.721222 2.185991 -0.348391 2.593143 -2.193569 3.686995 -2.80901 -8.535786 1.756357 -6.518701 -0.451376 -8.435849
-2.568008 -33.92424 1.901878 8.465148 -1.54314 -5.532603 6.612801 -2.04526 18.71303 -5.31226 -13.91628 5.719945 -10.73403 3.369765 -25.98195
-4.568008 -33.92424 1.901878 1.970508 -1.097341 -0.901756 5.26405 0.11504 11.67598 -2.396248 -4.892573 2.952689 -0.7318 2.44948 -8.266874
5.431992 -35.92424 1.901878 2.344227 -2.727453 2.485675 3.30471 0.617112 -2.48753 1.832725 -4.694594 1.305941 -2.436449 1.693329 -2.573673
3.431992 -35.92424 1.901878 0.36552 1.24297 0.170464 3.357084 -1.945226 -0.194276 -0.20687 -3.726324 1.362019 1.125978 1.309403 0.416641
1.431992 -35.92424 1.901878 -2.000295 6.734675 -0.702477 2.217718 -2.95608 2.593346 -1.431513 2.006216 -0.033477 4.795846 -4.327732 4.643744
-0.568008 -35.92424 1.901878 4.679309 4.701925 -2.32724 3.196103 -4.190799 12.72554 -1.745074 -1.194861 3.636776 -1.625313 6.651196 -4.400826
-2.568008 -35.92424 1.901878 5.572978 3.903948 -10.21277 8.820918 -10.01912 32.2061 -4.760282 -4.380467 6.156587 -6.97424 17.19505 -21.15444
-4.568008 -35.92424 1.901878 0.629244 1.933001 -4.534787 5.531232 -6.040397 12.0254 -2.80227 0.295424 1.883564 -3.839592 5.408509 -7.290445
-10.56801 -35.92424 1.901878 2.261181 2.988891 -1.030573 3.536201 0.605066 1.995115 1.245771 2.691719 0.676659 3.449596 1.251436 1.098799
3.431992 -37.92424 1.901878 3.469245 2.463015 0.819313 5.037614 3.308263 3.846844 -1.906439 -3.036138 2.417892 0.497946 -2.975967 0.489174
-2.568008 -37.92424 1.901878 1.090793 7.319476 -7.997098 7.394453 -6.2883 18.99531 -2.567671 1.881 3.137694 0.137239 2.89053 -6.413682
-4.568008 -37.92424 1.901878 0.189079 1.150064 -5.370139 5.438664 -2.734173 2.350675 -2.463811 2.603194 0.077684 0.73144 -0.314622 -3.109605
-6.568008 -37.92424 1.901878 1.469852 -2.850983 -1.740174 0.928343 -0.793437 -1.447832 0.072714 -1.489783 -1.009649 -1.476659 0.406398 -4.310473
-8.568008 -37.92424 1.901878 2.243738 1.227265 -1.842427 1.76415 -0.100478 2.136971 1.337058 -1.04713 -0.522721 1.476051 2.623034 -0.208572
-10.56801 -37.92424 1.901878 1.346985 4.297331 -3.203623 0.149828 -0.582842 0.797625 0.800827 -0.21998 -0.779943 0.487272 0.37647 1.952384
-2.568008 -39.92424 1.901878 2.321981 -0.094048 -0.522172 5.889721 0.611769 3.927332 -0.92305 -1.33124 1.601405 2.005806 -2.125574 -4.155319
-4.568008 -39.92424 1.901878 2.056045 -1.577347 -0.462594 1.327585 0.322934 -3.243623 -0.095845 -0.215513 1.100491 4.822135 -0.572841 -3.911304
-6.568008 -39.92424 1.901878 1.121659 -1.699192 -1.452451 -1.349723 -2.404231 -1.356617 1.037544 -0.939955 -0.217126 -0.616697 0.225134 -1.496283
-8.568008 -39.92424 1.901878 0.033587 1.087651 -2.043317 1.244537 -2.672978 0.548838 1.008761 -1.766381 0.794949 -0.298078 0.081654 -1.242179
-10.56801 -39.92424 1.901878 -0.957423 0.532125 -2.677608 0.777499 -1.378084 -0.742943 -0.68476 -2.482754 -0.498856 -1.342041 -2.927723 -1.416583
-2.568008 -41.92424 1.901878 2.227757 -0.60314 -0.371662 2.613145 3.505903 1.414375 -2.220117 -3.536443 -0.58689 -1.159281 -2.341095 -3.25439
-4.568008 -41.92424 1.901878 0.31751 1.421549 -3.725896 0.181195 0.065323 -1.512895 -0.528303 -1.519455 0.586101 0.445202 0.472214 -1.820416
-6.568008 -41.92424 1.901878 -1.9505 0.612197 -2.511098 -0.258335 -0.64711 0.637511 0.343899 -0.096071 0.911187 -2.340318 -0.181155 0.496454
-8.568008 -41.92424 1.901878 -2.273112 -2.114361 -0.10789 0.837135 -0.628554 2.565874 0.030435 -2.033166 0.927173 -2.701661 -0.155092 -1.613877
-10.56801 -41.92424 1.901878 -1.16114 -3.864961 0.447081 0.688444 0.696198 1.709327 -0.700253 -4.441089 -0.43418 -3.619684 -0.954017 -2.373022
1.431992 -27.92424 3.901878 -3.403259 6.052091 0.873678 0.931773 -8.184943 6.315245 -3.056149 1.41116 -6.274134 1.37922 -2.217581 -4.219157
1.431992 -29.92424 3.901878 -2.242162 -5.081135 1.676163 -0.877182 -1.935991 -4.126383 -2.662531 0.002641 -3.215848 3.035216 -3.413409 -3.686172
1.431992 -31.92424 3.901878 -0.502533 -4.147613 2.662189 -1.355299 0.864564 -7.506666 -1.082689 -3.297293 -2.126233 -0.187048 -2.622881 -2.043445
-0.568008 -31.92424 3.901878 2.426174 -0.895008 7.513279 -0.651093 3.261901 -4.230765 -1.639667 -4.36835 -1.018495 -7.852183 6.93962 -6.90515
-6.568008 -31.92424 3.901878 -2.336053 -1.701063 3.680462 -0.268057 0.499961 1.210333 -1.28572 -0.435169 1.509691 -2.332114 -2.77924 -2.230991
5.431992 -33.92424 3.901878 -5.961189 -1.62556 -0.476333 -0.317206 -0.63651 -0.543094 0.409049 -0.185825 -2.161212 0.996042 1.732856 -1.39774
3.431992 -33.92424 3.901878 -2.717928 -6.782037 -2.322189 -3.723541 -3.832182 -4.750549 -0.986076 -3.723916 -2.299522 -1.847867 0.040909 -5.332716
-0.568008 -33.92424 3.901878 1.76684 -1.580849 1.752192 1.15616 -1.800155 0.173089 -2.526375 -8.646451 -0.561568 -4.518587 -2.017809 -7.878726
-4.568008 -33.92424 3.901878 -2.044453 -5.909204 4.320624 3.272297 -1.107842 10.59402 -2.450233 -6.270691 0.86328 -6.897351 3.639159 -11.56794
-6.568008 -33.92424 3.901878 -2.876169 -2.293028 6.103409 -0.398247 -0.065908 3.468347 -1.071848 -1.913889 -1.285362 -4.176058 0.297935 -3.182245
7.431992 -35.92424 3.901878 -3.787032 -0.279927 1.906242 -0.259357 -0.40687 3.129151 -2.123828 -2.414128 -1.380599 1.379877 0.669026 -4.087133
5.431992 -35.92424 3.901878 -1.660505 -0.327876 0.13233 0.78829 1.412851 -0.62185 -0.623503 -1.121455 -0.370259 1.857732 1.814179 -2.519557
3.431992 -35.92424 3.901878 -0.977252 -4.298051 -0.7014 -1.175772 -2.197962 -0.116994 -1.472927 -2.498372 0.629489 2.269712 2.313246 -2.64502
1.431992 -35.92424 3.901878 -1.021978 -5.612677 0.615972 -2.288704 -3.898566 -0.881143 -0.782976 -0.083191 1.239223 2.882036 -1.291492 -2.517455
-0.568008 -35.92424 3.901878 4.466475 -2.654645 -0.371947 2.142761 -3.104852 5.057737 -1.080855 -3.450967 1.473399 -4.439379 4.414821 -8.45438
-4.568008 -35.92424 3.901878 0.952989 2.597203 -0.937519 6.323719 -6.48576 15.83811 -1.388919 -1.047653 2.280619 -2.772861 5.18834 -10.38201
3.431992 -37.92424 3.901878 1.171646 -0.219971 1.095775 2.882871 2.252997 3.531037 -2.082392 -1.602654 1.855893 1.601763 0.94444 -0.585727
1.431992 -37.92424 3.901878 0.041251 -4.551222 1.971382 0.30347 0.104871 2.443059 -1.71514 -0.079572 2.037205 1.564289 0.573686 -0.783573
-4.568008 -37.92424 3.901878 -0.506737 3.426661 -3.349264 7.022632 -3.848322 6.906172 -1.597195 5.567967 -1.598037 2.350801 -3.267012 -1.697061
-2.568008 -39.92424 3.901878 2.350121 -5.658001 -0.387238 0.341114 -1.845043 0.353459 -2.739794 0.100529 -1.727724 5.013271 -5.600394 -5.804071
-4.568008 -39.92424 3.901878 0.115029 -2.69088 -0.517867 0.358234 -2.798474 -3.291701 -2.700241 1.965089 -1.486334 4.187494 -4.738835 -2.696086
-2.568008 -41.92424 3.901878 2.642704 -5.359611 0.22259 -0.640723 -0.542702 -1.241157 -2.590396 -4.654436 0.011304 2.047172 -2.564752 -2.353303
-4.568008 -41.92424 3.901878 1.58871 -2.939862 -2.735283 -1.655588 -1.415762 -2.931002 -1.62507 -1.023271 0.560378 0.214134 -1.525141 -0.908073
-6.568008 -41.92424 3.901878 -0.200075 -0.988195 -1.508408 -0.13511 0.604975 -0.044515 0.249607 -0.694124 0.688124 -2.381966 -0.943866 -0.116655
-8.568008 -41.92424 3.901878 0.359085 -1.702237 -0.570557 2.021711 0.732561 0.467119 0.770177 -0.124389 1.134321 1.02461 1.039695 -1.717755
-10.56801 -41.92424 3.901878 0.089212 -2.519882 0.700898 1.625593 -1.529327 -0.433496 -0.106087 -1.747367 0.083167 -0.967789 -1.334088 -3.156493
-2.568008 -43.92424 3.901878 1.073188 -2.282075 1.747316 0.990793 1.81711 6.020243 -2.001961 -1.166432 -1.334811 1.140646 -6.387766 2.998446
-4.568008 -43.92424 3.901878 -0.081058 0.148992 -1.503401 1.178457 -0.955592 1.015854 -1.170596 0.738252 -1.485407 2.033022 -4.550641 2.373682
-6.568008 -43.92424 3.901878 -1.265123 -1.169308 -2.64192 1.811484 -0.933021 1.741897 -0.185186 -1.256073 -1.408624 -1.796648 -1.978334 -1.232902
-8.568008 -43.92424 3.901878 -0.600483 -3.291447 -3.550313 0.289599 -1.3356 2.80657 -0.494613 -2.679429 -0.874148 -1.950371 0.575183 -2.553092
-10.56801 -43.92424 3.901878 0.487825 -0.651725 -2.166425 0.269154 -1.198467 2.609805 -2.166584 -2.291472 -1.270484 -2.249678 -1.158307 -3.223056
-0.568008 -31.92424 5.901878 1.241332 -3.210708 2.061611 -2.011103 -4.2676 -4.322943 -2.062061 -5.081349 -2.12654 -4.369347 -2.100401 -5.553389
7.431992 -33.92424 5.901878 -3.725158 -1.518396 1.419846 1.824654 0.638283 0.179444 -1.424341 -0.846485 -2.139684 1.087329 2.28764 -3.702617
5.431992 -33.92424 5.901878 -2.85737 -1.633281 -2.001458 -1.751854 -2.847252 1.62807 -3.558994 1.882195 -2.667379 3.689387 1.364581 -1.540091
1.431992 -33.92424 5.901878 -1.806357 -7.076942 1.296224 -4.441818 -1.863922 -4.617986 -0.535837 -5.438173 -2.298871 -4.492533 -2.097521 -6.259867
-0.568008 -33.92424 5.901878 -2.555215 -2.643483 3.469592 0.377987 -4.053559 -3.439295 -1.587662 -6.056796 -3.408765 -5.60849 -4.288442 -6.642248
-4.568008 -33.92424 5.901878 -0.950552 -9.531365 3.364846 -0.381239 -1.155561 3.466528 -3.987756 -7.69663 -1.17968 -4.707659 0.632259 -6.734643
7.431992 -35.92424 5.901878 -1.0785 2.426674 2.089937 3.071388 -0.572142 1.398985 -3.233526 -0.768699 -0.287719 0.019151 0.257776 -1.609232
5.431992 -35.92424 5.901878 -0.426957 -0.751404 -0.780407 -2.827555 -0.73476 -0.62564 -3.488995 0.957632 -1.949541 -0.090888 1.603726 -3.709547
3.431992 -35.92424 5.901878 -0.612507 -3.527053 -0.791607 -4.001247 -0.571223 2.11692 -2.889416 -0.817686 -0.75577 1.435336 2.469491 -3.094209
-0.568008 -35.92424 5.901878 1.73062 -3.481377 3.177051 0.658215 -2.328351 -1.032486 -0.087588 -5.613508 -1.369064 -1.500406 0.980493 -6.692472
-4.568008 -35.92424 5.901878 -1.332449 1.76224 -0.509789 1.27025 -5.364984 6.554863 -1.012108 -5.520988 1.399685 3.589021 -0.483654 -4.057598
5.431992 -37.92424 5.901878 -0.213954 1.875436 1.514494 1.622743 2.90212 1.53232 -1.874352 -1.017341 -1.366993 -4.999886 1.288884 -2.085315
3.431992 -37.92424 5.901878 -2.24422 0.318853 0.438108 0.403271 1.410358 4.426347 -1.970769 0.020208 -0.43066 -1.13035 1.896939 -0.439543
1.431992 -37.92424 5.901878 0.211086 -0.351964 2.53068 1.780177 -1.798228 6.525101 -1.472896 -0.120016 -0.101838 0.588099 0.90347 -0.022737
-0.568008 -37.92424 5.901878 3.04626 0.900633 2.889712 3.466703 0.394705 3.427852 0.181526 -1.937316 -1.541738 -0.538159 -1.618442 -4.145189
-2.568008 -37.92424 5.901878 1.900844 2.231107 -0.441336 3.64257 -0.868025 5.526922 1.103166 -1.538674 -2.612665 2.423642 -3.265959 -3.157221
-4.568008 -37.92424 5.901878 -0.290066 1.742851 -2.353727 2.398724 -2.269859 2.584517 0.036001 -1.189181 -2.080212 3.924073 -2.623915 -1.964176
1.431992 -39.92424 5.901878 0.2585 1.812672 3.856901 1.31248 0.400847 5.692358 -1.331146 -1.010335 -0.390262 0.892888 0.579981 0.07768
-2.568008 -39.92424 5.901878 -0.222519 -3.260756 -2.09361 -0.33881 -4.185987 0.653428 -1.249326 0.037328 -3.833784 5.707254 -5.073925 -0.994912
-4.568008 -39.92424 5.901878 -0.146248 -2.69233 -3.743172 -1.333572 -4.001954 -0.70943 -0.716391 -0.034136 -4.312236 4.916652 -3.552058 0.012083
-8.568008 -39.92424 5.901878 -1.736969 -1.247315 -1.284614 0.56524 -1.14219 -2.103415 -0.220527 -1.108088 -0.131436 1.126419 -0.990488 -0.597417
-10.56801 -39.92424 5.901878 0.619707 -2.365822 0.724135 -0.423898 -0.158501 -4.757763 0.793132 -1.576048 -1.258498 2.126117 -2.59538 -0.827694
-2.568008 -41.92424 5.901878 1.947904 -2.598519 -1.255204 -0.484685 -3.545467 -0.830495 -2.048143 -0.681062 -1.467585 2.347077 0.040963 1.868754
-4.568008 -41.92424 5.901878 1.672564 -3.102171 -2.748952 -2.728056 -2.720641 -0.469901 -0.428987 0.649504 -1.14333 3.865961 -0.566655 2.542907
-6.568008 -41.92424 5.901878 1.136743 -3.310081 -2.782308 -1.96323 -0.378593 -1.043423 -0.268961 -0.675463 0.110028 0.231464 1.194905 -1.016237
-8.568008 -41.92424 5.901878 -0.692992 -2.219687 -1.872701 -0.63305 -0.331837 -4.235587 -0.644012 -1.309652 -0.876528 0.522702 -0.490679 -1.745689
-10.56801 -41.92424 5.901878 -1.942612 -4.108957 -0.770635 -0.358152 -2.523787 -6.353775 -0.560613 -1.976147 -3.278529 1.653031 -4.255301 -0.824768
-4.568008 -43.92424 5.901878 2.674905 -1.681741 -0.19928 -1.619402 1.164687 -0.915845 0.174476 -0.315651 1.059213 0.411655 0.582476 1.632383
-6.568008 -43.92424 5.901878 1.902055 -3.113697 -1.467408 -0.474921 1.496048 -1.159403 0.246542 -1.261886 1.261649 0.99729 3.091274 -1.594985
-8.568008 -43.92424 5.901878 1.332542 -3.691569 -2.285234 -1.045988 -0.142386 0.095537 -1.49455 -3.517841 0.11214 -1.448011 2.293095 -4.069729
7.431992 -35.92424 7.901878 0.218768 -0.81694 3.547262 2.703335 2.059145 -3.807144 -0.65002 -2.092964 -1.496273 0.363629 2.630415 -2.486785
5.431992 -35.92424 7.901878 0.33193 -4.638625 2.463719 -1.384346 0.719596 -3.899009 -1.436174 -2.377146 -1.871185 0.755611 1.282094 -4.7862
3.431992 -35.92424 7.901878 1.623376 -2.845603 -0.117396 -0.855885 0.001182 -2.196387 -1.284389 -0.534053 -1.284955 0.755953 -0.345661 -2.445538
-4.568008 -35.92424 7.901878 3.556226 -1.388321 -0.244169 1.320397 -3.856545 10.52985 -3.071303 -5.267208 3.616736 0.898573 -1.759995 -3.743376
7.431992 -37.92424 7.901878 -1.080335 0.507982 2.737085 1.38554 0.987052 -1.314029 -2.002173 -2.814126 -1.992463 -2.495312 -2.926292 -0.287922
5.431992 -37.92424 7.901878 -0.079274 -0.049419 3.35681 0.889443 3.465301 -1.364567 -1.996837 -2.733923 -2.782153 -1.155375 -1.231231 -1.007007
3.431992 -37.92424 7.901878 0.115212 0.840068 -0.519189 1.958775 1.526031 1.356171 -1.424564 1.116047 -2.393035 2.838885 -0.961238 2.322421
1.431992 -37.92424 7.901878 0.717794 1.553917 -1.222424 2.661504 -2.660878 2.507849 -1.71761 2.397281 -5.036098 0.471701 -2.815362 2.416003
-0.568008 -37.92424 7.901878 1.425587 2.077889 3.334152 3.397177 -0.859114 0.2817 -0.710318 -1.249035 -4.459318 -0.218334 -2.44991 -0.065144
-4.568008 -37.92424 7.901878 -1.520293 -2.885109 -3.334558 -0.912642 -2.073973 4.964105 -1.269979 -2.317989 -0.365135 1.258341 -2.96795 0.034923
-10.56801 -37.92424 7.901878 1.8359 -3.103022 -0.362585 -1.017338 3.054816 0.25873 -0.181629 -1.419898 2.808465 1.261415 2.817061 0.326581
-12.56801 -37.92424 7.901878 -0.493212 -1.92388 0.077322 0.894942 2.21889 2.20755 1.740905 0.494892 1.891849 -2.204811 1.967688 -0.275636
3.431992 -39.92424 7.901878 -0.781953 -0.0942 1.832861 1.088532 2.181873 4.315392 -0.694512 -1.697875 -1.83334 -1.019202 -1.60853 2.148063
1.431992 -39.92424 7.901878 0.065699 0.231367 2.348597 1.63556 2.424089 4.963083 -1.07426 -0.761923 -3.441947 -0.354972 -0.560847 1.051798
-0.568008 -39.92424 7.901878 0.7582 0.019762 2.45966 2.084664 1.851686 0.31342 -0.532025 -2.153726 -4.080111 -0.55685 0.371443 -1.546084
-2.568008 -39.92424 7.901878 -0.018828 -4.394065 0.720522 -0.870867 0.168827 -1.026692 -0.018378 -4.326182 -4.284556 0.331028 -1.817623 -2.286019
-4.568008 -39.92424 7.901878 0.96623 -2.23026 -3.455061 -2.031904 -0.681038 2.066994 -0.883453 -1.845158 -2.810264 1.908248 -3.779358 1.765254
-8.568008 -39.92424 7.901878 0.937009 -1.78693 -2.095209 -1.534995 3.318494 -4.048503 0.456824 -2.299795 -1.601154 0.831413 -1.817068 0.620619
-2.568008 -41.92424 7.901878 2.306851 -2.415385 -0.74143 -0.564771 -0.557112 -3.396799 0.399709 -2.604589 -3.991352 -2.005202 1.073144 -1.518949
-4.568008 -41.92424 7.901878 4.522198 -0.566389 -0.604982 -1.420963 -0.347416 1.988581 0.418772 0.756621 -0.678227 3.664431 -1.001755 2.67373
-6.568008 -41.92424 7.901878 2.611121 -0.955417 -0.853822 -3.671916 -0.226518 -0.876899 -0.62675 -0.477215 -0.30447 1.402357 -1.65818 1.234932
-8.568008 -41.92424 7.901878 0.030015 -1.698676 -1.040308 -2.224033 0.644948 -3.310109 -0.452345 -3.446429 -1.815566 1.073914 -2.73083 0.001966
-2.568008 -43.92424 7.901878 1.746363 -0.447562 -1.563732 -1.222502 -0.761171 -3.619422 -1.70446 -1.368478 -2.50895 -3.210961 -0.547668 0.283472
-4.568008 -43.92424 7.901878 1.83746 -1.912941 -0.046204 -1.503791 -0.4803 -1.346107 -0.805999 0.825186 0.558069 0.636794 0.894577 0.376574
-6.568008 -43.92424 7.901878 0.302598 -2.110197 1.122796 -2.320671 -0.765642 -2.274954 -1.311026 0.274546 0.789442 3.300365 0.650901 0.830939
7.431992 -35.92424 9.901878 -1.049981 2.598622 2.896621 1.860502 0.469603 0.090305 0.37108 1.94284 -1.2163 3.005228 2.679538 0.611436
5.431992 -35.92424 9.901878 -0.538261 0.56583 3.251522 0.040233 0.239962 -2.336993 -0.22651 -1.958526 0.543726 0.717552 0.750055 -3.526287
3.431992 -35.92424 9.901878 2.106091 -2.72204 2.322209 0.44728 1.545456 -2.419583 -0.086046 -1.531633 0.39218 0.114442 -2.196639 -2.541752
-0.568008 -35.92424 9.901878 -1.597815 2.040293 1.94643 2.349508 -2.616785 -3.364884 -2.283846 -0.401866 -4.972473 -6.013995 -5.873377 -0.078876
-4.568008 -35.92424 9.901878 5.805934 -5.455176 -0.52043 0.558043 -2.644732 5.325 -2.227771 -7.719941 1.390471 -5.827338 -5.708298 -7.288936
-6.568008 -35.92424 9.901878 2.227925 1.033435 -2.080354 -0.113606 -0.426187 3.863564 -0.374266 -4.994582 0.039622 -1.505361 -1.93801 -0.087046
9.431992 -37.92424 9.901878 -2.321008 -2.574243 1.637352 -2.035922 1.36256 1.350571 -2.830755 -1.456468 -1.484984 -1.658478 -2.602505 -1.516184
7.431992 -37.92424 9.901878 -2.786735 -0.744364 2.582508 0.050969 1.396774 -1.094656 -1.961612 -0.733249 -1.987892 -1.077498 -2.52816 -3.241112
3.431992 -37.92424 9.901878 1.962121 3.85346 3.137903 3.063504 2.799937 3.267615 0.178097 -0.961575 -1.131152 0.60462 -2.316882 2.093508
1.431992 -37.92424 9.901878 0.163532 1.76729 3.753757 3.559932 0.088622 2.608759 0.93706 1.123619 -3.23869 -1.717585 -4.135733 2.116064
-0.568008 -37.92424 9.901878 -1.281171 0.027002 1.709622 1.354216 -2.872939 -1.909818 -0.82783 -2.869198 -4.605206 -4.238577 -4.942367 -1.351027
-4.568008 -37.92424 9.901878 -1.633765 -1.995742 -5.079362 0.959897 -1.743466 1.001843 -0.910813 0.18521 -1.79015 -2.898744 -8.238261 -0.983259
-10.56801 -37.92424 9.901878 -0.326154 -0.74969 -0.710033 1.87155 2.02124 -1.096138 -0.117385 1.129115 1.868827 1.39626 0.433913 2.152164
-12.56801 -37.92424 9.901878 -2.071793 -1.23099 0.59857 2.790248 2.444831 0.919689 1.57569 0.663906 1.781035 -0.690471 0.134731 0.745988
-14.56801 -37.92424 9.901878 0.060904 2.0436 -0.880942 3.374626 0.569472 3.843152 0.788419 0.872398 -0.490861 0.566617 -1.510707 1.921955
9.431992 -39.92424 9.901878 -3.526398 0.694495 -2.326224 -1.336368 -0.270735 -1.658972 -3.371086 -0.797972 -5.564385 -1.907625 -3.454616 0.107665
3.431992 -39.92424 9.901878 -0.477442 2.971357 1.943503 2.034014 0.328545 2.874815 -2.909158 -5.77132 -4.258697 -3.104636 -5.247972 0.668516
1.431992 -39.92424 9.901878 -0.24908 1.403697 3.82841 1.661434 1.414075 3.101331 0.068826 -2.767618 -2.121335 -2.317899 -4.244155 1.162182
-0.568008 -39.92424 9.901878 0.517886 -0.348159 1.283798 -0.186137 0.47974 -0.694114 0.979312 -5.154419 -3.100247 -3.261995 -3.560505 -1.973157
-2.568008 -39.92424 9.901878 -1.161084 -1.541529 -3.939775 0.390508 -2.560419 -2.091876 -0.697266 -3.572573 -7.05413 -4.320958 -9.354427 -2.03418
-4.568008 -39.92424 9.901878 -0.830397 2.173135 -5.924741 1.385004 -1.558203 0.912482 -0.873161 3.086087 -3.713419 0.346841 -8.746242 1.531614
-8.568008 -39.92424 9.901878 0.376283 3.226616 -2.337139 0.3454 1.863428 -1.704585 0.3288 3.013575 -2.3695 0.719109 -3.315444 3.730068
-12.56801 -39.92424 9.901878 -2.850671 0.08064 2.530909 1.010022 -2.015774 0.433066 0.23041 0.027615 1.213027 -3.197247 0.203679 1.093727
-2.568008 -41.92424 9.901878 0.18073 -1.836411 -2.440057 -0.943653 -2.818641 -1.914901 0.663582 -1.436872 -5.604671 -1.63868 -7.044376 -0.640326
-4.568008 -41.92424 9.901878 2.840216 0.930513 -1.107109 -0.413165 -1.144863 1.607946 0.320412 2.407623 -0.328742 3.201439 -3.950235 0.782962
-6.568008 -41.92424 9.901878 2.454602 2.137712 -1.130766 -1.809859 0.103327 -0.660051 -0.176484 1.235696 -0.029234 1.345247 -2.284247 2.086699
-8.568008 -41.92424 9.901878 -0.065125 1.494916 -1.149664 0.480028 0.696466 -1.084085 -0.642551 -0.691492 -2.002246 -0.244836 -4.165739 2.87205
-4.568008 -43.92424 9.901878 -0.213342 -2.785504 1.338192 -1.735365 -2.099359 -0.623203 -2.123954 1.528955 0.599313 2.474596 -2.069154 1.130426
9.431992 -35.92424 11.90188 -0.017066 2.509538 0.514717 -0.865029 1.505189 -0.539118 -0.281238 1.075599 -1.109555 2.077311 0.817139 1.174674
7.431992 -35.92424 11.90188 -0.675122 2.278397 1.332123 -0.142075 2.121268 -2.84293 1.252258 -0.285477 -1.275813 2.291331 0.778572 -0.449568
5.431992 -35.92424 11.90188 -1.172365 4.48034 0.594624 0.484933 0.829428 -2.164449 -0.3632 -3.238604 0.165294 1.462339 0.006917 -0.734321
3.431992 -35.92424 11.90188 -0.135518 2.549292 -0.567245 0.480282 -1.127198 0.229173 -2.030397 -2.951553 -0.208372 0.700244 -3.289419 1.238169
-6.568008 -35.92424 11.90188 3.366132 0.516151 -0.15323 -0.954679 -0.013675 3.611403 -0.497312 -3.51683 0.104377 -2.571323 -1.871151 -2.745061
9.431992 -37.92424 11.90188 -0.260803 -2.129691 1.203105 -2.457972 3.740081 -0.653161 -0.934414 0.753133 -1.72554 -0.359725 -1.374584 -1.374877
7.431992 -37.92424 11.90188 -1.17167 -0.29945 3.058157 -0.903719 3.594094 -2.892727 0.524381 -0.233257 -1.403971 -0.147027 -0.658059 -1.642556
5.431992 -37.92424 11.90188 -0.678995 4.512093 2.023931 0.963541 0.548809 -1.290406 -1.013116 -2.662837 -1.170741 0.796253 -0.292524 -1.502793
3.431992 -37.92424 11.90188 1.267707 4.211074 1.035873 1.810316 -0.467334 2.592419 -0.864284 -1.978267 -1.143405 0.168203 -2.713387 1.385799
1.431992 -37.92424 11.90188 1.22173 0.844566 1.262597 1.683088 -0.066409 2.561412 0.884485 -0.420233 -0.459545 -1.442121 -3.685964 1.009768
-0.568008 -37.92424 11.90188 -0.240587 -1.467049 0.867642 1.288365 -1.062594 1.253614 -1.979061 -4.94865 -2.337591 -3.127632 -4.731637 -3.31884
-4.568008 -37.92424 11.90188 0.370099 -0.067714 -2.213165 1.535 0.363231 3.514637 -1.527214 -2.30132 -2.248993 -2.668108 -8.886703 -1.602588
-6.568008 -37.92424 11.90188 3.388354 6.896034 0.70014 0.829525 2.391754 6.313895 0.645278 0.682883 0.516739 -2.136723 -1.956654 0.868799
-12.56801 -37.92424 11.90188 0.787797 -0.511472 -0.745648 0.997157 0.670454 2.750042 1.973869 0.870872 0.07038 -1.596285 -0.398848 -1.295932
-14.56801 -37.92424 11.90188 0.600526 -0.87484 -2.846122 0.781202 1.207901 1.991499 1.775482 -0.232568 -0.08775 0.249145 -1.79459 -1.010196
9.431992 -39.92424 11.90188 -0.522588 -2.075044 -1.849523 -2.497956 2.32385 -2.07174 -1.161664 -0.97888 -4.200034 -4.250209 -3.649135 0.862928
3.431992 -39.92424 11.90188 0.649922 1.21834 0.64731 0.34947 -0.277482 -0.721215 -3.096349 -3.444719 -3.4253 -0.144232 -4.369012 -0.942979
1.431992 -39.92424 11.90188 0.196435 1.40753 1.122646 -0.112692 0.018952 1.181548 -1.156247 -1.898012 -1.510796 0.92006 -5.076683 -0.516348
-4.568008 -39.92424 11.90188 -0.479555 2.708291 -2.751957 2.659352 -0.847442 3.855185 0.091055 2.157847 -1.895063 -0.796766 -6.720961 1.201105
-8.568008 -39.92424 11.90188 0.799781 1.516527 -0.681338 0.322493 -1.393539 1.14956 -1.285031 -0.55079 -2.157052 -0.567432 -2.910461 1.611433
-10.56801 -39.92424 11.90188 1.168329 -1.275199 0.190702 -0.163962 -3.588703 -0.310422 -0.449411 1.63544 -0.418558 -1.248766 -1.180443 0.332554
-12.56801 -39.92424 11.90188 0.639885 -0.498846 -0.344963 0.001113 -1.092548 1.348088 0.713635 1.188179 -0.169837 -2.919412 0.203545 -1.068097
-14.56801 -39.92424 11.90188 0.23099 -1.758902 -0.151457 -0.755393 1.04638 1.600894 1.054621 -1.912079 0.315657 -1.460061 0.026624 -2.437649
-4.568008 -41.92424 11.90188 1.719449 2.817144 -0.741646 -0.585871 -1.445101 0.491498 0.597559 3.281927 -0.428097 1.048846 -3.157677 0.994703
-6.568008 -41.92424 11.90188 1.443714 2.956362 -2.229187 -1.294677 1.181447 -1.311221 0.523503 0.501764 0.163673 0.842393 -1.597221 3.030635
-8.568008 -41.92424 11.90188 1.191461 -0.338765 -1.05128 0.788554 0.171031 -0.835342 -0.350922 -2.203851 -0.157241 -0.601881 -2.073953 1.883149
9.431992 -35.92424 13.90188 1.93962 3.080604 0.181276 -1.4551 2.114404 -0.30261 0.422473 0.571284 -0.614663 0.458452 0.959609 0.753834
7.431992 -35.92424 13.90188 2.219041 3.701394 0.53321 -0.228379 3.517489 1.109936 3.234318 -0.895817 -0.832417 1.191019 -0.021197 0.074168
9.431992 -37.92424 13.90188 -0.159067 -1.35238 2.173312 -5.310821 5.367408 -0.767824 -0.318753 -0.027712 -1.331661 -0.332654 -0.39205 -3.492806
7.431992 -37.92424 13.90188 1.053052 2.340654 3.058557 -2.89013 5.062295 1.619263 1.932889 -1.688807 0.727686 -0.327413 0.205918 -1.770394
5.431992 -37.92424 13.90188 1.185342 3.867022 1.188071 0.205489 2.076163 2.380614 0.364742 -2.596174 0.668888 0.553746 -0.147545 0.744708
3.431992 -37.92424 13.90188 1.913089 3.373587 0.359261 -0.014907 -1.12302 1.311067 -1.270816 -2.458492 -0.668444 -0.795168 -0.227981 -1.633944
-14.56801 -37.92424 13.90188 -1.376928 -2.25231 -3.759114 -1.462391 -0.234554 0.468808 0.317823 1.050979 -1.538378 -0.79802 -1.942707 -1.809767
-16.56801 -37.92424 13.90188 -2.766626 -1.364005 -3.871268 -3.054253 0.734971 1.75286 0.176092 2.427136 -3.052048 -0.756948 -0.331254 0.180684
5.431992 -39.92424 13.90188 0.973272 5.053416 1.830342 -0.708842 0.345442 2.333903 -0.39532 -0.222286 0.094174 2.291184 -0.411604 4.219169
3.431992 -39.92424 13.90188 -0.109795 0.367133 0.71389 -1.380513 0.351623 -0.396845 -1.90231 -2.545035 -0.649269 0.378107 -1.021434 -0.466065
-4.568008 -39.92424 13.90188 4.244679 5.228145 2.920663 2.523463 1.792899 9.363689 0.780178 0.801585 0.293949 -1.842178 -4.087677 3.624034
-6.568008 -39.92424 13.90188 1.293561 3.871478 2.654448 0.657748 -0.017884 4.149525 0.729327 2.231115 -0.044152 1.18647 -2.721171 5.232779
-8.568008 -39.92424 13.90188 -0.393744 -2.814499 -0.596664 -1.049992 -3.701461 -0.161905 -0.85167 -2.226464 -1.661403 0.508067 -3.558913 -1.007498
-10.56801 -39.92424 13.90188 1.687148 -2.417714 -2.45766 -2.080396 -3.408983 -0.497237 0.225792 -1.148507 -1.025086 -0.22328 -1.812764 -2.796322
-12.56801 -39.92424 13.90188 1.758122 -1.483477 -3.086108 -2.004606 -0.827586 2.445901 -0.014551 -1.446206 -1.151156 -1.363637 -2.99208 -1.706659
-14.56801 -39.92424 13.90188 -3.00784 -2.845019 -2.116864 -3.134523 1.206076 2.736128 -1.08731 -2.729586 -2.440083 -2.168719 -4.015643 -2.418377
-4.568008 -41.92424 13.90188 3.777457 7.086541 3.552519 0.630809 -0.226187 5.490592 0.728705 3.174977 0.486772 0.730117 -3.503768 4.565829
-6.568008 -41.92424 13.90188 2.426242 4.728911 1.860825 -0.142328 -0.085242 1.117489 0.675173 1.301671 0.690322 2.53162 -2.007411 4.583613
-8.568008 -41.92424 13.90188 1.25838 -0.993554 -1.019812 -0.604672 -1.32682 -0.593216 0.200564 -1.986104 -0.414869 1.561527 -1.561377 -0.007373
-10.56801 -41.92424 13.90188 1.39825 -1.459058 -0.536039 -0.154246 -1.102098 -1.01493 0.268954 -0.982368 -1.098399 1.059504 -0.698503 -0.885705
9.431992 -35.92424 15.90188 0.753373 -0.710131 -2.185689 -0.557329 -1.925409 -0.315215 -0.380214 -1.288791 -1.544695 0.547677 -1.374404 0.451177
7.431992 -35.92424 15.90188 0.345393 -1.305647 -1.573051 2.26377 0.71786 3.155898 1.220634 -1.20039 -1.056098 1.002694 -2.845968 0.097678
9.431992 -37.92424 15.90188 -1.190633 -1.682216 -1.232392 -3.374887 1.965797 4.050631 -1.719668 0.049522 -1.644066 0.386541 -1.259024 -2.211616
7.431992 -37.92424 15.90188 1.508163 1.143944 -1.522437 -0.199619 2.278862 7.760391 -0.387982 0.587892 0.258667 0.17124 -1.179116 -0.33641
5.431992 -37.92424 15.90188 -0.082782 2.480044 0.202321 1.534807 0.813064 9.129877 -0.10547 -0.781 0.537719 -2.117046 0.493141 2.287419
3.431992 -37.92424 15.90188 2.051265 2.548852 2.712076 1.083596 -0.985276 4.90225 -0.193597 -0.265209 -1.612922 -1.388482 3.331851 1.594756
-12.56801 -37.92424 15.90188 1.175356 -1.808909 -3.061251 1.068177 -0.651977 1.770311 0.343947 -1.074827 1.235517 -1.908713 -3.3868 -0.588414
-14.56801 -37.92424 15.90188 -2.033772 -0.887702 -5.502897 1.24475 -0.357544 2.169827 -0.740653 0.777115 -1.888367 -2.650027 -3.222658 -0.748384
5.431992 -39.92424 15.90188 1.183695 1.143719 1.09453 -0.680697 0.917571 5.963179 0.747124 -0.114413 0.379676 -1.114607 2.335652 1.284081
-8.568008 -39.92424 15.90188 2.456446 -2.524348 -0.452047 -0.542919 -0.040682 5.574087 -1.270511 -1.061189 -1.475734 -0.445904 -2.703421 -0.483681
-10.56801 -39.92424 15.90188 1.231776 -4.011746 -2.062853 -1.542955 -0.826624 2.805423 -0.399248 -2.637095 -0.630798 -2.318647 -0.985678 -1.302884
-12.56801 -39.92424 15.90188 -0.659848 -5.995207 -6.152104 -1.412187 -0.760343 1.576362 -0.297485 -3.550486 -1.259691 -2.852884 -3.962582 -2.143857
-6.568008 -41.92424 15.90188 3.349134 1.302063 2.908717 0.653322 -0.163481 4.305737 -0.304549 -0.566281 0.624445 2.56613 -3.305673 -0.472168
-8.568008 -41.92424 15.90188 3.320504 -1.253479 1.609248 0.269193 -0.40672 3.822725 -0.952633 -1.102298 -1.278283 1.489702 -2.558893 -0.410125
9.431992 -35.92424 17.90188 1.276724 -0.351983 -0.616456 1.043017 0.698024 1.21121 -0.493416 -0.611183 -2.869793 1.297227 -0.924699 0.807274
7.431992 -35.92424 17.90188 1.459474 0.864691 0.065924 3.549025 3.449508 2.794524 0.250906 1.568108 -1.937548 2.138255 0.457863 -0.488383
5.431992 -35.92424 17.90188 -0.767364 -2.879803 1.53003 2.102737 0.75666 4.73473 0.053074 0.339973 -0.6382 1.856706 0.176457 -2.130552
-12.56801 -35.92424 17.90188 -1.198931 0.430454 -0.801215 0.768673 -3.566205 5.595304 -0.168617 -0.430869 -0.681111 -1.436413 -3.707657 0.252608
-14.56801 -35.92424 17.90188 0.501368 0.199922 0.16571 -0.11776 -0.195896 3.028994 0.527944 0.711809 -0.630863 -1.215079 -1.296505 0.657474
7.431992 -37.92424 17.90188 4.352697 3.545673 -1.518912 2.680631 3.954385 7.700884 -0.857353 2.152039 0.753879 2.975215 0.682348 0.369627
5.431992 -37.92424 17.90188 1.396049 0.746571 0.204465 1.678018 1.413249 8.006695 0.146305 -0.377819 -0.4781 0.274978 0.596054 1.489002
-10.56801 -37.92424 17.90188 -2.468401 -1.418403 -0.877329 -0.608248 -3.466559 1.975955 -0.8198 -2.475055 -0.80534 -1.792734 -1.956983 -2.636628
-12.56801 -37.92424 17.90188 -1.785754 -1.63909 0.477001 1.097174 -2.010784 1.813796 -0.357244 -0.473545 -0.687869 0.300792 -2.397147 0.234821
-8.568008 -39.92424 17.90188 0.878003 -2.002525 -0.369839 0.131871 0.024424 4.948989 -2.033567 -3.435067 -1.614493 -1.107092 -1.572326 -1.350266
-10.56801 -39.92424 17.90188 -2.410245 -4.101778 -1.004502 -0.334522 -2.412743 2.367558 -1.068717 -3.883019 -1.008522 -4.538743 -1.11148 -3.090623
7.431992 -33.92424 19.90188 -3.066183 -4.905674 -0.500154 -0.753115 -2.597053 -4.070102 -2.021971 -2.460146 -1.451234 -3.443342 -2.292037 0.207873
9.431992 -35.92424 19.90188 -2.595098 -3.977481 -1.252703 1.477672 -0.116116 -1.90821 -2.970042 -1.403873 -2.826812 -3.290051 -3.07171 -0.1336
7.431992 -35.92424 19.90188 -1.123009 -2.364419 0.632331 0.750837 0.499375 -1.116064 -1.118401 -0.087887 -1.610975 -1.918454 -2.338146 1.093354
5.431992 -35.92424 19.90188 -1.450975 -6.791144 0.945024 -0.60147 -0.969414 0.455536 -0.394905 0.628338 0.126807 -0.809639 -0.777339 0.237536
5.431992 -37.92424 19.90188 0.827965 -3.057652 1.507157 2.803755 1.304505 3.9533 0.247125 0.180898 -1.603197 -1.553671 -1.493797 2.866431
