-1.352875 -15.78085 -7.073547 0.244526 -0.216919 0.785802 1.452943 1.096735 1.374582
-1.352875 -17.78085 -7.073547 0.933196 2.211468 -0.221122 1.042716 -0.189278 0.020391
2.647125 -21.78085 -7.073547 -0.796567 0.954485 -1.266925 -0.173096 -0.600254 1.805475
2.647125 -13.78085 -5.073547 1.070476 4.552354 2.470269 1.769728 2.602965 1.772929
-1.352875 -13.78085 -5.073547 -0.416077 -1.374555 -0.889978 -0.457302 -0.938457 -0.768935
2.647125 -15.78085 -5.073547 1.442963 2.077508 0.74031 -0.446127 2.598946 -0.508877
-1.352875 -15.78085 -5.073547 -3.555841 -2.672331 -0.99025 0.202493 0.47369 1.397031
2.647125 -17.78085 -5.073547 0.675578 1.007044 1.823773 1.803059 0.635059 -0.656746
-1.352875 -17.78085 -5.073547 -0.742784 2.928805 -0.440286 3.093806 -0.585141 1.154471
2.647125 -19.78085 -5.073547 -1.32074 -1.92765 -0.332224 0.279976 1.53646 0.063098
-1.352875 -19.78085 -5.073547 2.319358 3.992025 -0.940185 0.469043 -0.115988 0.690556
2.647125 -21.78085 -5.073547 -1.355859 -0.754064 -0.418028 0.879272 0.38153 1.214513
-1.352875 -21.78085 -5.073547 -0.504474 0.323785 0.315234 0.466787 0.27049 -0.562605
2.647125 -23.78085 -5.073547 -2.936107 -1.11175 -1.963966 -0.524758 -0.763308 0.059011
-1.352875 -23.78085 -5.073547 -0.805298 -2.643702 -1.384243 -1.964576 -0.808241 -2.685633
2.647125 -25.78085 -5.073547 -0.503207 0.844875 0.013417 1.270638 -1.101972 1.097566
2.647125 -27.78085 -5.073547 0.691008 -0.66399 1.108457 0.527227 0.770524 0.793786
2.647125 -29.78085 -5.073547 0.273145 -1.617323 -1.168959 -2.390053 1.151437 -0.978265
2.647125 -35.78085 -5.073547 -0.112759 0.379658 -0.910172 -1.560474 -1.238144 0.077414
4.647125 -37.78085 -5.073547 -0.461303 -0.39169 0.218374 0.679603 0.083013 -0.76913
2.647125 -37.78085 -5.073547 -0.12754 0.529007 0.481537 -0.646662 -2.16237 -0.814908
-3.352875 -11.78085 -3.073547 4.649379 2.452393 0.977297 -0.243894 3.339794 1.179497
4.647125 -13.78085 -3.073547 5.469189 4.669345 2.126734 1.112846 1.633239 0.065385
2.647125 -13.78085 -3.073547 4.231353 3.802806 1.886184 1.856681 1.007241 -0.360274
-1.352875 -13.78085 -3.073547 0.47433 -1.281636 0.115274 -1.276093 3.109276 2.023612
-3.352875 -13.78085 -3.073547 4.370057 2.319658 1.182207 1.112141 4.587258 2.640218
2.647125 -15.78085 -3.073547 3.830987 3.019215 1.026945 0.265585 1.038865 -1.329456
-1.352875 -15.78085 -3.073547 -3.174611 -4.89547 0.304933 -0.428024 1.334291 -0.332066
-3.352875 -15.78085 -3.073547 1.042056 -1.165324 -0.268256 0.25079 3.721346 1.694522
2.647125 -17.78085 -3.073547 1.482588 0.904128 2.697369 1.876999 1.406807 0.439065
-1.352875 -17.78085 -3.073547 -3.710586 -2.361206 -0.010813 1.339294 -2.380884 -2.71332
-3.352875 -17.78085 -3.073547 0.063248 -0.872946 -1.214151 -0.244478 0.552847 -1.074015
2.647125 -19.78085 -3.073547 -0.391091 -0.709514 1.162914 1.125892 1.394254 1.557672
-1.352875 -19.78085 -3.073547 1.866598 2.369505 -0.260719 0.509595 -0.586596 -1.92221
-3.352875 -19.78085 -3.073547 4.993261 4.433084 0.044148 1.495507 1.614017 0.468107
2.647125 -21.78085 -3.073547 -1.700309 -3.118253 1.275359 0.815608 1.860231 0.694592
-1.352875 -21.78085 -3.073547 -0.384314 0.324842 1.56887 2.132116 -1.203299 -3.063599
-3.352875 -21.78085 -3.073547 2.522253 1.295808 -0.770933 0.789653 1.485964 -0.206739
2.647125 -23.78085 -3.073547 -1.100716 -1.708283 1.489839 1.248072 -0.565918 -1.143049
0.647125 -23.78085 -3.073547 -0.29715 0.452914 0.785709 1.218264 -0.885767 -0.832211
-1.352875 -23.78085 -3.073547 0.036474 -0.314921 0.470812 0.846089 -1.285931 -1.711771
-3.352875 -23.78085 -3.073547 0.936392 -0.111054 0.478146 0.463819 0.832048 -0.080906
2.647125 -25.78085 -3.073547 0.661988 3.208985 -0.561661 0.178643 -2.458555 0.443659
0.647125 -25.78085 -3.073547 1.714621 4.335563 -0.138053 1.325505 -3.055898 -1.801637
-1.352875 -25.78085 -3.073547 1.334216 2.434667 -1.552876 0.13249 -1.794088 -0.427967
-3.352875 -25.78085 -3.073547 0.519296 2.341732 -1.427821 -0.066268 0.234721 1.863639
2.647125 -27.78085 -3.073547 0.967836 2.301892 -0.34456 -0.23309 -0.882206 0.399851
0.647125 -27.78085 -3.073547 0.20915 -0.957312 -0.766895 -1.840168 -0.507288 -1.642734
-3.352875 -27.78085 -3.073547 -0.805825 1.604695 -2.530909 -1.032862 -0.127934 1.721367
2.647125 -29.78085 -3.073547 1.397061 1.151096 -1.406417 -1.818252 1.229418 1.389905
-3.352875 -29.78085 -3.073547 0.796538 0.251713 -0.584152 -0.636491 -0.223689 -0.772318
4.647125 -31.78085 -3.073547 -0.069882 -0.426161 -1.943465 -0.647444 -1.406787 -0.804699
2.647125 -31.78085 -3.073547 1.880989 1.157327 -1.924 -2.410645 2.13022 1.379956
4.647125 -33.78085 -3.073547 0.736062 0.934392 0.082088 0.890209 0.54077 1.580888
2.647125 -33.78085 -3.073547 0.996035 0.77709 -1.484839 -1.847419 1.9018 1.348919
4.647125 -35.78085 -3.073547 1.525548 1.187594 0.799748 0.733396 -1.066454 0.247435
2.647125 -35.78085 -3.073547 1.290386 1.792044 -0.269547 -1.105448 0.247308 0.58919
4.647125 -37.78085 -3.073547 0.566244 0.901667 0.204246 0.938402 0.203395 0.205963
2.647125 -37.78085 -3.073547 -0.744286 -0.394685 -0.01842 -1.388216 -1.183896 -1.323056
0.647125 -37.78085 -3.073547 -1.346426 -0.693055 -1.048671 -1.446662 -1.238188 -1.529914
2.647125 -39.78085 -3.073547 -1.593153 -2.755894 0.652437 -1.428792 -1.574487 -1.569446
2.647125 -41.78085 -3.073547 0.975843 0.05044 0.649491 -1.038605 0.15195 0.097673
4.647125 -13.78085 -1.073547 1.734847 -1.374148 1.656566 0.676944 0.369292 -2.182543
-3.352875 -13.78085 -1.073547 2.644746 3.048923 1.36778 1.182452 3.577744 4.154217
4.647125 -15.78085 -1.073547 0.228065 -3.38107 2.445617 -0.249363 1.253464 -3.249716
-3.352875 -15.78085 -1.073547 4.473456 2.855436 2.593055 2.412152 2.282623 3.32742
-5.352875 -15.78085 -1.073547 1.244758 0.890274 1.997327 0.852031 1.552364 2.235381
4.647125 -17.78085 -1.073547 1.740023 -1.388399 3.581584 1.386329 1.267244 -2.116559
2.647125 -17.78085 -1.073547 3.857567 -0.575012 4.001445 1.36668 -1.846078 -4.95675
-3.352875 -17.78085 -1.073547 4.426484 3.562095 0.856641 0.680387 0.023392 2.297489
-5.352875 -17.78085 -1.073547 -1.755453 -1.344647 1.0975 -0.237808 -0.100941 1.611462
4.647125 -19.78085 -1.073547 3.762928 0.379884 1.898969 0.030784 0.969155 -1.139582
2.647125 -19.78085 -1.073547 5.836906 2.225108 3.935744 0.844246 -0.94373 -2.428626
-3.352875 -19.78085 -1.073547 4.695794 4.777421 0.522419 0.715518 -0.265825 1.856689
-5.352875 -19.78085 -1.073547 -1.022969 -1.104176 1.888088 0.733469 -0.912258 0.582158
4.647125 -21.78085 -1.073547 3.644864 0.465406 2.113528 -0.959918 1.97897 0.665066
2.647125 -21.78085 -1.073547 2.493716 1.119121 2.124883 -1.973403 0.697835 0.965584
-3.352875 -21.78085 -1.073547 2.867819 2.187977 1.060286 1.532586 0.336283 0.903316
-5.352875 -21.78085 -1.073547 0.166955 -1.408095 2.392315 1.833428 -1.180318 -1.298255
4.647125 -23.78085 -1.073547 1.545705 0.842476 1.023482 -0.461114 2.103587 2.105028
2.647125 -23.78085 -1.073547 -0.563124 -0.725815 1.358589 -1.772552 0.932662 2.072431
-3.352875 -23.78085 -1.073547 0.535261 2.601739 0.101914 1.628659 0.460639 1.80772
4.647125 -25.78085 -1.073547 3.38747 5.175577 -2.093598 -1.619572 2.464797 4.037522
2.647125 -25.78085 -1.073547 0.655517 4.173041 -0.33061 -0.364242 0.689539 4.856329
0.647125 -25.78085 -1.073547 0.142318 1.888196 -0.490237 0.894418 0.370487 0.669678
-3.352875 -25.78085 -1.073547 -1.975721 1.065108 -2.921189 -0.345518 -0.97647 0.947245
2.647125 -27.78085 -1.073547 1.622443 4.346108 0.256331 0.791743 -0.082444 3.894756
0.647125 -27.78085 -1.073547 -2.54074 -1.032901 -2.935211 -1.606883 -0.393516 0.132731
-3.352875 -27.78085 -1.073547 -2.724484 0.45974 -5.132719 -2.409354 -0.884527 1.478264
2.647125 -29.78085 -1.073547 1.247119 1.597528 -0.43642 -0.166766 0.368495 1.682682
0.647125 -29.78085 -1.073547 -3.015129 -2.027377 -5.2483 -3.598357 -1.21793 -0.321182
-1.352875 -29.78085 -1.073547 -1.19988 1.851209 -7.777436 -3.381807 -0.585962 1.235888
-3.352875 -29.78085 -1.073547 -0.580977 1.574247 -4.828087 -2.069993 -0.433288 1.242862
2.647125 -31.78085 -1.073547 1.690599 1.267223 -0.364532 -0.479621 2.458627 1.746266
-3.352875 -31.78085 -1.073547 0.434295 2.195085 -1.308765 0.974236 0.621739 1.982751
2.647125 -33.78085 -1.073547 1.706972 1.164698 -0.286642 0.131932 2.535476 2.273347
2.647125 -35.78085 -1.073547 2.799757 2.734598 0.328076 0.350737 1.938139 1.641303
2.647125 -37.78085 -1.073547 0.727188 1.382054 0.155845 -0.205685 1.621316 1.657729
0.647125 -37.78085 -1.073547 -1.016497 -1.694308 -0.532362 -1.083929 0.81394 -0.281821
4.647125 -39.78085 -1.073547 1.015595 1.743187 -0.717321 -0.829527 0.277546 0.871903
2.647125 -39.78085 -1.073547 0.067091 -0.856143 0.923868 -0.558047 -0.377639 -0.291292
0.647125 -39.78085 -1.073547 -1.22722 -3.041609 1.941518 1.484011 1.143801 -0.664592
-3.352875 -39.78085 -1.073547 -0.418968 -0.536152 -1.817614 -1.872152 -1.075253 -1.538201
6.647125 -41.78085 -1.073547 2.244665 5.014105 -0.130319 -0.06137 -0.064923 2.547292
4.647125 -41.78085 -1.073547 2.651683 3.052884 0.315971 -0.211277 0.430645 1.330209
2.647125 -41.78085 -1.073547 0.839914 -0.377966 1.314636 0.718086 0.529372 -0.071619
4.647125 -43.78085 -1.073547 0.38702 -0.36828 1.494198 -0.461138 0.660505 0.18466
4.647125 -19.78085 0.926453 -2.063885 -3.589358 1.319958 0.310009 0.299118 -1.130346
4.647125 -21.78085 0.926453 0.302905 -0.719936 0.501032 -0.502055 0.568234 -0.47304
4.647125 -23.78085 0.926453 0.970684 0.318822 -1.282764 -2.324695 4.216667 3.571757
-3.352875 -23.78085 0.926453 -1.661376 -1.114806 -1.792732 -0.297187 -1.997151 -2.319179
6.647125 -25.78085 0.926453 1.401422 -0.302396 -1.830257 -1.892442 4.123107 1.433424
4.647125 -25.78085 0.926453 2.037558 0.386912 -4.493948 -5.902778 3.970147 1.553318
-5.352875 -25.78085 0.926453 -0.136321 -1.535096 -1.56554 -0.782969 0.917672 -0.808264
4.647125 -27.78085 0.926453 2.722108 2.994986 -3.777593 -5.022072 1.325583 1.089698
2.647125 -27.78085 0.926453 -2.423709 -3.181959 -4.074171 -5.915301 -2.250548 -3.691053
-3.352875 -27.78085 0.926453 -1.701429 0.41123 -3.301782 -1.373429 0.169755 1.862022
-5.352875 -27.78085 0.926453 0.044544 0.332605 0.310833 1.378053 0.977858 1.038634
4.647125 -29.78085 0.926453 1.823088 1.683262 -2.54414 -4.076487 1.31976 1.441782
2.647125 -29.78085 0.926453 -0.141252 -0.453707 -3.37856 -4.843848 -0.858036 -1.626884
0.647125 -29.78085 0.926453 -3.358349 -3.724185 -1.281276 -2.002434 -1.028291 0.12576
-1.352875 -29.78085 0.926453 -0.880755 0.782357 -1.699567 -0.673516 -0.357725 1.937623
-3.352875 -29.78085 0.926453 0.067463 2.803502 -2.936144 -0.922673 -0.688845 1.450247
4.647125 -31.78085 0.926453 3.322677 1.367285 -1.044799 -3.381035 2.530542 1.006667
2.647125 -31.78085 0.926453 2.578976 4.022329 -2.769785 -2.711719 -0.427921 0.11039
-1.352875 -31.78085 0.926453 -0.221902 3.597238 -0.7755 1.890856 -1.492438 2.777596
2.647125 -33.78085 0.926453 3.59919 5.100167 -1.351689 0.003641 -2.183415 -1.242482
-3.352875 -33.78085 0.926453 2.877644 3.98333 2.737131 2.896436 0.709121 2.333019
2.647125 -35.78085 0.926453 3.759278 1.013291 0.320708 1.333014 1.205528 -1.91612
2.647125 -37.78085 0.926453 1.225475 0.48478 0.753861 1.789009 1.340622 -0.102193
6.647125 -39.78085 0.926453 -1.265219 0.70618 -1.377959 -0.928623 2.509866 3.011379
2.647125 -39.78085 0.926453 0.449158 -0.335818 1.227723 1.621071 0.561551 1.051919
-3.352875 -39.78085 0.926453 -0.963155 -0.482653 -1.793647 -1.053906 0.563705 -0.123436
-5.352875 -39.78085 0.926453 0.698554 0.314273 0.067793 0.185051 0.594256 -0.233184
6.647125 -41.78085 0.926453 1.162223 2.778334 0.3214 0.365449 -0.087802 2.010078
4.647125 -41.78085 0.926453 1.335425 0.799794 0.08404 0.196091 0.555161 0.195018
2.647125 -41.78085 0.926453 1.358937 -0.16426 0.833535 0.696352 0.806378 -0.200188
-3.352875 -41.78085 0.926453 -0.464093 1.329835 -1.224263 0.878868 0.862499 0.426979
-5.352875 -41.78085 0.926453 -2.030307 -1.981432 -0.510807 -0.177083 -0.453527 -1.385102
8.647125 -43.78085 0.926453 -0.424705 0.621801 -0.24405 -0.524511 1.059059 1.376913
6.647125 -43.78085 0.926453 0.419871 0.602562 1.512694 0.727375 1.066153 0.888363
4.647125 -43.78085 0.926453 -0.445256 0.564394 0.655751 0.117923 0.791783 0.620985
2.647125 -43.78085 0.926453 1.443874 3.118304 0.258852 0.910019 0.630279 1.964485
-7.352875 -43.78085 0.926453 -2.274905 -3.507759 0.195349 -0.305532 0.959819 -0.627173
6.647125 -45.78085 0.926453 -3.302171 -2.00275 -0.995009 -1.348824 0.01177 0.681513
4.647125 -45.78085 0.926453 -2.925011 -0.146779 -1.020086 -0.439124 1.958591 2.446958
2.647125 -45.78085 0.926453 2.516832 4.706827 0.480547 1.598039 1.014534 3.361546
4.647125 -29.78085 2.926453 0.929584 1.320156 1.732139 1.003812 -2.281488 -0.73906
-1.352875 -29.78085 2.926453 -0.052141 1.826285 0.973096 0.845456 -0.256167 -0.250264
-3.352875 -29.78085 2.926453 2.570934 3.043293 0.74278 1.14735 1.140979 0.934265
-5.352875 -29.78085 2.926453 1.266897 0.643975 0.523056 -0.14822 2.354718 2.192096
6.647125 -31.78085 2.926453 1.137227 0.110985 2.058578 1.992283 1.011053 0.148341
4.647125 -31.78085 2.926453 3.577363 4.292069 2.684814 0.22426 0.462728 1.359206
2.647125 -31.78085 2.926453 2.108287 6.387632 0.742559 -0.152516 -2.405253 1.525043
-1.352875 -31.78085 2.926453 -4.134822 -0.143519 -0.105719 1.614765 -1.48145 0.204072
-3.352875 -31.78085 2.926453 0.965292 1.27883 1.095196 0.900345 0.394891 0.321261
6.647125 -33.78085 2.926453 3.876058 3.681278 1.998978 1.771696 1.168593 -0.588401
4.647125 -33.78085 2.926453 8.775406 8.96756 2.847459 0.583914 1.762604 1.052586
2.647125 -33.78085 2.926453 5.348183 7.896036 0.22101 0.181304 -1.315295 -0.329121
-1.352875 -33.78085 2.926453 -3.589975 1.291434 -1.439359 1.267481 -0.607467 2.526473
-3.352875 -33.78085 2.926453 1.433214 1.182436 1.773367 1.572681 1.321812 1.615968
-5.352875 -33.78085 2.926453 2.608946 1.150454 2.09026 0.934195 3.173384 2.648597
6.647125 -35.78085 2.926453 3.074817 2.601609 1.338511 1.322298 1.92152 -0.088513
4.647125 -35.78085 2.926453 5.078606 4.348812 3.049628 2.898412 2.703688 1.34446
-3.352875 -35.78085 2.926453 1.261747 1.585185 1.171882 1.267425 0.842194 1.708904
-5.352875 -35.78085 2.926453 0.762741 0.691792 2.365839 2.047584 0.499472 0.80621
6.647125 -37.78085 2.926453 1.923567 2.329841 1.219243 1.06714 1.93264 1.513801
4.647125 -37.78085 2.926453 1.931589 1.539729 2.216746 1.316978 0.593861 0.757169
-5.352875 -37.78085 2.926453 -1.042263 -1.605424 0.712765 0.300995 -0.14079 -0.032307
-7.352875 -37.78085 2.926453 0.506768 -1.47897 1.102838 0.122996 -0.492809 -0.61416
4.647125 -39.78085 2.926453 4.064828 2.075006 2.53181 0.699185 2.733217 2.048506
-5.352875 -39.78085 2.926453 -0.126875 -0.531318 0.897346 0.261665 -0.154367 -0.510073
-7.352875 -39.78085 2.926453 0.406106 0.21009 1.257359 0.927137 -0.852039 0.665859
4.647125 -41.78085 2.926453 2.999187 -0.961278 2.202964 -0.306768 3.466429 0.586107
-7.352875 -41.78085 2.926453 -0.77566 -1.236492 0.702096 0.177591 1.467135 1.796256
-9.352875 -41.78085 2.926453 -0.100257 -0.482625 0.290019 1.064567 2.246162 2.201061
8.647125 -43.78085 2.926453 -0.753987 0.677346 -0.453734 0.475085 0.851347 2.447482
2.647125 -43.78085 2.926453 -1.235423 -3.867382 -0.050449 -1.622693 1.546519 -3.140669
-7.352875 -43.78085 2.926453 -1.553984 -1.600049 -0.193637 -0.989862 0.969287 0.378855
-9.352875 -43.78085 2.926453 0.869303 0.350503 0.705988 -0.201513 1.946266 0.848798
8.647125 -45.78085 2.926453 -1.231089 -0.726714 -2.387677 -1.885504 0.412558 -0.32217
6.647125 -45.78085 2.926453 -1.172761 -1.561318 -1.990528 -2.954095 -0.217272 -1.795524
4.647125 -45.78085 2.926453 -1.226864 -2.934428 -1.440455 -2.511675 1.38292 -2.144212
2.647125 -45.78085 2.926453 -0.776128 -0.526244 0.156182 0.26889 1.45524 0.632892
-5.352875 -45.78085 2.926453 -2.338955 -3.516189 -1.440838 -2.456963 2.227715 -1.056071
-1.352875 -31.78085 4.926453 -1.94064 -3.445653 0.599106 -0.627954 -0.027806 -1.047324
-3.352875 -31.78085 4.926453 0.329139 0.104098 0.486052 -0.187419 1.128579 2.028462
6.647125 -33.78085 4.926453 1.087225 0.544117 0.552353 0.014235 1.498453 -0.612634
-1.352875 -33.78085 4.926453 -1.929459 0.562611 -0.347436 0.318321 0.585607 2.901555
6.647125 -35.78085 4.926453 -0.372593 -0.793682 0.920304 1.149543 0.014816 -1.2572
4.647125 -35.78085 4.926453 1.674393 0.789785 2.966964 2.029161 0.994952 -0.786007
-1.352875 -35.78085 4.926453 -0.1477 1.999146 -0.186738 1.37161 0.653971 2.799843
-3.352875 -35.78085 4.926453 -0.450254 0.333706 0.118026 0.695296 0.5007 1.273921
-5.352875 -35.78085 4.926453 0.517281 -0.752877 1.605485 1.132417 1.642865 -0.16131
6.647125 -37.78085 4.926453 -1.146324 0.052757 0.294691 0.764249 -1.056653 -0.696999
4.647125 -37.78085 4.926453 -1.652236 -0.893877 1.149262 0.663458 -0.69762 -0.277644
2.647125 -37.78085 4.926453 -0.175085 -0.376047 1.020561 2.115566 -0.226062 -1.566367
-1.352875 -37.78085 4.926453 -0.03414 -0.055155 -0.657289 0.244841 -0.941436 -0.764247
-3.352875 -37.78085 4.926453 0.311105 0.528093 -0.282579 0.714525 -0.419222 -0.824476
-5.352875 -37.78085 4.926453 1.014224 0.73365 1.03361 0.537679 0.912029 0.884187
-7.352875 -37.78085 4.926453 -0.26321 -0.567791 1.571053 0.799233 1.153466 1.983777
6.647125 -39.78085 4.926453 1.976929 2.615141 1.450696 0.844542 0.98544 1.507748
4.647125 -39.78085 4.926453 3.922858 2.828179 3.135486 1.902878 1.591255 1.720975
2.647125 -39.78085 4.926453 2.904986 1.232865 3.12927 2.227841 0.62742 -0.427132
-3.352875 -39.78085 4.926453 0.28552 -0.731799 0.811779 -0.034087 0.98886 -0.38634
-5.352875 -39.78085 4.926453 0.977722 1.766929 0.557136 0.201014 0.06272 1.260768
-7.352875 -39.78085 4.926453 0.558601 2.475145 0.477839 0.947147 0.489272 3.117671
8.647125 -41.78085 4.926453 -0.806635 -1.025269 -0.585521 -1.141767 2.425772 2.112185
6.647125 -41.78085 4.926453 2.864852 2.748054 1.286536 -0.041526 2.519427 3.745281
-3.352875 -41.78085 4.926453 0.220216 -2.116572 1.52503 -0.085156 1.623671 -0.27954
-5.352875 -41.78085 4.926453 0.619705 -0.440434 1.852447 0.171811 0.133661 0.23309
-7.352875 -41.78085 4.926453 0.130505 0.232546 0.124403 -0.739685 1.281757 1.737506
8.647125 -43.78085 4.926453 -2.385645 -2.481815 -2.445574 -2.557423 1.688655 1.954075
6.647125 -43.78085 4.926453 -0.900603 -0.174264 -1.72111 -2.539333 0.504296 2.24277
4.647125 -43.78085 4.926453 1.926843 1.144164 2.207341 0.423283 2.1139 2.051127
2.647125 -43.78085 4.926453 2.746174 -0.215931 3.567316 0.803946 2.866739 0.710193
-3.352875 -43.78085 4.926453 -0.505393 -1.883446 -0.16015 -0.992714 2.659124 0.624622
-5.352875 -43.78085 4.926453 -1.357501 -1.844304 0.289168 -0.532809 0.507251 -0.558249
-7.352875 -43.78085 4.926453 -1.509144 -0.67956 -0.554913 -0.21006 0.666853 0.540683
8.647125 -45.78085 4.926453 -3.909152 -4.160387 -2.223436 -2.723403 0.33559 -0.189505
6.647125 -45.78085 4.926453 -1.703789 -1.90339 -2.036084 -3.167547 -0.160504 -0.539523
4.647125 -45.78085 4.926453 0.034603 -1.571234 -0.155799 -1.214198 1.484957 -0.075425
2.647125 -45.78085 4.926453 1.14938 -0.452585 1.501412 0.210466 2.871673 2.129246
-3.352875 -45.78085 4.926453 -1.595509 -3.349081 0.099567 -0.585964 1.093775 -2.16238
-5.352875 -45.78085 4.926453 -0.850643 -1.466094 0.895544 0.41637 0.828311 0.334159
4.647125 -47.78085 4.926453 0.515894 -1.374802 0.168357 -1.463671 2.568306 0.972442
-5.352875 -47.78085 4.926453 0.745834 -0.524677 -0.154439 -0.882498 0.87709 -1.077208
-7.352875 -47.78085 4.926453 -0.429625 0.218026 -0.397698 -0.438934 -0.506202 -0.519336
-1.352875 -33.78085 6.926453 -0.934171 -2.013386 1.167433 -0.419771 0.788155 0.645274
-3.352875 -33.78085 6.926453 0.425068 -1.49276 1.045551 -0.944004 1.070301 0.421349
-1.352875 -35.78085 6.926453 0.233062 1.885461 1.109909 1.348058 -0.366452 2.141898
-3.352875 -35.78085 6.926453 -0.014762 -0.20047 1.771199 0.938247 0.214071 1.321987
2.647125 -37.78085 6.926453 -2.941264 0.004539 -0.296777 3.420114 -0.447667 0.621427
0.647125 -37.78085 6.926453 -1.678411 0.755732 -1.400501 1.021346 -1.003203 0.518806
-1.352875 -37.78085 6.926453 0.787137 1.708933 -0.17464 -7.92300e-05 1.063571 1.590996
-3.352875 -37.78085 6.926453 0.294719 0.351737 1.767708 1.594588 2.263565 1.756796
4.647125 -39.78085 6.926453 2.02932 -1.032983 1.323965 0.138382 3.12227 -1.173583
2.647125 -39.78085 6.926453 -0.171655 -1.343097 1.613135 1.405098 2.980847 -0.008056
0.647125 -39.78085 6.926453 0.491311 -0.802694 0.194747 -0.226186 3.833264 0.654197
-1.352875 -39.78085 6.926453 -0.177772 -1.09899 -0.877861 -1.336373 1.161163 -0.19793
-3.352875 -39.78085 6.926453 0.291502 0.393698 0.593864 0.195524 1.484159 1.241561
4.647125 -41.78085 6.926453 0.279745 -1.637165 0.342255 -0.247609 2.109072 -0.657894
2.647125 -41.78085 6.926453 0.397419 -2.738734 2.127367 -0.002242 1.363584 -1.575945
0.647125 -41.78085 6.926453 0.951643 -1.264163 0.194222 -0.824165 1.922628 -0.395517
-3.352875 -41.78085 6.926453 0.444034 -0.500283 0.702313 -0.951414 0.243532 -0.974159
2.647125 -43.78085 6.926453 2.199729 0.337258 2.216719 0.425548 2.484831 1.324036
0.647125 -43.78085 6.926453 -0.065061 -0.213652 -1.333427 -0.882149 0.701206 0.21731
-3.352875 -43.78085 6.926453 -0.703574 -1.587536 0.867235 -0.412606 0.380504 -0.720663
-5.352875 -43.78085 6.926453 0.323495 0.247558 0.608719 0.288129 0.931122 0.410406
6.647125 -45.78085 6.926453 -0.19879 0.206262 -2.526055 -2.63774 1.96421 2.526625
4.647125 -45.78085 6.926453 0.115086 -0.157215 -0.21291 -0.126529 3.3891 2.177256
2.647125 -45.78085 6.926453 0.592681 -1.009794 1.037291 0.151664 2.094424 -0.015749
0.647125 -45.78085 6.926453 -1.906993 -1.201314 -1.228555 -0.222175 0.36106 -0.461889
-3.352875 -45.78085 6.926453 -1.834535 -3.35671 1.802359 0.867458 0.834978 -0.909946
-5.352875 -45.78085 6.926453 0.315671 -1.658864 2.047174 1.304623 1.982769 0.269642
-7.352875 -45.78085 6.926453 1.529569 1.019438 1.144033 1.997405 2.690504 0.927436
-9.352875 -45.78085 6.926453 1.240919 0.889701 0.22198 0.401171 -0.766022 -2.872041
8.647125 -47.78085 6.926453 -0.695715 1.34438 -0.044307 0.378304 0.505364 2.758817
6.647125 -47.78085 6.926453 0.226224 0.817344 0.248969 0.399247 1.485049 2.081605
4.647125 -47.78085 6.926453 0.620881 0.056524 1.029568 0.64086 2.202892 1.393639
2.647125 -47.78085 6.926453 1.734724 1.280094 0.521936 -0.059429 1.090852 0.984575
-5.352875 -47.78085 6.926453 2.106117 2.590208 1.338546 2.191518 2.061702 1.141712
-7.352875 -47.78085 6.926453 1.436718 3.175466 0.774832 1.524403 0.615397 0.488393
-9.352875 -47.78085 6.926453 -0.474182 -0.963405 -0.693868 -0.685637 -2.268773 -4.834044
6.647125 -49.78085 6.926453 -2.090282 2.346102 -2.532984 -0.010987 -0.031105 1.547337
4.647125 -49.78085 6.926453 -0.654763 0.271062 -0.523698 -0.148682 0.171948 -0.017241
2.647125 -49.78085 6.926453 4.547006 4.6633 0.413783 -1.173361 -2.226146 -0.29954
-7.352875 -49.78085 6.926453 -0.381064 -0.45858 1.264951 0.857415 0.2622 -2.581749
-1.352875 -35.78085 8.926453 0.801464 -0.081026 2.391182 1.182953 1.748792 0.460656
-3.352875 -35.78085 8.926453 -0.706515 -2.583854 2.101761 0.784727 1.421665 -0.662656
-1.352875 -37.78085 8.926453 0.47543 1.253444 -0.496869 -1.14622 1.851347 0.291335
-3.352875 -37.78085 8.926453 0.455415 -0.974794 2.162711 0.622377 1.16325 -1.119727
-5.352875 -37.78085 8.926453 2.381674 0.025456 3.781347 2.548499 2.531752 -0.767361
2.647125 -39.78085 8.926453 3.508287 2.655939 2.372786 1.795272 2.523943 1.131778
0.647125 -39.78085 8.926453 4.826513 3.496274 1.676272 0.412777 6.234764 3.344879
-1.352875 -39.78085 8.926453 0.048896 0.881789 -1.457286 -1.160761 1.412646 0.528556
-3.352875 -39.78085 8.926453 0.839729 0.945967 1.49881 1.371308 -0.225692 -0.216972
2.647125 -41.78085 8.926453 2.31862 -0.307717 1.629872 -0.595573 1.539743 0.812681
0.647125 -41.78085 8.926453 4.229546 2.118006 1.247982 -0.508581 4.077965 2.241919
-1.352875 -41.78085 8.926453 -1.497423 -1.387144 -1.713146 -1.811631 -1.305478 -2.559568
-3.352875 -41.78085 8.926453 -1.851761 -2.372532 0.544336 -0.095587 0.238831 -1.694835
2.647125 -43.78085 8.926453 0.944867 0.44486 1.197752 0.29511 0.68798 2.27707
0.647125 -43.78085 8.926453 0.576142 -0.455984 -0.144493 -1.000239 -0.393329 -1.339073
-3.352875 -43.78085 8.926453 -2.328691 -2.269353 -0.638435 -0.884068 -0.465615 -1.048305
-5.352875 -43.78085 8.926453 -0.777578 -0.425484 -1.059524 -0.543442 3.033445 1.939277
-7.352875 -43.78085 8.926453 1.396081 1.82491 -0.464932 0.780228 2.810446 1.718115
-9.352875 -43.78085 8.926453 0.475848 1.486627 0.435596 1.557814 -0.498917 0.041354
2.647125 -45.78085 8.926453 -1.057466 -1.142871 1.028433 0.611683 1.156775 2.124352
0.647125 -45.78085 8.926453 -1.053585 -0.94942 -0.616964 -0.644927 -0.089323 -0.594858
-3.352875 -45.78085 8.926453 -1.348082 -3.041962 1.656469 1.132715 0.552823 -0.77002
8.647125 -47.78085 8.926453 -0.972852 0.90325 0.396792 0.980783 2.306657 2.939075
6.647125 -47.78085 8.926453 0.18582 0.022579 1.50142 1.954962 2.945936 2.688598
4.647125 -47.78085 8.926453 1.589205 0.479963 2.801282 1.854892 4.312378 3.778659
2.647125 -47.78085 8.926453 2.481595 1.633475 0.741473 -0.860602 2.270404 1.915615
-3.352875 -47.78085 8.926453 -0.789231 -1.990081 1.234204 0.858307 1.31434 1.075982
-5.352875 -47.78085 8.926453 0.611798 1.081498 1.185637 1.591307 0.944073 0.602892
6.647125 -49.78085 8.926453 0.043796 2.301713 -0.572325 0.768016 1.707806 1.887173
4.647125 -49.78085 8.926453 1.758261 1.468288 1.088956 0.503821 1.387519 1.350082
2.647125 -49.78085 8.926453 3.425876 2.433765 0.329618 -1.124469 -0.609715 -0.683169
-3.352875 -49.78085 8.926453 -1.158852 -2.1154 1.265927 0.126047 0.474719 -0.205728
-5.352875 -49.78085 8.926453 -2.934511 -2.512347 0.190561 0.061703 0.49547 -0.775906
-7.352875 -49.78085 8.926453 -3.166233 -1.975367 0.984621 0.912638 -2.988021 -2.972968
-3.352875 -37.78085 10.92645 0.608594 -0.736231 1.96157 1.308547 2.78401 0.575878
-5.352875 -37.78085 10.92645 0.333286 0.278982 3.511356 3.279655 1.179065 1.216003
2.647125 -39.78085 10.92645 2.495687 3.682498 -0.309731 0.255046 1.304307 3.26687
-1.352875 -39.78085 10.92645 -2.082469 -1.88822 -0.256993 -0.639632 1.458469 0.04225
-3.352875 -39.78085 10.92645 -0.854554 -2.922724 2.844256 1.987809 1.201299 -1.199983
-5.352875 -39.78085 10.92645 -0.066998 -1.289528 3.127281 2.336605 0.260575 -1.507701
6.647125 -41.78085 10.92645 1.702549 2.184748 -0.399562 0.418305 2.101503 1.580588
4.647125 -41.78085 10.92645 -0.744917 0.131834 -2.483845 -1.54107 -0.049553 0.218872
2.647125 -41.78085 10.92645 2.375653 3.614446 -1.321294 -0.587895 0.214446 3.527713
-1.352875 -41.78085 10.92645 -1.52822 -0.936661 -0.228195 -0.700127 -0.68868 -0.748471
-3.352875 -41.78085 10.92645 -2.422069 -3.335011 0.647211 0.190371 0.857291 -0.954584
6.647125 -43.78085 10.92645 2.754071 4.481492 1.21756 2.435651 3.432906 4.010742
4.647125 -43.78085 10.92645 0.158641 1.356542 0.588328 1.549928 1.613883 1.826454
2.647125 -43.78085 10.92645 3.147228 5.48548 0.446151 0.782949 1.387494 5.510217
-1.352875 -43.78085 10.92645 -2.278689 -0.434632 -2.336125 -1.982392 -2.304925 -1.717324
-3.352875 -43.78085 10.92645 -2.446255 -2.562432 -1.381156 -1.592495 -0.556987 -1.241972
-7.352875 -43.78085 10.92645 1.601167 1.872131 0.078058 0.749494 1.764745 1.271368
6.647125 -45.78085 10.92645 3.46119 2.913662 2.923759 2.707573 6.009713 4.740582
4.647125 -45.78085 10.92645 1.778094 2.435356 2.888359 3.006826 4.11635 4.720123
2.647125 -45.78085 10.92645 2.486821 6.982537 0.930618 0.849567 2.163605 7.862748
-1.352875 -45.78085 10.92645 -2.67786 -0.617319 -1.646409 -0.119443 -1.448409 -0.669801
-3.352875 -45.78085 10.92645 -3.906751 -5.313758 -0.406947 0.037099 -1.865502 -2.796692
-5.352875 -45.78085 10.92645 -0.525884 -0.289797 0.625594 0.489546 -0.749419 0.324572
10.64713 -47.78085 10.92645 1.195943 1.288364 0.935156 0.292107 0.082879 0.759226
8.647125 -47.78085 10.92645 -0.747026 -1.842304 2.608607 2.035707 2.86639 0.552302
4.647125 -47.78085 10.92645 1.504513 2.117512 2.39442 2.162376 5.098644 6.558493
-3.352875 -47.78085 10.92645 -1.034891 -2.106872 0.190917 0.425436 -1.480714 -1.145468
-5.352875 -47.78085 10.92645 0.49974 0.505398 0.976489 0.536048 -1.611379 -0.920744
8.647125 -49.78085 10.92645 -0.954652 -2.066729 1.315469 0.796938 2.60668 -1.369556
6.647125 -49.78085 10.92645 -1.871276 -0.298784 -0.291476 1.061119 3.436019 2.711622
4.647125 -49.78085 10.92645 -1.027288 -0.401356 -0.78109 -0.616082 1.7451 2.698548
-3.352875 -49.78085 10.92645 -1.404851 -2.908828 1.279422 -0.661673 0.769773 -0.249298
-5.352875 -49.78085 10.92645 -1.68332 -2.501819 0.779068 -0.413545 -1.15783 -1.607438
-7.352875 -49.78085 10.92645 -0.953075 0.768971 1.4518 1.579552 -2.866132 -0.43394
-5.352875 -51.78085 10.92645 0.512413 -0.171275 1.814327 -0.017323 -2.377823 -3.156227
-7.352875 -51.78085 10.92645 0.355097 2.350693 1.288992 0.192647 -4.913015 -2.081907
-3.352875 -39.78085 12.92645 -0.776699 -3.526539 1.580391 0.420408 0.660754 -1.177537
-5.352875 -39.78085 12.92645 1.105214 -1.661058 1.864027 0.758049 0.362497 -1.485818
-1.352875 -41.78085 12.92645 -0.066825 -2.180424 -0.982091 -2.097866 1.91311 -0.306074
-3.352875 -41.78085 12.92645 -0.407536 -2.838152 -0.277896 -1.388787 1.699363 -0.16985
8.647125 -43.78085 12.92645 0.709954 0.02774 1.342506 1.297404 0.442123 -0.070923
6.647125 -43.78085 12.92645 2.565366 2.536063 1.265192 0.276943 3.385012 2.045676
-1.352875 -43.78085 12.92645 -1.051911 -1.618472 -2.60223 -3.1553 0.718391 -1.336762
-3.352875 -43.78085 12.92645 -1.329213 -4.244544 -0.604113 -2.036103 1.158816 -2.563012
8.647125 -45.78085 12.92645 -0.197229 -0.823669 2.797654 3.23075 -0.21014 -1.107672
6.647125 -45.78085 12.92645 1.630697 0.039825 2.564854 1.266061 2.717801 -0.02846
-3.352875 -45.78085 12.92645 -2.380131 -5.759971 -0.081248 -1.04431 -0.153361 -4.371837
12.64713 -47.78085 12.92645 0.796294 1.176973 -0.160479 -0.261684 1.20336 1.040488
10.64713 -47.78085 12.92645 0.814457 1.145566 1.143025 1.313475 2.265925 1.636124
8.647125 -47.78085 12.92645 -0.907899 -0.580512 3.756259 3.362934 1.64139 0.858734
6.647125 -47.78085 12.92645 -1.289347 -3.01791 2.579818 0.660583 2.412081 0.288172
4.647125 -47.78085 12.92645 -0.864306 -4.188229 2.711493 1.248185 1.477069 -0.412549
-3.352875 -47.78085 12.92645 -1.704366 -2.863342 -0.54656 -0.005035 -0.936469 -2.27967
8.647125 -49.78085 12.92645 0.739984 0.772734 2.717649 0.865449 0.473327 1.361411
-3.352875 -49.78085 12.92645 -2.485938 -2.108891 -0.310205 0.092415 -0.309817 -0.300168
-5.352875 -49.78085 12.92645 -0.515957 -1.174949 0.50686 0.088953 -1.093052 -2.15439
-9.352875 -49.78085 12.92645 0.320338 -0.253904 -0.787439 -1.465205 -0.146315 -0.206936
-3.352875 -51.78085 12.92645 -2.857786 -0.634782 0.163253 0.810017 -2.159877 -0.156784
-5.352875 -51.78085 12.92645 -0.730815 0.79932 0.67394 0.616937 -2.248708 -1.731318
-7.352875 -51.78085 12.92645 -0.38922 0.528577 0.910046 0.663183 -1.782527 -0.955384
-9.352875 -51.78085 12.92645 -0.468861 0.688808 -0.299657 0.032225 -1.76693 0.003145
-3.352875 -39.78085 14.92645 0.506242 -1.364679 1.021705 -0.071811 1.035026 0.176523
-3.352875 -41.78085 14.92645 1.881129 -0.689482 1.075132 -0.686062 1.887189 -0.271634
-5.352875 -41.78085 14.92645 2.337115 0.05183 1.028445 -0.464524 1.872529 1.13582
8.647125 -43.78085 14.92645 0.927754 0.930171 1.588391 2.072111 -0.097981 0.312187
6.647125 -43.78085 14.92645 2.325091 3.105016 2.806931 2.066333 2.288265 2.011686
-3.352875 -43.78085 14.92645 0.881094 -1.945915 1.223992 -0.526625 2.163697 -2.148236
-5.352875 -43.78085 14.92645 1.221061 -2.318931 1.262618 -0.720074 1.962841 -1.236063
12.64713 -45.78085 14.92645 -2.108615 -0.845124 -1.436897 -1.644983 -0.71917 -0.389323
10.64713 -45.78085 14.92645 -3.66444 -2.081046 -0.323884 0.401618 -1.317575 -0.342317
8.647125 -45.78085 14.92645 -1.04639 -0.762126 1.057149 2.05652 -1.587667 -1.530065
6.647125 -45.78085 14.92645 2.370287 1.492855 3.42259 2.299549 0.880651 -0.210302
-3.352875 -45.78085 14.92645 1.170324 -0.973059 1.465471 0.158326 1.599621 -2.030498
-5.352875 -45.78085 14.92645 1.657786 -1.489436 2.232289 0.189545 2.076686 -1.167067
-7.352875 -45.78085 14.92645 2.360725 -0.235987 1.708723 0.089309 2.870671 0.522145
12.64713 -47.78085 14.92645 -0.755383 -0.516423 0.867181 -0.459464 1.490354 0.698619
10.64713 -47.78085 14.92645 -1.131979 0.439332 1.181796 0.5575 0.796016 0.762048
8.647125 -47.78085 14.92645 -0.983884 0.591254 1.679073 1.773829 -1.060769 -0.304796
6.647125 -47.78085 14.92645 1.195476 1.550155 2.562288 0.954151 -0.537813 0.23194
-3.352875 -47.78085 14.92645 1.103079 1.523707 0.653074 0.941299 0.159711 0.535568
-5.352875 -47.78085 14.92645 3.633245 2.485297 2.379457 1.30879 1.436849 0.580979
-7.352875 -47.78085 14.92645 3.035822 1.485976 2.993338 1.126345 2.268377 0.698491
-5.352875 -49.78085 14.92645 2.677278 1.790582 1.190503 0.674767 0.16913 -1.101076
-5.352875 -51.78085 14.92645 -0.866152 -0.482181 1.278126 1.038403 -0.710957 -1.060742
-7.352875 -51.78085 14.92645 -0.142132 0.622411 0.986612 1.372996 -0.665958 0.309016
-9.352875 -51.78085 14.92645 -1.46487 -0.655816 -0.651262 0.064748 -0.755819 -0.297522
-5.352875 -41.78085 16.92645 5.3594 4.755523 1.412929 0.075241 1.012249 1.217593
8.647125 -47.78085 16.92645 -2.291327 -3.254967 0.584707 0.47489 -0.640449 -2.078042
-9.352875 -51.78085 16.92645 -1.730357 -1.587448 0.793041 1.139755 -0.413386 -0.719196
