0.942459 9.74707 -0.810619 17.26261 13.57664 4.360764 -3.998797 3.737214 0.993841
0.942459 7.74707 -0.810619 17.46821 18.50174 7.881903 2.805871 6.675034 5.670354
2.942459 5.74707 -0.810619 5.567839 3.997098 5.989731 0.935437 4.706472 -0.066969
0.942459 5.74707 -0.810619 8.918293 5.207273 5.042931 0.433514 3.505765 -1.476468
2.942459 3.74707 -0.810619 -11.11496 1.995139 5.545573 19.76559 -0.102667 8.477687
0.942459 3.74707 -0.810619 2.604318 6.965412 15.16628 21.002 10.77768 14.7043
0.942459 9.74707 1.189381 11.1208 10.63487 1.006894 -3.322574 7.82955 9.142683
0.942459 7.74707 1.189381 10.20426 11.11579 1.28068 1.406525 11.81644 13.04089
-1.057541 7.74707 1.189381 7.546533 9.450671 3.740023 5.139931 10.4518 11.82781
2.942459 5.74707 1.189381 9.730789 8.504581 8.967264 7.705471 5.997811 6.253948
0.942459 5.74707 1.189381 11.39429 8.905203 8.238997 6.545696 4.223026 4.143232
-1.057541 5.74707 1.189381 7.446101 5.344737 3.803414 2.571962 -0.551174 -3.782335
-17.05754 5.74707 1.189381 -0.280223 3.720843 4.362281 6.773417 1.524671 4.716875
-19.05754 5.74707 1.189381 -3.812896 -2.102586 0.636213 3.217616 -2.075944 -1.418845
2.942459 3.74707 1.189381 -14.79898 -1.73912 0.039471 10.7533 -11.08807 3.157081
0.942459 3.74707 1.189381 -9.782745 -4.07616 5.245384 9.434009 -4.281761 5.094096
-1.057541 3.74707 1.189381 -1.672782 -3.64896 0.795652 -0.19283 -0.914071 -1.887256
-15.05754 3.74707 1.189381 -3.620929 -0.363601 0.207322 5.829537 -4.388098 -3.058553
-17.05754 3.74707 1.189381 -3.552387 -1.222005 0.073377 4.557186 -0.664647 -0.500421
-19.05754 3.74707 1.189381 -3.770978 -3.815646 1.142897 3.688302 -5.338683 -3.846386
2.942459 1.74707 1.189381 -7.13934 4.056057 10.3589 15.86653 -4.431231 7.32383
0.942459 1.74707 1.189381 -26.51512 -2.399518 2.16961 23.97925 -19.5055 6.443596
-1.057541 1.74707 1.189381 -3.252887 -0.94198 -0.518905 4.231885 -4.414824 2.342713
-15.05754 1.74707 1.189381 -4.003993 -3.092001 -0.755666 -1.209931 0.130714 -2.658392
-17.05754 1.74707 1.189381 -1.728096 -4.051975 -1.544681 -4.322153 0.041777 -3.375143
-19.05754 1.74707 1.189381 -4.044353 -1.460014 -0.177252 3.038387 -3.708863 -1.053102
2.942459 -0.25293 1.189381 1.791196 0.278108 3.036068 -2.082898 -0.727659 -1.846533
-15.05754 -0.25293 1.189381 -0.658878 0.061706 -0.955109 -1.966838 1.958837 0.418711
-17.05754 -0.25293 1.189381 1.124382 2.228903 0.407386 -0.001444 0.708739 -0.197107
-19.05754 -0.25293 1.189381 0.374705 2.82498 2.789104 4.414241 1.862658 3.631895
0.942459 7.74707 3.189381 -12.2868 -15.7233 -15.63486 -15.42053 -19.09626 -14.09571
-1.057541 7.74707 3.189381 -7.415163 -8.95734 -7.279374 -6.059522 -10.87846 -6.739836
0.942459 5.74707 3.189381 -6.144779 -7.86084 -6.722636 -3.684174 -14.56685 -7.872855
-1.057541 5.74707 3.189381 1.016317 -2.219749 0.147568 -0.589927 -10.04394 -8.560119
-3.057541 5.74707 3.189381 1.926745 -0.37827 1.55682 -0.89792 -0.931624 -4.361629
-17.05754 5.74707 3.189381 -0.987534 -0.055367 0.395573 3.328973 -1.278789 -1.656187
-19.05754 5.74707 3.189381 -2.309858 -3.368407 -4.209336 -2.042256 -4.000441 -4.703005
2.942459 3.74707 3.189381 3.314086 8.171637 -0.111697 4.683631 -3.3687 2.648045
0.942459 3.74707 3.189381 -1.721295 -1.650836 -1.423569 -2.798929 -8.541684 -5.416031
-1.057541 3.74707 3.189381 -1.315988 -5.376529 1.259678 -2.386075 -4.567306 -5.218777
-3.057541 3.74707 3.189381 -1.900247 -2.948345 0.193653 -0.192671 -2.150081 -5.890768
-15.05754 3.74707 3.189381 -1.106613 -0.861745 -1.578343 1.222276 -4.323938 -4.454623
-17.05754 3.74707 3.189381 -3.543963 -3.032293 -3.218241 0.197501 -1.639476 -2.840194
-19.05754 3.74707 3.189381 -1.547737 -3.677647 -1.072233 -0.080524 -4.394286 -5.896377
2.942459 1.74707 3.189381 7.906503 6.333172 5.152022 1.759459 -4.306742 -5.372762
0.942459 1.74707 3.189381 -3.071113 -2.679482 -2.402762 -3.07247 -17.80945 -15.13362
-1.057541 1.74707 3.189381 -5.379474 -6.043924 -3.326916 -3.060873 -6.015173 -3.234102
-13.05754 1.74707 3.189381 -0.275255 0.324086 -0.055527 1.017267 0.39096 0.206325
-15.05754 1.74707 3.189381 1.151904 -1.494123 0.926432 -0.353289 -0.136822 -3.274331
-17.05754 1.74707 3.189381 -0.508578 -5.154069 -0.253894 -3.289533 2.057221 -3.188782
-19.05754 1.74707 3.189381 -3.422494 -4.816182 1.327052 -0.519147 1.029182 -2.176632
2.942459 -0.25293 3.189381 -2.10712 -2.179375 -1.83273 -4.571472 -22.80366 -20.73127
0.942459 -0.25293 3.189381 -7.214469 -2.09777 -1.685869 1.856554 -22.21719 -16.23801
-13.05754 -0.25293 3.189381 0.945319 1.626118 -0.734217 1.19463 1.075626 2.832413
-15.05754 -0.25293 3.189381 -0.72915 -1.748606 -3.731542 -3.173095 2.602085 0.918428
-17.05754 -0.25293 3.189381 -1.454056 -3.569565 -1.478079 -2.557692 -2.046449 -4.50271
-19.05754 -0.25293 3.189381 -3.467233 -2.219415 -0.87626 -0.321484 -1.11467 -2.703171
-17.05754 -2.25293 3.189381 0.31506 -0.302377 1.144521 0.927872 -1.615015 -3.354326
-19.05754 -2.25293 3.189381 -0.264375 0.233973 -0.198944 -0.326305 -0.201301 -1.314261
-17.05754 -4.25293 3.189381 0.088141 1.793667 5.198301 5.430919 -0.11547 -2.301085
-19.05754 -4.25293 3.189381 -0.652423 -1.391191 3.417602 2.872756 -2.374607 -3.18888
-1.057541 7.74707 5.189381 13.9926 18.863 11.72924 11.65641 -4.216333 -1.530719
-3.057541 7.74707 5.189381 3.995446 5.591566 1.417601 1.339171 -2.451732 -2.237035
-5.057541 7.74707 5.189381 -1.159015 0.96506 -2.392114 -0.895365 -3.004019 -2.174068
0.942459 5.74707 5.189381 2.26516 3.063582 -2.26617 -4.820426 -13.99856 -11.33716
-1.057541 5.74707 5.189381 2.976725 2.928304 0.994163 -1.583914 -6.584743 -5.226452
-3.057541 5.74707 5.189381 2.144413 3.585029 1.274014 0.48217 -2.539469 -3.302703
2.942459 3.74707 5.189381 0.217216 -0.033693 2.082078 5.145512 -2.945514 -1.168022
0.942459 3.74707 5.189381 0.564018 -0.866534 -2.268319 -4.314803 -5.543144 -4.815322
-1.057541 3.74707 5.189381 -3.379762 -3.5762 -4.243946 -4.5031 -6.623966 -3.834693
-3.057541 3.74707 5.189381 -1.498555 0.470575 -1.513671 0.254785 -5.36959 -3.939446
-15.05754 3.74707 5.189381 2.509776 -0.408797 1.890769 -0.356398 -2.021889 -2.620297
-17.05754 3.74707 5.189381 -1.886076 -3.662956 -1.421749 -3.022068 -0.214187 -1.360873
2.942459 1.74707 5.189381 1.516663 -1.658441 7.148376 5.306013 -0.787719 -2.209485
0.942459 1.74707 5.189381 -1.477549 -4.090858 0.224836 -1.359308 -5.954304 -5.500237
-1.057541 1.74707 5.189381 -5.391107 -1.846597 -5.201712 -2.211462 -3.244784 -0.482456
-3.057541 1.74707 5.189381 -1.956005 -0.078989 -4.009923 -2.061525 -2.801347 -1.910914
-11.05754 1.74707 5.189381 -1.351263 -2.449854 -4.928608 -2.701655 0.566702 -0.843517
-13.05754 1.74707 5.189381 2.021551 -0.989308 1.202253 0.154486 -0.615849 -0.432119
-15.05754 1.74707 5.189381 3.433689 0.453378 0.540101 -1.016459 -3.105941 -3.537169
-17.05754 1.74707 5.189381 -0.542454 -1.245174 -1.530982 -2.109677 -0.305531 -1.914803
-19.05754 1.74707 5.189381 -0.959819 -0.625468 -3.524376 -2.849583 -1.526235 -2.168815
2.942459 -0.25293 5.189381 -5.57047 -5.959213 -2.493361 -4.143842 -6.472802 -8.294354
0.942459 -0.25293 5.189381 -6.606668 -7.171021 -2.434612 -3.655473 -4.552681 -5.351188
-1.057541 -0.25293 5.189381 -3.114469 -1.416677 -2.72218 -3.136158 0.513863 2.232191
-13.05754 -0.25293 5.189381 0.051104 0.824802 0.390182 2.785252 -0.933247 2.424118
-15.05754 -0.25293 5.189381 -0.634962 -1.018192 -3.694949 -2.610996 -4.65157 -3.293853
-17.05754 -0.25293 5.189381 -2.04705 -3.212147 -4.423073 -3.784669 -1.906377 -4.316146
-19.05754 -0.25293 5.189381 -0.786802 -2.096035 -2.629664 -2.095989 2.222826 -1.011023
2.942459 -2.25293 5.189381 -7.023467 -4.772954 1.589006 3.696935 -4.33403 -2.37978
0.942459 -2.25293 5.189381 -5.6264 -3.108537 2.921576 3.258121 0.438398 1.454756
-15.05754 -2.25293 5.189381 -1.224833 -1.428832 -0.151282 0.084031 1.02271 -0.066489
-17.05754 -2.25293 5.189381 -0.961659 -3.506135 -1.338663 -1.657731 2.192113 -0.481238
-19.05754 -2.25293 5.189381 2.54629 -0.657215 0.865235 -1.180799 4.437737 1.181559
4.942459 -4.25293 5.189381 -0.845772 -5.259033 3.793261 1.596091 1.249683 -2.038081
2.942459 -4.25293 5.189381 3.19884 0.763077 12.85945 11.59683 5.772419 6.128383
-15.05754 -4.25293 5.189381 -0.731549 -1.77397 0.845479 -0.611017 2.013221 -0.3706
-17.05754 -4.25293 5.189381 -0.605297 -0.659805 2.906802 3.651526 2.006796 0.458175
-19.05754 -4.25293 5.189381 1.683551 -1.226819 2.871982 1.1855 0.840088 -1.606377
-21.05754 -4.25293 5.189381 1.534879 -1.241111 1.380374 -0.744027 -0.15352 -3.222786
-17.05754 -6.25293 5.189381 -1.008977 -1.587194 3.470039 3.888778 3.436805 0.814335
-19.05754 -6.25293 5.189381 -2.377753 -3.093599 -0.580771 0.991351 -3.078909 -3.383325
-21.05754 -6.25293 5.189381 -2.945816 -3.440504 -1.024831 -0.938114 -3.978916 -5.094829
-19.05754 -8.25293 5.189381 -4.669253 -3.661264 -4.390599 -1.584025 -2.690018 -2.081145
-3.057541 7.74707 7.189381 6.011897 7.753833 2.1903 1.450658 -0.770442 0.613502
-1.057541 5.74707 7.189381 3.551402 5.770623 1.889921 2.160924 0.124664 0.892039
-3.057541 5.74707 7.189381 -0.336315 3.781895 0.938207 3.333873 -1.3894 1.33296
-11.05754 5.74707 7.189381 -0.877514 -0.485319 -5.879395 -3.74801 -3.017505 -2.813539
-13.05754 5.74707 7.189381 0.065795 1.599355 -0.661376 1.601242 -1.19081 1.115066
-1.057541 3.74707 7.189381 0.099844 0.936635 -0.490972 1.369743 -2.38552 -0.901271
-3.057541 3.74707 7.189381 -1.9563 2.219491 -0.82379 3.721127 -2.951027 -0.026626
-11.05754 3.74707 7.189381 -0.500406 -2.742324 -3.196018 -2.128662 -3.812248 -4.993224
-13.05754 3.74707 7.189381 2.611333 0.914353 1.818701 1.599831 -0.85536 0.538371
-15.05754 3.74707 7.189381 1.012473 0.850857 4.176089 4.420597 2.401162 2.933409
0.942459 1.74707 7.189381 6.616977 2.600724 6.599335 2.83265 1.70421 0.475234
-1.057541 1.74707 7.189381 2.163968 3.253096 -0.3032 0.410598 1.795328 2.917623
-3.057541 1.74707 7.189381 -0.875358 2.646989 -5.079047 -1.451523 -1.445951 0.768978
-11.05754 1.74707 7.189381 -0.073814 -4.09775 -3.760909 -4.720696 1.556454 -0.624861
-13.05754 1.74707 7.189381 2.751876 -0.811536 3.415199 1.996909 0.424095 1.300205
-15.05754 1.74707 7.189381 0.09288 -0.216634 1.557942 3.406726 -2.190896 0.903417
-17.05754 1.74707 7.189381 -3.836629 -2.498405 -3.567142 -0.561901 -3.200214 -1.526073
2.942459 -0.25293 7.189381 0.96678 -1.506242 -2.428106 -8.024313 -1.345635 -4.15948
0.942459 -0.25293 7.189381 6.545127 3.632739 1.436527 -4.632262 2.695088 0.291761
-1.057541 -0.25293 7.189381 3.88219 3.003633 1.313841 -1.034738 2.952649 2.674582
-13.05754 -0.25293 7.189381 1.087419 0.207213 0.485357 1.203468 -1.489734 1.041496
-15.05754 -0.25293 7.189381 -1.785737 -1.303249 -1.554132 0.504545 -4.538104 -2.648906
-17.05754 -0.25293 7.189381 -2.402073 -1.331544 -4.250888 -1.290356 -3.178832 -3.239711
-19.05754 -0.25293 7.189381 1.204259 2.985327 -2.336539 0.421553 -0.866251 -0.933655
2.942459 -2.25293 7.189381 7.395947 7.866498 1.792764 -1.042442 6.085371 4.596854
0.942459 -2.25293 7.189381 7.987599 10.43063 2.166996 0.991116 6.041156 5.225796
-1.057541 -2.25293 7.189381 3.999467 3.73425 2.500975 2.195294 -0.221378 0.895886
-13.05754 -2.25293 7.189381 -0.716639 1.901354 -4.268986 -1.45192 0.766805 3.12499
-15.05754 -2.25293 7.189381 -3.446184 -1.139284 -3.529688 0.003197 -1.082216 -0.835745
-17.05754 -2.25293 7.189381 -2.186705 -1.218386 -4.072844 -2.253252 1.328545 -0.636124
-19.05754 -2.25293 7.189381 2.882367 2.215638 -0.966087 -1.695158 2.262616 1.107669
4.942459 -4.25293 7.189381 4.747753 -2.989542 3.273314 -1.880653 2.244061 -1.315215
2.942459 -4.25293 7.189381 10.79535 8.657234 7.21511 5.840033 9.227791 7.375543
0.942459 -4.25293 7.189381 6.674806 9.059698 2.251211 4.793602 7.289394 7.618492
-15.05754 -4.25293 7.189381 -4.417587 -0.967337 -2.328681 1.89902 -0.512747 1.315667
-17.05754 -4.25293 7.189381 -2.878105 0.725001 -0.609502 2.875768 1.378112 2.507302
-19.05754 -4.25293 7.189381 2.029325 1.658614 -0.450842 -0.628451 1.761611 1.056573
-17.05754 -6.25293 7.189381 -0.603694 -0.244488 1.306239 2.656859 -0.077261 1.111235
-19.05754 -6.25293 7.189381 -0.289333 -0.191825 -2.041923 0.083299 -2.735386 -0.893036
-21.05754 -6.25293 7.189381 -1.502822 -1.297617 -3.209001 -1.912532 -2.537942 -2.338355
-17.05754 -8.25293 7.189381 -0.29139 -1.319103 -1.060387 0.110783 -2.703114 -3.071444
-19.05754 -8.25293 7.189381 -2.956474 -1.721208 -3.480642 0.427709 -3.608934 -3.013403
-21.05754 -8.25293 7.189381 -1.513546 -2.116739 -1.17403 0.158804 -3.124739 -3.896497
-19.05754 -10.25293 7.189381 -4.902126 -1.961498 -2.505017 1.567731 1.497814 -0.657921
-21.05754 -10.25293 7.189381 -3.117679 -2.764476 -1.502615 0.646347 -0.609798 -2.188695
-3.057541 7.74707 9.189381 2.697214 3.358569 -0.667233 -1.115809 -1.13786 -1.016462
-3.057541 5.74707 9.189381 2.922341 4.480693 0.761753 1.656563 0.263377 1.176954
-11.05754 5.74707 9.189381 3.1157 0.118262 -0.081855 -2.662171 3.558169 0.104828
-13.05754 5.74707 9.189381 -0.75451 -0.44357 -0.507299 1.723653 -0.653459 -1.420696
-15.05754 5.74707 9.189381 -0.895927 0.699609 3.33655 5.358682 -1.592054 -0.310761
-3.057541 3.74707 9.189381 1.424135 2.962444 1.429821 4.163432 2.772827 0.898463
-13.05754 3.74707 9.189381 0.993621 0.376916 1.096585 2.521437 1.380653 1.57726
-15.05754 3.74707 9.189381 -1.329734 0.0893 2.823761 4.663217 -0.201416 1.659492
-3.057541 1.74707 9.189381 3.239614 1.526791 -3.802402 -4.553275 4.070825 -0.208561
-5.057541 1.74707 9.189381 -0.535998 -2.473505 -7.890882 -9.189478 0.007921 -1.04871
-13.05754 1.74707 9.189381 0.266987 -1.084785 6.735479 6.151625 3.362304 3.090249
-15.05754 1.74707 9.189381 -1.733701 -1.228462 3.952048 5.567284 0.537353 2.131649
-1.057541 -0.25293 9.189381 1.316015 -2.458111 1.839787 -2.339144 -0.54329 -2.189791
-3.057541 -0.25293 9.189381 -0.01324 -0.10753 -2.667227 -2.580539 -0.976263 1.060472
-13.05754 -0.25293 9.189381 -1.59276 -1.942497 4.016966 3.466741 2.496775 2.113674
-15.05754 -0.25293 9.189381 -1.417027 -1.272866 2.841403 2.497832 -1.854971 -1.131351
0.942459 -2.25293 9.189381 4.733845 8.35349 2.147075 5.023219 0.970666 1.849095
-1.057541 -2.25293 9.189381 2.207067 4.545357 0.312729 2.839328 -3.528571 -2.484958
-13.05754 -2.25293 9.189381 -1.12918 -1.046597 -0.494518 -0.016006 0.738661 -0.212311
-15.05754 -2.25293 9.189381 -1.377769 -0.572598 -1.210206 -0.466041 -1.814911 -2.84119
0.942459 -4.25293 9.189381 0.14689 6.511229 -2.143459 3.913317 2.878694 4.308085
-1.057541 -4.25293 9.189381 0.433937 5.200397 -1.915959 3.966902 -1.756438 0.488338
-15.05754 -4.25293 9.189381 -1.662539 2.988326 -0.400218 3.780867 -1.241443 0.900988
-17.05754 -4.25293 9.189381 -0.482052 3.723876 -1.139952 2.552106 1.951228 4.153389
-15.05754 -6.25293 9.189381 -2.286219 0.263781 -0.625399 1.748173 -1.068639 -1.426034
-17.05754 -6.25293 9.189381 0.008113 3.389419 0.773526 4.50645 -1.861481 -0.040441
-17.05754 -8.25293 9.189381 1.902132 1.630292 0.22469 0.518776 -2.317916 -4.821968
-19.05754 -8.25293 9.189381 0.109089 1.89474 -1.803694 1.433668 -2.800671 -2.817267
-19.05754 -10.25293 9.189381 -3.475208 1.09857 -4.900931 0.180579 2.720685 0.766252
-5.057541 1.74707 11.18938 0.769807 -0.624801 -2.833951 -2.730606 1.640718 1.534015
-3.057541 -0.25293 11.18938 0.60903 -1.840451 -1.114982 -3.203403 2.863136 -0.69953
-13.05754 -0.25293 11.18938 0.257853 -1.248283 2.874013 1.186856 3.03157 1.307659
-1.057541 -2.25293 11.18938 -3.953122 -1.356802 -1.869047 1.082905 -3.518029 -3.936383
-3.057541 -2.25293 11.18938 -0.068231 -0.277135 -0.219628 0.57192 0.091271 -1.027022
-13.05754 -2.25293 11.18938 -1.426755 -4.406868 -1.37207 -3.588004 -0.054782 -0.964576
-15.05754 -2.25293 11.18938 -1.881368 -2.675793 -3.121425 -4.22483 -1.065825 0.450699
-1.057541 -4.25293 11.18938 -4.796423 1.349912 -6.390243 -0.720648 -2.222627 0.043992
-13.05754 -4.25293 11.18938 -3.25834 -4.613903 -1.171246 -1.312035 -0.418142 -0.291915
-15.05754 -4.25293 11.18938 -0.588456 0.41668 -2.325456 -0.382823 0.306333 2.33838
-15.05754 -6.25293 11.18938 -0.190964 1.35535 -2.767899 -1.174601 0.610664 -0.349446
-15.05754 -8.25293 11.18938 0.681918 1.693799 -4.344551 -3.056361 2.614594 0.059839
-17.05754 -8.25293 11.18938 1.809033 2.80496 0.344591 1.279189 1.906634 -0.790903
-15.05754 -8.25293 13.18938 2.627293 2.60395 -3.104629 -2.752219 0.38364 -0.932315
