-4.722931 -20.23087 -13.62622 -3.016175 6.172009 1.425338 -1.679192 -1.797662 10.07894 -2.502571 9.636351 -1.772066 5.865191 -5.354231 7.649136
-6.722931 -20.23087 -13.62622 -7.256966 4.168318 -0.58585 -2.043322 -3.730838 7.349772 -2.134539 9.756421 -0.73349 6.875706 -3.860721 3.75418
-4.722931 -16.23087 -11.62622 -4.295697 -9.371407 4.785303 -8.26581 -4.664423 -3.354378 4.245559 1.161221 -0.444288 -2.432611 3.806404 -3.312459
-0.722931 -18.23087 -11.62622 2.139842 -3.987322 0.092711 -3.317453 2.597072 0.431579 2.258548 0.548161 0.248422 -1.769091 2.24387 -1.812838
-4.722931 -18.23087 -11.62622 -2.470083 -6.847867 7.04487 -7.091221 -4.060977 -1.063307 3.569602 3.736956 0.429586 -0.256755 2.283373 -0.935619
-6.722931 -18.23087 -11.62622 -7.920465 -6.282003 -0.684045 -3.724693 -3.809656 -7.27933 5.325628 6.586181 4.019468 2.378311 6.02769 -0.53227
-0.722931 -20.23087 -11.62622 2.575046 -4.215777 -0.624765 -1.796238 3.33535 0.513492 2.541492 -1.014509 -0.072751 -1.733528 2.386911 -1.598402
-4.722931 -20.23087 -11.62622 -2.358325 -2.623635 6.851946 -4.502194 -3.318592 1.875855 1.264732 7.647594 1.836677 3.123168 2.247947 2.356774
-6.722931 -20.23087 -11.62622 -7.46382 -1.530799 1.577162 -3.056082 -3.508071 -2.589048 3.254946 9.312296 3.787995 4.939053 7.463466 1.572789
-0.722931 -22.23087 -11.62622 -0.220414 -3.394146 1.045407 -1.562476 -0.612918 1.314397 1.675267 -2.092745 0.84533 -0.754165 1.00097 -2.915176
-2.722931 -22.23087 -11.62622 -1.266646 -3.701832 1.839234 -2.473575 0.291495 2.866042 0.848551 2.093568 3.592744 0.746071 -0.163613 -0.742186
-4.722931 -22.23087 -11.62622 -2.836867 0.493433 3.925109 -3.10606 -3.213495 4.43376 -0.17748 5.191756 2.861574 3.097172 1.178377 2.559349
-6.722931 -22.23087 -11.62622 -4.722648 1.794671 1.6334 -3.347515 -1.818644 1.660396 0.516242 7.59499 1.695408 4.62625 6.249398 2.47976
-2.722931 -24.23087 -11.62622 -2.59631 -5.949622 1.038821 -1.988974 -2.306912 3.916441 -1.476277 -1.826719 2.593495 -1.199699 -2.133972 -2.896604
-6.722931 -24.23087 -11.62622 -3.379021 2.689738 0.933624 -2.638033 -1.667283 2.953011 -0.205824 2.618008 0.442334 1.880714 3.052832 1.839378
-2.722931 -26.23087 -11.62622 -2.263014 -5.743961 0.376674 -2.014627 -2.921483 1.582573 -3.578826 -3.573707 -1.113052 -1.139498 -2.656089 -4.412109
-6.722931 -26.23087 -11.62622 -5.311195 1.049847 0.944996 0.871919 -3.736288 1.503325 0.279605 0.86757 -0.043121 0.002089 1.877319 1.019545
-2.722931 -28.23087 -11.62622 -0.206488 -1.949795 1.247498 -0.847447 -3.313002 -0.738649 -1.569759 -0.290812 -0.996483 1.908411 -1.08382 -3.956291
-6.722931 -28.23087 -11.62622 -3.88069 -0.811165 1.191619 1.859095 -3.011495 0.21319 -0.788398 1.41568 -0.18774 -1.176625 2.593259 -0.038256
-0.722931 -30.23087 -11.62622 0.991964 3.712513 0.127476 0.919905 0.278182 4.279628 0.261928 4.248781 0.819136 0.374507 1.207242 0.563628
-2.722931 -30.23087 -11.62622 1.770297 2.243217 -0.561713 -0.644897 -1.900279 0.025113 -0.308724 5.201204 -1.434019 0.542369 2.481435 -0.142167
-6.722931 -30.23087 -11.62622 0.642411 -3.620298 2.180545 -0.849604 -0.369913 -1.24558 -3.271421 1.465353 -0.589036 -0.970949 2.659583 -2.781652
-0.722931 -32.23087 -11.62622 0.490623 1.479681 -0.814967 2.065382 0.256572 0.935322 -2.459835 3.846267 -0.940878 0.147428 1.856497 -0.8924
-2.722931 -32.23087 -11.62622 2.276456 0.832841 -0.886823 -0.52678 -0.01497 -2.247644 0.58553 6.721964 -0.976311 0.576086 4.013532 0.815384
-0.722931 -34.23087 -11.62622 0.198499 -1.698741 -1.392892 0.126455 1.440973 0.328796 -0.437691 3.103539 -0.389939 0.101472 4.501347 -2.688535
-2.722931 -34.23087 -11.62622 3.2199 -3.051276 0.670304 -0.126977 -0.038983 -5.030222 0.830039 4.130732 0.258869 3.461293 4.011071 -2.671679
-4.722931 -34.23087 -11.62622 0.780987 2.004772 1.239423 -2.081824 -2.783882 1.052429 -1.437815 3.153659 -3.659541 1.280005 3.959117 0.345615
-2.722931 -36.23087 -11.62622 3.663083 -5.69377 1.278259 0.340055 1.496063 -2.391939 0.316817 0.886864 2.43763 4.344265 4.084399 -4.893832
-2.722931 -40.23087 -11.62622 -0.496816 -7.444963 -1.095276 1.49727 0.024514 1.895262 -2.244477 2.391144 0.807135 4.05906 0.504267 -3.797243
-4.722931 -16.23087 -9.626221 -2.598982 -13.22696 2.225732 -5.405575 -3.663009 1.037341 -0.416708 -9.143936 -3.959765 -9.021839 3.854656 -1.168265
-6.722931 -16.23087 -9.626221 2.737528 -10.47119 1.552701 -2.459749 -3.272279 -0.873499 0.063221 -5.677494 -2.316691 -8.937175 -2.073009 2.278065
-0.722931 -18.23087 -9.626221 6.06822 -6.43404 4.482569 -5.56008 1.273746 5.338617 0.70137 -2.306383 -0.266631 -6.334852 -0.176576 4.221945
-2.722931 -18.23087 -9.626221 0.71756 -3.282428 5.228916 -7.019226 -1.259021 3.620204 1.298814 -5.042362 -2.339738 -10.81174 1.091917 2.250453
-6.722931 -18.23087 -9.626221 5.583083 -9.880999 2.293029 -4.349726 -0.393589 -2.343221 2.921134 -4.538731 0.208682 -8.919699 1.326153 2.459065
-0.722931 -20.23087 -9.626221 6.166933 -7.086367 0.576136 -2.628859 1.594947 2.658206 0.173449 -2.564559 0.026211 -5.256612 3.22498 3.218668
-2.722931 -20.23087 -9.626221 1.350513 -4.060453 3.203914 -5.442942 0.546522 1.825223 -0.172734 -1.754756 -0.157031 -9.995209 4.430687 2.6076
-6.722931 -20.23087 -9.626221 3.814922 -7.508537 1.346324 -3.260093 2.069046 -3.156654 2.587793 -0.483672 -0.450773 -5.602773 8.475628 0.668657
-8.722931 -20.23087 -9.626221 2.202161 -1.861171 -3.450487 1.967882 1.374189 -2.122374 -1.123461 -2.408828 -2.564898 -4.876686 2.908024 -0.59071
-0.722931 -22.23087 -9.626221 1.496218 -7.927577 -2.082808 0.656554 -2.595677 -2.743323 1.599567 -2.559734 -0.927539 -2.537652 5.809341 -4.003008
-2.722931 -22.23087 -9.626221 -1.666195 -6.403885 -0.250509 -3.546879 1.590421 -1.422619 3.071671 3.493876 3.275976 -2.673016 9.514839 -0.819859
-6.722931 -22.23087 -9.626221 1.433436 -9.440042 -0.125396 -3.977522 3.252931 -3.146477 -0.340428 0.708307 -2.198254 -2.931119 10.63577 -2.15395
-8.722931 -22.23087 -9.626221 4.972504 -5.966687 -1.142587 1.280842 -0.313255 -0.063855 1.999277 -3.635822 -3.151963 -6.304281 3.596265 -0.574916
-0.722931 -24.23087 -9.626221 -0.269127 -10.08085 -1.257482 -3.483453 -4.331859 -4.286006 2.97328 -2.33271 -1.470448 -4.091147 3.820926 -7.105757
-2.722931 -24.23087 -9.626221 -3.864371 -9.073767 1.374209 -7.509947 -0.104544 -3.569465 4.930448 3.24314 2.11013 -1.98637 7.414231 -5.657346
-6.722931 -24.23087 -9.626221 2.466464 -11.39337 1.578897 -7.130331 3.007266 -3.500185 -0.542641 -1.077395 -0.380819 -3.701378 4.496058 -2.958999
-8.722931 -24.23087 -9.626221 4.915449 -7.50101 1.050519 -0.881141 0.216365 -1.375622 1.381998 -2.778733 -2.360189 -4.841219 0.434907 -1.332896
-2.722931 -26.23087 -9.626221 -3.58324 -9.922557 4.652521 -10.24647 1.073513 -2.734214 3.635326 0.51105 0.178964 -5.465898 2.62737 -5.640275
-6.722931 -26.23087 -9.626221 1.537239 -9.394801 4.379092 -5.601657 0.944075 -2.658339 3.308467 -1.64467 0.827253 -4.973112 2.564493 -0.233607
-8.722931 -26.23087 -9.626221 1.647062 -6.844798 1.104709 -3.550214 0.559681 -4.266128 1.619738 -2.640603 -1.258959 -5.262993 -0.329271 -1.850736
-2.722931 -28.23087 -9.626221 -1.741799 -4.066242 4.097551 -3.739597 1.54575 -1.778499 0.981486 -2.517529 0.335031 -1.084776 0.097971 -3.955996
-6.722931 -28.23087 -9.626221 1.93135 -5.165557 4.454297 -3.554588 0.545862 -0.486135 2.83456 -5.112285 -0.157365 -6.581925 3.507552 -0.148908
-8.722931 -28.23087 -9.626221 -0.583216 -3.819653 1.105903 -4.464972 0.49899 -2.168344 2.980051 -1.209831 -1.18903 -6.478922 1.388883 -0.045404
-2.722931 -30.23087 -9.626221 4.008429 -2.10361 0.826927 -0.212282 0.482339 -0.307156 -1.766581 -7.71992 -2.546217 -5.46614 -0.536484 -3.285635
-6.722931 -30.23087 -9.626221 4.975451 -3.203039 3.589646 -3.162379 0.525725 1.324996 -3.347695 -9.130738 -3.277293 -8.889495 0.935378 -3.328377
-2.722931 -32.23087 -9.626221 5.551968 0.349828 0.658313 1.501827 0.788061 -0.413297 -1.743198 -4.776052 -2.271929 -4.882387 -0.577286 -1.646161
-6.722931 -32.23087 -9.626221 3.976109 -2.933466 3.346969 -1.215416 -0.118639 2.943547 -3.918151 -5.40873 -4.040548 -6.514767 0.413942 -1.546591
-2.722931 -34.23087 -9.626221 4.566916 0.480425 1.791138 2.354704 0.479955 0.035505 -2.183668 -0.96197 -1.740455 -1.731456 1.424379 -2.476841
-6.722931 -34.23087 -9.626221 1.936209 -4.03025 2.330043 -1.563314 -0.729169 0.924506 -3.017202 -4.230213 -3.681846 -4.693279 1.189233 -2.731123
-0.722931 -36.23087 -9.626221 0.440215 1.330085 0.414864 0.664797 -0.569207 2.925795 -1.568594 1.995741 2.054092 0.851858 4.067191 -0.946671
-2.722931 -36.23087 -9.626221 3.628302 -0.872017 1.453247 1.925339 -1.158132 3.434711 -1.673715 -0.124991 -0.42197 0.599818 3.65605 -2.208115
-0.722931 -38.23087 -9.626221 -0.45562 3.281084 -1.595212 1.184787 -0.9501 2.662047 -2.420059 3.449503 0.738582 0.723582 1.037058 -1.40052
-2.722931 -38.23087 -9.626221 1.95792 -1.510227 -0.404697 1.113789 -1.838003 2.284772 -2.134389 2.10708 -0.127549 1.590827 1.53952 -2.57894
-4.722931 -38.23087 -9.626221 1.788652 3.470066 1.904351 1.835881 -4.255169 2.403735 -2.215049 -2.261707 -0.879298 -1.564848 3.038723 -2.686791
-2.722931 -40.23087 -9.626221 2.705879 -1.827845 -0.659809 0.506569 -0.194031 -0.084501 -2.638992 3.730763 -0.303951 1.02521 1.795572 -3.249561
-4.722931 -40.23087 -9.626221 -0.445125 2.144645 0.224764 0.656016 -5.033794 0.5302 -1.641039 1.660253 0.084995 -0.899156 1.506096 -0.342182
-2.722931 -42.23087 -9.626221 2.510752 -3.989993 -0.094736 -0.461427 2.234964 -0.543148 -1.414129 2.333007 -0.112617 0.236292 5.647075 -4.109547
-4.722931 -42.23087 -9.626221 0.731408 -0.635947 -0.769134 0.478585 -2.318314 -0.719298 -1.325531 2.175199 0.877512 -1.518143 1.463577 -1.676656
-4.722931 -16.23087 -7.626221 -5.901441 -9.758825 -3.220989 -10.53981 -5.811468 -3.268903 1.444735 -6.305658 -4.102132 -6.409303 7.5874 -0.713611
-6.722931 -16.23087 -7.626221 -0.7884 -6.053726 -0.21203 -8.728773 -6.999075 -2.36477 -1.985618 -0.34321 -2.577554 -4.616998 -0.078799 0.481016
-0.722931 -18.23087 -7.626221 -3.563314 -2.9301 5.272377 -11.71628 -2.483062 1.795048 6.570713 2.385537 4.279856 -3.006119 3.728865 5.941792
-2.722931 -18.23087 -7.626221 -7.441981 0.884859 4.823687 -7.886867 -3.57883 3.830579 6.371279 -0.750263 2.377005 -7.734207 5.996165 5.007026
-4.722931 -18.23087 -7.626221 -6.231264 -5.228896 3.195057 -14.28927 -5.593438 0.865795 7.846804 -4.542436 -0.843701 -7.957765 4.872332 2.109917
-6.722931 -18.23087 -7.626221 -1.690741 -4.64481 0.985851 -14.20214 -3.568483 -1.261046 3.011713 -1.600561 -1.826128 -5.884515 -1.625722 1.364522
-8.722931 -18.23087 -7.626221 -3.265245 0.646506 1.233765 -6.633297 -0.102263 -3.089995 -2.03392 5.545943 -0.6599 0.708727 -1.729656 -0.730769
-0.722931 -20.23087 -7.626221 -1.802205 3.189852 3.589891 -8.251604 -1.569878 7.181686 0.27528 0.236066 0.523892 -4.227922 0.319984 6.063991
-2.722931 -20.23087 -7.626221 -7.027332 7.351176 1.664492 -3.666631 -4.002301 6.92099 2.857329 -1.713081 -1.228365 -8.543135 4.006121 3.309879
-6.722931 -20.23087 -7.626221 -1.829658 1.063714 -1.065803 -8.350461 -0.571371 1.205634 3.097986 -0.164939 -3.513956 -4.914673 0.934652 1.196499
-8.722931 -20.23087 -7.626221 -2.492719 2.457712 -0.423173 -2.453127 1.209447 -1.836208 1.604478 3.526381 -1.236261 -1.796024 -0.350067 -0.512294
-2.722931 -22.23087 -7.626221 -2.269188 1.967627 -3.383695 1.214266 -0.227748 3.859757 0.714059 -9.098486 -4.646723 -10.73899 8.393323 -4.037085
-6.722931 -22.23087 -7.626221 -1.005605 -0.97618 -2.802766 -1.789887 0.900352 2.475791 -1.717198 -1.962916 -4.240942 -4.899883 3.114332 -1.84441
-8.722931 -22.23087 -7.626221 -1.149498 2.206686 -2.006579 1.512382 -0.363565 2.668867 3.067255 2.756369 -1.739865 -4.428255 1.579821 1.858747
-2.722931 -24.23087 -7.626221 2.396966 -3.729534 1.533899 -1.925485 2.468849 0.318206 1.062043 -8.726153 -5.341074 -10.54564 6.899696 -7.399352
-4.722931 -24.23087 -7.626221 3.344766 -8.840982 0.142253 -6.773481 3.505742 -1.140273 -0.652618 -8.869106 -3.515862 -10.27302 5.611099 -8.603414
-6.722931 -24.23087 -7.626221 4.4217 -7.732473 2.159265 -6.073252 3.48761 0.244787 -3.671208 -3.960797 0.534205 -6.463589 0.477698 -3.804643
-8.722931 -24.23087 -7.626221 0.751646 1.110691 0.419743 1.420192 0.008575 3.286554 -0.919009 1.548082 -1.900057 -3.023572 0.625174 2.048401
-2.722931 -26.23087 -7.626221 1.387102 -8.925526 3.940284 -6.970144 4.577468 0.819503 0.045299 -1.938143 -3.101881 -9.422401 3.759916 -4.837419
-4.722931 -26.23087 -7.626221 6.427014 -9.364037 6.074817 -6.258555 6.726656 -0.024103 4.023551 0.956462 -0.680399 -7.471649 7.026112 -3.598268
-6.722931 -26.23087 -7.626221 6.849484 -6.309817 6.346878 -2.576113 4.869536 0.622541 1.074534 1.528998 1.816792 -1.653751 1.844663 0.272599
-8.722931 -26.23087 -7.626221 4.165918 -1.391216 3.116349 1.10152 3.518281 -0.780979 0.274095 -0.457789 0.129481 -1.972912 0.565546 -0.849132
-2.722931 -28.23087 -7.626221 -2.008558 -6.315389 0.721104 -3.945489 4.664159 -2.135964 -4.088878 0.61898 -1.675675 -1.616321 4.151255 -4.6845
-4.722931 -28.23087 -7.626221 1.401845 -3.170278 4.95303 -3.647493 5.25621 -0.187418 3.074146 5.066404 -0.023722 -1.499126 8.284664 -1.897935
-8.722931 -28.23087 -7.626221 6.594006 -5.814967 5.923093 -0.088935 4.35945 -3.055865 4.771579 0.560298 0.951874 -4.310431 1.187239 -1.073852
-10.72293 -28.23087 -7.626221 4.618854 -6.861649 3.242294 1.135786 4.945478 -1.709837 -0.396151 1.727659 1.810357 -3.942145 4.619298 -0.504856
-2.722931 -30.23087 -7.626221 1.623605 -6.725297 0.363094 -3.022976 1.545769 -0.03476 -2.270646 -1.823993 -0.809986 -1.570441 3.855924 -2.403079
-4.722931 -30.23087 -7.626221 1.989301 -3.934641 3.275413 -2.309235 2.474331 1.936938 -0.059336 0.830274 -1.529434 -5.358238 6.24368 -1.287486
-8.722931 -30.23087 -7.626221 6.881606 -4.936347 6.16709 -2.719476 2.171174 -1.335914 4.015691 1.044143 0.142555 -3.360759 -0.113211 0.279624
-2.722931 -32.23087 -7.626221 2.62725 -4.579817 1.19162 -2.866795 -0.096184 -0.167543 0.756359 1.079059 0.929986 -1.171587 4.04744 -0.478485
-6.722931 -32.23087 -7.626221 8.010506 -4.55647 7.958097 -4.23787 -2.399279 2.14763 4.519779 3.549735 -2.389884 -5.167475 3.831927 2.190357
-8.722931 -32.23087 -7.626221 2.965981 -6.223702 3.277585 -2.769636 -1.684417 0.11329 1.514597 0.426242 -1.295618 -3.895959 -2.199207 1.486335
-2.722931 -34.23087 -7.626221 3.416346 -4.886499 2.279534 -2.865817 2.237297 -1.769671 -0.098351 2.343427 1.991554 -1.066609 5.993954 -2.008399
-6.722931 -34.23087 -7.626221 5.160216 -6.78101 6.833712 -3.896322 -2.22716 -1.024841 4.59813 2.835466 -0.726896 -4.648953 7.96255 0.248309
-2.722931 -36.23087 -7.626221 4.7253 -6.7466 2.304582 -2.662056 2.764467 -1.296407 -0.448971 -0.466753 1.252274 -1.886608 5.869194 -3.568101
-4.722931 -36.23087 -7.626221 0.99801 -7.905351 2.400865 -4.055651 -1.243724 -2.453696 1.647409 1.377626 0.817422 -1.111314 8.993253 -2.936119
-8.722931 -36.23087 -7.626221 -1.655089 -7.507195 -1.019197 -1.577548 -0.04525 -2.095959 -2.933033 -0.630279 -2.127854 -5.137757 1.311038 -0.497459
-0.722931 -38.23087 -7.626221 2.644552 -4.288714 -0.028388 0.137022 0.763963 -0.795785 -2.259401 -3.367951 0.339215 -2.446724 -1.956524 -4.271767
-4.722931 -38.23087 -7.626221 2.488255 -9.157856 3.461486 -3.248187 -2.39677 -3.25632 0.9645 -3.429896 -0.37156 -2.310431 7.599238 -3.807416
-8.722931 -38.23087 -7.626221 0.21714 -7.153503 0.678805 -2.687103 0.924975 -1.208214 0.029768 -2.172189 -1.859325 -3.676571 1.479543 -1.620523
-0.722931 -40.23087 -7.626221 0.788508 -0.927464 -0.396815 -0.089505 0.091962 0.062667 -1.650957 -2.680672 0.879434 -1.942669 -0.168417 -3.142976
-4.722931 -40.23087 -7.626221 2.104915 -8.377581 3.320486 -2.708982 -2.695383 -2.622082 -0.905527 -5.494023 -1.80546 -2.981517 3.862785 -2.742402
-2.722931 -42.23087 -7.626221 0.748554 -1.306381 0.142543 0.625725 1.490388 2.407719 -2.412994 -2.247729 -1.388504 -2.5338 2.009643 -2.807946
-4.722931 -42.23087 -7.626221 0.498 -4.58156 -0.028824 -0.275476 -0.517386 0.217065 -3.067968 -5.325641 -1.887419 -3.299935 0.363806 -4.10646
-2.722931 -44.23087 -7.626221 -0.919632 0.357382 -0.635032 -1.81986 0.732799 1.618091 -1.1862 1.205209 0.186528 -0.188658 1.636154 -1.298855
-4.722931 -44.23087 -7.626221 -0.443682 -3.096731 -0.80084 -1.484144 0.575407 0.174384 0.02292 -1.687971 -0.746481 -1.08403 0.011504 -3.574728
-10.72293 -44.23087 -7.626221 1.730813 -9.512104 2.374849 -2.766749 -0.381896 -2.482033 4.464381 -2.412745 2.833228 -0.69549 -0.914343 -3.456919
-10.72293 -46.23087 -7.626221 1.150802 -10.21322 3.928784 1.312423 -1.979875 -3.40713 2.482603 -2.741334 1.840754 1.1342 -2.628333 -6.069756
-12.72293 -46.23087 -7.626221 -0.462492 -12.70795 1.441565 -3.246223 -4.636389 -11.87381 3.647558 -3.18351 1.957466 -3.583103 -4.294249 -5.756896
-10.72293 -48.23087 -7.626221 2.453666 -5.684363 1.69356 8.528771 1.958368 -4.031246 -1.176497 -6.90835 -0.665008 -1.001922 -2.14888 -7.259982
-12.72293 -48.23087 -7.626221 3.012845 -7.135035 0.460186 3.871071 1.304237 -8.846873 1.166003 -6.165254 1.208213 -5.330913 -3.696129 -5.029058
-2.722931 -20.23087 -5.626221 -12.59859 1.987851 -3.840798 -0.835123 -4.148169 0.029288 4.834432 9.455043 2.059715 1.714074 7.377739 1.903954
-2.722931 -22.23087 -5.626221 -10.84094 0.472304 -6.745206 -2.409994 -2.905958 2.256003 2.254222 6.497445 -3.109398 1.059847 10.25789 0.862839
-0.722931 -24.23087 -5.626221 -6.048982 -2.125227 -2.430208 -7.276706 0.143607 4.153879 0.297485 4.942693 -0.077732 0.376672 8.289927 2.767224
-2.722931 -24.23087 -5.626221 -3.44189 -0.160242 -3.965169 -5.128608 1.046699 5.25813 -2.856269 4.537453 -5.167219 -0.835285 8.231342 1.992157
-2.722931 -26.23087 -5.626221 -1.990226 -3.084481 -2.082702 -4.047395 0.344964 4.617843 -4.729475 4.628488 -6.594146 -1.127723 2.245345 -0.958874
-0.722931 -28.23087 -5.626221 -5.401948 -2.907298 -3.43625 2.20619 2.328736 1.453191 0.731005 0.974661 -2.692985 1.909736 7.964929 -2.383347
-2.722931 -28.23087 -5.626221 -1.636978 -6.795874 0.132451 -0.790804 1.851411 -0.186385 -4.41751 1.045481 -5.476985 1.623667 0.898583 -3.436087
-8.722931 -28.23087 -5.626221 4.055 -4.514531 6.258099 2.919058 -0.370487 -2.72134 5.809782 -4.072499 2.11446 -2.985205 -8.362302 -1.887604
-0.722931 -30.23087 -5.626221 -2.162432 -6.021399 -0.546046 -0.028609 3.087945 -1.251734 7.996548 1.009901 2.509942 1.911712 8.577833 -2.630094
-2.722931 -30.23087 -5.626221 3.246072 -10.3394 4.527306 -2.254049 2.910065 -3.110528 -0.284529 -2.299747 -2.973974 0.735044 1.94499 -2.285491
-4.722931 -30.23087 -5.626221 7.679733 -9.74116 11.16016 -0.127806 5.106633 -0.542997 -0.344296 -7.038209 -4.484607 -4.079012 -2.895669 -3.74495
-8.722931 -30.23087 -5.626221 4.583386 -1.203572 4.925117 3.794619 -3.072595 -0.801996 5.566839 -4.269003 0.287335 -1.255582 -11.47593 -1.501589
-10.72293 -30.23087 -5.626221 -0.079416 -0.68089 1.094601 3.102145 0.911995 0.084487 0.729813 -3.515925 3.804338 -2.858115 5.423103 -1.015398
-2.722931 -32.23087 -5.626221 3.645856 -6.919089 3.347025 -1.15501 0.8228 -3.883757 3.956586 -1.347328 2.254272 1.253269 6.009505 -1.105036
-4.722931 -32.23087 -5.626221 9.163201 -9.862135 9.017039 -3.618533 2.51113 -0.640706 0.940061 -5.54922 -1.527704 -3.955647 -3.004797 -0.617133
-8.722931 -32.23087 -5.626221 3.802854 -1.183784 2.655208 3.146274 -4.109971 1.479383 5.046144 -3.749315 -1.405622 -2.113313 -9.298256 -0.394543
-10.72293 -32.23087 -5.626221 -3.300731 -1.960635 -1.902493 3.341082 -3.515629 2.55201 -0.897315 -2.00809 -1.125561 -2.19323 0.07813 -0.22606
-2.722931 -34.23087 -5.626221 3.02332 -5.417737 1.681623 -0.520365 1.830322 -2.738117 1.770702 1.169099 5.322257 1.594234 7.07575 -2.177361
-4.722931 -34.23087 -5.626221 6.343103 -7.81632 3.377643 -4.022326 -0.325989 -0.81774 0.669125 -1.532399 0.788468 -1.295589 -1.748777 0.256232
-8.722931 -34.23087 -5.626221 2.592895 -3.069112 1.072446 0.970961 -3.436719 -0.068816 2.656233 -3.095477 -2.222491 -4.583633 -3.295186 -0.903349
-2.722931 -36.23087 -5.626221 2.089205 -8.881327 1.786353 -2.921155 2.674442 -0.824045 -3.394815 0.824392 1.935289 -1.622771 3.092423 -2.176467
-4.722931 -36.23087 -5.626221 1.42107 -8.320634 0.353108 -3.17666 -0.39554 -1.406914 -3.694449 -0.367886 -1.291422 -1.067164 1.1942 -1.049903
-8.722931 -36.23087 -5.626221 2.036829 -3.952554 1.294898 -2.134887 -3.754173 -1.810194 -3.662104 -3.021776 -2.977085 -5.880438 0.032155 -2.05833
1.277069 -38.23087 -5.626221 1.311557 -2.658264 -0.350674 -2.232787 1.540054 0.088737 -0.685984 0.998066 -0.493686 -2.835845 3.550737 -2.63339
-2.722931 -38.23087 -5.626221 0.82075 -11.55808 2.51413 -5.264992 -0.335495 0.576679 -3.142379 -1.883983 -2.355616 -5.658074 0.431358 -0.670456
-4.722931 -38.23087 -5.626221 0.338254 -10.15732 1.507849 -2.869193 -2.82235 -0.668114 -5.90175 -2.353735 -3.128565 -4.622632 1.247819 -1.543557
-8.722931 -38.23087 -5.626221 1.553566 -3.471562 2.802891 -3.011781 -3.994623 1.045918 -5.373816 -4.434609 -4.245262 -5.447764 -0.195818 -0.796995
-4.722931 -40.23087 -5.626221 0.446757 -6.899776 2.100488 -2.619325 -4.477483 1.782281 -4.87055 -2.047062 -4.424134 -4.555963 0.983621 -0.264295
-8.722931 -40.23087 -5.626221 -0.420678 -4.269522 0.213221 -2.707445 -2.321322 3.353503 -5.541383 -5.129414 -6.095033 -4.990242 -2.721595 0.374476
-0.722931 -42.23087 -5.626221 -1.644373 -5.049641 -0.767487 -1.833691 -1.74282 0.200979 -1.454109 -1.221286 -1.79158 -2.340212 3.367556 -2.175961
-4.722931 -42.23087 -5.626221 -2.549206 -3.085777 -0.727832 -1.302629 -3.64436 3.821799 -4.432262 1.389647 -4.382065 0.029429 2.250034 -0.358708
-8.722931 -42.23087 -5.626221 -1.186418 -3.720076 -1.762817 -1.951065 -1.613908 4.441441 -5.839071 -6.945666 -7.341341 -4.374753 -5.559193 -2.405299
-2.722931 -44.23087 -5.626221 -2.439292 -2.359428 -0.307343 -1.723904 -4.442297 3.599775 2.34869 4.466825 0.338652 1.842507 3.199872 1.005444
-4.722931 -44.23087 -5.626221 -2.990907 -4.53804 -0.397344 -2.619908 -2.892868 3.298694 -0.418322 -0.029003 -2.640105 -0.379878 2.595953 -1.626351
-8.722931 -44.23087 -5.626221 1.734128 -4.413125 1.491107 0.298769 1.942525 2.202561 -5.308491 -7.754871 -5.572762 -5.715822 -0.714847 -2.934307
-10.72293 -44.23087 -5.626221 2.559085 -7.565632 2.202887 -1.744344 2.630473 -2.382875 1.411105 -6.931476 0.268887 -4.65252 0.850821 -2.428343
-2.722931 -46.23087 -5.626221 -2.169829 -2.704561 -1.896163 -1.71587 -0.268777 1.474543 1.779052 -0.02843 1.176368 -0.127229 2.225041 -1.301755
-4.722931 -46.23087 -5.626221 -1.497172 -5.6012 0.582661 -2.097982 -0.762186 1.020378 0.864437 -4.65305 -0.860122 -2.244247 1.282758 -2.787264
-8.722931 -46.23087 -5.626221 1.118935 -9.125822 2.185312 -2.979869 3.226921 -2.208894 -2.766477 -4.412504 -1.061833 -3.013296 3.757934 -4.397619
-10.72293 -46.23087 -5.626221 1.039924 -10.11548 3.381652 -3.679076 -1.202695 -6.627431 3.751036 -3.730273 2.746335 -0.77741 0.690185 -5.406382
-0.722931 -48.23087 -5.626221 0.45158 -5.833536 -1.138913 -5.154696 -2.24849 -2.364439 -2.643899 -2.53696 0.65891 -0.420451 -1.179673 -3.114843
-2.722931 -48.23087 -5.626221 -0.760808 -2.931738 -1.860071 -1.361024 1.418107 0.873139 -0.021486 -0.075957 0.635029 1.115856 0.09786 -1.441106
-10.72293 -48.23087 -5.626221 1.656854 -7.226519 4.254269 4.800303 -1.49386 -1.688801 1.210301 -5.455219 1.557811 -1.373494 -1.298577 -8.410133
-12.72293 -48.23087 -5.626221 -3.360467 1.298941 -0.164089 1.681358 -4.423075 -1.867372 4.189692 -0.763787 1.589596 -2.516071 -2.901855 -1.233798
-0.722931 -50.23087 -5.626221 -1.04799 -7.238661 -2.009553 -6.478071 -3.804637 -2.748023 -1.786461 -1.061443 0.066022 -0.586972 -4.093313 -2.029544
-2.722931 -50.23087 -5.626221 -2.751942 -2.97068 -4.299518 -2.573782 -2.212384 0.328348 -0.189956 1.761248 -2.144557 1.902359 -1.610354 -1.339217
-10.72293 -50.23087 -5.626221 3.999596 -13.83772 4.490252 0.834413 1.922439 -4.260779 1.819534 -5.787519 2.894288 -2.668768 0.39782 -7.887462
-10.72293 -52.23087 -5.626221 0.027172 -13.59829 2.828392 -0.445833 0.498611 -5.02082 0.061736 1.308377 2.376076 0.778748 -1.951935 -6.371281
-0.722931 -28.23087 -3.626221 -3.463617 -6.462192 -4.600708 0.249979 1.923683 -2.373907 0.458822 4.620741 -3.302062 2.602015 10.80587 1.390144
-0.722931 -30.23087 -3.626221 -3.637847 -4.609761 -0.994539 4.170447 3.171994 -2.990655 4.045165 -1.979229 -1.831567 -4.014311 8.460264 -1.437735
-2.722931 -30.23087 -3.626221 -3.196175 -6.950933 4.27636 -0.681667 0.447024 -5.259441 1.302946 -0.544359 -5.670722 -1.028271 0.383232 -0.097576
-8.722931 -30.23087 -3.626221 1.067702 -2.907707 4.672178 1.414846 -4.054186 -0.808209 2.875743 4.283799 -1.083593 6.624616 -7.185884 0.155086
-10.72293 -30.23087 -3.626221 -4.610021 -1.733436 1.169424 -1.7579 -1.904495 -2.297023 0.227157 4.873142 1.230165 3.307161 1.402269 0.46725
-2.722931 -32.23087 -3.626221 -5.667716 -6.520909 -0.465047 1.742163 -0.056051 -3.53055 -1.277299 -7.276906 -3.526464 -4.24474 6.210861 -1.150663
-8.722931 -32.23087 -3.626221 0.906125 -3.876281 3.030648 -0.22115 -4.30985 0.003509 6.509626 2.791811 0.821839 4.505581 -4.991555 0.249831
-10.72293 -32.23087 -3.626221 -3.626878 -2.1339 0.270328 -2.029285 -4.088144 0.616989 3.897095 4.517659 -0.236343 2.628854 -0.986584 1.12306
-2.722931 -34.23087 -3.626221 -4.743289 -4.898493 -2.196157 2.608563 -0.502143 0.98817 -1.472036 -6.79421 0.819606 -3.9032 3.728925 -2.16505
-4.722931 -34.23087 -3.626221 -2.104537 -8.749698 -1.585659 -4.309593 -0.213714 0.181781 -1.841889 -4.545355 -0.799942 -2.795438 -0.468188 0.658754
-8.722931 -34.23087 -3.626221 -0.562953 -6.43972 2.095144 -4.611018 -4.650284 -3.608149 8.165438 2.89137 2.685141 1.788733 -2.279069 -0.475355
-10.72293 -34.23087 -3.626221 -4.441113 -4.369363 -0.077156 -4.518896 -5.446291 -1.134545 5.400031 4.604909 -0.069495 3.436299 0.196955 1.878379
-2.722931 -36.23087 -3.626221 -3.598959 -5.346817 0.046069 0.247347 -1.954599 3.430545 -1.527207 -1.447184 2.275684 -0.907105 -2.710285 -0.649279
-4.722931 -36.23087 -3.626221 -0.696421 -6.857493 0.354004 -2.765956 -0.590856 0.329079 1.768256 -2.257971 0.880697 -2.548109 -1.824105 0.652437
-8.722931 -36.23087 -3.626221 0.715874 -7.330391 3.215988 -8.171311 -4.669215 -6.98656 4.171788 2.154743 1.429956 -2.302683 -0.57091 -1.150256
-10.72293 -36.23087 -3.626221 -2.551668 -6.687321 0.929401 -6.962956 -3.765693 -5.954814 1.901271 2.327398 0.562567 1.298035 1.564868 -0.103788
-2.722931 -38.23087 -3.626221 -1.661605 -7.283429 1.487804 -2.875323 -2.89221 3.320431 -0.004729 0.464333 2.171651 0.634084 -1.415418 1.721119
-4.722931 -38.23087 -3.626221 0.409047 -6.108433 2.240377 -2.453107 -3.448956 -1.342328 0.479764 -1.572473 1.766158 -1.901909 -1.42586 -0.154395
-8.722931 -38.23087 -3.626221 3.582911 -6.462456 4.891887 -6.345426 -3.273126 -5.400254 -0.826191 -2.931687 0.005801 -4.41056 1.389786 -1.464454
-2.722931 -40.23087 -3.626221 3.051235 -6.808831 1.033375 -1.213649 0.398685 0.566302 -0.649499 -0.058475 0.010039 0.882562 3.252465 -1.122837
-4.722931 -40.23087 -3.626221 2.18999 -4.320437 0.372127 -1.97087 -2.99805 -1.889812 -2.605251 -2.699765 -1.437537 -2.820973 0.614323 -2.559587
-8.722931 -40.23087 -3.626221 1.953595 -8.028141 3.898933 -3.571212 -2.851808 -3.447115 -4.638626 -6.373299 -1.074276 -3.277737 0.909271 -3.142055
-4.722931 -42.23087 -3.626221 4.120052 -2.800386 0.686523 0.730425 -0.278308 -0.838472 -5.18909 -1.815766 -4.3979 -1.728019 4.24453 -3.628496
-8.722931 -42.23087 -3.626221 1.610803 -1.208102 3.547891 -0.146624 -4.504847 2.577661 -5.80813 -5.918667 -3.995444 -0.218342 -2.633194 -2.614909
1.277069 -44.23087 -3.626221 -1.943368 -0.491389 0.158547 -2.158853 1.132986 1.824064 0.729361 2.094539 -1.655853 0.167296 4.522024 0.580949
-0.722931 -44.23087 -3.626221 0.38066 -2.453236 0.137697 -0.050736 0.533269 2.880417 0.061099 2.454529 -0.414415 0.120115 2.733675 0.619963
-4.722931 -44.23087 -3.626221 6.134248 -1.730009 2.421916 -0.035525 -0.418876 3.663071 -4.156415 0.848914 -5.093984 -0.858226 3.087417 -0.215496
-8.722931 -44.23087 -3.626221 4.349921 10.41024 3.750936 7.49713 -1.340655 9.035109 -12.17761 -5.953281 -7.091555 -3.545191 -1.624165 -0.843078
1.277069 -46.23087 -3.626221 -2.10874 -3.687246 0.967634 -3.955805 1.357499 2.220992 1.121174 2.462641 -2.029981 0.814387 4.206437 0.515008
-0.722931 -46.23087 -3.626221 -2.111325 -4.883159 -0.066339 -1.248814 1.273463 1.814816 2.136164 3.154846 -0.759113 1.23818 4.412463 -0.381892
-2.722931 -46.23087 -3.626221 0.321795 -6.109697 -0.91953 -2.586725 0.9689 1.301512 0.051367 1.668011 -2.025172 -0.697501 3.367478 -0.458498
-4.722931 -46.23087 -3.626221 -0.015234 -6.106035 0.409942 -3.271871 0.021092 2.944819 -2.146257 -0.72265 -3.236581 -0.940105 1.558938 0.336363
-8.722931 -46.23087 -3.626221 7.267884 0.041574 2.924657 -0.899756 2.760239 1.187626 -9.081636 -5.248361 -6.068657 -8.018117 4.713107 -1.414592
-10.72293 -46.23087 -3.626221 5.311849 -11.71683 2.306952 -4.950977 0.292426 -5.992056 -1.275527 -2.160252 0.228684 -4.485032 4.809655 -3.009645
1.277069 -48.23087 -3.626221 -0.007246 -2.985712 2.827747 -1.971872 -0.11335 3.167211 -2.025772 -1.240549 -3.53889 0.076824 1.704115 -1.91325
-0.722931 -48.23087 -3.626221 -1.798174 -2.473385 0.061939 -1.86996 -0.711383 1.769859 -1.380396 1.016241 -2.690478 0.886492 -0.060054 -0.197553
-2.722931 -48.23087 -3.626221 -0.751764 -4.753934 -1.690523 -1.973701 0.890165 0.600202 0.581 0.932212 -1.069004 -0.496156 1.166147 -0.188734
-4.722931 -48.23087 -3.626221 -0.197153 -7.428813 1.088276 -3.814672 0.394852 2.127979 1.177837 -1.727716 -1.356615 -0.38715 1.901534 0.650861
-8.722931 -48.23087 -3.626221 -1.694688 -7.372915 0.127724 -3.198575 -1.741428 0.161845 -3.49866 -1.731999 -2.054071 -3.553053 3.630108 -1.185851
-10.72293 -48.23087 -3.626221 3.062467 -10.978 4.927864 -1.34583 -1.268248 -3.65374 -0.831991 -0.269376 1.404553 -3.665902 2.327273 -3.634377
-0.722931 -50.23087 -3.626221 -0.591245 -3.079978 0.327975 -1.188138 -1.074241 -0.844441 -1.542442 -4.28337 -1.690404 -1.285226 -1.198547 -2.685746
-2.722931 -50.23087 -3.626221 -2.400153 -4.498725 -2.283414 -1.895152 -1.081917 -0.060549 -0.927473 -1.731961 -2.168882 0.070541 -0.588381 -1.402025
-8.722931 -50.23087 -3.626221 -1.660552 -6.252588 -0.098809 1.020125 0.297213 1.978879 -1.798494 -2.470933 -0.709503 -0.844005 -0.255139 -0.499849
-10.72293 -50.23087 -3.626221 4.004421 -10.54546 5.477982 1.140101 1.477608 -0.116004 -1.443967 -4.751031 0.1595 -3.49507 -1.358394 -5.488805
-0.722931 -52.23087 -3.626221 0.029025 -4.798757 -0.297003 -1.412853 -0.139803 -2.372378 -2.36209 -5.996895 0.849168 -2.221047 1.160285 -5.417004
-2.722931 -52.23087 -3.626221 -0.32559 -4.431555 -1.548234 -1.925687 -1.410407 0.501577 -0.213781 -4.128221 -1.043857 -1.089383 0.862903 -2.013115
-4.722931 -52.23087 -3.626221 -2.012976 -7.432388 -0.568998 -2.563072 -1.188635 -3.520625 0.043572 -3.970094 -0.839823 -2.009026 1.965484 -1.685242
-8.722931 -52.23087 -3.626221 -0.459717 -3.897533 0.180768 3.95464 2.702735 -0.336684 -1.506939 -2.975966 -1.326969 -1.588928 0.62297 -3.255749
-10.72293 -52.23087 -3.626221 2.522936 -7.8734 3.709743 5.738455 3.080804 -3.290262 -3.225852 -5.837648 -0.241676 -2.106389 -1.211717 -8.911851
-0.722931 -54.23087 -3.626221 -2.614659 -3.28048 -1.282261 -0.382421 -1.053769 -0.45838 -2.351706 -3.306781 0.374125 -1.034199 0.292156 -2.651965
-2.722931 -54.23087 -3.626221 -1.590798 -4.132076 -0.242816 -2.458401 -2.347696 0.177102 -1.345555 -2.352079 -0.622138 -1.392896 -1.739982 -0.762176
-10.72293 -54.23087 -3.626221 -4.68844 -11.1568 -1.343084 -3.807008 -5.242234 -2.569798 -4.16733 -5.341302 0.108237 -2.558231 -5.534112 -6.954212
-0.722931 -56.23087 -3.626221 -2.863714 -2.109141 -1.246887 -3.050568 -4.439517 1.675915 -2.206806 0.690315 -0.367081 0.197894 -2.057362 0.04461
-2.722931 -34.23087 -1.626221 -9.91336 -6.911479 -2.870997 -0.58687 -4.6399 1.144633 -2.195736 5.767437 0.402498 0.499784 1.437369 1.965427
-10.72293 -34.23087 -1.626221 -3.342409 -6.399127 -1.809805 -1.336848 -3.645498 0.769083 0.378419 2.088666 -0.962481 1.257855 -1.949649 0.245767
-12.72293 -34.23087 -1.626221 -3.742554 -4.099664 -1.062174 -0.981737 -3.796681 1.806905 -2.519284 -0.401224 -3.92551 -0.489787 -1.149106 -0.403086
-2.722931 -36.23087 -1.626221 -2.497048 -4.218056 -1.394503 0.083203 -2.997995 -0.012053 -0.593063 5.290611 1.726118 2.420871 0.401802 2.179666
-10.72293 -36.23087 -1.626221 -1.120205 -6.453039 -1.205377 -2.998897 -1.523305 -0.646237 0.925265 0.887733 -0.429739 -1.042235 -2.194056 -0.794532
-12.72293 -36.23087 -1.626221 -0.644012 -5.603243 -0.898627 -3.070264 -1.778707 -2.122337 1.288705 -0.150754 -1.873181 0.579795 0.711228 -2.807117
-2.722931 -38.23087 -1.626221 0.685621 -4.26199 1.90768 -0.310601 -1.866012 -1.590984 -0.659938 3.607706 1.44801 2.575999 2.03807 1.477819
-4.722931 -38.23087 -1.626221 2.19076 -4.380694 3.113014 -0.227529 -2.815642 -1.281893 -0.193944 2.80076 -1.511211 1.204856 -1.289771 0.264048
-8.722931 -38.23087 -1.626221 -0.508886 -8.348461 0.502293 -1.777445 -1.678622 -1.030216 -4.127739 -2.714297 -2.222069 -5.684461 -4.291579 0.56488
-10.72293 -38.23087 -1.626221 2.630264 -9.055484 -0.160817 -5.166081 -0.347449 -2.986896 -0.378015 -0.773617 -0.287438 -1.378773 0.6237 -2.05593
-12.72293 -38.23087 -1.626221 3.252012 -8.148956 -0.289981 -4.437827 -1.244509 -4.360753 1.065049 -1.661403 -0.027126 0.136818 2.675832 -2.99098
-2.722931 -40.23087 -1.626221 0.233771 -5.190165 1.472024 0.182113 -1.73656 0.082407 -0.995238 -2.182012 -0.369131 -1.555608 1.419957 0.349835
-8.722931 -40.23087 -1.626221 4.792108 -12.82478 4.41289 -4.215314 1.764395 -4.991619 -3.834211 -7.047162 -0.666053 -6.290251 3.391283 -2.623927
-10.72293 -40.23087 -1.626221 1.200121 -11.31966 0.452091 -4.919136 -0.897655 -5.479487 -0.726917 -0.188174 -0.859596 0.515201 3.360865 -2.131719
-12.72293 -40.23087 -1.626221 1.881353 -9.430513 -0.509161 -6.10745 -1.802229 -6.848613 1.265694 0.236651 0.417451 -0.205279 3.141137 -2.047041
-2.722931 -42.23087 -1.626221 -2.179888 -5.008389 -0.895015 1.661345 -2.074634 0.973399 -1.379563 -4.960159 -1.597927 -1.381633 -0.727831 -2.038354
-4.722931 -42.23087 -1.626221 1.335332 -7.283023 0.11859 0.016448 -2.089422 -3.302594 -0.0299 -7.004307 -2.229158 -3.290263 1.310858 -4.030162
-8.722931 -42.23087 -1.626221 8.914553 -12.59359 7.05233 -6.683563 0.571836 -9.28177 0.128074 -9.771907 1.054642 -7.089525 9.270727 -5.333766
-10.72293 -42.23087 -1.626221 -3.860092 -10.02811 -0.961473 -4.869295 -2.087576 -3.415847 1.539861 1.10225 0.90418 1.374556 3.079913 -0.485177
-12.72293 -42.23087 -1.626221 -3.509951 -8.314491 -1.423422 -6.311086 -0.593335 -4.781376 3.137871 1.952638 0.873068 0.691379 2.100698 -0.577759
-4.722931 -44.23087 -1.626221 4.042269 -4.052461 1.602868 0.58474 -2.599129 -0.087435 -0.015915 -2.521172 -1.952974 -1.761886 1.248283 -3.177538
-8.722931 -44.23087 -1.626221 7.271727 0.9439 6.598251 0.813138 -1.978677 -4.424953 -1.573697 -4.153279 -0.737062 -3.268251 6.132765 -3.784592
-10.72293 -44.23087 -1.626221 1.150456 -2.93257 -0.348361 1.628324 0.512047 1.469874 -3.583988 -2.860305 -2.042661 -1.215419 0.187561 -2.692008
-12.72293 -44.23087 -1.626221 0.043826 -2.834395 -0.933932 0.183839 1.409455 1.43289 -3.429317 -0.36208 -1.645364 -0.911983 -1.337758 -0.960938
-4.722931 -46.23087 -1.626221 2.865898 -6.849362 1.627257 -2.975608 -1.314322 -0.453715 -0.592615 -1.360641 -1.211635 -2.067393 -1.298107 -2.760252
-8.722931 -46.23087 -1.626221 11.30278 4.485385 5.797235 2.070514 1.480136 -1.412044 -3.625247 -5.130209 -2.790068 -6.431508 5.333619 -2.482188
-10.72293 -46.23087 -1.626221 9.867769 -5.641242 3.350429 -1.261485 3.741099 -3.98349 -2.495919 -7.809108 -1.290631 -7.370165 3.610129 -5.029972
-2.722931 -48.23087 -1.626221 3.477528 -3.671445 1.991121 2.30033 0.563135 0.38968 1.179873 1.863415 -1.11598 0.194735 3.412596 -0.28087
-4.722931 -48.23087 -1.626221 2.022902 -6.734164 1.627967 -1.578969 1.080902 2.485597 -0.762133 0.922766 -0.816892 -0.102341 2.27252 0.124675
-8.722931 -48.23087 -1.626221 5.859004 -5.738605 2.433088 -2.328615 -1.272793 -1.813764 -4.91725 -2.570517 -3.869957 -5.629368 4.473364 -3.057051
-10.72293 -48.23087 -1.626221 4.827515 -10.06414 4.814105 -3.946021 0.167766 -5.60601 -1.081621 -2.876336 0.21694 -5.782021 3.886868 -3.606393
-2.722931 -50.23087 -1.626221 -0.085655 -5.705902 1.343074 0.275471 1.470288 -0.399899 0.590862 1.011692 -1.661395 0.656489 3.194825 -1.009257
-4.722931 -50.23087 -1.626221 2.613271 -7.753901 2.184845 -1.606983 2.502641 0.95621 -0.51044 0.892042 -2.264673 -0.692073 1.555906 -0.389165
-8.722931 -50.23087 -1.626221 1.941468 -11.41964 -0.64879 -1.348749 -0.430105 0.488145 -3.037647 1.505885 -3.552435 -1.103699 1.579465 -0.917492
-14.72293 -50.23087 -1.626221 0.540376 -3.458276 -0.847349 -1.639263 5.177265 0.641152 -0.389779 3.511746 -1.003515 -2.141183 4.49717 -0.069046
-2.722931 -52.23087 -1.626221 0.711594 -8.335512 0.147873 -3.323246 1.342973 -0.158066 0.499015 0.754655 -1.618101 -0.995617 2.58253 -1.396731
-4.722931 -52.23087 -1.626221 3.561018 -10.93737 0.812193 -2.235861 3.551387 -1.389935 -3.472432 -2.139464 -4.206765 -4.237938 0.663151 -1.687917
-8.722931 -52.23087 -1.626221 0.020886 -14.28292 -0.002488 -2.581569 0.936347 -2.33904 1.243707 2.210468 -0.922604 0.143219 3.202169 -2.078375
-12.72293 -52.23087 -1.626221 -3.306219 -5.797254 1.182704 -1.729933 -2.827083 -3.403641 0.902269 2.835279 -1.486006 -1.494496 -1.828097 -2.530524
-14.72293 -52.23087 -1.626221 -5.616182 -8.02788 -3.067125 -7.323182 -2.971063 -1.623305 -2.565736 1.958031 -1.130668 -3.154046 -0.867072 1.621355
-0.722931 -54.23087 -1.626221 -7.085842 -5.026238 -0.30273 0.999456 -2.406837 0.081304 2.535601 2.998764 1.803445 2.049112 2.11961 -1.470842
-2.722931 -54.23087 -1.626221 -1.238715 -6.885315 1.410944 -1.217858 -0.066027 0.770054 1.238303 0.175983 -0.741379 -0.720656 -0.726082 -1.435037
-4.722931 -54.23087 -1.626221 -0.967197 -10.16939 1.164631 -1.214777 0.352134 -0.383169 -1.044906 -3.994945 -2.557795 -3.428327 -0.141869 -1.628546
-8.722931 -54.23087 -1.626221 -5.452731 -7.582961 -0.535712 -2.04724 -6.714754 0.65781 1.04838 -1.857633 -1.798788 -1.502635 -3.396004 -1.839381
-10.72293 -54.23087 -1.626221 -6.306565 -9.086294 0.858276 -7.79126 -7.00238 2.157642 -1.348532 -3.302047 -1.652649 -2.006633 -4.791262 -0.849213
-12.72293 -54.23087 -1.626221 -3.540844 -5.49348 2.234801 -11.62929 -7.818346 4.191399 -1.936397 -1.853262 -1.718397 -3.391478 -5.817561 2.36842
-0.722931 -56.23087 -1.626221 -7.743107 -5.443452 -0.138819 -2.133918 -5.707014 1.209263 -0.992475 1.395659 0.673343 0.655557 -3.077808 -0.264719
-2.722931 -56.23087 -1.626221 -2.987685 -6.132932 2.12613 -1.321123 -2.157853 1.221428 -2.075402 -1.852686 -1.38743 -0.477755 -5.012483 -0.960443
-2.722931 -38.23087 0.373779 -3.053345 2.017733 1.347145 3.610608 -2.026346 2.271988 -4.56722 5.961517 0.741808 3.177666 0.628653 0.364581
-4.722931 -38.23087 0.373779 -3.74702 -2.247715 1.231995 3.356081 -2.621282 0.948787 -4.370727 5.652769 -1.074435 3.751947 -0.893233 -1.362389
-12.72293 -38.23087 0.373779 -3.933936 2.121005 -2.605479 6.353854 -3.75392 4.950839 -5.611741 2.553087 -4.339584 1.554694 -4.824956 0.650172
-2.722931 -40.23087 0.373779 -4.99254 -1.675026 1.685356 2.258191 -4.235679 2.031419 -3.75623 7.884743 0.3984 2.227996 2.839213 2.827727
-4.722931 -40.23087 0.373779 -2.805651 -5.517598 1.251556 2.265258 -3.637834 0.55608 -4.255127 4.775109 -0.805777 1.95657 0.056529 0.5007
-12.72293 -40.23087 0.373779 -1.661063 -2.514604 -2.301457 1.00904 -2.722692 0.901124 -4.235142 2.689193 -2.972857 0.896961 -2.999438 -0.953316
-14.72293 -40.23087 0.373779 -1.140822 -0.699782 -1.321905 0.347217 -2.190242 0.131709 -1.917752 3.681679 -1.01407 1.946494 -0.668457 -1.405625
-4.722931 -42.23087 0.373779 -2.809159 -9.515823 0.402697 0.652848 -2.253032 -1.905377 -2.411162 -1.414472 -0.132863 -2.036542 -0.640263 -0.942482
-10.72293 -42.23087 0.373779 -5.150377 -4.241427 -0.810882 -1.107144 -1.809316 0.177175 -0.825469 3.957062 -2.021974 1.585177 2.329268 -0.983316
-12.72293 -42.23087 0.373779 -0.983027 -4.074104 -1.171003 -1.790485 -1.25165 -2.25772 -0.39679 1.496484 -2.541845 -0.900563 -0.77598 -1.977311
-0.722931 -44.23087 0.373779 -5.255794 -2.081852 -0.197377 1.199749 -2.659739 1.646377 0.653243 4.620002 1.471936 1.343593 0.27847 0.738073
-4.722931 -44.23087 0.373779 -3.369039 -5.651283 2.495812 0.514777 -5.461623 1.198216 1.327378 -0.294045 -1.330158 -0.928034 -0.304762 -0.03159
-10.72293 -44.23087 0.373779 -5.041523 -4.757926 -2.082135 0.495854 -1.959843 1.273696 0.250089 0.084051 -2.191784 0.646333 2.052288 -1.585115
-12.72293 -44.23087 0.373779 -2.672972 -2.424679 -2.205442 0.728776 -2.449856 0.821867 -0.53756 1.204585 -3.003831 -0.155972 -1.300274 -1.418223
-4.722931 -46.23087 0.373779 -1.589994 -6.951042 1.374844 -4.958685 -6.303258 -2.018368 1.975208 0.211755 0.25054 -1.470118 0.836941 -0.966793
-8.722931 -46.23087 0.373779 3.270387 -4.420129 3.819731 -0.883713 -4.544046 -3.884225 -1.739651 -4.939702 -1.906234 -4.757751 1.710654 -1.527554
-10.72293 -46.23087 0.373779 -1.400884 -6.914507 -0.714732 0.74618 -1.661053 -2.258668 -0.784822 -4.440083 -1.979562 -4.173448 1.379146 -2.320385
-4.722931 -48.23087 0.373779 -1.469744 -4.531753 -1.766227 -0.563326 -2.456429 1.31669 -1.582899 -0.666315 -0.034786 -1.52209 -1.696317 -1.838128
-8.722931 -48.23087 0.373779 3.886534 -3.072115 3.292873 -0.314042 -5.926222 1.493715 -4.497877 -5.219474 -4.830177 -7.178071 -0.955049 -1.598004
-10.72293 -48.23087 0.373779 -1.312956 -8.368892 1.465646 -2.735076 -3.588749 -3.746229 -0.120531 -2.926446 -1.870855 -4.53269 1.861041 -2.051993
-2.722931 -50.23087 0.373779 4.18874 -4.460545 1.811623 1.650826 4.648751 1.014039 -3.034837 -5.455173 -3.227385 -2.906815 -0.4462 -3.765748
-4.722931 -50.23087 0.373779 1.583964 -5.047766 -1.865638 -0.667483 2.618331 4.172227 -3.945801 -4.129309 -3.021672 -4.188703 -2.280693 -2.695736
-8.722931 -50.23087 0.373779 1.508058 -1.539607 -0.516347 3.907608 -4.54567 8.734781 -9.649194 -3.274607 -8.552571 -4.480829 -7.183063 -2.721392
-10.72293 -50.23087 0.373779 0.768977 -5.202506 1.132096 0.728372 -1.380455 1.94557 -2.343126 -4.764959 -3.014847 -3.636013 -1.466416 -4.509537
-14.72293 -50.23087 0.373779 -4.221838 -1.787142 -3.983645 1.176321 1.024479 0.18087 -0.8206 -0.249917 -1.714557 -2.347452 -0.148359 -2.391708
-4.722931 -52.23087 0.373779 4.025673 -4.564343 -1.265759 0.886423 3.974777 2.65436 -2.898479 -3.114732 -3.805704 -5.205134 -1.309531 -3.691856
-8.722931 -52.23087 0.373779 12.30868 -13.38398 5.395721 -4.09028 0.440176 -0.264032 -4.644668 -5.071149 -4.732502 -5.682533 2.750015 -5.133216
-14.72293 -52.23087 0.373779 -7.635708 -2.408193 -4.877831 -2.64555 -3.35173 -0.944545 -4.986558 -4.382549 -2.498401 -2.27932 -5.036966 -1.412939
-16.72293 -52.23087 0.373779 -5.016368 -6.018703 -2.174716 -9.303085 -4.936476 0.182206 -6.195955 -6.718375 -2.594256 -1.360956 -7.370041 -0.341853
-18.72293 -52.23087 0.373779 -8.121334 -6.978023 -5.477484 -11.48757 -6.630437 1.850914 -3.80149 -3.937367 -2.729207 -1.189399 -9.095665 1.11931
1.277069 -54.23087 0.373779 -3.595124 -4.395824 -0.473342 -3.274391 -3.488517 2.263506 -3.810482 -0.992035 -2.201829 -1.306785 -4.646112 0.227526
-0.722931 -54.23087 0.373779 -1.182507 -3.168669 0.995498 1.966177 -1.613259 -0.185154 -1.109074 0.195552 -1.269141 -0.13591 -1.263859 -2.245958
-4.722931 -54.23087 0.373779 1.49874 -2.205299 1.441573 4.062201 2.197886 4.973769 1.897178 0.317626 -1.467492 -2.9329 1.669471 -1.048517
-8.722931 -54.23087 0.373779 5.200164 -14.81434 5.846699 -9.89807 -8.058852 -0.86751 3.730575 -7.588124 -0.809127 -4.073728 0.070658 -1.397419
-10.72293 -54.23087 0.373779 0.075709 -8.31893 2.177151 -10.07326 -8.559954 -1.674614 2.025987 -5.111941 -0.489947 -4.027208 -3.103282 1.63764
-12.72293 -54.23087 0.373779 -7.482531 -6.33369 -3.13756 -11.83898 -11.01209 -1.694512 1.402051 -4.295735 -0.489287 -3.363479 -5.752054 3.957056
-14.72293 -54.23087 0.373779 -9.694839 -0.946731 -4.628167 -11.93102 -7.519157 0.004911 -2.838856 -3.041971 -0.232482 0.501849 -5.574462 5.626577
-16.72293 -54.23087 0.373779 -2.814314 4.765476 -0.05181 -9.128509 -2.216783 1.279279 -5.809365 -6.404127 -1.610739 -1.715686 -5.189641 4.015667
-0.722931 -56.23087 0.373779 -4.40609 -3.770462 0.256329 -6.101385 -5.965014 1.017539 -2.496348 -0.200868 -0.967591 0.299437 -4.53693 0.862255
-2.722931 -56.23087 0.373779 -1.040313 -3.80376 2.587779 0.456945 -1.425927 -0.357941 -0.412499 1.076025 -3.032634 0.426931 -5.520694 -1.411664
-10.72293 -56.23087 0.373779 0.526627 7.570583 3.040063 2.535444 -1.948365 -4.766047 -1.398235 0.88348 -1.61646 0.65676 0.154478 -2.938294
-2.722931 -38.23087 2.373779 -1.267642 -5.004571 -0.975563 -2.021578 -2.111513 -1.991762 -1.141811 0.908083 1.670321 1.736073 2.855694 -4.173359
-4.722931 -38.23087 2.373779 -0.860561 -5.636838 -0.074082 -1.639223 -1.068767 -1.688133 -2.832428 -0.019835 1.605012 0.315626 0.158518 -4.428692
-0.722931 -40.23087 2.373779 2.411752 -5.269511 0.918379 1.812522 -4.534273 1.082012 -4.803799 -0.667667 -2.025476 -3.027886 -0.790102 -2.046707
-2.722931 -40.23087 2.373779 -0.236507 -4.869898 -1.62597 -0.178733 -2.739095 0.194223 -3.774651 -0.308547 0.052163 -2.933626 0.325563 -0.566087
-4.722931 -40.23087 2.373779 -0.335944 -5.094173 -1.28381 -0.882493 -0.78457 0.274481 -4.037784 -0.396657 1.068916 -1.787041 -1.340297 -0.425938
-0.722931 -42.23087 2.373779 1.174223 -4.262197 0.427734 3.122135 -3.520764 -0.393768 -5.074553 1.159312 -0.981274 -4.917974 -2.86298 -0.10566
-2.722931 -42.23087 2.373779 0.740513 -4.085763 -2.155225 2.957071 -1.552454 1.06567 -6.896389 0.290404 -0.886414 -5.292473 -2.466645 0.376079
-4.722931 -42.23087 2.373779 -0.415118 -8.103257 -2.892028 -0.961447 -1.524033 -2.12747 -3.89324 -1.185578 -0.035399 -3.908146 -1.560034 -2.061211
-0.722931 -44.23087 2.373779 -5.431102 -2.144598 -1.068647 3.022206 -3.818838 0.918178 -3.670144 5.871542 -0.565331 0.081098 -4.294349 -0.343667
-2.722931 -44.23087 2.373779 -5.07786 -3.357809 -1.752882 0.639561 -2.961521 0.839314 -5.623044 4.002711 -1.854084 -2.172057 -1.767715 0.291643
-4.722931 -44.23087 2.373779 -3.978297 -4.380144 -0.734775 1.434944 -5.117624 0.307236 -2.194593 0.235278 -2.010864 -0.882996 -1.075576 -1.21259
-10.72293 -44.23087 2.373779 -5.257399 -4.223482 -1.300858 -0.016515 -2.16637 0.222892 -2.695091 2.026646 -1.327636 0.599377 -0.248822 -1.811564
-12.72293 -44.23087 2.373779 -5.198069 -0.957632 -1.684238 2.409825 -3.921469 1.088926 -1.339809 5.624402 -1.807794 3.189947 -1.078801 -1.596635
1.277069 -46.23087 2.373779 -5.836333 -1.720085 -0.195266 2.112978 -1.566661 0.510792 -1.051733 1.752698 -0.659601 0.543099 -1.508458 -2.722296
-0.722931 -46.23087 2.373779 -6.784629 -4.289263 -2.164056 1.802221 -2.631812 0.475001 -1.97995 2.438343 -2.461786 0.201831 -1.69347 -3.284552
-2.722931 -46.23087 2.373779 -4.853046 -4.935049 -1.615946 -2.579151 -3.01827 -0.94488 -0.320895 4.833345 -0.184621 -0.431205 2.372451 -0.711777
-4.722931 -46.23087 2.373779 -2.278559 -3.215683 -0.277926 -1.573573 -8.285901 1.001425 0.674324 4.074213 -2.081371 -0.129119 0.843456 0.560787
-10.72293 -46.23087 2.373779 -3.109774 -6.009422 -0.00107 -0.34839 -1.573542 -0.436557 -3.959691 2.244709 -2.450396 -1.181552 0.297866 -1.635742
-12.72293 -46.23087 2.373779 -4.498045 -5.119939 0.493605 0.528397 -1.103215 0.707221 -1.125692 5.30278 -0.69931 1.743673 1.36355 -1.076089
-0.722931 -48.23087 2.373779 -3.619828 -3.343678 -0.285097 2.594825 -0.822495 4.970765 -1.689402 -0.204555 -4.732084 -3.839455 -3.708012 -2.492866
-2.722931 -48.23087 2.373779 -3.957933 -1.801757 -0.301323 2.104136 -2.505013 2.839241 -1.683173 4.767138 -2.118654 0.339739 -1.578101 -0.985649
-4.722931 -48.23087 2.373779 -1.395466 -0.363272 -2.477265 2.141051 -5.666133 1.227022 -0.877364 6.344778 -2.626198 2.216066 -1.033734 0.500472
-8.722931 -48.23087 2.373779 6.834836 0.620545 8.316402 -1.519017 -4.224879 -2.254598 -3.442508 0.741916 -2.493687 -3.198092 0.13971 -3.430795
-10.72293 -48.23087 2.373779 0.287409 -6.194243 3.677225 -3.316113 -2.301039 -2.203254 -2.539392 2.325619 -3.249123 -1.285419 2.070065 -1.789171
-12.72293 -48.23087 2.373779 -5.289539 -6.237749 0.37181 -3.428258 -1.315098 -0.081624 0.228887 5.860301 -0.275645 0.983709 3.765779 1.279311
-0.722931 -50.23087 2.373779 -5.410226 0.095177 -1.428251 3.57487 -0.602343 5.538572 -2.294321 1.278573 -4.773758 -1.082142 -3.981839 -0.500428
-2.722931 -50.23087 2.373779 -6.394623 -1.075509 -0.995152 2.321594 -3.361749 5.065812 -1.749205 1.657364 -2.952567 0.978911 -3.022031 0.451386
-4.722931 -50.23087 2.373779 -2.214927 -1.842305 -3.633501 0.778396 -4.406351 2.873791 -1.456779 3.172585 -3.070026 -1.072482 -1.174447 0.907303
-8.722931 -50.23087 2.373779 8.630568 4.723981 9.051634 0.359749 -7.71911 3.370214 -2.79182 1.80371 -4.031845 -1.821472 -2.231198 -3.735616
-10.72293 -50.23087 2.373779 -0.753275 -3.447355 4.044555 -1.137148 -5.128979 0.783554 -1.252859 0.77817 -2.298589 0.385102 -0.091892 -2.358169
-12.72293 -50.23087 2.373779 -7.442051 -5.202871 -1.137266 -3.704411 -3.736805 0.125316 -0.220081 4.139378 0.148425 0.306128 3.362026 -0.054611
-4.722931 -52.23087 2.373779 -1.983415 -1.090098 -3.87491 1.396631 -1.979551 2.254764 0.404137 2.357147 -1.900911 -1.793094 -1.186083 -0.105551
-10.72293 -52.23087 2.373779 2.612546 -6.633965 3.822028 -6.457423 -4.021581 -2.645997 -2.915179 -6.688026 -1.706703 -5.873193 0.664944 -2.03352
-18.72293 -52.23087 2.373779 -8.652031 -3.620632 -2.029631 -6.021102 -3.607681 2.039644 -3.060152 -1.703363 -3.521207 0.582389 -7.167039 0.30123
1.277069 -54.23087 2.373779 -3.812627 -6.016238 -0.86306 -2.089457 -4.314128 -1.518999 -2.957285 -5.481308 -1.441311 0.284961 -6.811486 -2.412401
-4.722931 -54.23087 2.373779 -0.773363 -2.145716 -1.666424 2.652907 -1.834682 3.733526 2.594548 1.005077 -0.043699 -2.177754 -2.153649 -0.463639
-10.72293 -54.23087 2.373779 0.11164 -3.442869 0.317432 -6.902788 -9.052607 -5.306586 -0.011481 -8.472739 -3.026829 -10.02139 -1.298888 3.129252
-12.72293 -54.23087 2.373779 -9.08919 -8.999009 -4.657359 -7.87925 -10.34945 -3.643541 1.896428 -6.117545 -2.104712 -5.607398 -4.054075 4.684485
-14.72293 -54.23087 2.373779 -8.884182 -9.318309 -1.967679 -10.30705 -7.398012 -0.978906 2.220218 -2.083717 -0.436588 -0.867254 -3.620643 5.248405
-16.72293 -54.23087 2.373779 -3.643818 -3.033757 3.431661 -6.659782 0.01536 3.151958 4.885251 -2.430041 2.226321 -1.159626 -0.100526 4.992995
-18.72293 -54.23087 2.373779 -3.096083 -1.584133 2.732566 -1.97765 1.433261 5.361734 6.885753 -3.604276 4.348793 -1.966776 3.535272 5.814386
1.277069 -56.23087 2.373779 -0.365784 -2.891094 -1.096432 -5.287896 -0.521686 0.510464 -3.511061 -5.876196 -1.088178 -2.065896 -5.118992 -1.134121
-0.722931 -56.23087 2.373779 2.414505 -7.483873 1.857789 -6.546763 -2.136218 -2.260745 -2.510161 -5.957388 -0.252451 -0.456262 -5.880181 -1.164234
-2.722931 -56.23087 2.373779 -1.172771 -5.622278 0.333968 -3.818264 -6.722786 -5.396388 1.292374 -1.477788 -0.923324 1.316456 -5.993796 -1.884038
-4.722931 -56.23087 2.373779 -4.989125 -5.522487 -3.738751 -1.126996 -9.507495 -3.58786 1.832358 -0.166808 -0.290883 -0.270662 -9.487586 -0.903347
-12.72293 -56.23087 2.373779 -8.701447 6.637046 -3.929293 2.903749 -6.296113 -4.596035 2.747309 0.033263 0.5198 -1.367913 -2.874672 2.954422
-14.72293 -56.23087 2.373779 -5.975303 1.018906 -0.320658 -1.992816 -3.616947 1.939273 4.479718 0.52663 2.573504 -0.426446 -0.026475 6.285368
-2.722931 -40.23087 4.373779 1.895087 0.966877 -0.478763 -1.369583 -4.159476 1.82047 -0.366159 3.015501 2.222948 -2.40164 -1.165495 -0.607081
-10.72293 -44.23087 4.373779 -0.730778 -4.394516 -1.409777 0.661773 -2.136611 -0.904358 -2.798131 -2.012926 -0.304724 -1.978854 -3.627152 -3.157224
-12.72293 -44.23087 4.373779 0.76224 -4.194006 -1.015934 1.069313 -2.628154 -2.997064 -1.728932 0.712074 -1.119892 0.322875 -2.402485 -3.956429
-10.72293 -46.23087 4.373779 0.236259 -1.845757 -1.195764 2.30991 -2.218057 1.669193 -3.262408 -1.837611 -0.661286 -2.620685 -2.680124 -2.718117
-12.72293 -46.23087 4.373779 0.739779 -3.662871 -0.342231 0.509026 -2.44696 -1.422034 -1.071416 -0.233657 -0.580172 -1.202294 -2.091208 -3.716508
1.277069 -48.23087 4.373779 -3.394948 -3.270677 -2.406374 0.56464 -1.29412 0.759492 1.437396 3.474386 -0.853057 -0.879316 -0.730088 -2.305975
-0.722931 -48.23087 4.373779 -2.699085 -4.83938 -1.045534 -0.026565 -2.307094 2.484668 0.000913 3.992108 -0.404671 -0.201024 -0.689289 -1.996538
-10.72293 -48.23087 4.373779 2.711587 0.155612 0.015791 1.607173 -1.476131 0.189966 -3.355661 -0.846123 -2.6266 -3.010706 -2.048019 -2.43079
-12.72293 -48.23087 4.373779 0.774249 -3.013475 0.292038 -1.476726 -1.060269 -0.631042 -0.686967 1.233299 -0.05537 -2.316254 -0.066321 -1.673543
1.277069 -50.23087 4.373779 -3.213595 -3.075984 -1.975328 1.099838 -0.509221 2.647121 -1.358732 6.443009 -1.367594 0.316345 0.474984 2.211434
-0.722931 -50.23087 4.373779 -4.647427 -4.907561 -1.042946 2.052602 -1.675713 3.071455 -3.424431 8.350086 -1.160131 1.376618 -0.916854 1.6013
-10.72293 -50.23087 4.373779 2.691284 -3.68093 0.411538 -0.618165 -2.555672 -2.978979 -3.163813 3.506755 -2.639284 -0.074429 -1.504574 -1.828933
-12.72293 -50.23087 4.373779 -2.284837 -2.676104 -0.173765 -1.233833 -2.110552 -0.364454 -1.762748 2.090446 -0.13013 -0.894535 0.811063 -0.214349
-14.72293 -50.23087 4.373779 -0.763214 -2.901343 0.005272 0.149211 -0.426231 1.973121 -2.579977 2.810571 1.504692 0.76273 0.107168 -0.24612
-0.722931 -52.23087 4.373779 -5.80023 -3.221066 0.610755 3.561175 -2.068782 4.225285 -6.731056 6.582086 -1.927204 0.291496 -1.905434 0.910187
-2.722931 -52.23087 4.373779 -3.8984 -4.295423 1.515122 0.581926 -2.073102 1.221978 -7.145757 9.333438 -0.772905 1.600264 -0.572589 0.50757
-4.722931 -52.23087 4.373779 -0.72829 -3.793308 2.211129 0.783767 -4.494063 0.711425 -4.815256 9.020552 -1.803591 0.555662 0.428876 -0.691942
-10.72293 -52.23087 4.373779 -2.531668 -7.208641 0.340247 -2.223109 -6.12698 -0.099598 -2.539012 5.368586 0.478214 -0.781316 -0.300862 -0.094413
-12.72293 -52.23087 4.373779 -6.519197 -4.531981 -2.083425 -2.281103 -3.895258 0.61815 -2.461263 2.7947 -1.657516 -0.528247 -2.067048 1.482581
-14.72293 -52.23087 4.373779 -7.169972 -6.969197 -1.506762 -4.143169 -4.56988 -1.083481 -1.63757 6.500173 0.279436 2.66645 -1.033002 0.223172
-16.72293 -52.23087 4.373779 -6.830884 -3.10489 -2.304985 -3.915467 -4.385447 -1.504564 -4.430541 3.150699 -0.554569 2.078845 -4.017648 -2.248708
-18.72293 -52.23087 4.373779 -5.094987 -0.664044 -1.911799 -2.636008 -0.844877 1.703548 -6.047274 0.80566 -2.646007 1.033784 -6.03581 -2.200664
-0.722931 -54.23087 4.373779 -7.028722 -5.706973 2.432264 3.291678 -6.950969 2.248428 -3.392916 1.122716 -1.300424 1.580103 -7.837631 0.224399
-2.722931 -54.23087 4.373779 -5.718621 -5.316655 0.840767 -1.45551 -4.884822 4.848153 -6.470838 2.341091 -2.259407 -2.272011 -4.098025 2.39437
-4.722931 -54.23087 4.373779 -1.72054 -4.102251 1.730632 0.950467 -4.397457 7.228326 -4.20551 4.356383 -1.669766 -3.149885 -2.353173 1.797233
-10.72293 -54.23087 4.373779 -8.508956 -7.284588 0.493358 -3.462705 -12.39605 -0.160528 -4.742689 0.557129 -1.789775 -5.991042 -2.426321 2.257999
-12.72293 -54.23087 4.373779 -11.92649 -8.950185 -3.252409 -2.11542 -8.37765 2.608319 -4.526014 0.47174 -1.760349 -3.730581 -4.672927 4.163822
-14.72293 -54.23087 4.373779 -11.53064 -7.413443 -2.328582 -3.933403 -5.846085 2.271165 -7.409738 3.984795 -0.718824 0.155372 -5.312567 4.409929
-16.72293 -54.23087 4.373779 -8.768868 -3.145975 0.383557 -2.684053 -2.274087 3.51549 -3.967077 2.921479 0.926842 1.728997 -3.038608 2.693534
-18.72293 -54.23087 4.373779 1.645477 -2.323943 4.461276 0.934742 5.05018 4.482789 -4.004969 -2.967623 0.31735 -1.293162 -3.039044 1.41829
1.277069 -56.23087 4.373779 -8.979609 -1.886678 1.576648 3.8071 -0.333241 2.304955 0.355111 -1.739048 0.406627 3.178056 -6.59201 -3.387495
-0.722931 -56.23087 4.373779 -5.799543 -5.127019 4.85668 2.721987 -4.311404 1.195099 -2.534006 -4.352941 -2.123039 1.188946 -10.96064 -4.247746
-2.722931 -56.23087 4.373779 -10.40949 -5.368558 -0.917781 -2.837828 -10.83533 0.604226 -6.520358 -3.114011 -5.253983 -2.643233 -12.80962 -0.346018
-12.72293 -56.23087 4.373779 -14.26577 -5.347719 -3.038183 -1.930824 -10.35231 -0.850598 -8.554805 -0.526942 -3.467638 -1.854008 -10.33066 3.057468
-10.72293 -42.23087 6.373779 -0.345964 2.528759 -0.683819 3.36459 -3.675227 1.773243 -2.85285 2.484917 1.615288 -0.322507 -4.178725 -2.18367
-10.72293 -44.23087 6.373779 -1.626025 -0.952738 -0.817872 1.727872 -4.536777 -0.50029 0.594152 4.779106 4.595771 2.51878 -1.84629 -1.557084
-12.72293 -44.23087 6.373779 0.298796 -0.189086 -0.996851 2.574919 -5.902595 1.130002 -1.84758 4.198095 1.860922 1.908304 -3.966409 -2.046599
-10.72293 -46.23087 6.373779 -1.473521 -0.612203 -0.604096 1.785864 -5.610784 0.949071 2.283746 3.872082 5.435183 2.538786 -0.432651 -1.424634
1.277069 -48.23087 6.373779 -0.073585 -0.877446 -0.799134 0.792112 -1.712628 1.479126 -1.57648 -1.701753 -0.357141 -2.230017 -3.641377 -1.735805
-10.72293 -48.23087 6.373779 -2.889243 3.17869 -2.023689 3.099715 -5.703857 2.859067 0.97947 1.825526 2.607872 1.205833 -3.41234 -0.542014
1.277069 -50.23087 6.373779 -0.654757 -3.261617 -0.420024 -1.071029 -0.443883 1.239355 -1.070258 1.579416 0.461941 0.672932 0.06172 0.312729
-0.722931 -50.23087 6.373779 -2.263476 -5.680248 -0.327774 -1.358722 -1.479769 1.198464 -1.40224 3.59966 1.131733 0.26158 0.334708 0.962154
-2.722931 -50.23087 6.373779 -2.271853 -4.807404 -0.880776 0.32304 -2.390157 2.556088 -0.891932 3.578585 1.890948 0.792433 -0.230489 0.260028
-10.72293 -50.23087 6.373779 -1.782719 -0.747513 -1.971843 0.207534 -4.934908 -0.300109 -1.162989 1.26793 0.696465 0.213286 -4.825191 -1.200931
-14.72293 -50.23087 6.373779 1.55874 0.184762 -2.010574 -0.055286 0.600646 0.345206 -2.315194 0.003382 0.421914 -0.86988 -1.105089 -1.528232
1.277069 -52.23087 6.373779 -2.88743 -9.776856 -1.351942 -5.733753 -4.283111 -0.471867 0.062457 4.301827 1.766572 0.895566 1.337001 -0.876007
-0.722931 -52.23087 6.373779 -4.985 -8.993978 0.31554 -2.85973 -7.283017 0.447102 -0.397275 5.680329 3.536834 0.48881 1.079743 -0.866459
-10.72293 -52.23087 6.373779 -2.010759 -7.259951 -1.511467 -4.098548 -5.505696 -0.510583 -1.763448 2.988815 2.670834 -1.126811 -3.358273 -0.049355
-12.72293 -52.23087 6.373779 -2.098404 -4.161894 -1.806562 -2.480146 -3.112455 1.058349 -1.50419 1.907323 1.082246 -1.190878 -3.121884 -0.488681
3.277069 -54.23087 6.373779 -2.87895 -1.016673 -1.887104 1.992081 -4.724506 -0.014819 -1.542091 2.981355 -0.307099 2.801224 -3.955109 -3.50808
1.277069 -54.23087 6.373779 -5.717478 -8.856227 -2.484472 -4.932266 -8.541479 -3.40186 -0.416753 4.606415 2.540562 2.104433 -2.034609 -1.467679
-0.722931 -54.23087 6.373779 -4.833049 -13.65668 1.242436 -7.111623 -9.738957 -4.242751 0.927135 4.431573 4.873073 1.140448 -0.375587 -1.543598
-2.722931 -54.23087 6.373779 -8.903265 -8.125658 -0.7682 -3.131965 -10.73711 1.796685 -1.265499 5.280328 3.073944 0.647328 -1.247672 -0.719649
-10.72293 -54.23087 6.373779 -5.112632 -9.445183 -1.391338 -5.365581 -9.498999 0.709684 -3.900128 -0.626369 1.422279 -3.746934 -3.996633 0.596053
3.277069 -56.23087 6.373779 -1.888553 -6.594606 0.13666 0.29385 -1.709401 -0.968001 -0.683359 4.139883 1.76643 3.698952 -5.365305 -1.446369
1.277069 -56.23087 6.373779 -11.75313 -11.47787 1.891217 -0.647579 -9.086108 -0.147931 -0.89377 4.033043 3.158558 5.818588 -5.403503 -0.595927
-0.722931 -56.23087 6.373779 -11.25839 -16.8849 5.237713 -5.11413 -13.29685 -3.187774 0.805222 2.384036 5.357244 4.238648 -4.472789 -3.013863
-2.722931 -56.23087 6.373779 -14.06282 -11.09389 0.247093 -4.908579 -14.81147 3.029117 -4.16515 4.285566 1.683291 0.102128 -7.116506 0.011488
-10.72293 -42.23087 8.373779 1.906314 -0.849979 0.872823 0.893766 -0.706233 1.055548 -3.081146 -0.118952 0.037147 -1.744179 -0.060772 -0.496455
-12.72293 -42.23087 8.373779 2.59981 -0.218649 0.777164 1.326198 -1.817904 1.574429 -2.183283 -2.970349 0.244349 -3.162438 -0.490188 -1.103523
-10.72293 -44.23087 8.373779 3.665375 1.784101 1.166698 2.159693 -1.112916 1.40127 -2.809263 -3.307997 0.352889 -3.114801 -1.066327 -1.236025
-12.72293 -44.23087 8.373779 1.624703 -1.161277 0.463656 -0.085756 -3.194857 0.992027 -1.089216 -2.989521 1.930529 -1.836454 -0.486246 -2.240879
-8.722931 -46.23087 8.373779 4.230651 9.659044 1.307063 7.444265 1.499691 11.86166 -12.06005 -4.539269 -4.328463 -7.527344 -4.792882 3.794623
-10.72293 -46.23087 8.373779 4.368278 2.258558 2.206295 1.240284 -2.660669 1.05925 -2.39783 -6.774362 0.727205 -4.748784 -1.426453 -2.77367
-8.722931 -48.23087 8.373779 10.31573 7.439141 1.925563 3.776826 4.203182 6.250579 -12.65392 -5.911657 -3.705022 -10.21841 -2.951896 0.258903
-10.72293 -48.23087 8.373779 3.628601 4.959145 1.167486 1.878816 -2.315696 1.280195 -3.578367 -3.789963 0.275143 -3.794059 -2.815061 -2.288786
1.277069 -50.23087 8.373779 0.435529 5.291153 0.098815 3.106122 0.371775 2.717918 -1.209809 0.033072 1.181654 0.036867 -1.500719 -1.630446
-0.722931 -50.23087 8.373779 3.547323 3.706298 0.236081 2.05084 0.688775 1.113277 -0.291376 -0.544527 1.420122 -1.118901 -0.559226 -2.646802
-2.722931 -50.23087 8.373779 3.363491 1.905435 0.16162 1.057237 -0.480954 1.110148 -0.231317 -0.037994 2.645218 -0.60853 -0.193583 -2.482293
-8.722931 -50.23087 8.373779 9.09729 -1.479599 4.527198 -2.828423 -1.81989 -1.65038 -5.795852 1.238199 1.246254 -7.237083 -1.847969 -1.066156
-10.72293 -50.23087 8.373779 4.469741 3.099844 1.417162 0.640295 -1.671981 -1.404104 -2.356514 0.991413 1.256547 -2.296831 -1.732541 -1.573314
3.277069 -52.23087 8.373779 -0.107226 1.355972 0.83145 1.122129 -1.587254 2.998758 -0.844373 1.706347 1.147229 2.084892 -0.102683 0.225202
1.277069 -52.23087 8.373779 0.567801 2.720021 -0.297234 0.277365 -2.601202 2.705814 -2.074443 0.532045 -0.019839 -0.643754 -1.268459 -0.625976
-0.722931 -52.23087 8.373779 1.895001 1.723441 0.484693 0.039759 -3.478457 1.251599 -1.427475 -1.227213 0.560131 -2.221062 -1.029465 -1.687564
-2.722931 -52.23087 8.373779 3.728217 -1.627682 1.694207 -1.794226 -2.554818 0.655493 0.232625 -0.974845 2.43628 -1.278541 -0.745346 -2.077593
-8.722931 -52.23087 8.373779 1.756815 -7.70348 5.338016 -7.074647 -9.211593 -2.14733 1.830422 5.768906 6.711107 -2.219154 -1.979832 0.823043
-10.72293 -52.23087 8.373779 0.815107 -0.484701 1.798447 -1.785392 -4.268184 -0.238731 0.784779 5.041699 4.057943 0.478071 -0.005606 0.485781
-12.72293 -52.23087 8.373779 -1.273659 3.57193 -1.983778 1.289249 -1.829373 1.519166 -1.281723 4.465469 2.861474 0.556545 -2.089004 0.319378
-14.72293 -52.23087 8.373779 0.469513 3.494591 0.56731 -1.767566 -1.492908 0.676119 -1.780331 4.586998 1.836623 0.505549 0.331408 -0.163159
3.277069 -54.23087 8.373779 -1.283312 -2.511642 -0.909007 -1.175832 -3.556947 1.506912 0.559541 5.595506 1.237897 2.576375 -0.08625 0.052889
1.277069 -54.23087 8.373779 1.11751 -2.674251 -1.942189 -4.344642 -4.88034 -1.867691 -1.196541 2.898529 0.459993 -1.176989 0.517689 -0.293872
-0.722931 -54.23087 8.373779 4.147215 -4.36752 0.56702 -7.94263 -3.033102 -4.097068 -2.796579 -2.282066 1.004034 -3.879262 0.683141 -2.334996
-2.722931 -54.23087 8.373779 3.887531 -5.395352 2.333905 -6.670489 -2.89224 -2.649359 -0.887918 0.149213 3.605875 -1.606577 0.074556 -1.847942
-12.72293 -54.23087 8.373779 -1.676573 -0.426463 -0.289632 -1.843052 -3.483451 -0.288313 -0.964741 2.65127 1.894311 -2.209011 -2.405939 0.705592
1.277069 -56.23087 8.373779 -6.025927 -14.87705 -1.380278 -10.60144 -10.71787 -8.903457 3.70647 5.911285 4.828276 4.363038 -0.236251 0.219994
-10.72293 -44.23087 10.37378 6.47236 3.175155 1.607777 4.061847 -2.597566 3.808282 -4.909576 -0.516972 -1.319688 -2.145053 -3.17931 -0.519014
-12.72293 -44.23087 10.37378 2.79987 0.079177 1.165914 1.502299 -1.624359 3.494692 -2.589204 -0.226089 0.718764 -0.99292 -0.897075 -0.680808
-10.72293 -46.23087 10.37378 8.527754 0.81043 3.605833 3.495745 -2.596981 1.297813 -4.616692 -6.31592 -1.941078 -3.530165 -4.055377 -2.318095
-12.72293 -46.23087 10.37378 3.484177 -1.633484 0.514288 -0.946746 -1.655827 1.86032 -2.334783 -2.865007 -0.52964 -1.752525 -2.052637 -1.838915
-0.722931 -48.23087 10.37378 3.508931 -1.548325 -0.244776 0.168863 1.289986 1.001459 1.673567 -2.196057 1.479832 -0.964508 3.012922 -1.396199
-2.722931 -48.23087 10.37378 3.858074 -0.446977 -0.928483 -0.797694 1.51783 1.401058 -0.408544 -3.240734 0.889836 -2.515947 2.174035 -1.304728
-10.72293 -48.23087 10.37378 9.234406 -1.274949 3.893272 1.41041 0.355453 -1.768501 -4.406029 -8.739904 -1.592484 -5.004642 -2.119249 -3.981411
-2.722931 -50.23087 10.37378 3.801268 3.042078 0.823943 0.294737 1.360612 1.26728 -1.09992 -5.641533 1.095663 -4.242268 1.130282 -3.130427
-10.72293 -50.23087 10.37378 10.18566 2.232888 4.329565 1.229074 2.027088 -3.519317 -3.911594 -9.738764 -0.943575 -7.787772 0.294809 -3.653832
-0.722931 -52.23087 10.37378 -1.950741 9.566257 -0.688883 3.717239 -2.003243 4.218719 -1.424943 -3.936225 -1.163618 -2.369215 -3.53686 -1.324904
-2.722931 -52.23087 10.37378 1.544343 7.645953 0.585497 1.615975 0.8693 3.355645 -2.370304 -6.201371 -0.223579 -5.147801 -2.866709 -2.332846
-10.72293 -52.23087 10.37378 6.616164 2.593871 4.146031 -2.303715 -1.075708 -3.03141 -1.730971 -7.848754 1.183499 -7.718588 2.104659 -2.428455
-12.72293 -52.23087 10.37378 0.244471 4.293357 -1.657286 -0.058329 -1.279258 1.581473 -0.356501 -0.297196 3.485642 -1.833625 0.332512 0.900275
1.277069 -54.23087 10.37378 0.330912 8.83473 -1.100498 2.6818 -1.348288 3.002008 -2.064267 2.018967 -1.80282 -0.243612 -3.069919 -0.250931
-0.722931 -54.23087 10.37378 -0.544746 12.81823 -1.171026 3.17434 -1.136624 5.393119 -3.447873 -2.514972 -1.333831 -3.063574 -4.907132 -0.361688
-2.722931 -54.23087 10.37378 2.71674 10.94606 1.293516 3.236437 1.039976 5.125858 -3.601331 -2.555424 0.799779 -4.112392 -3.776869 0.088892
-12.72293 -54.23087 10.37378 -1.785913 -1.79436 -0.291136 -3.405775 -5.340139 0.989957 -0.756298 -0.897708 3.269304 -5.969011 -1.181769 0.434779
-10.72293 -44.23087 12.37378 3.450848 2.781465 -0.147599 0.718508 -4.278351 3.658684 -5.159772 -2.858487 -0.768693 -2.716066 -2.211658 -1.236796
-10.72293 -46.23087 12.37378 4.27005 1.610085 1.27645 1.450441 -3.848861 1.977668 -4.1785 -3.51128 1.084527 -1.843003 -4.159006 -2.392931
-0.722931 -48.23087 12.37378 3.168373 1.738764 0.763045 2.812652 1.513484 3.490536 -0.151205 0.792769 0.532563 0.096982 2.728923 0.812845
-2.722931 -48.23087 12.37378 3.932621 2.424618 0.777607 1.302278 0.634501 3.551105 -1.372011 1.908128 1.40564 -1.140516 3.100683 -0.465324
-10.72293 -48.23087 12.37378 4.865117 0.159718 1.58637 2.045596 -2.243944 0.656916 -0.783106 -1.34351 3.086153 -1.119761 -3.463047 -2.485166
1.277069 -50.23087 12.37378 2.00287 0.023666 0.85174 2.62871 0.669734 2.157824 -1.768414 1.464056 1.691175 0.359885 2.515274 0.272998
-0.722931 -50.23087 12.37378 3.942847 0.871432 2.998168 4.113125 1.040624 3.057394 -1.231714 -0.088605 0.965196 -0.39883 2.473693 0.185595
-2.722931 -50.23087 12.37378 3.13447 2.185469 1.247953 3.89569 -0.357862 3.300655 -1.095044 -0.391041 0.519327 -0.629513 1.598836 -1.620197
-10.72293 -50.23087 12.37378 5.347705 1.3884 1.997014 4.521145 -1.913221 1.339648 -1.625368 -0.022878 1.806222 -0.894881 -3.151805 -2.092699
-12.72293 -50.23087 12.37378 4.387343 2.389344 0.982992 1.193333 0.791135 1.958329 -1.757803 1.56869 1.382201 -0.624038 -0.541833 -0.55936
-10.72293 -52.23087 12.37378 5.635748 1.631103 2.542517 2.535335 -1.210617 1.340051 -3.590029 -4.238846 0.468239 -3.307719 -1.419167 -1.883658
-12.72293 -52.23087 12.37378 5.782961 -2.061002 1.973078 -1.371262 0.344976 0.090194 -2.229169 -0.404248 1.389118 -1.641356 -0.164584 -0.730643
-10.72293 -44.23087 14.37378 -0.308139 -1.98397 2.695506 -0.479671 -4.00888 -0.43635 -0.812244 2.287781 -0.023141 4.82732 2.019719 0.159438
-10.72293 -46.23087 14.37378 -0.919288 -3.520386 3.286558 -1.021832 -1.848152 -1.359879 0.131328 -0.474678 1.879362 4.331841 0.464879 -0.709124
-12.72293 -46.23087 14.37378 -0.199794 -3.349151 4.154583 -1.044825 -2.757638 -2.237071 0.328843 -1.060987 0.667913 2.155778 0.293038 -2.222291
-8.722931 -48.23087 14.37378 0.064532 -4.339059 2.447006 -2.253993 -1.434763 -0.578751 1.760301 -5.575841 2.904518 -2.673954 0.48581 -1.504263
-10.72293 -48.23087 14.37378 -0.152332 -2.176185 2.601697 -1.035935 -1.730826 -0.62092 1.900043 -2.670304 2.83979 0.265306 -0.95838 -0.773649
-8.722931 -50.23087 14.37378 -0.277754 -6.12671 0.899333 -3.689707 -2.713191 -1.590425 -0.456997 -1.681637 3.580987 -0.539471 -1.418417 -3.005101
-10.72293 -50.23087 14.37378 0.546444 -0.289108 1.556915 -1.660561 -3.862213 -0.164312 -0.532796 0.263815 1.930719 -1.104971 -1.68964 -0.962877
-12.72293 -50.23087 14.37378 1.373018 3.688914 1.096004 -0.092824 -0.976576 0.356387 -0.343656 -1.410535 0.284668 -1.734706 -0.873849 -0.891124
-10.72293 -52.23087 14.37378 2.248417 0.134641 1.083933 0.123531 -2.561126 0.783307 -1.985919 2.099587 2.802615 -0.815954 -0.39545 -1.174094
-12.72293 -52.23087 14.37378 6.722901 2.0151 2.944241 0.144956 0.237669 -1.54519 -3.61049 -1.404319 0.33032 -3.568311 -0.059736 -2.458328
-10.72293 -46.23087 16.37378 0.47269 2.66918 1.938289 1.607774 0.240453 0.218498 -3.345381 6.201558 -0.525621 4.424056 2.348015 -0.810185
-10.72293 -48.23087 16.37378 1.88022 0.037506 4.313125 1.577647 -0.489367 0.236779 -0.744151 1.974357 -0.719239 1.729702 2.351099 -0.151001
-12.72293 -48.23087 16.37378 -0.002235 1.701068 4.057762 1.582963 -0.779305 0.284476 -1.219757 0.918497 -1.705926 0.965074 1.953735 -1.971498
-10.72293 -50.23087 16.37378 2.730278 -0.905365 4.575595 0.115989 -1.571719 -0.384215 -1.089011 -0.269454 -1.460578 -0.918006 1.853063 -0.915949
-12.72293 -50.23087 16.37378 -0.252516 1.696099 2.518285 1.285706 -0.095545 0.617 -1.048641 -1.069411 -1.223109 -0.896599 0.741892 -0.896502
