-4.257126 -9.559364 5.516785 0.912292 0.878098 -1.974937 -0.258582 -1.770387 0.405089 -0.05133 2.257425 -1.296915 -0.070793 -1.890123 -4.965303
-4.257126 -11.55936 5.516785 1.082777 0.341253 -1.366398 0.291428 0.490849 0.414452 -0.179981 1.847789 2.120727 0.211753 -1.941764 -2.005302
-6.257126 -11.55936 5.516785 -1.038753 2.377427 -0.730025 1.251858 -1.490191 0.180886 -0.129021 2.051073 0.37427 -0.998112 -4.352991 -0.951313
3.742874 -13.55936 5.516785 8.968205 1.50557 1.94959 -0.835082 -1.995543 1.696093 -0.04647 0.535105 4.790656 -2.305303 2.131608 0.068708
-4.257126 -13.55936 5.516785 -0.274583 -1.070573 -2.635537 -0.16456 4.584571 -1.003718 -0.916908 0.419538 2.309317 -1.133082 -2.438104 0.34218
-6.257126 -13.55936 5.516785 -2.443906 3.050972 -2.485852 2.209232 -0.17018 2.238598 0.229662 1.308214 0.922777 -0.79317 -1.800189 -0.434636
5.742874 -15.55936 5.516785 2.432821 -0.241698 1.039632 0.418379 0.326046 2.873051 -2.735086 1.951851 -0.735116 1.23634 -3.090198 3.157439
3.742874 -15.55936 5.516785 5.397843 1.756924 0.874918 0.289953 -2.894026 4.621046 -0.962482 -1.591934 4.800303 0.172644 1.039799 2.062938
-4.257126 -15.55936 5.516785 -2.110186 1.901827 -5.131373 0.729612 6.323101 0.46406 -2.412298 2.141695 -1.134928 -4.059668 -2.657471 -0.203166
-6.257126 -15.55936 5.516785 -4.814157 3.906187 -4.78567 2.383093 1.119725 2.105519 -0.315333 -0.271325 -0.146541 -2.410028 -0.225311 -3.991288
-8.257126 -15.55936 5.516785 -2.900509 1.20455 -1.758014 -3.124448 -0.866447 1.222205 -2.574633 -0.580843 0.670795 -0.288021 -1.959907 -4.212165
5.742874 -17.55936 5.516785 0.353902 -0.039503 1.491961 0.623323 0.171611 2.142952 -1.941182 2.641501 -0.845885 1.161088 -4.26862 3.77001
3.742874 -17.55936 5.516785 1.654458 3.05995 0.208421 -0.38255 -2.22254 4.346609 -1.807246 -0.616376 1.830836 0.703661 -1.529564 2.347256
-4.257126 -17.55936 5.516785 -2.158538 4.54013 -5.217973 0.670228 4.231472 1.928808 -3.008644 2.853406 -3.561623 -6.404405 -2.361146 -1.756307
-6.257126 -17.55936 5.516785 -5.962071 4.487205 -4.972734 1.940607 -0.76832 2.578526 -0.411476 -0.107786 -0.397251 -2.188423 0.024624 -3.68283
5.742874 -19.55936 5.516785 -0.952918 1.455707 2.31699 -1.448176 -2.370926 0.218728 -1.549655 2.222507 0.485455 1.033528 -4.950045 4.640224
-2.257126 -19.55936 5.516785 1.604219 1.271776 -4.560441 -3.073555 1.685487 -0.24465 -2.053208 2.27663 -4.120406 -4.378766 -5.219867 -3.287566
-4.257126 -19.55936 5.516785 -0.421769 3.336427 -2.887712 -1.478291 0.156675 0.591348 -1.964087 -0.746605 -2.39712 -5.753049 -2.302355 -1.247785
-6.257126 -19.55936 5.516785 -4.668259 3.963667 -2.748505 0.986091 -3.983059 1.916547 -0.100394 0.653165 0.696627 -0.504194 -0.599477 0.297335
5.742874 -21.55936 5.516785 2.353443 1.492575 2.491645 -1.685902 -1.193731 -1.884369 -1.505175 1.426192 2.116768 -0.463783 -2.654174 2.202694
3.742874 -21.55936 5.516785 2.337006 2.792577 1.606615 -3.552408 2.500828 -2.614398 2.392693 0.976801 3.193739 -1.768832 -0.581121 -0.242603
-2.257126 -21.55936 5.516785 4.327168 2.304383 -4.116428 -2.119168 0.658914 1.443569 -1.08225 0.974508 -2.188576 -2.258728 -3.737636 -1.677307
-4.257126 -21.55936 5.516785 1.036254 2.47853 -1.822675 -2.006452 -1.407202 -0.025383 -0.98682 -1.826808 0.061069 -5.003768 -3.452236 -0.397893
-2.257126 -9.559364 7.516785 -2.737255 0.267253 -6.771018 2.531573 -0.608504 4.023662 -4.14114 4.092327 -4.030707 5.098808 -4.639616 -8.852276
-4.257126 -9.559364 7.516785 1.376028 1.315563 -3.674832 -3.005764 0.528774 0.27005 -0.95567 -0.455073 -2.593262 0.845698 -2.374736 -5.459968
-6.257126 -9.559364 7.516785 -2.178904 -0.322463 -3.617217 0.143187 -0.540363 -1.881256 -2.796019 1.627281 -4.349877 0.511467 -5.04471 -1.08463
-2.257126 -11.55936 7.516785 -5.193997 0.845563 -5.950066 3.512016 -1.385371 4.909386 -1.051041 3.169919 -1.825077 3.795587 -1.635791 -6.62397
-4.257126 -11.55936 7.516785 -3.278899 2.484287 -2.141759 -1.447435 -0.838525 4.548319 -0.317801 -0.519943 0.016836 -0.02062 -0.428652 -3.383797
-6.257126 -11.55936 7.516785 -5.408787 -1.40684 -4.031777 0.537012 -2.726576 0.142159 -2.00501 1.306012 -3.180528 -0.300271 -3.489587 -0.539473
5.742874 -13.55936 7.516785 3.150676 2.618695 3.499553 -3.311323 0.720894 1.100401 -0.678007 -3.003559 -1.803097 -1.788461 0.618496 4.178053
3.742874 -13.55936 7.516785 3.004576 1.072774 -0.205762 -1.709023 -0.200803 2.818901 0.72554 -2.021802 0.057391 -2.260118 0.516858 4.488806
-4.257126 -13.55936 7.516785 -6.102628 2.393739 -2.293078 -0.08213 0.817181 5.940376 0.437824 0.036999 0.196475 -0.938722 0.172434 0.228798
-6.257126 -13.55936 7.516785 -4.215129 -0.295248 -3.591817 1.020791 -0.254299 2.96775 -0.666214 1.534302 -1.883809 -0.454688 -0.104592 0.196712
5.742874 -15.55936 7.516785 3.181286 2.478854 3.791648 -2.932736 1.595886 1.927173 0.065629 0.299194 -0.946092 -1.269054 1.493544 5.870928
3.742874 -15.55936 7.516785 2.770489 1.558526 -1.10466 -0.964351 -1.14572 3.532085 0.464861 -1.004757 2.805805 -0.0379 2.770816 5.365231
-4.257126 -15.55936 7.516785 -6.48526 3.482501 -3.904509 1.727728 2.051702 5.909389 0.215305 2.801121 -1.054384 -0.224307 -0.471307 3.228163
-6.257126 -15.55936 7.516785 -2.929288 2.650359 -3.140181 2.092888 1.609905 5.556396 0.032448 2.144527 -1.521112 0.810409 1.147044 0.854166
-8.257126 -15.55936 7.516785 -4.238703 -0.244708 -2.599607 -2.063843 -0.18514 1.871849 -1.853542 0.218461 -0.470219 0.096446 1.236222 -0.609134
5.742874 -17.55936 7.516785 1.60564 3.469291 2.106063 -1.054728 -0.335165 1.904915 0.603664 2.784242 -0.615326 1.816506 -0.164126 5.329201
3.742874 -17.55936 7.516785 0.817461 3.025545 -1.931519 -0.106198 -1.870512 1.914653 -0.492286 -0.2282 1.993349 1.810653 0.697705 3.921547
1.742874 -17.55936 7.516785 4.6622 5.006979 -2.551848 1.207022 0.719971 -0.753245 2.375404 -0.132732 3.751771 -0.226121 0.743037 1.733534
-4.257126 -17.55936 7.516785 -4.978083 1.069788 -4.486776 1.733359 0.237593 5.926874 -0.622881 2.964886 -1.701687 -1.326589 -0.799093 3.380817
-6.257126 -17.55936 7.516785 -3.15252 1.944067 -2.836432 1.866736 -0.291242 7.129072 -0.413433 1.694637 -1.896228 1.781177 -0.774555 1.752122
-8.257126 -17.55936 7.516785 -2.512876 0.696513 0.140882 -0.424772 0.934059 2.727755 -0.435222 1.41277 0.61674 1.316483 3.398077 1.19008
5.742874 -19.55936 7.516785 0.57862 3.8408 0.520902 -0.579801 -2.678603 0.503791 1.226221 1.326062 0.645027 3.735248 -2.57621 4.143031
3.742874 -19.55936 7.516785 0.484435 3.805808 -0.845891 -1.634796 -0.893762 -0.665724 0.645319 0.558339 -0.284466 2.125518 -2.07892 2.017749
1.742874 -19.55936 7.516785 2.575306 4.454883 -1.395985 -0.434058 -0.405216 -3.42746 2.573835 2.423682 -0.458969 1.704483 0.048342 1.02052
-4.257126 -19.55936 7.516785 -1.657396 -2.465536 -2.992656 -0.239282 -2.149295 4.220852 -0.738909 -0.437551 -2.275518 -3.278705 -0.423895 0.819882
-6.257126 -19.55936 7.516785 -2.855923 -0.650847 -2.899715 -0.460747 -2.455621 4.781899 -1.275063 0.244959 -2.40488 0.591131 -2.860578 1.179593
5.742874 -21.55936 7.516785 3.14335 3.368728 1.438761 0.231636 -0.915544 -0.785164 1.541833 0.92636 2.982729 0.665365 -1.538336 2.381769
3.742874 -21.55936 7.516785 4.240843 2.096841 2.228961 -1.965916 2.42741 -3.580384 1.766612 -0.920788 0.383161 -1.550673 0.133216 -1.381244
1.742874 -21.55936 7.516785 3.773091 2.786966 2.66917 0.386755 1.147965 -2.549868 2.417615 2.078508 -0.507892 0.296797 2.265397 -1.723243
-2.257126 -21.55936 7.516785 4.428977 4.530686 -1.035299 3.877769 0.870615 6.089047 1.177883 3.784305 -1.956375 -0.451126 -1.2887 1.41519
-4.257126 -21.55936 7.516785 1.212443 0.676894 -1.143763 -0.977382 -1.235967 2.862125 0.219323 -0.62979 -2.53346 -1.153864 -0.913019 0.427721
-6.257126 -21.55936 7.516785 -0.607219 0.808478 -2.445075 -1.342173 -0.296756 0.402297 -0.49849 0.658715 -2.066202 -0.975951 -2.086665 0.204394
5.742874 -23.55936 7.516785 4.653335 1.679608 2.857357 1.705413 0.913827 -1.254503 -0.457867 1.910356 0.77544 -1.588533 1.82671 2.397619
3.742874 -23.55936 7.516785 5.019773 0.448293 3.050422 0.353552 1.760286 -2.127025 0.325017 0.356216 0.165595 -2.508193 3.81576 -1.57735
-6.257126 -23.55936 7.516785 2.544916 0.330251 -0.708206 -1.000017 3.063877 -0.357571 0.824459 0.819408 -1.117138 -1.63299 -1.086438 0.940761
3.742874 -25.55936 7.516785 3.411145 0.210044 2.099241 0.451214 -0.048159 1.355738 -2.251905 0.807459 -2.094629 -0.206662 1.957938 0.710827
-4.257126 -9.559364 9.516785 -0.423493 -1.6408 -3.823379 -1.535513 -0.791799 -1.265285 -1.873039 -1.54875 -2.193966 -0.367918 -4.181986 -2.290861
-6.257126 -9.559364 9.516785 -3.137679 -2.918829 -2.427257 0.733342 -1.028362 -0.842232 -3.246018 -2.145138 -3.845502 1.612435 -4.939968 0.002599
-4.257126 -11.55936 9.516785 -3.795637 1.735649 -3.549605 -0.709746 -0.706917 3.242348 -1.493633 -1.100188 -0.939237 -1.809883 -2.336221 -1.069709
-6.257126 -11.55936 9.516785 -4.123312 -2.923367 -3.57851 0.266565 0.257691 0.100618 -1.19943 -1.317974 -2.164498 0.540111 -2.887584 -1.215698
3.742874 -13.55936 9.516785 2.234064 0.597783 -1.674333 -1.02355 -0.06773 1.55116 -0.308752 -2.448233 -2.361965 -3.022803 -1.282976 -0.89674
1.742874 -13.55936 9.516785 3.743155 1.148888 -0.786177 0.709434 3.892748 -0.898152 1.956862 -2.011578 4.312422 -1.52051 2.339895 0.099358
-2.257126 -13.55936 9.516785 -8.364389 1.583981 -6.276338 2.000367 -2.78574 -2.159714 -1.932146 0.76981 -0.493539 -3.400765 -3.913625 -3.345723
-4.257126 -13.55936 9.516785 -6.137249 3.117545 -1.858617 0.543457 -1.027801 4.64618 -1.492972 -0.262195 -0.524418 -1.315821 -1.86924 0.393657
3.742874 -15.55936 9.516785 -0.40806 -1.824921 -0.357944 -1.086998 -0.915336 -2.29342 -0.590415 -1.242906 -1.488385 -2.123689 -1.543266 0.088185
1.742874 -15.55936 9.516785 5.614808 -1.564828 2.444265 0.457603 3.101813 -1.20441 1.546539 -1.374924 4.600483 0.150316 1.024259 1.074675
-4.257126 -15.55936 9.516785 -6.290746 4.129432 -0.9036 2.200157 -1.188902 2.622366 -0.950481 1.878797 0.117272 1.976735 -1.744456 1.898287
1.742874 -17.55936 9.516785 4.334793 1.106967 0.943219 0.323571 1.039749 -0.874941 0.73038 0.944462 0.945788 0.176724 -2.67424 -1.186923
-4.257126 -17.55936 9.516785 -6.022413 3.481591 -2.512245 2.31416 -2.865251 2.209023 -0.507629 2.087614 0.930599 2.049789 -0.663669 2.923702
-6.257126 -17.55936 9.516785 -1.126904 2.89114 -2.152079 2.044436 0.349684 2.779427 -2.05525 2.12837 0.274509 5.335466 0.74102 2.663969
1.742874 -19.55936 9.516785 1.870876 2.743101 -0.570203 -1.958828 0.158419 -2.772133 0.528421 2.266078 -1.46621 0.832868 -3.639786 -3.23863
-4.257126 -19.55936 9.516785 -5.474339 1.272092 -3.993842 0.723842 -5.614521 4.130145 -1.121973 0.857721 0.335733 -1.119027 0.626111 1.870507
-6.257126 -19.55936 9.516785 -1.198047 1.19075 -1.603934 1.060692 -1.832895 2.093342 -3.051661 -0.405558 0.585361 3.785534 0.045384 1.939689
3.742874 -21.55936 9.516785 -0.130866 0.405261 0.525042 -0.359428 -0.154267 -1.615631 1.048571 -0.310042 0.230344 -1.410854 -1.141186 -3.92755
1.742874 -21.55936 9.516785 0.305946 -0.335688 1.694301 -2.189534 -0.604512 -4.617992 -0.140848 0.605627 -0.309042 -1.332286 -1.47737 -5.358371
-4.257126 -21.55936 9.516785 -4.291138 1.3342 -3.29877 0.300018 -5.139027 3.31047 -2.764928 1.435027 -1.99394 -0.05209 -0.960845 -0.733623
-6.257126 -21.55936 9.516785 -0.222511 -0.276524 -0.517205 -2.647922 -0.262698 -0.526565 -3.481494 -0.139503 -0.604621 0.250345 -1.100557 -1.241811
-8.257126 -21.55936 9.516785 2.10757 0.936703 -0.436358 -1.611984 1.103429 -1.513644 -2.074116 1.205266 0.042933 -0.491913 0.126433 0.916373
3.742874 -23.55936 9.516785 2.913872 -0.730611 2.943954 -0.568308 0.168685 -3.220379 -0.388277 0.637554 3.183375 -4.337544 0.557253 -4.197567
1.742874 -23.55936 9.516785 1.570424 -1.081643 2.077744 -0.384885 -1.44045 -1.822278 -1.908348 1.467282 -0.4276 -1.019058 -0.739734 -3.92972
-6.257126 -23.55936 9.516785 0.451927 0.925189 1.321104 -2.707703 1.797787 0.536892 -1.639584 0.912839 -0.122467 -1.349604 -2.795322 0.84574
3.742874 -25.55936 9.516785 4.461655 -1.993613 3.912131 0.084094 0.336951 -0.208079 -2.515701 -0.405239 -0.060913 -3.68263 -1.363806 -0.518455
-4.257126 -9.559364 11.51678 3.263988 -2.454674 0.27292 -1.561068 -1.183465 0.452898 -0.042351 1.936826 -2.054375 -2.496975 -4.523888 -0.837119
-6.257126 -9.559364 11.51678 -4.584159 -1.050892 1.159508 0.007033 -2.741164 1.772539 -2.766721 -2.904706 -2.999779 0.423761 -5.295402 0.025389
-4.257126 -11.55936 11.51678 -0.798795 1.570605 -4.109783 -0.959011 -1.544541 1.87582 1.201524 2.787709 -1.604215 -4.228554 -2.040452 1.228049
-6.257126 -11.55936 11.51678 -3.322057 -0.145595 -1.535543 -0.418796 -2.362676 2.969316 1.078865 -0.862654 -1.557273 -1.210517 -0.912605 -0.726056
-8.257126 -11.55936 11.51678 -1.031884 -3.536613 0.812474 1.266075 -4.890619 2.928331 1.959888 2.086666 1.136679 3.866471 -1.446114 1.912711
5.742874 -13.55936 11.51678 -2.39139 2.996388 -2.017699 0.385441 -6.057803 2.607477 -2.082197 -1.941405 -2.122592 1.714674 -1.419836 -0.075299
-4.257126 -13.55936 11.51678 -3.992561 3.408147 -3.487245 1.570558 -2.82204 1.596028 1.111745 2.340613 -0.016941 -2.794248 0.171799 2.524431
-6.257126 -13.55936 11.51678 -1.038064 0.97876 -2.275845 0.173373 -0.954086 3.324704 1.923961 1.785251 -1.00271 -1.223307 3.269928 -1.243687
-8.257126 -13.55936 11.51678 1.327341 -1.583844 0.845303 -0.675857 -0.270613 4.487421 1.642054 1.450934 0.087134 3.082545 0.401097 -1.761025
7.742874 -15.55936 11.51678 -0.661976 3.38899 -2.413151 -0.489803 -1.830279 -0.811817 -4.785906 -0.593108 -2.836167 -1.559647 -2.268902 -2.567479
5.742874 -15.55936 11.51678 -1.753837 1.610498 -2.095453 -0.230133 -3.663862 0.38918 -4.717896 -2.519914 -3.448165 1.809271 -5.057554 -1.096342
3.742874 -15.55936 11.51678 -0.81989 0.205998 1.977079 0.728437 -2.692213 -2.226108 -1.932297 -0.556731 -1.525033 -0.548805 -1.386768 -0.56878
1.742874 -15.55936 11.51678 1.103467 -0.871038 3.984005 3.199212 2.432668 0.926271 0.78694 0.636806 3.456769 1.006937 -0.455884 0.725024
-4.257126 -15.55936 11.51678 -1.622849 1.584316 2.217661 3.175684 -1.163734 0.964956 1.009907 1.08498 1.431087 2.225948 0.615023 2.921548
-6.257126 -15.55936 11.51678 -0.117157 1.383898 0.547401 1.294802 0.870919 3.072514 -0.25951 1.982401 -1.358721 1.973552 3.837832 0.053081
-8.257126 -15.55936 11.51678 -0.570199 2.042397 0.845974 -1.448295 3.018651 4.63783 -1.535142 -0.358197 -1.625902 1.594658 0.869807 -2.664248
7.742874 -17.55936 11.51678 0.770545 2.909557 -0.566714 0.711102 -3.288177 -0.778911 -5.198729 0.26526 -1.650745 -3.434365 -0.999974 -2.710855
5.742874 -17.55936 11.51678 2.110202 0.086941 -0.827492 1.064162 -1.824804 -2.408243 -3.11229 -1.472304 -2.236847 2.117745 -1.919604 -2.45794
3.742874 -17.55936 11.51678 0.596519 -1.075886 1.781844 1.144185 -0.47051 -4.914051 -1.388435 -1.392797 -1.843361 -0.23206 -1.693718 -3.022941
1.742874 -17.55936 11.51678 1.412482 2.352058 2.018327 0.420455 1.164873 1.769467 -0.389526 1.368842 2.258568 0.367393 -2.614932 -3.765084
-4.257126 -17.55936 11.51678 0.588547 1.308961 3.643518 2.503213 1.583013 2.817024 0.471266 -0.644861 0.03856 3.840168 0.386087 1.9637
-6.257126 -17.55936 11.51678 -1.435788 0.758604 3.309797 2.241632 1.183285 1.826197 -1.390911 0.168977 -0.687536 4.473493 2.156216 1.361686
-8.257126 -17.55936 11.51678 -3.880965 1.953583 0.683536 -0.161209 1.414888 1.848814 -3.221943 -2.143398 -2.099694 1.751583 0.465958 -0.720876
1.742874 -19.55936 11.51678 1.426591 3.21178 -0.492131 -1.667094 -0.387311 3.433042 0.64084 1.328647 1.427181 -0.296786 -2.772778 -3.816061
-4.257126 -19.55936 11.51678 -0.857196 2.244998 1.902743 1.44793 -0.734277 6.043831 -0.08703 -0.874067 -1.053944 2.105212 2.060822 1.235474
-6.257126 -19.55936 11.51678 -2.805453 0.640087 3.133032 2.443868 -2.269196 1.701904 -1.110013 -1.542819 0.525511 3.485831 0.740407 1.291041
-8.257126 -19.55936 11.51678 -2.667492 -0.717478 0.306468 0.9472 -0.596899 -1.974959 -2.246428 -2.907712 -1.282408 2.154722 -1.171363 0.119328
3.742874 -21.55936 11.51678 -1.21151 0.987317 -0.152703 1.258663 -2.780822 1.349147 0.203664 0.501972 2.080135 -0.100562 -0.526163 -0.785985
1.742874 -21.55936 11.51678 0.045285 1.05191 -0.265464 -3.160357 -2.679471 1.22205 0.69247 -1.090346 1.494708 -0.302998 -1.893787 -2.199996
5.742874 -23.55936 11.51678 0.061738 -0.567077 -1.073334 -0.102446 -2.397914 -2.288696 -0.768858 0.074722 1.418988 -3.162753 -1.511763 -0.757262
3.742874 -23.55936 11.51678 -0.626203 -1.1062 0.305323 -0.401292 -2.224884 0.499765 0.073281 0.834835 3.12019 -2.500659 -0.644946 -1.197185
1.742874 -23.55936 11.51678 -0.244992 -0.528649 -0.445275 -0.327976 -3.70933 1.185172 -1.270976 0.86988 -0.505657 0.961189 -2.049483 -1.691721
3.742874 -25.55936 11.51678 0.95372 -0.015202 2.405676 1.749056 -0.59863 1.546321 -2.354631 1.689398 0.452529 -0.442978 -2.848405 0.346189
5.742874 -13.55936 13.51678 -1.792376 0.334481 -1.94953 1.345401 -4.592998 -0.940633 -2.384214 0.420275 -0.679376 1.462645 -3.618623 1.988231
-8.257126 -13.55936 13.51678 -2.306504 -1.918914 -2.350698 -1.75122 -2.832146 4.330965 -1.061814 0.49553 -0.700683 -0.130751 -1.144515 -0.881859
-10.25713 -13.55936 13.51678 2.070525 -0.923466 -0.884938 -0.78424 -0.349656 1.703181 -1.592659 0.835201 -0.01997 1.664234 -1.385517 0.902665
5.742874 -15.55936 13.51678 2.20735 -0.83495 -0.08501 -1.239301 -3.233794 -0.189169 -3.84922 -0.035188 -3.210737 0.827331 -3.250716 1.05844
-8.257126 -15.55936 13.51678 -1.719112 -0.6241 -1.024996 -1.447903 -0.690948 2.717712 -3.085411 -1.522614 -2.540673 -0.1391 -1.221521 -0.505146
-10.25713 -15.55936 13.51678 -0.168092 -0.896056 -0.923242 -0.879417 -0.827324 1.956612 -2.2083 -0.503667 -1.554518 0.937713 -2.20031 1.409166
7.742874 -17.55936 13.51678 4.45225 2.42147 -0.401138 -2.267998 -3.091489 0.415901 -1.43036 -1.062592 0.317326 -5.200236 1.440428 -2.714766
5.742874 -17.55936 13.51678 3.59677 -0.658124 -0.985835 -0.903963 -2.037344 0.484142 -1.9262 0.468431 -1.99148 -0.069052 -0.720039 0.440814
3.742874 -17.55936 13.51678 1.282147 1.482524 0.206149 0.055547 -2.911879 1.617363 -1.257749 -0.800436 -0.21016 -1.033829 1.583627 -0.618193
-6.257126 -17.55936 13.51678 3.169755 -0.291815 3.612943 1.221099 3.044695 3.279659 -0.961255 -1.202377 -0.10545 -0.255811 3.254 2.74113
-8.257126 -17.55936 13.51678 -1.693935 1.827701 -0.496414 0.689391 -1.758878 1.70668 -4.330619 -3.010801 -2.334559 0.169827 -0.139489 0.413386
-10.25713 -17.55936 13.51678 -2.980649 0.693496 -2.612193 0.970141 -2.761051 2.027168 -2.265684 0.005017 -3.244997 1.827925 -2.133065 3.295758
7.742874 -19.55936 13.51678 4.845945 0.887003 -1.476401 -0.148992 -1.941989 0.528461 -1.739326 -1.645681 -0.258239 -2.447329 -0.261366 -1.139432
5.742874 -19.55936 13.51678 4.564607 0.15284 -2.674316 1.565278 -2.080945 -0.559543 0.504529 0.046496 0.685283 -0.860628 0.16703 0.192234
3.742874 -19.55936 13.51678 1.201614 0.561293 -1.78953 1.800139 -2.668418 0.850154 1.270198 0.71164 0.358565 -1.135164 1.837382 -0.528986
1.742874 -19.55936 13.51678 1.092393 3.184778 -1.371148 -0.277873 -0.083337 3.674122 3.333954 2.812322 2.796265 -1.005787 2.000321 -2.539915
-6.257126 -19.55936 13.51678 0.602251 -1.064097 -0.512857 0.114853 -0.499468 1.642292 -2.119449 -2.639633 -0.995495 -1.174288 0.566351 0.748808
-8.257126 -19.55936 13.51678 -0.305915 0.790809 -1.14883 -0.017581 -3.99133 0.311652 -5.086029 -5.036122 -2.342843 -1.140102 -2.125356 -3.632476
-10.25713 -19.55936 13.51678 -1.966825 1.644026 -2.282403 0.191423 -3.344389 0.753577 -3.096278 -1.439146 -5.013161 0.554675 -2.887513 -1.244905
5.742874 -21.55936 13.51678 3.65008 1.048948 -1.233405 -0.122874 -1.511739 0.314741 0.344889 -1.328073 1.177535 -1.332654 -2.254401 -1.293303
3.742874 -21.55936 13.51678 0.006735 1.67696 -0.987937 0.480278 -2.849201 1.114388 1.663084 0.722441 0.440029 -0.998722 -0.593774 -1.683734
1.742874 -21.55936 13.51678 2.338773 4.148008 0.173316 0.367848 0.189975 3.306276 2.735502 2.933408 3.552518 0.791337 1.325572 -0.182846
-6.257126 -21.55936 13.51678 -2.041326 0.46309 -3.572617 -0.188731 -1.864104 0.505266 -1.764109 -2.630569 -1.619871 -0.751358 -2.076341 -1.127358
-8.257126 -21.55936 13.51678 -0.000541 0.341078 -1.791688 -0.992479 -3.438514 -0.340619 -3.841443 -3.803738 -1.463881 -1.619434 -3.915403 -5.679869
-10.25713 -21.55936 13.51678 -1.01393 0.209691 -1.830141 -1.166057 -4.851382 -0.252587 -3.327355 -2.596923 -4.506857 -1.313933 -3.00812 -4.468762
3.742874 -23.55936 13.51678 -0.60543 1.162385 -0.809728 0.262706 -2.506402 0.411103 0.670214 0.121794 -0.199881 -0.286459 -2.316745 -0.742511
7.742874 -19.55936 15.51678 4.267146 -0.26169 -0.831453 -1.930314 1.195627 -1.187554 -1.853481 -1.179708 0.603683 -1.75892 -2.375259 -2.421063
3.742874 -19.55936 15.51678 -1.810272 0.265987 -3.22546 -1.436147 -2.349529 -0.39498 -0.179482 0.35697 -1.70683 -2.461201 -4.09413 -2.613735
7.742874 -21.55936 15.51678 4.393145 -0.939296 -1.463793 -0.013352 1.607473 0.671153 -2.275429 -1.7775 1.024902 -0.67771 -2.654822 -0.705079
