-0.937744 -16.81882 -6.991341 0.053198 -0.694382 2.712175 0.138548 7.296282 4.116475
5.062256 -26.81882 -6.991341 -0.599477 1.764294 -1.014686 1.036369 -2.870985 -1.533948
7.062256 -30.81882 -6.991341 -1.160206 2.560799 -1.040308 3.051083 -5.253906 -1.695405
5.062256 -30.81882 -6.991341 -1.596349 0.684711 -1.212484 1.869366 -2.835522 -0.235524
-0.937744 -14.81882 -4.991341 -1.827471 0.523347 8.756573 8.843455 -0.154472 -1.667802
-0.937744 -16.81882 -4.991341 -4.097022 -2.793905 5.762843 4.593134 0.764047 -2.248452
1.062256 -18.81882 -4.991341 -1.233192 -0.864852 0.192003 0.717717 -0.168719 -0.8605
-0.937744 -18.81882 -4.991341 -4.179083 -4.211287 -0.145266 -4.240923 0.767659 -2.988487
-0.937744 -20.81882 -4.991341 -3.121315 -3.467534 -3.311994 -7.755139 -0.813149 -3.857395
-0.937744 -22.81882 -4.991341 -1.678355 -3.137199 -3.485044 -5.806926 -0.208777 -2.382045
5.062256 -26.81882 -4.991341 1.652313 2.577451 1.297836 1.338149 -0.21666 -0.397046
3.062256 -26.81882 -4.991341 2.15358 3.664076 0.030789 1.596547 -3.764155 -1.831452
5.062256 -28.81882 -4.991341 -1.480858 -1.353804 -3.929825 -5.706118 -2.795848 -2.362194
7.062256 -30.81882 -4.991341 -3.304987 -2.398985 -3.151744 -3.786477 -3.904912 -2.776507
5.062256 -30.81882 -4.991341 -3.258769 -2.037377 -2.640647 -2.969165 -3.553655 -2.653025
7.062256 -32.81882 -4.991341 -2.5458 -0.349915 -0.015733 0.493299 -3.393832 -1.113224
5.062256 -32.81882 -4.991341 -2.236729 -0.777695 1.171892 0.343326 -1.85225 -0.512433
7.062256 -34.81882 -4.991341 -1.056206 0.02169 -0.064761 2.103332 -5.323451 -1.819474
5.062256 -34.81882 -4.991341 -1.784714 -1.812933 0.491475 1.079977 -1.918489 -0.034753
7.062256 -36.81882 -4.991341 -0.846316 -0.744807 0.375362 1.660358 -0.424156 -0.032726
-0.937744 -12.81882 -2.991341 -4.691134 -3.415616 -4.599682 -2.670547 -2.740662 -3.089189
-2.937744 -12.81882 -2.991341 -1.970833 -0.302223 -1.475501 -1.895047 2.550357 0.545438
5.062256 -14.81882 -2.991341 -2.652387 -1.512118 2.176828 3.517983 -0.907337 -0.836262
3.062256 -14.81882 -2.991341 -4.555834 -3.588326 -0.593292 0.010182 -2.537073 -3.899028
-0.937744 -14.81882 -2.991341 -4.916225 -2.163831 -0.281006 2.710125 -3.780442 -4.486888
-2.937744 -14.81882 -2.991341 -2.750475 -0.125912 1.005469 2.408731 2.22263 0.862188
5.062256 -16.81882 -2.991341 -2.619179 -0.695227 1.349993 4.525657 -3.702191 -2.41285
3.062256 -16.81882 -2.991341 -3.364724 -1.197393 -1.279087 3.210391 -3.557829 -2.350593
-0.937744 -16.81882 -2.991341 -5.558002 -3.646892 0.128252 0.987591 -3.074133 -4.761497
-2.937744 -16.81882 -2.991341 -3.828118 -3.076713 3.709495 5.763881 2.157954 1.268744
5.062256 -18.81882 -2.991341 -4.553228 -2.782275 -0.612669 2.749649 -6.005515 -3.783607
3.062256 -18.81882 -2.991341 -1.574358 -0.062703 0.408909 5.542561 -2.209069 -0.157139
-0.937744 -18.81882 -2.991341 -4.754543 -5.209303 -2.063075 -5.18699 -1.34407 -4.043981
-2.937744 -18.81882 -2.991341 -4.535922 -5.703157 3.713172 4.739538 1.839239 1.22679
5.062256 -20.81882 -2.991341 -5.441047 -4.509393 -4.049766 -2.395517 -6.494761 -4.335411
3.062256 -20.81882 -2.991341 -2.118354 -2.418388 -0.949037 1.293322 -3.138017 -1.640839
1.062256 -20.81882 -2.991341 -1.450328 -3.081563 -1.779098 -2.668028 -2.570889 -2.830565
-0.937744 -20.81882 -2.991341 -2.122809 -4.023666 -1.106387 -5.837801 -1.007443 -3.467784
-2.937744 -20.81882 -2.991341 -2.784337 -3.98485 1.336825 0.5019 -0.267036 -0.706269
5.062256 -22.81882 -2.991341 -2.297928 -2.447685 -4.907305 -5.52774 -2.784664 -2.375469
3.062256 -22.81882 -2.991341 -2.722623 -4.526601 -3.841285 -3.885324 -5.171581 -4.427917
-0.937744 -22.81882 -2.991341 -0.526259 -2.340988 1.075798 -1.021202 -2.815207 -3.087828
5.062256 -24.81882 -2.991341 0.073526 0.366876 -1.954003 -2.34784 1.122298 0.909222
3.062256 -24.81882 -2.991341 -0.117595 -1.106141 -2.172416 -2.081226 -3.454183 -2.566813
-0.937744 -24.81882 -2.991341 -2.71733 -4.449467 -2.959195 -2.800206 -4.299251 -2.909992
5.062256 -26.81882 -2.991341 0.24385 1.466548 -1.003978 -0.212536 0.597938 0.684359
1.062256 -26.81882 -2.991341 2.057026 2.386904 0.691577 0.689397 -0.441176 0.69383
-0.937744 -26.81882 -2.991341 -1.653504 -2.511539 -2.124578 -2.544173 -2.8668 -1.545491
7.062256 -28.81882 -2.991341 -0.595922 -1.231237 -1.023018 -4.290607 2.047294 -0.231825
5.062256 -28.81882 -2.991341 1.619837 1.412346 0.023841 -2.781643 1.64262 0.147943
-0.937744 -28.81882 -2.991341 1.775216 1.563114 -0.21036 -1.020169 0.603526 0.986037
7.062256 -30.81882 -2.991341 -1.52162 -2.290229 -1.546672 -4.615197 0.570451 -0.448366
5.062256 -30.81882 -2.991341 -0.156434 -0.121237 -0.125346 -2.875558 0.133205 -0.504645
5.062256 -32.81882 -2.991341 -1.282284 -0.294811 0.988072 -0.025592 0.225147 0.432199
9.062256 -34.81882 -2.991341 0.121718 0.228569 0.030118 0.733828 -3.999142 -2.307997
5.062256 -34.81882 -2.991341 -1.963863 -0.544342 2.887846 4.030344 -0.04376 1.354967
9.062256 -36.81882 -2.991341 1.342425 0.851371 0.678233 0.563708 -2.17981 -2.286103
7.062256 -36.81882 -2.991341 -0.120098 0.281606 -0.772757 0.59411 -1.49102 -1.103013
5.062256 -36.81882 -2.991341 -0.625463 -0.841324 2.697264 3.113532 0.751962 1.317055
7.062256 -38.81882 -2.991341 1.881238 2.523805 2.306136 3.645133 0.542273 0.495799
5.062256 -38.81882 -2.991341 2.612561 3.061919 3.167772 3.39442 0.432486 0.789105
7.062256 -40.81882 -2.991341 0.632664 1.283696 1.906023 2.250029 -0.265213 0.228552
7.062256 -14.81882 -0.991341 -4.855156 -5.660602 -6.418766 -7.52398 -4.212786 -2.307582
5.062256 -14.81882 -0.991341 -6.028875 -3.03262 -2.211426 -0.182358 -4.193572 -1.828329
3.062256 -14.81882 -0.991341 -4.46183 -5.925985 0.36022 -1.265076 -2.679328 -3.257907
-0.937744 -14.81882 -0.991341 -5.506529 -2.27768 -7.223427 -4.585052 -5.945992 -4.339727
-2.937744 -14.81882 -0.991341 -5.110994 -4.33212 -6.117873 -6.542473 -6.083114 -6.786816
7.062256 -16.81882 -0.991341 -2.709806 -2.496384 -2.401485 -2.668809 -3.792102 -2.345309
5.062256 -16.81882 -0.991341 -4.711922 -1.77494 -3.801697 -2.25719 -5.707837 -3.737939
3.062256 -16.81882 -0.991341 -3.10383 -3.144951 -5.319676 -4.966892 -5.031096 -3.129346
-0.937744 -16.81882 -0.991341 -3.623626 -1.424678 -5.100155 -4.177718 -5.339126 -4.172128
-2.937744 -16.81882 -0.991341 -3.708593 -4.350575 -1.326282 -1.114312 -1.002517 -2.616445
-4.937744 -16.81882 -0.991341 -2.686281 -3.312037 -7.396374 -5.827882 1.121947 1.526009
7.062256 -18.81882 -0.991341 -2.902657 -3.321041 -0.177537 0.769351 -2.969495 -2.578667
5.062256 -18.81882 -0.991341 -5.797112 -4.364405 -5.138108 -4.446586 -6.455063 -5.164079
3.062256 -18.81882 -0.991341 -1.467815 -0.919691 -5.657092 -4.495766 -4.775075 -1.954972
-0.937744 -18.81882 -0.991341 -0.110269 0.652121 -1.899107 -2.209755 -2.888685 -2.255211
-2.937744 -18.81882 -0.991341 -3.345756 -5.342761 1.987625 2.685701 2.113736 0.80898
-4.937744 -18.81882 -0.991341 -5.748546 -7.284798 -4.673872 -3.524251 1.196238 0.754093
7.062256 -20.81882 -0.991341 -5.745448 -6.604642 -3.942396 -1.754047 -5.562898 -4.093575
5.062256 -20.81882 -0.991341 -6.30078 -6.826713 -5.98911 -6.850561 -5.146432 -5.138187
3.062256 -20.81882 -0.991341 -1.800845 -2.243776 -4.048889 -4.728069 -3.314856 -2.208675
-0.937744 -20.81882 -0.991341 2.741454 1.897734 1.834894 0.691988 0.038501 -0.601242
-2.937744 -20.81882 -0.991341 -3.621729 -6.144898 1.403054 1.491522 0.613282 -0.097569
-4.937744 -20.81882 -0.991341 -7.727151 -9.226876 -3.035866 -2.896641 -1.648308 -1.1619
7.062256 -22.81882 -0.991341 -4.783289 -4.737164 -8.046589 -7.155177 -5.031205 -3.313928
5.062256 -22.81882 -0.991341 -2.324767 -4.162396 -3.682587 -4.841482 -1.373242 -2.660554
3.062256 -22.81882 -0.991341 -1.897154 -3.637534 -2.509946 -2.893162 -2.220943 -2.969632
-0.937744 -22.81882 -0.991341 3.646742 2.209774 4.375643 3.382784 0.748603 0.244513
-2.937744 -22.81882 -0.991341 -0.248368 -2.10941 0.302059 0.161391 -3.635669 -2.768454
-4.937744 -22.81882 -0.991341 -5.238102 -6.55587 -3.954831 -4.650654 -5.3678 -3.313364
5.062256 -24.81882 -0.991341 0.343174 -0.851241 -1.552901 -0.287332 0.722983 0.26704
3.062256 -24.81882 -0.991341 0.294455 -0.51427 0.174778 2.843269 -0.287208 -0.469401
-0.937744 -24.81882 -0.991341 0.553032 0.18239 1.203982 1.611584 -1.534966 0.007614
-2.937744 -24.81882 -0.991341 0.694272 0.199279 -1.784891 -1.328279 -5.651942 -3.162247
5.062256 -26.81882 -0.991341 -2.578076 -0.81944 -4.825589 -1.606324 -2.780595 -0.660601
3.062256 -26.81882 -0.991341 1.119208 2.37367 -0.649736 1.878122 -0.902565 1.241891
-0.937744 -26.81882 -0.991341 -1.020744 -0.510605 -0.459083 -0.238859 -1.569595 0.292853
-2.937744 -26.81882 -0.991341 -0.896734 -0.803914 -3.080961 -3.042103 -3.153854 -1.625413
7.062256 -28.81882 -0.991341 1.261903 2.882986 3.519734 2.494885 1.187916 0.073402
5.062256 -28.81882 -0.991341 -1.827283 0.178765 -2.647347 -2.043941 -1.529892 -0.036748
-0.937744 -28.81882 -0.991341 4.906309 6.16455 3.543161 3.691822 2.839685 4.046502
-2.937744 -28.81882 -0.991341 2.270394 2.65661 -0.373081 -1.264296 -1.778887 -0.653365
7.062256 -30.81882 -0.991341 2.473821 2.106546 3.95089 2.52774 1.773253 1.070894
5.062256 -30.81882 -0.991341 1.568237 1.50988 -0.081575 -1.426725 0.736353 1.235222
-0.937744 -30.81882 -0.991341 5.127545 6.094897 2.19344 3.050996 2.150129 3.145118
-2.937744 -30.81882 -0.991341 1.652386 2.477172 -1.079311 -2.990541 -2.990448 -2.350324
7.062256 -32.81882 -0.991341 0.003655 0.234787 1.603158 1.487835 2.039241 1.799221
5.062256 -32.81882 -0.991341 -0.182801 0.314448 -0.402005 -0.254662 0.950605 0.928848
-0.937744 -32.81882 -0.991341 1.696755 0.303288 -2.038228 -4.096251 -0.382619 -0.486828
7.062256 -34.81882 -0.991341 0.061535 -0.153656 1.256766 1.897928 0.719628 0.944683
5.062256 -34.81882 -0.991341 -1.803111 -0.382898 1.95037 2.938582 0.64912 1.188054
-0.937744 -34.81882 -0.991341 0.804878 -0.841758 -5.272708 -7.782362 -0.994801 -1.762472
11.06226 -36.81882 -0.991341 0.223996 -1.152241 3.805326 3.481542 -2.847137 -3.116263
9.062256 -36.81882 -0.991341 1.911594 0.170544 2.42294 0.608173 -2.511788 -3.760098
5.062256 -36.81882 -0.991341 0.104827 0.308064 4.192562 5.01949 0.800215 1.474635
9.062256 -38.81882 -0.991341 -0.228417 -2.628404 2.355451 -0.028485 -0.731679 -2.326613
7.062256 -38.81882 -0.991341 0.47406 -0.977766 1.639123 0.762998 -0.295721 -1.28511
5.062256 -38.81882 -0.991341 2.077863 1.398579 5.322811 5.398795 0.075579 0.384857
7.062256 -40.81882 -0.991341 0.362591 -0.055455 0.060225 -0.308202 -3.240001 -1.585781
5.062256 -40.81882 -0.991341 0.832316 0.698519 1.622795 1.611008 -1.055516 0.517003
7.062256 -42.81882 -0.991341 0.690904 -0.75957 2.448668 1.317046 -1.552846 -1.272276
1.062256 -42.81882 -0.991341 1.478035 1.576376 1.496466 1.781063 0.658201 1.920947
-0.937744 -42.81882 -0.991341 1.385254 1.521709 0.763715 1.538806 0.376521 0.879144
-2.937744 -42.81882 -0.991341 -1.713891 -1.064473 -0.896036 0.255172 -0.417437 0.085952
9.062256 -44.81882 -0.991341 1.93631 1.767882 2.034432 2.558133 1.590884 2.099372
-0.937744 -44.81882 -0.991341 1.439131 1.711234 1.943785 3.350188 1.041638 1.46266
-2.937744 -44.81882 -0.991341 -3.298299 -2.480334 -0.004228 2.379007 -1.545284 -0.491665
-0.937744 -46.81882 -0.991341 1.143336 0.90581 3.164697 3.66048 2.667139 1.947145
-2.937744 -46.81882 -0.991341 -1.73785 -2.270341 -0.499071 0.604438 1.247558 1.319082
-0.937744 -48.81882 -0.991341 1.87412 1.481674 2.439496 2.095701 4.081914 2.900429
7.062256 -14.81882 1.008659 -0.559924 -2.730655 -0.737445 -1.594893 1.845996 0.522218
5.062256 -14.81882 1.008659 -1.489943 -0.211515 4.350799 7.519109 -0.615062 0.216212
7.062256 -16.81882 1.008659 1.067293 0.343636 2.039877 2.126057 1.882469 0.390721
5.062256 -16.81882 1.008659 -2.689759 -1.871748 1.376839 2.457152 -1.034638 -1.475018
3.062256 -16.81882 1.008659 -0.065491 0.289925 -0.054234 -0.633788 -0.521819 1.85943
5.062256 -18.81882 1.008659 -3.353607 -4.546276 -0.647122 -1.752554 -1.581578 -2.699238
7.062256 -20.81882 1.008659 -0.801784 -3.952103 -0.387069 0.672002 -1.760834 -1.94734
7.062256 -22.81882 1.008659 -0.553664 -3.078513 -2.415244 -1.767917 -1.843962 -1.183295
5.062256 -22.81882 1.008659 3.520223 -0.958144 2.377313 -0.916725 4.045646 0.18233
-2.937744 -22.81882 1.008659 -0.426858 -4.179917 3.300398 1.2551 0.542288 -2.16425
7.062256 -24.81882 1.008659 0.230169 -0.716092 -1.076341 -1.771809 2.942179 2.348529
5.062256 -24.81882 1.008659 4.609035 1.713359 4.350673 3.242254 4.639203 2.028166
-2.937744 -24.81882 1.008659 -1.503521 -3.215425 0.977825 1.393121 0.469345 -0.222673
-4.937744 -24.81882 1.008659 -0.685891 -4.732052 -2.124303 -5.065585 -0.144059 -2.8772
7.062256 -26.81882 1.008659 1.142495 1.568016 0.021572 -0.952771 0.610343 -0.263898
5.062256 -26.81882 1.008659 1.942819 1.949482 0.931997 1.483949 1.191471 0.952105
-2.937744 -26.81882 1.008659 -2.68293 -3.29803 0.351097 1.355995 2.618998 1.80903
-4.937744 -26.81882 1.008659 0.727133 -3.141694 -0.292699 -3.439863 4.160835 -0.126714
5.062256 -28.81882 1.008659 0.687906 1.930231 0.236396 1.205877 0.68057 0.646147
3.062256 -28.81882 1.008659 1.38806 1.665308 0.599212 -0.157395 3.344171 3.170873
-0.937744 -28.81882 1.008659 -1.05537 -0.720399 3.27336 5.484014 3.027328 2.72315
-2.937744 -28.81882 1.008659 -0.022047 -1.046831 3.61778 3.692062 3.122901 1.968298
-4.937744 -28.81882 1.008659 1.119155 -0.638881 2.287766 -0.106217 2.647308 -0.007383
7.062256 -30.81882 1.008659 3.225904 3.407661 3.77171 3.886321 -0.414882 -0.757831
5.062256 -30.81882 1.008659 1.547051 1.395689 0.357664 1.083742 0.33715 0.438372
-0.937744 -30.81882 1.008659 -0.204185 -0.471594 1.396082 1.667511 0.107438 0.259485
-2.937744 -30.81882 1.008659 0.274178 0.53488 0.893807 0.000239 -1.252217 -0.948604
-4.937744 -30.81882 1.008659 -2.574522 -2.590122 -0.904704 -2.248872 -1.310178 -1.611296
7.062256 -32.81882 1.008659 -1.719835 -1.329013 1.199001 0.682702 -3.941761 -2.661655
5.062256 -32.81882 1.008659 -1.956079 -1.942689 -2.818147 -2.45204 -4.5737 -3.280022
-0.937744 -32.81882 1.008659 1.348301 -0.892256 -1.202124 -3.620269 -0.736682 -1.872324
-2.937744 -32.81882 1.008659 -1.510052 -2.050596 -6.845443 -8.984609 -0.311315 -1.424855
9.062256 -34.81882 1.008659 0.48784 0.253284 1.174998 2.16024 -4.484726 -1.765492
7.062256 -34.81882 1.008659 -3.999881 -3.417446 -1.505344 -1.299702 -3.982547 -2.186737
5.062256 -34.81882 1.008659 -6.586283 -5.640521 -6.796714 -6.045609 -6.781909 -4.659472
1.062256 -34.81882 1.008659 3.162165 0.90923 0.865144 -0.675984 3.459579 2.080158
-0.937744 -34.81882 1.008659 2.532238 0.038566 -0.061555 -1.871553 1.014145 -0.627827
-2.937744 -34.81882 1.008659 -1.099217 -2.274989 -5.026867 -6.694643 -1.544374 -2.74265
11.06226 -36.81882 1.008659 0.185272 0.852299 1.282481 2.054863 -2.578967 -0.863875
7.062256 -36.81882 1.008659 -0.221303 -1.289057 -1.592514 -1.67657 -1.867477 -1.025303
5.062256 -36.81882 1.008659 -2.001858 -2.033281 -2.680482 -1.172648 -3.152815 -1.589883
1.062256 -36.81882 1.008659 1.379051 -0.609587 3.303581 2.288732 1.393345 0.655088
-0.937744 -36.81882 1.008659 3.00103 1.319437 4.294116 4.558449 -0.501964 -0.885539
11.06226 -38.81882 1.008659 1.051993 1.354483 3.958549 4.639875 0.755869 1.151277
5.062256 -38.81882 1.008659 3.06641 2.385795 4.13415 4.727853 -0.395234 -0.32559
1.062256 -38.81882 1.008659 3.00844 1.428023 2.146258 0.10454 0.806863 0.66152
11.06226 -40.81882 1.008659 0.527546 0.817427 3.463952 4.891134 0.66489 1.517519
9.062256 -40.81882 1.008659 0.820303 0.098343 2.772027 3.695336 0.217439 1.060089
7.062256 -40.81882 1.008659 1.592344 0.846385 1.920737 1.414657 -1.844224 -1.265327
5.062256 -40.81882 1.008659 2.064767 0.630098 3.552752 2.157219 -0.099098 -0.450586
1.062256 -40.81882 1.008659 0.65868 -0.475359 1.23647 -1.849864 0.029671 0.231106
-0.937744 -40.81882 1.008659 2.277173 1.684803 1.807726 0.601217 1.914089 1.341071
9.062256 -42.81882 1.008659 0.482177 -1.438524 3.407797 2.340201 1.726983 0.727586
7.062256 -42.81882 1.008659 1.885332 0.072644 3.428025 1.894343 1.799791 0.285604
5.062256 -42.81882 1.008659 1.197514 0.079703 3.447469 1.580971 2.71806 1.691702
1.062256 -42.81882 1.008659 0.637857 -0.036457 2.356643 1.038561 1.761781 2.165714
-0.937744 -42.81882 1.008659 1.915553 0.853767 2.556299 2.190965 2.195395 1.471732
9.062256 -44.81882 1.008659 -1.054604 -1.94717 1.408045 2.283273 -2.619321 -1.435649
7.062256 -44.81882 1.008659 0.15026 -0.324336 3.001497 3.551627 -2.784682 -2.067388
1.062256 -44.81882 1.008659 -0.821181 -0.444592 0.918374 0.960824 -0.152428 0.56355
-0.937744 -44.81882 1.008659 0.174195 0.000856 1.798549 1.71398 1.880302 1.397687
-2.937744 -44.81882 1.008659 -1.50286 -1.691015 -0.469966 0.634725 -0.232596 -0.741624
9.062256 -46.81882 1.008659 -2.915818 -4.203809 -0.926049 -1.072656 -1.077081 -0.807994
7.062256 -46.81882 1.008659 -0.246173 -0.549669 2.301075 3.282101 1.156002 0.957605
1.062256 -46.81882 1.008659 -0.25512 -0.74183 1.285611 0.498392 -3.241446 -2.773668
-0.937744 -46.81882 1.008659 0.044976 -0.068618 2.571277 2.325155 1.86979 1.249743
9.062256 -48.81882 1.008659 -3.299207 -3.954234 -0.356442 -1.044032 -1.474314 -1.503338
7.062256 -48.81882 1.008659 -0.447948 0.083914 2.515961 3.84496 1.366333 1.160897
-0.937744 -48.81882 1.008659 1.400383 0.494019 1.360436 0.491907 1.725757 1.156712
5.062256 -26.81882 3.008659 4.339283 2.343931 3.629844 2.342879 5.378361 3.160275
9.062256 -28.81882 3.008659 4.271837 5.729162 -1.951611 -2.540473 4.326336 2.875609
7.062256 -28.81882 3.008659 3.681222 3.489489 2.149661 0.424438 3.606598 0.856572
5.062256 -28.81882 3.008659 0.5613 -0.058858 2.361572 1.403998 2.870153 0.591251
-2.937744 -28.81882 3.008659 -3.278499 -4.795103 -2.31086 -2.450682 2.632289 0.671064
-4.937744 -28.81882 3.008659 1.920748 0.25736 -1.479824 -3.828322 4.536853 1.9483
7.062256 -30.81882 3.008659 -0.043171 1.149529 0.83555 2.232806 0.94178 -0.015167
5.062256 -30.81882 3.008659 -0.538469 -0.217923 0.695326 3.05386 1.149522 0.702682
-0.937744 -30.81882 3.008659 -2.626619 -3.054831 -0.065616 1.123615 0.203107 0.75723
-2.937744 -30.81882 3.008659 -2.188851 -2.788054 -0.861636 -0.699929 0.390638 0.509994
-4.937744 -30.81882 3.008659 -1.599931 -2.513628 -2.937361 -3.131141 0.079966 -0.608365
7.062256 -32.81882 3.008659 -4.471974 -2.786369 -1.0899 1.617305 -3.995817 -3.203559
5.062256 -32.81882 3.008659 -1.053441 -0.432706 -1.633693 1.836931 -4.020609 -1.998083
1.062256 -32.81882 3.008659 0.487496 -1.659455 0.160716 -0.550643 -2.545859 -1.049126
-0.937744 -32.81882 3.008659 1.202881 0.244354 0.420248 2.782949 -0.28136 1.534239
-2.937744 -32.81882 3.008659 0.059548 -0.636194 -4.20544 -3.449475 2.492296 2.806722
-4.937744 -32.81882 3.008659 -0.673529 -1.226825 -4.566444 -4.604397 0.540731 0.613122
9.062256 -34.81882 3.008659 -5.227923 -3.345429 -6.150855 -4.509666 -5.13083 -3.027764
7.062256 -34.81882 3.008659 -6.776725 -4.816018 -3.699333 -1.54229 -5.134322 -4.02809
5.062256 -34.81882 3.008659 -4.46591 -4.116612 -5.596275 -3.351324 -6.174478 -4.245634
-2.937744 -34.81882 3.008659 0.634786 0.188571 -3.243812 -1.573297 0.300315 1.222347
-4.937744 -34.81882 3.008659 -1.233195 -1.533735 -2.071269 -3.050503 -0.696694 -0.680153
9.062256 -36.81882 3.008659 -1.95122 -1.064678 -3.40633 -5.110235 -2.458365 -1.030551
7.062256 -36.81882 3.008659 -5.094852 -4.489395 -5.414514 -5.368527 -3.735403 -2.848564
5.062256 -36.81882 3.008659 -4.315165 -4.162997 -6.185155 -4.473249 -4.302712 -2.335559
1.062256 -36.81882 3.008659 1.085023 -1.061954 0.927556 -0.249565 -0.691468 -0.67552
-0.937744 -36.81882 3.008659 1.108821 -0.366151 0.21974 1.393404 -1.05642 0.045737
-2.937744 -36.81882 3.008659 0.739836 -0.686692 0.71626 0.412079 -0.457363 0.010201
7.062256 -38.81882 3.008659 0.479208 -0.563456 -1.452718 -1.106823 -4.776109 -2.261362
5.062256 -38.81882 3.008659 0.556738 0.710505 -1.224044 0.343878 -2.182455 -0.000849
1.062256 -38.81882 3.008659 2.858451 1.819852 1.450878 -0.175814 0.733591 0.53517
-0.937744 -38.81882 3.008659 3.559606 2.302409 1.941934 0.569132 0.104104 0.240798
7.062256 -40.81882 3.008659 0.365468 -0.533717 0.835441 0.173152 -2.480147 -1.880803
5.062256 -40.81882 3.008659 2.136947 0.84696 1.659145 1.16281 -1.65094 -1.461226
-0.937744 -40.81882 3.008659 4.030935 3.206445 3.226111 1.80014 1.787233 1.726006
-2.937744 -40.81882 3.008659 0.424467 0.04901 0.218032 -1.270782 -0.381483 -0.460946
7.062256 -42.81882 3.008659 0.476432 -0.070909 4.691055 4.178962 0.381888 -0.28054
5.062256 -42.81882 3.008659 2.566464 2.746556 6.259921 6.042276 1.418123 0.185773
-0.937744 -42.81882 3.008659 1.90477 1.503788 0.959545 0.826558 0.8903 1.333061
11.06226 -44.81882 3.008659 -0.549043 0.19622 0.555222 2.690326 -1.836514 -0.442208
9.062256 -44.81882 3.008659 -3.230024 -3.803883 2.159838 2.952206 -3.301464 -2.368706
7.062256 -44.81882 3.008659 -1.840006 -1.565184 4.029685 3.968096 -0.289653 -0.540614
1.062256 -44.81882 3.008659 1.445601 1.178801 2.170514 1.430335 2.356879 2.00602
-0.937744 -44.81882 3.008659 1.216973 0.708166 3.065196 2.053447 2.587737 1.172715
9.062256 -46.81882 3.008659 -2.881579 -4.54985 -0.899573 -2.018784 -1.686762 -1.866079
7.062256 -46.81882 3.008659 -2.961866 -2.650464 0.278447 0.374243 2.004292 1.434539
1.062256 -46.81882 3.008659 -0.402166 0.177621 0.976481 1.633418 -1.30392 -0.696403
-0.937744 -46.81882 3.008659 -0.438939 0.113942 1.649907 1.831231 0.047964 -0.129392
13.06226 -48.81882 3.008659 -2.182004 -2.746383 0.857581 0.578734 -1.275642 -2.444279
11.06226 -48.81882 3.008659 -3.339357 -2.198546 -0.578621 0.270547 -1.868564 -1.993885
9.062256 -48.81882 3.008659 -3.19758 -2.508675 -1.647483 -0.756073 -1.619821 -1.009741
7.062256 -48.81882 3.008659 -2.909897 -0.846957 0.089151 2.978261 0.817474 1.650445
1.062256 -48.81882 3.008659 -2.788538 -3.269878 -1.578337 -1.369346 -4.961974 -3.982201
-0.937744 -48.81882 3.008659 -0.376566 -1.130259 1.593725 0.743229 -0.684484 -1.225919
9.062256 -50.81882 3.008659 -2.126004 -3.43543 -1.151197 -2.998598 -0.174021 -0.949817
7.062256 -50.81882 3.008659 -0.637175 -1.291065 0.081693 -0.635619 0.469745 -0.026926
13.06226 -26.81882 5.008659 3.730298 5.983537 3.290656 5.910109 -1.915779 0.498174
13.06226 -28.81882 5.008659 0.957372 2.806169 -0.945706 0.80804 -3.529424 -2.232222
11.06226 -28.81882 5.008659 2.192679 3.564023 -0.632428 0.933037 -1.67349 -0.97816
9.062256 -28.81882 5.008659 4.309448 3.677709 -0.059612 -1.751741 2.043218 0.838447
7.062256 -28.81882 5.008659 3.0189 0.458157 1.835224 -2.831544 3.885432 0.328297
11.06226 -30.81882 5.008659 -0.985835 0.275466 -0.537981 0.582076 -2.771389 -1.746511
9.062256 -30.81882 5.008659 -0.895393 -1.120439 -0.687764 -0.960182 0.756889 0.4123
7.062256 -30.81882 5.008659 2.201947 -0.444637 1.646017 0.058425 4.256779 1.927397
5.062256 -30.81882 5.008659 2.466655 1.149134 3.958049 4.568275 4.963105 2.864459
-4.937744 -30.81882 5.008659 1.178422 -0.442322 0.483679 -0.573678 0.090964 -0.940643
11.06226 -32.81882 5.008659 -4.294363 -3.265728 -2.754031 -0.336692 -4.320007 -3.274845
9.062256 -32.81882 5.008659 -3.906199 -3.804101 -3.453317 -2.403124 1.125941 -0.283294
7.062256 -32.81882 5.008659 1.475673 -1.264823 0.813312 1.459796 3.490589 1.292857
5.062256 -32.81882 5.008659 2.364386 0.700942 3.839581 6.298406 1.702825 1.341388
1.062256 -32.81882 5.008659 1.99178 2.061642 -2.6892 -3.569704 -2.786744 1.286686
-0.937744 -32.81882 5.008659 2.80757 2.150681 -0.222528 1.097959 2.532617 4.122469
-2.937744 -32.81882 5.008659 1.461601 -0.259909 -0.540524 -2.446239 3.685938 2.358046
-4.937744 -32.81882 5.008659 1.706781 0.801692 -1.498412 -3.954794 1.623273 0.781312
-6.937744 -32.81882 5.008659 0.773239 2.205448 -3.950076 -0.86723 -1.744224 -0.357636
9.062256 -34.81882 5.008659 -4.710713 -4.161793 -6.189601 -5.590514 -0.313183 -2.153563
7.062256 -34.81882 5.008659 0.432767 0.353668 -0.673778 0.4954 2.489239 0.608605
5.062256 -34.81882 5.008659 1.779846 1.04044 1.397181 3.665333 -0.37882 -0.271573
-0.937744 -34.81882 5.008659 2.92786 2.361731 -0.780554 0.368235 0.914793 1.908383
-4.937744 -34.81882 5.008659 -2.05348 -3.654896 -4.093859 -7.513588 -1.385638 -1.850122
11.06226 -36.81882 5.008659 0.495475 -0.534369 1.607522 0.948996 -2.467889 -1.727713
9.062256 -36.81882 5.008659 -3.010905 -2.720366 -1.958162 -3.221377 -1.709217 -1.766634
7.062256 -36.81882 5.008659 -1.98717 0.049018 -2.969278 -2.065131 0.276529 0.666348
1.062256 -36.81882 5.008659 1.52827 -3.934223 0.62186 -4.460026 -1.999131 -1.506527
-0.937744 -36.81882 5.008659 0.874292 -1.352028 -1.164325 -2.922219 -1.75898 -1.983747
-2.937744 -36.81882 5.008659 -1.388953 -2.061382 -2.770591 -5.003497 -0.273266 -1.174882
-4.937744 -36.81882 5.008659 -4.036725 -5.758702 -1.640957 -5.432805 1.557887 -0.075151
11.06226 -38.81882 5.008659 -0.265796 -1.215787 2.273573 2.643011 -0.256493 0.147202
9.062256 -38.81882 5.008659 -0.729696 -0.612387 0.140879 0.948125 -3.068367 -0.966998
7.062256 -38.81882 5.008659 0.426602 0.745607 -1.542561 -0.613317 -2.854939 -0.540334
1.062256 -38.81882 5.008659 0.119998 -3.266161 -3.367243 -6.505833 -1.826073 -2.094153
-0.937744 -38.81882 5.008659 1.787838 -0.644916 -2.971438 -5.308945 -2.406916 -2.490145
11.06226 -40.81882 5.008659 -2.214154 -3.986372 -0.56334 -1.998054 -0.978356 -0.867872
9.062256 -40.81882 5.008659 -2.831391 -4.707249 -2.074277 -3.718859 -2.742795 -2.402987
7.062256 -40.81882 5.008659 -1.427885 -2.986995 -1.937705 -3.436766 -2.031073 -1.381916
1.062256 -40.81882 5.008659 1.418663 0.69549 0.01148 -0.140684 -2.456338 -1.35356
-0.937744 -40.81882 5.008659 2.585417 1.204257 -0.607288 -1.977133 -0.651388 -0.675894
-2.937744 -40.81882 5.008659 0.06121 -0.580664 -2.174724 -4.060792 -0.90707 -1.268341
11.06226 -42.81882 5.008659 -3.04922 -3.146869 -0.504638 -0.278168 -4.03052 -2.173791
9.062256 -42.81882 5.008659 -3.485777 -4.283851 -0.593787 -1.242292 -5.296924 -3.214158
7.062256 -42.81882 5.008659 -1.261153 -2.285199 0.848157 -0.975775 -2.933484 -2.195624
1.062256 -42.81882 5.008659 0.883799 -0.023657 0.56465 0.230237 -2.698759 -1.568019
-0.937744 -42.81882 5.008659 -0.179557 -0.126691 -1.130249 -1.267857 -1.750525 -1.182352
-2.937744 -42.81882 5.008659 1.33729 2.541905 -0.670345 -1.403665 0.37446 0.374369
13.06226 -44.81882 5.008659 0.080055 -1.297564 -0.193501 -0.797933 -1.605939 -1.345352
9.062256 -44.81882 5.008659 -4.641761 -5.645446 0.729164 0.395486 -4.155804 -2.718102
7.062256 -44.81882 5.008659 -2.496971 -3.122656 2.200403 0.608018 -4.207732 -3.237916
-0.937744 -44.81882 5.008659 0.003876 -0.024455 -0.026743 0.416987 -0.756496 -0.60565
-2.937744 -44.81882 5.008659 0.422176 1.157387 -0.128281 0.008764 -0.312367 -0.416455
13.06226 -46.81882 5.008659 -0.911029 -1.074976 0.572123 0.481505 -1.982069 -1.574025
9.062256 -46.81882 5.008659 -4.182181 -4.207676 0.253503 0.525433 -2.988708 -2.068671
7.062256 -46.81882 5.008659 -3.866902 -3.058694 1.869526 2.341927 -1.046992 -0.861253
-0.937744 -46.81882 5.008659 -0.768856 -1.044259 -0.931771 0.02669 -0.791652 -0.71221
-2.937744 -46.81882 5.008659 -0.166368 -0.475057 -0.038407 -0.279993 -1.199015 -1.238806
13.06226 -48.81882 5.008659 -4.261234 -4.140128 -2.487588 -3.632534 -2.182979 -2.788625
11.06226 -48.81882 5.008659 -4.074111 -2.568094 -1.521227 -2.906895 -1.580995 -2.203811
9.062256 -48.81882 5.008659 -5.845824 -4.028701 -1.20414 -0.332952 -3.723538 -2.920858
7.062256 -48.81882 5.008659 -5.020444 -2.87073 0.986665 4.432698 -1.080175 -0.871949
-0.937744 -48.81882 5.008659 -0.895842 -1.478204 2.475215 2.715284 -0.547134 -1.04868
11.06226 -50.81882 5.008659 -0.275918 -1.625999 0.435935 -1.748443 -0.189665 -0.830935
9.062256 -50.81882 5.008659 -1.824062 -3.094152 0.669937 -1.164736 -0.691873 -1.241672
7.062256 -50.81882 5.008659 -2.571055 -2.271233 -0.238237 -0.887402 0.303294 -0.728619
15.06226 -26.81882 7.008659 3.071517 2.84699 1.767664 1.979305 0.269078 0.853846
13.06226 -26.81882 7.008659 1.262291 0.693171 2.251591 3.672287 -2.126907 -0.203942
15.06226 -28.81882 7.008659 4.283205 5.145479 4.110532 4.552356 0.895744 0.418679
13.06226 -28.81882 7.008659 2.140643 2.682997 4.329792 5.880532 -0.627134 -0.090379
11.06226 -28.81882 7.008659 1.561883 1.603172 5.171443 6.413342 0.046499 -0.4399
-6.937744 -28.81882 7.008659 0.103154 1.520635 -0.384332 -0.427745 0.392183 -0.348901
15.06226 -30.81882 7.008659 3.806741 6.618488 2.862141 3.525972 1.8818 0.503302
13.06226 -30.81882 7.008659 2.698719 4.886854 3.196419 4.590225 0.031537 -0.04287
11.06226 -30.81882 7.008659 1.19563 1.324987 3.906995 4.286418 1.974983 1.410242
1.062256 -30.81882 7.008659 5.809443 6.063959 -2.718687 -2.855048 -2.908668 0.157401
-0.937744 -30.81882 7.008659 4.173759 3.458251 1.079955 0.805831 -0.417367 -0.11054
-2.937744 -30.81882 7.008659 3.902169 5.206722 3.624112 4.872296 0.981506 0.519893
-4.937744 -30.81882 7.008659 3.310194 5.447483 1.784111 2.326347 -0.230596 -0.845928
13.06226 -32.81882 7.008659 1.744696 3.27809 0.866259 2.590965 -0.886102 -0.79052
11.06226 -32.81882 7.008659 -0.355737 0.350749 -1.018849 1.040915 -0.493207 -0.606367
9.062256 -32.81882 7.008659 0.218264 0.194159 -1.609004 -0.617093 2.08793 0.81512
1.062256 -32.81882 7.008659 7.098078 6.618946 -0.084536 -2.285216 2.049659 3.629749
-0.937744 -32.81882 7.008659 5.870491 6.857642 1.060465 0.905578 2.568635 3.02996
-2.937744 -32.81882 7.008659 2.892182 5.425015 0.630778 1.148276 2.222662 2.392122
-4.937744 -32.81882 7.008659 2.903624 5.757413 -0.895528 -0.276917 2.011183 2.275668
13.06226 -34.81882 7.008659 2.916705 4.77248 3.529422 5.225767 3.297153 2.47912
11.06226 -34.81882 7.008659 0.886241 0.784365 -0.8913 -0.793995 1.880203 -0.422344
9.062256 -34.81882 7.008659 -0.180931 -0.037682 -2.215379 -2.380008 2.426909 -0.240266
7.062256 -34.81882 7.008659 4.656973 4.210265 2.32021 1.841131 4.15162 2.523292
5.062256 -34.81882 7.008659 7.5632 7.18208 4.292446 6.585285 3.554037 3.777904
-4.937744 -34.81882 7.008659 -2.194556 -2.579786 -4.202819 -4.889326 -1.024898 -0.756747
11.06226 -36.81882 7.008659 2.475168 2.537092 1.066188 1.313411 -0.012214 -1.190858
7.062256 -36.81882 7.008659 -0.800324 0.345912 -1.001247 -1.741951 1.150098 0.58537
1.062256 -36.81882 7.008659 4.701829 0.882536 4.589113 2.018895 -2.999303 0.083373
-0.937744 -36.81882 7.008659 2.444323 1.618648 0.947068 -0.883729 -3.237151 -3.285558
-2.937744 -36.81882 7.008659 -2.208922 -2.546707 -2.792311 -4.296313 0.897654 -1.77537
-4.937744 -36.81882 7.008659 -3.915102 -5.134161 -2.801654 -3.813408 1.998221 0.428857
13.06226 -38.81882 7.008659 -0.126525 -1.217524 2.011907 0.594001 2.23937 -0.09201
11.06226 -38.81882 7.008659 0.076461 0.162576 0.56938 2.015474 -1.015954 -1.013756
9.062256 -38.81882 7.008659 0.929582 1.829538 1.346753 3.362759 -1.535154 -0.111283
7.062256 -38.81882 7.008659 -0.068853 0.635359 0.143531 1.15756 -1.973439 -0.669504
1.062256 -38.81882 7.008659 -1.526833 -5.193093 -2.929699 -5.739717 -2.888687 -2.466052
-0.937744 -38.81882 7.008659 0.746131 -1.351497 -2.074719 -3.519455 -5.264808 -3.93294
-2.937744 -38.81882 7.008659 -1.536214 -1.654621 -3.62669 -3.864468 -3.593835 -3.862402
13.06226 -40.81882 7.008659 2.09781 -0.065979 3.4666 0.409656 2.736003 1.372032
11.06226 -40.81882 7.008659 -0.943263 -1.482076 0.295023 -0.443594 0.481233 0.773427
1.062256 -40.81882 7.008659 -0.80991 -1.571647 -0.731924 -0.679362 -1.918062 -1.985643
11.06226 -42.81882 7.008659 -2.381027 -1.553871 -1.351797 -0.718928 -0.560628 1.308667
9.062256 -42.81882 7.008659 -0.892444 -0.951975 0.441822 -0.056397 -3.585302 -1.568521
3.062256 -42.81882 7.008659 0.197304 1.071541 -1.608459 -0.758451 -4.07046 -2.483396
1.062256 -42.81882 7.008659 -0.310265 -0.770552 0.302443 0.761177 -1.83391 -1.203846
-0.937744 -42.81882 7.008659 -1.500844 -1.032944 -1.00789 0.52713 -1.423633 -0.837496
11.06226 -44.81882 7.008659 -0.438478 -0.601034 1.326917 2.662524 -2.370909 0.308863
9.062256 -44.81882 7.008659 -0.049543 -0.942559 1.584963 1.105381 -3.139879 -0.951125
7.062256 -44.81882 7.008659 -0.599904 -1.32091 0.292226 -0.856816 -5.270708 -3.129607
3.062256 -44.81882 7.008659 0.2881 1.226013 0.415683 1.018541 0.584556 1.837355
1.062256 -44.81882 7.008659 -0.309116 -0.550346 0.068149 0.710463 -1.147032 0.157459
-0.937744 -44.81882 7.008659 -1.808212 -2.393428 -1.487063 0.012862 -3.462816 -2.100083
-2.937744 -44.81882 7.008659 -1.996947 -1.34703 -3.601611 -1.540085 -2.652827 -1.599659
11.06226 -46.81882 7.008659 0.629687 0.672897 0.434069 1.242335 -1.591074 -0.123113
9.062256 -46.81882 7.008659 -0.211501 -1.119177 1.056551 0.769269 -2.92333 -1.537274
7.062256 -46.81882 7.008659 0.562091 -0.850829 2.190733 0.787625 -2.69076 -2.365449
1.062256 -46.81882 7.008659 -2.00407 -2.952261 -0.332742 -0.386714 -0.386187 -0.064743
-0.937744 -46.81882 7.008659 -1.147364 -2.496416 -1.403336 -0.636276 -0.587468 -0.518257
-2.937744 -46.81882 7.008659 -2.074951 -2.408292 -0.899798 0.687746 -1.425148 -0.674778
11.06226 -48.81882 7.008659 -0.398122 0.667799 -1.382164 -3.456615 -0.470662 -1.459193
9.062256 -48.81882 7.008659 -2.160758 -1.699587 0.47767 -0.778457 -3.261771 -3.321506
1.062256 -48.81882 7.008659 -0.921581 -1.759897 3.526629 3.382881 -0.874914 -1.181495
-0.937744 -48.81882 7.008659 -0.258489 -0.683145 2.491611 2.196361 0.429663 -0.121834
-2.937744 -48.81882 7.008659 -0.190694 -0.639372 2.99474 1.86304 1.111472 0.268668
-4.937744 -48.81882 7.008659 0.593229 -0.190106 3.018629 2.049492 -0.307811 -0.600193
-6.937744 -48.81882 7.008659 0.574475 0.038567 0.984959 0.974765 -2.624244 -1.825774
-0.937744 -50.81882 7.008659 1.02253 1.620895 3.345443 3.88514 0.723264 0.576648
-2.937744 -50.81882 7.008659 2.656487 2.417291 3.957043 2.988124 1.724179 0.895846
-4.937744 -50.81882 7.008659 0.498827 0.165118 0.868692 0.113937 -1.325457 -0.968507
-6.937744 -50.81882 7.008659 0.670525 1.466491 0.408925 1.583659 -2.575408 -1.327716
15.06226 -24.81882 9.008659 -0.67696 0.909311 -1.716282 2.325722 -1.371087 0.300892
13.06226 -24.81882 9.008659 -1.578228 -2.468777 0.218212 0.936653 -3.309899 -1.783677
-8.937744 -24.81882 9.008659 -0.960164 -0.179823 2.332012 2.355878 -0.990343 -1.165651
15.06226 -26.81882 9.008659 -0.121724 1.288403 -2.138248 0.467827 -1.685593 -0.136842
13.06226 -26.81882 9.008659 -0.574493 -0.975823 -0.509899 1.273008 -2.753474 -0.288079
11.06226 -26.81882 9.008659 0.015538 -1.068863 2.760894 2.697577 -1.058028 -0.253325
-8.937744 -26.81882 9.008659 -0.406332 0.844325 1.243093 0.710899 -0.814095 -0.928635
15.06226 -28.81882 9.008659 1.613644 2.191803 1.912279 2.610857 -1.021137 -0.63873
13.06226 -28.81882 9.008659 -0.629813 -0.922708 2.947721 4.580916 -2.442439 -0.926354
11.06226 -28.81882 9.008659 -0.229676 -1.362982 5.03278 6.008695 -1.94604 -0.926326
-6.937744 -28.81882 9.008659 0.354327 3.482925 1.462751 2.695332 -0.81141 -1.055438
-8.937744 -28.81882 9.008659 -0.391913 0.773147 -1.101622 -1.661632 0.391746 -0.643019
15.06226 -30.81882 9.008659 1.680775 4.1499 1.407799 3.292942 -1.402501 -0.413032
13.06226 -30.81882 9.008659 1.238366 2.574026 2.51811 4.642038 -1.045144 0.096819
11.06226 -30.81882 9.008659 0.964942 0.621497 2.976425 3.545183 0.197947 0.562558
-2.937744 -30.81882 9.008659 0.125604 2.698273 -1.97116 -0.464772 0.400968 0.510691
-4.937744 -30.81882 9.008659 0.247185 4.182528 0.283812 2.802179 -1.583181 -0.724038
-6.937744 -30.81882 9.008659 1.882319 3.724374 2.028607 2.223394 0.567025 -1.1216
15.06226 -32.81882 9.008659 3.886114 5.18498 2.773149 4.042533 1.592573 1.610458
13.06226 -32.81882 9.008659 2.968042 4.100532 0.360684 1.41361 -1.011349 -0.412499
1.062256 -32.81882 9.008659 2.763694 3.767018 -1.292982 -0.766611 0.458384 2.385184
-0.937744 -32.81882 9.008659 2.096507 3.958551 1.581376 2.849383 1.37369 1.842454
13.06226 -34.81882 9.008659 4.825975 5.387028 4.835219 4.733226 2.888526 1.624225
11.06226 -34.81882 9.008659 4.093208 4.075308 1.60559 1.390401 3.981 2.421079
9.062256 -34.81882 9.008659 0.202986 0.05752 0.615221 0.907598 2.266558 1.839101
7.062256 -34.81882 9.008659 0.070507 0.300691 1.142781 1.721223 0.618953 1.326051
1.062256 -34.81882 9.008659 4.342363 5.020625 4.28569 5.138043 1.503461 1.772506
-0.937744 -34.81882 9.008659 2.749745 5.61834 5.203247 6.609036 2.491028 2.390175
-2.937744 -34.81882 9.008659 -0.977733 0.879049 0.718319 1.149326 2.121831 1.614918
-4.937744 -34.81882 9.008659 -1.248712 -1.175634 -1.44737 -1.528706 0.60393 0.721359
5.062256 -36.81882 9.008659 2.064035 1.642186 4.129653 2.185541 5.838296 2.871923
1.062256 -36.81882 9.008659 2.77637 2.725436 6.158321 6.598145 -1.613646 -0.693468
-0.937744 -36.81882 9.008659 3.359434 4.400448 3.575886 4.781942 -2.10088 -0.915718
-4.937744 -36.81882 9.008659 -2.441503 -3.640497 -0.964038 -1.250288 2.654878 1.392415
-6.937744 -36.81882 9.008659 0.075073 -0.510803 -0.261517 -0.241822 1.264096 1.114906
11.06226 -38.81882 9.008659 1.96405 2.173545 0.929159 1.624392 1.266736 1.352611
9.062256 -38.81882 9.008659 2.129189 2.039665 3.963097 3.675256 2.781102 2.861545
7.062256 -38.81882 9.008659 0.365252 1.212493 3.878882 5.222319 -0.13687 1.032945
5.062256 -38.81882 9.008659 -0.882741 -1.152681 2.387672 1.819187 0.216623 -0.527433
-4.937744 -38.81882 9.008659 0.119062 0.566875 -0.439965 0.864992 1.107692 1.332114
11.06226 -40.81882 9.008659 0.085534 0.344243 0.684812 1.013509 0.924892 0.965996
9.062256 -40.81882 9.008659 -0.310564 -0.726456 1.74636 1.639726 -1.442701 -0.797836
7.062256 -40.81882 9.008659 -0.772725 -1.236053 2.921602 3.993367 -2.580971 -0.977429
1.062256 -40.81882 9.008659 -1.209498 -2.744379 -0.491493 -0.606654 -4.161656 -3.77073
-0.937744 -40.81882 9.008659 -1.774941 -1.773837 -2.521701 -1.573108 -6.796576 -4.393305
-2.937744 -40.81882 9.008659 -1.796754 -0.683006 -3.744553 -2.233019 -5.702419 -4.385632
-4.937744 -40.81882 9.008659 0.375877 1.415799 -0.067626 1.487686 -2.404686 -1.538788
9.062256 -42.81882 9.008659 -2.333843 -1.892499 -0.644703 0.135877 -2.711439 -1.223641
7.062256 -42.81882 9.008659 -0.325322 -1.16327 2.831087 5.025012 -3.15991 -1.567815
3.062256 -42.81882 9.008659 1.11178 0.739749 -1.697877 -0.989432 -3.428318 -2.265089
1.062256 -42.81882 9.008659 -0.542772 -1.32001 -0.103085 1.158515 -3.523589 -2.795615
-0.937744 -42.81882 9.008659 -2.328136 -0.709084 -0.780172 1.679737 -3.500094 -2.138999
9.062256 -44.81882 9.008659 1.128924 0.289293 1.517791 1.331054 -1.212859 0.122559
7.062256 -44.81882 9.008659 0.717508 -0.326625 2.033936 2.354502 -2.846549 -1.580948
5.062256 -44.81882 9.008659 -0.615078 -0.027899 -0.634454 0.826051 -1.711721 -0.194477
3.062256 -44.81882 9.008659 0.291081 0.564466 -3.020565 -1.523633 -1.214841 0.282825
1.062256 -44.81882 9.008659 0.062999 -0.180439 -2.183833 0.276255 -2.902353 -1.052704
-4.937744 -44.81882 9.008659 0.255627 1.076293 -0.042303 1.753107 0.066256 -0.136335
-6.937744 -44.81882 9.008659 -1.509996 -0.353315 -0.007034 1.577526 0.81664 -0.048626
9.062256 -46.81882 9.008659 3.475255 2.874815 3.402112 3.045948 -0.514306 0.741865
7.062256 -46.81882 9.008659 4.709035 2.891779 5.444478 4.165215 0.227424 0.396613
3.062256 -46.81882 9.008659 0.892121 0.083038 2.346388 2.690418 -0.057143 1.011625
1.062256 -46.81882 9.008659 -0.724338 -2.117208 0.404909 1.306758 -0.535002 0.217071
-0.937744 -46.81882 9.008659 -0.22264 -1.10624 -0.776848 1.042642 -1.941203 0.085058
-2.937744 -46.81882 9.008659 -0.951948 -1.369736 0.277348 1.943262 -2.324757 0.083108
-4.937744 -46.81882 9.008659 -1.779984 -1.833071 -1.201263 -0.195992 -1.908458 -0.931783
-6.937744 -46.81882 9.008659 -1.989577 -1.300166 -0.828024 -0.200147 -0.664185 -0.404255
11.06226 -48.81882 9.008659 0.924915 1.630916 -0.478316 -2.797763 -0.838873 -1.836509
7.062256 -48.81882 9.008659 2.023368 2.788926 5.6814 4.957555 1.653492 0.499651
3.062256 -48.81882 9.008659 2.604042 1.674509 3.064764 3.191814 -2.744409 -2.067544
1.062256 -48.81882 9.008659 1.151787 -0.773212 3.500476 2.820791 -1.331487 -1.464708
-0.937744 -48.81882 9.008659 0.80196 -0.053164 1.930201 1.754073 1.072794 0.545685
-2.937744 -48.81882 9.008659 0.15343 -0.253317 1.889404 1.035852 1.969498 1.310567
-4.937744 -48.81882 9.008659 -0.204139 -1.539838 1.119734 -0.547151 0.723534 0.161465
-0.937744 -50.81882 9.008659 4.2098 4.811107 6.552965 7.038341 1.460017 1.552444
-2.937744 -50.81882 9.008659 2.979688 2.905508 3.331211 3.11914 0.308352 0.502819
-4.937744 -50.81882 9.008659 1.470687 0.64704 3.196695 3.723993 -1.398394 -0.63525
-8.937744 -24.81882 11.00866 -0.800454 1.075877 2.748677 3.035974 -0.137845 -1.062422
-10.93774 -24.81882 11.00866 0.64131 2.804706 -0.20277 0.268262 -3.995825 -3.161591
15.06226 -26.81882 11.00866 -2.725628 -1.991468 3.714935 6.002797 -0.313187 -0.284662
-8.937744 -26.81882 11.00866 -1.754253 1.333577 -2.061063 -1.301526 -2.033412 -2.169337
-10.93774 -26.81882 11.00866 0.107797 1.932379 -2.635926 -2.772602 -3.536087 -2.950025
17.06226 -28.81882 11.00866 -0.895486 -0.707986 0.544665 1.069493 -2.681296 -2.508515
15.06226 -28.81882 11.00866 -2.071688 -1.611289 1.908438 2.590908 -1.412303 -1.755186
13.06226 -28.81882 11.00866 -1.668952 -0.345634 0.566436 1.789477 -0.449636 -0.328903
-6.937744 -28.81882 11.00866 -2.061089 0.814137 -0.294843 2.044455 0.298881 0.120189
-8.937744 -28.81882 11.00866 -2.716568 0.262726 -5.072534 -4.062194 -0.669824 -1.067898
17.06226 -30.81882 11.00866 0.251338 1.027323 -0.108937 -0.585079 -2.609711 -1.341602
15.06226 -30.81882 11.00866 0.618377 2.193909 1.332769 2.634601 -1.109037 -0.221886
13.06226 -30.81882 11.00866 0.898402 2.497928 0.279866 2.063424 -0.728551 0.002199
11.06226 -30.81882 11.00866 0.557553 2.110912 -2.294829 -0.544119 -0.956783 0.587708
-4.937744 -30.81882 11.00866 -1.633182 0.814464 0.191763 1.451189 -0.966284 -0.536977
-6.937744 -30.81882 11.00866 -1.208097 1.485532 -0.630486 1.853953 -1.938819 -1.140776
-8.937744 -30.81882 11.00866 -2.107677 0.384087 -2.570805 -0.157542 -0.064199 0.7526
17.06226 -32.81882 11.00866 3.787232 3.264581 3.481776 2.097725 1.298347 1.952662
15.06226 -32.81882 11.00866 5.593001 4.60936 5.563267 4.156502 3.80199 2.396043
13.06226 -32.81882 11.00866 3.989032 3.927207 0.643226 0.670553 1.271517 0.431313
9.062256 -32.81882 11.00866 1.186811 1.041445 0.923401 2.247071 3.284733 3.637882
1.062256 -32.81882 11.00866 -0.514888 1.370907 -2.674018 0.506576 -5.093071 -1.927828
-0.937744 -32.81882 11.00866 -0.982644 0.872714 -0.561617 2.172374 -3.132891 -1.375392
-2.937744 -32.81882 11.00866 -2.227477 -0.96226 -2.186513 -1.397526 -3.815337 -2.28583
-4.937744 -32.81882 11.00866 -0.760666 1.210953 -3.859024 -3.10073 -4.438472 -1.893248
-6.937744 -32.81882 11.00866 0.813728 1.527684 -1.118883 0.303556 -3.930042 -1.573275
15.06226 -34.81882 11.00866 3.971905 3.13184 5.385239 4.800073 3.837378 2.858648
13.06226 -34.81882 11.00866 2.846125 2.625188 2.978172 2.8462 2.607728 1.471765
11.06226 -34.81882 11.00866 2.152976 3.163755 2.051586 2.394287 3.587025 3.030029
9.062256 -34.81882 11.00866 -0.128219 0.776267 1.631269 2.247374 1.700992 2.234552
7.062256 -34.81882 11.00866 -2.055946 -1.577669 -1.326126 0.824397 -2.586187 -0.533949
1.062256 -34.81882 11.00866 2.037657 2.305777 3.758469 6.086998 -1.528851 -0.654902
7.062256 -36.81882 11.00866 -1.264725 -0.347181 1.534379 2.179507 -0.347053 0.058597
1.062256 -36.81882 11.00866 1.888051 1.962774 6.204785 6.730591 -0.510661 -0.360044
9.062256 -38.81882 11.00866 -1.318186 -0.633751 0.672745 1.268807 -0.260524 -0.158817
7.062256 -38.81882 11.00866 -0.079278 0.413477 2.977924 3.612766 1.65311 1.595986
1.062256 -38.81882 11.00866 2.553596 1.20558 2.843144 2.965725 -0.984611 -0.704812
-0.937744 -38.81882 11.00866 3.799158 3.765578 5.676099 5.901793 1.619178 0.897824
-2.937744 -38.81882 11.00866 2.055805 4.226163 4.663208 7.727509 3.824917 3.897764
9.062256 -40.81882 11.00866 -0.542106 0.601511 1.27921 2.654035 -0.590377 -0.018726
7.062256 -40.81882 11.00866 -0.063985 -0.180278 2.772871 3.672672 -0.284316 0.405838
5.062256 -40.81882 11.00866 1.499368 2.095351 3.992395 4.772053 3.642087 3.050333
-2.937744 -40.81882 11.00866 1.825725 3.587509 3.495721 4.256154 3.781662 2.851857
13.06226 -42.81882 11.00866 1.345008 2.735579 3.22121 4.684875 2.916296 1.85881
11.06226 -42.81882 11.00866 0.312283 2.311283 1.802317 4.929657 0.64783 1.333568
7.062256 -42.81882 11.00866 1.790736 0.569302 2.712043 3.641241 -1.78512 -1.231813
5.062256 -42.81882 11.00866 0.662565 0.761601 2.10848 3.262691 1.869461 2.045979
3.062256 -42.81882 11.00866 -0.500677 -0.046711 1.180651 2.840004 0.742764 1.272111
1.062256 -42.81882 11.00866 -1.008293 -0.259769 -0.563696 2.557916 -1.124682 -0.0684
-0.937744 -42.81882 11.00866 -0.317404 1.333177 -1.696077 0.480555 0.08958 0.607142
-2.937744 -42.81882 11.00866 3.866197 5.141003 2.298926 1.921276 4.283542 2.504369
13.06226 -44.81882 11.00866 -1.055369 -0.936951 -1.030119 0.038476 0.063109 0.301195
11.06226 -44.81882 11.00866 -2.127302 -2.340492 -0.150388 0.459161 1.742545 1.183599
9.062256 -44.81882 11.00866 1.012721 0.543679 2.450087 2.157614 1.156013 0.542698
7.062256 -44.81882 11.00866 2.619868 1.378047 2.649234 2.314929 -1.479063 -1.378949
5.062256 -44.81882 11.00866 0.525234 -0.091626 -0.406107 -0.167278 -0.039223 -0.043159
3.062256 -44.81882 11.00866 -1.953527 -1.517701 -3.372402 -0.194456 -2.543019 -1.271155
1.062256 -44.81882 11.00866 -2.113039 -1.373238 -3.692674 0.807851 -3.379739 -1.521534
-4.937744 -44.81882 11.00866 4.034762 3.454069 4.446822 3.797062 5.289411 2.743814
11.06226 -46.81882 11.00866 0.595064 1.027293 2.359353 3.581474 1.463093 2.005563
9.062256 -46.81882 11.00866 3.700868 4.4252 3.067285 3.26417 1.075748 1.491826
7.062256 -46.81882 11.00866 5.05899 4.761589 6.112697 5.834883 2.651781 2.074743
3.062256 -46.81882 11.00866 0.143956 -0.836338 0.697412 1.737406 -1.370155 -0.777699
1.062256 -46.81882 11.00866 -0.755444 -1.891612 0.551129 3.07639 -0.425912 -0.125437
-0.937744 -46.81882 11.00866 0.130603 -0.636313 -0.91835 0.361608 0.33755 0.74087
-2.937744 -46.81882 11.00866 0.352213 0.439877 0.896946 1.955393 0.013837 0.375506
-4.937744 -46.81882 11.00866 -0.695402 -1.739476 0.570516 0.363895 2.314361 0.858536
9.062256 -48.81882 11.00866 3.512763 4.537597 8.128423 8.623014 1.661036 1.567641
7.062256 -48.81882 11.00866 3.465995 4.670846 8.446096 9.730888 3.661138 2.26797
3.062256 -48.81882 11.00866 0.960474 -0.566921 1.908517 2.220334 -2.421794 -1.840962
1.062256 -48.81882 11.00866 1.342433 0.132749 2.334324 2.784069 0.264874 -0.36108
-0.937744 -48.81882 11.00866 -0.106476 -0.422571 -1.475408 -1.157943 1.205293 0.181066
-2.937744 -48.81882 11.00866 -0.980411 -0.652496 -1.220307 -0.869331 1.19544 0.51788
-10.93774 -24.81882 13.00866 1.681492 1.673326 2.674643 3.18124 -1.899718 -3.005262
-10.93774 -26.81882 13.00866 3.378338 3.691903 4.921006 4.659978 0.192031 -1.554191
-8.937744 -28.81882 13.00866 -0.02805 1.125938 -1.505861 -1.910247 2.390629 0.654034
-10.93774 -28.81882 13.00866 2.019182 2.805211 1.57823 0.813788 1.968151 0.35779
-12.93774 -28.81882 13.00866 2.152104 2.942002 4.22606 3.993691 0.835914 1.077354
17.06226 -30.81882 13.00866 -0.841346 -0.271222 -1.428423 -1.817645 -1.530074 -0.843646
15.06226 -30.81882 13.00866 -0.294305 0.399411 0.073228 0.258928 -0.902655 -0.803333
13.06226 -30.81882 13.00866 1.446599 0.890312 0.472944 -0.022558 -1.038205 -1.133512
-6.937744 -30.81882 13.00866 -1.028905 1.110089 -1.403322 0.27739 0.274367 0.942747
-8.937744 -30.81882 13.00866 -3.131057 -0.262958 -3.252136 -1.622458 0.832073 0.957175
-10.93774 -30.81882 13.00866 -2.11147 0.256095 -4.604702 -3.886794 -0.392712 0.112233
-12.93774 -30.81882 13.00866 -0.245742 1.531028 -1.942299 -1.593956 -1.313288 -0.243432
17.06226 -32.81882 13.00866 0.398528 0.129423 0.495659 0.362314 -1.043299 0.410478
13.06226 -32.81882 13.00866 1.947565 2.363114 -0.296978 0.316672 -1.754504 -1.199238
11.06226 -32.81882 13.00866 1.253049 2.064751 -3.094169 -1.954473 -0.550147 0.879604
9.062256 -32.81882 13.00866 0.420232 1.354118 0.060468 1.567754 2.561677 2.978331
-2.937744 -32.81882 13.00866 -1.168836 -0.26453 -1.861331 -0.793898 -3.623214 -2.126786
-4.937744 -32.81882 13.00866 -1.096734 0.077465 -3.393582 -1.890773 -3.355803 -1.305991
-6.937744 -32.81882 13.00866 -2.053066 -0.46001 -2.969766 -1.139387 -3.163692 -1.084317
-8.937744 -32.81882 13.00866 -5.168173 -3.116962 -5.387619 -3.632787 -4.212315 -2.639296
-10.93774 -32.81882 13.00866 -5.389642 -3.342033 -7.060961 -6.346941 -3.793434 -2.644721
17.06226 -34.81882 13.00866 3.242342 3.592192 3.795757 5.537902 0.673908 1.135258
15.06226 -34.81882 13.00866 3.520338 2.261135 6.844694 7.773409 1.596895 1.039192
-0.937744 -34.81882 13.00866 0.628544 2.458079 3.43368 6.204629 -0.898032 0.667842
-2.937744 -34.81882 13.00866 -1.514186 -0.510029 1.065277 2.226348 -4.052602 -2.882296
-4.937744 -34.81882 13.00866 -2.695543 -2.294854 -1.021494 -1.193706 -4.190946 -3.188265
-6.937744 -34.81882 13.00866 -2.16979 -1.172245 -1.422665 -0.563011 -4.647761 -2.54854
-8.937744 -34.81882 13.00866 -2.887407 -0.989114 -3.684765 -1.348702 -6.005801 -3.161608
17.06226 -36.81882 13.00866 4.304761 4.837218 7.066091 9.833504 0.447009 1.295605
15.06226 -36.81882 13.00866 4.115647 3.777271 10.46779 12.77773 1.251429 1.60233
13.06226 -36.81882 13.00866 3.227948 3.621962 6.964113 8.534137 2.61535 2.054512
11.06226 -36.81882 13.00866 0.175781 2.975711 2.549751 4.601552 1.212829 0.891439
9.062256 -36.81882 13.00866 -0.803713 2.641676 1.407691 4.166397 -1.427536 -0.120596
7.062256 -36.81882 13.00866 -0.146338 2.033508 1.315896 4.292299 -2.457847 -0.529603
1.062256 -36.81882 13.00866 -0.662193 0.139355 1.678393 3.034661 -2.62957 -1.115877
-0.937744 -36.81882 13.00866 1.095902 2.649604 4.655908 7.867387 0.687868 2.18472
-2.937744 -36.81882 13.00866 -1.36038 -0.490155 1.475767 3.764626 -3.398798 -1.169633
15.06226 -38.81882 13.00866 7.333699 7.814636 9.918507 9.968283 3.593567 2.637856
13.06226 -38.81882 13.00866 7.252383 8.478251 10.7542 12.33427 6.173877 4.886259
11.06226 -38.81882 13.00866 3.759705 6.936901 5.291628 8.997705 2.328586 2.772909
9.062256 -38.81882 13.00866 -0.910567 2.121202 -0.307036 2.624708 -1.853345 -0.343312
7.062256 -38.81882 13.00866 -0.754479 1.264758 1.12192 3.559426 -0.878406 0.099507
5.062256 -38.81882 13.00866 -0.375076 1.086817 2.061671 4.941182 -2.538284 -1.264161
1.062256 -38.81882 13.00866 1.118214 2.305795 0.038469 2.019899 -2.957215 -1.055705
-0.937744 -38.81882 13.00866 3.870945 4.597549 4.199777 5.736412 4.001266 3.582004
-2.937744 -38.81882 13.00866 0.239616 1.035399 1.456618 4.05062 -1.043199 0.469498
-4.937744 -38.81882 13.00866 0.456737 1.17951 -2.309254 0.282607 -1.983273 0.047883
7.062256 -40.81882 13.00866 1.546955 2.302185 1.358207 2.959947 -0.289927 0.054903
5.062256 -40.81882 13.00866 1.323904 2.402864 3.030292 5.405308 0.818678 1.110406
-0.937744 -40.81882 13.00866 2.638282 3.273211 1.166351 1.744515 2.819396 2.237132
-2.937744 -40.81882 13.00866 1.468014 1.774744 2.861795 2.982067 2.736041 1.644712
-4.937744 -40.81882 13.00866 2.019297 2.123428 2.068739 1.470882 2.836205 2.299519
-6.937744 -40.81882 13.00866 2.914295 3.163838 2.448423 2.299328 2.529468 2.733216
11.06226 -42.81882 13.00866 5.219598 6.14761 6.865208 9.427348 1.082072 1.785537
7.062256 -42.81882 13.00866 3.945203 3.158176 2.060883 1.739375 -0.371847 -0.793816
5.062256 -42.81882 13.00866 2.105014 2.623319 2.848384 3.564559 0.075746 0.474962
3.062256 -42.81882 13.00866 -0.148561 2.692743 -0.884115 1.496347 -1.15754 -0.145785
1.062256 -42.81882 13.00866 0.883551 3.51957 -2.29714 0.16573 -1.209601 -0.163685
-0.937744 -42.81882 13.00866 2.969858 3.688886 0.919053 2.370998 1.199337 1.046689
-2.937744 -42.81882 13.00866 3.45715 3.331246 2.934493 2.411213 4.90274 2.867706
15.06226 -44.81882 13.00866 4.22633 3.123522 4.133025 5.284528 -0.325434 1.294259
13.06226 -44.81882 13.00866 1.255738 0.88775 -2.357063 -1.672625 -1.05877 0.211911
11.06226 -44.81882 13.00866 -0.579055 -1.088264 0.226283 0.367561 0.976729 0.682704
9.062256 -44.81882 13.00866 0.452931 -0.288777 0.847345 0.603996 0.062008 -0.404726
7.062256 -44.81882 13.00866 2.972878 1.73361 1.976117 0.207943 -0.391814 -1.078548
5.062256 -44.81882 13.00866 2.342367 2.158094 0.818887 0.491395 -0.785798 -1.170853
3.062256 -44.81882 13.00866 -1.108544 1.061213 -2.737607 1.395602 -2.381926 -1.407629
1.062256 -44.81882 13.00866 -0.083535 1.278525 -2.499602 1.142153 -3.33708 -2.006068
7.062256 -46.81882 13.00866 2.479204 1.161678 4.412669 2.969374 2.270887 1.336602
3.062256 -46.81882 13.00866 -0.568217 0.306665 -1.657866 1.378722 -0.962018 -0.495196
1.062256 -46.81882 13.00866 0.710873 0.423376 -0.786645 2.470822 -2.382123 -1.059474
-0.937744 -46.81882 13.00866 1.941439 1.274584 -0.45259 0.176452 0.58954 0.249046
-2.937744 -46.81882 13.00866 1.118981 2.626152 -0.250925 1.473105 -0.618266 -0.190833
-4.937744 -46.81882 13.00866 1.078386 1.805973 0.630621 1.326874 2.484505 2.04599
11.06226 -48.81882 13.00866 1.392088 1.631039 6.759002 7.919496 1.015782 2.035046
9.062256 -48.81882 13.00866 2.461339 2.669574 9.89832 10.8521 0.856242 1.218326
3.062256 -48.81882 13.00866 -0.424027 -1.16887 0.052764 1.35395 -0.087831 0.132863
1.062256 -48.81882 13.00866 1.992182 1.27089 0.058681 1.37518 0.20104 0.103151
-0.937744 -48.81882 13.00866 0.799569 0.816314 -0.965923 0.360044 0.506195 0.079539
-2.937744 -48.81882 13.00866 -1.442557 -0.333542 -2.880356 -1.707594 0.003373 -0.673124
-4.937744 -48.81882 13.00866 -1.504739 -0.688875 -0.923529 0.679921 2.915566 1.808113
1.062256 -50.81882 13.00866 3.186593 3.619936 -1.097933 0.755374 -1.251293 0.312021
-0.937744 -50.81882 13.00866 1.268449 0.992544 0.383534 1.677961 -0.259369 0.122128
-2.937744 -50.81882 13.00866 -0.422528 0.401366 -1.918232 -0.074772 -0.300999 -0.287201
-4.937744 -50.81882 13.00866 -0.659234 0.318739 -1.545397 0.136409 0.630127 0.426754
-10.93774 -24.81882 15.00866 4.156118 2.653684 4.270855 3.76114 0.433508 -0.642409
-10.93774 -26.81882 15.00866 5.058433 4.324752 7.894884 7.757288 2.34242 1.736206
-12.93774 -26.81882 15.00866 1.818421 1.665731 5.790814 5.89297 1.211475 1.317805
-10.93774 -28.81882 15.00866 3.068337 2.548517 3.426239 3.613247 2.991803 2.241401
-12.93774 -28.81882 15.00866 1.401548 1.242203 4.858965 5.610577 1.974954 1.843458
-12.93774 -30.81882 15.00866 1.723917 1.740712 3.230999 3.334429 1.569553 0.744523
17.06226 -32.81882 15.00866 -0.115339 -1.449217 -1.051448 -2.453657 -1.253148 -1.117207
15.06226 -32.81882 15.00866 1.080121 1.733278 0.239244 0.29807 -2.025255 -2.193031
13.06226 -32.81882 15.00866 2.735675 3.622127 0.93503 0.869272 -2.318657 -2.172698
11.06226 -32.81882 15.00866 1.747048 1.71839 -2.133273 -3.259381 -1.09892 -1.117892
9.062256 -32.81882 15.00866 1.264513 1.880809 0.509281 0.773018 2.003055 1.431166
-12.93774 -32.81882 15.00866 -0.365492 -0.648161 1.753842 0.999551 1.253723 -0.309214
17.06226 -34.81882 15.00866 2.722502 1.206461 1.227006 1.234807 0.098879 0.150322
15.06226 -34.81882 15.00866 3.30607 2.220134 4.126689 3.960552 1.393633 0.282618
13.06226 -34.81882 15.00866 3.154355 3.544025 2.544265 3.42558 -0.409285 0.060295
7.062256 -34.81882 15.00866 1.078766 1.540743 -0.260204 0.776819 1.941528 1.358556
-4.937744 -34.81882 15.00866 -1.405505 -0.730416 -0.504816 -0.736567 -2.480335 -2.020158
-6.937744 -34.81882 15.00866 -2.307277 -1.738702 -1.843035 -1.128656 -2.867029 -2.446496
-8.937744 -34.81882 15.00866 -1.621678 -0.273235 -2.257118 -0.989737 -0.636018 -0.902169
-10.93774 -34.81882 15.00866 -0.796423 0.454092 0.337553 0.719733 1.231141 0.376235
-12.93774 -34.81882 15.00866 -0.026543 -0.254453 1.488542 0.772897 1.039671 0.311283
17.06226 -36.81882 15.00866 4.460535 3.735834 4.745277 5.86834 1.365231 2.136443
15.06226 -36.81882 15.00866 4.337018 3.775509 5.994 6.905331 2.231917 2.420971
7.062256 -36.81882 15.00866 -0.222545 -0.397837 -0.618768 -0.244644 -1.29867 -1.298589
-0.937744 -36.81882 15.00866 -0.650611 1.078409 -0.066145 2.047029 -1.383083 -0.252501
-2.937744 -36.81882 15.00866 -1.882539 -0.482385 -1.515907 -0.293367 -4.761483 -2.756166
-6.937744 -36.81882 15.00866 -1.718855 -0.43702 -3.266997 -2.437161 -3.819947 -3.323899
-8.937744 -36.81882 15.00866 -2.136722 0.706732 -1.667429 0.547691 -0.940301 -1.046813
-10.93774 -36.81882 15.00866 -1.051947 0.734913 0.53659 1.903025 0.474888 -0.008622
17.06226 -38.81882 15.00866 2.684684 2.986907 4.588122 5.098931 1.832129 3.288585
15.06226 -38.81882 15.00866 4.89354 5.254453 8.004743 7.818061 5.429765 4.503541
9.062256 -38.81882 15.00866 2.816811 4.383039 2.229542 4.110498 -1.698439 -0.639998
7.062256 -38.81882 15.00866 0.59691 0.7924 0.420614 2.009816 -3.279114 -2.127366
5.062256 -38.81882 15.00866 0.933263 1.091454 4.701225 7.523804 -3.769798 -2.004644
-0.937744 -38.81882 15.00866 -0.908295 0.668573 -0.134474 2.114316 1.308865 1.147408
-2.937744 -38.81882 15.00866 -2.532307 -1.881978 -0.857143 0.978336 -4.014633 -2.842336
-4.937744 -38.81882 15.00866 -0.25589 -0.000194 -2.996452 -2.396183 -1.255312 -1.026882
15.06226 -40.81882 15.00866 2.561931 1.612751 3.455877 2.006931 2.373663 1.5082
13.06226 -40.81882 15.00866 4.910075 4.050879 4.804314 4.464562 5.061919 3.306121
11.06226 -40.81882 15.00866 6.892903 7.870838 9.037482 10.71697 5.25648 4.501822
9.062256 -40.81882 15.00866 6.63548 9.415145 7.105645 10.65518 -0.19792 1.063201
7.062256 -40.81882 15.00866 3.580926 4.824979 3.816622 6.974571 -2.514858 -0.770541
5.062256 -40.81882 15.00866 0.877808 1.402143 2.878137 5.614184 -1.309285 0.409914
-2.937744 -40.81882 15.00866 -1.878361 -1.649329 1.539214 1.412395 0.399695 -0.260166
-4.937744 -40.81882 15.00866 -1.428956 -1.103758 1.636017 1.588235 0.978949 -0.364842
-6.937744 -40.81882 15.00866 1.086186 1.878934 2.407558 4.614714 1.555164 0.964198
7.062256 -42.81882 15.00866 4.127163 5.59365 7.615072 9.892128 -0.005233 0.933372
5.062256 -42.81882 15.00866 1.133592 2.324041 2.979836 5.262869 -1.893063 0.346893
1.062256 -42.81882 15.00866 -1.902283 -0.071329 -3.235961 -1.484293 -4.972441 -3.514101
-0.937744 -42.81882 15.00866 0.520167 0.316885 0.423025 2.542208 -2.241024 -0.938559
-2.937744 -42.81882 15.00866 -0.688813 -0.357922 1.59137 1.835999 1.548373 0.955483
-4.937744 -42.81882 15.00866 -1.903304 -0.641428 1.68682 1.749353 1.945167 0.641957
-6.937744 -42.81882 15.00866 -1.247925 -0.259307 1.053503 2.965072 -0.49194 -0.272093
17.06226 -44.81882 15.00866 1.432183 0.951497 3.452542 3.502825 0.712583 0.206978
9.062256 -44.81882 15.00866 1.560729 2.048374 5.688493 5.738894 3.007654 2.068867
7.062256 -44.81882 15.00866 3.48081 5.448465 8.276995 9.523338 1.727595 1.65516
5.062256 -44.81882 15.00866 2.756406 4.236592 3.767304 5.539104 -1.425891 -0.38498
3.062256 -44.81882 15.00866 -0.067326 2.284508 -2.242634 0.459031 -3.794526 -2.325722
1.062256 -44.81882 15.00866 -1.279775 -0.869928 -2.86961 -1.279196 -5.485835 -4.159626
-0.937744 -44.81882 15.00866 -0.60186 -1.438331 -0.494696 0.615314 -2.908233 -1.986004
-2.937744 -44.81882 15.00866 -1.034935 0.419943 -0.235336 1.444794 -2.482036 -1.112681
-4.937744 -44.81882 15.00866 -0.72486 0.777533 0.761384 1.355104 0.449158 0.89664
15.06226 -46.81882 15.00866 2.320261 1.401819 3.724722 2.537485 3.186635 2.151664
13.06226 -46.81882 15.00866 0.451536 0.558646 1.250146 2.031956 1.458393 0.611352
11.06226 -46.81882 15.00866 0.152543 0.601969 1.922486 2.88607 2.309902 1.669389
9.062256 -46.81882 15.00866 0.976805 0.703113 2.167771 1.881993 2.097996 2.009605
7.062256 -46.81882 15.00866 1.740219 3.128684 6.417626 7.763102 1.050365 1.579952
3.062256 -46.81882 15.00866 -2.924376 0.216158 -7.328917 -2.990953 -6.386777 -4.200752
1.062256 -46.81882 15.00866 -1.131057 -0.676098 -5.295607 -3.200911 -5.196562 -3.617366
15.06226 -48.81882 15.00866 2.312818 1.184246 2.745237 0.642346 1.378416 0.531515
13.06226 -48.81882 15.00866 -0.388482 -0.143102 0.159285 0.794273 -0.647814 0.010004
11.06226 -48.81882 15.00866 -0.46923 -0.651504 0.993054 1.802092 -0.338064 0.433749
3.062256 -48.81882 15.00866 -2.36126 -1.339415 -5.680852 -2.530748 -5.158281 -3.120018
1.062256 -48.81882 15.00866 0.415494 -0.202281 -2.442595 -1.272994 -1.836197 -1.495037
1.062256 -50.81882 15.00866 0.182673 0.697105 -2.592167 -1.232952 -1.121771 -0.473937
-0.937744 -50.81882 15.00866 0.883564 0.680809 0.411769 1.044082 -0.842573 -0.375543
-2.937744 -50.81882 15.00866 1.347213 1.46001 0.02981 0.775461 -1.359034 -0.725579
-4.937744 -50.81882 15.00866 0.341842 0.605862 -0.461469 0.09379 -0.945496 -0.917054
-0.937744 -52.81882 15.00866 -1.887704 -1.702485 -1.84657 -1.528209 -2.495435 -2.765372
-2.937744 -52.81882 15.00866 0.641115 0.552887 -0.304693 0.469649 -1.253004 -1.033888
-4.937744 -52.81882 15.00866 0.814432 1.153937 1.4274 3.262078 0.155649 0.048351
-10.93774 -28.81882 17.00866 -0.737509 -0.125482 1.189235 2.836351 -0.248092 0.703955
-12.93774 -28.81882 17.00866 -1.116161 -0.861902 -0.054422 0.811668 -0.70961 -0.053563
-10.93774 -30.81882 17.00866 -1.077433 -0.545007 0.791176 1.862219 0.998654 0.458434
-12.93774 -30.81882 17.00866 -0.208599 -0.122924 1.922256 1.71904 0.550385 0.238034
-12.93774 -32.81882 17.00866 1.295051 -0.092577 4.231898 3.229416 3.521749 1.439716
17.06226 -34.81882 17.00866 2.008356 1.617266 1.22863 1.392992 3.688984 2.322294
15.06226 -34.81882 17.00866 0.713175 1.403761 1.443285 1.671885 2.135354 1.451623
13.06226 -34.81882 17.00866 2.451537 2.303886 2.210276 1.222372 1.621845 1.481134
11.06226 -34.81882 17.00866 3.887177 2.672722 3.525347 1.874214 3.494969 2.44371
9.062256 -34.81882 17.00866 3.963473 3.191954 3.790917 3.188934 4.805642 3.312951
7.062256 -34.81882 17.00866 5.145561 4.768686 3.594367 2.421376 5.398189 3.817617
5.062256 -34.81882 17.00866 3.855706 4.128391 2.785937 1.305629 2.946235 2.645207
-2.937744 -34.81882 17.00866 0.935976 -0.417258 2.587162 1.492829 2.408602 0.909645
-10.93774 -34.81882 17.00866 2.585737 2.498426 1.958948 1.511448 3.390903 2.472423
-12.93774 -34.81882 17.00866 2.49591 1.339337 3.121561 2.723844 5.272812 3.589118
17.06226 -36.81882 17.00866 2.985848 2.341638 1.864699 1.698362 2.491067 2.236933
15.06226 -36.81882 17.00866 1.101828 1.453632 0.685073 1.553473 0.347594 1.059088
13.06226 -36.81882 17.00866 -0.676503 0.622555 -1.654427 -0.005611 -2.765881 -0.438153
11.06226 -36.81882 17.00866 1.070844 1.218944 2.234676 2.973033 0.822142 1.136638
9.062256 -36.81882 17.00866 2.55329 2.232287 3.111288 3.014612 3.380354 2.394109
7.062256 -36.81882 17.00866 1.658545 1.114294 -0.224587 -1.066009 1.579514 0.967224
5.062256 -36.81882 17.00866 3.524663 3.035818 5.012743 3.807384 1.487992 1.045825
-0.937744 -36.81882 17.00866 1.446623 0.880882 3.304559 1.813282 3.186817 1.491631
-2.937744 -36.81882 17.00866 -0.256477 -0.321599 0.064209 -0.442979 0.897698 0.234948
-4.937744 -36.81882 17.00866 -0.405568 -0.206175 -1.391514 -3.074755 2.682597 0.49593
-6.937744 -36.81882 17.00866 0.940074 0.260136 0.588938 -0.946328 1.991478 -0.452393
-8.937744 -36.81882 17.00866 2.382097 2.693882 1.924196 2.271642 0.345606 -0.601105
-10.93774 -36.81882 17.00866 3.496451 5.118334 3.38171 4.619641 2.508754 2.207175
17.06226 -38.81882 17.00866 2.471769 2.239632 2.263446 2.630389 0.926461 1.748627
15.06226 -38.81882 17.00866 2.00767 2.288527 2.87828 4.394909 1.408952 2.453929
13.06226 -38.81882 17.00866 1.663441 2.032498 2.323335 3.7911 0.455533 1.27384
11.06226 -38.81882 17.00866 1.860064 0.769529 3.331644 2.573085 1.739736 0.685832
9.062256 -38.81882 17.00866 3.955999 3.108558 2.777958 2.039114 0.641146 0.345004
7.062256 -38.81882 17.00866 1.738041 1.269939 -0.743624 -0.487375 -2.135979 -1.218475
1.062256 -38.81882 17.00866 -0.87514 -1.248293 -2.322195 -3.029378 1.729274 0.834194
-0.937744 -38.81882 17.00866 -0.815527 -0.253087 0.855233 1.316486 3.35358 2.213815
-8.937744 -38.81882 17.00866 6.682787 6.454909 7.532887 7.442419 3.805261 2.780375
17.06226 -40.81882 17.00866 1.774224 2.276819 1.530369 1.852929 -2.686619 -1.936609
15.06226 -40.81882 17.00866 2.121336 2.192468 -0.136779 0.46082 -1.086733 -0.134506
7.062256 -40.81882 17.00866 2.208825 2.874352 0.688416 1.770477 -2.737902 -1.261796
1.062256 -40.81882 17.00866 -0.300481 -0.256088 -2.219735 -2.641131 0.068166 -0.4662
-0.937744 -40.81882 17.00866 -0.197214 0.331967 0.158629 1.182196 0.136639 0.482667
-2.937744 -40.81882 17.00866 -1.458375 -0.916545 0.740022 0.907153 -0.663682 -0.145289
-4.937744 -40.81882 17.00866 -0.071509 0.147606 2.517945 2.033312 1.799533 0.608567
15.06226 -42.81882 17.00866 -0.327441 0.837236 -1.443109 0.27151 -4.959736 -2.604838
13.06226 -42.81882 17.00866 -1.357357 -0.489902 -2.726143 -2.138354 -1.644519 -0.904346
11.06226 -42.81882 17.00866 -1.151598 -1.900117 -0.409468 -1.874067 -2.80684 -2.594324
9.062256 -42.81882 17.00866 1.893085 2.368347 4.171253 3.569226 -1.258968 -0.536641
7.062256 -42.81882 17.00866 2.198832 4.113231 6.844162 9.154964 -1.360592 0.584708
5.062256 -42.81882 17.00866 0.561522 1.929608 1.160258 2.979023 -4.051561 -1.487492
-0.937744 -42.81882 17.00866 -1.214723 -1.037456 -0.290274 2.07998 -3.396937 -2.024131
-2.937744 -42.81882 17.00866 -2.875247 -2.118483 -0.02806 1.55828 -3.093111 -2.009623
-4.937744 -42.81882 17.00866 -1.658694 -1.495355 1.099798 1.090552 0.213902 -0.830558
-6.937744 -42.81882 17.00866 0.263013 0.078439 0.495867 0.256753 0.404643 -0.638597
13.06226 -44.81882 17.00866 0.338959 0.664444 2.484599 2.467645 2.325642 1.606031
11.06226 -44.81882 17.00866 -1.159505 -0.348692 0.091705 0.248509 -2.745862 -2.090439
7.062256 -44.81882 17.00866 4.83224 7.584598 13.05689 17.02714 1.404472 3.319103
5.062256 -44.81882 17.00866 7.068984 9.510508 8.782615 12.35527 -1.743224 1.329916
1.062256 -44.81882 17.00866 -1.715023 -1.195655 -0.068641 1.971694 -3.413001 -2.673052
-0.937744 -44.81882 17.00866 -5.220025 -3.997197 -1.347908 2.242831 -4.481685 -2.727585
-2.937744 -44.81882 17.00866 -4.795055 -2.642446 -1.633142 1.539501 -6.090547 -3.515601
-4.937744 -44.81882 17.00866 -1.31795 -0.498557 -0.270207 0.697246 -2.207597 -1.409189
-6.937744 -44.81882 17.00866 0.264917 -0.099862 -0.290528 -0.392534 0.299981 -0.429104
9.062256 -46.81882 17.00866 -1.033354 0.184509 -1.918568 -0.122992 -5.165321 -2.667973
7.062256 -46.81882 17.00866 5.134635 6.350092 12.38298 15.0981 3.28801 4.01475
1.062256 -46.81882 17.00866 -1.4689 -1.50424 -2.406045 -0.820053 -1.722568 -2.595358
-0.937744 -46.81882 17.00866 -4.07567 -3.334342 0.24408 2.607282 -1.168387 -1.20605
-2.937744 -46.81882 17.00866 -4.140679 -2.406896 -0.171713 2.113264 -4.501611 -2.881474
-4.937744 -46.81882 17.00866 -2.215361 -0.983622 -2.585334 -1.403301 -5.791665 -3.524313
15.06226 -48.81882 17.00866 0.972352 0.264297 2.617359 1.424964 -0.810403 -1.127033
13.06226 -48.81882 17.00866 0.479355 1.180996 1.152382 2.500873 -3.71234 -1.567343
11.06226 -48.81882 17.00866 -1.178769 -0.10644 -1.617796 1.91705 -9.04046 -4.097084
9.062256 -48.81882 17.00866 -0.893442 0.306179 -0.38553 1.71059 -6.494671 -2.912851
1.062256 -48.81882 17.00866 -1.851945 -2.34721 -2.74697 -1.875922 -4.626018 -4.354291
-0.937744 -48.81882 17.00866 -1.693807 -1.442835 2.27836 3.743026 -0.885726 -0.61336
-2.937744 -48.81882 17.00866 -1.892184 -0.812233 1.349503 2.262595 -0.098624 0.069354
-4.937744 -48.81882 17.00866 -2.264645 -0.739299 -1.279108 -0.75506 -0.559692 -0.64045
15.06226 -50.81882 17.00866 0.360595 0.312862 1.174976 1.017293 -1.589769 -1.145939
13.06226 -50.81882 17.00866 0.379066 0.65132 1.524282 2.546391 -3.140643 -1.810769
11.06226 -50.81882 17.00866 -1.358492 -0.802077 1.66195 3.535494 -3.808128 -1.935115
-0.937744 -50.81882 17.00866 -1.733507 -0.386441 -0.251822 1.342209 -2.520163 -1.911544
-2.937744 -50.81882 17.00866 0.728472 1.535932 0.954549 1.742289 -1.62499 -1.176834
-2.937744 -52.81882 17.00866 1.183792 1.770334 1.745039 2.399531 1.434086 0.919059
-4.937744 -52.81882 17.00866 0.769497 1.906858 4.875692 5.982296 2.501602 1.192742
-2.937744 -54.81882 17.00866 -2.550407 -2.074911 0.291192 1.191609 3.336539 1.255904
-4.937744 -54.81882 17.00866 1.398452 3.091864 4.09413 5.947927 4.979853 3.020036
-10.93774 -26.81882 19.00866 1.303474 1.680542 0.728719 1.497822 2.52224 2.255229
-10.93774 -28.81882 19.00866 -1.403511 -1.608995 -2.623889 -1.993532 -1.368737 -0.647121
-12.93774 -28.81882 19.00866 1.019824 -0.599149 0.324551 -0.86671 -0.363579 -0.890247
7.062256 -30.81882 19.00866 0.00276 0.455534 2.21252 2.848596 -0.080471 0.081099
-10.93774 -30.81882 19.00866 -0.741934 -1.292122 -0.892937 -0.600496 -1.052064 -1.358454
-12.93774 -30.81882 19.00866 2.086323 0.793676 2.101395 0.980964 0.309413 -0.115116
7.062256 -32.81882 19.00866 -0.07989 0.143433 3.670165 4.777614 -0.23726 0.791677
5.062256 -32.81882 19.00866 1.016946 1.130436 5.514535 7.758418 1.463822 2.446167
-10.93774 -32.81882 19.00866 1.21304 0.345615 2.98846 3.386593 1.146888 -0.005969
-12.93774 -32.81882 19.00866 2.422764 0.366294 3.589913 1.982056 2.854391 1.009966
5.062256 -34.81882 19.00866 -0.880194 -1.159053 3.157287 3.430761 -1.151585 -0.128678
3.062256 -34.81882 19.00866 -3.597577 -3.931657 -0.610551 -0.942156 -3.206832 -2.122121
-8.937744 -34.81882 19.00866 1.544952 1.319105 1.715615 2.015036 -0.146634 0.182421
-10.93774 -34.81882 19.00866 3.192953 2.678307 4.011737 3.663769 1.601663 1.237445
17.06226 -36.81882 19.00866 0.308833 0.666373 0.934685 1.279182 0.294398 0.487747
15.06226 -36.81882 19.00866 0.959493 0.928611 2.278396 2.063899 1.17404 0.163372
5.062256 -36.81882 19.00866 0.253246 -0.57237 2.840567 2.968493 -0.897753 -0.507688
-0.937744 -36.81882 19.00866 2.594622 2.564251 7.402076 7.650255 4.987411 3.342518
-2.937744 -36.81882 19.00866 2.011288 2.143333 4.160803 5.32301 4.40737 3.385887
-4.937744 -36.81882 19.00866 -0.333514 -0.733115 -0.144159 -1.392934 2.841921 0.998534
-6.937744 -36.81882 19.00866 0.743702 -1.095748 0.145196 -2.040758 1.11213 -0.949484
-8.937744 -36.81882 19.00866 4.449667 3.599621 4.319013 4.864956 -0.19813 -0.208947
-10.93774 -36.81882 19.00866 3.321569 3.821734 3.539499 5.559683 -2.104023 0.159961
17.06226 -38.81882 19.00866 2.681225 2.498568 3.991493 5.518227 2.20462 2.742172
15.06226 -38.81882 19.00866 3.875424 3.710443 5.201419 5.816227 3.750563 2.994119
13.06226 -38.81882 19.00866 2.034737 1.94167 3.968964 3.652066 1.724721 0.50909
11.06226 -38.81882 19.00866 1.36483 0.058551 3.814165 1.806316 0.962628 -0.659624
9.062256 -38.81882 19.00866 3.013024 2.006048 3.987068 2.324619 2.281147 1.016305
7.062256 -38.81882 19.00866 0.615239 0.049044 1.74321 1.903211 -0.006395 -0.267874
5.062256 -38.81882 19.00866 -0.297586 -0.960913 0.899815 1.141869 -1.498814 -1.800658
1.062256 -38.81882 19.00866 1.770016 1.261433 1.495289 0.651588 4.650678 2.335008
-0.937744 -38.81882 19.00866 2.933031 3.74641 7.52037 8.356187 5.537422 2.995128
-2.937744 -38.81882 19.00866 1.934628 2.903542 5.628062 6.654246 6.153326 4.254925
-4.937744 -38.81882 19.00866 2.546226 2.182732 2.903816 0.946317 7.850219 4.928877
-6.937744 -38.81882 19.00866 6.041336 3.686608 5.687222 2.253077 6.703108 3.102999
-8.937744 -38.81882 19.00866 8.261827 6.59109 9.815862 9.760325 3.99447 2.334743
17.06226 -40.81882 19.00866 2.658592 2.931219 2.807133 3.89502 -0.930036 -0.219979
13.06226 -40.81882 19.00866 0.639781 0.559985 0.262491 0.227242 0.597104 -0.31935
11.06226 -40.81882 19.00866 -0.296445 -0.995154 1.014881 -0.800565 1.221026 -0.081686
9.062256 -40.81882 19.00866 1.167747 1.017822 -0.237839 -1.619512 0.100256 0.044177
7.062256 -40.81882 19.00866 -0.242593 -0.352941 -0.332857 -0.241446 -1.824603 -1.282364
5.062256 -40.81882 19.00866 -0.513525 -0.812487 -0.269855 -1.014032 -1.769502 -1.82802
1.062256 -40.81882 19.00866 1.405081 1.870179 0.094984 -0.827136 1.942105 0.081747
15.06226 -42.81882 19.00866 -0.259332 0.880542 -3.182056 -1.961841 -5.671895 -3.177543
13.06226 -42.81882 19.00866 -2.296533 -2.036513 -3.707007 -3.113364 -5.418581 -3.759189
-0.937744 -42.81882 19.00866 -3.056075 -2.439509 -4.015385 -2.956534 -4.464388 -2.981951
-2.937744 -42.81882 19.00866 -2.237692 -2.066149 -0.198602 0.532758 -1.428342 -1.507629
-4.937744 -42.81882 19.00866 1.767146 0.805571 4.787881 3.73022 5.21731 2.204617
-6.937744 -42.81882 19.00866 4.691578 4.021771 5.259014 4.276484 6.982509 3.852369
15.06226 -44.81882 19.00866 0.307099 0.987637 -0.527346 0.823109 -3.690168 -1.189287
13.06226 -44.81882 19.00866 -0.148191 -0.823615 -1.280994 -1.543394 -4.365397 -2.406099
11.06226 -44.81882 19.00866 -1.759663 -1.048105 -4.126667 -4.125243 -8.074868 -5.201756
9.062256 -44.81882 19.00866 -1.288994 0.076127 -2.842699 -2.495521 -6.772038 -3.9567
7.062256 -44.81882 19.00866 -0.878632 0.764141 3.730731 5.580178 -2.568012 -0.390491
-6.937744 -44.81882 19.00866 3.83189 3.215997 3.419227 3.030525 5.826494 3.396525
13.06226 -46.81882 19.00866 -0.463729 -0.614076 -2.985729 -2.1317 -7.015413 -2.88811
11.06226 -46.81882 19.00866 -3.681059 -2.447845 -8.71499 -5.814375 -15.70095 -7.837692
9.062256 -46.81882 19.00866 -4.827981 -3.283118 -8.580599 -6.345167 -11.68967 -6.430983
7.062256 -46.81882 19.00866 -0.039188 1.049457 2.657424 4.252295 -2.053746 0.134571
-2.937744 -46.81882 19.00866 -2.755211 -2.967276 -0.610531 -0.188241 -2.356763 -2.181762
-6.937744 -46.81882 19.00866 0.598292 0.727996 -1.975323 -2.082063 -1.520164 -1.192328
11.06226 -48.81882 19.00866 -7.011642 -5.384146 -11.22197 -5.979989 -21.18542 -10.19551
9.062256 -48.81882 19.00866 -5.200089 -4.208157 -9.382362 -6.451177 -15.12985 -7.667026
-0.937744 -48.81882 19.00866 -1.612564 -0.214004 0.127529 -0.149877 -2.051298 -1.802813
-2.937744 -48.81882 19.00866 -3.555723 -3.011743 -1.463196 -2.454443 -2.252444 -2.057467
-4.937744 -48.81882 19.00866 -2.456693 -2.237486 -2.486594 -3.808304 -2.262487 -2.491802
-6.937744 -48.81882 19.00866 -1.057533 -0.671241 -2.130334 -2.660942 -1.822252 -1.456249
17.06226 -50.81882 19.00866 -0.659961 -0.203651 0.290355 0.921169 -1.33412 -0.858272
15.06226 -50.81882 19.00866 0.645637 0.751044 1.644878 2.228521 -2.110078 -1.55748
13.06226 -50.81882 19.00866 -1.551932 -0.778709 -1.163383 0.498282 -6.316272 -3.534841
11.06226 -50.81882 19.00866 -7.636906 -6.130812 -9.228879 -4.694336 -16.98298 -9.103061
-0.937744 -50.81882 19.00866 -3.757431 -1.094175 -3.011076 -2.891081 -3.92222 -3.607575
-2.937744 -50.81882 19.00866 -3.460524 -2.247969 -3.348899 -3.409351 -5.08657 -3.878472
-4.937744 -50.81882 19.00866 -3.086053 -1.754118 -2.196237 -1.396801 -4.788999 -3.588085
-6.937744 -50.81882 19.00866 -2.468992 -1.374298 -3.282246 -1.603579 -3.979653 -2.507929
15.06226 -52.81882 19.00866 0.552501 1.012382 1.069672 2.205738 -1.998413 -1.380206
13.06226 -52.81882 19.00866 -0.012459 -0.172105 0.030174 0.191321 -2.616708 -1.392334
-2.937744 -52.81882 19.00866 -4.364019 -3.300442 -4.179026 -4.511912 -4.205232 -3.4967
-4.937744 -52.81882 19.00866 -1.696224 -1.203382 0.496166 0.113149 -1.971236 -2.025013
-4.937744 -54.81882 19.00866 0.138463 1.182899 0.804859 0.382864 0.716687 -0.073657
-12.93774 -30.81882 21.00866 1.132849 0.467314 0.067064 -0.470387 -1.125875 -0.15609
7.062256 -32.81882 21.00866 -2.729391 -2.680469 -0.983769 -0.446399 -0.433663 -0.605133
5.062256 -32.81882 21.00866 0.82176 0.066138 3.72396 3.297984 1.784454 0.657332
-10.93774 -32.81882 21.00866 -1.891484 -1.96807 0.440946 1.33198 -2.713064 -1.701767
-12.93774 -32.81882 21.00866 -1.752544 -2.564575 0.011624 -0.59595 -3.613809 -2.553874
9.062256 -34.81882 21.00866 -0.838888 -0.703656 -1.210844 -1.001457 -2.109393 -1.001727
7.062256 -34.81882 21.00866 -3.822542 -3.50507 -1.616267 -0.803061 -4.204221 -2.722283
5.062256 -34.81882 21.00866 -1.262403 -0.854867 3.087673 5.053604 -1.763711 -1.191648
-8.937744 -34.81882 21.00866 -3.303351 -2.597314 0.09034 0.934397 -1.059218 -0.17824
-10.93774 -34.81882 21.00866 -3.042363 -2.362652 -1.257421 -1.273455 -3.379074 -1.808915
9.062256 -36.81882 21.00866 3.218267 2.652065 1.51574 0.988326 -1.733239 -1.001794
7.062256 -36.81882 21.00866 0.426961 0.748075 -0.882753 -0.219751 -2.166665 -0.406024
5.062256 -36.81882 21.00866 2.274791 2.900658 4.210134 6.509067 -0.200021 1.17795
-4.937744 -36.81882 21.00866 -1.971365 -2.909204 0.452026 0.325813 0.261266 -0.051605
-6.937744 -36.81882 21.00866 1.333029 -0.782723 4.746646 3.19958 2.146479 0.491646
-8.937744 -36.81882 21.00866 2.396654 1.76727 5.227957 5.075412 0.914834 1.27326
-10.93774 -36.81882 21.00866 -1.093073 -0.458527 1.249465 2.717232 -4.958519 -1.200304
17.06226 -38.81882 21.00866 2.166219 2.460461 4.056326 5.685562 -0.153918 0.889149
15.06226 -38.81882 21.00866 1.932711 1.572504 3.580812 3.625201 0.096818 0.482097
7.062256 -38.81882 21.00866 0.646848 -0.430803 2.798414 2.709839 1.660358 0.156164
5.062256 -38.81882 21.00866 3.371539 2.179034 4.66185 5.474613 0.921862 0.273757
-0.937744 -38.81882 21.00866 0.212747 1.133967 3.354564 3.277075 0.954227 -1.313226
-2.937744 -38.81882 21.00866 -0.558898 -0.528957 4.420966 4.07992 2.922326 0.868629
-4.937744 -38.81882 21.00866 0.588079 -0.418648 3.053407 2.239929 3.573184 2.120276
-6.937744 -38.81882 21.00866 6.693562 3.684544 8.892566 6.331866 6.21538 3.034889
17.06226 -40.81882 21.00866 1.355567 0.413994 2.070646 2.400001 0.515195 0.239719
15.06226 -40.81882 21.00866 1.222512 0.668548 2.40774 2.131921 1.063772 0.420127
13.06226 -40.81882 21.00866 0.026025 -0.372837 1.033841 -0.613979 0.576379 -0.728754
11.06226 -40.81882 21.00866 -0.825967 -1.872731 1.21805 -0.556172 1.016034 -0.337225
9.062256 -40.81882 21.00866 0.172345 -1.768262 2.100713 0.674061 1.743617 0.303942
7.062256 -40.81882 21.00866 1.583597 0.106902 2.379374 2.207465 0.155695 -0.56474
5.062256 -40.81882 21.00866 3.928513 2.774874 4.060884 3.40783 0.814998 -0.268698
1.062256 -40.81882 21.00866 -2.307158 -1.056573 -1.981506 -3.001446 -2.31843 -3.63448
-0.937744 -40.81882 21.00866 -1.63256 -1.45585 -0.440196 -2.09483 -0.966071 -2.986468
-2.937744 -40.81882 21.00866 -0.597282 -1.109292 3.537096 1.854768 1.004031 -0.906826
-4.937744 -40.81882 21.00866 1.387622 0.906657 4.165909 3.111039 2.249593 0.804301
17.06226 -42.81882 21.00866 -0.210811 -1.410485 -1.610284 -2.855688 -0.482273 -0.649804
11.06226 -42.81882 21.00866 -0.755874 -1.709034 -0.387489 -1.51434 -1.4612 -2.177261
9.062256 -42.81882 21.00866 1.57125 -0.633568 1.644233 -0.133908 2.276069 0.787176
7.062256 -42.81882 21.00866 3.668723 1.928113 3.869598 2.926723 1.736572 0.767317
1.062256 -42.81882 21.00866 -5.162158 -3.278922 -4.906951 -5.320505 -3.881226 -3.484212
-0.937744 -42.81882 21.00866 -2.866656 -3.653924 -4.284398 -6.403534 -2.032296 -3.047473
15.06226 -44.81882 21.00866 1.753761 1.743 2.032613 1.169445 1.376188 1.329106
13.06226 -44.81882 21.00866 1.475429 1.922997 1.21469 0.915718 -1.495198 -0.476503
11.06226 -44.81882 21.00866 0.974505 0.906082 -0.422418 -1.137556 -2.972154 -2.435445
15.06226 -46.81882 21.00866 0.042496 -0.115848 -0.394971 -1.564315 -0.508863 0.439288
13.06226 -46.81882 21.00866 -1.234392 -0.348056 -1.975775 -1.890255 -4.840984 -2.03324
11.06226 -46.81882 21.00866 -2.886741 -0.837566 -3.9326 -1.540594 -10.55655 -5.700019
15.06226 -48.81882 21.00866 -1.646563 -1.236442 0.860749 0.574777 -1.168333 0.086229
13.06226 -48.81882 21.00866 -5.251816 -3.481899 -2.716099 -1.109586 -7.527055 -3.364597
11.06226 -48.81882 21.00866 -8.321776 -5.16258 -6.762758 -1.509796 -16.47141 -8.009825
17.06226 -50.81882 21.00866 -3.355467 -2.325715 0.63263 1.733339 -2.812246 -1.603055
15.06226 -50.81882 21.00866 -3.074672 -1.216322 1.506271 3.757623 -2.897817 -0.854651
13.06226 -50.81882 21.00866 -5.966619 -4.042465 -2.293462 0.166588 -7.796177 -3.466717
-4.937744 -50.81882 21.00866 -4.255682 -3.287401 -4.06249 -2.351835 -5.237649 -3.089455
15.06226 -52.81882 21.00866 -3.883183 -2.005195 -0.86028 2.446719 -6.046173 -3.119883
-12.93774 -30.81882 23.00866 -0.563868 -1.007915 -0.984575 -1.077294 -0.09703 0.211354
-14.93774 -30.81882 23.00866 1.432829 0.781131 1.641881 1.260667 1.673496 1.205248
7.062256 -32.81882 23.00866 -5.962904 -4.513504 -3.425962 -2.77929 -0.904727 -1.584727
-12.93774 -32.81882 23.00866 -0.799049 -1.646847 -0.419923 -0.621462 -0.870673 -1.163169
-14.93774 -32.81882 23.00866 0.511763 -0.055677 0.9051 0.495975 1.358473 1.138317
-8.937744 -34.81882 23.00866 -2.497537 -2.682381 0.221555 0.713346 0.993523 0.81314
-10.93774 -34.81882 23.00866 -0.36046 -0.437762 0.351192 0.250296 0.716285 -0.060962
-12.93774 -34.81882 23.00866 0.252415 -0.407243 2.184388 1.784892 -0.253087 -0.687393
9.062256 -36.81882 23.00866 3.033786 3.532665 3.436468 6.13799 -0.750358 1.837583
7.062256 -36.81882 23.00866 3.329813 5.53408 2.383081 6.27055 -2.118973 1.901128
5.062256 -36.81882 23.00866 5.45792 8.237542 7.355634 11.00179 1.211776 3.856738
-4.937744 -36.81882 23.00866 -0.631308 -0.752733 -0.172098 0.00715 -0.860974 -0.10613
-6.937744 -36.81882 23.00866 1.282863 0.817125 4.343166 4.238667 2.037682 1.822254
-8.937744 -36.81882 23.00866 3.852754 3.711136 7.010308 6.526848 4.748839 3.929541
-10.93774 -36.81882 23.00866 4.799364 4.106003 8.155223 7.313793 5.728338 4.151659
-12.93774 -36.81882 23.00866 3.298546 2.271063 7.639515 7.0211 5.024548 3.406685
11.06226 -38.81882 23.00866 2.045109 1.654266 4.606115 5.900982 2.373615 2.026954
9.062256 -38.81882 23.00866 3.466769 2.099376 6.58113 7.496937 4.197069 3.593215
7.062256 -38.81882 23.00866 4.210745 4.000288 6.896459 9.719765 3.352776 3.849503
5.062256 -38.81882 23.00866 4.637394 5.232252 7.410122 10.8584 2.761225 3.849627
-0.937744 -38.81882 23.00866 -1.127669 -0.545559 -0.679059 -0.773017 0.167552 -0.727332
-2.937744 -38.81882 23.00866 0.42026 -0.178485 1.876301 1.388461 0.803499 -0.211783
-4.937744 -38.81882 23.00866 3.536374 3.013259 3.614853 4.330763 1.151219 1.210636
17.06226 -40.81882 23.00866 -0.392717 -1.043816 0.831516 -0.059298 1.221769 0.582928
15.06226 -40.81882 23.00866 0.677497 0.047644 3.080844 2.531369 1.173577 0.486477
7.062256 -40.81882 23.00866 4.963218 4.628956 7.533707 9.26435 2.496953 2.860714
5.062256 -40.81882 23.00866 6.359838 6.399312 7.075143 8.756198 3.357284 3.60342
-0.937744 -40.81882 23.00866 -0.148222 -0.700873 -1.212267 -1.796631 -0.204715 -1.552754
-2.937744 -40.81882 23.00866 3.106245 2.455704 3.167324 2.705589 1.633499 0.254434
11.06226 -42.81882 23.00866 1.994719 0.785562 3.74695 3.47703 2.391579 1.061022
9.062256 -42.81882 23.00866 2.561691 0.074262 5.696849 4.713275 3.601238 1.677851
7.062256 -42.81882 23.00866 5.952908 4.777919 8.192537 8.047661 3.462019 2.375428
5.062256 -42.81882 23.00866 5.08645 5.143201 6.36666 7.349455 4.724092 3.800883
-12.93774 -34.81882 25.00866 1.132887 -0.329908 -0.724742 -2.948185 0.265724 -0.459919
-14.93774 -34.81882 25.00866 0.099556 0.226829 -0.813079 -1.306487 1.720498 1.346197
-8.937744 -36.81882 25.00866 2.676097 3.325802 5.272339 4.43612 4.241695 3.186855
-10.93774 -36.81882 25.00866 5.113727 4.712834 7.259358 6.107807 4.51917 3.562913
-4.937744 -38.81882 25.00866 4.067947 3.593935 3.95749 5.627734 0.847306 0.422544
-6.937744 -38.81882 25.00866 6.08856 5.842664 10.11805 11.35133 5.780991 4.12111
9.062256 -40.81882 25.00866 4.535864 5.10167 8.81319 10.52498 4.994669 4.733941
7.062256 -40.81882 25.00866 7.116311 7.53732 13.07379 16.54821 4.961348 5.583692
5.062256 -40.81882 25.00866 3.798715 5.238109 7.214583 11.14452 2.110955 3.41053
-2.937744 -40.81882 25.00866 4.328422 4.557433 3.929861 5.360613 2.633114 1.397514
-4.937744 -40.81882 25.00866 7.181727 6.570771 8.143946 9.662306 3.928281 2.618626
