-2.856766 -14.32407 -2.107178 3.034801 1.89802 4.75184 2.847645 2.585498 1.211573
1.143234 -16.32407 -2.107178 3.483659 0.528692 5.932301 2.753537 -1.490123 -1.231047
-0.856766 -16.32407 -2.107178 5.855294 4.210446 3.898275 1.210062 -0.896147 -1.569829
-2.856766 -14.32407 -0.107178 -0.574207 -0.831373 -2.636055 -0.886704 0.505643 1.078984
-0.856766 -16.32407 -0.107178 2.915361 2.105276 1.096744 0.348293 -4.037335 -2.070545
-2.856766 -16.32407 -0.107178 0.15733 -0.213723 -1.759222 -0.298467 -0.82577 -0.120743
5.143234 -22.32407 -0.107178 0.849221 -1.893072 3.39921 0.44151 -0.416835 -1.853173
3.143234 -22.32407 -0.107178 0.446219 -3.069898 3.110648 0.070214 0.282168 -0.495042
-0.856766 -22.32407 -0.107178 3.018554 2.534924 -1.033732 -1.215921 -0.298349 -0.785968
-0.856766 -24.32407 -0.107178 0.80226 -0.029854 -2.900459 -2.886622 -2.052905 -3.928233
-2.856766 -10.32407 1.892822 0.723958 0.05914 -0.687061 -0.926568 -1.619336 0.315638
-2.856766 -12.32407 1.892822 1.628826 1.443971 -1.153278 0.441536 -1.589643 0.649293
-2.856766 -14.32407 1.892822 -0.416265 -0.065769 -1.352645 -0.289967 -0.611387 1.117473
-2.856766 -16.32407 1.892822 -1.915268 -2.2884 -0.978781 -1.436583 -0.613549 0.657228
5.143234 -18.32407 1.892822 -0.499812 -1.571362 0.340801 -0.514133 -1.723906 -2.540794
-0.856766 -18.32407 1.892822 0.696549 -0.273097 -1.759727 -1.576043 -3.440779 -0.6548
-2.856766 -18.32407 1.892822 -1.233793 -2.390914 -0.680674 -1.133213 -0.977293 -0.242571
5.143234 -20.32407 1.892822 0.482719 0.243692 3.136694 1.523372 -0.921941 -1.304924
3.143234 -20.32407 1.892822 1.214154 -0.723265 4.144223 1.724391 1.186331 0.702694
-0.856766 -20.32407 1.892822 1.977259 2.161224 -1.235915 -0.372 -0.848558 1.000161
-2.856766 -20.32407 1.892822 -0.715256 -1.449694 -0.997368 0.00181 -1.170783 -1.037023
5.143234 -22.32407 1.892822 0.698814 0.053746 3.603907 1.781346 -0.451616 -0.512377
3.143234 -22.32407 1.892822 0.685357 -0.89363 2.178995 0.575645 0.397431 -0.02455
-0.856766 -22.32407 1.892822 0.289376 1.207707 -2.258475 -0.792386 -1.452344 -0.457071
-2.856766 -22.32407 1.892822 -1.63595 -1.450049 -1.878867 -0.008675 -1.944091 -1.755329
-0.856766 -24.32407 1.892822 -2.960825 -2.114552 -5.465312 -3.312806 -3.269074 -3.093182
-2.856766 -24.32407 1.892822 -2.411216 -1.812525 -3.617146 -1.434209 -2.969802 -3.040703
-0.856766 -10.32407 3.892822 1.930718 2.528836 0.797377 -1.461422 -2.174899 -0.720789
-2.856766 -10.32407 3.892822 0.241463 -2.510928 2.925346 -0.910595 -3.289139 -3.543637
-0.856766 -12.32407 3.892822 0.996107 1.104877 -1.157286 -2.388713 -2.264702 -1.626742
-2.856766 -12.32407 3.892822 1.000716 -0.788174 2.148827 0.681031 -1.706205 -0.652527
-2.856766 -14.32407 3.892822 -0.815017 -0.809473 -0.190152 1.187501 -1.15032 0.323974
5.143234 -16.32407 3.892822 2.057793 0.571256 2.938039 1.67873 1.048466 0.055477
-2.856766 -16.32407 3.892822 -1.476729 -1.475916 -0.820136 -0.313432 -0.899858 0.049636
-4.856766 -16.32407 3.892822 -3.137446 -2.348213 -0.985576 -0.739793 -1.018803 -0.371975
7.143234 -18.32407 3.892822 1.941581 -0.032861 -1.981875 -0.091258 -1.842161 -3.151558
5.143234 -18.32407 3.892822 0.056241 -0.150114 -0.33536 0.698279 -0.803794 -2.145577
3.143234 -18.32407 3.892822 -0.004321 -0.342471 -1.02674 -1.224965 1.477497 0.68121
-0.856766 -18.32407 3.892822 -0.160343 -2.243714 1.149698 -0.654805 -1.521169 -0.642504
-2.856766 -18.32407 3.892822 -0.443795 -1.485396 -0.029135 -1.143834 -0.472475 -0.837953
7.143234 -20.32407 3.892822 -1.724405 -1.529867 -4.465967 -0.85263 -3.093362 -2.689471
5.143234 -20.32407 3.892822 -1.962147 -0.785039 0.4541 2.234603 -3.437095 -3.783751
3.143234 -20.32407 3.892822 -0.590428 -0.572408 -0.48495 0.306484 -0.633511 -0.754416
1.143234 -20.32407 3.892822 1.584591 -0.303514 -1.923571 -1.318159 2.672443 2.390845
-0.856766 -20.32407 3.892822 0.756981 -0.269277 0.493141 0.286921 -0.164554 0.404968
-2.856766 -20.32407 3.892822 -0.170644 -1.203989 -0.413477 -0.284347 -0.246066 -2.095265
7.143234 -22.32407 3.892822 -1.750694 -0.883745 -3.298319 -1.572482 -1.804973 -1.398702
5.143234 -22.32407 3.892822 -0.868479 0.066425 2.112453 3.345479 -2.988981 -2.503159
1.143234 -22.32407 3.892822 0.490291 0.130638 -1.848253 -0.225834 0.851903 1.520753
-0.856766 -22.32407 3.892822 0.450922 0.340957 0.033182 0.246814 0.041906 0.061193
-2.856766 -22.32407 3.892822 -1.850866 -1.701061 -2.291819 -0.359691 -0.511039 -2.697984
-4.856766 -22.32407 3.892822 -1.756351 -2.564236 -0.12755 0.167355 0.295164 -2.326243
9.143234 -24.32407 3.892822 2.06773 3.120699 -1.072759 -0.971071 -0.597622 -0.274933
1.143234 -24.32407 3.892822 -1.349676 -1.856145 -1.78197 -0.312097 -2.845138 -1.648913
-2.856766 -24.32407 3.892822 -4.086139 -3.309922 -4.429249 -1.351885 -1.756354 -3.188994
-0.856766 -26.32407 3.892822 -4.064623 -4.333386 -3.247157 -1.215548 -4.546427 -5.071837
-2.856766 -26.32407 3.892822 -4.02095 -3.817915 -4.446428 -0.819788 -2.331112 -2.908805
5.143234 -12.32407 5.892822 1.452025 0.675606 3.157995 0.814417 -1.179312 -0.665366
-2.856766 -12.32407 5.892822 1.384034 -2.693355 2.991136 -1.593116 -1.227896 -3.419399
9.143234 -14.32407 5.892822 -2.670222 -2.589975 -0.604909 -0.644445 -2.864155 -4.657124
7.143234 -14.32407 5.892822 -1.05151 -0.946637 0.779759 -1.143067 -1.638846 -3.044636
5.143234 -14.32407 5.892822 3.560492 3.388916 1.525388 1.786108 -2.303588 -0.495508
-2.856766 -14.32407 5.892822 -1.409712 -4.803392 1.660478 -1.215694 -1.452961 -1.684017
9.143234 -16.32407 5.892822 -3.143305 -2.500132 -2.531809 -1.451521 -0.507527 -1.784404
7.143234 -16.32407 5.892822 1.047179 1.503771 1.358489 0.542984 -0.615944 -2.034293
5.143234 -16.32407 5.892822 3.178537 4.173233 -0.369578 1.909241 -2.140278 -0.600245
-2.856766 -16.32407 5.892822 -2.551919 -3.921292 -0.531829 -0.405445 -0.191455 0.99617
-4.856766 -16.32407 5.892822 -1.301373 0.186915 0.173047 2.167168 0.055946 2.442461
11.14323 -18.32407 5.892822 1.080422 -0.82341 3.387459 0.743772 3.147743 0.658216
9.143234 -18.32407 5.892822 -0.400263 -0.97377 0.45736 0.204504 1.097606 0.26647
7.143234 -18.32407 5.892822 1.845156 0.713106 1.831384 1.208563 0.259981 -1.125497
5.143234 -18.32407 5.892822 1.28458 2.86256 -1.672222 1.555646 -1.57938 -0.165402
-0.856766 -18.32407 5.892822 -0.281978 -1.303804 2.172102 -0.122007 0.569448 1.297212
-2.856766 -18.32407 5.892822 -0.925103 -0.371063 -2.286093 -0.013493 0.45578 1.174169
-4.856766 -18.32407 5.892822 -0.636504 0.25403 -3.014126 -0.938879 0.592999 1.289333
11.14323 -20.32407 5.892822 0.821056 -0.457567 1.646555 0.545015 1.438669 -1.431857
9.143234 -20.32407 5.892822 0.764583 -0.801361 3.254387 2.252637 1.162586 0.751737
7.143234 -20.32407 5.892822 0.126272 -2.015376 0.922797 0.872575 -0.549599 -1.457328
3.143234 -20.32407 5.892822 -0.975381 0.804387 -2.859965 1.073349 -1.125518 0.281645
1.143234 -20.32407 5.892822 -0.821893 -3.184774 -0.004038 -0.326133 0.654549 0.750988
-0.856766 -20.32407 5.892822 1.049561 -0.515874 3.332899 1.446449 0.183178 -0.20222
11.14323 -22.32407 5.892822 0.538593 1.520895 -1.059202 1.860583 0.351747 0.677707
9.143234 -22.32407 5.892822 -0.620161 -0.409118 0.475198 1.143165 0.089085 0.605165
7.143234 -22.32407 5.892822 -1.536844 -2.863815 -1.1954 0.132346 -1.814461 -2.066077
5.143234 -22.32407 5.892822 0.851456 1.508757 2.160161 3.897562 -2.575081 -1.567539
3.143234 -22.32407 5.892822 -1.093177 -0.639283 0.853048 3.249398 -2.460314 -1.775696
1.143234 -22.32407 5.892822 -0.59887 -3.587665 0.67084 0.76206 -0.591142 -1.284639
-0.856766 -22.32407 5.892822 1.114654 -0.530614 3.463126 2.214414 -0.330175 -1.518913
-2.856766 -22.32407 5.892822 -0.50881 -2.402492 -0.090127 0.984444 -1.724337 -3.591918
11.14323 -24.32407 5.892822 0.439551 3.490914 -3.490695 -0.065803 -0.053665 1.45892
9.143234 -24.32407 5.892822 0.388886 2.212128 -3.16604 -1.740213 -1.078274 -0.761158
7.143234 -24.32407 5.892822 0.739008 -0.280583 -2.294777 -0.73487 -0.430991 -0.61565
3.143234 -24.32407 5.892822 -0.332488 -0.001877 0.768906 2.448322 -1.729917 -0.838885
1.143234 -24.32407 5.892822 -2.036998 -3.730446 -0.264469 0.724715 -2.816151 -2.346503
-0.856766 -24.32407 5.892822 0.030356 -2.360545 2.89219 2.07606 -2.771853 -3.713345
-2.856766 -24.32407 5.892822 -0.12599 -2.265869 0.152722 1.07909 -1.462291 -2.507846
-4.856766 -24.32407 5.892822 1.261277 -0.573579 -0.315984 0.073966 -1.55975 -1.501594
9.143234 -26.32407 5.892822 0.094529 -0.24054 -0.62593 -0.556316 -0.058232 -1.568622
1.143234 -26.32407 5.892822 -1.603905 -3.394374 -0.151439 0.382817 -3.344601 -3.13815
-0.856766 -26.32407 5.892822 -1.265548 -4.361015 0.718714 0.864641 -4.840253 -4.998562
-2.856766 -26.32407 5.892822 -1.668095 -2.54066 -0.971271 0.778661 -2.872373 -2.833408
7.143234 -12.32407 7.892822 -0.987841 0.337059 -1.363042 -1.67522 -2.578695 -1.852796
5.143234 -12.32407 7.892822 2.191053 1.232785 0.329491 3.168252 -1.729289 -0.427756
9.143234 -14.32407 7.892822 1.808799 0.02929 -0.458104 -2.388182 1.293043 -0.925843
7.143234 -14.32407 7.892822 2.307153 2.858393 -2.845358 -2.04632 -2.375504 -2.09442
5.143234 -14.32407 7.892822 2.77435 3.871485 -2.073851 2.443807 -3.85436 0.274291
3.143234 -14.32407 7.892822 0.586499 -0.522782 -0.339427 1.505652 -4.29117 -1.477319
-2.856766 -14.32407 7.892822 0.609188 -4.737024 4.007073 -2.602041 -0.054671 -1.89615
-4.856766 -14.32407 7.892822 1.738095 -1.746104 2.793288 -1.021224 1.788419 1.130369
9.143234 -16.32407 7.892822 -0.752654 -1.58684 -2.680322 -3.805748 3.64948 2.359569
7.143234 -16.32407 7.892822 2.162756 2.108523 -1.903811 -1.873733 -2.032288 -1.461908
5.143234 -16.32407 7.892822 2.413831 3.748697 -2.361136 0.633107 -3.335173 0.246624
-2.856766 -16.32407 7.892822 -0.049992 -6.059133 3.592603 -1.691707 1.301721 1.187557
-4.856766 -16.32407 7.892822 1.094423 -2.202989 5.100676 0.900234 2.440593 2.263844
11.14323 -18.32407 7.892822 0.376059 0.203462 0.128258 -0.445869 4.762237 3.800846
9.143234 -18.32407 7.892822 -0.739993 -1.603674 -0.705547 -2.156617 5.090466 4.816811
7.143234 -18.32407 7.892822 1.718775 -0.525078 2.287412 -1.316564 0.491571 0.608065
5.143234 -18.32407 7.892822 2.759846 2.565943 -1.883719 -1.321213 -0.259703 1.574344
-0.856766 -18.32407 7.892822 -2.246816 -3.931068 3.519424 0.79186 0.800698 1.379873
-2.856766 -18.32407 7.892822 -0.159788 -2.510712 0.205297 0.241227 3.222163 4.202051
11.14323 -20.32407 7.892822 -0.152409 -0.166592 -0.151622 0.068725 1.998829 1.506078
9.143234 -20.32407 7.892822 0.838089 -1.394994 3.885684 1.492878 2.854086 2.318308
7.143234 -20.32407 7.892822 1.933935 -2.367273 5.156435 -0.775182 2.276377 1.024484
5.143234 -20.32407 7.892822 3.63981 1.383906 -1.578772 -2.415027 1.572388 1.392478
3.143234 -20.32407 7.892822 1.45592 0.154138 -3.621118 0.31814 1.748663 3.20684
1.143234 -20.32407 7.892822 -4.422105 -6.339777 -1.070604 -0.866015 -1.4706 -0.496012
-0.856766 -20.32407 7.892822 -3.605832 -4.650307 2.677927 1.342743 -1.829322 -1.103294
13.14323 -22.32407 7.892822 1.493689 -0.538115 0.458653 0.331626 2.606996 1.643665
11.14323 -22.32407 7.892822 1.485455 0.095172 0.452511 0.627815 0.958024 0.063321
9.143234 -22.32407 7.892822 0.261722 -1.686383 1.847585 0.651319 -0.805891 -1.759412
7.143234 -22.32407 7.892822 1.384727 -1.780388 1.917686 -0.744138 0.228521 -1.314538
5.143234 -22.32407 7.892822 4.646345 1.070108 -1.344778 -2.334203 0.392519 -1.421162
3.143234 -22.32407 7.892822 2.107786 -1.092549 -0.996 1.61278 -0.034097 -0.309083
1.143234 -22.32407 7.892822 -3.212982 -6.462556 -1.14583 -0.259302 -0.47681 -1.469805
-0.856766 -22.32407 7.892822 -2.64901 -3.30432 3.90941 1.589347 -2.442376 -2.330328
13.14323 -24.32407 7.892822 4.201633 2.598379 -1.749092 -2.119367 2.427962 1.36177
11.14323 -24.32407 7.892822 4.388453 3.827512 -1.819786 -1.449215 2.243678 1.953373
9.143234 -24.32407 7.892822 1.063344 1.03193 -1.740772 -1.525229 0.910218 0.068446
7.143234 -24.32407 7.892822 2.536671 1.562383 0.331314 -0.142341 -0.059464 0.029075
5.143234 -24.32407 7.892822 5.985994 1.938802 2.097312 -0.358189 0.591778 -0.977766
3.143234 -24.32407 7.892822 1.961211 -1.186959 -1.468836 0.153615 -1.002608 -2.588678
1.143234 -24.32407 7.892822 -3.261232 -5.423558 -4.62848 -2.822002 -0.985797 -2.738042
-0.856766 -24.32407 7.892822 0.100881 -1.035668 2.902746 0.478345 -2.237765 -3.407453
3.143234 -26.32407 7.892822 1.117066 0.306355 -1.90519 0.045732 -0.319479 -0.074961
1.143234 -26.32407 7.892822 -0.548933 -2.611872 -1.818884 -1.271783 -2.574918 -2.6091
-0.856766 -26.32407 7.892822 1.647616 -1.54808 1.942062 -0.19697 -1.442442 -2.978092
5.143234 -10.32407 9.892822 -0.862441 -1.381125 1.95023 4.862406 -0.075135 0.015846
3.143234 -10.32407 9.892822 -4.974153 -3.68281 -1.138249 -0.121221 -1.746511 -1.91983
5.143234 -12.32407 9.892822 -0.92379 -0.045529 -3.501339 2.917327 -3.224052 -3.400014
7.143234 -14.32407 9.892822 -1.57841 -0.224003 -3.382157 -0.704836 -2.97593 -2.159598
5.143234 -14.32407 9.892822 -1.154903 1.55351 -6.558761 -0.596554 -3.332069 -1.756833
7.143234 -16.32407 9.892822 2.849666 2.760971 -2.982671 -0.877951 -3.401317 -2.408181
9.143234 -18.32407 9.892822 2.079515 -0.36544 4.468778 2.450717 2.985023 2.930817
7.143234 -18.32407 9.892822 4.733137 2.66204 0.094194 -0.949826 -2.231578 -2.29069
7.143234 -20.32407 9.892822 2.228487 -0.957177 1.4798 -2.493976 -0.077172 -1.962858
-0.856766 -20.32407 9.892822 -3.416985 -3.081932 0.587535 1.2875 -1.643974 -0.797463
7.143234 -22.32407 9.892822 -0.510401 -3.284142 -0.639858 -3.456923 -1.08522 -2.668599
5.143234 -22.32407 9.892822 3.420425 -0.703319 -3.564696 -3.839652 -0.786209 -2.328758
1.143234 -22.32407 9.892822 -3.414043 -3.043368 -1.625019 -0.456631 -1.388956 -0.946151
-0.856766 -22.32407 9.892822 -2.968637 -1.838345 3.369011 2.009923 -2.334954 -0.216549
-2.856766 -22.32407 9.892822 1.723758 2.588493 4.334791 2.790884 2.038972 4.939185
7.143234 -24.32407 9.892822 1.094548 -2.464855 0.529646 -1.571484 -1.48395 -1.775235
5.143234 -24.32407 9.892822 3.78773 -0.534325 -1.685525 -2.608048 -2.49688 -3.134057
1.143234 -24.32407 9.892822 -2.42714 -2.671922 -2.670148 -0.535887 -1.490443 -1.366443
-0.856766 -24.32407 9.892822 -0.422877 -0.462987 4.098236 1.012838 -0.675108 -0.286806
-2.856766 -24.32407 9.892822 0.448603 0.647014 3.854705 0.90888 1.291466 3.388109
-4.856766 -24.32407 9.892822 0.474091 0.998213 3.478094 1.656424 0.239165 2.272573
1.143234 -26.32407 9.892822 1.047002 -1.742553 -1.467441 -0.171892 -1.37393 -2.835564
-0.856766 -26.32407 9.892822 2.239314 0.582225 0.816448 -0.237652 0.494697 -2.078646
9.143234 -16.32407 11.89282 0.04336 -0.678603 6.074681 2.804124 -2.717846 -2.502394
7.143234 -16.32407 11.89282 4.716709 2.788115 2.415449 1.29681 -2.302032 -3.43055
9.143234 -18.32407 11.89282 -1.165049 -1.516856 7.541539 6.653468 -1.912216 -1.804292
9.143234 -20.32407 11.89282 -0.633467 -2.27044 2.564552 2.398535 -0.129572 -0.638033
7.143234 -20.32407 11.89282 -0.269301 -2.214458 0.916102 -0.491146 -1.069994 -3.759627
9.143234 -22.32407 11.89282 -0.410812 -1.649598 -2.739743 -1.964426 -2.899621 -2.904053
7.143234 -22.32407 11.89282 -3.476312 -3.944796 -0.489024 -1.85999 -0.825335 -2.7067
9.143234 -24.32407 11.89282 -1.339039 -1.246187 -2.727068 -0.769208 -5.141415 -4.293143
7.143234 -24.32407 11.89282 -1.375983 -2.267466 0.288367 -0.797553 -2.242571 -2.524471
9.143234 -26.32407 11.89282 -1.70372 -2.061268 -0.835794 -0.100319 -0.169629 0.307808
7.143234 -26.32407 11.89282 0.408414 -1.338016 2.929002 0.478988 -1.284436 -0.567025
7.143234 -24.32407 13.89282 2.440414 3.212682 4.001227 3.601404 1.816129 2.365509
9.143234 -26.32407 13.89282 0.479418 2.288393 -0.644124 0.341846 1.414405 2.917236
