-7.547966 -22.89915 10.84621 -0.776834 -2.154542 -0.9345 -1.223365 -2.601082 -4.347916 2.700992 -3.258303 2.394399 0.304095 -1.474149 -2.774333
-7.547966 -22.89915 12.84621 -0.057055 -0.432258 1.284089 -0.189371 -1.254748 -2.889712 2.059413 -0.810705 3.64063 -0.081222 -0.592191 -1.174041
-9.547966 -22.89915 12.84621 0.174449 -1.353266 -0.199718 -2.348201 -1.500387 -2.569488 1.7831 -1.654396 1.079464 -0.391126 -0.90734 -0.808637
-7.547966 -24.89915 12.84621 -0.744367 -1.927706 0.612239 0.411475 -2.4699 -4.973322 0.726249 -2.912605 3.233146 1.563898 -0.835679 -2.973826
-9.547966 -24.89915 12.84621 -0.084397 -4.982396 -0.579243 -3.315744 0.155269 -7.418149 0.231879 -4.566439 1.604217 -0.614402 0.460102 -3.99294
14.45203 -26.89915 12.84621 -0.053764 -2.64763 0.262951 -1.060999 3.774865 -6.09664 2.817338 -3.174904 4.071718 -0.485002 3.788931 -4.166694
-3.547966 -26.89915 12.84621 -2.799486 0.619273 -1.748666 2.589514 -1.682346 1.340102 -1.349692 0.901665 -1.326324 1.883392 0.966798 2.476826
-5.547966 -26.89915 12.84621 -2.089568 2.720548 -0.627924 1.536788 -1.890253 0.629328 -2.335105 2.470409 -0.627337 1.744606 -0.928973 0.717415
-7.547966 -26.89915 12.84621 0.517795 -1.735913 -1.033104 -0.412974 -0.637671 -4.394835 2.165538 -3.008261 1.411286 0.776018 3.191059 -2.774827
-9.547966 -26.89915 12.84621 1.378331 -7.334757 -1.7457 -2.214244 1.257592 -8.090763 4.672086 -7.74011 2.426953 -0.490291 4.154472 -5.364587
16.45203 -28.89915 12.84621 -0.710815 -2.197687 1.705531 1.230659 1.719186 -2.839391 -0.675374 -2.295391 3.977787 1.195126 3.030882 -3.641611
14.45203 -28.89915 12.84621 -0.564607 -3.747522 0.229091 -0.703067 2.172168 -4.256181 1.468821 -3.377872 3.485194 -0.063889 3.385267 -5.071687
-3.547966 -28.89915 12.84621 -0.939204 0.343553 -0.268772 1.243302 2.560496 -0.77446 -0.066521 1.632592 -0.720048 0.989534 4.067511 -0.227433
-5.547966 -28.89915 12.84621 -1.339097 1.491196 -1.652435 -1.823808 -0.748168 -2.335399 -1.300248 2.245839 -1.474133 -2.420077 -0.484343 -0.707947
-7.547966 -28.89915 12.84621 -0.27829 -1.446363 -1.943036 -1.637967 -2.404621 -6.695209 3.451242 -2.340901 1.62564 -0.144011 1.771827 -2.981425
-9.547966 -28.89915 12.84621 0.897443 -2.769422 -1.109141 0.963275 -1.219391 -7.50492 6.802423 -4.346087 3.566709 2.871703 2.805056 -6.952146
16.45203 -30.89915 12.84621 1.52406 -3.499044 0.954398 -0.213992 0.796138 -4.020286 2.219734 -2.854109 2.327084 -0.083985 0.979068 -4.514736
-5.547966 -30.89915 12.84621 -3.365423 0.885177 -1.577877 -4.583536 -1.003476 -5.850101 -2.193382 2.685269 0.61314 -1.690444 1.159047 -3.60748
-7.547966 -30.89915 12.84621 -2.864781 0.307954 -0.700009 -2.416509 -3.828771 -10.90507 0.618445 0.246839 5.295416 3.109796 1.620695 -4.928602
-9.547966 -30.89915 12.84621 -0.752741 -1.099528 0.59176 1.333247 -3.058549 -9.571707 3.068143 -2.284184 4.8008 5.914111 0.501048 -6.872403
16.45203 -32.89915 12.84621 3.5767 0.359822 0.696504 1.115455 1.31035 -1.956781 3.631775 -0.26581 1.749025 0.984492 0.513064 -2.865144
-9.547966 -32.89915 12.84621 -1.199561 -5.160185 0.077259 0.580881 -0.615141 -10.49631 1.45904 -5.438968 5.239069 6.130244 3.545201 -6.508828
-9.547966 -22.89915 14.84621 3.651434 -0.458273 -1.046294 0.119558 0.613395 -1.791856 2.801994 -0.627791 -1.449921 1.234161 -0.056266 -1.140967
-11.54797 -22.89915 14.84621 2.589484 -0.801451 -1.035193 0.077846 1.274029 0.627845 2.540803 -1.571307 -0.481849 0.046775 1.009759 1.234354
14.45203 -24.89915 14.84621 1.240265 2.262884 1.191813 0.584665 -0.993418 -0.559925 1.173367 1.599877 2.01803 -0.284076 -2.111198 1.301121
-9.547966 -24.89915 14.84621 0.640098 0.149614 -1.235492 -0.351879 0.903893 -2.991487 0.110799 0.083426 0.75589 0.404856 0.987441 -2.834826
-11.54797 -24.89915 14.84621 2.16028 0.834199 -0.3616 -1.050513 1.367929 -0.104961 2.135238 -0.082791 -0.16424 -0.633944 1.78582 0.406341
16.45203 -26.89915 14.84621 -1.862771 1.321541 0.03742 2.064218 0.542641 0.117485 -1.962137 0.504196 1.930851 1.963513 0.317056 -2.94747
14.45203 -26.89915 14.84621 0.199805 0.734003 1.333577 1.239959 1.06216 -2.810201 0.142866 1.261133 3.008394 0.399872 -0.391778 -4.089827
-3.547966 -26.89915 14.84621 -2.931007 -3.00702 -0.36758 -1.68929 -2.282391 -0.774356 -0.819158 -0.897595 -0.141698 -2.495603 -0.769506 1.393954
-7.547966 -26.89915 14.84621 -0.397587 1.67181 0.345454 0.642789 -0.272885 -1.261029 0.455816 1.814928 1.517128 1.417924 0.281313 -0.30828
-9.547966 -26.89915 14.84621 0.639822 -1.1284 -0.141117 -0.453143 1.07622 -2.347372 2.117098 -1.805851 2.814306 -0.656094 1.711167 -2.233509
18.45203 -28.89915 14.84621 -2.920612 2.665021 -0.140278 1.868454 -0.623898 1.10596 -2.455488 1.717831 1.646417 2.477334 0.509801 -0.409858
16.45203 -28.89915 14.84621 -2.987974 1.173038 -0.173156 1.390498 0.033452 -0.890014 -3.348675 0.996653 1.259903 1.65995 0.602825 -3.023658
14.45203 -28.89915 14.84621 -0.742234 1.540737 0.254587 2.089802 0.69037 -1.362596 0.527918 2.864938 3.044587 2.183148 0.376397 -4.196083
-3.547966 -28.89915 14.84621 -2.483466 -3.195097 1.146041 -1.604461 1.422772 -3.342283 -0.745744 -2.173597 0.759481 -1.465127 2.113172 -0.802088
-9.547966 -28.89915 14.84621 2.701658 1.451971 1.789185 2.262949 -0.339604 0.398336 5.091919 -0.184807 2.992155 2.508169 -0.35006 1.15807
18.45203 -30.89915 14.84621 -0.404995 -0.548695 -0.13037 0.570583 -0.44917 -0.336461 1.854828 -1.489711 2.919591 1.111741 1.442869 -1.370677
-9.547966 -30.89915 14.84621 2.601532 0.42054 2.24977 0.72732 -0.540036 -1.638987 3.377254 -0.489612 3.275095 2.306677 -0.216531 0.035307
18.45203 -32.89915 14.84621 1.426812 1.693279 0.794398 3.746687 0.711592 0.358917 2.775542 0.68844 3.328377 3.74123 1.741135 1.032461
16.45203 -32.89915 14.84621 -0.141584 3.051931 -1.291107 2.189988 2.023155 -1.040418 1.873556 1.43097 1.694437 2.300494 2.014882 0.042288
-9.547966 -32.89915 14.84621 0.608381 -2.491991 1.722261 1.444837 0.475697 -3.892384 1.187101 -3.275199 3.924305 3.017224 2.014449 -2.468057
-11.54797 -32.89915 14.84621 0.003607 0.864157 1.354181 2.711213 -0.790032 0.114606 0.577281 0.118369 1.806796 1.827708 -0.526441 0.240117
16.45203 -34.89915 14.84621 1.4142 2.604657 1.293571 4.021816 0.315119 -1.8165 2.14353 2.521494 4.796544 3.737569 1.303262 -1.122751
-9.547966 -34.89915 14.84621 -3.86102 -0.428876 -1.093324 2.419706 -0.878213 -4.095341 -0.608672 -1.235229 3.863515 4.351879 3.071211 -2.457015
16.45203 -36.89915 14.84621 1.841491 -0.59045 0.527541 2.275365 0.948005 -2.054754 2.590214 -0.267024 3.812431 2.14926 1.79793 -1.801091
14.45203 -36.89915 14.84621 2.636583 0.11043 1.161725 4.202266 -0.341417 -2.882159 3.075097 2.639411 5.641023 4.138741 0.283073 -2.618453
-9.547966 -22.89915 16.84621 2.377913 -0.047619 -0.061024 0.570076 0.076641 -1.891683 1.249494 -0.172037 -1.006826 -0.703456 -1.010252 -1.75001
-7.547966 -24.89915 16.84621 0.569701 0.244826 -0.614326 1.569026 -1.625355 -2.766523 1.174101 1.581499 -0.089388 1.431093 -2.599957 -0.755996
-9.547966 -24.89915 16.84621 2.195295 1.075309 0.897395 0.372404 -0.451871 -2.997264 0.932762 2.622542 2.282071 -0.551874 -1.680495 -1.85578
-5.547966 -26.89915 16.84621 1.147329 -0.448193 1.150737 3.718297 0.276395 -0.27638 1.696523 0.726741 1.903254 3.641035 0.449922 0.807631
-7.547966 -26.89915 16.84621 0.738399 -1.10403 1.739934 0.815509 -0.288667 -1.605589 1.018125 -0.063395 3.524697 2.189904 -1.235744 0.744077
-9.547966 -26.89915 16.84621 2.275139 -1.320906 2.62362 -1.563928 1.843215 -1.591677 1.899832 -0.977353 5.21981 -0.859577 -0.26365 0.254293
16.45203 -28.89915 16.84621 -2.705881 2.003379 -0.4966 -0.092159 -1.210755 1.052419 -3.045658 1.488034 0.235233 0.539212 -3.03606 0.539498
14.45203 -28.89915 16.84621 -0.410445 0.764799 1.463996 -0.219819 0.344809 -1.350399 -0.581206 1.883164 2.687971 0.900815 -1.981758 -1.804152
-3.547966 -28.89915 16.84621 0.018758 -0.886314 3.22981 0.385621 1.025295 -1.498228 0.105019 -1.169131 4.534737 -0.146978 1.104664 0.965293
-5.547966 -28.89915 16.84621 -0.659235 -1.302323 1.562528 0.269684 0.117145 -1.60509 -0.701759 -1.125995 1.777649 0.823625 0.49115 0.857899
-7.547966 -28.89915 16.84621 0.687742 -2.67837 0.383514 1.30155 -0.247392 -1.828089 0.394709 -2.385658 0.402853 3.396996 -0.200167 0.237352
-9.547966 -28.89915 16.84621 2.843623 -2.149921 3.414307 -0.097919 2.618327 0.774639 2.177228 -2.725356 3.38451 1.980936 0.644714 2.447051
18.45203 -30.89915 16.84621 -1.997238 0.447715 -2.200943 2.982002 -0.340032 2.4111 -0.245188 0.220965 1.121656 3.124211 -0.256914 1.189898
16.45203 -30.89915 16.84621 -3.555683 -0.877778 -2.29394 -1.35803 -0.970616 -1.309002 -2.006812 -0.670172 1.20711 0.469346 -0.93688 -0.386599
14.45203 -30.89915 16.84621 -1.5469 -0.094172 -0.26179 -1.17456 -1.216523 -1.867424 -0.795697 0.549938 1.734807 0.842375 -2.013584 -0.832249
-3.547966 -30.89915 16.84621 -0.316625 -0.48137 2.928185 -0.556973 2.14183 -1.493737 0.372789 -1.464833 4.854321 0.568257 3.036583 -0.615134
-5.547966 -30.89915 16.84621 -1.119505 -1.106474 1.861815 -0.374094 2.57936 -1.140951 -0.730559 -1.721781 2.938189 0.58179 3.320703 0.18095
-7.547966 -30.89915 16.84621 0.462897 -1.584167 0.615561 1.913996 1.858311 -0.929314 0.263974 -2.123124 0.45159 2.930836 3.201792 -0.194961
-9.547966 -30.89915 16.84621 2.099538 0.144858 1.886019 1.371098 2.358151 1.193944 2.180649 -0.652072 1.53678 2.994882 2.838698 1.633025
16.45203 -32.89915 16.84621 -2.241605 2.701598 -2.445227 1.840784 -0.133136 -0.516979 -0.199398 2.198451 1.632439 2.126061 0.237926 0.14582
-3.547966 -32.89915 16.84621 -2.271068 -1.580615 0.53461 1.073177 -0.305672 -1.045357 -1.278472 -1.857947 2.264589 2.717981 0.524663 0.034338
-5.547966 -32.89915 16.84621 -0.597366 -0.853088 1.397427 1.584304 1.175642 -0.222931 -1.474573 -2.220886 2.011498 1.391537 1.579195 -0.480449
-7.547966 -32.89915 16.84621 -0.102383 0.440553 0.746755 3.490391 2.61728 -0.047909 -0.77185 -1.009251 0.839541 3.869215 4.245506 -0.808435
-9.547966 -32.89915 16.84621 0.376607 1.732684 0.508728 3.502862 1.402353 1.066719 0.908829 0.145085 1.132648 4.337149 3.145835 0.049986
-11.54797 -32.89915 16.84621 -0.100111 1.582272 0.549396 3.775012 0.50175 1.741617 0.620006 0.367046 1.118635 4.454351 0.646414 1.650812
16.45203 -34.89915 16.84621 0.203424 4.111854 -0.481528 4.490933 -0.275093 0.396315 0.74869 3.693368 2.520047 3.109084 -0.307134 -0.591913
14.45203 -34.89915 16.84621 -0.364448 2.936827 -1.432637 2.464066 -0.510892 -1.56764 -0.260249 3.273546 0.798558 2.020234 -0.428514 -2.752052
-11.54797 -34.89915 16.84621 -2.334514 1.56782 -0.129109 4.085388 -1.451141 1.807568 -1.562855 -0.07474 2.081953 3.818345 -0.189931 0.650584
16.45203 -36.89915 16.84621 0.071367 0.244665 -0.168788 1.542354 -0.929476 -1.592645 1.018308 -0.427654 2.288196 0.896062 -1.676962 -1.427725
14.45203 -36.89915 16.84621 0.391331 -0.287194 -0.431232 1.758101 -0.827607 -1.455553 1.386462 -0.04227 2.445106 1.539123 -1.714406 -3.436502
12.45203 -36.89915 16.84621 3.799943 1.277997 -0.500075 1.737067 -0.572174 -0.496517 4.870475 3.75098 3.690508 2.701423 -1.194896 -1.881944
14.45203 -38.89915 16.84621 0.647831 -0.533099 0.030504 0.288347 0.684449 -1.831473 1.986245 -0.865636 3.01767 0.639699 -0.134127 -2.960813
-9.547966 -22.89915 18.84621 1.07525 1.689466 1.700348 -0.57225 -1.372173 -2.842397 -0.0637 1.847345 1.768377 -0.412802 -1.845451 -3.431949
-7.547966 -24.89915 18.84621 2.825217 2.59665 0.798547 1.14311 -1.354362 -1.607557 2.327412 3.495483 2.343091 2.008595 -1.599003 0.494414
-9.547966 -24.89915 18.84621 3.442029 1.3268 2.94162 0.974399 -0.593364 -2.489782 2.882194 1.993807 4.678108 0.884357 -1.310993 -0.432444
-5.547966 -26.89915 18.84621 1.802564 1.279276 1.027545 1.955154 -0.096341 -1.33233 1.513211 3.40307 2.145597 2.815466 0.140694 -0.60952
-7.547966 -26.89915 18.84621 1.956326 0.970007 2.882178 0.888269 -0.116475 -1.370424 2.497372 1.895045 4.62982 1.72542 -0.569984 0.620684
-9.547966 -26.89915 18.84621 3.554546 1.244581 3.717768 2.915867 1.536584 -0.795603 4.312849 0.386623 6.054235 1.878362 0.79623 0.673912
16.45203 -28.89915 18.84621 -2.012638 0.525247 -0.000883 -0.252739 -0.968679 0.091375 -2.078158 -0.191241 -0.089744 0.595608 -2.814139 0.865646
-3.547966 -28.89915 18.84621 2.992022 -1.410347 3.433939 1.306851 0.581407 -1.533304 1.200906 -0.591609 3.261484 2.633642 -0.805358 1.462688
-5.547966 -28.89915 18.84621 2.274737 -1.606012 1.772507 -0.971122 -0.241122 -3.281315 1.567533 -0.241601 1.697324 0.371022 -0.417378 -0.043447
-7.547966 -28.89915 18.84621 1.379717 -0.97674 0.981326 1.404449 -0.616145 -3.633027 2.027726 -0.86964 0.699894 1.639718 -0.464721 -1.867258
16.45203 -30.89915 18.84621 -1.456085 -0.128482 -0.054581 0.659726 -0.003673 -0.535391 -0.353266 -0.434248 1.788879 1.89818 -0.38634 -0.925089
-1.547966 -30.89915 18.84621 2.358398 -3.009449 1.872944 0.001699 -1.179481 -2.501407 3.911279 -3.31794 2.858973 1.671027 0.936021 -1.987576
-3.547966 -30.89915 18.84621 2.550059 -1.91832 3.584483 1.168451 0.304354 -2.053919 2.287527 -2.10395 4.101596 2.399408 -0.973087 0.274201
16.45203 -32.89915 18.84621 -0.751645 -0.700319 0.870883 1.869237 0.818034 -1.738657 1.208305 -1.264497 2.878509 2.104779 0.019124 -2.032982
-1.547966 -32.89915 18.84621 -1.000387 -1.171274 0.74058 0.032851 -1.499608 -1.807918 0.27045 -0.485394 2.291481 3.174653 1.189925 1.024861
-3.547966 -32.89915 18.84621 -1.458138 0.238732 0.861204 2.398112 -2.284178 -0.873449 -0.105733 0.197554 1.886698 3.457696 -1.824138 0.989239
-5.547966 -32.89915 18.84621 0.774881 1.034102 2.470365 2.322559 -0.552942 0.499039 -0.179501 1.26179 2.59082 2.139197 -1.424685 0.94673
-7.547966 -32.89915 18.84621 0.588508 0.857421 0.646578 2.102391 1.246608 0.062518 0.211565 0.995599 0.444136 1.411661 1.498465 -0.508467
14.45203 -34.89915 18.84621 0.86551 0.208499 1.824598 2.113963 0.020214 -2.382675 0.089324 1.294246 2.923995 2.640737 -2.527772 -2.671886
-1.547966 -34.89915 18.84621 -2.439906 -1.92645 -0.018789 -0.042942 -1.203591 -1.766062 -0.249379 -1.802636 3.03562 1.830229 2.625 0.893272
-3.547966 -34.89915 18.84621 -1.094026 0.751383 0.808654 2.426429 -1.030128 -0.611092 -0.16455 0.73836 2.564267 2.739115 -0.374125 0.855853
-5.547966 -34.89915 18.84621 0.496733 1.047899 0.879215 1.483261 -0.146234 -0.003602 0.259959 2.13992 2.247707 2.515256 0.083033 0.084316
-7.547966 -34.89915 18.84621 -1.109191 -1.588284 -1.000553 -0.129853 0.40688 -0.27431 -0.41938 -0.285669 0.441972 0.662212 2.415512 0.728123
-9.547966 -34.89915 18.84621 -2.056852 -1.145379 -1.302637 -0.070491 0.317763 -0.40904 -1.11424 -0.428978 -0.675826 0.538407 1.809 1.717162
-11.54797 -34.89915 18.84621 -1.348694 0.015231 0.404317 1.313457 -0.6033 -0.580032 -0.075272 0.094012 1.041245 2.061351 -0.166403 0.69824
14.45203 -36.89915 18.84621 0.697972 0.295267 -0.612048 0.96498 -0.875826 -1.68103 1.502525 0.34792 1.539481 2.020874 -2.271196 -3.590304
12.45203 -36.89915 18.84621 0.8856 -1.25174 -0.166012 1.347846 -1.361017 -1.267548 2.317654 -0.776302 4.169217 0.709084 -1.695951 -3.668406
10.45203 -36.89915 18.84621 -1.11962 -1.670301 -1.511591 0.624013 -1.421452 -1.306397 0.87628 -0.780216 2.324409 -0.70784 0.047486 -1.284213
14.45203 -38.89915 18.84621 -0.077098 3.218164 -1.560603 -0.811303 -0.262852 -1.441624 2.61383 2.440647 -0.789839 0.059058 -0.664385 -3.190736
12.45203 -38.89915 18.84621 -0.975489 0.489716 -0.337217 -0.359792 -1.551369 -0.351725 2.135238 0.682284 1.594372 -0.089194 -0.890755 0.115243
10.45203 -38.89915 18.84621 -1.818022 -0.060464 -1.151912 0.625188 -1.957349 0.553848 0.953926 0.266182 1.364287 -0.023993 -0.214921 1.676158
8.452034 -38.89915 18.84621 -2.30591 2.15052 -0.362222 1.45095 -2.579887 -0.256318 -1.122663 1.995293 2.348123 1.941357 -1.351513 2.151261
-7.547966 -26.89915 20.84621 1.182655 -0.192347 1.68829 0.070418 -0.405469 -3.432229 1.627282 0.490271 1.777082 -0.412717 -1.566217 -1.511338
-9.547966 -26.89915 20.84621 1.681659 -0.079588 1.33558 2.237103 -0.940831 -3.021907 3.117292 -1.253767 2.373918 0.957681 -1.008964 -1.24559
-5.547966 -28.89915 20.84621 1.524898 -1.761631 0.670264 -0.302068 1.80475 -3.658472 0.878061 -1.941349 0.323973 0.221041 0.637691 -1.830202
-7.547966 -28.89915 20.84621 0.026751 -1.46245 1.190594 0.447025 -0.209177 -5.003059 1.07213 -1.154742 0.686626 0.11257 -1.324124 -1.863512
-9.547966 -28.89915 20.84621 -1.037377 -1.482381 0.393414 0.947079 -1.719938 -5.078187 1.204529 -2.05707 1.340708 0.664393 -1.636062 -2.361854
16.45203 -30.89915 20.84621 0.207538 -0.15637 0.080727 1.82488 -2.094498 -1.075628 1.333882 -0.074327 1.768144 2.677641 -1.252692 -1.385511
-1.547966 -30.89915 20.84621 0.786568 -3.420736 0.817315 -1.608156 0.599709 -4.6262 3.273792 -3.919678 3.09899 0.907032 3.94876 -1.411026
-3.547966 -30.89915 20.84621 0.284704 -2.518716 -0.257272 -0.577151 1.224613 -3.699171 1.028161 -2.61133 0.635397 0.170179 1.827506 -2.216058
-5.547966 -30.89915 20.84621 1.07013 -0.683503 0.516102 0.560484 1.51396 -3.401327 1.032468 -0.287943 0.494126 1.021721 0.440069 -0.960832
-7.547966 -30.89915 20.84621 -0.46524 0.818624 1.594726 1.821783 1.192603 -2.026426 0.590519 0.755498 0.777445 1.31896 -0.652943 -0.518
-9.547966 -30.89915 20.84621 -1.087689 -0.157434 1.275946 2.012452 0.527225 -1.330878 0.846706 -0.679968 0.791307 1.338648 0.601428 -0.986323
18.45203 -32.89915 20.84621 -0.909513 -2.608598 -0.051062 -0.273665 -0.801437 -1.962811 -0.110262 -2.211472 1.535656 0.913938 -0.295507 0.527367
16.45203 -32.89915 20.84621 0.458573 -2.382263 1.777802 0.406398 0.255408 -2.515034 1.079026 -2.279658 2.036842 1.556001 -0.842143 -0.93885
14.45203 -32.89915 20.84621 0.382367 -1.905489 2.278606 -0.173601 1.206038 -3.392179 1.027096 -1.136541 2.406437 0.406007 -0.387306 -2.553319
-1.547966 -32.89915 20.84621 -0.455967 -0.263341 -0.738833 0.064315 1.983307 -2.380021 0.845422 -0.229812 0.139337 2.531348 3.800463 -0.821546
16.45203 -34.89915 20.84621 -0.499507 -1.214566 -0.318714 1.077206 -1.61684 -1.334065 0.791248 0.453239 0.788526 2.464377 -2.396287 1.285289
14.45203 -34.89915 20.84621 -0.462775 -1.601565 1.162411 0.910833 -0.464698 -1.99176 -0.255995 0.440782 1.750969 1.208533 -3.188749 -0.308873
0.452034 -34.89915 20.84621 0.306105 1.45566 -1.496962 1.983544 -0.867591 -1.997261 0.85166 3.484413 3.067154 3.56463 4.628671 -1.407883
-1.547966 -34.89915 20.84621 -0.535984 -1.564477 0.785782 -0.328748 1.580718 -2.041966 -0.377186 -0.604142 2.8038 1.068032 4.278913 -0.421065
-3.547966 -34.89915 20.84621 -0.195171 0.238471 0.669715 2.208318 1.391476 -2.200257 -0.105418 1.105707 0.7795 2.672483 2.240007 0.756226
-5.547966 -34.89915 20.84621 0.608671 0.417855 0.041472 1.930654 1.104615 -2.117838 -0.032262 2.235072 0.20986 2.734791 0.225366 -0.374029
-9.547966 -34.89915 20.84621 -2.59041 -1.154277 -1.396655 -0.237323 -0.816994 -2.138915 -1.393671 -0.606209 0.319251 0.520343 1.331011 -2.586751
-11.54797 -34.89915 20.84621 0.575846 0.930595 1.769878 2.119234 0.604956 0.076472 1.484272 1.394001 2.078379 1.922396 1.096799 -0.003932
14.45203 -36.89915 20.84621 -1.02441 -1.058793 -1.526116 1.845707 -1.17135 -0.186793 0.574148 -0.329783 1.898089 3.327201 -1.835221 2.23116
12.45203 -36.89915 20.84621 -0.10521 -0.82259 -2.199858 2.685378 -1.202613 -0.208899 1.266151 -0.760114 0.734798 0.401983 0.391082 0.603246
10.45203 -36.89915 20.84621 0.635946 -1.815877 -4.052997 2.169425 -1.461271 -1.431755 2.013077 -1.030638 -2.832794 0.360792 1.923592 -1.577049
8.452034 -36.89915 20.84621 0.460039 -0.170569 -1.456493 1.357295 -0.776012 -0.016243 1.089337 -0.177184 0.097091 2.433669 1.330623 -0.463882
-1.547966 -36.89915 20.84621 -0.486229 -1.626325 2.61257 2.678844 0.149505 -0.765536 -0.032245 -0.830694 4.247794 3.084569 1.117204 -0.220277
-3.547966 -36.89915 20.84621 -0.541487 -0.206978 1.24361 3.542743 2.056714 -1.758641 -0.32688 0.307874 1.991981 3.394581 3.037967 0.668639
-5.547966 -36.89915 20.84621 -0.119358 2.029225 0.109943 0.946684 1.350625 -1.803646 0.183669 3.611314 1.257226 2.236733 2.141748 0.808638
-7.547966 -36.89915 20.84621 -2.228113 0.324705 -1.157983 -0.458028 -0.444276 -1.474877 -1.640285 2.09747 0.51027 1.074249 0.771415 -1.260084
-9.547966 -36.89915 20.84621 -3.650898 -0.560933 -1.727135 0.266725 -1.76156 -0.368772 -2.89038 -0.22994 -0.507013 0.503461 -0.351231 -1.916533
-11.54797 -36.89915 20.84621 0.176491 -0.470495 1.702174 1.508918 0.371591 -0.486165 1.078908 0.408367 0.992255 1.814757 1.381708 -0.803276
16.45203 -30.89915 22.84621 -0.33431 -1.970437 -0.718036 0.221699 -1.667757 -0.396138 -0.246525 -1.565725 0.601376 0.732867 -2.162007 -0.407119
14.45203 -30.89915 22.84621 0.501526 -1.074424 0.177705 -1.237303 -0.582025 -1.49907 1.870524 -0.353256 2.634659 -0.424469 0.931978 -0.126432
-7.547966 -30.89915 22.84621 0.347951 -1.704937 0.728201 -0.659327 1.447582 -3.637499 2.607765 -2.339915 1.063923 -1.376671 2.085118 -3.599059
-9.547966 -30.89915 22.84621 -0.10379 -3.172853 0.625277 0.514081 0.208757 -2.450844 2.643775 -3.846959 0.999663 -0.984438 1.247305 -2.314664
18.45203 -32.89915 22.84621 -1.202788 -0.65359 -1.114612 -0.508795 -1.234487 -0.472791 -0.589056 -1.511761 0.697171 -0.325581 -0.627563 0.263728
16.45203 -32.89915 22.84621 -0.620825 -0.927528 -0.300817 -0.679698 -0.154239 -1.048004 -0.851151 -1.573656 0.308017 -0.011099 -1.074345 -1.080028
14.45203 -32.89915 22.84621 0.651328 -1.52775 -0.46101 -1.955966 1.051414 -1.668154 2.252172 -1.379723 0.923089 -0.936383 1.265591 -0.798561
-1.547966 -32.89915 22.84621 -1.238163 -0.380388 -0.878141 0.864472 0.676603 -1.857087 -0.047182 -1.749337 -0.719514 1.449373 2.896646 -1.542748
-3.547966 -32.89915 22.84621 -1.49047 -0.967175 -1.568118 -0.007905 -0.027372 -3.709966 0.749799 -0.708999 -1.801788 2.372811 2.548991 -3.558114
-5.547966 -32.89915 22.84621 0.190607 0.926624 -0.300011 0.032667 1.059865 -3.304442 1.119615 1.399304 -0.584246 1.539293 1.521486 -2.769524
-7.547966 -32.89915 22.84621 0.408477 0.837238 -0.054864 0.257074 0.582802 -1.432334 1.242973 0.810927 -0.416141 0.289326 0.468022 -0.697099
16.45203 -34.89915 22.84621 -1.518157 -0.161875 -1.062868 0.378703 -0.827434 -1.210824 -0.225421 -0.293451 0.787009 0.804923 -0.228321 -0.879416
0.452034 -34.89915 22.84621 1.736969 0.59605 1.209122 3.720493 0.98372 -3.670939 0.649409 -0.785766 1.499628 2.498427 2.638063 -6.286384
-1.547966 -34.89915 22.84621 -0.833424 -1.782981 1.180623 -0.801024 2.95158 -4.169224 -0.989348 -3.640372 -0.101357 -0.943988 4.785734 -5.703891
-3.547966 -34.89915 22.84621 0.216667 -2.312654 0.997652 -0.072515 2.467571 -4.471882 0.073623 -2.353747 -1.248427 1.697691 2.779536 -4.177486
-5.547966 -34.89915 22.84621 1.168814 -1.647186 0.58113 0.71384 2.259542 -3.062574 0.668266 -1.457217 -1.791728 1.582983 0.228831 -1.833363
-7.547966 -34.89915 22.84621 -0.303516 -1.709894 0.004049 -0.470854 1.219772 -2.723932 0.2469 -2.193847 -0.686597 -0.018586 1.257628 -1.92074
14.45203 -36.89915 22.84621 -2.34 -1.870295 0.11729 -0.523624 -0.68272 -1.380877 -0.044206 -2.091387 2.91115 0.767948 1.063017 0.148497
12.45203 -36.89915 22.84621 -0.500883 0.209133 -1.415945 3.242188 0.331873 -0.262658 2.636204 0.627242 1.541273 3.244599 4.162999 -1.101582
10.45203 -36.89915 22.84621 2.943416 0.927425 -2.146818 3.562021 1.359972 0.840661 5.582249 1.580162 1.085972 2.907781 5.220209 -1.725682
-1.547966 -36.89915 22.84621 -1.445015 -3.25157 2.611862 1.691128 2.561954 -5.03084 -0.543761 -5.133918 1.723197 1.246083 3.814407 -6.407831
-9.547966 -36.89915 22.84621 0.740039 -0.927912 1.09147 -0.407764 1.888421 -1.077647 -0.340528 -2.033024 0.070863 -0.276509 1.591352 -2.567146
-11.54797 -36.89915 22.84621 0.401552 -1.07517 1.372136 -1.282908 2.079863 -0.839043 0.403666 -1.276683 0.652811 -1.427777 2.1061 -1.849652
12.45203 -38.89915 22.84621 -1.854438 -0.66356 1.572295 1.225884 -0.615058 -2.333805 1.993656 0.079311 5.672313 3.20954 3.064753 -2.617901
10.45203 -38.89915 22.84621 0.144715 0.183664 0.609634 1.543237 0.204399 -2.018728 6.605289 1.605214 7.574632 3.095563 6.958168 -4.203463
-5.547966 -38.89915 22.84621 0.061799 -0.42971 2.016301 -1.659107 1.068663 -2.779723 0.304327 -1.594214 1.61268 -2.147507 0.838124 -2.581697
-7.547966 -38.89915 22.84621 -0.137287 -1.991439 1.239797 -0.494434 0.026106 -0.88177 0.024284 -1.980673 0.839718 -0.010245 0.080619 -0.095371
-9.547966 -38.89915 22.84621 0.027184 -0.713985 0.810065 0.486785 0.10727 0.622355 -0.181257 -0.248819 -0.185592 0.851923 -0.29482 0.459544
-11.54797 -38.89915 22.84621 0.26921 0.299424 1.079537 -0.665299 0.445174 -1.140622 0.438617 0.900953 -0.243698 -1.085078 0.077932 -1.656051
-5.547966 -40.89915 22.84621 -0.130141 -0.062084 0.750726 -0.585162 -0.172382 -2.412457 0.830926 -0.307982 0.823836 -1.700631 -0.08655 -2.934845
-7.547966 -40.89915 22.84621 -0.777532 -1.210817 0.69027 -1.011583 -1.224766 -0.728742 0.410023 -0.611474 1.771316 -0.658273 -0.647613 0.318491
-9.547966 -40.89915 22.84621 -0.503843 -1.088608 0.760421 -0.418567 -0.852137 -0.425716 0.497699 0.666333 1.42253 1.106218 -0.360003 1.228943
-11.54797 -40.89915 22.84621 0.680057 0.878155 1.137213 0.592516 -0.358717 -1.309924 0.975686 1.78411 0.38733 0.815875 -0.600947 -1.653987
16.45203 -32.89915 24.84621 -0.062282 2.817355 -0.454905 1.481249 -0.473685 1.642796 -0.421443 2.321416 0.014251 1.297798 -0.154595 0.610806
16.45203 -34.89915 24.84621 -0.995877 0.697172 -0.613418 1.15948 -0.277158 0.893031 0.463658 0.085333 0.461912 1.304437 0.730058 0.266509
16.45203 -36.89915 24.84621 -0.967292 -1.560654 1.114923 -1.40789 0.26648 -0.100218 0.216829 -1.775645 2.651738 -0.813113 0.798334 0.204148
14.45203 -36.89915 24.84621 -3.045594 -3.205176 -0.934787 -0.917743 -0.798701 -1.613123 0.890201 -3.255109 1.541581 0.233961 2.470284 -1.525942
14.45203 -38.89915 24.84621 -1.709483 -3.3173 0.58428 -2.453297 0.09191 -1.867283 0.433979 -3.660379 2.038828 -0.815032 2.075275 -0.975217
12.45203 -38.89915 24.84621 -2.932381 -3.175221 -0.171682 -1.271098 -1.600585 -2.63288 1.968004 -2.025123 2.859633 1.551941 2.521912 -1.569182
-5.547966 -40.89915 24.84621 -2.23951 -0.701583 -1.141664 -1.461226 -0.069376 -0.996878 -0.018365 -0.603651 -1.12259 -2.571572 0.662021 -1.065875
-7.547966 -40.89915 24.84621 -1.993238 -0.15742 -0.701622 0.015494 -1.326536 -0.204652 -0.077782 0.727865 1.352527 0.82689 0.389429 0.922369
-9.547966 -40.89915 24.84621 -2.347824 -1.277174 -0.860548 0.118053 -1.912571 0.226307 -0.994696 0.355079 1.000894 2.035427 -0.395342 1.818145
-11.54797 -40.89915 24.84621 -0.447466 0.95623 -0.422329 0.611417 -1.131205 -0.51044 -0.112157 2.613125 -0.11056 1.276572 -1.111734 -0.419478
-7.547966 -42.89915 24.84621 -0.101813 2.857469 -0.34152 2.163438 -1.150784 0.33725 2.15112 1.866756 1.676013 1.894403 0.789373 0.162243
14.45203 -34.89915 26.84621 -2.146644 1.397163 -1.679811 2.346282 -1.381658 1.158691 -1.809285 1.869409 -0.686996 2.277263 -0.023158 0.375603
12.45203 -34.89915 26.84621 -2.426776 -0.568823 -1.308856 3.283367 -1.410236 0.135005 -1.109258 0.5704 0.75427 3.812226 -0.000677 0.379209
14.45203 -36.89915 26.84621 -2.497517 -0.62498 -2.742838 -0.392927 -1.037706 0.524201 -1.12441 -0.116283 -1.918787 -0.283453 0.889088 -0.943351
12.45203 -36.89915 26.84621 -2.283268 -0.39661 -1.902169 1.760867 -1.557113 0.505654 -0.260954 0.950897 0.083432 2.293097 -0.769472 0.280893
-7.547966 -40.89915 26.84621 -0.37868 -0.21139 -0.531181 -0.909756 -0.622029 -1.872632 0.776228 -0.314974 0.551223 0.539442 1.246056 -0.872576
-9.547966 -40.89915 26.84621 -0.843589 -1.294892 -0.486474 -0.836737 -1.111791 -1.338697 0.239525 -1.907446 1.290303 0.782527 1.017088 0.009814
-11.54797 -40.89915 26.84621 -0.790015 -0.003792 -0.885355 0.106288 -0.593525 -0.250302 0.305173 -0.128952 0.769661 0.854584 0.224745 1.365892
-7.547966 -42.89915 26.84621 0.166297 0.78999 -0.029988 -0.82154 -1.278747 -1.474506 1.503852 -0.110867 0.879127 -0.272966 -0.259386 -0.621509
-11.54797 -42.89915 26.84621 -0.67441 0.189753 -0.52437 1.638769 -0.229189 1.353729 -0.323363 -1.155183 1.421687 2.116176 1.103352 1.233439
12.45203 -36.89915 28.84621 -0.498327 -0.369417 0.315676 0.461898 0.326305 0.334492 0.387833 0.18535 1.804065 1.179258 -0.001251 0.432765
