-2.856766 -14.32407 -2.107178 3.00933 -1.02702 4.701317 2.118521 2.601668 4.463455 0.790232 2.821726 1.308868 3.215608 2.354515 8.31928
1.143234 -16.32407 -2.107178 3.321515 -2.561981 5.71681 -0.85903 -1.676487 -3.024964 1.953061 0.000767 1.579479 0.909234 0.172156 3.797151
-0.856766 -16.32407 -2.107178 5.772772 -1.876385 3.763884 0.604692 -0.94172 1.003842 1.703297 -0.96195 0.777207 2.156273 0.647403 3.848808
-2.856766 -14.32407 -0.107178 -0.65393 2.70768 -2.747291 -0.388946 0.426829 2.531494 -1.09385 1.772538 -1.34799 4.659039 1.638402 2.932929
-0.856766 -16.32407 -0.107178 2.935338 1.071483 1.068045 -0.11247 -4.069595 3.90239 0.342919 0.941186 -0.939769 3.293508 0.422084 2.559214
-2.856766 -16.32407 -0.107178 0.178626 1.581283 -1.749661 -0.660931 -0.797361 2.355796 -0.856767 0.088974 -1.637377 2.193152 1.816913 -0.591323
5.143234 -22.32407 -0.107178 0.737247 -0.937795 3.217829 0.468925 -0.617343 -0.162896 0.965596 -1.78549 3.853572 2.031659 0.179335 4.470081
3.143234 -22.32407 -0.107178 0.324009 -2.513486 2.889719 0.27977 0.076851 0.398294 2.699927 -0.735494 5.359761 0.93735 1.418218 5.46623
-0.856766 -22.32407 -0.107178 3.034305 -2.38035 -1.014455 -2.025184 -0.356433 -2.332689 -0.314023 0.548377 -1.114808 -1.061863 0.555407 1.78694
-0.856766 -24.32407 -0.107178 0.855188 -1.118552 -2.831485 -2.899314 -2.060578 -2.857416 -0.020664 -0.48492 -2.255724 -1.531417 -1.552409 0.929223
-2.856766 -10.32407 1.892822 0.608002 1.123768 -0.866884 -1.06946 -1.835808 -2.5569 1.06609 -1.141947 -4.362174 -2.438236 -0.401648 -3.316731
-2.856766 -12.32407 1.892822 1.404233 3.594998 -1.42361 -1.020965 -1.870028 -1.814976 0.599929 -1.504832 -3.329256 -0.982181 0.409567 -2.445931
-2.856766 -14.32407 1.892822 -0.598309 3.837903 -1.540126 0.239054 -0.775991 0.167761 -0.808826 -2.549722 -1.318679 0.463596 0.929075 -6.021991
-2.856766 -16.32407 1.892822 -1.957563 2.410004 -1.006821 0.585689 -0.638331 1.453853 0.218799 -2.783706 0.872594 0.160097 0.830001 -6.506776
5.143234 -18.32407 1.892822 -0.668477 -1.233293 0.080961 0.867632 -1.940906 -1.378649 -0.103755 -2.426567 0.850694 2.090285 -0.969644 -2.108526
-0.856766 -18.32407 1.892822 0.731265 -0.073718 -1.741185 0.375244 -3.467522 1.575475 0.184572 -0.401417 -1.285161 0.778144 -0.45582 -1.109822
-2.856766 -18.32407 1.892822 -1.194746 1.046593 -0.617705 -0.634004 -0.939229 0.688759 1.084958 -1.423426 2.158716 -1.180776 0.350716 -1.6407
5.143234 -20.32407 1.892822 0.367532 -1.603649 2.945437 0.136486 -1.129065 0.642003 0.7698 -1.840611 1.209524 2.531102 -0.750894 -1.891327
3.143234 -20.32407 1.892822 1.12125 -3.508123 3.971137 2.457918 0.980916 1.506744 2.181548 -0.637954 4.171455 3.782215 0.181965 -4.448787
-0.856766 -20.32407 1.892822 1.949925 -0.718816 -1.251662 0.766366 -0.931315 -2.239323 0.156561 0.940158 -0.460842 1.131378 -1.022972 -0.850144
-2.856766 -20.32407 1.892822 -0.694205 0.681711 -0.927939 -1.554494 -1.128825 -1.102124 -0.857319 -0.403648 1.725831 -0.423881 -0.704024 0.251043
5.143234 -22.32407 1.892822 0.649257 -2.2788 3.457696 0.314521 -0.653704 1.042525 0.288534 -1.937225 1.329661 1.433459 0.240782 -1.528968
3.143234 -22.32407 1.892822 0.609198 -5.26754 2.022667 1.285958 0.182965 1.010692 0.956719 -0.147959 1.283041 1.289774 -0.496971 -2.770987
-0.856766 -22.32407 1.892822 0.221755 -0.329333 -2.313534 1.063642 -1.582625 -4.944129 0.035251 0.948228 -1.924192 1.837326 -1.119841 1.695006
-2.856766 -22.32407 1.892822 -1.652348 0.899803 -1.825644 -0.965334 -1.914963 -2.120778 -1.655759 -0.179526 0.480959 0.780966 -1.172043 1.606697
-0.856766 -24.32407 1.892822 -2.980308 -0.159075 -5.475826 0.395738 -3.372715 -2.051352 0.072878 -0.377871 -4.145378 1.655061 -1.786733 1.891622
-2.856766 -24.32407 1.892822 -2.408026 -0.660106 -3.55111 0.052873 -2.947847 -2.702472 -0.969697 -0.042759 0.08488 0.237406 -0.881517 -0.503866
5.143234 -34.32407 1.892822 2.761519 -3.524609 5.790997 -0.130378 1.126946 0.446208 1.393203 -8.46515 2.086838 0.504093 0.176071 -3.530255
7.143234 -36.32407 1.892822 -1.571163 0.103062 1.004457 -0.522606 1.108883 1.797928 -0.876011 -2.399127 0.055731 -1.394158 0.305056 0.261137
-0.856766 -10.32407 3.892822 1.919612 -2.888149 0.701072 -1.118271 -2.276542 -4.334851 1.402499 -0.220974 2.567717 -1.658566 0.820729 -6.154984
-2.856766 -10.32407 3.892822 0.158566 1.507702 2.802158 -0.285677 -3.423569 -0.284702 1.671973 0.18563 -0.326232 1.013921 -1.01426 -1.303688
-0.856766 -12.32407 3.892822 0.981496 -0.451192 -1.203294 0.14762 -2.278753 -3.412326 -0.283611 -2.56908 0.231076 0.602496 -1.203336 -0.372651
-2.856766 -12.32407 3.892822 0.91113 4.232784 2.062623 0.691938 -1.829765 -0.634347 1.308981 -2.673793 -1.422923 1.925429 0.020963 -0.105735
-2.856766 -14.32407 3.892822 -0.912776 3.939743 -0.271371 0.614043 -1.249646 0.255203 -1.025923 -4.732665 -2.590702 -0.715994 -1.285342 -1.448853
5.143234 -16.32407 3.892822 2.022935 -4.583908 2.83743 -3.509332 0.936446 -1.877931 0.663949 -2.243803 2.845252 -6.198392 0.584886 -7.955748
-2.856766 -16.32407 3.892822 -1.502397 1.268007 -0.800974 0.436295 -0.899681 0.637519 -0.220727 -3.789405 0.258947 -2.939972 -1.720803 -2.811203
-4.856766 -16.32407 3.892822 -3.210504 -3.489986 -1.09091 -1.911232 -1.131035 -2.091508 0.701869 -1.418032 -3.73565 -2.105522 -1.865911 -2.360767
7.143234 -18.32407 3.892822 1.863362 -4.533399 -2.101457 -2.360471 -1.920595 -3.415128 2.131307 -1.263211 -0.027524 -2.028168 0.171628 -3.32747
5.143234 -18.32407 3.892822 0.011098 -5.273534 -0.431641 -2.962665 -0.965542 -1.659163 0.706508 -2.029268 1.357872 -4.511379 -1.157091 -8.937635
3.143234 -18.32407 3.892822 -0.010349 -3.426182 -1.11058 1.272851 1.314267 1.550461 -1.505462 -1.190241 -1.860782 1.051343 0.265397 -7.325074
-0.856766 -18.32407 3.892822 -0.170397 -2.402579 1.208444 2.123852 -1.521593 -0.559337 0.512353 -0.294447 0.455157 1.476723 -1.066314 2.839262
-2.856766 -18.32407 3.892822 -0.42912 -1.197431 0.04912 0.259143 -0.421758 -1.701368 1.515747 -1.216395 2.56513 -2.752831 -0.715123 -2.852979
7.143234 -20.32407 3.892822 -1.75118 -3.710573 -4.516706 -1.874459 -3.159827 -4.385296 1.389212 -1.627157 -1.213856 -2.034671 -2.689447 -3.552867
5.143234 -20.32407 3.892822 -1.981441 -7.055355 0.379957 -2.553026 -3.612521 -4.322474 1.457096 -2.759106 -0.16604 -5.381302 -3.381426 -8.726433
3.143234 -20.32407 3.892822 -0.581241 -5.067556 -0.572086 1.070909 -0.78426 0.694585 0.233055 -1.628925 -0.673621 0.554946 -1.738696 -11.14216
1.143234 -20.32407 3.892822 1.580405 -1.041982 -1.920269 2.249115 2.627659 0.489927 0.821188 0.564157 0.294376 1.051414 1.806268 -3.539271
-0.856766 -20.32407 3.892822 0.744227 -3.419509 0.567946 1.008744 -0.182266 -3.257951 1.515352 -0.224241 1.216504 0.541686 -0.968447 0.532548
-2.856766 -20.32407 3.892822 -0.201226 -1.999734 -0.384163 -0.362712 -0.230699 -4.382851 0.826884 -0.513375 0.378061 -1.762655 -0.289358 -1.67214
7.143234 -22.32407 3.892822 -1.746619 -2.568024 -3.284368 -1.153033 -1.843127 -4.403552 -0.001102 -2.395118 1.249386 -1.417567 -2.664442 -4.185717
5.143234 -22.32407 3.892822 -0.898017 -7.86746 2.018999 -2.072146 -3.166924 -6.905467 1.761023 -4.205444 -0.859976 -6.215379 -2.256315 -9.216141
1.143234 -22.32407 3.892822 0.521596 -2.519375 -1.799141 0.722208 0.830347 -2.07009 1.293337 -0.897932 1.309647 0.543672 0.023069 -7.584615
-0.856766 -22.32407 3.892822 0.457346 -2.102855 0.119125 0.658915 0.038653 -5.093657 1.709571 -1.27639 -0.091665 0.417787 -1.08603 -2.148395
-2.856766 -22.32407 3.892822 -1.878921 -1.067124 -2.231685 0.499943 -0.46487 -4.516418 -0.213279 -1.239362 -1.940959 -0.167812 -1.068885 -0.423592
-4.856766 -22.32407 3.892822 -1.790578 2.088609 -0.120196 0.958878 0.293186 -1.296317 -0.187837 0.655049 -0.941372 -1.496515 0.065145 -1.444831
9.143234 -24.32407 3.892822 2.14758 -1.356013 -0.991467 -1.421572 -0.53521 -1.991884 -1.093469 -0.312739 3.280519 0.374657 0.75222 -0.129634
1.143234 -24.32407 3.892822 -1.350399 -2.705198 -1.742469 0.212858 -2.87704 -2.985476 -0.530497 -1.378013 -2.279859 2.05044 -1.536823 -4.861283
-2.856766 -24.32407 3.892822 -4.054843 -1.021818 -4.297166 1.911325 -1.65843 -3.99314 -0.297272 -0.685186 -2.855258 1.698075 -1.569697 -2.622334
9.143234 -26.32407 3.892822 0.133847 -2.69387 1.624794 -2.901448 -0.160898 -1.731838 -0.108761 -0.846034 1.556433 0.664181 1.504397 -2.229026
7.143234 -26.32407 3.892822 0.737391 -1.426581 2.681337 -2.125228 -1.721725 -1.810887 -0.797932 -1.636738 2.25278 -0.56637 1.76863 -4.941626
-0.856766 -26.32407 3.892822 -4.043686 -0.297805 -3.19379 1.975236 -4.543155 1.147772 0.002393 -1.202735 -5.113878 4.585069 -2.945284 -1.508144
-2.856766 -26.32407 3.892822 -3.984368 -1.692561 -4.368186 0.892385 -2.308388 -3.247737 0.322562 -0.03875 -2.796424 1.711743 -1.788 -5.079985
9.143234 -28.32407 3.892822 0.557161 -3.315927 1.988618 -3.138304 0.258226 -1.334119 0.333645 -1.624615 -1.616774 1.198336 0.450598 -1.721768
5.143234 -28.32407 3.892822 2.743754 -3.209875 4.867442 -0.470083 -0.348978 -2.757965 2.529428 -2.549263 2.972279 -2.885383 0.387742 -6.29654
-2.856766 -28.32407 3.892822 -1.810185 0.5277 -1.351983 -0.840547 0.235397 -2.403471 1.622897 -0.804631 -1.375185 -1.367707 -2.874799 -3.561329
5.143234 -30.32407 3.892822 1.706125 -4.291521 4.458572 -0.81547 -0.07267 -2.17196 2.729052 -3.112587 2.660273 -1.355125 -1.998103 -9.190579
-2.856766 -30.32407 3.892822 0.482439 0.487494 0.296958 -1.021135 1.729675 0.464634 0.567141 -0.414367 0.32598 0.136419 -0.492389 0.522036
7.143234 -32.32407 3.892822 2.159961 -1.174605 2.303779 0.338746 -0.655914 -1.335633 1.962584 -3.11793 1.978356 0.708501 -0.031369 -2.896073
5.143234 -32.32407 3.892822 2.48601 -4.539135 4.026655 -0.477516 1.667499 -3.190644 1.192608 -4.016202 2.105772 -0.718548 -0.152943 -7.143681
-2.856766 -32.32407 3.892822 1.217378 0.577282 0.481933 -2.437827 -1.074738 -0.731976 0.692069 -1.770091 -0.097441 -0.043735 -0.37538 0.083768
7.143234 -34.32407 3.892822 1.111894 -0.167346 0.934587 0.965071 -0.911918 0.461321 0.466934 -1.032918 2.505539 1.641551 0.190887 -0.045577
5.143234 -34.32407 3.892822 1.610332 -1.548978 3.852904 1.392383 1.392662 -2.081462 0.452482 -3.892431 3.214031 -0.061535 1.014453 -3.090556
1.143234 -34.32407 3.892822 -1.378515 -0.772498 -1.433761 -1.765491 -1.923333 -2.3206 0.072096 -1.199587 -0.294743 1.069291 0.23663 -3.745998
7.143234 -36.32407 3.892822 -0.63756 -1.436404 -0.103263 -0.330004 -0.198793 1.944238 -1.325515 -1.936364 1.72846 1.39469 0.055595 -1.295334
5.143234 -36.32407 3.892822 0.048737 -3.309843 2.148215 -0.941377 -0.75225 -1.647421 -0.589487 -5.72383 2.901923 0.127908 1.009326 -4.543577
3.143234 -36.32407 3.892822 2.163465 -2.602838 3.147048 -2.170855 -0.780935 -1.763118 0.490504 -6.781139 2.958631 -0.945134 0.982423 -8.000764
1.143234 -36.32407 3.892822 0.075281 -1.215584 0.522044 -1.597865 -0.824458 -3.011483 -0.947956 -2.397312 -1.006591 -0.320175 -0.742765 -2.925375
1.143234 -38.32407 3.892822 1.435502 -1.62256 1.989118 -1.163639 -1.492906 -3.847928 -0.707856 -4.233634 -0.372038 -0.614087 -0.189505 -3.089489
5.143234 -12.32407 5.892822 1.415509 -1.787374 3.239713 1.207632 -1.159342 -5.060037 -0.487195 -4.557118 0.235918 -8.90039 -1.48115 -6.073034
-2.856766 -12.32407 5.892822 1.388718 0.732525 3.048933 0.599536 -1.108038 -1.946068 0.962451 -1.638392 1.798528 3.040178 -0.564403 0.235035
9.143234 -14.32407 5.892822 -2.832497 -1.596067 -0.722411 -1.1959 -2.885211 -0.233512 0.230654 -2.96718 2.089185 -0.906858 -5.887248 -5.949698
7.143234 -14.32407 5.892822 -1.207146 -1.899523 0.657965 0.564298 -1.654174 -1.062451 -0.708436 -3.150563 0.193403 -2.985622 -4.478111 -6.234349
5.143234 -14.32407 5.892822 3.544369 -3.17826 1.568945 -1.639221 -2.298085 -4.018423 1.619898 -3.76575 0.307517 -7.267201 -4.053766 -7.001965
-2.856766 -14.32407 5.892822 -1.365846 -1.160343 1.776098 -2.478191 -1.359961 -5.541453 -0.811275 -2.257857 -0.655651 -2.276479 -1.416667 -3.765574
9.143234 -16.32407 5.892822 -3.281881 -3.387436 -2.64748 -0.413401 -0.587744 -4.169611 0.252509 -4.211977 2.755973 -2.422966 -2.390588 -3.582241
7.143234 -16.32407 5.892822 0.992155 -4.176237 1.312955 0.086756 -0.57108 -3.410717 1.165908 -3.6415 3.842138 -1.781922 -3.347425 -6.145044
5.143234 -16.32407 5.892822 3.169505 -4.077626 -0.371989 -2.476336 -2.153507 -3.52931 1.464269 -2.82818 1.878304 -4.592657 -4.570594 -8.194669
-2.856766 -16.32407 5.892822 -2.452154 -3.624704 -0.370088 -4.930518 -0.091985 -6.263072 -2.093668 -1.51876 -0.93935 -7.208867 -2.902809 -5.918949
-4.856766 -16.32407 5.892822 -1.230292 -6.388844 0.219597 -2.906646 0.051854 -7.272552 -1.713013 1.816228 -4.496624 -2.312927 -2.054262 -11.73453
11.14323 -18.32407 5.892822 1.10179 1.489154 3.458372 -0.146062 3.176036 -4.801498 0.710047 -1.712843 1.54741 -2.03614 1.396831 2.399462
9.143234 -18.32407 5.892822 -0.481577 -2.644387 0.358082 0.129875 1.01991 -4.829083 0.920886 -4.175829 1.60954 -2.528907 0.76947 -0.698627
7.143234 -18.32407 5.892822 1.825473 -5.719751 1.826596 -0.805547 0.302039 -5.849161 2.753709 -5.740409 5.565538 -2.134563 -1.008926 -3.882844
5.143234 -18.32407 5.892822 1.227694 -4.462165 -1.721193 -1.955568 -1.659615 -4.419799 0.035507 -2.096267 2.448568 -6.269311 -3.961915 -7.861691
-0.856766 -18.32407 5.892822 -0.230768 -1.191982 2.355155 0.494242 0.676499 -1.744179 0.37916 -0.85981 4.635528 -0.451613 -2.530944 4.325504
-2.856766 -18.32407 5.892822 -0.822016 -5.603475 -2.110423 -3.608349 0.572045 -6.301289 -2.407792 -0.393505 0.933295 -7.017214 -2.890584 -6.097155
-4.856766 -18.32407 5.892822 -0.610375 -7.201142 -2.974028 -4.616924 0.572477 -6.652202 -2.730496 1.698699 -4.296652 -7.936088 -0.855911 -12.7816
11.14323 -20.32407 5.892822 0.798723 0.814103 1.639905 -1.036888 1.447904 -3.228382 0.464352 -2.747626 0.889796 -2.265015 1.771566 4.454284
9.143234 -20.32407 5.892822 0.69346 -2.612207 3.158688 -1.108314 1.12378 -6.298503 2.023811 -4.826917 0.649853 -3.11594 0.100483 -1.428596
7.143234 -20.32407 5.892822 0.096287 -5.038128 0.949942 -1.554359 -0.541335 -8.955528 2.872251 -7.288859 3.68968 -5.783356 -1.522467 -2.538273
3.143234 -20.32407 5.892822 -0.985633 -0.648835 -2.826729 0.451761 -1.193529 -0.590147 -1.617842 -1.825084 -0.855371 -7.663889 -1.145353 -5.004417
1.143234 -20.32407 5.892822 -0.803758 0.474257 0.109197 1.381804 0.713633 1.89347 -2.294779 -0.05897 0.505416 -4.289734 0.003058 -0.833693
-0.856766 -20.32407 5.892822 1.082123 -2.00618 3.466738 1.37593 0.243815 -1.213638 0.414015 -1.047258 4.845965 0.272631 -1.252413 2.0078
11.14323 -22.32407 5.892822 0.445632 -3.014906 -1.152576 -3.563307 0.29219 -6.237501 0.263449 -6.367201 1.463612 -5.050577 1.285079 -1.646779
9.143234 -22.32407 5.892822 -0.696352 -4.135362 0.396635 -3.324653 0.084122 -8.604125 1.642611 -7.147149 0.841334 -4.773168 -2.118295 -6.287837
7.143234 -22.32407 5.892822 -1.606932 -2.759541 -1.183694 -2.256085 -1.849488 -9.685987 1.162979 -7.403922 1.196509 -9.261617 -3.378705 -3.896899
5.143234 -22.32407 5.892822 0.814605 -5.219983 2.165769 -3.061834 -2.677262 -11.40923 0.467726 -5.043632 0.082988 -14.0998 -3.032769 -11.55511
3.143234 -22.32407 5.892822 -1.012105 -1.692425 0.963856 -0.424696 -2.417543 -3.451725 0.908668 -3.950684 -0.502961 -8.031773 -2.113448 -6.653434
1.143234 -22.32407 5.892822 -0.540706 1.183636 0.769639 1.084247 -0.499441 0.485277 -0.800392 0.090962 1.481243 -2.293278 -0.217371 -3.079722
-0.856766 -22.32407 5.892822 1.136317 -2.895826 3.545624 0.504859 -0.294434 -3.258129 0.456626 -0.862641 0.800264 -0.572658 -0.232628 -2.492091
-2.856766 -22.32407 5.892822 -0.508663 -3.214889 -0.019102 -0.794745 -1.690871 -6.352843 -0.740528 -1.190444 -1.918034 -3.462192 -0.967787 -1.7641
11.14323 -24.32407 5.892822 0.374839 -4.324582 -3.542264 -3.357807 -0.09225 -6.634277 -0.315118 -8.047353 -0.345667 -6.428299 0.743026 -7.459746
9.143234 -24.32407 5.892822 0.415448 -4.432494 -3.116898 -3.974728 -1.028521 -6.567215 -0.009318 -7.863708 0.086192 -5.42107 -0.832395 -9.592813
7.143234 -24.32407 5.892822 0.697992 -0.765559 -2.273938 -2.469982 -0.424876 -3.337101 0.444723 -5.192295 0.658458 -7.05657 -1.237985 -5.422128
3.143234 -24.32407 5.892822 -0.213848 -3.681637 0.967794 -1.884752 -1.617288 -6.756202 1.34625 -5.568761 -1.466403 -8.729285 -1.849519 -9.230723
1.143234 -24.32407 5.892822 -1.941042 0.542573 -0.106223 1.032497 -2.685606 -1.698938 -0.62235 0.19278 -0.743975 -1.386698 -0.936087 -2.854954
-0.856766 -24.32407 5.892822 0.033086 -1.964888 2.961523 2.241077 -2.742018 -3.531287 -0.218995 -0.018536 -2.788109 0.044452 -0.395364 -3.342122
-2.856766 -24.32407 5.892822 -0.096486 -2.941204 0.245972 0.356261 -1.41307 -5.357824 -1.047161 -1.154875 -1.624187 -2.776503 -0.426495 -6.37396
-4.856766 -24.32407 5.892822 1.150933 1.022752 -0.411688 -0.760137 -1.639214 -0.972901 -1.188767 -0.938852 -0.738453 0.961049 -1.558281 -4.258764
11.14323 -26.32407 5.892822 -0.712994 -2.53768 -1.075007 -1.707796 0.515186 -4.2121 -1.473122 -6.283921 -2.299159 -2.683712 0.319184 -5.039943
9.143234 -26.32407 5.892822 0.105734 -2.079951 -0.559055 -2.053349 -0.035982 -3.73743 -0.551975 -3.804534 -1.213308 -1.51983 0.37344 -6.126787
7.143234 -26.32407 5.892822 2.900192 0.986549 2.799058 -0.51846 0.447708 1.221015 1.543029 -1.47525 2.491659 -2.191852 1.661679 -2.916013
1.143234 -26.32407 5.892822 -1.51366 -1.103807 0.031413 0.63812 -3.250979 -2.668061 -2.036384 0.007486 -1.593554 -1.748035 -0.480539 -2.957277
-0.856766 -26.32407 5.892822 -1.295519 -2.065517 0.736518 0.08748 -4.859663 -2.855552 0.154581 -1.478531 -2.751668 -0.2927 -0.977248 -4.169276
-2.856766 -26.32407 5.892822 -1.653065 -3.970718 -0.91849 -0.947396 -2.861975 -5.256842 -0.401026 -2.112482 -0.815917 -3.3299 -0.361276 -11.41599
-4.856766 -26.32407 5.892822 0.670708 -0.32914 -2.99132 -2.332033 -1.243767 -1.509067 -0.607903 -1.874113 -0.005873 -1.327919 -0.398008 -7.601315
11.14323 -28.32407 5.892822 1.22792 -1.857377 1.088407 -1.238587 1.03619 -1.30964 1.290023 -4.241568 -1.622818 -0.545524 0.913928 -1.003067
9.143234 -28.32407 5.892822 2.331924 -1.588097 1.535438 -1.273136 -0.220243 -2.339985 0.626917 -2.245434 0.170477 0.563185 1.44012 -0.101841
7.143234 -28.32407 5.892822 2.800677 -0.447794 2.657865 0.525535 -0.32753 1.173871 1.064652 -1.096958 3.750028 -0.254547 0.673634 -0.933952
1.143234 -28.32407 5.892822 -2.018557 -2.402354 0.670435 -1.697783 -2.991757 -5.55106 -2.972587 -2.869459 -0.800483 -3.688137 -2.656209 -5.139373
-0.856766 -28.32407 5.892822 -1.456043 -1.719892 -2.343225 -2.199413 -2.650595 -3.669663 0.592271 -2.04026 -2.035352 -2.989438 -3.33929 -4.299322
-2.856766 -28.32407 5.892822 -1.488091 -2.875057 -2.976023 -2.820932 -1.465359 -5.586618 1.902875 -2.22811 -0.335385 -4.612238 -2.338152 -8.548741
-4.856766 -28.32407 5.892822 -0.619831 -1.310319 -1.973124 -1.708514 -1.02385 -2.813932 1.21268 -2.477623 1.282206 -1.865884 -2.247011 -4.103864
11.14323 -30.32407 5.892822 2.623055 -1.609694 3.031978 -0.840022 1.627648 -0.812324 1.871405 -2.16429 -0.661076 -0.828697 0.034709 -1.550723
9.143234 -30.32407 5.892822 3.154289 -2.841348 3.757462 -2.239349 1.520809 -2.897302 1.806805 -6.03288 -1.086423 -2.210136 -0.847442 -2.425935
7.143234 -30.32407 5.892822 2.31727 -4.271844 3.158088 -1.597333 0.214765 -3.812569 1.209123 -6.038563 -0.751079 -3.242599 -2.332455 -8.417564
5.143234 -30.32407 5.892822 -0.237737 -5.976897 2.668174 -3.375502 0.355301 -5.399019 2.330349 -1.324956 0.401907 -4.6852 -3.931469 -14.21627
3.143234 -30.32407 5.892822 -3.237684 -6.895108 0.099156 -3.513311 -2.233826 -6.798317 0.682544 -1.764175 -1.218097 -4.190558 -4.67079 -7.598474
-0.856766 -30.32407 5.892822 1.252209 -0.690236 1.023495 -1.912643 -0.096656 0.35362 -0.350648 -1.703293 1.507182 0.587294 -1.589019 -1.253987
-4.856766 -30.32407 5.892822 -1.131959 -2.470605 -1.59747 -0.299323 -0.696251 -4.73582 1.222597 -1.78357 0.608459 -1.005264 -1.840538 -2.22763
11.14323 -32.32407 5.892822 1.626525 1.156355 1.450387 -0.118716 0.401992 0.77992 0.458852 -2.24302 0.466568 -0.220617 -0.427853 1.256433
9.143234 -32.32407 5.892822 1.997892 0.847671 1.687313 -0.62705 -1.377324 -1.727908 0.601688 -4.28437 0.619354 -0.333436 -0.663185 -3.579724
7.143234 -32.32407 5.892822 3.821824 -1.884897 2.74915 -0.176445 -1.170505 -2.752504 0.341351 -2.406325 -0.025334 -0.101928 -1.321481 -8.363528
5.143234 -32.32407 5.892822 0.533546 -4.194109 1.051175 -1.119623 -0.355649 -3.414518 0.222037 -1.064026 -1.52858 -3.565844 -2.456767 -11.06323
-4.856766 -32.32407 5.892822 -0.713342 -2.728159 -0.884558 -1.764451 -1.795097 -3.245494 0.880853 -3.357108 -1.674577 0.029846 -1.620378 -1.26716
11.14323 -34.32407 5.892822 0.838104 -0.290209 1.907326 -0.302705 0.696227 -0.027089 0.263501 -2.472202 0.688838 -2.045677 0.004404 -0.443182
9.143234 -34.32407 5.892822 1.576785 -0.97139 0.460694 -0.038039 -1.809218 -1.438169 0.349092 -0.547026 1.177563 -2.097656 -0.894947 -5.696945
7.143234 -34.32407 5.892822 3.633481 -0.976664 0.57691 1.308835 -1.864967 -2.109951 0.033582 1.109405 1.109764 -0.398498 -0.80271 -5.501756
5.143234 -34.32407 5.892822 2.381448 -1.469876 1.750067 2.25456 0.025829 -3.034373 0.452233 -0.597561 -0.578362 -2.835598 -0.690754 -5.074978
1.143234 -34.32407 5.892822 0.106952 -3.678239 0.805142 -0.793197 -1.406816 -4.162956 1.133046 -1.605726 0.142945 -0.20961 -0.072198 -2.702825
-0.856766 -34.32407 5.892822 -1.073069 -0.283689 0.774916 0.815323 -0.548195 -1.782141 0.38363 -0.886129 -0.849552 0.320814 0.651123 1.947197
-2.856766 -34.32407 5.892822 -1.093116 -0.344936 -0.877419 -0.23574 0.468555 -0.783109 0.226982 -2.673646 -1.616328 0.438905 -0.614104 -2.78036
-4.856766 -34.32407 5.892822 -0.04793 -2.761258 0.230733 -1.894782 0.332996 -2.993161 0.197016 -5.860041 -1.845191 0.220792 -0.614123 -5.055485
11.14323 -36.32407 5.892822 0.382452 -1.125115 2.901213 -0.210699 1.61995 -0.778752 0.025967 -1.107158 0.087481 -2.137625 0.552159 -4.318099
9.143234 -36.32407 5.892822 0.213949 -2.149647 -0.48493 -0.415536 -0.676715 0.377172 0.322015 0.908427 -0.953934 -3.041134 -1.218354 -4.819062
7.143234 -36.32407 5.892822 1.285303 -1.596229 -1.357222 0.310626 -1.789873 -0.445759 -0.327352 0.318575 -0.733966 -0.931532 -1.081637 -2.068779
5.143234 -36.32407 5.892822 1.619149 -2.189351 1.727398 0.664647 -0.601884 -0.599406 0.197134 -2.161748 -0.129898 -1.053914 -0.285982 -2.428531
1.143234 -36.32407 5.892822 0.775339 -3.023746 1.364501 -0.61406 1.115084 -2.85227 1.465661 -2.188157 0.23634 -2.330904 -0.388878 -4.46369
-0.856766 -36.32407 5.892822 -1.416047 -2.025286 1.144623 0.460353 0.474782 -0.726434 0.555234 -1.51894 -1.86081 -1.398188 -1.248595 -2.282487
-2.856766 -36.32407 5.892822 0.02554 0.490841 0.243518 -0.197488 1.178928 -0.485415 0.446078 -2.847067 -1.461776 0.038066 0.465129 -2.894846
-4.856766 -36.32407 5.892822 1.693664 -1.472796 -0.18433 -2.62612 0.435996 -2.705026 0.300756 -6.522062 -1.448398 0.723816 -0.241822 -3.078592
-6.856766 -36.32407 5.892822 2.324115 -2.047347 1.257928 -2.299505 1.928174 -2.262004 1.460459 -4.868554 0.758829 0.336213 -0.254145 -0.452436
9.143234 -38.32407 5.892822 1.760572 -1.210077 1.168443 -1.140304 0.43883 0.457578 1.398475 -0.819527 -0.415493 -1.593317 0.479186 -3.626479
7.143234 -38.32407 5.892822 1.063531 -1.387698 0.982314 -0.48524 -0.363723 0.2051 1.409451 -1.96529 -1.221776 -1.045616 0.242409 -3.679343
1.143234 -38.32407 5.892822 0.191225 0.551277 0.922878 -0.092699 -0.220203 -2.276217 1.191285 -1.7695 -0.242057 0.766738 -0.169315 -2.336754
-0.856766 -38.32407 5.892822 -0.031617 -1.157352 1.062265 0.191267 1.174614 -1.679486 1.006776 -1.260673 -0.629347 1.391654 0.475521 -3.249715
-2.856766 -38.32407 5.892822 1.663193 0.005413 2.426505 -0.588326 1.814573 -2.288198 0.561489 -2.259672 0.496986 -0.081685 1.886683 -4.06145
-4.856766 -38.32407 5.892822 2.611891 -0.33775 1.985417 -1.387391 0.596947 -3.204738 -0.102858 -5.262222 0.011252 1.598557 -0.420409 -3.333024
-6.856766 -38.32407 5.892822 1.835921 -1.913491 2.173904 -2.412069 0.431734 -2.706827 1.355663 -6.306853 1.49959 0.4989 -0.602047 -3.434698
-0.856766 -40.32407 5.892822 -0.246511 -1.139762 -0.303978 0.117245 1.102468 -1.858853 0.420955 -1.163541 0.208303 2.03513 0.042264 -1.729739
-2.856766 -40.32407 5.892822 0.807982 -1.064357 1.224708 -0.901949 1.363399 -2.947564 -0.694023 -0.877483 1.194256 -1.452526 0.119328 -2.616802
7.143234 -12.32407 7.892822 -0.972169 -1.668537 -1.227678 0.432771 -2.477236 -0.719328 -3.942075 -2.740552 -1.55786 -2.533097 -1.780513 -3.235075
5.143234 -12.32407 7.892822 2.210457 0.64335 0.455836 0.495177 -1.609223 1.006497 -1.464355 -4.353847 -3.191808 -4.152023 1.013702 -1.329859
9.143234 -14.32407 7.892822 1.711827 0.111359 -0.427082 -0.306043 1.356358 3.415256 0.701149 1.449564 2.789967 0.701402 -5.229449 -1.733472
7.143234 -14.32407 7.892822 2.22085 -1.339006 -2.806904 -0.287262 -2.303787 0.433563 -2.854944 -2.500168 -2.318669 -3.916022 -5.088421 -3.735308
5.143234 -14.32407 7.892822 2.74111 0.863147 -2.032654 -2.01071 -3.837018 -3.603425 -0.754206 -5.568291 -4.386463 -5.12652 -3.791309 -5.139851
3.143234 -14.32407 7.892822 0.536824 0.153888 -0.261272 -2.710853 -4.29871 -1.152327 -1.071483 -7.325762 -7.637333 -4.29221 -5.090676 -10.83246
-2.856766 -14.32407 7.892822 0.643846 -1.815043 4.069932 -3.491168 -0.001531 -5.926224 0.643637 -4.304081 -0.683044 -3.839766 -1.107995 -6.571357
-4.856766 -14.32407 7.892822 1.696616 -3.622911 2.779162 -3.655386 1.736306 -8.888353 0.563862 -2.598447 0.464357 0.047833 -0.210929 -9.080612
9.143234 -16.32407 7.892822 -0.858552 -1.201968 -2.712384 -1.205876 3.669167 -0.818951 0.821408 -2.354828 -0.247067 -1.552703 -3.414825 -3.842136
7.143234 -16.32407 7.892822 2.069342 -1.331553 -1.924773 -2.026348 -1.983746 -0.027099 -0.805921 -4.193842 0.343366 -1.102998 -5.139939 -5.174411
5.143234 -16.32407 7.892822 2.343567 1.002693 -2.449639 -3.084476 -3.388983 -6.484468 0.629453 -6.031042 -1.362031 -1.057371 -6.457739 -9.464241
-2.856766 -16.32407 7.892822 0.024002 -3.416854 3.674748 -8.010325 1.359603 -6.359189 0.994927 -3.345299 0.002051 -7.60029 -0.579014 -11.22426
-4.856766 -16.32407 7.892822 1.12764 -4.344519 5.119161 -5.253257 2.411365 -9.745017 -1.305397 -0.741274 -0.714959 -1.693405 -0.872116 -14.56865
11.14323 -18.32407 7.892822 0.340013 1.603839 0.133448 0.107677 4.719571 -6.590541 0.974591 -2.722828 2.151425 -3.587284 -2.820145 -4.174632
9.143234 -18.32407 7.892822 -0.819731 -2.102307 -0.780691 -1.248081 5.058072 -3.01347 -0.113239 -3.344965 -2.173794 -4.860287 -1.253652 -5.111509
7.143234 -18.32407 7.892822 1.63971 -2.290144 2.218194 -1.40655 0.490013 -0.272923 1.634868 -6.678173 4.111385 1.806053 -1.120667 -0.289961
5.143234 -18.32407 7.892822 2.618253 0.33577 -2.072573 -1.419836 -0.410415 -5.16512 1.501434 -4.240581 1.880796 -0.127302 -3.634387 -7.472592
-0.856766 -18.32407 7.892822 -2.137994 0.046795 3.695859 -1.991296 0.931057 -3.152475 0.937553 -5.196047 5.038379 -3.369786 -0.772784 -9.774604
-2.856766 -18.32407 7.892822 -0.055213 -3.284783 0.310873 -7.277187 3.279376 -6.49151 -1.248674 -3.473058 1.721466 -7.93874 -1.43632 -15.06138
11.14323 -20.32407 7.892822 -0.187939 0.776166 -0.18654 0.40736 1.94843 -3.573566 -0.730474 -1.105383 0.598535 -5.687382 -2.526729 -0.112938
9.143234 -20.32407 7.892822 0.751252 -3.059219 3.783536 -1.384144 2.783251 -3.991063 -0.086244 -3.964634 -2.64042 -7.347227 -1.749639 -4.630182
7.143234 -20.32407 7.892822 1.859881 -2.489575 5.063358 -0.205276 2.236734 -0.54605 2.583915 -7.358104 3.482638 0.897827 2.863679 5.517612
5.143234 -20.32407 7.892822 3.452486 -1.188612 -1.799282 0.43989 1.373203 -2.606633 0.768667 -2.671288 1.333195 -2.022886 0.664523 -3.335304
3.143234 -20.32407 7.892822 1.359016 -2.377375 -3.592027 -2.354746 1.641576 -0.850028 -0.571255 -4.100926 1.540669 -8.743086 -1.394306 -7.82597
1.143234 -20.32407 7.892822 -4.348721 -1.389541 -0.892851 -0.963433 -1.341841 1.297209 -2.697674 -4.450179 0.745178 -6.39123 -0.330223 -11.50667
-0.856766 -20.32407 7.892822 -3.543054 -1.187246 2.775993 -0.059208 -1.771683 -3.257522 -0.938712 -6.240194 3.55088 -2.872011 -0.441123 -11.99913
13.14323 -22.32407 7.892822 1.425071 -1.148952 0.430785 -3.28215 2.583625 -5.191844 -0.768846 -1.54762 -0.763779 -5.636747 0.155277 -2.624439
11.14323 -22.32407 7.892822 1.434266 -3.316761 0.429499 -1.401765 0.903586 -3.115498 0.387371 -4.277793 2.806707 -7.574868 -0.719657 -1.472104
9.143234 -22.32407 7.892822 0.210397 -5.030826 1.809161 -2.342061 -0.829557 -4.909631 1.250351 -7.248044 -2.534013 -7.709646 -2.450845 -6.132086
7.143234 -22.32407 7.892822 1.347119 -1.565528 1.873495 -0.971791 0.2204 -0.401651 1.191022 -5.607896 -2.197122 -3.040644 2.714094 5.090944
5.143234 -22.32407 7.892822 4.515907 -3.456386 -1.501197 -0.170419 0.267359 -1.394797 -0.157117 -2.124792 -2.352422 -4.690616 1.968804 -1.40153
3.143234 -22.32407 7.892822 2.058908 -3.923056 -0.999354 -2.077507 -0.080481 -1.530641 0.76346 -5.748951 0.487165 -8.387097 -0.08318 -1.022526
1.143234 -22.32407 7.892822 -3.222611 -1.593713 -1.193112 -0.521717 -0.454495 -1.470019 -1.615592 -4.030838 -0.682844 -4.425954 0.758524 -8.104326
-0.856766 -22.32407 7.892822 -2.661698 -2.057668 3.858697 1.231966 -2.476427 -5.327467 -0.71776 -3.56976 -0.547296 0.340354 1.4479 -10.94696
13.14323 -24.32407 7.892822 4.001633 -3.875242 -1.964337 -4.152947 2.303708 -6.427184 0.752693 -3.304282 1.041942 -6.142013 0.484178 -3.497251
11.14323 -24.32407 7.892822 4.341143 -5.674789 -1.794369 -3.215447 2.224697 -4.311319 0.930496 -7.325414 2.285705 -7.809452 -0.155168 -7.176826
9.143234 -24.32407 7.892822 1.139672 -6.379942 -1.61305 -3.027427 0.970371 -4.615044 1.193242 -8.311151 -1.827166 -6.254108 -0.705776 -11.85302
7.143234 -24.32407 7.892822 2.579829 -1.665393 0.399837 -2.812361 0.017474 -0.013251 0.815257 -2.959973 -3.265771 -4.722666 0.849509 -1.172018
5.143234 -24.32407 7.892822 5.94047 -4.846931 2.095212 -2.16363 0.590077 -2.287755 1.404717 -1.102516 -3.217206 -6.652214 2.255744 -1.666291
3.143234 -24.32407 7.892822 1.992077 -4.768712 -1.386226 -2.68289 -0.921551 -4.926119 1.067462 -5.821663 -1.163735 -6.874952 -0.253001 -0.950502
1.143234 -24.32407 7.892822 -3.220874 -2.014284 -4.620305 -0.721677 -0.865124 -4.113581 -1.253633 -3.022485 0.030439 -2.890301 -0.697603 -8.321185
-0.856766 -24.32407 7.892822 0.119006 -2.590703 2.924111 1.802205 -2.209024 -6.509121 -0.653462 0.764391 0.954808 -0.249885 0.80147 -8.359765
13.14323 -26.32407 7.892822 4.040757 -3.246558 0.206443 -0.527361 2.944194 -3.139361 0.460879 -5.25105 -0.545303 -3.247686 1.279854 1.211686
11.14323 -26.32407 7.892822 2.204308 -3.711609 -0.073056 -1.987593 3.288819 -4.223406 0.531499 -6.340961 -1.219611 -4.987385 0.282685 -4.994896
9.143234 -26.32407 7.892822 1.533065 -3.724004 2.702424 -1.507531 3.599194 -3.641148 0.294394 -4.49033 0.665028 -4.77457 1.241032 -7.266598
7.143234 -26.32407 7.892822 4.003903 -1.477168 5.65562 -0.705089 2.588538 -3.865714 2.133488 -1.101812 1.82748 -3.713164 2.321766 -3.319138
5.143234 -26.32407 7.892822 4.967073 -3.047668 5.862343 0.383502 2.446048 -5.769955 2.863355 -1.722536 -0.336419 -5.273551 2.917691 -1.912381
3.143234 -26.32407 7.892822 1.155708 -4.243497 -1.781149 0.06139 -0.250208 -7.704279 -0.295661 -3.550462 -1.12096 -6.416121 0.803353 -2.644727
1.143234 -26.32407 7.892822 -0.471173 -1.757821 -1.680569 -0.264255 -2.439482 -4.91412 -1.028065 -2.094857 0.163268 -3.889525 0.97757 -10.10788
-0.856766 -26.32407 7.892822 1.653064 -1.011219 1.98247 -1.275062 -1.439131 -2.900744 0.056539 -0.621244 1.317978 -4.923604 1.095708 -6.767623
13.14323 -28.32407 7.892822 2.266675 -1.35305 1.092827 2.950382 0.932482 -1.998728 -0.321361 -5.354028 -2.475867 -2.774807 -0.472054 2.433927
9.143234 -28.32407 7.892822 1.833311 -1.729332 0.374461 -0.83489 2.898343 -2.713318 0.63287 -2.343903 1.88194 -5.722314 1.998553 -1.256231
7.143234 -28.32407 7.892822 2.220967 -1.085843 0.32935 0.029104 -0.030684 -4.413921 -1.149802 -1.281866 0.628441 -4.718147 0.51266 -5.868073
5.143234 -28.32407 7.892822 1.49602 -1.105729 -0.219299 -1.83267 0.401802 -5.839943 0.531827 -1.702151 -0.679409 -4.556059 0.865118 -6.082517
1.143234 -28.32407 7.892822 0.725502 -1.551287 1.502332 -2.351776 -1.958655 -6.387497 -2.403648 -4.024896 -0.791654 -7.659813 0.012762 -7.320817
13.14323 -30.32407 7.892822 0.573793 -3.213757 -1.380462 2.767686 -3.049953 -0.411602 -1.485935 -3.202019 -2.631714 -3.888911 -2.898639 -1.499057
11.14323 -30.32407 7.892822 0.229306 -3.395696 -2.634395 0.873345 0.773092 -0.080381 -0.375912 -4.034961 -1.781656 -3.912448 -3.445388 0.049571
9.143234 -30.32407 7.892822 1.344592 -4.401766 0.073896 -2.347012 1.668217 -3.359285 0.971004 -5.694569 -0.787116 -3.358944 -2.227173 -2.831345
5.143234 -30.32407 7.892822 0.055076 -3.107767 -1.475143 -2.531267 -0.927829 -5.813092 -0.497858 -2.526381 -1.724208 -3.481571 -2.726849 -7.858646
1.143234 -30.32407 7.892822 2.579569 -3.268494 0.279954 -1.842251 -0.51246 -6.080198 -0.529251 -2.768654 0.203586 -3.802976 0.953978 -5.61876
-0.856766 -30.32407 7.892822 0.858072 -0.953447 -1.465242 -1.777281 -0.406148 0.727944 0.059148 -2.916705 1.001863 -0.973986 -2.466912 -5.90644
-2.856766 -30.32407 7.892822 -1.321847 -0.910772 -2.510273 -0.337718 0.803722 0.791996 1.971353 -2.511671 -0.149156 0.524747 -2.854956 -2.748407
-4.856766 -30.32407 7.892822 -0.909864 -0.93215 -1.704394 -0.346581 0.364215 -1.547429 1.397647 -0.947835 -0.449572 -0.896225 -2.306402 -4.013242
13.14323 -32.32407 7.892822 2.114571 -2.011932 0.198541 -0.100319 -2.775317 -0.647067 -0.845653 -4.37204 0.020033 -6.663383 -1.689121 -6.56645
11.14323 -32.32407 7.892822 -0.519098 -0.657869 -3.204117 -0.822105 -1.502769 -0.023617 -1.373731 -5.892443 -1.960253 -4.83164 -4.238641 -4.893493
9.143234 -32.32407 7.892822 0.44938 -2.321476 0.036132 -1.362351 -0.037945 -2.703879 0.053685 -5.40547 -0.720185 -2.272966 -2.411645 -4.740934
1.143234 -32.32407 7.892822 3.251624 -4.752722 2.578381 -0.509198 0.5379 -4.383 2.10894 -2.218872 1.660114 -4.430378 1.933427 -1.683902
-0.856766 -32.32407 7.892822 0.735333 -1.290382 0.16444 0.322725 -0.182133 -0.767413 0.408689 -1.35794 0.087018 -1.502065 0.184144 -1.880541
-2.856766 -32.32407 7.892822 -2.352207 -1.449807 -1.818354 0.29926 -1.67962 0.240231 0.465615 -3.070108 -2.273438 -2.332581 -1.766818 -3.081087
-4.856766 -32.32407 7.892822 -1.667597 -1.28787 -0.67105 -1.360782 -0.571577 -2.827431 -0.561984 -3.089014 -3.211266 -3.018326 -2.945594 -2.867278
13.14323 -34.32407 7.892822 3.85663 -2.33541 6.276061 -1.107955 -1.269017 0.700849 0.221992 -2.519747 0.840027 -6.570656 0.911198 -4.921904
11.14323 -34.32407 7.892822 -0.708245 0.109883 -0.663678 -0.875644 -1.62498 1.05128 -1.758929 -2.215629 -0.194234 -3.989721 -2.830284 -0.385674
9.143234 -34.32407 7.892822 1.313278 -2.923838 0.597072 -0.814559 -1.26966 -2.83602 -0.406128 -1.588734 0.49339 -4.437571 -1.570656 -5.250711
1.143234 -34.32407 7.892822 1.968478 -1.865622 3.643612 0.195655 0.375206 -1.760862 2.023414 0.08305 1.44944 -2.628384 1.231683 0.116302
-0.856766 -34.32407 7.892822 -0.973062 0.14858 0.94866 -0.386722 0.33821 -1.749946 0.166311 0.24786 0.469866 -1.308921 0.493349 -0.208502
-2.856766 -34.32407 7.892822 -3.878304 0.116249 -2.839601 -0.60941 -0.912712 -1.540323 -0.939796 -1.855458 -2.593462 -0.420528 -1.447074 -2.328098
-4.856766 -34.32407 7.892822 -3.49346 0.006081 -1.200074 -1.516978 -1.583278 -1.347219 -1.688241 -4.150898 -2.863457 2.092921 -2.445949 0.53097
-6.856766 -34.32407 7.892822 -1.069479 0.521964 0.313617 -0.739488 -0.051968 -1.150034 -0.132254 -1.514336 -2.438417 2.894173 -3.118491 1.227008
13.14323 -36.32407 7.892822 3.735964 -1.675484 5.111135 -2.752335 -1.260659 -2.767852 -0.158523 -3.79989 -0.806608 -5.817881 0.444211 -6.183954
11.14323 -36.32407 7.892822 0.433783 0.143875 -0.941318 -0.219519 -0.436425 0.048737 -1.072616 1.124912 -1.491432 -2.40978 -1.203042 0.000357
7.143234 -36.32407 7.892822 2.414249 -0.896144 0.957104 -0.22382 -1.038322 -2.999238 0.764527 -0.252287 -0.657504 -3.43814 -1.588431 -4.628988
-0.856766 -36.32407 7.892822 -1.381589 -2.794045 1.969949 -1.328621 0.891926 -1.22212 0.812518 -0.506295 -0.053401 -5.433773 -1.900488 -4.506621
-2.856766 -36.32407 7.892822 -1.103615 -0.580492 0.217646 -2.08026 1.221697 -1.938881 -0.36007 -2.376807 -1.065605 -3.750101 -1.577388 -6.569745
-4.856766 -36.32407 7.892822 -0.093208 0.486127 0.193276 -2.923001 0.110597 -1.135172 -1.496018 -4.722835 -2.36117 0.067241 -1.185299 -3.408108
-6.856766 -36.32407 7.892822 0.993211 1.059514 0.120315 -1.031817 -0.329821 0.367356 0.261762 -4.303032 -0.190711 2.382577 -1.705204 2.089482
13.14323 -38.32407 7.892822 2.960241 -1.805109 3.27946 -1.388254 -0.875186 -2.495512 -1.008948 -3.341479 -0.735275 -3.099449 0.577918 -5.448731
11.14323 -38.32407 7.892822 1.47728 0.025341 0.250431 1.450662 0.373308 -0.35653 -0.532635 0.036563 -0.797206 1.046181 -0.856703 -0.382609
-2.856766 -38.32407 7.892822 0.937156 -1.621035 4.70035 -1.182859 2.890235 -3.908134 0.944735 -2.437167 2.395734 -3.849994 -1.584528 -5.268069
-4.856766 -38.32407 7.892822 3.650502 0.987707 4.561423 -0.077116 2.589914 -2.214325 0.215097 -4.368012 0.277428 0.594755 -0.837864 -2.214981
-6.856766 -38.32407 7.892822 3.455281 0.724676 3.129489 0.46948 0.390569 -0.141005 0.730238 -4.927722 1.477201 2.274423 0.157217 -0.583522
-0.856766 -40.32407 7.892822 0.171465 -3.962306 2.55223 -0.299003 -0.209427 -2.817125 1.803848 0.581803 2.72595 -1.72421 -0.709645 -1.441158
-2.856766 -40.32407 7.892822 0.603937 -1.457293 3.030991 -0.942359 2.235646 -3.657242 1.593658 -0.619386 3.997366 -1.899858 -1.730344 -1.135555
-4.856766 -40.32407 7.892822 2.88726 0.354999 3.753366 0.227024 1.219662 -3.135614 0.650889 -3.027722 1.076864 -0.154169 -0.678012 1.226527
-6.856766 -40.32407 7.892822 4.539033 0.632958 6.426249 -0.784332 0.231859 -2.282876 1.603212 -3.744936 1.780146 -0.444428 1.042717 0.187435
-8.856766 -40.32407 7.892822 1.428798 0.23555 1.757563 -0.372719 -1.653414 -0.988652 0.695286 -2.660313 -0.100061 -2.027032 -0.119278 0.834836
5.143234 -10.32407 9.892822 -0.932392 -0.988179 1.762407 -4.517756 -0.173741 1.034051 -2.288985 -5.618556 -8.678254 0.780854 -0.615376 -11.57144
3.143234 -10.32407 9.892822 -4.914 1.338101 -1.105455 1.749022 -1.692326 5.307487 -1.875995 -8.678953 -2.754673 5.406754 -1.642059 3.696198
5.143234 -12.32407 9.892822 -0.96857 -0.92096 -3.565706 -3.104241 -3.252759 -0.87399 -2.713512 -8.785631 -9.58704 -4.360021 -1.626054 -14.25319
7.143234 -14.32407 9.892822 -1.686194 -3.284102 -3.402074 -4.381023 -3.060838 -1.699173 -5.690141 -6.584691 -6.395115 -9.936053 -5.02073 -10.91018
5.143234 -14.32407 9.892822 -1.273897 0.683225 -6.61429 -2.127232 -3.434372 -5.573627 -1.019478 -8.415446 -5.905978 -2.322489 -2.486406 -10.29461
7.143234 -16.32407 9.892822 2.648048 -1.016671 -3.126336 -2.826774 -3.554202 0.235813 -2.936712 -4.166203 -2.740228 -5.009535 -4.809923 -7.996285
9.143234 -18.32407 9.892822 2.020259 0.20392 4.4353 -0.012665 2.973586 -0.187932 -0.313765 -5.438368 -0.707394 -1.91783 0.168127 -8.345817
7.143234 -18.32407 9.892822 4.51546 0.748918 -0.162531 -0.434518 -2.439102 1.79399 -0.291671 -3.661644 1.134122 1.214662 -1.016438 0.15435
7.143234 -20.32407 9.892822 2.065674 1.054348 1.209899 1.752566 -0.275022 1.687071 0.273649 -3.391206 1.347829 2.927392 2.316569 9.093756
-0.856766 -20.32407 9.892822 -3.372791 -2.655226 0.627657 0.347319 -1.62518 -3.819198 1.312591 -8.047414 -0.38766 -1.58091 -1.665102 -10.63815
7.143234 -22.32407 9.892822 -0.632764 -1.107785 -0.88444 -0.085482 -1.247632 0.630666 0.004716 -2.612665 -3.036835 0.132039 1.913538 4.792359
5.143234 -22.32407 9.892822 3.278705 -2.826461 -3.797325 0.380069 -1.006296 2.3656 0.951139 -1.746526 1.051677 4.840087 1.332245 2.240401
1.143234 -22.32407 9.892822 -3.420963 -4.211502 -1.710352 -2.823478 -1.432608 -5.284519 0.123528 -7.753054 -2.242749 -1.204714 -1.753948 -11.90222
-0.856766 -22.32407 9.892822 -2.929257 -6.047078 3.368804 1.207515 -2.350991 -6.976871 1.381962 -5.563712 -1.452503 2.648841 1.031453 -10.91853
-2.856766 -22.32407 9.892822 1.834978 -1.688977 4.45544 1.105799 2.123623 -5.073209 -0.580109 -4.437928 1.24818 6.052928 3.233644 -8.826971
7.143234 -24.32407 9.892822 1.056998 -2.179538 0.458851 -2.066088 -1.521503 0.947624 0.994945 -1.009157 -2.927585 -0.946036 1.216063 -4.53244
5.143234 -24.32407 9.892822 3.699641 -5.418477 -1.809348 -0.396207 -2.613638 1.863422 1.216681 -0.927264 -1.370275 2.206591 -0.056649 -0.305512
1.143234 -24.32407 9.892822 -2.418838 -5.192525 -2.711047 -2.535472 -1.500924 -7.319602 -0.495581 -6.134444 -3.291589 -2.470045 -2.596851 -13.91054
-0.856766 -24.32407 9.892822 -0.321855 -5.206501 4.217681 1.742007 -0.578032 -6.174641 0.138686 -0.244752 -0.998815 5.72903 0.243314 -9.048735
-2.856766 -24.32407 9.892822 0.608453 -4.007837 4.073781 2.431005 1.443733 -5.172995 -0.004998 -2.492667 2.19142 4.813039 2.468949 -3.901018
-4.856766 -24.32407 9.892822 0.551702 0.344321 3.570001 0.831719 0.307645 -1.225222 -0.766564 -0.95787 -1.59074 3.844659 1.942135 3.339299
11.14323 -26.32407 9.892822 -1.025553 0.219633 -0.276634 -1.011478 1.136473 0.597198 1.286371 -1.467848 -1.249097 -3.400867 1.037759 -2.615225
5.143234 -26.32407 9.892822 3.654302 -4.588408 3.423917 1.870174 0.034162 -2.955923 3.292177 -1.560157 -1.446679 -0.281863 1.364013 -3.889299
3.143234 -26.32407 9.892822 2.708271 -4.787227 0.632517 -0.125879 0.451236 -4.819844 2.263486 -6.877788 -1.418789 -3.29481 -0.895526 -5.649803
1.143234 -26.32407 9.892822 1.02933 -2.99573 -1.439173 -0.723693 -1.366706 -5.368245 -0.346814 -6.442448 -0.119416 -2.903088 -2.034287 -10.74163
-0.856766 -26.32407 9.892822 2.308384 -1.18233 0.948431 -0.38885 0.591417 -2.091922 -1.284214 -2.405999 -0.687396 1.197034 -0.512815 -8.552601
-2.856766 -26.32407 9.892822 0.243873 -2.323833 0.810002 -0.01179 0.402322 -1.979429 0.41214 -2.37512 1.898031 -1.625006 -0.010176 -3.227134
-4.856766 -26.32407 9.892822 0.264176 -1.551409 2.671018 1.037495 1.151764 -1.225328 -0.219184 0.078467 0.435767 -3.914947 1.407993 1.773124
13.14323 -28.32407 9.892822 2.715847 -0.915307 3.713437 0.719496 1.398261 0.561515 0.433045 -2.34788 -2.306684 1.383168 -0.157846 3.754629
11.14323 -28.32407 9.892822 -0.771775 -1.634502 0.792955 1.345703 0.948052 -1.421927 1.210963 -1.526967 -1.219247 -0.50061 -0.36252 -0.403717
9.143234 -28.32407 9.892822 0.586271 -0.147055 -0.321523 0.39081 -1.462589 -3.609321 1.914696 -1.066008 2.162324 -1.74761 -0.729838 -1.05493
5.143234 -28.32407 9.892822 2.779822 -2.043137 2.140005 -1.101077 1.316597 -3.017971 0.772518 -0.782498 -1.841063 -0.803259 1.368481 -4.906414
3.143234 -28.32407 9.892822 2.242502 -3.068141 0.300223 -1.267329 0.031405 -5.277459 1.75071 -6.986283 -0.484045 -3.01537 1.757312 -4.104873
1.143234 -28.32407 9.892822 2.761749 -1.98672 1.716704 0.766658 -1.682617 -4.851215 0.280219 -8.72696 2.381286 -5.586691 1.742012 -3.22316
-0.856766 -28.32407 9.892822 1.686731 -0.022134 -2.025271 -1.264536 -1.970773 -0.777941 -2.060304 -7.312583 0.58922 -4.641361 -0.585151 -3.890549
-2.856766 -28.32407 9.892822 0.547951 -2.830728 -1.876205 -1.407317 -0.863725 -0.867329 -0.814291 -3.710626 -1.016699 -4.209408 -1.899407 1.30971
-4.856766 -28.32407 9.892822 -1.184602 -2.765074 1.545944 0.280022 -0.57241 -1.230762 -0.762062 -2.613219 -0.880174 -2.461203 0.44181 -0.765994
13.14323 -30.32407 9.892822 -0.339971 -3.718767 -0.428674 0.167968 -3.503085 0.817671 -2.319692 -3.866152 -3.64207 -1.436978 -2.946771 -1.21574
11.14323 -30.32407 9.892822 -0.867076 -4.765467 -1.497129 -0.351323 -0.994947 -1.459159 -0.940866 -4.226088 -2.771864 -1.236791 -2.734278 -0.790592
9.143234 -30.32407 9.892822 0.121624 -5.110978 -0.668913 -0.891636 -1.620006 -3.526754 0.288769 -2.838602 -1.545674 -2.12573 -1.361912 -2.596866
7.143234 -30.32407 9.892822 0.562293 -4.471615 0.608231 -0.637989 -2.307289 -4.640482 -0.439203 -2.278617 -0.723293 -2.150436 -1.534043 -3.317217
5.143234 -30.32407 9.892822 1.422436 -3.197249 -0.658506 -1.930748 -0.24955 -3.916914 -1.448596 -3.199846 -1.604945 -3.284883 -0.231285 -6.106493
3.143234 -30.32407 9.892822 1.124775 -2.731243 -0.627795 -2.181834 -1.096472 -6.850408 2.598002 -5.54952 -0.466861 -3.265392 0.652097 -3.583514
1.143234 -30.32407 9.892822 1.450626 -4.151059 2.38302 1.93251 -1.422916 -7.783301 3.47085 -4.759351 4.536971 -1.783597 1.782696 -1.548359
-0.856766 -30.32407 9.892822 2.218317 -2.689319 0.594409 -0.409423 -1.87647 -2.209854 -0.04209 -5.027672 3.208826 -0.441141 0.074831 -0.363176
-2.856766 -30.32407 9.892822 1.395323 -3.64949 -0.150194 -2.196389 1.581311 -0.69973 -0.000146 -6.257943 0.309258 -3.043998 -1.497892 -1.823921
-4.856766 -30.32407 9.892822 1.871548 -2.136442 3.737196 -0.628131 2.124379 -1.544997 -0.109117 -1.982813 0.926804 -1.37811 -0.364672 -3.245092
13.14323 -32.32407 9.892822 -0.308663 0.028235 -0.33866 -1.209759 -2.699552 -0.114854 -1.775329 -3.250541 -1.131503 -2.962092 -2.345055 -6.843695
11.14323 -32.32407 9.892822 -1.28767 -2.161147 -1.562814 -0.685358 -0.400754 -0.750098 -1.121271 -3.807071 -1.868942 -2.680248 -3.136815 -7.258526
9.143234 -32.32407 9.892822 1.837409 -5.437179 2.191941 -1.07406 1.717231 -2.21476 1.203847 -3.373338 0.736287 -3.57585 -0.362971 -5.408621
7.143234 -32.32407 9.892822 4.385385 -5.539848 5.515625 -1.660965 0.68818 -4.018185 1.508926 -3.912678 0.671928 -4.295299 1.322029 -5.395369
5.143234 -32.32407 9.892822 1.343451 -2.766134 1.845139 -0.738866 2.316126 -4.224303 -0.132653 -3.90762 -0.055362 -3.229603 0.238269 -3.029363
3.143234 -32.32407 9.892822 0.742463 -2.871769 -0.138933 -0.275938 1.267084 -5.856779 1.206856 -6.485587 -0.83838 -7.550559 -0.643186 -4.462197
1.143234 -32.32407 9.892822 3.113138 -6.038865 3.83409 1.299184 -0.838191 -6.401287 3.740139 -5.622801 2.832341 -5.748109 1.987218 -5.697976
-0.856766 -32.32407 9.892822 2.937889 -3.943643 3.288633 -0.999584 -0.734754 -2.943893 1.20048 -3.463923 2.656215 -1.425766 2.185798 -3.807612
15.14323 -34.32407 9.892822 1.855923 -1.631849 3.066397 -0.927477 -1.668059 0.35549 -1.090329 -1.975554 -0.970909 -3.150521 -0.267039 -0.632768
13.14323 -34.32407 9.892822 1.419142 1.065113 4.487526 -0.754354 -0.340147 -0.901365 -0.580955 -1.86152 -0.159282 -4.629428 -1.302178 -1.857364
11.14323 -34.32407 9.892822 -1.622407 1.485752 0.522216 -0.318236 -0.028217 -0.459545 -1.592527 -1.631472 -0.054481 -0.610521 -2.842894 0.626218
9.143234 -34.32407 9.892822 2.706151 -3.03487 4.565369 -0.981857 2.301816 -2.874144 0.485749 -2.551075 2.256491 -2.427999 -0.319262 -3.780778
7.143234 -34.32407 9.892822 5.213221 -2.806415 6.287517 -1.952375 3.235481 -4.067563 1.136013 -3.059265 0.398405 -3.229355 1.415177 -6.526815
5.143234 -34.32407 9.892822 1.548678 -1.1633 1.632614 -2.264738 2.758521 -4.607196 0.029354 -2.841557 -0.278843 -2.876638 0.126571 -4.735026
3.143234 -34.32407 9.892822 0.863264 -2.99815 0.469377 -0.881533 1.410034 -4.348608 -0.401159 -4.128198 -1.87046 -7.387207 -1.642721 -4.479317
1.143234 -34.32407 9.892822 2.240738 -2.446069 2.745709 -0.065808 0.282324 -2.874193 0.759482 -3.161458 -1.286987 -3.302336 0.033204 -2.773121
-0.856766 -34.32407 9.892822 1.274282 -1.448524 1.361814 -0.71178 0.858691 -2.790755 -0.150208 -1.4373 1.061385 -1.5932 1.218918 -4.089797
15.14323 -36.32407 9.892822 0.613865 -3.766657 0.742974 -2.358012 -2.7738 -2.846102 -2.102989 -5.333473 -2.166766 -4.987304 -1.84976 -3.070401
13.14323 -36.32407 9.892822 1.37369 -2.693171 3.8956 -2.546875 -2.297515 -4.520378 -1.54512 -4.45498 -3.686379 -7.183035 -2.397886 -5.969659
11.14323 -36.32407 9.892822 0.870158 2.121718 -1.884348 -0.283769 -1.288007 -1.953372 -1.778865 0.698994 -1.045333 -0.817526 -1.629486 0.775974
9.143234 -36.32407 9.892822 2.758519 -1.024145 1.234912 0.066849 -0.953058 -3.736991 -0.310832 -0.717106 2.414834 -1.13199 -1.104053 -1.512505
7.143234 -36.32407 9.892822 3.326573 -1.730225 3.652287 -1.717912 2.191455 -3.672988 1.221612 -1.395251 0.386956 -3.640757 -0.204467 -6.904609
5.143234 -36.32407 9.892822 1.528525 -1.350873 -0.452562 -3.910704 1.506381 -3.631014 1.330773 -1.885688 0.591313 -5.517651 -0.075185 -4.297282
1.143234 -36.32407 9.892822 0.63993 -3.49414 1.530455 -1.249467 -1.489401 -2.431096 -0.263724 -0.921001 -3.69049 -5.663878 -1.568587 -4.326865
15.14323 -38.32407 9.892822 -0.245599 -3.79756 3.492951 -4.394456 -2.10951 -4.172706 -1.801617 -5.429443 -0.599148 -3.463161 -0.901673 -6.90489
13.14323 -38.32407 9.892822 1.430487 -6.036331 3.548868 -3.235958 -2.289176 -5.278853 -2.406959 -7.920202 -3.911267 -5.509762 -1.295963 -11.63196
1.143234 -38.32407 9.892822 1.82725 -4.126752 2.228853 -1.790216 -1.238703 -4.993332 1.380201 -2.095187 -0.526619 -6.912698 -1.854551 -7.025965
-0.856766 -38.32407 9.892822 -0.865082 -3.52738 2.383811 -2.161732 -1.716472 -2.117491 0.400603 -0.542633 -0.253743 -7.027194 -2.092106 -3.667451
-2.856766 -38.32407 9.892822 -0.266018 -1.819852 3.398232 -1.105847 0.287967 -2.170361 0.749592 -1.354949 -0.470106 -3.990196 -2.20137 -5.0202
1.143234 -40.32407 9.892822 2.774144 -5.278813 1.281222 -2.27213 -3.298008 -5.442305 2.518824 -4.147451 0.186676 -3.740909 -1.112486 -8.571608
-0.856766 -40.32407 9.892822 0.334227 -3.367229 2.455217 -2.020853 -1.880196 -2.528336 1.375088 -0.408774 1.503609 -3.176983 0.193951 -1.613911
-2.856766 -40.32407 9.892822 0.606767 -1.478762 3.589994 -1.363151 0.919758 -2.207791 1.513503 -0.868167 1.167388 -1.482904 -0.438689 -0.641211
9.143234 -16.32407 11.89282 -0.064385 -1.215216 5.960253 -0.377349 -2.759463 -3.871059 -0.692979 -4.125608 -3.672957 -5.961766 1.009524 -10.77132
7.143234 -16.32407 11.89282 4.48427 -2.447016 2.117702 -1.48897 -2.540961 -4.635535 -0.740721 -4.454044 -0.950558 -4.952077 0.69898 -11.07771
9.143234 -18.32407 11.89282 -1.21859 -0.23798 7.452722 -0.342885 -1.976408 -4.554865 -1.575611 -4.68224 -0.402683 -4.491096 0.267028 -7.991368
9.143234 -20.32407 11.89282 -0.638626 -1.620699 2.552414 -0.273459 -0.183847 -4.333211 -1.85392 -3.879775 0.495826 -2.193132 0.787377 -3.245628
7.143234 -20.32407 11.89282 -0.501375 0.454032 0.485142 0.256813 -1.41376 -1.844722 0.231214 -1.640295 0.607704 0.758572 0.247834 1.288979
9.143234 -22.32407 11.89282 -0.421958 -3.037736 -2.756111 0.255993 -2.906807 -1.401128 -1.091302 -3.18628 -0.702212 -2.299591 -1.668519 0.438945
7.143234 -22.32407 11.89282 -3.644617 -0.259088 -0.825785 -0.711393 -1.107341 -0.479363 -0.776132 -2.406891 -2.726575 -1.425081 -0.55251 5.754071
9.143234 -24.32407 11.89282 -1.396383 -0.612171 -2.826389 0.167673 -5.175001 0.886454 1.239457 -3.534647 1.007166 -2.817521 -3.480913 -0.930798
7.143234 -24.32407 11.89282 -1.514031 -1.24341 0.079957 -0.603891 -2.429192 1.943988 0.825736 -2.8167 -2.657776 -2.200704 -0.785884 0.082159
-2.856766 -24.32407 11.89282 1.961553 -3.063547 -0.366636 1.240555 2.543231 -2.30139 -0.832097 -0.939961 2.583246 2.278774 2.982778 4.148584
-4.856766 -24.32407 11.89282 -0.005785 -2.384912 -0.316846 -0.421646 -0.921133 -4.280787 -0.219774 -2.282112 2.326452 -0.64045 0.898043 9.955064
9.143234 -26.32407 11.89282 -1.745078 2.754212 -0.946039 -0.359401 -0.238978 -1.922478 1.711207 -3.253708 3.053928 1.195488 -0.570072 -1.858562
7.143234 -26.32407 11.89282 0.384312 0.556203 2.876305 0.155603 -1.315712 -0.597111 1.404208 -0.958165 0.603953 0.578006 -0.219566 -3.034155
5.143234 -26.32407 11.89282 1.716015 -0.514345 -0.398316 2.626482 -2.011719 -1.411507 2.141805 -1.579031 -3.931023 0.14869 -0.671234 -8.10579
-2.856766 -26.32407 11.89282 2.298938 -0.620909 0.796211 1.35008 1.948738 -1.232583 -1.448953 -1.787005 2.879559 0.243257 0.248569 1.328442
-4.856766 -26.32407 11.89282 1.686765 -2.745691 3.644421 0.157464 -0.158579 -4.163839 0.175319 -2.723222 3.141836 -4.969635 0.674772 6.282773
9.143234 -28.32407 11.89282 0.764023 3.056322 0.188259 1.026658 1.016454 -1.552324 -0.526516 -0.137314 2.047019 3.995486 -1.342989 1.502234
7.143234 -28.32407 11.89282 0.456525 4.116132 3.225598 -0.142139 0.966985 0.223043 -0.505932 0.01863 0.513981 2.524234 -0.76154 3.432812
5.143234 -28.32407 11.89282 -0.267432 0.627024 -2.571055 -1.297842 -2.004126 -2.2289 -0.251907 -1.16722 -3.527501 -1.780348 -0.74963 -0.124562
3.143234 -28.32407 11.89282 1.790316 1.124568 -2.363293 -2.416701 -0.518915 -3.705349 2.221907 -2.312377 -1.982726 -0.559998 0.798335 -0.68461
-2.856766 -28.32407 11.89282 1.492702 -2.631049 3.452692 -0.723976 0.385915 -1.87946 -2.210078 -5.327649 1.754111 -0.207586 -1.698491 -3.628279
-4.856766 -28.32407 11.89282 1.273969 -2.230798 6.725311 -1.567859 0.382791 -4.927927 -0.271487 -5.254178 3.405215 -2.239938 0.808204 -1.720221
-6.856766 -28.32407 11.89282 0.610933 1.8263 2.70664 0.011949 0.427685 -1.766275 -0.539665 0.438517 1.703734 1.683462 2.137729 1.332272
5.143234 -30.32407 11.89282 -0.783821 -1.972349 -2.633175 0.906696 -1.177042 -2.245591 -0.776123 0.005435 -0.191199 0.684147 -0.430236 -1.381114
3.143234 -30.32407 11.89282 0.678729 -1.38422 -1.466984 -0.999406 -0.302734 -4.26958 2.04318 -0.471237 -0.371454 -1.717097 -0.054049 0.320984
-2.856766 -30.32407 11.89282 0.622903 -4.44598 2.683064 -1.186441 0.209504 -5.44504 -1.136557 -11.0497 3.285103 -2.159296 -0.067571 -8.531586
-4.856766 -30.32407 11.89282 3.133487 -1.644848 8.052012 -0.322248 3.153825 -2.780722 -0.752925 -7.066652 3.642464 -0.244185 1.228346 -6.395578
-6.856766 -30.32407 11.89282 4.620474 2.006039 4.653906 -0.693953 3.342335 1.093947 -1.956586 -2.224091 0.809573 1.803229 3.147306 -4.395949
13.14323 -32.32407 11.89282 -2.547034 1.831299 -3.101152 -1.1705 -2.442174 2.183637 -1.732171 -2.991235 -1.090351 2.051343 -2.345879 -3.896625
5.143234 -32.32407 11.89282 0.097858 -4.321561 0.908395 -0.470067 0.649795 -5.570847 0.493858 -4.104205 0.950519 -1.820468 0.378957 -7.212875
3.143234 -32.32407 11.89282 -0.235535 -4.534356 -0.082558 -1.202547 -0.504674 -6.492029 -0.506528 -6.513544 -1.839347 -6.133681 -1.830217 -8.521808
-0.856766 -32.32407 11.89282 2.40428 -1.894131 6.936334 -2.548596 -1.406931 -4.707431 2.083498 -4.278808 3.561358 0.38395 0.759206 -2.074628
-2.856766 -32.32407 11.89282 2.491329 -0.569735 4.889385 -2.020668 0.797757 -2.598132 1.393378 -3.96197 3.345169 -1.357101 0.369054 -2.639695
-4.856766 -32.32407 11.89282 2.564003 -0.432808 6.98903 -0.206421 3.157179 0.276475 0.258477 -2.758646 2.909613 2.057886 2.162147 -4.593549
-6.856766 -32.32407 11.89282 3.417338 -0.154913 4.243613 -0.756858 0.594347 2.304912 -1.43631 -2.013288 2.707425 4.249424 1.804525 -5.756977
13.14323 -34.32407 11.89282 -1.622032 1.996027 0.95539 -1.494608 -0.858367 1.023438 0.152379 -0.011494 -1.388572 0.41201 -3.621066 -0.656414
5.143234 -34.32407 11.89282 0.733418 -3.772804 0.428351 -2.514974 1.028377 -6.944015 -1.123765 -4.707639 1.622782 -3.636722 -1.185913 -7.752397
3.143234 -34.32407 11.89282 -0.448997 -6.98076 0.228679 -2.124895 -1.713155 -9.666241 -1.624049 -9.395506 -3.199931 -7.039778 -3.133855 -11.22817
-0.856766 -34.32407 11.89282 2.564497 -1.544266 5.076521 -0.619307 1.070408 -3.095969 0.582948 -2.372928 1.062797 -0.021241 0.48091 -3.987763
-2.856766 -34.32407 11.89282 1.649448 -2.283957 6.222416 -1.354156 0.605504 -2.056035 -0.837131 -1.589439 -0.884513 -1.462858 -0.193238 -0.416272
-4.856766 -34.32407 11.89282 1.106585 -2.394685 5.054114 -0.520073 0.838389 -0.538541 -0.957443 -1.062811 -1.067619 -0.068693 0.260911 -0.762833
-6.856766 -34.32407 11.89282 1.568209 -1.719768 2.368725 -1.638539 -1.009218 -1.334185 -2.326777 -2.726938 -0.732915 0.740386 -0.828592 -3.427448
13.14323 -36.32407 11.89282 -1.284276 -1.213596 1.070882 0.002723 -2.665611 -1.43169 -0.851212 -1.139732 -4.459645 0.19859 -4.558867 -1.587608
9.143234 -36.32407 11.89282 1.926551 -1.992453 0.360663 -1.481922 -1.702407 -2.967935 -0.063186 -1.499953 0.657656 1.001575 -1.906222 -1.920738
7.143234 -36.32407 11.89282 2.277128 -1.001533 2.945535 -2.374746 0.916912 -2.245253 1.464913 -1.440534 2.153774 -2.067477 -1.022514 -4.780711
5.143234 -36.32407 11.89282 1.831017 -3.068367 -1.175144 -3.04384 0.062305 -5.973271 1.084842 -2.303411 0.624999 -4.35158 -1.264844 -3.501917
3.143234 -36.32407 11.89282 -1.137468 -7.115279 -1.52832 -3.883379 -2.088537 -8.51406 0.133571 -7.358713 -2.154959 -8.887357 -2.435652 -8.283446
1.143234 -36.32407 11.89282 -0.533329 -7.697911 2.04057 -3.785764 -1.615066 -6.732532 0.417485 -9.367732 -3.636377 -6.77341 -1.782274 -14.37672
-0.856766 -36.32407 11.89282 0.516602 -3.781901 2.366384 -0.546536 0.639282 -2.11823 0.769027 -4.838465 -1.591447 -0.417564 -1.684495 -7.855968
-2.856766 -36.32407 11.89282 -0.561616 -1.511176 2.659125 -0.944897 -0.068868 -3.560176 -0.857755 -3.015388 -2.291595 -0.109047 -2.4385 -3.943624
-6.856766 -36.32407 11.89282 0.66597 -1.53842 2.213096 -0.913082 -0.589364 -2.975256 0.226528 -2.882018 -2.148398 -3.407932 -2.14504 -1.717402
1.143234 -38.32407 11.89282 0.667789 -4.299657 1.269507 -5.010283 -1.31079 -6.599771 2.181819 -9.407133 -0.724795 -5.370334 -0.332083 -9.017686
-0.856766 -38.32407 11.89282 0.526549 -1.757708 1.04699 -2.313673 -1.049027 -3.400857 0.744979 -4.590332 0.136222 -2.225978 -0.770835 -4.14573
-2.856766 -38.32407 11.89282 0.450079 -0.037231 0.774272 -1.054733 -0.374228 -3.416189 -0.224926 -1.955631 -2.082094 -2.453133 -0.92943 -4.361728
1.143234 -40.32407 11.89282 -0.161118 -4.610999 -0.560756 -4.20626 -2.938288 -7.431735 1.476301 -7.11964 -1.007958 -3.213247 0.946505 -6.8648
-0.856766 -40.32407 11.89282 1.013592 -0.168442 -0.420585 -1.520436 -1.768091 -4.721422 0.891777 -2.463029 1.466446 -0.62494 0.758144 -0.642264
7.143234 -24.32407 13.89282 2.333254 -0.441074 3.76455 -1.109142 1.59788 -0.718081 -0.262708 -3.3337 1.665927 -3.363584 1.018784 2.215166
9.143234 -26.32407 13.89282 0.432379 2.979639 -0.696238 1.247573 1.322303 -2.086781 0.645719 -3.215655 1.500837 0.720345 -0.499503 0.34249
9.143234 -28.32407 13.89282 1.238117 2.500061 -0.132461 -0.489996 5.414635 0.21535 -2.110207 -1.936815 0.002494 0.712259 -0.785407 2.770491
7.143234 -28.32407 13.89282 -0.716049 -1.025776 -0.512518 -0.431895 2.312869 -0.451076 -1.049648 -4.038735 -2.162721 0.926754 -2.002111 -0.35158
5.143234 -28.32407 13.89282 -2.41907 1.971663 -4.248517 -0.660158 -0.893952 -2.767184 5.902297 -2.942678 -5.164923 -4.748688 1.9302 -0.266807
-2.856766 -28.32407 13.89282 1.511943 1.321618 0.514171 1.859468 2.54907 0.002823 -1.257484 -2.244906 2.889701 -0.879831 -0.578755 0.309602
-4.856766 -28.32407 13.89282 0.711341 -1.429653 1.495035 -0.068125 0.701332 -3.244477 0.955284 -2.005163 3.141613 -3.955889 1.14883 -1.834045
9.143234 -30.32407 13.89282 0.923114 2.563334 3.44188 0.267585 1.852947 1.903216 -1.554785 -0.434744 -1.005004 1.151982 -0.854265 -2.28598
7.143234 -30.32407 13.89282 -0.301217 1.138494 -0.178593 0.061404 1.148204 0.541924 -1.344303 -2.003682 -2.199508 2.628009 -1.425591 -0.439563
5.143234 -30.32407 13.89282 0.264258 0.146328 -1.847046 -0.646425 0.00116 -0.016071 2.58362 -0.596752 -0.457019 0.72813 1.054863 -0.222992
-2.856766 -30.32407 13.89282 1.983398 0.163107 1.113335 -0.472654 2.243259 -1.304706 -0.542814 -4.184984 4.243539 -0.827282 1.379352 -0.535782
-4.856766 -30.32407 13.89282 4.040759 -0.289895 3.849793 -0.491742 2.285012 -0.019401 1.543053 -3.569876 2.686065 -2.184874 1.721782 -2.703138
-6.856766 -30.32407 13.89282 4.445249 0.443057 4.242552 -1.97067 3.107843 0.189256 1.522304 -3.315078 1.414575 -0.462418 2.158224 -3.576205
9.143234 -32.32407 13.89282 1.183908 -0.002629 2.978849 -0.514776 -0.687538 1.610784 -1.829058 -2.417801 -0.229416 1.388893 -1.026105 -2.415198
7.143234 -32.32407 13.89282 0.198841 -0.011023 1.441065 -1.950583 -0.695615 -2.40558 -1.384545 -2.924884 0.547094 -0.095 -0.490863 -3.00861
5.143234 -32.32407 13.89282 -0.222969 -0.58933 1.768669 -0.99092 0.461196 -4.117324 0.717703 -3.581539 -0.121615 -0.161571 0.668882 -2.822196
3.143234 -32.32407 13.89282 -1.676053 -1.350639 4.412937 -2.085499 -0.384952 -5.465828 -1.904808 -3.953909 -2.142715 -6.15251 0.744053 -9.199021
-2.856766 -32.32407 13.89282 0.919909 0.802084 3.681842 -2.255666 0.64591 -0.911852 1.063739 -2.574124 2.949569 -4.377482 -1.55038 -1.120226
-6.856766 -32.32407 13.89282 2.385448 -0.500258 2.859609 -0.746148 -1.220996 -1.237706 -0.480977 -2.907398 2.833304 2.66531 1.041073 -2.526816
-8.856766 -32.32407 13.89282 1.311375 -0.285084 0.99467 -0.193171 -0.556323 1.83381 -0.211617 -1.843124 1.878426 2.599293 -1.236538 1.258922
5.143234 -34.32407 13.89282 -0.361756 -0.461532 -2.246856 0.116932 0.177591 -2.912932 -1.343288 -5.722138 1.42198 -0.604459 0.453421 -4.709129
3.143234 -34.32407 13.89282 -1.411039 -2.501518 0.438658 -0.008936 -1.927528 -5.264441 -2.515638 -5.772186 -1.860236 -1.873822 -1.469777 -7.332206
-2.856766 -34.32407 13.89282 2.117124 0.352434 5.332151 -1.174418 0.020196 0.560446 0.570486 -1.196385 1.000505 -1.318059 -1.818913 2.146024
-4.856766 -34.32407 13.89282 2.258795 0.197128 3.330648 1.25927 -0.714546 1.051391 -0.717256 -1.530795 0.939501 -1.709976 -0.735518 1.862205
-6.856766 -34.32407 13.89282 1.427663 -2.115019 1.636423 -0.785358 -3.619801 -1.669757 -1.758795 -2.999207 -0.714785 0.51942 -0.319752 -3.167121
-8.856766 -34.32407 13.89282 0.571679 -1.237207 -0.026238 -1.647298 -2.956302 -2.070252 -0.722928 -1.778873 -1.049999 0.733312 -0.825273 1.752504
11.14323 -36.32407 13.89282 0.261896 -0.399819 -2.069476 -0.576608 -3.568952 0.190715 -1.33216 -0.486065 -1.331953 2.212425 -4.05881 -1.088715
9.143234 -36.32407 13.89282 -1.398267 -1.301891 -1.636465 -0.95151 -3.304911 -1.230042 -2.116088 -2.78378 -0.747862 1.247803 -4.59939 2.295963
7.143234 -36.32407 13.89282 0.012615 0.168333 0.207087 -2.204271 -1.223776 -1.83367 -1.001314 -3.310428 2.324877 -0.004752 -2.493706 -1.665575
5.143234 -36.32407 13.89282 2.184978 -1.770761 -2.325998 -0.834016 -1.250079 -3.984663 0.191322 -4.665005 1.036797 -2.626774 -0.309508 -2.428657
-0.856766 -36.32407 13.89282 1.722585 -1.485488 2.494253 -0.041108 1.907401 -4.080122 0.314353 -4.657745 -0.231622 -0.368605 -1.218388 -6.122324
-2.856766 -36.32407 13.89282 0.232247 0.261002 1.738803 -2.399641 -0.743059 -2.802943 -0.750535 -3.727093 0.048097 -0.446005 -3.731667 0.095357
-4.856766 -36.32407 13.89282 0.956853 0.12381 1.95603 -0.602474 -1.344803 0.820915 -0.056197 -1.273812 0.694264 -2.791478 -1.652688 3.786409
-8.856766 -36.32407 13.89282 -0.314812 -1.994904 1.255691 -1.033117 -0.188969 -3.956445 0.241011 -1.922453 0.465631 -1.588378 -1.589711 -2.476789
9.143234 -38.32407 13.89282 -0.935652 -0.545565 -0.832785 0.002143 -3.397379 -1.30122 -1.454325 -1.259516 -2.659936 0.508964 -1.295923 0.241726
7.143234 -38.32407 13.89282 1.431795 0.483007 1.337635 -0.881921 -0.758416 -1.465247 0.158346 -1.679546 -0.312751 -1.78963 -0.864529 -5.746256
-4.856766 -38.32407 13.89282 1.086664 1.853926 0.593018 -0.947047 0.449715 -0.834603 0.173215 -1.794638 0.313667 -2.716456 -0.068491 0.321822
-6.856766 -38.32407 13.89282 1.415133 -0.669021 0.803024 -0.191856 0.35235 -1.875717 0.86279 -0.753186 0.549466 -1.829528 -1.13818 -1.480491
-8.856766 -38.32407 13.89282 0.353606 -0.488305 2.979936 -0.943617 -1.136406 -2.531906 0.228212 -3.151381 -0.269946 -0.975527 -2.613615 -4.099289
-2.856766 -40.32407 13.89282 -1.813641 2.94334 -2.688292 0.526819 0.008028 -0.411707 -1.048764 0.474938 0.648256 0.486087 -1.045307 3.904601
-4.856766 -40.32407 13.89282 0.12255 1.700382 -0.477981 -0.877323 0.609735 -0.126273 -0.733586 -0.996307 -0.354423 0.047116 -0.96742 0.68243
-6.856766 -40.32407 13.89282 0.341031 -0.401286 0.845527 0.001361 -0.832856 -1.493951 -0.561825 -0.267105 -1.812496 0.267848 -2.49733 -1.543361
-8.856766 -40.32407 13.89282 -0.586658 -1.619922 2.847929 -1.415247 -2.053659 -1.695716 -0.266373 -1.66672 -2.749728 0.155937 -2.135689 -2.265099
-10.85677 -40.32407 13.89282 0.178744 0.207664 2.55232 -2.019604 -0.568388 -1.779765 -1.924718 -2.61626 -2.16951 -1.612854 -1.249504 -3.020289
-8.856766 -42.32407 13.89282 -1.858846 -2.469575 0.998841 -3.23892 -1.282913 -5.291663 -2.99054 -4.072753 -4.790889 -3.457962 -2.685533 -8.106701
-2.856766 -44.32407 13.89282 -1.682458 -3.624472 -1.872421 -2.903824 -2.78224 -3.205293 -1.491534 -3.153681 -3.429216 -7.271827 -1.404904 -6.194276
9.143234 -30.32407 15.89282 0.052371 1.316895 1.698522 0.600991 -0.069472 0.421438 -0.120556 -2.030531 -1.081247 1.220208 -0.589097 -1.950244
7.143234 -30.32407 15.89282 -0.415255 2.444339 -0.028181 1.475093 -0.553103 -0.032074 1.698267 -0.814803 -1.204422 1.196763 -0.050133 0.592906
9.143234 -32.32407 15.89282 -0.010062 0.055455 3.073457 0.274898 0.82081 -0.273039 -0.43651 -2.541064 -0.752504 -0.929555 -1.568783 -2.779231
7.143234 -32.32407 15.89282 -2.508535 -0.800266 1.164386 -0.076675 -0.3269 -3.162441 -0.565009 -3.105671 -1.085651 -2.489748 -1.681754 -1.739429
5.143234 -32.32407 15.89282 -1.772061 -2.992609 2.892912 -1.971998 0.032903 -6.858032 0.062726 -7.492814 -2.619102 -4.741317 -1.322832 -7.860426
-2.856766 -32.32407 15.89282 -2.511258 -1.23539 1.109793 -3.996866 -1.070665 -3.039313 -0.956828 -3.008797 -1.753135 -6.091716 -2.630258 -3.556179
-4.856766 -32.32407 15.89282 1.567006 -1.747607 3.92512 -1.381402 0.745744 -2.376204 -1.618728 -3.975389 -0.04988 -4.747177 -0.593777 0.632282
-6.856766 -32.32407 15.89282 -0.621134 0.358284 2.139395 -0.889296 0.125623 -2.233435 -0.722727 0.08356 -1.776351 -2.559614 1.186564 -1.604669
-8.856766 -32.32407 15.89282 0.364968 -0.803948 2.755992 -0.62893 1.200659 1.004935 1.569101 -0.071783 -1.299733 -3.297613 0.105187 -1.498394
9.143234 -34.32407 15.89282 -0.926616 -0.782339 0.098607 -0.087612 -0.611355 1.238205 -1.760959 -1.877009 0.226058 -2.344118 -2.747998 -2.934923
7.143234 -34.32407 15.89282 -1.817224 -2.017277 0.626783 -1.050097 -0.906414 -2.120383 -2.820544 -5.972054 0.411724 -4.650888 -1.647845 -6.861757
5.143234 -34.32407 15.89282 -2.052272 -3.373046 0.421525 -2.226009 -0.779656 -3.598774 -1.421426 -9.598778 -1.551185 -5.198848 0.140625 -10.13839
-2.856766 -34.32407 15.89282 -1.544988 -0.212575 1.056599 -2.271403 -1.712296 -1.083912 0.35004 -0.893627 -0.010226 0.479792 -1.303824 3.060776
-4.856766 -34.32407 15.89282 0.903488 -0.690703 1.167298 0.36302 -1.685656 0.281932 -0.800358 -0.923234 -2.141453 -1.866392 -0.565703 2.652981
-6.856766 -34.32407 15.89282 -0.346537 -2.503307 -0.779255 1.143791 -2.497673 -1.612732 -1.045658 -0.792742 -4.158241 -0.084997 -0.305708 -1.520304
-8.856766 -34.32407 15.89282 -1.348558 -3.088613 -1.130979 -1.257205 -0.624762 -1.64264 -0.49221 -0.83783 -4.769234 -0.361781 -0.220883 1.236478
13.14323 -36.32407 15.89282 1.82487 0.103576 2.733232 -2.295026 1.535399 -1.008322 0.359238 -0.960929 1.120051 -0.469718 -0.230862 0.508169
11.14323 -36.32407 15.89282 1.613586 -1.691487 1.834321 -1.005743 -0.38626 1.340536 -0.337191 -1.583423 -0.653853 0.636716 -0.404602 -2.674109
9.143234 -36.32407 15.89282 -1.735346 -1.157998 -0.425628 0.018021 -2.331945 1.78286 -1.550042 -2.864235 -1.757046 -0.588423 -3.750858 -1.883901
7.143234 -36.32407 15.89282 0.041775 -1.340255 1.697347 -1.259939 -0.650851 -1.497063 -1.592136 -4.82602 0.003877 -0.431668 -2.440571 -2.470784
1.143234 -36.32407 15.89282 1.743976 -1.055741 1.833467 0.026804 -0.412211 -0.805704 -0.007133 -2.491438 -0.524626 -1.845652 -0.623379 -3.883025
-0.856766 -36.32407 15.89282 0.894141 -1.617748 0.465015 -0.861129 0.27798 -2.590557 0.400268 -3.684425 0.629825 -1.770427 -2.136314 -6.596496
-2.856766 -36.32407 15.89282 -0.653323 -1.57065 1.612621 -2.429584 -1.500516 -2.378783 -0.247 -1.940391 0.288936 -2.039662 -2.492479 -1.698593
-4.856766 -36.32407 15.89282 0.798978 -0.528948 2.337993 -0.530497 -0.834161 -0.726705 0.295577 0.575226 -0.694783 -1.331974 -0.904715 1.782972
-6.856766 -36.32407 15.89282 -0.482163 -0.609091 -1.492965 0.53777 -0.509469 -1.970269 0.969732 -0.609716 -1.706445 0.043849 -1.717483 -0.477292
-8.856766 -36.32407 15.89282 -1.226413 -0.815309 -1.336084 -1.218879 0.450197 -1.681262 0.27054 -1.245607 -1.234197 -0.221024 -2.032244 1.689971
13.14323 -38.32407 15.89282 1.908627 1.677175 2.295399 -1.71324 3.296902 0.268613 -1.08007 -0.885732 1.920637 -0.802761 1.062189 -1.242437
11.14323 -38.32407 15.89282 2.567459 0.886947 5.678252 -0.662788 1.205616 2.291456 -0.791368 -1.787261 0.398818 0.123093 0.485623 -2.007652
9.143234 -38.32407 15.89282 -0.700315 0.955606 2.314146 0.277681 -1.598757 0.461435 -1.325229 -1.863677 -3.719876 -0.612269 -2.347832 -1.223882
7.143234 -38.32407 15.89282 1.252987 -0.326643 4.090237 -1.022228 -0.036113 -2.602368 0.03516 -4.078873 -2.466843 -1.631961 -1.833078 -5.421009
1.143234 -38.32407 15.89282 3.631629 -2.673769 4.917863 -1.678241 -0.709311 -3.850546 0.336724 -4.904156 -0.420391 -2.376976 1.264003 -6.029923
-0.856766 -38.32407 15.89282 -0.679451 -1.853364 0.655695 -1.659545 -1.110774 -3.943671 -1.090579 -4.752059 -1.202278 -5.522614 -1.69016 -4.778936
-2.856766 -38.32407 15.89282 -1.526689 0.338364 0.026536 -1.207963 -1.793696 -1.043016 -0.589654 -3.95626 -2.10404 -3.178716 -3.25688 -2.19279
-4.856766 -38.32407 15.89282 0.266517 0.38415 1.026902 -0.151414 0.574404 -1.042915 0.1471 -1.807508 -0.022115 -2.245744 -1.235482 0.014127
-6.856766 -38.32407 15.89282 -0.232233 0.318287 -0.148419 0.386479 1.201378 -1.137923 -0.505991 0.22405 -1.105911 0.344005 -0.780018 -0.293955
-8.856766 -38.32407 15.89282 1.697675 0.965656 2.341648 -0.254257 0.731309 2.071731 0.36969 -1.742629 -0.451918 1.358579 -2.336689 1.018037
-0.856766 -40.32407 15.89282 -1.742573 -1.39467 -0.042653 -1.909711 -1.542984 -4.22143 -1.462464 -3.786727 -2.072887 -4.306491 0.132195 -2.193044
-2.856766 -40.32407 15.89282 -3.485922 1.491428 -2.826837 0.509009 -0.907505 0.95055 -1.394164 -0.863353 -2.482041 0.036771 -0.786765 3.77088
-4.856766 -40.32407 15.89282 -0.836443 0.310071 -1.351403 -0.258956 0.112845 -0.869779 -0.918022 -2.373697 -2.68781 -1.261733 -0.492343 0.828699
-6.856766 -40.32407 15.89282 -1.458442 -0.585464 -0.727134 -0.286075 -1.2599 -1.025826 -1.148643 -0.688235 -4.090156 1.242471 -1.01452 1.229339
-8.856766 -40.32407 15.89282 -0.104684 0.25784 1.361726 -1.074059 -0.80449 1.558158 0.057137 -0.742554 -2.866976 0.956669 -1.325566 1.621697
-10.85677 -40.32407 15.89282 1.486944 -0.96884 1.482567 -1.692182 1.176181 1.736669 -0.856399 -2.151376 -1.976361 -1.74439 -0.66857 -3.263135
-0.856766 -42.32407 15.89282 0.839651 -1.7811 0.470264 -1.889758 -0.546214 -6.928223 -0.32027 -4.880719 -2.587286 -6.333371 -1.14396 -7.350959
-2.856766 -42.32407 15.89282 -0.357083 -0.293085 -0.983967 -0.503336 -0.06025 -1.046909 -1.361741 -0.549001 -4.83429 -3.696941 -1.566535 0.6887
-4.856766 -42.32407 15.89282 -0.785256 -1.053342 -1.550244 -2.270469 -0.29025 -2.737009 -1.348954 -2.531419 -5.787555 -3.341432 -1.638715 -0.795791
-6.856766 -42.32407 15.89282 -3.193587 -0.561662 -3.042056 -1.609169 -1.590195 -3.27019 -1.452316 -2.723249 -5.338333 -0.530542 -1.978699 0.220196
-8.856766 -42.32407 15.89282 -3.186973 -0.552202 -1.504752 -2.232983 -1.249651 -2.507775 -0.89675 -1.998655 -3.568619 -1.008154 -1.251618 -1.901837
-10.85677 -42.32407 15.89282 -0.596252 -2.345208 -0.335456 -2.35665 -0.795919 -1.591433 -1.857119 -3.060388 -2.914845 -3.871554 -2.580001 -6.295285
-12.85677 -42.32407 15.89282 0.348821 -1.3313 0.063237 -1.444853 -1.045401 0.029209 -1.507867 -3.325961 -2.025044 -3.870924 -3.043031 -1.030809
-0.856766 -44.32407 15.89282 1.376441 -2.995808 1.486697 -3.858815 -0.967253 -10.83765 0.008338 -8.579495 -0.079609 -12.545 -1.182505 -14.13815
-2.856766 -44.32407 15.89282 -0.053057 -0.96381 1.242397 -3.142454 -1.24354 -4.7488 -1.480447 -5.433664 -3.541579 -8.744441 -1.016797 -7.215172
-4.856766 -44.32407 15.89282 0.126411 -1.838778 0.044444 -4.803946 0.459829 -7.64374 -1.475528 -5.994399 -5.512505 -8.088347 -1.037359 -8.529263
-6.856766 -44.32407 15.89282 -2.835755 -2.349981 -3.867259 -3.986872 0.757779 -6.352901 -2.414305 -4.226928 -3.822893 -6.077949 -3.043122 -8.214628
-8.856766 -44.32407 15.89282 -3.538922 -1.445567 -3.076159 -3.660898 -0.578215 -4.898646 -1.489258 -4.11202 -1.636275 -4.29114 -2.987992 -6.419186
-10.85677 -44.32407 15.89282 -0.961863 -1.444984 -1.394845 -2.084283 -2.268794 -3.029761 -1.413586 -4.363072 -0.835801 -4.609866 -3.468057 -3.976279
7.143234 -30.32407 17.89282 1.206172 0.925121 -0.133961 1.117832 -1.718346 -0.982897 2.653906 -1.208162 0.466051 0.058666 0.325918 -0.422281
7.143234 -32.32407 17.89282 -1.382055 -2.671189 1.792357 -2.186664 -0.978803 -1.740126 0.01549 -3.804808 -0.304591 -0.63621 -1.927822 -2.09517
9.143234 -34.32407 17.89282 -1.609425 -1.235688 0.809501 -0.38354 0.750924 1.015819 -1.013807 -5.562177 -1.025218 -1.584839 -0.712878 -2.590733
7.143234 -34.32407 17.89282 -1.029126 -3.601123 0.95489 -1.864649 -1.156205 -0.452232 -2.168496 -7.184392 -2.601363 -2.010434 -2.272509 -3.982974
13.14323 -36.32407 17.89282 0.776851 -0.15396 3.700066 -0.953411 1.509391 -1.223576 0.616717 -1.575568 0.0821 -1.282175 -0.881471 0.313262
11.14323 -36.32407 17.89282 2.282516 -3.234281 3.930434 -2.492335 1.802717 -2.808539 -0.029151 -1.927336 -0.454584 -2.526557 -0.350186 -5.753375
9.143234 -36.32407 17.89282 -0.714216 -2.231263 0.224417 -0.793051 -0.855664 0.052079 -0.480577 -2.944371 -0.819565 -2.148059 -1.49746 -4.579165
7.143234 -36.32407 17.89282 1.425412 -1.980621 2.408989 -0.63978 -0.070323 -0.881389 0.349321 -4.860224 -1.918382 -1.270556 -1.288792 -3.897514
3.143234 -36.32407 17.89282 1.292826 -1.145935 6.353368 -4.357172 -0.455741 -1.400503 -0.599494 -4.454248 -0.08257 -5.795984 -0.392786 -9.393436
1.143234 -36.32407 17.89282 2.781596 1.345707 2.602958 -1.143503 0.554242 1.778 -0.074555 -1.343816 0.984352 -0.688828 -0.510687 2.083211
-2.856766 -36.32407 17.89282 -0.882029 -1.580351 1.358392 -1.235972 -0.625343 -1.516487 -0.850536 -1.413806 -1.870019 -2.846896 0.45872 -6.361751
13.14323 -38.32407 17.89282 3.086345 0.007808 4.228544 -0.898398 2.897792 0.437627 0.106364 -1.687164 2.637916 -1.333708 0.365185 -3.645591
11.14323 -38.32407 17.89282 4.684845 -0.890706 6.557397 -1.547943 3.020151 -0.410482 0.1664 -1.970905 2.070918 -1.877747 -0.42801 -5.684176
9.143234 -38.32407 17.89282 1.102816 0.44836 2.76454 -0.456363 0.720874 0.0798 0.290866 -1.812866 -1.220939 -1.567519 -2.421395 -5.32024
7.143234 -38.32407 17.89282 1.458602 0.87738 3.604287 0.129685 0.093293 0.498602 1.604344 -2.869016 -2.746757 0.51437 -0.904053 -5.652255
-0.856766 -38.32407 17.89282 -1.78999 0.438334 0.022769 -1.270782 -1.962008 -1.451862 -3.169101 -2.272504 -3.383818 -3.145521 -1.886448 -4.415273
-2.856766 -38.32407 17.89282 -2.428551 -1.444293 0.005122 -1.306069 -3.392554 -1.917825 -1.4838 -3.748785 -4.195817 -4.509217 -1.723882 -5.061747
-4.856766 -38.32407 17.89282 -0.51446 -0.700746 1.612058 -0.773525 -0.27376 -2.059228 0.252221 -3.39696 -1.924135 -3.334472 -1.094485 -2.581968
13.14323 -40.32407 17.89282 2.027271 0.0051 4.027287 0.415009 2.38564 0.837721 0.442012 -2.206855 3.455202 0.139134 2.514826 -1.08807
-0.856766 -40.32407 17.89282 -2.921102 -0.476954 -0.340323 -2.075591 -1.802878 -2.27637 -4.110505 -4.998446 -4.440598 -3.999622 -1.80821 -5.779168
-2.856766 -40.32407 17.89282 -3.865311 0.249093 -1.537426 0.569088 -3.303767 -0.903338 -2.408363 -4.312957 -4.97817 -1.982795 -1.840369 0.404703
-4.856766 -40.32407 17.89282 -2.368398 1.072657 -1.543219 0.377184 -1.78552 -1.496103 -0.990134 -2.940791 -3.904712 -2.467137 -1.994026 1.54803
-6.856766 -40.32407 17.89282 -1.402989 1.060844 -2.051829 0.038374 -1.101454 -1.447577 -0.674348 -0.759524 -2.779998 -0.418277 -0.934505 3.146482
-0.856766 -42.32407 17.89282 0.356946 -0.657588 0.088202 -1.313426 -0.150695 -4.899132 -0.927637 -2.989225 -2.378091 -3.01706 -1.21279 -6.383859
-2.856766 -42.32407 17.89282 -0.14087 -0.336082 -0.003509 0.912576 -0.723564 -0.930287 -0.642755 -1.064627 -3.491429 -0.785008 -0.591753 -1.047317
-4.856766 -42.32407 17.89282 -1.950311 0.669381 -2.493587 0.266619 -1.651833 -1.126441 -1.40777 -0.479361 -3.522985 -0.465883 -1.721446 0.028886
-10.85677 -42.32407 17.89282 -0.610386 -1.473345 -1.350412 0.093703 -2.190869 -0.973287 -0.527716 -2.621597 -2.669525 0.001255 -2.64959 -3.827223
-12.85677 -42.32407 17.89282 0.059184 -0.244837 0.619294 0.263879 -2.213612 -0.036936 -1.906349 -2.192413 -1.072608 -0.270823 -1.961723 -1.053155
-0.856766 -44.32407 17.89282 -0.623368 0.356433 1.735073 0.238071 0.017466 -4.793623 0.329924 -1.570096 1.272736 -2.136444 -0.724193 -2.150899
-2.856766 -44.32407 17.89282 0.46123 -0.81754 1.547471 -0.530811 -0.438846 -3.269052 0.36076 -1.033189 -0.179423 -0.965922 0.15608 -1.747058
-6.856766 -44.32407 17.89282 -1.573737 -1.129465 -3.260836 -1.456259 0.228616 -3.128486 -1.060619 -1.747451 -1.299716 -3.223186 -1.062715 -2.422582
-8.856766 -44.32407 17.89282 -2.898795 -2.151669 -2.907711 -1.449606 -0.047364 -2.012438 -0.536899 -3.586471 -2.242576 -1.786661 -2.647311 -2.649405
-10.85677 -44.32407 17.89282 -2.879346 -2.228911 -1.702369 -0.122181 -2.045115 -2.249536 -1.162223 -4.865361 -3.624439 -1.742183 -4.507562 -2.973612
-12.85677 -44.32407 17.89282 -1.357499 -0.642747 1.08046 -1.084644 -2.733751 -1.789352 -2.237393 -3.755576 -3.072263 -2.508639 -2.726038 -5.245526
-2.856766 -46.32407 17.89282 0.776151 -2.920574 4.855024 -1.813143 -1.57938 -6.150494 -0.984804 -2.74385 -1.363742 -5.711076 0.264102 -5.915743
-4.856766 -46.32407 17.89282 1.177957 -1.461517 3.26291 -1.128241 -0.4577 -3.980125 -0.127146 -1.422214 -1.091014 -5.128786 1.601028 -5.193133
-6.856766 -46.32407 17.89282 0.634609 -1.230059 0.371451 -1.120632 -0.333949 -3.207215 0.640218 -0.610784 -0.812186 -3.681305 0.139754 -4.477211
-8.856766 -46.32407 17.89282 -1.848994 -2.924223 -2.497802 -1.897714 -1.20592 -2.477795 -0.391745 -1.49934 -1.494209 -3.132857 -1.94692 -3.524622
9.143234 -34.32407 19.89282 -0.629346 -0.169781 0.482298 -0.313085 0.731697 -0.706457 -0.062039 -3.136079 -0.003183 0.129778 -0.182641 1.055127
7.143234 -34.32407 19.89282 -0.477135 0.479434 -1.333624 -0.970505 0.177734 1.308616 -2.168311 -0.28014 -2.9949 1.896517 -2.616248 1.938488
1.143234 -34.32407 19.89282 3.603892 -2.202707 2.876839 -2.568369 2.289021 0.87891 -0.747577 -6.593084 2.211916 0.462297 -2.420959 -4.221789
13.14323 -36.32407 19.89282 1.942154 -0.308322 2.441633 0.764433 1.544999 0.53299 0.970582 -1.477683 1.53426 0.788228 -0.268524 1.922588
11.14323 -36.32407 19.89282 2.078234 -3.154891 2.502063 -1.631122 1.096261 -2.222026 0.124738 -2.64603 1.33401 -2.34098 -0.83692 -3.686443
9.143234 -36.32407 19.89282 -0.394314 -2.054273 -0.690574 -0.856365 0.182703 -0.912419 0.115144 -3.241563 0.106199 -1.301105 -0.596443 -1.920259
7.143234 -36.32407 19.89282 0.586139 0.139821 -0.994874 -0.845023 1.112291 -0.702519 0.077213 -1.784237 -2.633749 -0.441049 -1.414536 0.094287
5.143234 -36.32407 19.89282 3.334078 -0.971942 1.950917 -1.683593 0.625016 -0.604768 -1.643332 -3.300894 -1.725324 -2.43892 -1.110757 -5.008702
15.14323 -38.32407 19.89282 1.746969 -0.387705 1.486747 0.913122 2.13202 0.401111 0.726271 -2.265233 2.574303 -0.094647 2.399544 2.639473
13.14323 -38.32407 19.89282 4.229174 -1.092664 3.977393 0.798962 2.477923 0.568645 2.121685 -2.530419 4.11372 1.961442 1.574853 0.201759
11.14323 -38.32407 19.89282 4.325466 -1.7718 4.252172 -0.179573 2.13862 -0.569085 1.486158 -2.305811 2.723696 -0.160314 0.536888 -2.404379
9.143234 -38.32407 19.89282 0.862033 -0.164933 0.561352 -0.060793 0.55915 1.376354 1.067753 -2.09117 -0.674102 -0.634465 -0.991961 -2.823267
7.143234 -38.32407 19.89282 0.622356 1.362965 -0.673031 0.018573 0.407598 1.090845 1.340082 -1.660463 -2.073107 0.372771 -1.078492 -3.34626
5.143234 -38.32407 19.89282 0.949087 -0.338512 1.000249 -1.679459 -0.836812 -1.315339 -1.756376 -4.218043 -0.460042 -0.324939 -1.487019 -2.922352
15.14323 -40.32407 19.89282 2.444154 0.089544 4.553614 0.241824 2.684364 0.148773 0.554644 -2.678542 3.724884 0.551541 3.219541 2.507581
13.14323 -40.32407 19.89282 3.892157 -0.527618 4.136489 0.935886 2.820519 1.61741 2.495675 -3.211845 4.702943 2.99557 3.364026 3.17521
7.143234 -40.32407 19.89282 0.096163 0.77462 -1.75776 1.604191 -0.729891 1.124357 0.705481 -0.629496 -4.432303 2.301997 -1.890029 -1.835745
5.143234 -40.32407 19.89282 1.199891 -1.527328 -0.332152 -1.57763 -1.250784 -1.25229 -1.000954 -3.997537 -2.153168 0.323844 -1.349129 -2.793858
-4.856766 -40.32407 19.89282 -1.172876 0.522012 -0.97605 -0.303891 -0.032023 0.148833 0.652907 -3.031743 -1.904405 -1.308068 -0.123866 -1.737889
-6.856766 -40.32407 19.89282 -1.492 -0.49885 -2.503576 0.282305 -0.7594 -1.020816 0.556135 -3.539216 -0.822695 1.202569 -1.675324 -0.471102
-8.856766 -40.32407 19.89282 -0.023898 -2.558995 -0.448256 -0.701102 -1.108706 -4.455699 1.010891 -4.198174 0.745112 0.741586 -1.09498 -1.694008
-2.856766 -42.32407 19.89282 -0.621832 -0.235448 1.476376 0.010494 0.134335 -1.883625 1.175611 -3.030519 -0.702899 -1.706163 2.464498 -3.255867
-4.856766 -42.32407 19.89282 -1.909601 0.827506 -1.201052 0.197299 -0.691281 -1.649209 0.539373 -1.395839 -0.943902 -0.748529 1.112276 -3.815128
-6.856766 -42.32407 19.89282 -3.071832 -0.390395 -3.296769 -0.909683 -2.293799 -1.902629 -0.12763 -2.798944 -2.142187 -1.548301 -0.984492 -4.477208
-0.856766 -44.32407 19.89282 -3.098903 2.189518 2.273913 0.223855 -1.266255 -2.881576 1.361409 -0.589744 -1.048992 -0.131548 1.710963 1.984319
-2.856766 -44.32407 19.89282 0.065024 0.175074 -0.188337 -0.111228 -0.019364 -2.980328 1.959331 -0.262529 0.31462 -0.722124 1.845955 -2.332507
-4.856766 -44.32407 19.89282 -0.582945 -0.438455 -0.902456 -0.586443 0.114565 -3.529612 0.731455 -0.056863 0.290073 -0.982841 1.334959 -4.123954
-10.85677 -44.32407 19.89282 -1.979333 -1.26032 -0.77885 -0.277999 -1.340684 -2.215824 -0.605255 -3.426215 -3.845472 -2.465425 -2.388577 -4.605637
-12.85677 -44.32407 19.89282 -1.403978 -0.580999 0.601458 -1.942268 -0.035669 -2.84536 -1.206439 -3.567807 -3.82529 -3.065062 -2.331977 -5.673796
-2.856766 -46.32407 19.89282 0.522536 -1.211767 0.750124 -1.176891 -0.115463 -3.859285 1.56543 -1.003953 -1.505304 -3.15616 0.614039 -4.19877
-4.856766 -46.32407 19.89282 1.123311 -1.545215 2.013095 -0.883931 0.420217 -2.776131 1.65942 -0.493528 -1.713181 -2.35724 2.310356 -5.777627
-6.856766 -46.32407 19.89282 0.628623 -0.1834 0.675088 -0.555355 0.316963 -1.266933 0.85568 -0.119374 -1.205263 -0.243222 0.312767 -1.80362
-8.856766 -46.32407 19.89282 -0.063317 -0.742943 -1.046715 -0.401503 -0.942704 -0.392847 0.657517 -0.85732 -1.30762 -1.048542 -0.82235 -2.184278
-10.85677 -46.32407 19.89282 -1.445288 -3.072356 0.159986 -1.755904 -1.654556 -3.139933 -0.344845 -3.661652 -2.712373 -5.111375 -1.812823 -7.27853
-12.85677 -46.32407 19.89282 -0.649011 -2.649752 1.44048 -3.028296 -0.385324 -3.60889 -1.828247 -5.177206 -4.234085 -5.665977 -1.741313 -7.553211
13.14323 -36.32407 21.89282 1.100606 -0.151126 -0.899978 0.157958 0.364158 0.934368 1.145594 -1.176257 0.756641 -0.426924 -0.410122 0.87303
11.14323 -36.32407 21.89282 0.599406 -0.698222 0.384017 -0.096508 -0.203136 0.179926 1.326285 -2.016801 2.134548 -0.976355 0.396593 -0.921043
15.14323 -38.32407 21.89282 1.964772 -0.024984 0.579918 0.322596 1.547392 0.243514 0.724199 -2.335981 2.915523 0.877593 1.873417 3.372658
13.14323 -38.32407 21.89282 3.743075 -0.127173 2.669825 0.603348 3.26809 0.630824 2.20692 -1.34049 2.948994 2.82801 1.580793 1.78341
11.14323 -38.32407 21.89282 2.818941 0.371756 2.592975 0.32528 1.83076 1.580244 1.783859 -1.273636 2.234099 1.094089 1.664742 0.645184
9.143234 -38.32407 21.89282 0.2455 0.454713 -0.704641 -0.657674 -1.676598 2.526003 1.277106 -1.844255 -0.525192 -0.636574 0.579807 -1.696112
7.143234 -38.32407 21.89282 0.050107 -0.159376 -1.221945 -0.203257 -0.992312 -0.086895 0.930497 -2.81651 -0.864448 -0.335155 -1.538951 -1.928996
-8.856766 -38.32407 21.89282 -0.188411 -0.35335 2.759148 -0.385123 -0.289029 -0.922829 1.395501 -2.498334 2.821869 2.840425 -1.720122 -1.605008
17.14323 -40.32407 21.89282 0.492021 0.598882 0.39586 -0.186183 1.44806 -0.386154 -0.242061 -1.674902 3.553157 0.789786 1.248345 -2.832669
15.14323 -40.32407 21.89282 2.344481 1.400202 3.585061 -0.949696 1.753727 0.329591 0.708421 -2.090403 4.330679 2.619245 1.826378 0.647196
13.14323 -40.32407 21.89282 3.59841 1.958036 3.720474 0.048581 3.180323 1.493716 1.800676 -1.765921 3.671005 5.311314 2.313761 3.6013
9.143234 -40.32407 21.89282 0.033271 0.116638 0.180108 -0.271229 -0.586174 2.032583 0.909459 -0.862969 0.691908 2.498185 -0.679978 -1.663821
7.143234 -40.32407 21.89282 0.076315 -0.556307 -1.505514 0.501308 -1.08428 0.2532 0.386544 -0.061533 -0.022228 2.247778 -1.12906 -0.729792
7.143234 -42.32407 21.89282 -1.360301 -0.374226 -2.525183 0.635332 -1.437013 -0.640602 0.210679 -0.93146 1.074164 1.601303 -0.377447 -1.585968
-2.856766 -42.32407 21.89282 0.317903 0.177375 1.461508 0.148533 1.584311 -2.661665 1.398714 -3.552136 2.882418 0.492516 0.762168 -4.258244
-4.856766 -42.32407 21.89282 0.511134 -1.350953 2.951688 -0.310485 2.613913 -2.799791 2.361726 -3.847643 3.436167 1.506548 1.885498 -4.591682
-6.856766 -42.32407 21.89282 -0.355944 -1.665083 0.73214 -0.637866 0.917968 -2.322356 1.288137 -5.888135 2.168625 2.269646 0.911139 -5.136553
-2.856766 -44.32407 21.89282 1.097864 0.19928 0.692122 0.459346 1.279355 -3.939436 2.249021 -2.283178 2.337333 0.818114 1.390915 -5.131249
-4.856766 -44.32407 21.89282 1.152313 -1.57644 2.005533 -0.46212 2.264584 -4.448677 1.805311 -2.525337 3.288107 1.708552 1.345068 -4.773829
-6.856766 -44.32407 21.89282 0.71742 -2.263996 1.124192 -1.347561 1.150002 -2.77093 0.923934 -3.004793 2.301588 1.795475 0.650569 -5.279326
-10.85677 -44.32407 21.89282 -0.978401 -0.598682 -1.763618 -0.252539 -1.038657 -2.054589 -0.485399 -1.373567 -1.51368 -1.515189 -1.814824 -3.970212
-12.85677 -44.32407 21.89282 -0.821035 -0.596315 0.346857 -0.831326 0.493615 -1.684514 -0.492068 -2.589272 -1.14579 -1.59607 -1.917437 -3.105096
-2.856766 -46.32407 21.89282 0.304683 -0.044175 -0.409604 -0.781431 -0.49794 -1.49355 1.184507 -1.829501 -0.427499 -0.508203 0.23225 -5.344345
-4.856766 -46.32407 21.89282 1.005343 -2.596033 1.575957 -1.628963 0.561728 -1.936985 1.470066 -1.448648 -0.209432 -0.388932 0.87134 -7.17989
-10.85677 -46.32407 21.89282 -0.431858 -1.745424 -0.976873 -1.162781 -0.606903 -3.35708 -0.754301 -3.049958 -0.830416 -2.183666 -1.345701 -4.690278
-12.85677 -46.32407 21.89282 -0.017569 -2.61583 0.518674 -2.376814 0.559361 -4.232833 -1.342124 -4.821079 -1.959853 -4.032938 -2.580821 -6.106792
15.14323 -38.32407 23.89282 0.532476 -0.544247 0.540723 -0.764598 -0.854807 -1.466167 0.325614 -0.865239 1.115845 0.885642 -0.131095 -0.533962
13.14323 -38.32407 23.89282 1.271702 -1.087606 0.506042 -1.275078 1.393037 -0.67695 1.422595 -0.178627 -1.008679 0.696884 -0.122033 2.010339
11.14323 -38.32407 23.89282 1.228456 -1.163978 0.455375 -1.105956 0.949213 0.218321 1.345676 -0.015062 -0.747843 -0.245292 0.48318 0.681625
9.143234 -38.32407 23.89282 0.215198 -0.846719 -0.203348 -0.932931 -1.189824 -0.179569 1.005432 -0.805593 -2.449857 -1.569736 0.520141 -2.170114
17.14323 -40.32407 23.89282 0.605479 -0.276969 2.443002 -0.147841 1.068853 0.104578 1.106395 -0.987498 2.468661 1.232355 0.362978 -4.827304
15.14323 -40.32407 23.89282 1.120777 -0.514422 2.419726 -1.130376 0.365867 -0.540019 1.201917 -1.353312 1.691811 2.146082 0.548507 -2.174649
13.14323 -40.32407 23.89282 1.521915 0.052242 2.157747 -1.491782 1.460452 -0.306348 1.565226 -0.767542 0.687612 1.894725 1.439616 2.39413
11.14323 -40.32407 23.89282 1.03534 -0.108794 -0.203643 -1.985453 1.056682 0.253518 1.377908 0.541918 0.717668 0.374247 0.569017 -0.740395
9.143234 -40.32407 23.89282 -0.267231 -0.443059 -0.752331 -0.841069 -0.467757 -0.052357 1.274654 -0.354368 0.072964 0.303367 -0.060644 -4.70648
7.143234 -40.32407 23.89282 -0.466214 -1.049107 0.23359 0.557504 0.570622 -0.632783 0.539631 -0.918025 -0.302701 0.516703 0.431522 -3.891517
15.14323 -42.32407 23.89282 0.657734 -0.56123 2.50101 0.29909 1.312004 0.415343 0.97782 -2.185689 0.626707 3.681333 0.85619 -1.184729
13.14323 -42.32407 23.89282 1.536428 0.485473 1.563344 0.502514 1.555021 0.941702 1.326075 -1.530625 2.586187 2.927233 1.227512 0.443252
11.14323 -42.32407 23.89282 1.084225 0.277693 -0.31526 -1.404979 1.390538 -0.535179 1.160974 -0.826802 2.907046 1.758747 0.456996 -1.831895
-4.856766 -44.32407 23.89282 0.8989 -0.310885 1.252044 0.098477 1.641581 -3.166488 1.425369 -2.378394 1.446762 2.398481 2.604943 -2.330335
17.14323 -40.32407 25.89282 0.014615 -0.555266 1.755611 0.206834 2.62057 -0.66299 0.958578 -0.493591 1.706874 0.822422 1.002328 -6.428434
9.143234 -40.32407 25.89282 -1.57715 -1.33704 0.636771 0.574228 1.143226 -1.364472 0.374065 0.502512 -0.310143 -1.106605 0.090272 -3.040955
17.14323 -42.32407 25.89282 -0.564189 -2.105522 2.24053 -0.075156 2.931852 -2.261997 -0.08764 -3.147238 -0.109658 -0.322571 0.383895 -5.45534
15.14323 -42.32407 25.89282 -0.230775 -0.277533 0.948204 1.214737 4.055116 -0.857454 0.560898 -2.185271 2.157524 1.43008 0.301484 -2.901859
13.14323 -42.32407 25.89282 0.770424 0.648895 0.914258 1.268282 2.161089 0.561387 1.748546 -0.808379 3.028685 0.609867 -0.414011 -0.459052
11.14323 -42.32407 25.89282 -0.004499 0.437132 0.372139 -0.475737 0.963793 -0.43139 1.395536 -0.219013 1.931246 0.444286 -0.287536 -0.562444
9.143234 -42.32407 25.89282 -0.829868 -1.298678 -0.464533 -0.227024 0.375449 -2.234349 1.250325 -1.322782 0.443643 0.944062 0.005726 -2.398212
15.14323 -44.32407 25.89282 1.793574 -0.190323 1.763946 1.404591 2.663127 0.567728 0.528711 -2.897206 2.219061 0.672479 -0.266558 -0.694115
13.14323 -44.32407 25.89282 0.60469 0.385409 0.077679 0.650807 1.193417 1.620517 1.093876 -1.309759 1.588963 -0.414781 -1.683684 -1.529712
11.14323 -44.32407 25.89282 -0.977422 0.717721 -1.437894 -0.482599 -0.225824 0.596255 0.130393 -1.410502 0.919717 0.854115 -3.0628 -0.09485
15.14323 -38.32407 27.89282 0.741548 -2.121222 -0.493483 -0.450678 2.706585 -2.090185 1.900004 -0.89483 1.099529 -1.863697 2.110593 0.827369
13.14323 -38.32407 27.89282 -0.720922 -1.75733 -1.4722 -1.051064 2.035652 -1.202837 1.709402 -1.442386 2.749686 -1.639719 -0.010643 1.04323
13.14323 -40.32407 27.89282 -0.428078 -1.322877 0.550698 -0.857425 2.041024 -0.740878 1.926472 -0.371191 3.452218 -1.48109 1.136764 1.385594
11.14323 -40.32407 27.89282 0.279757 -0.460513 0.369266 -1.218704 3.11027 -0.835656 0.937887 0.275393 2.887725 -1.51313 2.223099 -0.641299
17.14323 -42.32407 27.89282 0.346188 -2.640435 1.536192 -0.775381 1.27303 -2.419259 -0.886527 -3.00343 -0.855145 -1.845374 -1.10654 -4.243203
15.14323 -42.32407 27.89282 0.703245 -1.277555 0.046497 -0.205642 2.646452 -0.465697 0.120485 -1.455858 1.949965 -0.009444 0.694441 -1.303609
9.143234 -42.32407 27.89282 0.652539 -0.107453 0.206302 -0.257082 2.240194 -3.08472 0.651431 -1.522396 0.07291 -0.131086 0.137241 -1.700815
15.14323 -44.32407 27.89282 2.050268 -3.758329 0.64632 -0.755804 2.320272 -1.687288 0.492812 -4.035063 0.643082 -3.206939 -0.201308 -5.560867
13.14323 -44.32407 27.89282 0.405415 -0.104749 -0.396877 0.347567 1.957217 0.358786 0.31428 -0.889194 0.501376 -1.13371 -1.069777 -1.537459
11.14323 -44.32407 27.89282 -0.358622 -0.264088 -0.137812 -0.301795 0.4574 -1.119568 -0.553884 -0.501439 -0.50273 -1.626835 -1.78013 -1.809084
9.143234 -44.32407 27.89282 0.203167 -1.501599 0.453213 -0.825225 0.708996 -1.940403 0.268002 -2.054706 -0.909096 -1.231395 -1.649775 -3.503768
15.14323 -38.32407 29.89282 -1.259709 -2.147697 -1.173087 -0.43904 0.737688 -2.296963 1.214001 -2.289715 0.867127 -1.073356 -0.729075 0.341404
15.14323 -40.32407 29.89282 -1.215505 -1.368074 -0.570727 -0.685712 -0.030996 -1.747327 -0.05955 -1.646139 0.023743 -0.760774 -1.58034 1.06705
13.14323 -40.32407 29.89282 -0.675794 -1.551532 -0.1091 -1.623392 1.839903 -1.268939 0.521164 -1.370033 0.054266 -0.937323 -0.237696 0.496803
11.14323 -40.32407 29.89282 0.972942 -0.542926 1.194509 -1.14733 2.611608 0.074012 1.407519 -1.491597 0.711657 0.77691 -0.539966 0.593646
15.14323 -42.32407 29.89282 -0.127426 -2.72467 0.346959 -2.374305 1.089608 -2.579938 -0.553961 -3.663468 0.581413 -1.215454 -1.375033 -2.255729
13.14323 -42.32407 29.89282 -0.119762 -1.749414 -0.007065 -1.906674 1.410833 0.205864 -0.350305 -1.652072 0.038576 -0.730306 0.485609 -1.536217
11.14323 -42.32407 29.89282 1.162812 -2.262064 -0.296 -0.356819 1.446136 -0.520636 0.514897 -2.647569 -1.158694 -2.285957 -0.80442 -3.62563
9.143234 -42.32407 29.89282 1.833062 -1.789961 -0.11481 -0.542234 1.540224 -0.481075 0.607003 -1.924411 -1.021204 -1.699368 -2.009347 -3.043658
17.14323 -44.32407 29.89282 1.476344 -2.572007 0.919265 -1.149948 1.640267 -1.453972 0.018803 -5.314392 1.472852 -2.926193 -1.519845 -4.136965
15.14323 -44.32407 29.89282 1.256293 -3.155465 1.036176 -1.290447 2.212983 -2.854707 0.367242 -6.120631 2.145496 -3.605796 -1.89756 -5.175359
13.14323 -44.32407 29.89282 -0.471312 0.150534 -0.755871 -0.10986 1.35401 -0.336766 -0.18411 -1.886559 -0.283388 -2.249789 -0.409547 -0.827392
11.14323 -44.32407 29.89282 0.004851 -1.358153 -0.135391 -0.222039 0.500943 -0.993674 -0.523863 -1.888271 -1.31111 -2.281544 -1.743355 -1.742501
9.143234 -44.32407 29.89282 1.274663 -2.385892 0.409645 -0.904872 0.462875 -0.420621 -0.047247 -2.543194 -1.033988 -1.656432 -2.183283 -3.686262
