4.895493 -12.35783 -2.065037 -1.880845 -2.039425 0.361276 -0.541888 0.979736 1.479255
4.895493 -16.35783 -2.065037 3.511769 3.299883 -0.85026 -2.431064 1.188724 1.162167
2.895493 -4.357826 -0.065037 1.643313 2.207862 -0.680603 -0.775867 2.462536 3.195872
2.895493 -6.357826 -0.065037 -3.286164 -3.949934 -2.210644 -2.500232 3.307434 3.032976
0.895493 -8.357826 -0.065037 -3.800287 -5.602227 0.443073 0.745477 1.276655 0.241273
0.895493 -10.35783 -0.065037 1.48516 0.112897 -0.33547 -0.254963 0.031496 -0.070223
-1.104507 -10.35783 -0.065037 -0.012419 -0.215992 0.703559 1.465398 -1.518677 -0.552089
6.895493 -12.35783 -0.065037 -0.22796 -0.78421 0.164874 -0.04432 1.476561 1.701676
4.895493 -12.35783 -0.065037 -2.207502 -3.033125 0.057327 -0.174519 1.583753 2.402175
-1.104507 -12.35783 -0.065037 -1.279634 -1.791176 -2.942145 -2.700226 -1.683687 -0.227575
6.895493 -14.35783 -0.065037 1.016913 1.179143 -0.804663 -0.86543 3.587772 4.978642
4.895493 -14.35783 -0.065037 1.610642 1.425625 1.528837 0.966781 3.967719 5.632675
-1.104507 -14.35783 -0.065037 -2.445393 -3.613789 -2.00046 -1.818431 0.45754 0.960016
6.895493 -16.35783 -0.065037 3.77889 3.589015 -0.568275 -0.909914 2.180353 3.730758
4.895493 -16.35783 -0.065037 2.335302 1.849766 0.650089 0.041284 2.209947 3.561532
6.895493 -18.35783 -0.065037 2.343158 2.788045 -1.678345 -1.587116 -0.737811 0.579013
4.895493 -18.35783 -0.065037 3.431317 4.059128 1.429923 1.728969 1.788752 2.791697
4.895493 -20.35783 -0.065037 1.471719 2.103778 1.238241 1.715218 0.435659 1.990969
6.895493 -2.357826 1.934963 4.02901 4.876341 0.514189 1.490508 2.623252 6.209476
4.895493 -2.357826 1.934963 -2.229055 -0.862511 0.047192 0.748684 -1.288294 2.182289
0.895493 -2.357826 1.934963 2.230298 3.187676 3.497031 2.878721 2.298667 2.277224
6.895493 -4.357826 1.934963 3.048919 4.236997 2.481396 3.42918 5.388809 8.457109
4.895493 -4.357826 1.934963 -3.594932 -2.527022 -0.976362 -0.258549 1.885693 5.133223
0.895493 -4.357826 1.934963 -4.17184 -3.368869 1.747198 2.48525 0.382566 0.670141
-1.104507 -4.357826 1.934963 -3.68639 -1.128926 1.480709 3.760877 3.523196 5.14923
4.895493 -6.357826 1.934963 -2.415814 -1.088488 -2.251928 -1.153088 -0.654736 0.562218
0.895493 -6.357826 1.934963 -9.325062 -9.296448 -1.215074 0.501341 -3.59726 -3.017544
-1.104507 -6.357826 1.934963 -3.100318 -1.629766 0.555439 2.909494 -2.579759 -1.077093
4.895493 -8.357826 1.934963 -3.259224 -1.389711 -2.818293 -0.886457 -2.70712 -2.224542
-1.104507 -8.357826 1.934963 -3.05285 -2.685508 -0.834886 -0.013071 -5.304918 -5.034112
4.895493 -10.35783 1.934963 -5.789737 -4.713077 -4.792234 -3.588891 -0.773273 0.380664
0.895493 -10.35783 1.934963 -1.779269 -2.06615 -2.806473 -2.830292 -1.198103 -1.856956
-1.104507 -10.35783 1.934963 -0.967302 -0.006524 -0.079728 0.916119 -1.296616 -0.406
4.895493 -12.35783 1.934963 -3.659665 -2.612858 -7.313246 -7.799486 1.088955 2.128372
0.895493 -12.35783 1.934963 -0.788775 0.172065 -2.156663 -1.378053 -0.756865 -0.880199
-1.104507 -12.35783 1.934963 -1.505301 -1.314554 -1.030186 -0.228171 0.486496 1.402735
4.895493 -14.35783 1.934963 1.115256 1.850488 -2.607198 -3.313828 2.358376 3.678907
-1.104507 -14.35783 1.934963 -2.336306 -3.11672 -0.557636 0.159001 -0.896763 -0.159974
4.895493 -16.35783 1.934963 0.439661 -0.2159 -0.792198 -0.66792 2.34412 3.918637
2.895493 -16.35783 1.934963 2.840805 1.560765 -1.011348 -0.983139 1.718985 2.357303
-1.104507 -16.35783 1.934963 -1.077287 -1.144956 1.754951 2.414663 1.180058 1.218593
6.895493 -18.35783 1.934963 1.369472 1.67461 1.98206 2.431441 -1.313331 0.079657
4.895493 -18.35783 1.934963 1.861906 1.581381 2.515198 3.523168 3.539856 4.70399
2.895493 -18.35783 1.934963 2.445789 2.375323 2.434677 3.295356 2.137663 2.998997
-1.104507 -18.35783 1.934963 1.821357 2.741318 3.011531 4.280066 3.343588 3.373758
6.895493 -20.35783 1.934963 0.59284 -0.486673 0.938411 0.056314 -1.604489 -1.542007
4.895493 -20.35783 1.934963 1.404881 1.423335 3.638584 3.898527 2.449042 3.797265
2.895493 -20.35783 1.934963 -1.079369 -0.49784 1.845001 2.645488 4.090128 5.585488
6.895493 -22.35783 1.934963 0.157137 0.069436 1.264875 1.091786 0.678751 1.52696
4.895493 -22.35783 1.934963 0.499898 0.177372 2.298872 2.24529 1.915029 3.009296
6.895493 -24.35783 1.934963 0.39579 0.78265 1.525264 1.236111 0.876592 1.868682
4.895493 -24.35783 1.934963 0.938779 1.228829 2.067376 2.124527 -0.044457 0.523283
4.895493 -26.35783 1.934963 -0.335413 -1.10963 -1.717067 -3.284498 -0.942325 -1.415351
4.895493 -28.35783 1.934963 -0.7444 -1.353525 -2.870999 -4.16808 0.587062 -0.256887
-1.104507 -30.35783 1.934963 -2.627791 -3.016564 0.186542 0.079416 1.423174 1.363811
4.895493 -32.35783 1.934963 -0.801834 -1.017452 -2.1708 -2.648167 -1.362692 -1.069453
6.895493 -34.35783 1.934963 -2.699718 -3.537449 -0.863068 -0.654126 -1.024774 -0.86576
4.895493 -34.35783 1.934963 -0.410489 -0.705316 -0.663117 -1.262711 -1.809935 -1.669485
4.895493 -2.357826 3.934963 -3.37316 -2.766345 -2.975203 -2.869496 -1.216018 1.61282
2.895493 -2.357826 3.934963 -0.740574 -0.197455 -1.340287 -1.188195 -5.86949 -6.974146
0.895493 -2.357826 3.934963 -2.925701 -2.712982 -1.910708 -1.505787 0.031006 -0.767136
-1.104507 -2.357826 3.934963 -5.91401 -7.828907 -3.835544 -4.179006 2.833316 0.66227
6.895493 -4.357826 3.934963 4.141065 4.387624 1.616129 1.540024 2.772166 4.299857
4.895493 -4.357826 3.934963 -4.058091 -4.408503 -3.324345 -2.952044 -0.130781 1.748423
2.895493 -4.357826 3.934963 -6.031708 -7.148471 -3.342709 -3.615261 -5.525863 -6.840357
0.895493 -4.357826 3.934963 -5.514142 -6.100093 -3.050444 -2.298365 -3.702394 -4.229206
-1.104507 -4.357826 3.934963 -8.057858 -9.37753 -5.018052 -4.590845 -1.260587 -2.867958
-3.104507 -4.357826 3.934963 -5.150882 -6.333016 -5.964916 -6.915667 2.157735 -1.43221
6.895493 -6.357826 3.934963 6.146508 6.025358 4.719579 5.084465 2.559284 2.323051
4.895493 -6.357826 3.934963 -1.62623 -2.963941 -1.783405 -1.730972 -0.101334 -0.293468
0.895493 -6.357826 3.934963 -4.972674 -5.525113 -2.818796 -1.799151 -5.732439 -5.471005
-1.104507 -6.357826 3.934963 -4.04094 -5.143338 -1.701705 -0.808395 -4.86045 -5.785328
6.895493 -8.357826 3.934963 0.658583 -0.162607 3.38266 4.282049 1.44173 -0.393919
4.895493 -8.357826 3.934963 -1.836985 -2.755917 -0.083078 0.195339 -0.964916 -2.123115
-1.104507 -8.357826 3.934963 1.449567 -0.646022 1.74042 1.867211 -1.52183 -4.199302
6.895493 -10.35783 3.934963 -3.207358 -3.806402 -1.070348 -1.395534 0.351631 -0.159902
4.895493 -10.35783 3.934963 -3.051465 -2.454558 -2.266907 -1.365532 -2.2252 -1.743455
-1.104507 -10.35783 3.934963 0.110839 -0.486365 -0.832667 0.013577 0.514646 -0.651853
6.895493 -12.35783 3.934963 0.070211 0.977726 -2.544543 -3.17396 0.295598 1.054783
4.895493 -12.35783 3.934963 -1.938213 -1.45134 -5.555659 -5.471083 -0.428467 0.064174
-1.104507 -12.35783 3.934963 -1.316038 -0.581602 -3.418117 -2.880822 -0.096364 1.454432
6.895493 -14.35783 3.934963 0.983831 1.672144 0.818072 0.518772 0.104808 0.79792
4.895493 -14.35783 3.934963 1.321024 1.697603 -0.774674 -0.988825 0.593736 1.749085
0.895493 -14.35783 3.934963 2.959493 2.966323 -3.776853 -3.882181 -0.630325 -1.772454
-1.104507 -14.35783 3.934963 -1.416289 -1.670813 -3.064044 -3.688239 -0.433686 -0.39138
4.895493 -16.35783 3.934963 -1.332164 -2.359746 -0.245954 -0.003156 0.780614 1.265247
0.895493 -16.35783 3.934963 0.523287 -0.243607 -0.210621 -0.205186 -1.262585 -2.591067
-1.104507 -16.35783 3.934963 -0.124187 -0.032005 0.555623 0.283533 -1.090159 -1.552209
-3.104507 -16.35783 3.934963 1.705114 0.529435 2.334292 1.126824 0.049449 -2.164564
4.895493 -18.35783 3.934963 -2.23169 -3.036413 1.005209 1.87746 0.420462 0.6307
2.895493 -18.35783 3.934963 -2.086963 -3.207279 0.253452 -0.101915 0.848998 0.649525
-1.104507 -18.35783 3.934963 2.984722 3.100627 1.419028 1.121605 1.330427 0.966579
-3.104507 -18.35783 3.934963 2.219815 1.975947 0.467413 -0.133367 0.58176 -0.935091
4.895493 -20.35783 3.934963 -0.431422 -0.917287 3.599795 4.075281 -0.150142 -0.268892
2.895493 -20.35783 3.934963 -2.109512 -2.63134 0.182312 -0.275862 0.043106 0.292553
-1.104507 -20.35783 3.934963 1.572626 1.092403 -0.825806 -1.292296 1.743861 1.898694
-3.104507 -20.35783 3.934963 3.064443 3.025381 0.469433 0.193877 2.018326 1.222131
8.895493 -22.35783 3.934963 -0.244004 0.168561 1.740571 1.725097 1.414679 1.738396
6.895493 -22.35783 3.934963 0.340339 0.590755 4.230903 4.035796 1.801517 2.358625
4.895493 -22.35783 3.934963 2.691333 2.17837 4.670424 4.278281 1.855916 1.573757
2.895493 -22.35783 3.934963 1.55366 0.648539 3.032562 2.75028 2.471206 1.754854
6.895493 -24.35783 3.934963 0.036393 0.844935 1.494915 1.864864 -0.501555 -0.00518
4.895493 -24.35783 3.934963 3.175199 3.295367 3.941874 4.031327 -0.837883 -0.884398
2.895493 -24.35783 3.934963 1.044251 1.184748 2.721281 3.759003 1.523747 2.035219
6.895493 -26.35783 3.934963 -1.179696 -0.53043 1.860484 2.482265 -0.919408 -1.206287
4.895493 -26.35783 3.934963 1.216414 1.821482 -1.034465 -1.546691 -1.047634 -1.402242
2.895493 -26.35783 3.934963 -2.330731 -2.226398 -1.219382 -0.672055 -1.013734 -0.480445
-5.104507 -26.35783 3.934963 0.987641 0.944753 2.844918 2.01807 4.329361 4.481232
8.895493 -28.35783 3.934963 0.232813 -0.96333 -0.969331 -1.687383 -0.097621 -0.836474
6.895493 -28.35783 3.934963 0.094919 -0.397335 -1.277408 -2.043294 0.739294 0.279077
4.895493 -28.35783 3.934963 0.843707 0.779507 -2.31574 -3.606972 0.59903 0.098503
2.895493 -28.35783 3.934963 -2.228657 -1.858575 0.273841 -0.211715 1.757889 2.622799
-3.104507 -28.35783 3.934963 -0.575208 0.027734 0.276335 0.488847 1.755006 3.273158
-5.104507 -28.35783 3.934963 -0.259435 0.161205 0.392303 0.375987 0.705856 1.175265
8.895493 -30.35783 3.934963 0.992229 0.573317 -1.282843 -1.532019 -0.53119 -0.989909
6.895493 -30.35783 3.934963 0.104171 -0.11619 -1.575209 -2.203803 0.910655 0.898058
4.895493 -30.35783 3.934963 -0.811737 -1.018773 -0.952737 -1.801289 0.609315 1.042015
-1.104507 -30.35783 3.934963 -2.109938 -2.26519 1.016967 0.751747 2.938493 2.696948
-3.104507 -30.35783 3.934963 -0.668171 -0.052761 -0.652795 -0.62771 -0.165802 0.920767
6.895493 -32.35783 3.934963 0.079013 0.395964 0.528567 1.145564 0.776256 1.61874
4.895493 -32.35783 3.934963 0.640733 0.787754 -1.016512 -1.255048 0.404032 1.597462
6.895493 -34.35783 3.934963 0.741245 1.246024 1.877957 2.054954 1.575972 2.46699
4.895493 -34.35783 3.934963 1.102622 1.215644 1.406153 0.706047 0.197092 0.812341
6.895493 -36.35783 3.934963 1.241309 1.478694 0.257459 0.97018 0.237143 0.498525
4.895493 -36.35783 3.934963 -0.854403 -1.175773 0.485007 0.276947 -0.61042 -0.452162
-3.104507 -36.35783 3.934963 1.005674 1.128793 -0.680184 -0.862715 2.500073 3.712132
6.895493 -4.357826 5.934963 3.500268 2.653958 -1.953887 -3.520871 0.071151 -0.038755
4.895493 -4.357826 5.934963 -1.439747 -0.653675 -4.799819 -4.516533 -0.115646 3.626972
-1.104507 -4.357826 5.934963 -1.935321 -2.772369 -1.285064 0.056813 -0.062482 -1.977872
4.895493 -6.357826 5.934963 -2.77705 -2.879226 -1.816502 -1.587795 2.980983 4.917581
4.895493 -8.357826 5.934963 -2.602019 -5.01562 1.777719 1.165068 3.032991 1.362373
8.895493 -10.35783 5.934963 0.786484 1.851902 -3.432039 -3.250795 -2.028982 -1.288638
6.895493 -10.35783 5.934963 -2.512619 -3.078294 -3.526906 -3.572896 -2.777277 -3.428611
4.895493 -10.35783 5.934963 0.93049 -1.442563 0.883983 -0.082582 -2.223056 -4.422759
8.895493 -12.35783 5.934963 1.002491 1.643511 -1.180117 -0.846374 0.41508 0.794397
6.895493 -12.35783 5.934963 -1.473955 -2.163217 -2.240105 -2.468133 1.247929 0.495879
8.895493 -14.35783 5.934963 2.030876 3.204378 0.418328 1.308296 1.435575 1.69705
6.895493 -14.35783 5.934963 0.912497 0.94571 1.825463 2.528281 2.252402 1.573408
0.895493 -14.35783 5.934963 1.634782 0.175277 -2.95989 -5.063672 1.333075 0.378665
-1.104507 -14.35783 5.934963 -2.111682 -3.514117 -3.931074 -5.437285 0.720566 0.106387
8.895493 -16.35783 5.934963 0.509951 1.682265 -0.379829 0.530213 1.544959 2.455089
6.895493 -16.35783 5.934963 -0.806652 0.929184 0.540864 2.196195 0.508634 1.370177
0.895493 -16.35783 5.934963 -0.872579 -0.529339 -1.850178 -2.624897 -0.98163 -0.784158
-1.104507 -16.35783 5.934963 -1.10331 -0.463927 -2.830119 -3.809668 -1.722563 -1.476284
6.895493 -18.35783 5.934963 -0.38004 0.654277 1.434953 2.176747 3.427741 4.900091
4.895493 -18.35783 5.934963 -2.531756 -3.199577 1.303957 1.383413 0.355267 0.390252
-1.104507 -18.35783 5.934963 0.248844 1.563705 -1.174817 -1.268728 -2.913338 -2.643125
-3.104507 -18.35783 5.934963 0.400764 -0.024392 -0.34064 -0.957041 -2.379903 -3.664443
6.895493 -20.35783 5.934963 0.442075 1.344624 3.091011 3.164913 4.068424 6.094269
4.895493 -20.35783 5.934963 -0.602313 -1.22809 2.105026 2.368424 -2.00605 -1.519122
-1.104507 -20.35783 5.934963 0.571427 1.343757 -1.279138 -1.175581 -0.813427 0.485266
-3.104507 -20.35783 5.934963 2.05175 2.430447 1.738723 2.071435 0.73724 0.310475
-5.104507 -20.35783 5.934963 1.819803 1.710023 0.536363 0.555494 0.988324 -0.055585
4.895493 -22.35783 5.934963 2.892998 2.645695 3.295942 3.082241 1.585439 2.425996
2.895493 -22.35783 5.934963 -1.311899 -1.611499 3.070322 3.069487 -0.307633 -0.55489
-3.104507 -22.35783 5.934963 1.085035 1.285579 2.712806 2.995111 2.493294 1.691194
4.895493 -24.35783 5.934963 4.29249 5.34823 2.253731 2.521974 1.033899 2.313337
2.895493 -24.35783 5.934963 1.179639 2.065016 3.13903 4.131011 1.998179 2.783611
-3.104507 -24.35783 5.934963 0.365436 0.160702 2.274347 1.896873 1.430556 0.896575
4.895493 -26.35783 5.934963 2.45129 3.845852 2.469872 2.476442 2.26496 3.213805
2.895493 -26.35783 5.934963 0.723594 1.582312 1.960697 2.613301 0.989384 2.008268
-3.104507 -26.35783 5.934963 0.21467 -0.330086 3.042781 2.226895 2.282872 1.887875
6.895493 -28.35783 5.934963 -0.828847 -0.414163 1.739743 2.09135 1.782466 2.594964
4.895493 -28.35783 5.934963 0.696317 1.295002 3.519063 3.696393 3.578017 4.782798
2.895493 -28.35783 5.934963 -1.137407 -0.26615 1.632188 1.823943 1.173904 2.45069
-1.104507 -28.35783 5.934963 -0.395251 0.316281 2.735904 3.105335 -0.824637 -1.196415
-3.104507 -28.35783 5.934963 -1.691235 -2.197598 2.218618 2.177659 1.155523 0.992344
8.895493 -30.35783 5.934963 -1.180006 -0.956427 0.9202 2.023783 -1.041156 -1.12818
6.895493 -30.35783 5.934963 -1.523057 -0.561528 1.70986 3.281873 1.857583 3.625004
4.895493 -30.35783 5.934963 -0.616969 -0.18849 2.602333 3.506022 2.86622 4.78345
2.895493 -30.35783 5.934963 -1.99954 -1.804145 1.247957 1.981596 1.938312 3.754007
-1.104507 -30.35783 5.934963 -1.957752 -1.929906 1.336633 1.629047 -0.438753 -0.220784
-3.104507 -30.35783 5.934963 -1.727 -1.797757 0.602543 0.32187 0.181264 0.165628
6.895493 -32.35783 5.934963 1.945701 2.270178 2.431267 3.344134 2.367499 4.021451
4.895493 -32.35783 5.934963 1.621569 1.159357 1.680023 2.315192 2.317495 3.541142
2.895493 -32.35783 5.934963 1.469108 1.604408 1.232001 1.577767 3.818477 4.779015
-1.104507 -32.35783 5.934963 -1.438034 -2.349487 0.093146 -0.170946 -1.652792 -2.39765
-3.104507 -32.35783 5.934963 0.201188 -0.600563 -0.501761 -1.614073 -0.738959 -1.234753
4.895493 -34.35783 5.934963 3.38771 3.8657 2.626914 2.56704 1.934914 3.07948
2.895493 -34.35783 5.934963 2.885469 2.607121 2.896475 2.732265 3.33658 3.749211
-3.104507 -34.35783 5.934963 0.801116 0.191805 -1.42622 -2.220052 -0.450454 0.385313
6.895493 -36.35783 5.934963 0.874057 0.991134 0.935647 1.070283 -0.798875 -0.738619
4.895493 -36.35783 5.934963 1.634983 1.46977 1.840513 1.66192 -0.43851 -0.56288
2.895493 -36.35783 5.934963 -0.633773 -1.292954 0.199529 0.056677 -0.061416 -0.572624
-1.104507 -36.35783 5.934963 -1.528658 -1.624478 0.132154 0.384832 3.301705 3.322364
-3.104507 -36.35783 5.934963 0.500526 0.917854 0.086809 -0.004756 3.80477 4.429611
-5.104507 -36.35783 5.934963 1.745409 1.957563 0.621369 0.82167 2.277011 2.669988
-7.104507 -36.35783 5.934963 -0.077195 -0.359538 0.596712 0.113937 2.07032 1.810436
4.895493 -38.35783 5.934963 -0.46225 -0.787128 0.092412 0.259802 0.586023 0.300326
2.895493 -38.35783 5.934963 -1.743315 -2.855952 -1.016159 -1.109552 0.600057 0.273538
-3.104507 -38.35783 5.934963 -0.173852 -0.108858 0.718992 0.855316 1.782143 2.187237
-5.104507 -38.35783 5.934963 0.483923 0.194149 1.044777 1.259583 1.239628 1.891376
4.895493 -4.357826 7.934963 -1.159065 0.30662 -2.492664 -2.647444 -2.219553 1.01868
8.895493 -16.35783 7.934963 2.743032 3.352637 0.411175 0.276978 2.107825 1.632266
0.895493 -16.35783 7.934963 -0.534107 0.242917 -3.233097 -3.701852 -0.97873 -1.408838
-1.104507 -16.35783 7.934963 -2.827949 -1.820041 -4.666073 -5.225299 -0.637723 0.37961
-3.104507 -16.35783 7.934963 -1.634049 -1.523329 -5.224142 -6.286705 -0.215462 0.488346
-5.104507 -16.35783 7.934963 -3.545252 -4.662053 -4.229163 -4.593903 -0.159314 -0.407363
8.895493 -18.35783 7.934963 2.23536 1.729796 -0.105917 -0.653323 3.162621 2.071101
6.895493 -18.35783 7.934963 3.110366 2.403063 0.286103 -0.70809 3.342956 3.451329
4.895493 -18.35783 7.934963 1.529097 0.505391 1.463939 0.368522 2.571081 2.502955
0.895493 -18.35783 7.934963 -0.674583 0.064619 -2.993632 -2.674806 -1.701355 -2.205544
-1.104507 -18.35783 7.934963 -3.299803 -2.054673 -4.674078 -3.9457 -2.47998 -1.492895
-3.104507 -18.35783 7.934963 -0.9509 -0.373242 -1.96492 -1.677277 -2.331678 -2.069146
8.895493 -20.35783 7.934963 3.596939 3.689409 1.505836 1.266256 2.737143 3.389222
6.895493 -20.35783 7.934963 2.794491 2.245448 -0.243267 -1.127485 2.254881 3.505998
0.895493 -20.35783 7.934963 0.593328 1.244063 -0.449936 0.670076 -0.514998 -0.77038
-1.104507 -20.35783 7.934963 -0.772182 -0.081243 -3.193852 -1.8703 -0.415481 0.535329
-3.104507 -20.35783 7.934963 1.120239 1.798705 0.127229 1.118994 0.644992 1.116336
8.895493 -22.35783 7.934963 1.259452 1.115006 1.680535 1.415988 2.626309 3.48529
6.895493 -22.35783 7.934963 1.697593 1.617995 0.171975 -0.080976 2.652027 4.355611
4.895493 -22.35783 7.934963 2.115222 1.575147 2.286004 2.1593 1.392531 2.061287
-1.104507 -22.35783 7.934963 -1.260693 -2.590171 0.034875 -0.158774 1.754157 0.969128
-3.104507 -22.35783 7.934963 1.622341 0.905229 2.99189 3.369382 3.577291 2.722348
-5.104507 -22.35783 7.934963 2.760882 2.505571 -0.191786 0.210282 2.280928 1.893008
6.895493 -24.35783 7.934963 5.260974 6.38213 0.299276 0.172863 3.396494 5.45458
4.895493 -24.35783 7.934963 4.094743 4.002374 0.68968 0.517552 2.060803 2.442027
2.895493 -24.35783 7.934963 0.739089 0.227753 2.155646 2.334024 2.79723 2.743689
-3.104507 -24.35783 7.934963 1.360694 0.740955 -0.741041 -1.394284 2.186938 2.023375
-5.104507 -24.35783 7.934963 0.994441 1.106504 -1.398782 -0.790995 2.130848 2.388933
6.895493 -26.35783 7.934963 5.109164 6.241533 2.538282 2.272316 5.708292 8.274391
4.895493 -26.35783 7.934963 1.772223 1.894748 2.752355 2.74489 4.576498 5.757846
2.895493 -26.35783 7.934963 2.373797 2.075564 1.537894 1.834351 4.218655 5.465062
-3.104507 -26.35783 7.934963 1.401083 0.838757 0.731406 0.307288 1.493603 1.487745
-5.104507 -26.35783 7.934963 1.618002 1.342575 -0.197316 -0.176368 0.994945 0.811169
4.895493 -28.35783 7.934963 2.790773 2.917778 6.379271 7.445868 8.273161 10.93614
2.895493 -28.35783 7.934963 2.185618 3.026084 1.385597 2.123481 2.954081 5.528225
-1.104507 -28.35783 7.934963 0.030377 0.863225 1.522547 1.68548 -3.700403 -4.144292
-3.104507 -28.35783 7.934963 0.465976 -0.325035 0.300004 -0.319761 -0.116954 -0.413074
-5.104507 -28.35783 7.934963 1.789362 1.052756 -0.385966 -1.01202 0.944473 1.039891
4.895493 -30.35783 7.934963 2.246808 2.809579 5.168608 6.420758 5.832302 9.565905
2.895493 -30.35783 7.934963 1.276945 2.006603 1.880199 2.999969 2.565679 5.465151
-1.104507 -30.35783 7.934963 -2.084049 -0.975974 0.439086 1.406514 -4.482256 -3.991806
-3.104507 -30.35783 7.934963 -0.886135 -1.306201 -0.057607 -0.458518 -1.021534 -1.223144
4.895493 -32.35783 7.934963 1.801826 0.024752 4.062284 4.154063 4.804308 5.085967
2.895493 -32.35783 7.934963 1.922051 2.141619 2.726089 3.381954 5.540543 7.051598
-1.104507 -32.35783 7.934963 -0.639914 0.116446 0.064823 1.17052 -3.353518 -2.794311
-3.104507 -32.35783 7.934963 -0.294077 -0.825661 -0.367295 -0.880067 -1.755978 -1.946659
4.895493 -34.35783 7.934963 4.012888 3.359196 2.148116 1.982137 3.380128 4.17552
2.895493 -34.35783 7.934963 3.371432 3.01609 1.224673 0.747548 3.458034 4.373814
-1.104507 -34.35783 7.934963 0.279531 0.600718 1.629767 1.774176 -1.003977 -0.343169
-3.104507 -34.35783 7.934963 0.749369 0.729847 0.280967 0.006501 -0.871867 -0.266745
8.895493 -36.35783 7.934963 -1.383094 -1.501024 1.112245 1.699462 0.392554 0.822778
6.895493 -36.35783 7.934963 0.534007 0.541873 0.104429 0.349874 0.12726 0.407289
4.895493 -36.35783 7.934963 1.861714 1.219794 0.1837 -0.035468 0.475533 0.169433
2.895493 -36.35783 7.934963 1.062071 0.687272 0.244409 -0.513563 0.761707 0.110146
-1.104507 -36.35783 7.934963 1.74506 1.625247 1.806988 1.005775 3.340324 3.057171
-3.104507 -36.35783 7.934963 1.432853 2.061901 1.396098 1.108262 3.052818 3.326243
-5.104507 -36.35783 7.934963 0.674776 1.46276 0.970248 1.440844 0.993277 1.132425
-7.104507 -36.35783 7.934963 -0.280092 -0.411142 1.459651 1.06972 0.536828 -0.081339
6.895493 -38.35783 7.934963 0.658708 0.443795 0.037824 0.240864 0.572511 -0.139019
4.895493 -38.35783 7.934963 0.028797 -0.838565 0.24188 -0.008495 1.408175 0.705785
2.895493 -38.35783 7.934963 -0.402063 -1.268489 1.02619 0.976022 0.999279 0.520939
-1.104507 -38.35783 7.934963 1.080639 0.734374 0.89093 0.734472 1.866259 1.301645
-3.104507 -38.35783 7.934963 -0.096087 -0.318422 0.318072 -0.040389 1.949734 1.926325
-5.104507 -38.35783 7.934963 0.139337 -0.481057 1.209547 0.964934 0.994135 0.45226
-7.104507 -38.35783 7.934963 -2.330698 -2.490716 0.177531 -0.1578 -0.731126 -1.427293
-7.104507 -16.35783 9.934963 -4.910024 -4.795283 -3.614779 -3.4919 -2.074277 -2.115263
8.895493 -18.35783 9.934963 2.290537 2.93475 -0.905912 -0.658229 0.22597 -0.229691
6.895493 -18.35783 9.934963 1.874746 1.851645 0.218851 0.641516 0.103129 0.72516
4.895493 -18.35783 9.934963 1.986675 0.711737 1.179799 0.693886 2.121507 2.129533
2.895493 -18.35783 9.934963 3.498441 3.869208 -0.187333 -0.40307 0.751041 0.94883
-1.104507 -18.35783 9.934963 1.954391 2.689596 -0.255391 -0.044875 -0.469022 0.003619
-3.104507 -18.35783 9.934963 0.571818 1.432729 -2.97283 -3.070856 -2.241728 -1.975719
-5.104507 -18.35783 9.934963 -1.825734 -1.19013 -3.989325 -3.622553 -3.962171 -3.627645
-7.104507 -18.35783 9.934963 -2.451506 -2.054048 -2.644994 -1.674872 -3.173616 -2.609126
10.89549 -20.35783 9.934963 0.834254 1.516604 2.221001 2.649043 0.092375 1.194613
8.895493 -20.35783 9.934963 3.349607 4.668258 1.451175 2.747869 0.703067 1.130662
6.895493 -20.35783 9.934963 3.734217 3.67258 2.350327 2.519758 3.146083 3.746407
4.895493 -20.35783 9.934963 3.635059 2.913842 1.446669 1.095692 3.489329 4.093522
2.895493 -20.35783 9.934963 5.005689 5.163634 0.473577 0.499489 1.242439 1.743778
-1.104507 -20.35783 9.934963 2.223923 3.441053 -1.342496 -0.739697 0.384874 0.522282
-3.104507 -20.35783 9.934963 0.947234 1.850157 -2.167195 -1.957378 0.186307 0.181547
10.89549 -22.35783 9.934963 1.489865 1.961432 1.888363 2.627525 -0.792574 -0.534816
4.895493 -22.35783 9.934963 0.725648 0.671698 2.560619 3.153705 0.48904 0.168238
0.895493 -22.35783 9.934963 -1.977835 -1.387613 -1.791132 -1.654885 -1.554515 -1.361226
-1.104507 -22.35783 9.934963 -0.89806 -0.730883 0.175733 0.475174 -0.14399 -0.618283
8.895493 -24.35783 9.934963 1.195232 3.358229 1.018031 1.594146 -1.048666 0.261687
-1.104507 -24.35783 9.934963 -2.692076 -3.677078 0.121772 -0.325562 -0.155737 -1.030502
-3.104507 -24.35783 9.934963 0.778155 0.539796 -0.655017 -1.089264 1.717377 1.231587
-5.104507 -24.35783 9.934963 2.310839 2.52284 -1.397958 -1.650607 1.909761 2.305136
8.895493 -26.35783 9.934963 1.346873 1.742745 3.691226 4.492398 2.91417 3.650762
-1.104507 -26.35783 9.934963 -0.377574 -1.207652 -0.263543 -0.808494 2.109186 1.617351
-3.104507 -26.35783 9.934963 1.730644 1.742203 0.005326 0.22772 1.291646 1.349845
-5.104507 -26.35783 9.934963 2.473337 2.813873 0.121682 0.696219 0.86997 1.339538
8.895493 -28.35783 9.934963 3.787892 4.039858 0.453964 0.493324 2.322273 2.90924
6.895493 -28.35783 9.934963 5.159812 5.071323 3.800138 4.836398 5.458659 7.465
4.895493 -28.35783 9.934963 3.447177 3.017218 5.526816 6.096496 7.619177 9.173714
-1.104507 -28.35783 9.934963 -1.992834 -2.547006 -2.185866 -2.3753 0.178773 -0.756936
-3.104507 -28.35783 9.934963 -1.571007 -1.784398 -2.748092 -2.656868 0.150446 -0.364944
-5.104507 -28.35783 9.934963 0.075124 -0.288322 -1.388326 -1.072751 0.196394 0.343652
6.895493 -30.35783 9.934963 1.223602 0.260552 2.501907 2.410246 2.040431 2.050326
4.895493 -30.35783 9.934963 4.603211 4.095583 6.378141 7.228702 7.8726 10.92606
2.895493 -30.35783 9.934963 5.315354 6.298244 5.185831 6.414549 5.865963 10.18599
-1.104507 -30.35783 9.934963 -1.902518 -2.026757 -2.945892 -2.808246 -2.024355 -1.861911
-3.104507 -30.35783 9.934963 -2.705533 -3.416309 -2.37398 -2.263916 -1.648698 -2.044686
4.895493 -32.35783 9.934963 1.559073 0.389785 3.53725 4.787467 4.60704 5.456342
2.895493 -32.35783 9.934963 4.264251 6.585209 6.125033 8.557955 8.357455 12.04541
-1.104507 -32.35783 9.934963 0.551212 1.187561 -0.324893 0.14361 -2.623053 -2.033186
-3.104507 -32.35783 9.934963 -2.213836 -2.646074 -0.650732 -0.369337 -3.234386 -3.576449
4.895493 -34.35783 9.934963 2.647468 1.24306 1.329782 0.920989 3.247174 3.417854
2.895493 -34.35783 9.934963 4.613734 5.299235 1.758609 2.58586 3.052504 4.503455
-1.104507 -34.35783 9.934963 0.592173 1.325635 -0.68428 -0.695166 -2.520618 -2.000933
-3.104507 -34.35783 9.934963 -0.943442 -1.03777 -0.034774 0.187746 -1.746361 -1.896958
6.895493 -36.35783 9.934963 1.022217 0.604942 -0.260749 0.143268 -0.375346 -0.091671
2.895493 -36.35783 9.934963 1.638788 1.871285 1.72938 2.06151 1.029301 2.239123
-1.104507 -36.35783 9.934963 1.632466 1.966849 -0.429984 -0.911322 1.33988 2.248595
8.895493 -38.35783 9.934963 -2.326253 -3.286258 -0.29124 -0.104618 -0.23239 -0.932779
6.895493 -38.35783 9.934963 1.792958 2.219781 0.504662 1.190991 -0.282273 -0.194534
4.895493 -38.35783 9.934963 0.685592 1.120175 -1.124379 -1.342008 -0.343135 0.106999
2.895493 -38.35783 9.934963 -1.147609 -1.047534 0.116559 0.594499 -0.021407 0.225224
-1.104507 -38.35783 9.934963 -1.50571 -1.253764 -2.229358 -1.852345 0.013109 0.524188
-3.104507 -38.35783 9.934963 -1.198199 -1.655909 -1.745291 -1.425138 -0.628766 -0.40845
-5.104507 -38.35783 9.934963 1.313408 0.556396 -2.003818 -2.610669 0.139766 -0.496807
-7.104507 -38.35783 9.934963 0.302746 -0.933468 -1.069581 -1.896265 1.318181 0.226274
8.895493 -40.35783 9.934963 -1.046469 -1.911598 1.203645 1.030967 -0.366826 -1.632916
6.895493 -40.35783 9.934963 2.131541 1.757484 1.811126 1.72903 0.328697 -0.134908
4.895493 -40.35783 9.934963 0.501054 0.556596 -1.092543 -2.003048 0.54117 0.832919
-3.104507 -40.35783 9.934963 -0.016818 0.290165 0.753408 1.55541 0.159177 0.719077
-5.104507 -40.35783 9.934963 0.713641 0.832317 0.279574 0.588768 0.585171 0.061687
-3.104507 -14.35783 11.93496 -0.815065 -0.844512 0.294717 0.486488 -3.409206 -2.487876
-5.104507 -14.35783 11.93496 0.374412 -0.415767 1.18302 1.1515 -0.876523 -1.532036
-7.104507 -14.35783 11.93496 -2.044976 -1.923696 -1.79783 -1.469217 -1.939976 -1.975676
-9.104507 -14.35783 11.93496 -2.317844 -1.945558 -3.523002 -3.186947 -3.28683 -2.527078
4.895493 -16.35783 11.93496 -3.029006 -2.165442 0.521572 1.119734 -1.722327 0.326936
-1.104507 -16.35783 11.93496 -0.261411 0.474184 1.189075 1.646761 -2.750946 -1.34328
-3.104507 -16.35783 11.93496 -1.875012 -1.031934 -0.247574 0.786069 -3.717036 -2.482451
-5.104507 -16.35783 11.93496 -3.283388 -2.518547 -2.176449 -1.154744 -2.582251 -1.705766
-7.104507 -16.35783 11.93496 -4.298688 -3.200977 -3.592122 -2.950372 -1.46707 -1.407569
-9.104507 -16.35783 11.93496 -3.076433 -2.68292 -2.781079 -1.949 -1.385597 -1.419343
6.895493 -18.35783 11.93496 1.767504 2.957111 1.660508 2.69788 -0.208759 1.627831
4.895493 -18.35783 11.93496 -0.367124 0.060039 2.812759 3.316028 0.467739 1.502776
2.895493 -18.35783 11.93496 2.476606 2.681771 0.197334 0.028281 0.349419 2.187173
-3.104507 -18.35783 11.93496 1.004489 2.002676 0.259753 0.954013 -1.131806 -0.075968
-7.104507 -18.35783 11.93496 -6.167501 -6.556128 -3.394159 -3.120478 -2.883795 -3.074786
4.895493 -20.35783 11.93496 3.711666 3.845068 3.450059 3.941738 2.39132 2.272426
2.895493 -20.35783 11.93496 4.617524 5.590706 1.898898 2.837004 1.191349 2.941656
-3.104507 -20.35783 11.93496 1.673118 3.091934 -1.196457 -0.677984 0.225683 0.051597
-5.104507 -20.35783 11.93496 -3.951775 -2.712123 -3.907995 -3.318717 -3.598551 -2.809409
-7.104507 -20.35783 11.93496 -5.472315 -5.49048 -1.769032 -1.010789 -4.05745 -3.482753
8.895493 -22.35783 11.93496 2.118042 4.010226 0.235204 1.374554 -2.421136 -2.070904
6.895493 -22.35783 11.93496 2.934562 4.368143 2.253454 2.890467 -0.329459 -0.907058
4.895493 -22.35783 11.93496 1.896417 2.509484 3.699303 4.929529 0.826062 -0.071022
2.895493 -22.35783 11.93496 1.327188 1.56173 1.144413 1.710296 1.101811 0.634117
-1.104507 -22.35783 11.93496 -0.619596 -0.065882 -0.398934 0.139525 1.143273 2.22095
-3.104507 -22.35783 11.93496 -1.882709 -0.815431 -1.663608 -1.116762 -0.542913 -0.327577
-5.104507 -22.35783 11.93496 -4.084403 -2.576964 -4.26429 -3.693086 -4.297949 -2.68182
-7.104507 -22.35783 11.93496 -1.930073 -1.611018 -1.120949 -0.73064 -2.384325 -1.900005
8.895493 -24.35783 11.93496 -1.194316 0.31627 -1.532677 -0.52464 -4.574494 -4.273798
6.895493 -24.35783 11.93496 -0.999514 0.140687 -0.187553 0.543986 -2.139606 -2.4959
4.895493 -24.35783 11.93496 -2.139716 -1.468763 1.067352 2.580371 -0.98251 -1.386413
0.895493 -24.35783 11.93496 -2.948076 -2.790791 -1.363804 -1.421179 -0.286465 0.306707
-1.104507 -24.35783 11.93496 -3.194725 -2.902667 0.164697 0.523912 -0.813858 0.72021
8.895493 -26.35783 11.93496 -4.893334 -4.573434 -1.632967 -0.818019 -2.04389 -0.908288
6.895493 -26.35783 11.93496 -3.662376 -3.378484 -0.243318 0.506867 -0.816721 -0.713287
4.895493 -26.35783 11.93496 -3.672609 -4.043962 1.771408 2.220564 -0.166579 -0.62665
-1.104507 -26.35783 11.93496 -1.884223 -1.927747 -2.033606 -2.2423 -0.004943 0.896247
-3.104507 -26.35783 11.93496 -3.040804 -2.242951 -0.305292 1.250938 -1.590537 0.123778
8.895493 -28.35783 11.93496 -3.507382 -3.413711 -2.252731 -2.056703 -2.620145 -1.444238
6.895493 -28.35783 11.93496 -1.78257 -1.678969 1.651345 2.412188 -0.895035 0.114527
-1.104507 -28.35783 11.93496 -3.520184 -4.060884 -4.39289 -4.890237 -1.616264 -1.885331
-3.104507 -28.35783 11.93496 -4.523767 -4.085108 -3.759465 -2.814387 -1.83247 -1.3181
-5.104507 -28.35783 11.93496 -2.309745 -1.241443 -2.37232 -1.440072 -1.786698 -0.48793
6.895493 -30.35783 11.93496 0.051838 -0.447738 0.289965 0.346885 -1.27251 -1.488735
4.895493 -30.35783 11.93496 2.164254 1.060907 2.129738 2.022802 2.69012 2.909137
-1.104507 -30.35783 11.93496 -4.669632 -5.338307 -5.765076 -5.966281 -4.676125 -4.875091
-3.104507 -30.35783 11.93496 -4.610446 -5.064365 -4.85951 -4.9787 -3.185198 -3.347602
-5.104507 -30.35783 11.93496 -3.075681 -2.941965 -2.771875 -2.891709 -2.139296 -2.530521
6.895493 -32.35783 11.93496 0.615926 -0.207908 0.714822 0.612409 0.761766 1.518964
4.895493 -32.35783 11.93496 2.602694 1.695907 0.446833 0.714346 2.618085 3.98268
2.895493 -32.35783 11.93496 3.634493 4.018035 2.766072 3.799322 5.063462 7.311871
-1.104507 -32.35783 11.93496 -2.979142 -2.715371 -3.599308 -3.844259 -3.738268 -2.917635
-3.104507 -32.35783 11.93496 -2.490576 -3.377474 -3.13871 -4.025534 -2.880087 -3.668706
-5.104507 -32.35783 11.93496 -3.556468 -3.524928 -3.958025 -4.107136 -3.809343 -4.490622
4.895493 -34.35783 11.93496 1.355636 0.155966 1.331776 1.048573 2.96928 3.524583
2.895493 -34.35783 11.93496 3.316147 2.920527 2.779457 3.548882 4.022698 5.380465
-1.104507 -34.35783 11.93496 0.343686 0.676175 0.177036 0.120372 -1.063951 0.006066
-3.104507 -34.35783 11.93496 0.86102 0.012761 -0.085185 -0.164327 -0.3054 -0.967355
-5.104507 -34.35783 11.93496 -1.000864 -1.777677 -2.466279 -2.864608 -1.539525 -2.176923
4.895493 -36.35783 11.93496 1.431507 0.752649 1.837581 1.954232 2.612912 3.493864
2.895493 -36.35783 11.93496 0.649683 -0.6285 2.182805 2.750312 4.9486 6.113568
-1.104507 -36.35783 11.93496 0.867475 0.689523 1.02088 1.049951 3.266842 4.485424
-3.104507 -36.35783 11.93496 0.291881 -0.324358 1.15866 1.738991 1.115372 1.513538
8.895493 -38.35783 11.93496 0.230915 -0.528152 0.197369 -0.097575 2.33789 1.945058
6.895493 -38.35783 11.93496 1.171828 0.529885 0.189143 0.345343 1.585853 1.492415
4.895493 -38.35783 11.93496 1.355301 1.034779 0.559531 0.538078 0.35115 0.458243
2.895493 -38.35783 11.93496 -1.30497 -1.240216 0.889704 1.595356 0.733382 1.078953
-1.104507 -38.35783 11.93496 -2.555769 -2.218102 -3.191823 -2.795651 -0.848065 0.826705
-3.104507 -38.35783 11.93496 -1.770513 -2.077014 -1.796397 -1.028305 -1.652807 -1.585728
8.895493 -40.35783 11.93496 3.0182 3.374602 2.776372 2.65465 2.191385 2.542614
6.895493 -40.35783 11.93496 1.173061 0.941841 0.861646 1.009107 1.608839 1.821188
4.895493 -40.35783 11.93496 0.368806 0.010356 -0.992479 -1.290828 0.435804 0.593525
2.895493 -40.35783 11.93496 -0.784212 -0.590957 -1.303591 -1.609945 -0.395205 -0.503959
-3.104507 -40.35783 11.93496 0.651155 2.730071 -0.176261 0.73325 -0.446206 1.53053
-5.104507 -40.35783 11.93496 0.847759 1.826944 1.485436 2.211111 0.267613 0.188578
-7.104507 -40.35783 11.93496 0.836683 1.571344 0.809616 1.128164 2.042575 2.718014
8.895493 -42.35783 11.93496 2.2809 4.036462 2.33819 3.457109 2.576573 4.728324
-5.104507 -42.35783 11.93496 0 0 0 0 0 0
-7.104507 -14.35783 13.93496 0.061911 0.510474 1.620286 2.660824 -2.892734 -3.112192
0.895493 -16.35783 13.93496 2.249578 1.896125 2.360465 3.183497 0.163664 0.858232
-1.104507 -16.35783 13.93496 -0.920331 -0.0981 1.27923 2.516044 -1.169863 0.455867
-3.104507 -16.35783 13.93496 -0.202864 0.614976 0.344903 1.263483 -0.369256 0.971792
-5.104507 -16.35783 13.93496 -1.32121 -1.032464 -0.639653 0.852168 -1.593469 -0.840957
-7.104507 -16.35783 13.93496 -3.601708 -3.212871 -2.274879 -0.909685 -1.950835 -2.11386
-9.104507 -16.35783 13.93496 -2.290419 -2.459555 -2.127543 -1.212167 -2.474897 -2.418091
10.89549 -18.35783 13.93496 -1.149712 0.685815 0.141896 0.250092 1.816865 4.075801
8.895493 -18.35783 13.93496 -0.213511 1.384355 -0.951554 -0.556607 1.475718 4.224695
0.895493 -18.35783 13.93496 1.912035 1.559735 3.255963 4.526702 -1.063003 0.305977
-1.104507 -18.35783 13.93496 -0.689546 -0.094042 1.932134 3.313171 -0.582745 1.050738
-3.104507 -18.35783 13.93496 0.384163 1.146341 1.70179 2.963561 0.18905 1.288946
-5.104507 -18.35783 13.93496 -1.25933 -0.960826 0.019749 0.986767 -1.032092 -0.645692
-9.104507 -18.35783 13.93496 -3.040344 -3.881435 -3.121923 -2.387507 -2.856146 -3.184068
8.895493 -20.35783 13.93496 0.914478 1.545735 1.977014 2.359118 1.691588 2.424898
6.895493 -20.35783 13.93496 3.236427 3.272835 1.831994 1.924477 1.158486 0.802411
4.895493 -20.35783 13.93496 4.063519 3.946325 2.692591 3.176229 1.001749 0.387004
2.895493 -20.35783 13.93496 5.384389 6.270384 6.241975 8.094875 0.528383 1.436469
-1.104507 -20.35783 13.93496 1.470648 1.957484 0.110603 1.348207 0.246133 1.571615
-3.104507 -20.35783 13.93496 2.243838 4.290922 0.723789 2.11615 0.520351 1.463657
-7.104507 -20.35783 13.93496 -4.236041 -3.760564 -2.537793 -2.133774 -3.926378 -3.557804
-9.104507 -20.35783 13.93496 -3.473367 -4.265628 -2.826034 -2.810018 -1.53887 -2.13523
4.895493 -22.35783 13.93496 2.624784 2.517053 6.337293 7.456272 1.838639 1.038887
2.895493 -22.35783 13.93496 2.339173 3.526205 5.572889 7.088973 1.040403 1.804345
-7.104507 -22.35783 13.93496 -1.95392 -1.117045 -1.4251 -1.098412 -4.561343 -4.187424
-9.104507 -22.35783 13.93496 -3.171099 -3.294331 -0.798077 -0.800714 -3.684905 -3.887343
6.895493 -24.35783 13.93496 -0.97274 0.618487 1.832535 3.085655 -0.549909 0.195485
4.895493 -24.35783 13.93496 -0.936929 -0.304828 4.102639 6.286691 -0.191863 0.415767
2.895493 -24.35783 13.93496 -0.292836 1.128667 1.736165 2.039939 0.337732 1.513776
-1.104507 -24.35783 13.93496 -1.530836 -0.787308 0.842012 1.180729 -1.545669 0.048002
-3.104507 -24.35783 13.93496 -3.083589 -2.598892 -0.407772 0.429022 -3.236099 -2.13832
-5.104507 -24.35783 13.93496 -2.740738 -2.492594 -3.432856 -2.783722 -4.305364 -3.262648
-7.104507 -24.35783 13.93496 -3.878409 -3.941041 -2.521126 -2.078883 -4.56007 -4.393006
6.895493 -26.35783 13.93496 -1.955593 -0.97599 -0.096362 0.922561 -0.233743 0.979168
4.895493 -26.35783 13.93496 -2.440474 -2.11583 2.178128 3.426043 -0.910993 -0.012044
-1.104507 -26.35783 13.93496 -2.20624 -1.192296 0.201141 0.631764 -2.891666 -2.023784
-3.104507 -26.35783 13.93496 -5.10359 -4.692839 -0.376788 1.409597 -4.408041 -3.21642
-5.104507 -26.35783 13.93496 -2.599891 -3.373482 -1.851327 -0.650334 -2.443988 -1.967516
6.895493 -28.35783 13.93496 -0.490689 0.216682 1.173894 1.312995 0.104179 1.919966
4.895493 -28.35783 13.93496 0.840343 1.269605 3.00852 2.560178 -0.219893 0.861797
-1.104507 -28.35783 13.93496 -6.177632 -5.172211 -1.356226 -0.866226 -4.950108 -3.388089
-3.104507 -28.35783 13.93496 -5.140738 -4.593592 -0.681212 0.866875 -3.415069 -3.231992
6.895493 -30.35783 13.93496 0.835126 0.834208 -0.392215 -1.183163 -0.733782 -0.964941
4.895493 -30.35783 13.93496 2.66212 2.567212 0.649776 -0.076503 0.576124 0.770184
2.895493 -30.35783 13.93496 3.127943 3.068175 2.602934 2.664861 0.205187 0.908883
-1.104507 -30.35783 13.93496 -4.565609 -4.752472 -4.995823 -5.737692 -5.559793 -4.81427
-3.104507 -30.35783 13.93496 -3.104286 -3.432817 -3.433658 -4.252132 -2.536391 -2.777485
-5.104507 -30.35783 13.93496 -1.763538 -1.879842 -3.046142 -3.830078 -0.011098 -0.198201
6.895493 -32.35783 13.93496 0.92044 1.73947 -1.617975 -1.484839 -0.692411 0.768223
4.895493 -32.35783 13.93496 3.338766 3.166338 -1.399511 -1.664684 1.099815 3.023827
-1.104507 -32.35783 13.93496 -1.451876 -0.775344 -4.843409 -5.869016 -3.439397 -1.947859
-3.104507 -32.35783 13.93496 -1.155999 -1.701031 -4.610206 -5.913952 -1.641247 -1.783388
6.895493 -34.35783 13.93496 -0.393967 0.607767 2.483967 3.76156 1.330427 2.834461
4.895493 -34.35783 13.93496 0.84108 1.949249 1.054197 1.797692 1.964948 3.72221
-1.104507 -34.35783 13.93496 -0.172046 0.073738 0.027928 0.099041 -1.751271 -0.802491
-3.104507 -34.35783 13.93496 0.590578 0.281119 -0.960628 -0.713778 -0.869068 -1.259471
-5.104507 -34.35783 13.93496 -0.642975 -1.423844 -3.194887 -3.664374 -0.958976 -1.472422
6.895493 -36.35783 13.93496 1.165426 1.378311 2.973951 3.081252 1.845904 2.519078
4.895493 -36.35783 13.93496 2.209637 3.608059 2.358067 2.719698 2.952169 4.745185
-3.104507 -36.35783 13.93496 1.960702 0.889152 2.45528 2.751462 1.534883 1.128998
10.89549 -38.35783 13.93496 -0.435331 0.628295 -0.866937 0.012885 1.762589 3.018121
6.895493 -38.35783 13.93496 0.704425 0.3968 1.485424 1.756805 1.343752 1.518372
4.895493 -38.35783 13.93496 0.853475 0.410657 2.469575 2.954813 1.665467 1.67827
-3.104507 -38.35783 13.93496 0.120819 -0.42579 0.894851 1.005022 0.920265 0.363847
10.89549 -40.35783 13.93496 -0.21529 1.489495 -0.331464 0.274668 0.458136 1.161174
8.895493 -40.35783 13.93496 2.368618 4.034117 1.922097 2.49963 0.954104 2.031789
6.895493 -40.35783 13.93496 -0.077811 -0.040698 1.539077 2.486881 -0.261809 -0.346105
4.895493 -40.35783 13.93496 -0.287005 -0.969481 0.971526 1.617163 0.405778 -0.15564
-3.104507 -40.35783 13.93496 -1.278123 0.41375 -1.751066 -1.325155 -0.720026 0.768257
-5.104507 -40.35783 13.93496 -0.458542 0.9901 1.21485 2.303609 -1.290021 -0.862393
8.895493 -42.35783 13.93496 2.278901 2.56322 1.125015 1.867758 2.880291 3.361734
6.895493 -42.35783 13.93496 1.574159 1.728667 1.025897 2.105949 3.122671 3.52124
4.895493 -42.35783 13.93496 1.027272 -0.235894 1.540421 2.172704 2.270381 1.155191
-5.104507 -42.35783 13.93496 0 0 0 0 0 0
-1.104507 -14.35783 15.93496 0.035823 1.183618 -1.221467 -0.58165 1.347473 2.708242
-3.104507 -14.35783 15.93496 -0.240978 1.542994 -0.974462 -0.689323 0.182552 1.649159
10.89549 -16.35783 15.93496 -5.016073 -5.316976 -2.517627 -2.014711 -2.716299 -2.128895
0.895493 -16.35783 15.93496 -0.887164 -1.619797 2.368209 3.303577 2.237193 1.262603
-1.104507 -16.35783 15.93496 -2.036398 -1.360748 0.103824 1.142587 -0.65489 -0.592868
10.89549 -18.35783 15.93496 -4.558596 -3.536751 0.143089 1.280236 0.227959 2.345026
0.895493 -18.35783 15.93496 -0.940775 0.26988 1.40138 3.263247 -0.926068 -0.350506
-1.104507 -18.35783 15.93496 -1.860902 -0.352417 -0.0276 0.87324 -3.486038 -3.46826
-3.104507 -18.35783 15.93496 -2.16905 -1.562831 -1.08794 -0.714929 -1.751242 -2.251647
-5.104507 -18.35783 15.93496 -3.201194 -3.631792 0.530801 0.695267 -0.900934 -1.829989
-7.104507 -18.35783 15.93496 -0.065319 -0.188663 0.789323 0.786365 0.12813 -0.195718
-9.104507 -18.35783 15.93496 -0.086561 -1.10145 -1.148453 -1.786064 -0.268731 -1.470834
10.89549 -20.35783 15.93496 -0.696791 0.271183 3.518296 5.279767 2.445598 4.210907
8.895493 -20.35783 15.93496 0.802737 1.857541 3.863773 5.169121 2.66531 3.554399
6.895493 -20.35783 15.93496 -0.986386 -0.666487 1.218852 2.115716 0.168517 -0.132045
-1.104507 -20.35783 15.93496 -2.280886 -1.010406 0.119953 1.72654 -2.448203 -2.089017
-3.104507 -20.35783 15.93496 -0.441712 1.105522 1.82014 3.68644 0.268051 1.062183
-5.104507 -20.35783 15.93496 -1.141035 -0.623955 2.323593 3.21358 1.255022 1.607145
-7.104507 -20.35783 15.93496 -0.91906 -0.446037 -0.400721 -0.716005 -0.321965 -0.084479
-9.104507 -20.35783 15.93496 -1.000941 -1.811396 -1.610153 -2.189682 0.403286 -0.513985
-11.10451 -20.35783 15.93496 0.961842 -0.319208 -0.4318 -0.761317 0.06492 -0.512116
10.89549 -22.35783 15.93496 0.163516 1.724546 2.510604 3.782499 1.173809 3.887652
8.895493 -22.35783 15.93496 -2.348336 -0.931022 2.607184 3.673269 0.740932 2.410433
6.895493 -22.35783 15.93496 -5.025755 -4.448603 2.074342 3.470578 -1.814522 -1.650558
4.895493 -22.35783 15.93496 -3.029947 -2.770113 0.380897 1.207621 -2.177719 -2.047422
-1.104507 -22.35783 15.93496 -0.555071 1.018873 0.708144 2.420579 0.941032 1.831794
-3.104507 -22.35783 15.93496 0.137349 1.175795 1.464108 2.864022 0.688043 1.717293
-5.104507 -22.35783 15.93496 1.116659 1.915274 1.587466 2.247219 -2.048573 -1.618941
-9.104507 -22.35783 15.93496 -1.89583 -1.794507 -1.082969 -0.775805 -2.141551 -1.893378
-11.10451 -22.35783 15.93496 -0.675637 -1.257729 1.283717 1.529874 -0.963409 -1.371637
6.895493 -24.35783 15.93496 -3.163828 -1.44721 1.06333 2.880085 -2.542389 -0.368663
4.895493 -24.35783 15.93496 -1.23339 0.081136 0.546009 1.929959 -2.353241 -1.158723
-1.104507 -24.35783 15.93496 0.909326 1.462801 0.309416 0.471631 0.856907 0.505636
-3.104507 -24.35783 15.93496 -0.344946 -1.088737 -0.469967 -0.292068 -0.860116 -1.340475
-9.104507 -24.35783 15.93496 -4.466634 -4.444562 -0.698447 0.562133 -4.012924 -2.883933
-11.10451 -24.35783 15.93496 -3.290161 -2.9603 1.344133 2.276826 -2.717291 -2.270013
8.895493 -26.35783 15.93496 -0.918836 -0.46024 -0.74319 -0.425969 0.002192 2.594464
6.895493 -26.35783 15.93496 -0.881445 0.227717 1.380884 2.610281 0.229172 2.615218
4.895493 -26.35783 15.93496 0.271305 1.319687 2.028317 3.39495 -0.610532 0.663192
-3.104507 -26.35783 15.93496 -1.658799 -1.94377 0.009131 1.114343 -1.978763 -2.101857
-5.104507 -26.35783 15.93496 1.366235 -0.032616 2.208875 2.850302 -0.243212 -1.022469
-7.104507 -26.35783 15.93496 -1.284788 -1.879662 1.102178 1.976781 -2.729754 -2.848473
-9.104507 -26.35783 15.93496 -4.90109 -4.803401 1.827343 4.11571 -3.462763 -1.87873
8.895493 -28.35783 15.93496 -0.142129 -0.352386 0.18201 -0.486236 2.008337 3.062937
6.895493 -28.35783 15.93496 1.033797 1.660457 1.422463 1.265935 1.952347 3.498016
4.895493 -28.35783 15.93496 2.683095 3.116777 1.450675 1.618307 -0.682639 0.104167
-1.104507 -28.35783 15.93496 -4.90413 -3.000963 -1.783468 -0.781268 -5.539888 -4.024313
-3.104507 -28.35783 15.93496 -2.62741 -1.431837 -0.532599 0.777172 -2.588378 -2.184881
-5.104507 -28.35783 15.93496 0.364426 1.048234 2.379137 3.46077 0.742139 0.715102
-7.104507 -28.35783 15.93496 -0.326708 0.434839 2.609054 3.634906 -0.760295 -0.316395
-9.104507 -28.35783 15.93496 0.722079 1.584697 5.010183 6.547046 -0.873004 -0.266252
6.895493 -30.35783 15.93496 -0.041752 0.555187 -0.926937 -1.398529 -0.43266 -0.514782
4.895493 -30.35783 15.93496 1.726272 2.351959 -0.767923 -1.20522 -0.6283 0.126079
-1.104507 -30.35783 15.93496 -3.524924 -1.785996 -2.29073 -2.130921 -4.546522 -2.635008
-3.104507 -30.35783 15.93496 -1.580642 -0.444272 -0.363352 -0.479566 -0.468061 -0.280203
-5.104507 -30.35783 15.93496 -2.436339 -1.129346 0.679863 0.509016 1.044358 1.348179
-7.104507 -30.35783 15.93496 -2.255423 -0.852416 0.684793 0.65023 0.004242 0.924685
-9.104507 -30.35783 15.93496 2.309307 2.887753 2.33176 1.72612 0.286137 0.525285
6.895493 -32.35783 15.93496 -1.160057 0.897251 -3.082467 -1.640059 -2.23876 0.273564
4.895493 -32.35783 15.93496 -0.265734 1.350793 -2.110147 -1.029379 -1.958998 0.933384
2.895493 -32.35783 15.93496 0.474568 1.60312 -0.672243 0.3042 -1.585982 0.702523
-1.104507 -32.35783 15.93496 1.626577 3.357091 0.019017 -0.039986 -1.227558 0.77082
-3.104507 -32.35783 15.93496 0.032551 0.62097 -0.916363 -1.301068 0.497468 1.443243
-5.104507 -32.35783 15.93496 -2.415731 -2.488577 -1.464398 -2.575453 0.036477 0.514758
-7.104507 -32.35783 15.93496 -2.673866 -2.355967 -1.429654 -2.580208 -0.876355 -0.01454
6.895493 -34.35783 15.93496 -2.615342 -0.389703 -0.593904 1.396607 -1.550903 0.7069
4.895493 -34.35783 15.93496 -2.023217 -0.16878 -0.651674 0.905105 -2.164832 -0.339705
2.895493 -34.35783 15.93496 -1.785653 -1.257635 0.118355 0.864989 -1.233376 -0.568637
-1.104507 -34.35783 15.93496 0.531007 2.040107 2.088721 3.782582 -0.474516 1.006916
-3.104507 -34.35783 15.93496 -0.084378 0.308928 0.012316 0.585166 -0.599713 0.2442
6.895493 -36.35783 15.93496 -0.34348 0.525407 0.232194 0.495685 -0.092169 0.820699
4.895493 -36.35783 15.93496 1.151783 2.912267 1.724692 2.309186 0.305422 1.651184
2.895493 -36.35783 15.93496 1.794542 2.590667 2.348663 2.581223 3.406838 4.55582
-1.104507 -36.35783 15.93496 0.679674 1.680673 2.031456 3.335386 1.613838 2.398322
-3.104507 -36.35783 15.93496 -0.07055 0.279736 0.986007 1.410247 -0.883374 -0.49935
6.895493 -38.35783 15.93496 -0.465193 -0.2978 0.891396 1.185351 1.17963 1.233356
4.895493 -38.35783 15.93496 -0.944971 -0.880467 0.951501 1.663021 1.274022 1.365284
2.895493 -38.35783 15.93496 1.454931 1.679285 2.370429 3.080305 2.94842 3.687061
-1.104507 -38.35783 15.93496 2.367825 2.671151 2.436189 2.20129 4.94995 6.575543
-3.104507 -38.35783 15.93496 1.749639 2.725944 1.21009 1.257863 2.534611 3.050227
10.89549 -40.35783 15.93496 0.88918 3.428082 1.222737 3.37352 -0.5763 1.462806
8.895493 -40.35783 15.93496 3.08887 5.415602 2.515479 4.073404 -0.465955 1.859578
6.895493 -40.35783 15.93496 2.338434 2.45557 3.606302 4.22861 -0.078696 -0.226404
4.895493 -40.35783 15.93496 1.703087 1.569069 3.717345 4.266325 1.988814 1.927006
2.895493 -40.35783 15.93496 2.980967 4.200418 2.760137 3.316273 2.204419 3.67752
-3.104507 -40.35783 15.93496 0.323817 -0.285416 -1.880973 -2.641561 2.388392 2.717812
-5.104507 -40.35783 15.93496 0.416044 0.651072 0.916795 1.312571 0.029253 0.347843
8.895493 -42.35783 15.93496 3.318734 4.107676 2.748378 3.658187 1.222175 1.665518
6.895493 -42.35783 15.93496 2.277925 3.572717 4.079567 5.08118 2.109318 2.940423
4.895493 -42.35783 15.93496 2.009929 3.088239 4.566399 5.649436 2.537148 3.396809
-5.104507 -42.35783 15.93496 0 0 0 0 0 0
10.89549 -14.35783 17.93496 1.643792 0.817961 1.717917 1.830137 2.305969 1.863743
-1.104507 -14.35783 17.93496 -2.008478 -1.592655 -2.314413 -1.291156 0.053714 0.455471
-3.104507 -14.35783 17.93496 -2.305073 -1.601245 -0.872249 -0.649955 0.404852 1.366629
-5.104507 -14.35783 17.93496 -2.811603 -2.352831 -0.44105 -0.150525 -0.787822 1.191287
-7.104507 -14.35783 17.93496 -1.276175 -0.786461 -0.544794 -0.07809 -2.514277 -0.736612
10.89549 -16.35783 17.93496 -3.205224 -4.929318 -0.668202 -0.590809 -0.028452 -0.745527
0.895493 -16.35783 17.93496 1.105947 1.610455 0.004627 1.343262 2.901675 3.384285
-1.104507 -16.35783 17.93496 -1.702258 -2.677314 -2.838799 -3.550292 0.063084 -0.760513
-3.104507 -16.35783 17.93496 -3.136215 -3.201476 -2.93447 -3.382591 0.039911 0.73821
12.89549 -18.35783 17.93496 -2.936624 -3.228654 -0.259881 -0.787444 -2.406671 -3.218043
10.89549 -18.35783 17.93496 -3.663369 -3.739961 -0.311739 0.534702 -0.340798 0.435095
0.895493 -18.35783 17.93496 0.761137 2.464093 -1.898955 -1.260312 -1.294662 0.869322
-1.104507 -18.35783 17.93496 -2.92287 -1.08241 -1.966129 -2.196893 -5.694399 -4.884756
-3.104507 -18.35783 17.93496 -3.077283 -2.168592 -2.181959 -1.913891 -2.76006 -2.271151
12.89549 -20.35783 17.93496 -1.646726 -1.10141 1.61384 2.210213 0.27137 0.997788
0.895493 -20.35783 17.93496 -2.177095 -0.310309 0.015876 1.085741 -2.360838 -0.800275
-1.104507 -20.35783 17.93496 -5.778923 -3.721779 -0.663981 0.900997 -5.183958 -4.228162
-9.104507 -20.35783 17.93496 -0.374612 -0.713275 -0.767133 -1.155435 0.648285 0.989716
12.89549 -22.35783 17.93496 -1.596907 -1.860869 0.903052 1.059389 1.017637 0.818958
10.89549 -22.35783 17.93496 -2.163764 -0.936861 2.480527 3.823733 0.510585 2.442615
6.895493 -22.35783 17.93496 -4.599922 -4.143606 -0.503278 0.981192 -0.773586 -0.589971
0.895493 -22.35783 17.93496 -1.817781 -0.247813 -0.189422 0.538917 -1.858191 -0.170199
-1.104507 -22.35783 17.93496 -2.51304 -1.210148 -0.20403 1.411099 -1.795866 -1.020792
-7.104507 -22.35783 17.93496 1.804923 2.051892 0.772662 0.333472 1.65803 2.627555
-9.104507 -22.35783 17.93496 0.719523 0.652834 -0.369159 -0.206503 1.137349 2.090451
-11.10451 -22.35783 17.93496 -0.567354 -1.142322 1.016345 1.506183 0.382567 0.880569
10.89549 -24.35783 17.93496 -3.399841 -1.791049 0.168271 1.169449 0.036739 2.990611
8.895493 -24.35783 17.93496 -3.819708 -1.413361 -2.239207 -0.311634 -2.333049 1.527185
6.895493 -24.35783 17.93496 -5.014929 -2.91487 -2.49718 -0.088955 -2.609423 0.575618
4.895493 -24.35783 17.93496 -1.233 0.183652 -0.71966 -0.12166 -0.431196 0.501299
-1.104507 -24.35783 17.93496 -0.4686 -0.134923 -1.794766 -2.291977 -0.938416 -1.807711
-3.104507 -24.35783 17.93496 -0.706514 -0.682066 -2.688065 -2.772217 -0.832742 -1.105341
-5.104507 -24.35783 17.93496 -0.572539 -0.221264 -0.240056 0.536387 -1.601665 -0.971729
-7.104507 -24.35783 17.93496 1.223896 1.013564 0.704805 0.85726 -0.196744 0.193413
-11.10451 -24.35783 17.93496 -2.786517 -2.459826 0.35919 1.303393 -0.90688 0.346023
6.895493 -26.35783 17.93496 -3.446713 -1.105946 0.222213 2.992402 -1.56366 1.631225
4.895493 -26.35783 17.93496 -0.720756 0.862185 2.719597 4.00221 0.78429 2.130256
-3.104507 -26.35783 17.93496 -0.732188 -0.852829 -1.095867 -0.70669 0.694355 1.241255
-11.10451 -26.35783 17.93496 -1.872773 -0.421197 1.404501 3.262629 -1.299996 0.852972
6.895493 -28.35783 17.93496 -0.074282 2.281143 2.461867 5.071804 -1.098851 0.105103
4.895493 -28.35783 17.93496 1.714534 3.161591 3.699169 5.169488 0.164228 0.150381
2.895493 -28.35783 17.93496 0.706021 1.657566 2.890624 4.832276 0.491577 1.265433
-3.104507 -28.35783 17.93496 -0.158094 1.649566 -0.4715 1.232796 -1.964897 -0.43849
-9.104507 -28.35783 17.93496 0.943315 3.850624 4.785358 7.740641 -2.720783 -1.217502
-11.10451 -28.35783 17.93496 1.377862 3.88133 4.655465 7.106893 -1.850093 -0.266097
6.895493 -30.35783 17.93496 1.063616 2.962835 1.301817 3.053671 -2.356546 -1.999248
4.895493 -30.35783 17.93496 1.569503 3.242079 0.553629 1.359102 -2.460519 -2.391354
2.895493 -30.35783 17.93496 1.503497 3.293925 0.539496 2.467844 -0.250089 1.177443
-3.104507 -30.35783 17.93496 -0.94242 1.333285 1.426591 3.511358 -3.114167 -1.874524
-7.104507 -30.35783 17.93496 -0.663596 2.011111 2.414769 4.197885 -3.711013 -2.406807
-9.104507 -30.35783 17.93496 2.300701 4.787595 3.240547 4.514658 -3.054524 -2.14745
6.895493 -32.35783 17.93496 -0.086547 1.382752 -1.303148 0.009352 -1.768094 0.265352
4.895493 -32.35783 17.93496 0.315409 1.539882 -2.064201 -1.237661 -3.098259 -1.051813
2.895493 -32.35783 17.93496 0.267186 0.470109 -0.787556 -0.458256 -1.306794 -0.325913
-3.104507 -32.35783 17.93496 -1.079735 0.351275 0.888812 1.587479 -2.593665 -0.236376
-7.104507 -32.35783 17.93496 -1.970568 -0.961631 -1.374182 -1.510123 -2.309489 -1.165905
-9.104507 -32.35783 17.93496 -0.633014 0.227733 -2.019738 -2.288833 -2.196215 -1.678189
4.895493 -34.35783 17.93496 1.980392 2.793076 0.503338 0.821714 -0.606619 1.353094
2.895493 -34.35783 17.93496 1.272447 1.583182 1.9996 2.810005 0.352702 1.990566
-1.104507 -34.35783 17.93496 -2.204477 0.155207 3.727053 6.018527 -2.829215 0.510455
-3.104507 -34.35783 17.93496 0.041183 0.483717 1.912603 2.436208 -1.504103 -0.117855
-5.104507 -34.35783 17.93496 0.978915 0.529932 0.066279 -0.392485 -0.717328 -0.4597
-7.104507 -34.35783 17.93496 -0.283232 0.151335 -1.202508 -1.733761 -0.757574 -0.146767
-9.104507 -34.35783 17.93496 -0.109048 0.590135 -0.756627 -0.855964 0.86569 1.464335
4.895493 -36.35783 17.93496 0.966043 1.925787 0.575992 0.683855 -1.032988 0.461715
2.895493 -36.35783 17.93496 2.61862 3.949169 1.802585 2.471354 2.132365 5.212044
-1.104507 -36.35783 17.93496 1.784547 3.541844 3.968838 4.883411 -0.26765 1.745672
-3.104507 -36.35783 17.93496 1.875916 2.412981 2.962135 3.039844 -0.020682 1.139477
-5.104507 -36.35783 17.93496 2.592669 3.365497 1.199964 0.975256 -0.187755 0.996108
2.895493 -38.35783 17.93496 3.04191 4.68791 1.130421 2.42481 3.178023 5.530137
-1.104507 -38.35783 17.93496 5.078327 6.261106 3.396604 3.966054 3.503617 5.252198
-3.104507 -38.35783 17.93496 4.321367 4.963189 3.735472 3.854347 4.073932 5.31327
10.89549 -40.35783 17.93496 1.903689 3.77143 2.346028 4.207082 0.460357 2.588862
8.895493 -40.35783 17.93496 2.443002 4.415837 2.984649 4.909089 1.267791 4.160871
6.895493 -40.35783 17.93496 3.751824 5.162618 4.687058 6.186801 2.86463 4.153332
2.895493 -40.35783 17.93496 4.303702 6.816202 3.546876 5.182773 4.127035 6.65485
-1.104507 -40.35783 17.93496 -0.470741 0.001243 1.71486 1.634343 4.107947 4.686256
-3.104507 -40.35783 17.93496 0.076876 0.051574 -0.616087 -0.833472 3.451796 4.412603
-5.104507 -40.35783 17.93496 1.375618 1.524106 0.961798 1.19077 1.623467 2.885411
8.895493 -42.35783 17.93496 2.261512 3.764029 3.165283 4.315122 0.473058 2.002134
6.895493 -42.35783 17.93496 0.529024 2.439181 3.186349 4.249289 0.639124 2.120167
4.895493 -42.35783 17.93496 1.307503 3.360544 4.130187 5.234009 2.791909 5.313266
2.895493 -42.35783 17.93496 5.196669 8.190741 6.713641 8.432172 3.721926 6.390934
-3.104507 -42.35783 17.93496 -1.239505 -1.330062 -1.748519 -2.06898 1.194727 1.722382
-5.104507 -42.35783 17.93496 0 0 0 0 0 0
4.895493 -44.35783 17.93496 0.249442 2.013383 3.453804 4.657455 1.617764 3.899039
-3.104507 -14.35783 19.93496 -2.127102 -2.447739 -0.630612 -0.737821 -0.105317 0.154528
-5.104507 -14.35783 19.93496 -2.304567 -1.603186 -1.024049 -0.306745 -0.961871 0.479218
-1.104507 -16.35783 19.93496 -3.353762 -4.052944 -4.790328 -5.551775 -4.501547 -3.332535
-3.104507 -16.35783 19.93496 -2.985745 -3.358918 -1.388819 -2.053228 -0.207944 1.055473
-5.104507 -16.35783 19.93496 -0.73339 -0.462727 0.678486 1.008031 0.942598 2.492786
10.89549 -18.35783 19.93496 0.805576 1.066573 -0.494401 -0.856619 -0.548508 -0.873689
8.895493 -18.35783 19.93496 1.044248 1.47845 -0.574311 -0.466199 -1.869501 -2.474112
-1.104507 -18.35783 19.93496 -2.968164 -3.815669 -3.348399 -5.383868 -5.755001 -5.435889
-3.104507 -18.35783 19.93496 -1.314419 -1.830589 -0.71085 -1.36726 -3.419156 -3.273011
12.89549 -20.35783 19.93496 -0.646191 0.619238 -0.797311 0.249908 -1.710317 -0.427992
10.89549 -20.35783 19.93496 0.539227 1.883081 -0.556369 0.191386 -2.125766 -1.212201
-1.104507 -20.35783 19.93496 -1.408102 -0.379933 1.498202 1.09705 -2.055073 -1.080125
-3.104507 -20.35783 19.93496 1.661321 2.209238 1.424578 1.930929 -1.566955 -1.057893
-5.104507 -20.35783 19.93496 1.970661 2.300196 2.253339 3.182015 2.519492 2.683105
12.89549 -22.35783 19.93496 -1.825845 -1.282371 -1.866906 -1.344633 -1.357242 -0.903306
-1.104507 -22.35783 19.93496 -0.581163 1.156957 1.729023 2.256624 -0.968826 1.167704
-3.104507 -22.35783 19.93496 2.239643 3.668895 2.057205 3.277865 0.710026 2.171984
-5.104507 -22.35783 19.93496 3.225894 4.741428 2.855094 4.475648 3.773469 5.35799
12.89549 -24.35783 19.93496 -4.235881 -3.752303 -0.195489 1.210913 -1.371434 -1.39377
10.89549 -24.35783 19.93496 -2.133306 -2.150957 -0.926091 -0.051961 0.926318 2.347881
6.895493 -24.35783 19.93496 -3.297838 -1.314528 -1.462102 1.187701 0.797368 4.509791
4.895493 -24.35783 19.93496 -0.307521 2.175668 -1.816107 -0.352242 1.407633 4.200047
-1.104507 -24.35783 19.93496 -3.63255 -3.103909 -2.265622 -2.416094 -2.756462 -1.818312
-3.104507 -24.35783 19.93496 -0.921093 0.012977 0.358569 1.263894 0.436483 1.702452
-7.104507 -24.35783 19.93496 3.003943 3.323823 2.065697 2.734082 2.753917 4.187985
-9.104507 -24.35783 19.93496 1.16911 1.392426 -0.169837 0.929788 0.993828 1.669296
-11.10451 -24.35783 19.93496 -1.92217 -1.457421 -0.676444 0.338541 0.001325 1.208672
8.895493 -26.35783 19.93496 -3.538965 -3.268593 0.255238 2.692672 0.147267 2.157023
6.895493 -26.35783 19.93496 -5.256133 -3.644092 0.75699 3.434928 -0.122191 2.234326
4.895493 -26.35783 19.93496 -4.947645 -2.346535 -0.092429 1.643303 0.094642 3.373287
-1.104507 -26.35783 19.93496 -3.809627 -3.325613 -1.772021 -1.519411 -1.9339 -0.171818
-3.104507 -26.35783 19.93496 -2.897801 -2.659919 0.023458 0.62667 -0.721269 0.257324
-5.104507 -26.35783 19.93496 0.4646 1.075575 2.117101 2.309865 1.055607 2.038041
-7.104507 -26.35783 19.93496 -0.594908 -1.071188 0.479666 0.348559 0.993529 0.987047
-9.104507 -26.35783 19.93496 -3.188464 -3.68012 -1.645473 -1.333869 -0.613296 -1.149814
-11.10451 -26.35783 19.93496 -4.274172 -4.40858 -1.110087 -0.307874 0.281249 0.393422
2.895493 -28.35783 19.93496 -0.768013 1.223425 2.309381 3.779436 2.602011 5.212583
-7.104507 -28.35783 19.93496 -2.546199 -2.666245 -2.931334 -2.689233 -1.167076 -0.81286
-9.104507 -28.35783 19.93496 -5.214539 -5.074405 -2.303551 -1.457574 -1.737147 -1.648919
4.895493 -30.35783 19.93496 2.962656 3.173528 0.191595 0.648612 -0.962644 -0.962878
2.895493 -30.35783 19.93496 3.518063 5.791096 1.193305 2.676228 2.515363 5.916932
-7.104507 -30.35783 19.93496 -0.98518 -0.702927 -1.363547 -1.163936 -1.122313 -0.584878
6.895493 -32.35783 19.93496 -0.397388 0.452496 -1.112915 -0.430181 -0.277638 1.222886
4.895493 -32.35783 19.93496 0.727742 2.015847 0.315405 1.438056 0.523318 3.349703
2.895493 -32.35783 19.93496 1.475944 2.827528 2.07057 2.991896 2.894902 5.858133
4.895493 -34.35783 19.93496 2.165476 2.714958 1.054307 1.120075 0.526928 2.248808
2.895493 -34.35783 19.93496 1.426285 1.146121 1.672754 2.040761 1.812 2.389692
4.895493 -36.35783 19.93496 1.803252 2.553361 0.959802 0.848658 -0.469149 0.69812
2.895493 -36.35783 19.93496 3.018142 3.695923 1.134361 1.674902 1.971999 3.986598
-3.104507 -36.35783 19.93496 -1.769145 -0.461779 -1.643171 -1.631408 -0.467942 3.145166
-5.104507 -36.35783 19.93496 0.67455 1.727213 -0.051986 0.079527 1.884416 3.681835
-7.104507 -36.35783 19.93496 1.52572 2.894942 1.009223 1.026302 2.071566 4.122413
2.895493 -38.35783 19.93496 4.067266 5.257601 3.49898 4.787839 4.817529 6.463696
0.895493 -38.35783 19.93496 4.476444 6.247225 3.453495 4.625943 2.379598 3.696549
-1.104507 -38.35783 19.93496 1.819793 3.934441 0.898897 1.495343 -1.039356 1.508154
-3.104507 -38.35783 19.93496 1.20075 2.252651 -0.975717 -1.190438 0.697503 3.553789
-5.104507 -38.35783 19.93496 1.973652 2.930869 0.260734 0.181942 4.208193 6.455906
-7.104507 -38.35783 19.93496 1.439041 2.75827 -0.003391 0.409109 2.347109 4.373988
-9.104507 -38.35783 19.93496 -0.318488 -0.598467 -0.838575 -1.030969 0.05697 -0.053301
6.895493 -40.35783 19.93496 2.323362 3.236145 3.526902 4.819273 2.497198 3.05838
2.895493 -40.35783 19.93496 4.636586 5.646732 5.497848 7.321184 5.475231 7.005911
-3.104507 -40.35783 19.93496 -2.442516 -1.193343 -2.620767 -2.430633 -0.990877 -0.283239
-5.104507 -40.35783 19.93496 -0.7482 0.326283 -1.035119 -0.668064 0.786478 2.571752
-7.104507 -40.35783 19.93496 1.000607 1.958053 -0.28501 0.045797 -0.114197 1.481342
6.895493 -42.35783 19.93496 0.946731 1.615015 1.599216 2.598599 0.87196 1.237821
4.895493 -42.35783 19.93496 1.659449 3.369426 2.420235 3.485319 3.433233 5.985084
2.895493 -42.35783 19.93496 4.171421 6.126326 5.913825 7.8386 4.390585 6.580957
-3.104507 -42.35783 19.93496 -2.676047 -1.821824 -1.470633 -1.159289 -0.640525 0.322877
-5.104507 -42.35783 19.93496 0 0 0 0 0 0
-7.104507 -42.35783 19.93496 0 0 0 0 0 0
-7.104507 -44.35783 19.93496 0 0 0 0 0 0
-3.104507 -14.35783 21.93496 -1.312592 -1.37375 -1.68614 -1.703304 -1.387363 -1.350173
-5.104507 -14.35783 21.93496 -0.955046 -0.552925 -1.22667 -0.540561 -0.77343 -0.767751
-1.104507 -16.35783 21.93496 -0.076684 1.746881 -3.253264 -3.989379 -5.896574 -3.632553
-3.104507 -16.35783 21.93496 -0.982694 0.398864 -0.33826 -0.318065 -2.857189 -1.353716
-5.104507 -16.35783 21.93496 -1.650298 -1.320843 0.682904 0.808455 1.266796 1.675777
-1.104507 -18.35783 21.93496 1.150234 2.103322 -1.04861 -1.444962 -4.543489 -3.155334
-3.104507 -18.35783 21.93496 1.493907 3.036305 0.544239 1.211137 -2.665578 -0.901256
12.89549 -20.35783 21.93496 0.580572 1.482239 1.015903 1.560581 -1.431163 -0.630311
10.89549 -20.35783 21.93496 0.311767 1.002118 0.316211 0.821017 -0.827549 -0.204429
-3.104507 -20.35783 21.93496 3.472552 5.254382 0.746262 1.62963 -0.38156 1.527337
-5.104507 -20.35783 21.93496 2.496558 4.182945 2.837188 3.942787 1.863778 2.655864
-7.104507 -20.35783 21.93496 1.680747 3.086061 1.307535 2.334848 3.249727 4.070531
14.89549 -22.35783 21.93496 -0.319959 -0.082384 -3.334466 -2.750469 -3.744171 -3.373979
12.89549 -22.35783 21.93496 -1.444467 -1.155131 -0.197912 0.746946 -2.569262 -2.46859
10.89549 -22.35783 21.93496 -1.469834 -1.565262 0.983092 1.783133 -0.816363 -1.097391
-5.104507 -22.35783 21.93496 4.086928 6.131754 3.467324 5.029181 3.642062 5.443065
-7.104507 -22.35783 21.93496 4.00317 5.891016 2.56331 4.510194 4.61124 6.83836
12.89549 -24.35783 21.93496 -3.920228 -4.003971 -0.945841 1.412754 -3.083726 -3.976231
10.89549 -24.35783 21.93496 -3.254712 -3.758394 -0.645268 1.139307 -1.098863 -1.541232
-3.104507 -24.35783 21.93496 -0.8622 -0.475568 1.117286 1.607765 -0.614526 0.299057
-5.104507 -24.35783 21.93496 1.956555 3.609638 3.323325 4.799384 3.284876 5.665801
10.89549 -26.35783 21.93496 -3.996449 -4.019359 -0.929411 1.162365 -0.833857 -0.124329
8.895493 -26.35783 21.93496 -5.01168 -4.94556 1.885616 3.96614 3.576453 5.495947
6.895493 -26.35783 21.93496 -6.221918 -4.222853 2.135185 4.031496 2.575295 5.777576
4.895493 -26.35783 21.93496 -4.693428 -2.556156 -0.856444 0.067329 -0.782487 1.728287
-1.104507 -26.35783 21.93496 -1.740027 -1.992355 0.670417 0.532569 0.79508 1.36428
-3.104507 -26.35783 21.93496 -1.137793 -0.626948 2.720059 3.565919 -0.251908 0.725981
-5.104507 -26.35783 21.93496 0.193434 1.420493 3.772977 4.546738 1.692275 3.403382
-7.104507 -26.35783 21.93496 -0.449802 -0.063366 2.95223 3.106117 3.836155 5.266122
-9.104507 -26.35783 21.93496 -1.023922 -0.785869 4.792394 5.083569 4.357626 4.732864
8.895493 -28.35783 21.93496 -3.900077 -4.192603 1.265347 2.778932 2.320399 3.304141
6.895493 -28.35783 21.93496 -3.055079 -1.955774 0.18065 0.958246 1.514424 2.864196
4.895493 -28.35783 21.93496 0.959707 2.481813 0.376709 0.404893 1.519183 3.367967
-3.104507 -28.35783 21.93496 1.113489 2.16833 1.90678 2.460092 -0.777505 0.337432
-5.104507 -28.35783 21.93496 1.117496 2.704451 2.015263 2.416853 -0.917567 0.541042
-7.104507 -28.35783 21.93496 -1.472003 -0.163983 0.71401 1.147514 0.148134 1.98805
-9.104507 -28.35783 21.93496 -2.897523 -2.037534 3.376066 4.437582 0.944983 2.372376
8.895493 -30.35783 21.93496 0.406103 0.761558 2.242995 2.903733 1.595652 2.611842
6.895493 -30.35783 21.93496 1.330155 2.665581 2.754634 3.849029 2.764286 4.410317
4.895493 -30.35783 21.93496 4.10825 5.541752 3.858943 4.791908 3.844156 6.328099
6.895493 -32.35783 21.93496 0.565497 2.529333 3.069764 4.760847 1.360571 4.120152
4.895493 -32.35783 21.93496 0.934678 3.633803 4.520627 6.942524 2.277809 6.636347
2.895493 -32.35783 21.93496 -0.49777 1.086293 2.23986 3.356562 1.576638 4.804695
2.895493 -34.35783 21.93496 1.960067 2.353676 3.257446 3.635776 3.210824 4.163386
2.895493 -36.35783 21.93496 3.97308 5.011961 3.590482 4.201701 4.258747 5.960579
2.895493 -38.35783 21.93496 3.338233 3.613936 3.654403 3.904708 5.007812 5.272549
0.895493 -38.35783 21.93496 3.177108 4.028517 2.381904 3.008008 5.342961 6.366243
4.895493 -40.35783 21.93496 3.179081 2.152126 2.68661 1.451041 4.93635 4.634614
2.895493 -40.35783 21.93496 4.034873 3.429936 5.106947 5.332692 4.450099 4.020209
-3.104507 -40.35783 21.93496 -1.894595 -2.274316 -3.274029 -4.634391 -2.192877 -3.437276
-5.104507 -40.35783 21.93496 -1.678795 -1.654411 -3.630192 -4.524791 -1.395918 -1.4404
-7.104507 -40.35783 21.93496 -0.258288 0.407338 -3.066528 -3.394083 -0.879429 0.279485
6.895493 -42.35783 21.93496 1.918085 1.180938 -0.218475 -0.817872 1.967019 0.596946
4.895493 -42.35783 21.93496 2.822711 2.640366 1.233134 0.164918 3.638942 4.259343
2.895493 -42.35783 21.93496 3.129561 3.679654 4.820402 5.606141 2.768489 3.86213
-5.104507 -42.35783 21.93496 -0.932905 -0.881763 -1.196693 -2.107316 -0.248077 0.426854
-7.104507 -42.35783 21.93496 -0.559655 0.479608 -0.643515 -1.041817 -0.43506 0.874012
-3.104507 -16.35783 23.93496 0.269631 1.616202 -0.405533 -0.573989 -1.434739 -0.724595
10.89549 -18.35783 23.93496 1.014689 0.180839 2.327132 2.629667 -0.304585 -0.094113
8.895493 -18.35783 23.93496 2.101332 2.688757 1.7064 2.163698 1.980088 2.258443
-1.104507 -18.35783 23.93496 0.075491 1.851438 -0.688547 -0.402102 -4.131364 -3.209166
-3.104507 -18.35783 23.93496 1.169188 2.242381 -0.872081 -0.679729 0.016062 1.188708
10.89549 -20.35783 23.93496 -0.23474 -0.358526 1.520286 1.807131 -1.196236 -1.356852
8.895493 -20.35783 23.93496 2.758787 4.020754 2.886977 3.78135 2.588179 3.796665
-3.104507 -20.35783 23.93496 1.6392 1.962707 -1.346021 -1.279382 1.15968 1.680412
-5.104507 -20.35783 23.93496 1.241 1.76206 0.812101 0.922719 0.975542 1.368858
-7.104507 -20.35783 23.93496 0.747353 1.466595 0.574948 0.66696 0.474769 0.643215
-9.104507 -20.35783 23.93496 -1.050034 -1.153874 -0.529991 -0.574789 -0.947801 -0.856597
12.89549 -22.35783 23.93496 -0.694267 0.216061 -0.582965 0.914209 -3.113618 -2.91874
10.89549 -22.35783 23.93496 -1.589689 -1.307032 0.015984 0.592532 -2.92889 -3.324283
8.895493 -22.35783 23.93496 0.290738 1.729378 1.61896 2.3226 0.469408 1.96606
6.895493 -22.35783 23.93496 4.175798 5.936034 3.001835 4.01648 3.327613 6.170803
-5.104507 -22.35783 23.93496 1.396349 2.024133 1.715875 1.743555 1.564767 1.7063
-7.104507 -22.35783 23.93496 1.300314 2.40035 3.172443 3.890368 1.878648 2.865093
-9.104507 -22.35783 23.93496 -1.603575 -1.021693 1.974639 2.653047 -0.647456 0.328366
12.89549 -24.35783 23.93496 -3.243302 -2.919827 -1.447782 0.744469 -3.600824 -3.820128
8.895493 -24.35783 23.93496 -1.944809 -1.367852 0.438651 0.229393 -0.598459 -0.614986
6.895493 -24.35783 23.93496 -1.696211 -0.661828 0.415727 0.045337 0.834377 1.487074
-3.104507 -24.35783 23.93496 -2.54156 -2.111276 0.719036 0.371889 -0.576963 -0.608145
-5.104507 -24.35783 23.93496 -0.581876 0.272216 2.348242 2.658459 1.735067 1.97515
12.89549 -26.35783 23.93496 -3.536147 -3.227996 -1.851845 -0.502517 -3.257212 -2.731491
10.89549 -26.35783 23.93496 -3.46231 -2.859281 -0.540862 0.948908 -3.44532 -2.922477
8.895493 -26.35783 23.93496 -5.428216 -5.080292 0.638215 1.554923 -1.180523 -0.352846
-1.104507 -26.35783 23.93496 -0.174314 -0.544193 2.403988 1.816453 2.227189 1.772427
-3.104507 -26.35783 23.93496 -0.736495 -0.883028 2.71229 2.575867 2.309599 2.498724
-5.104507 -26.35783 23.93496 -0.476699 0.19745 3.486532 3.514542 2.746105 3.190524
-7.104507 -26.35783 23.93496 0.143918 1.339243 2.748528 2.896729 3.41469 3.73189
10.89549 -28.35783 23.93496 -3.434761 -2.594554 0.109157 1.123507 -1.726573 -0.829238
8.895493 -28.35783 23.93496 -4.268244 -3.722811 2.633135 4.379033 -0.017702 1.111779
-3.104507 -28.35783 23.93496 0.977776 1.60717 1.928111 2.23097 0.82277 2.122145
-5.104507 -28.35783 23.93496 -0.315387 1.06803 1.810639 2.170437 -0.694417 0.480995
-7.104507 -28.35783 23.93496 -0.752957 1.066365 0.843231 1.257054 0.479326 1.332013
-9.104507 -28.35783 23.93496 -0.002602 1.6609 1.108651 2.066451 1.193893 2.225594
8.895493 -30.35783 23.93496 -2.065913 -1.095289 4.254735 5.587349 1.018832 2.534471
8.895493 -32.35783 23.93496 -1.238292 -0.199163 2.566797 3.526846 -1.432172 0.097025
6.895493 -32.35783 23.93496 -0.916252 1.983552 4.339036 6.062524 0.291148 5.208583
4.895493 -32.35783 23.93496 -2.510691 0.854006 1.642815 2.598549 -1.158073 4.619381
2.895493 -32.35783 23.93496 -3.101878 -1.992976 -1.428573 -1.7158 -1.789606 0.105675
6.895493 -34.35783 23.93496 1.748944 3.442388 2.355744 3.057014 0.25863 3.957877
4.895493 -34.35783 23.93496 0.886416 4.252851 2.527658 3.095359 -0.006726 6.436049
2.895493 -34.35783 23.93496 1.390351 4.24897 0.626886 0.950822 0.125607 4.274243
4.895493 -36.35783 23.93496 3.493896 6.735426 1.63785 1.757424 1.459366 6.619585
2.895493 -36.35783 23.93496 4.046552 9.592026 2.820613 3.45154 4.118312 11.99688
4.895493 -38.35783 23.93496 1.664536 3.323602 0.309775 0.741909 1.074878 3.155627
2.895493 -38.35783 23.93496 1.85279 5.299206 3.089493 3.848247 4.833721 9.855199
4.895493 -40.35783 23.93496 2.191658 1.660144 2.831589 2.537741 4.439096 4.788473
2.895493 -40.35783 23.93496 2.902445 3.540474 6.579014 7.43829 7.038652 8.602875
6.895493 -42.35783 23.93496 3.080037 2.203539 2.201781 1.92152 2.68535 2.815679
4.895493 -42.35783 23.93496 1.958276 0.99943 4.337941 4.007353 4.107059 4.673295
2.895493 -42.35783 23.93496 1.705462 1.535291 6.257033 7.380704 5.331687 6.390881
6.895493 -44.35783 23.93496 3.073758 2.949103 2.451725 2.717671 3.300832 3.581363
10.89549 -18.35783 25.93496 0.041004 -0.044824 2.001825 2.929149 0.118892 0.727093
8.895493 -18.35783 25.93496 0.952093 0.937514 2.250471 2.943071 2.492598 2.800203
10.89549 -20.35783 25.93496 -1.100613 -1.277139 0.841298 1.311032 0.488319 0.28726
8.895493 -20.35783 25.93496 0.712721 0.96369 1.863586 2.344593 1.889581 2.072273
6.895493 -20.35783 25.93496 2.111108 2.731669 1.867534 2.167292 0.090555 0.292636
4.895493 -20.35783 25.93496 0.263988 0.27958 0.67833 0.65847 -0.826248 -0.557214
-7.104507 -20.35783 25.93496 0.129752 -0.615881 0.261198 -0.320309 -0.965927 -1.372832
-9.104507 -20.35783 25.93496 -2.264614 -2.973963 -0.902417 -0.679562 -2.113487 -2.202417
-11.10451 -20.35783 25.93496 -3.174881 -3.905742 -1.442454 -1.18814 -0.713733 -0.976096
10.89549 -22.35783 25.93496 -1.426934 -1.942072 -0.682864 -1.036206 -1.689148 -2.694013
8.895493 -22.35783 25.93496 -0.307788 -0.579253 0.027473 -0.236269 0.292426 -0.479666
6.895493 -22.35783 25.93496 2.089578 2.567857 1.26573 1.59638 1.851361 2.497144
-5.104507 -22.35783 25.93496 0.461763 0.663463 1.572906 1.691174 1.980922 2.370645
-7.104507 -22.35783 25.93496 0.829458 0.906741 3.253672 3.574018 1.081107 1.516717
-9.104507 -22.35783 25.93496 -0.807451 -0.914759 2.455034 3.410831 0.327919 1.305933
12.89549 -24.35783 25.93496 -1.291972 -0.455067 -0.903785 -0.629537 -1.697035 -1.702
10.89549 -24.35783 25.93496 -0.042195 0.321091 1.261891 1.178944 -1.897992 -2.516204
8.895493 -24.35783 25.93496 -0.278798 -0.173302 1.047465 0.481364 -0.836431 -1.297781
6.895493 -24.35783 25.93496 0.142685 0.089844 0.202202 -0.847191 -0.148595 -0.348233
-3.104507 -24.35783 25.93496 0.437255 0.618624 1.989371 1.808079 0.293435 0.52066
-5.104507 -24.35783 25.93496 1.048544 1.639979 1.868243 2.569198 2.677911 3.839517
-7.104507 -24.35783 25.93496 0.800454 1.410188 3.509589 4.558706 3.278475 4.382523
10.89549 -26.35783 25.93496 -0.251679 1.074772 1.297395 1.948514 -1.258227 0.219094
8.895493 -26.35783 25.93496 -2.578904 -1.181011 0.512867 1.211503 -2.638371 -1.036565
6.895493 -26.35783 25.93496 -2.194668 -1.663926 0.726543 0.611159 -0.39944 0.632624
-3.104507 -26.35783 25.93496 0.326663 -0.06002 1.442103 1.2187 2.465852 3.233775
-5.104507 -26.35783 25.93496 0.536901 0.710731 1.264956 1.099704 2.664694 3.614346
10.89549 -28.35783 25.93496 -1.011153 0.318103 0.066951 0.441045 -0.553082 0.702258
8.895493 -28.35783 25.93496 -2.724484 -1.45696 1.439841 2.468861 -1.575723 0.188837
6.895493 -28.35783 25.93496 -1.104534 -0.065824 2.197097 2.729379 0.977913 2.664057
-3.104507 -28.35783 25.93496 0.017631 -0.033257 0.534221 0.376416 0.526948 1.726861
-5.104507 -28.35783 25.93496 -0.970807 -0.372891 0.571993 0.534957 0.153576 1.13408
-7.104507 -28.35783 25.93496 -0.10644 0.848321 0.721759 0.686536 2.069776 2.408182
8.895493 -30.35783 25.93496 -1.218787 -0.845111 3.203712 3.922251 -0.236484 -0.414495
6.895493 -30.35783 25.93496 0.125453 1.239691 3.499973 3.928879 1.63397 2.416658
-3.104507 -30.35783 25.93496 -0.027763 0.33793 1.475655 1.702579 -0.755965 0.387881
8.895493 -32.35783 25.93496 1.084246 0.980907 2.858645 3.363303 0.033762 -0.483404
6.895493 -32.35783 25.93496 0.888097 2.068516 3.208443 3.595845 0.76917 1.722279
8.895493 -34.35783 25.93496 2.119585 2.077552 1.641577 1.820485 0.164585 0.750323
6.895493 -34.35783 25.93496 2.250892 3.165294 2.467568 2.801198 1.797892 3.620284
6.895493 -36.35783 25.93496 1.882574 3.281878 1.733885 2.270998 2.765527 5.262475
4.895493 -36.35783 25.93496 3.973511 6.258741 2.603876 1.873605 6.453292 9.912657
2.895493 -36.35783 25.93496 4.743472 7.683141 2.185407 0.608916 7.991123 13.11881
4.895493 -38.35783 25.93496 0.52492 2.345705 0.906695 0.77828 2.769789 5.207591
2.895493 -38.35783 25.93496 1.386334 4.009306 2.297682 1.433279 5.246115 10.20552
4.895493 -40.35783 25.93496 1.740438 2.042228 2.483608 2.95607 2.368179 4.068248
2.895493 -40.35783 25.93496 1.942603 3.019552 4.169635 4.61787 4.49008 7.713884
4.895493 -42.35783 25.93496 2.031088 2.047519 5.282028 6.18372 2.593663 4.442555
2.895493 -42.35783 25.93496 0.932607 1.241045 4.852422 6.062068 3.813015 5.736538
12.89549 -18.35783 27.93496 0.618713 1.037722 1.349197 1.876829 1.522337 2.166039
10.89549 -18.35783 27.93496 -0.514291 0.642374 0.09381 1.152834 1.815336 3.272066
8.895493 -18.35783 27.93496 -0.638793 0.174683 0.904532 2.389767 1.058683 2.451305
12.89549 -20.35783 27.93496 0.934732 2.536881 2.46262 4.028102 2.82197 4.146538
10.89549 -20.35783 27.93496 0.578127 2.365566 1.143865 2.775715 3.387936 5.74097
8.895493 -20.35783 27.93496 -0.380448 0.685137 1.320123 2.151541 2.44556 4.548594
6.895493 -20.35783 27.93496 -0.559113 0.06236 2.571782 3.073913 2.226218 3.310133
8.895493 -22.35783 27.93496 -0.750605 -0.980096 1.944223 2.370934 2.04346 2.013413
6.895493 -22.35783 27.93496 0.000164 0.810715 2.561756 3.572101 2.883009 4.637155
-5.104507 -24.35783 27.93496 0.483768 0.452846 0.153556 0.62627 1.421411 2.352328
-7.104507 -24.35783 27.93496 0.517366 0.168868 1.942886 2.257192 2.008648 2.547349
8.895493 -26.35783 27.93496 2.456614 2.387101 1.714912 1.476117 0.86693 1.26372
-3.104507 -26.35783 27.93496 0.548046 0.748069 0.036044 0.309131 0.155079 0.782526
-7.104507 -26.35783 27.93496 0.256095 0.543215 0.097222 0.42136 3.049674 4.320167
8.895493 -28.35783 27.93496 2.244637 1.99797 1.658747 1.781023 -0.577167 -0.224177
-3.104507 -28.35783 27.93496 0.384998 0.384506 1.133918 1.330765 -0.584622 0.169884
-5.104507 -28.35783 27.93496 1.587877 1.370933 2.009337 1.95674 1.386504 1.290164
-7.104507 -28.35783 27.93496 1.119008 1.272658 1.038327 1.217258 2.061673 2.429858
-3.104507 -30.35783 27.93496 0.360927 0.195072 1.222697 1.472896 -0.849458 -0.871642
6.895493 -32.35783 27.93496 -0.97002 -0.882002 1.422042 1.200077 0.509706 0.538629
6.895493 -34.35783 27.93496 -0.254267 0.172993 0.953311 0.621019 0.64432 1.304611
6.895493 -36.35783 27.93496 1.187419 2.197176 1.573717 1.6101 0.903312 2.464938
4.895493 -38.35783 27.93496 -0.08534 0.738375 1.17107 0.465243 1.587627 2.971429
2.895493 -38.35783 27.93496 1.343091 1.950443 1.472447 0.193292 2.896762 4.466129
4.895493 -40.35783 27.93496 1.426659 2.222521 1.435188 1.635221 1.25495 2.795154
2.895493 -40.35783 27.93496 2.588286 3.433875 1.27503 1.254756 2.27578 3.90452
2.895493 -42.35783 27.93496 2.000732 2.869118 2.164172 2.88422 3.871027 5.457992
12.89549 -20.35783 29.93496 3.184267 5.657892 4.999965 7.268893 4.822379 7.742876
10.89549 -22.35783 29.93496 1.983457 2.811466 3.949377 5.108292 2.883245 4.069425
8.895493 -22.35783 29.93496 2.263689 3.22649 4.233857 5.283081 4.308184 5.759254
8.895493 -24.35783 29.93496 2.369247 3.161512 2.792591 3.107998 5.235812 5.977215
6.895493 -24.35783 29.93496 2.996862 4.293528 2.853255 3.280919 6.048109 8.237042
-3.104507 -26.35783 29.93496 -2.611521 -2.536617 -1.945835 -1.597948 -1.485618 -0.988301
-5.104507 -26.35783 29.93496 1.035072 1.159698 0.032454 0.637673 2.801847 4.003076
-7.104507 -26.35783 29.93496 -0.740998 -0.95946 0.343751 0.721386 1.624056 2.265952
-3.104507 -28.35783 29.93496 -1.910489 -1.786278 0.076333 0.486609 -1.660067 -0.626758
-5.104507 -28.35783 29.93496 2.69322 3.403136 2.950899 3.635553 2.011023 3.352233
-7.104507 -28.35783 29.93496 1.272943 1.739741 1.722155 2.485327 1.486875 2.679656
4.895493 -38.35783 29.93496 1.184008 2.290265 0.53035 0.453375 1.166788 2.379649
2.895493 -38.35783 29.93496 0.679648 1.509158 -0.015605 -0.041317 0.485198 1.628345
