3.5 -31 9 0.518998 2.10007 -2.869683 1.516255 1.622015 0.915682 -0.479421 1.114896 -3.538358 0.328651 0.146906 -0.453523
5.5 -19 11 -4.014191 -0.486923 1.059404 1.442173 1.68918 0.373467 -4.007615 -1.782534 2.03405 1.380971 3.933844 -0.471544
-0.5 -21 11 -0.932803 -0.472036 0.724464 -4.092402 0.179291 -1.62833 2.199611 -1.44283 3.304494 -0.421668 1.62621 -2.586431
-2.5 -21 11 -3.431852 -2.93177 -0.83864 -5.087436 0.218278 -0.96834 -2.531569 -2.455733 -0.015679 -1.917259 2.341996 -0.394232
-2.5 -23 11 -3.078256 -3.21264 0.953242 -2.817967 -1.07062 -0.803524 -3.766354 -4.315137 0.05107 -0.28175 -0.615558 0.303929
3.5 -25 11 1.417888 1.567041 2.445136 1.514065 1.177657 1.264547 0.538234 -1.137152 1.187146 -1.174887 0.451083 -0.103019
1.5 -25 11 -2.363791 -2.056124 -0.145642 0.687931 0.002201 1.184183 0.106257 -4.220793 -0.311236 1.538221 2.93784 3.792891
3.5 -31 11 1.267535 1.182927 -1.129659 1.127485 2.583964 0.414811 2.076216 1.546549 -2.147983 1.106457 1.570817 -0.85902
1.5 -31 11 -0.159647 0.511819 -0.828418 2.326225 0.890316 -0.671513 2.731773 1.366727 -1.068281 2.929433 -0.286616 -0.875022
3.5 -33 11 1.700455 1.571183 -0.735888 1.026764 1.002223 -0.244667 2.831695 0.931857 -0.490386 0.98234 -0.262704 -1.010954
1.5 -33 11 0.121569 0.646776 -0.342945 1.64473 0.8868 0.536399 2.032803 -0.099804 0.120588 0.665208 0.926069 -1.460709
3.5 -35 11 0.710381 0.714239 -1.428832 0.942936 -0.700288 0.440211 1.94365 1.149929 -0.021039 1.356705 -0.544286 0.305841
1.5 -35 11 -0.094058 -1.000472 -0.426414 0.741 -0.211423 -1.464762 0.704197 -0.293561 0.520575 1.076283 1.541133 -1.950865
5.5 -19 13 -2.094005 -0.230807 2.403242 -0.24641 4.59512 -0.379107 -5.644399 -1.283984 1.21108 2.374164 2.335841 0.886432
3.5 -19 13 -0.104389 -0.935936 0.791713 0.886489 2.695669 -1.136108 -0.574787 -0.265609 -0.744383 2.489369 3.376907 -1.112376
-2.5 -19 13 -0.975346 -0.709616 0.251339 -0.254569 -1.269192 1.269176 -1.208725 1.718611 2.650135 0.047157 0.742429 -0.175815
5.5 -21 13 -1.421527 0.589916 2.545737 1.642868 4.478375 1.961367 -2.412917 1.319756 2.205158 1.102586 3.396299 2.584492
3.5 -21 13 0.552087 0.175713 3.134858 0.53026 1.414687 -0.66306 0.927793 1.817158 1.624411 0.755758 2.50074 -0.10156
-2.5 -21 13 -1.023476 -2.264142 1.045488 -3.598021 -0.738993 -0.824299 -1.367704 -1.838535 1.921274 -3.241583 0.557363 -0.9169
5.5 -23 13 1.007702 0.394347 1.549343 1.754129 2.25174 1.048269 0.835394 0.98647 1.047658 0.371883 2.778884 0.162531
3.5 -23 13 0.212657 -0.445824 0.952015 0.799376 -0.80933 0.029133 -0.687389 -0.720427 0.397841 -0.716831 1.176594 0.030505
-2.5 -23 13 -2.292148 -3.723512 -0.682983 -2.920361 -1.928223 -1.538102 -2.082119 -3.79584 0.272436 0.625563 -0.608432 0.063186
3.5 -25 13 0.740163 -0.225535 1.383843 0.274743 1.34884 0.746731 0.798702 -1.792685 0.918592 -0.01017 2.409117 0.112819
-0.5 -25 13 -6.01619 -1.249216 -2.187073 0.456673 -0.978906 1.833225 -3.977789 -4.903651 1.436371 2.03557 1.202406 0.460293
-2.5 -25 13 -1.837935 -1.593065 -1.716705 1.337504 -2.288131 0.861936 -2.025783 -2.973763 -0.818326 2.36614 -1.77845 0.771389
3.5 -27 13 -1.225438 0.446529 1.35739 0.57526 1.275556 -1.770181 -0.279859 1.728915 1.243346 1.282046 3.214649 -3.241577
1.5 -27 13 -5.498654 0.419445 0.432137 1.729284 0.223821 0.519269 -3.233313 -0.796742 1.209105 1.364669 2.680048 -2.176927
-0.5 -27 13 -6.3016 -1.240594 -3.115576 2.015828 0.08749 1.001071 -4.350356 -5.279251 -0.203589 2.738244 0.361898 -0.451494
-2.5 -27 13 -2.606455 -0.181283 -4.255987 2.557078 -1.219378 0.352107 -1.818099 -3.439579 -2.563335 2.506513 -0.367996 -1.174942
3.5 -29 13 -3.396543 0.110545 -0.286604 0.972115 -0.446705 -0.514906 -1.825444 0.282285 0.13063 0.336008 2.76917 -1.098651
1.5 -29 13 -5.269129 -1.529031 -1.060735 0.934882 -0.994945 -0.701141 -2.55984 -1.168837 -0.408123 0.425452 1.34021 -1.830495
-0.5 -29 13 -5.433437 -1.079995 -2.373071 2.577559 0.637803 0.379821 -3.141537 -2.970536 -1.264231 3.098132 -0.124044 -1.115054
-2.5 -29 13 -2.81437 0.463002 -3.694371 2.368088 0.765313 0.044147 -1.177356 -2.509541 -2.942264 1.591822 1.397344 -1.194262
3.5 -31 13 -2.633721 1.260457 -0.794965 2.64388 0.126393 -0.825978 -1.102979 0.770869 -0.814526 2.159557 1.313762 -2.402457
1.5 -31 13 -3.532136 0.130835 -1.771629 2.658332 -1.159847 0.780611 -1.146306 -0.063651 -1.39807 1.449265 -0.253423 -0.981678
1.5 -33 13 -1.801165 0.423141 -1.06743 3.140908 -0.532863 0.618562 -0.35958 -0.78514 -1.173278 1.235154 0.177564 0.440529
1.5 -35 13 -1.262961 -1.161363 0.302985 2.429954 -0.584376 -0.922162 -0.446588 -1.258566 0.115652 1.109438 1.741034 -1.670717
3.5 -37 13 -0.696963 -0.7857 1.714982 -1.853403 -1.3316 1.364602 1.235898 0.313983 1.598841 0.684731 0.993949 4.444148
1.5 -37 13 -1.396434 -1.162629 0.831051 1.773314 -1.148156 0.567935 -0.402338 0.505815 0.768187 0.458042 2.454512 0.114975
3.5 -39 13 -1.238787 -1.678015 0.661956 -3.215254 -0.492845 0.540349 1.164366 -0.467661 -0.357403 -1.50783 2.214631 2.429862
1.5 -39 13 -1.440466 -0.792227 -0.408833 0.32768 -1.252446 1.37009 0.690254 0.220889 -0.537748 0.140109 2.329705 1.375563
1.5 -17 15 3.385661 0.373654 1.038418 1.43303 3.14325 -1.425721 0.791492 3.868826 -0.859141 -0.863893 3.236668 -1.4162
3.5 -19 15 1.372216 0.277742 -1.662971 -0.436192 0.329914 -0.147903 -0.300858 0.335524 -2.397592 0.350006 1.084368 1.71554
1.5 -19 15 2.153193 0.479713 -2.752834 -0.549514 0.588595 1.052962 0.039134 3.498527 -2.466791 -0.750448 2.187234 1.422129
-2.5 -19 15 0.606925 -2.066708 0.81739 0.174663 -0.762725 0.846216 -0.479735 0.062933 2.397041 -0.039086 2.375695 -1.255372
-4.5 -19 15 0.746999 -2.349319 -1.134735 -3.188344 -1.368641 0.283298 1.472746 -0.765686 -1.133776 -2.077368 -0.212307 2.220481
3.5 -21 15 0.935976 1.142173 1.262273 0.048584 0.145765 1.749876 0.01016 1.72043 0.012328 1.104432 2.417769 4.14954
1.5 -21 15 1.080807 1.397756 -2.503296 -1.735785 -0.533098 1.883522 0.619236 3.401753 -1.115172 -2.811271 1.991404 3.441423
-2.5 -21 15 -0.832795 -1.815724 -0.770315 -0.83961 0.163903 0.149189 -1.650452 -1.620606 0.892475 -1.021903 1.984241 -1.550969
-4.5 -21 15 0.430932 -1.27963 0.127579 -3.91713 1.58733 -1.342036 -0.999603 -2.621028 0.32354 -4.285173 0.822947 0.448189
3.5 -23 15 0.416477 -0.79516 0.015817 1.207722 -1.33954 1.553892 -0.380118 -0.588143 0.157798 0.00964 2.260992 2.256433
1.5 -23 15 -0.722047 1.537774 -3.334957 1.386648 -1.774095 3.537262 -0.847714 0.119465 -1.314428 -1.039422 1.745453 4.163214
-2.5 -23 15 -1.613298 -3.039085 -1.25598 -0.58348 1.367676 -0.286311 -1.588261 -2.822854 -0.962647 0.904918 1.843885 0.464949
-4.5 -23 15 -0.275847 -2.727989 0.64995 -2.135527 2.711916 -1.092436 -0.857693 -1.401137 -0.696327 -2.417001 1.121626 -0.242789
3.5 -25 15 1.609848 -0.040912 1.321759 0.261055 -1.760279 1.403344 1.415742 -1.149772 2.030262 0.898889 0.116143 -0.043432
1.5 -25 15 -1.987125 0.490435 -0.870758 2.177706 -1.168329 2.298567 -0.999255 -3.149668 1.072494 1.332335 2.346883 -0.031732
-2.5 -25 15 -0.56939 -1.610297 -0.074779 1.654966 1.037606 1.353765 -1.617268 -3.379272 -0.166656 1.053145 0.657901 2.128366
3.5 -27 15 1.511734 1.656896 2.792919 1.525317 -2.070006 -0.131039 1.250447 2.611209 3.569544 2.677268 -0.469536 -2.479733
1.5 -27 15 -2.421429 -0.833227 1.673442 1.974669 0.755847 -0.599788 -1.607812 -1.867787 1.798563 3.904929 2.006354 -2.414622
-0.5 -27 15 -5.301497 -3.499084 -2.62188 2.151347 2.312762 -0.334281 -4.111574 -6.725485 -2.29688 4.940856 2.811024 -0.426272
-2.5 -27 15 -2.691127 -1.489519 -3.410688 1.894389 0.393596 0.438408 -2.959192 -3.053486 -3.056865 3.897959 1.017486 2.323779
3.5 -29 15 -1.39494 1.11741 2.135448 0.808549 -1.740072 0.460033 -1.113938 0.184189 2.74796 -0.192186 0.663607 0.220664
1.5 -29 15 -4.267323 -1.567661 1.041201 -0.042263 0.923173 -0.703888 -3.590458 -2.847089 0.611165 -0.64736 2.094742 -1.054356
-0.5 -29 15 -4.886286 -1.491598 -0.261719 2.596617 3.646875 -1.171744 -4.915981 -4.27858 -1.465659 4.176515 2.734404 -1.315338
-2.5 -29 15 -2.714153 -0.163245 -2.82212 1.683349 1.039039 -0.516377 -2.367399 -1.032134 -2.33395 4.169866 2.142745 0.935604
3.5 -31 15 -2.289819 0.829884 1.768591 1.685687 0.339023 -1.354145 -2.339781 -0.625834 1.404459 1.452319 1.57818 -1.938041
1.5 -31 15 -4.806993 -0.570158 0.335995 0.127207 0.663939 -0.822727 -4.470788 -0.630679 -0.146814 0.45935 1.577909 -1.394497
-2.5 -31 15 -1.728845 -2.435356 0.171345 0.213573 1.818482 -1.890891 -1.682257 -0.811467 0.078169 3.907492 2.37983 0.407227
1.5 -33 15 -3.7545 -1.594971 1.186006 -0.165874 0.439902 -1.800498 -3.983491 -2.678473 0.53755 -0.470904 0.954654 -1.13886
-2.5 -33 15 -1.416871 -1.03872 1.199862 2.697645 1.596244 -0.930345 -2.42549 -2.141449 0.871809 4.829131 1.496168 0.022009
-4.5 -33 15 0.590059 -1.036426 -0.938115 -0.854785 1.473413 -0.971802 0.41956 -0.600328 -0.609949 1.05926 1.537748 -0.871189
1.5 -35 15 -3.072684 -2.70727 2.848709 0.76589 -0.015921 -1.290179 -3.655566 -2.559337 2.379564 -1.872097 1.312799 -0.857114
1.5 -37 15 -2.829137 -1.530331 3.43047 2.162642 -0.31852 1.698872 -3.595038 0.815548 3.085968 -1.663978 1.888108 2.125817
3.5 -39 15 -0.205178 -1.426246 1.137372 -1.893629 -0.603867 0.416135 1.389947 0.924731 0.83553 -0.634857 2.34075 0.195588
1.5 -39 15 -1.738422 -1.17966 1.735566 1.328413 -0.000457 2.324215 -2.361632 -0.386517 0.717312 -0.399136 1.47738 1.804998
3.5 -41 15 -2.224042 -0.073938 -1.162548 0.139863 -0.764229 -0.197758 -0.246226 0.166806 -1.062226 1.597618 2.093041 -2.337163
1.5 -41 15 -2.219403 -1.291009 -1.185288 -0.070473 0.116976 1.143311 -2.056983 -2.381385 -2.150954 0.503272 1.82585 -0.027675
3.5 -43 15 -2.308817 0.454292 -1.151815 0.880806 -1.221841 -0.541687 -0.458055 -0.613759 0.667015 1.817577 1.355856 -1.611787
3.5 -19 17 0.40241 0.176041 -0.112656 -0.920829 -0.935037 -0.619096 -0.306153 0.492064 0.25576 -3.463405 0.359243 1.706196
1.5 -19 17 -0.563154 -0.571522 -0.352002 -1.556397 -1.264369 -2.134146 -1.312477 1.952761 0.891047 -2.344627 1.024657 -2.424922
-4.5 -19 17 -2.157749 -0.928825 -2.192163 -2.024509 -0.685395 -0.9353 -1.664022 0.90259 -2.583984 -1.451765 1.957841 -1.03135
3.5 -21 17 0.638506 0.953708 0.099123 -1.950037 -2.308786 -0.819991 0.606244 0.878264 0.044178 -1.32341 0.516884 4.103784
1.5 -21 17 0.175673 -0.209332 -1.047333 -1.734951 -1.29614 -1.847779 0.912393 1.302363 -0.357179 -3.003062 1.202908 0.714611
-2.5 -21 17 -0.337945 0.589062 0.247945 1.029279 1.081507 -0.390011 -0.998619 1.347528 0.113206 1.121128 2.148394 -1.159598
-4.5 -21 17 -2.882677 0.607012 -1.131938 -0.382341 1.015564 -1.865421 -2.245872 0.744504 -0.896226 -0.144747 2.7148 -1.340921
3.5 -23 17 1.991289 -0.74412 0.625196 1.466902 -2.235786 -0.505457 2.755277 -0.208901 0.667814 0.597919 1.748683 1.592385
-4.5 -23 17 0.052556 0.016695 2.280822 0.969639 3.054113 -0.834976 0.044883 0.425704 0.815791 0.013627 1.929978 -1.473464
5.5 -25 17 -0.977379 1.698589 0.804757 0.785232 -1.50526 1.758152 0.423528 0.603177 2.577662 1.202983 2.019487 1.476359
3.5 -25 17 4.171128 0.145108 2.952602 0.708379 -0.998214 -1.028132 4.044163 -0.421259 3.559804 -0.376911 0.134949 -0.427078
-2.5 -25 17 -0.074557 0.123573 1.393492 2.655797 0.846303 1.196563 -1.604962 -0.523943 0.815877 3.235394 1.076903 -0.623328
-4.5 -25 17 1.462508 1.297534 2.955954 1.166687 3.314723 -0.054394 0.29697 1.352538 2.262748 -0.223252 2.505612 -2.293037
5.5 -27 17 -0.044519 2.310771 0.457595 1.145966 -0.70775 -0.338675 0.055517 1.710142 2.704366 1.924675 2.159682 -1.511235
3.5 -27 17 3.415497 1.648022 3.802944 0.423563 -0.250437 -0.641094 3.37444 1.755488 4.785111 0.748464 1.741513 -1.585156
1.5 -27 17 2.743372 0.982278 2.752234 0.049566 1.301286 -0.058768 2.500272 0.184015 1.36847 -0.334469 2.851994 -2.262411
-0.5 -27 17 -1.856136 -0.805854 -1.788307 2.188637 1.165144 1.103677 -0.254443 -3.095535 -3.559097 3.933131 2.641611 -0.430392
-2.5 -27 17 -2.425402 -0.739132 0.016782 2.069117 -0.156698 0.853431 -2.490484 -0.665236 -0.873826 3.572411 0.146501 0.940316
-4.5 -27 17 -0.898234 -0.302115 1.145834 0.410845 1.212989 1.241402 -1.460859 0.542981 1.026483 1.056212 1.551151 0.792601
3.5 -29 17 0.038278 0.758627 3.021454 -1.095332 -0.295693 -0.087322 1.427227 -0.237885 3.869375 -3.290169 3.784317 0.116312
1.5 -29 17 0.603399 -0.27566 2.692936 -0.764513 2.874218 -0.030958 0.615562 -1.761363 1.005162 -1.202085 4.191908 0.212727
-0.5 -29 17 -0.994122 -0.242469 1.86234 2.667735 4.600515 0.014472 -1.480698 -2.947434 -1.090466 6.1455 3.291217 1.085605
-2.5 -29 17 -1.704269 0.089182 2.168146 0.260222 0.655829 -0.542307 -1.928929 -0.615648 1.308483 3.813146 0.607487 1.417679
3.5 -31 17 0.231576 -0.383522 3.856619 -1.063854 1.07056 -1.175377 0.952921 -1.529733 3.754727 -2.02091 3.758658 -1.272586
1.5 -31 17 -0.166248 -1.391206 3.250471 -1.282977 4.029539 -1.363146 -0.233762 -1.166197 1.422031 0.311695 4.465291 -0.024181
-0.5 -31 17 -0.705347 -3.133657 3.727623 -1.340761 5.788256 -2.470046 -2.6259 -1.506547 0.284899 4.831353 3.408755 2.285219
-2.5 -31 17 -0.156633 -3.404961 4.251904 -3.700443 1.367491 -1.771425 -0.77231 -1.345813 3.246636 2.966389 0.964859 2.621864
-4.5 -31 17 0.714292 -2.257368 1.254581 -2.032185 0.648122 0.006145 1.350289 -1.692773 0.998811 2.283576 0.74028 1.741355
3.5 -33 17 3.539701 0.590595 5.511429 0.774676 3.024296 -0.547755 2.019528 -2.762385 3.784415 -0.782639 2.377658 -1.137136
1.5 -33 17 1.338043 -1.266886 5.043196 -0.515702 4.76263 -2.191716 0.814617 -2.256128 2.492342 -0.501449 3.141503 -0.594176
-2.5 -33 17 -0.177125 -1.805282 3.491091 -1.437629 1.055504 0.556177 -1.080171 -0.639015 2.146605 3.787523 0.212687 5.079125
-4.5 -33 17 0.295657 -1.473901 0.174393 -1.684992 0.608927 0.359968 0.93615 0.582966 0.533963 2.328505 0.121078 2.919119
1.5 -35 17 2.577416 -1.841368 6.417687 -0.365389 4.680192 -3.361126 1.713649 -0.379212 3.278651 -2.127658 1.602466 -0.634171
-2.5 -35 17 -1.492397 -0.853419 1.112753 0.056879 0.62952 -0.000957 -3.17024 -0.294002 -0.249464 3.954415 -0.760426 3.465078
-4.5 -35 17 -0.866709 -0.943752 -0.867617 -0.183928 0.383289 -0.173365 -0.999796 0.513178 0.008487 2.402653 -0.721333 0.891989
1.5 -37 17 1.800869 -0.832805 5.975607 0.161308 3.901642 -2.15538 0.789954 1.998082 3.343907 -2.570242 1.109006 -0.306984
5.5 -39 17 0.748967 -0.132197 1.729895 -1.418485 -0.753518 -1.407205 1.489665 1.434405 0.927982 -0.054181 -0.022642 -2.461308
1.5 -39 17 0.346611 0.12829 3.533725 -0.157409 2.795835 -0.681403 -0.946803 0.694968 2.220172 -1.478914 1.034244 -1.272882
3.5 -41 17 -0.873821 -0.690785 -0.27932 0.757215 -0.047552 -1.244636 0.846186 1.726022 1.578313 2.380781 0.947941 -2.336305
1.5 -41 17 -1.520906 -0.314888 0.149573 -0.818131 1.558697 -0.230323 -2.680115 -1.473189 0.405196 -0.020642 1.344784 -2.205275
3.5 -43 17 -1.490674 -1.023691 -0.359901 -0.181931 -0.652888 -1.318489 -0.217768 0.362936 1.775572 0.306795 -0.080322 -2.142693
1.5 -43 17 -2.74852 -0.240076 -0.558809 -0.590026 0.548987 0.562721 -2.817753 -1.089549 0.759966 -0.405046 1.759092 -0.439718
3.5 -45 17 0.995018 -0.113967 1.748591 -0.805711 0.638039 -1.396282 1.762108 -0.4248 1.494447 -1.035331 -0.361098 -1.182948
1.5 -45 17 1.606161 -0.032654 2.21882 -0.628945 0.025876 0.374651 2.397641 -0.413631 2.151607 -1.115057 -0.820699 1.025332
-6.5 -47 17 -1.532469 -2.061279 -0.553653 -2.828999 -2.274152 -1.69019 -1.154338 -0.616072 0.217822 0.863211 -1.530042 1.653304
1.5 -19 19 -0.911672 -2.242113 -0.784034 -3.283129 -2.417503 -1.912624 -0.958329 1.341268 0.861914 -0.183332 -0.658339 -1.235039
5.5 -25 19 2.342544 2.148613 3.672138 1.285064 0.758919 0.679788 1.699922 1.769413 3.745017 -0.940945 1.98039 0.407041
5.5 -27 19 2.918426 3.065804 2.686483 3.718031 1.89726 0.251202 1.562767 1.513032 2.846884 -0.527465 5.15382 -1.748928
-2.5 -27 19 1.266776 0.933101 1.639306 2.262574 0.871972 0.445582 0.853522 -1.070694 -0.497307 0.683986 1.232147 -0.469541
5.5 -29 19 2.910683 0.118133 2.502495 3.373294 2.592064 -1.069803 1.260612 -1.029 1.933268 0.233025 6.238469 -1.747084
3.5 -29 19 2.694909 1.067892 2.890913 0.098517 1.065616 -0.088202 3.634479 1.290096 1.713806 -2.432367 4.448802 -0.241616
-2.5 -29 19 1.153958 1.582674 2.631569 1.716183 0.543337 0.105356 0.763577 -0.151903 1.210169 1.672466 1.360301 -0.179315
3.5 -31 19 3.540793 0.455492 5.841132 0.978928 0.793847 0.047583 4.957982 -0.429118 5.530059 -0.698889 2.89264 0.140265
1.5 -31 19 5.579415 -1.123067 3.72046 -1.105956 3.090611 0.059477 5.596094 1.142876 1.24041 0.074783 2.131325 2.142401
-0.5 -31 19 3.581594 -1.996426 2.137755 -1.194369 3.059902 -0.615154 1.780641 1.283172 -0.91723 3.80882 1.067851 2.362214
-2.5 -31 19 2.162149 0.059097 3.324597 -2.248924 0.686875 -0.893009 1.550342 -0.115243 1.917951 0.091916 1.445438 0.007206
3.5 -33 19 5.373474 0.991455 8.374861 1.964934 1.293329 1.825559 5.079355 -2.498793 8.125646 0.007956 0.433143 1.402929
1.5 -33 19 4.77035 0.569076 4.717752 1.456565 4.011689 1.217953 4.614406 -0.191203 3.299367 0.098528 2.000083 0.716919
-0.5 -33 19 2.904607 -0.106311 1.056386 0.357279 3.103897 0.751127 1.087252 1.450568 -1.320677 2.489498 1.375564 1.159668
-2.5 -33 19 2.81104 0.526795 2.776322 -1.019094 0.616079 0.111165 2.561584 1.583497 0.650586 0.942978 0.897537 1.303833
1.5 -35 19 3.985283 0.796724 5.778145 1.567902 4.573096 0.137031 2.546335 1.011681 3.652277 -0.434723 1.574946 0.149941
-2.5 -35 19 2.504622 0.244515 2.364481 0.733184 0.799842 0.037681 2.493963 2.538626 -0.610998 2.656755 -0.307321 1.575086
-4.5 -35 19 0.579035 -0.359125 -0.108166 -0.24007 0.516334 -0.4156 1.765463 1.81751 -0.88117 2.058923 1.038594 0.67723
1.5 -37 19 3.070905 0.735689 6.331153 1.183022 4.684107 -0.821092 0.857522 2.413429 3.080522 -1.673315 1.380208 0.192793
-4.5 -37 19 -0.008625 -0.924124 0.091968 -0.91606 1.069246 0.46223 0.139143 0.553045 -0.781792 1.890045 1.023158 1.03534
-6.5 -37 19 -0.375611 0.148428 -0.183698 -1.344898 -0.182411 1.348209 -0.893768 0.624226 -0.234495 -0.639343 0.001692 1.264116
5.5 -39 19 -0.347701 0.449995 0.369283 -1.133225 0.097323 -0.807752 0.325417 2.072758 -0.044636 -0.457542 0.532849 -2.06405
1.5 -39 19 2.779521 0.848763 6.145157 0.920603 3.739491 -0.209533 0.441618 2.209355 3.034482 -1.857831 1.014458 0.311851
-4.5 -39 19 -0.118924 -1.051369 0.356833 -0.94379 0.535556 0.673029 -0.866298 0.382392 0.131481 2.129409 0.159276 0.943095
5.5 -41 19 0.954261 -0.441163 0.300658 -0.996347 -0.204042 0.478909 2.425956 1.832567 -0.002752 0.768644 0.329302 -0.659695
1.5 -41 19 2.559037 0.296064 4.32398 0.554464 2.358649 0.78694 0.250311 0.070644 2.376834 -0.981447 0.713689 -0.208481
5.5 -43 19 2.473478 -1.617878 -0.030499 -1.038647 0.327349 0.487779 2.186276 -0.258894 -1.47685 -0.463704 -0.579794 -0.859714
1.5 -43 19 0.743002 -0.001647 2.050309 0.784795 2.217942 1.778359 -0.738474 -1.451419 0.518559 -1.126759 1.893355 -0.427608
5.5 -45 19 -0.105072 -0.841469 -0.824126 -1.627851 0.140125 -1.141929 -1.559486 -0.90235 -2.344845 -2.44178 -1.504576 -1.30154
3.5 -45 19 3.416212 -0.047005 4.478714 -1.43293 2.715736 -0.429297 2.879542 -0.423994 1.386506 -0.812553 -0.578098 0.421588
1.5 -45 19 0.749461 0.040873 2.467076 -0.497603 1.820774 1.020133 0.708812 -0.685971 0.287154 -2.38737 1.409276 -0.257356
-4.5 -45 19 -1.531716 -0.751788 -0.995997 -0.888282 0.424106 -0.137748 -1.123746 -2.726828 -0.85523 0.468433 -0.066881 -0.716569
3.5 -47 19 0.951832 0.360683 2.717656 0.477623 1.950629 -1.396213 1.507737 0.124078 1.39059 0.709306 0.49042 -1.035674
1.5 -47 19 1.241432 -0.903222 1.61222 -0.698242 0.290007 -0.725194 1.703645 -0.303035 0.359496 -0.883509 -0.322305 -0.733813
-4.5 -47 19 -1.082816 -0.760331 -0.97318 -0.888104 0.14525 -0.188202 -1.034083 -1.706549 0.106344 0.015262 0.931184 0.429188
3.5 -49 19 -0.279361 -0.573049 1.189379 1.007208 1.113907 -0.032851 0.14338 -0.326542 0.586567 1.768818 1.030304 0.950652
1.5 -49 19 0.246484 -1.410679 -0.174962 -1.307168 -0.291335 -0.745694 0.408123 -0.662053 -1.325636 -0.691176 -0.059674 0.376179
-4.5 -49 19 -0.669018 -0.036978 1.219115 -0.152699 0.742573 -0.09325 -1.349593 -1.484565 2.210274 -0.882428 1.726856 0.796481
5.5 -29 21 4.174507 -0.002131 4.916939 2.430539 1.638369 -1.718688 3.70784 0.857549 2.575083 0.960915 3.601593 0.649855
-2.5 -29 21 0.553524 1.340251 1.37246 1.808285 1.379007 -0.36534 -0.024932 0.568098 0.306024 -1.348299 2.26224 0.320957
7.5 -31 21 4.31136 1.04379 8.520516 0.489914 2.32052 0.497702 3.048099 4.033149 5.856843 -0.784434 4.041809 0.975994
5.5 -31 21 5.613247 0.232333 7.286617 1.916918 1.928276 0.439491 5.076883 2.358165 5.113492 1.766208 4.297059 1.626636
3.5 -31 21 5.492226 2.46597 9.017307 2.504774 0.625067 1.592602 7.679583 3.018608 7.996704 0.022642 2.939643 2.906151
-2.5 -31 21 0.455293 0.011238 1.364844 0.053143 0.913878 -1.360349 -0.061304 -1.190907 1.176531 1.172518 2.433211 -1.400971
5.5 -33 21 5.35443 1.622776 8.159248 2.023653 1.484115 2.785503 3.939931 1.822627 6.939833 -1.062158 3.421854 3.696294
3.5 -33 21 6.548913 2.169227 11.19335 3.135787 -0.451279 3.464274 8.268004 0.844948 11.00383 -0.112844 0.378626 3.871258
1.5 -33 21 5.490541 1.638018 3.605182 4.091432 -0.685569 3.645467 7.959423 0.737667 4.244279 0.695004 -0.001724 3.790605
-0.5 -33 21 1.982578 2.259452 -1.052104 4.457484 -1.596678 1.392613 2.996003 0.5064 0.1347 5.656922 -0.125406 -0.113944
-2.5 -33 21 1.182918 0.922645 1.331663 1.737574 0.878067 -0.349826 1.248085 -0.258774 1.650354 4.136447 2.348896 -1.029547
3.5 -35 21 5.845982 -0.407374 9.637339 0.83807 -0.661919 1.489651 5.024045 -1.176929 9.995395 -1.119907 -1.551361 2.919444
1.5 -35 21 4.533259 1.311084 4.132573 3.998885 -0.72898 2.958888 4.93183 -0.357104 4.724365 -0.730848 -0.29852 2.226485
-2.5 -35 21 1.438618 1.394334 1.615476 3.550696 0.966589 0.187881 2.638053 1.365711 1.651609 4.286622 1.712294 0.029778
1.5 -37 21 3.767483 0.981785 4.785338 2.112182 1.118679 -0.215027 2.617321 1.581373 4.128116 -1.039853 1.384201 0.589846
-2.5 -37 21 1.180559 -0.694231 2.525759 0.19239 1.767323 -0.094894 2.051689 -0.39262 1.231497 1.310958 1.754185 2.353696
-4.5 -37 21 0.88961 -1.651029 1.235387 -1.306391 1.858909 0.399688 1.157431 1.065401 0.208081 2.198205 3.246733 3.493885
-6.5 -37 21 1.458451 -0.390927 0.975782 -1.394521 1.372953 -0.313948 1.10427 1.337283 1.76176 -0.426495 2.237845 1.495396
3.5 -39 21 4.023301 1.952042 6.082479 1.955548 1.812793 -1.465533 2.288269 6.228692 5.546522 2.144445 0.290729 2.812215
1.5 -39 21 4.418701 0.44396 5.743958 1.645785 3.375772 -1.719622 3.358075 3.629147 3.577588 -0.504873 3.22792 0.766597
-2.5 -39 21 0.728558 -0.685298 1.682891 -1.017059 2.097545 0.087395 0.032374 -1.198533 -0.020228 -0.102809 3.232493 0.240672
-4.5 -39 21 -0.297411 -0.820298 -0.010074 -0.518457 1.081379 -0.34584 -1.029521 1.574128 -0.041032 2.153066 3.719579 1.252021
-6.5 -39 21 -1.349105 -0.451404 -0.725863 -2.111373 0.360628 -0.75669 -0.972281 2.350073 2.084569 0.760602 2.86831 0.866359
1.5 -41 21 5.197412 0.456592 5.587709 2.667487 4.122859 -0.733758 3.929336 2.022076 2.524384 0.356303 3.926741 0.742352
-4.5 -41 21 -1.877898 -0.36454 -0.526077 -0.235409 0.025878 -0.344033 -2.301866 0.772713 -0.376473 2.049118 1.557443 0.420853
-6.5 -41 21 -2.523199 -0.800346 0.183506 -2.946976 -0.142352 -1.124601 -1.144236 0.90656 1.311856 1.10608 1.183241 0.041047
5.5 -43 21 1.8042 0.77791 1.227118 1.199152 1.112232 1.328813 1.814475 0.904989 -0.481049 1.615577 2.645422 2.235418
1.5 -43 21 5.287899 0.994359 5.64541 3.683663 4.985367 1.09775 3.609912 -1.024984 1.757207 0.203139 4.319307 -0.682729
-4.5 -43 21 -1.820079 0.329249 0.772463 0.736369 -0.007544 -0.223241 -2.034874 -0.240717 -0.20463 2.323813 -0.577873 -1.044676
-6.5 -43 21 -2.017716 -0.701464 0.435618 -2.703552 -0.0147 -1.158454 -1.53686 -0.441706 -0.27795 0.667167 -0.494959 0.266022
5.5 -45 21 0.711964 0.722295 0.818488 0.647173 1.090979 0.726308 0.519793 -0.766666 -1.067923 -0.483675 0.022273 1.233255
1.5 -45 21 6.524894 1.492023 8.290931 2.468078 4.975419 1.866523 5.621337 0.096092 2.909224 -1.140036 2.827734 -0.233888
-4.5 -45 21 -2.006817 0.790343 0.00265 0.373761 -0.599847 -0.489657 -1.312109 0.248231 -0.607803 1.539967 -1.530828 -1.58506
-6.5 -45 21 -2.056959 -0.627143 0.446388 -3.412412 -0.029846 -0.743076 -1.599159 -0.407381 -0.192774 -0.280805 -0.566622 0.796255
5.5 -47 21 -0.672952 0.812316 0.528088 1.162797 0.667948 1.141741 0.016963 -0.728442 0.018137 -0.24947 -0.686612 0.778221
1.5 -47 21 5.686005 0.787329 7.40537 2.158907 2.952092 1.359303 5.854103 0.709277 3.756477 0.889222 1.502106 -0.191209
-4.5 -47 21 -1.77558 1.102852 0.017351 0.309541 0.743183 -0.810775 -0.827287 1.788612 0.225177 -0.167977 0.598693 -1.54038
5.5 -49 21 -0.855402 0.426785 0.127598 2.587704 -0.342857 1.756541 -0.873039 -1.062615 0.393826 0.801212 -1.108301 0.824142
3.5 -49 21 2.464103 0.531614 4.530392 2.803648 1.330928 0.951448 2.550852 0.128418 2.127597 1.585339 0.057235 0.923962
1.5 -49 21 3.605212 0.663741 4.364437 2.045447 1.593187 1.253293 3.061753 0.816188 1.324522 1.955382 0.142625 -0.526849
-4.5 -49 21 -1.257245 0.798811 1.47234 0.420542 1.737325 -0.812656 -0.779599 1.444834 1.513031 -1.207379 1.886049 -1.189523
5.5 -51 21 0.062179 -1.518174 -0.124375 -0.518988 -0.617725 0.326149 1.050377 -1.334592 -0.714139 0.905171 -0.025146 0.700243
3.5 -51 21 1.521762 -0.688588 1.684149 -0.06709 1.021371 -0.282185 1.361286 0.174095 0.907254 1.05281 0.968089 -0.49514
1.5 -51 21 0.299218 0.67015 2.553261 0.022285 1.255217 0.563503 -1.621526 0.758272 0.869882 -0.013533 -0.110438 -1.570192
3.5 -53 21 -0.014659 -1.919721 0.895047 -1.097619 -0.670782 -0.182701 -0.173274 -1.519476 0.694951 0.522869 -0.808668 -0.450594
5.5 -31 23 0.675303 -1.032238 1.38526 -0.179114 0.748326 -1.819425 1.695254 1.94966 0.218543 -1.341151 0.890422 0.500616
5.5 -33 23 2.125894 -0.791436 2.501068 0.675897 1.445163 -0.375653 2.471899 0.534473 2.621089 -1.350961 4.871378 1.231237
3.5 -33 23 1.840041 -0.844553 2.65535 0.655718 0.583901 0.082335 3.571063 -0.148575 2.401172 0.880714 3.971278 1.45434
5.5 -35 23 2.443925 -0.893834 1.928069 0.483469 0.960614 0.419154 1.493679 -1.532572 2.761083 -1.391701 4.864102 2.747716
3.5 -35 23 3.422815 -1.246028 2.808583 1.673613 -0.356454 -0.967079 4.433398 -1.660889 2.633697 1.462038 1.888795 1.564001
1.5 -35 23 4.628918 0.478139 1.681049 4.738237 -0.751225 -0.269006 5.220852 0.551726 2.251535 0.297281 1.815309 2.815632
3.5 -37 23 3.763943 -0.703639 1.831591 2.312876 0.082682 -1.520685 3.713308 -0.659014 1.911972 0.115912 0.78478 1.192249
1.5 -37 23 4.550047 0.746829 2.227328 5.356286 1.318117 -1.239358 4.71785 1.131327 1.521272 0.896904 3.245987 1.124104
3.5 -39 23 2.910947 1.197625 1.909366 4.260189 1.223123 -0.511818 3.243396 1.869706 1.897414 2.146925 0.990213 2.661902
1.5 -39 23 4.763891 0.383309 3.307149 5.126979 3.320713 -1.435874 5.110356 1.527597 0.923787 1.676394 4.563284 1.834215
-4.5 -39 23 1.102035 -0.691303 2.984541 1.012922 0.770766 0.040722 0.361571 0.746977 1.582317 1.577373 3.446193 -0.012061
-6.5 -39 23 2.180179 0.54038 2.252328 0.511771 0.728423 -0.302357 1.660814 2.246773 2.815454 0.947362 2.068207 0.862074
3.5 -41 23 1.031557 2.139873 1.491752 4.969388 1.811952 0.15627 2.029395 2.64974 0.760651 4.541879 1.915285 3.909138
-2.5 -41 23 -1.921504 0.108251 0.146277 0.093449 -0.175945 0.186775 -2.744423 -0.432331 -0.93149 -0.989919 2.009942 -0.565435
-4.5 -41 23 -1.531121 -0.366932 -1.34962 1.059703 -1.31796 0.710551 -1.583567 -0.940579 -1.269095 1.160936 2.055534 0.296086
-6.5 -41 23 -0.208583 -0.632565 1.602403 0.266226 -0.638213 0.533132 0.730272 -0.891551 1.574853 1.998091 0.286827 0.932597
3.5 -43 23 1.336097 1.322434 3.403886 3.127067 2.639699 0.797922 0.762814 0.031081 0.751781 2.715766 3.073572 3.276112
-4.5 -43 23 -1.105955 -0.272799 -1.214948 0.415557 -1.221944 0.881031 -1.791947 -0.474923 -1.958262 1.246324 0.550978 0.710546
-6.5 -43 23 0.253322 -1.35274 2.052723 -1.774746 -1.037454 -0.094373 0.757128 -0.895051 1.522422 1.6454 -1.350034 1.621582
-8.5 -43 23 0.119103 -1.689451 2.012969 -1.494879 0.179281 -1.497681 1.233737 -1.179608 2.099123 -0.201728 -0.125153 -0.345552
3.5 -45 23 4.388937 0.620238 9.173837 0.107929 3.459497 0.595983 2.543702 0.164137 3.931851 -0.415909 2.431064 2.457524
1.5 -45 23 7.636885 0.419753 12.8909 1.889076 6.120904 1.033821 6.785709 0.347309 6.096261 1.201198 5.097769 2.222582
-6.5 -45 23 -0.648376 -1.905616 1.303261 -3.2788 0.383993 0.63929 -0.321071 -1.757953 1.094224 0.198772 0.699485 2.716054
-8.5 -45 23 -0.780198 -1.519559 1.512482 -2.338269 0.382025 -0.763244 -0.170235 -1.109017 1.75755 -0.159801 0.6312 -0.39636
3.5 -47 23 5.298505 -0.215188 8.759997 -0.486576 2.215412 0.281828 4.69726 0.49473 4.284838 0.316145 2.139881 2.08875
1.5 -47 23 5.313579 -1.234359 7.938627 0.630678 3.755326 1.205086 4.818928 -1.014081 4.433121 1.273911 3.82759 2.696429
-4.5 -47 23 -0.914422 -1.151093 -0.84108 -1.601568 1.64013 -0.543365 0.093545 0.405777 -0.585534 -0.530485 2.621229 2.354989
-6.5 -47 23 -1.097157 -1.994689 0.050401 -2.574112 0.774522 0.510305 -1.192584 -1.743736 -0.058967 -0.828155 0.941192 2.445725
1.5 -49 23 3.647096 -0.269607 5.126353 0.650727 2.40511 1.206542 3.121179 -0.872024 2.799175 0.946904 1.70698 0.099254
-4.5 -49 23 -1.538013 -1.026384 0.250482 -0.390447 1.001932 -1.647712 -1.029882 0.372657 0.180319 0.451885 1.307996 1.191112
1.5 -51 23 0.991933 0.442623 2.758962 0.052692 2.42893 0.723151 -0.325872 0.085949 0.628029 -0.166229 1.689813 -1.055233
-4.5 -51 23 -1.195804 -1.919828 0.472795 -1.254325 0.505582 -1.493317 -1.907672 -1.318242 0.174849 1.148857 0.109972 0.558883
3.5 -53 23 0.676234 -1.507568 1.016396 -2.190558 0.741591 -1.176436 0.635474 -0.490169 0.438132 0.180715 0.601376 -0.077151
1.5 -53 23 0.947416 -0.061542 0.686056 -0.305062 1.461051 -0.178439 -0.716778 -0.90861 -0.291314 0.651493 -0.096571 -1.006461
-4.5 -53 23 -0.822981 -0.560618 1.359643 -0.152707 -0.480439 0.137743 -1.342789 -0.149581 0.656888 1.093767 -1.335988 -0.018937
-6.5 -53 23 0.028975 -0.074095 1.677787 0.030922 0.399357 0.458728 -0.70711 0.46963 0.624576 0.675354 -0.467159 0.611571
-4.5 -55 23 0.01154 0.632764 0.587264 0.254794 0.045027 -0.379205 0.354599 1.559726 0.778956 0.944754 -0.164208 -0.95941
-6.5 -55 23 0.249537 0.425908 0.475745 -1.088103 0.898801 -0.350924 0.218495 0.107887 0.084802 1.068641 0.211963 -0.743357
5.5 -33 25 0.559486 0.715924 0.972917 0.085282 1.054605 -0.302734 0.815519 1.620574 0.64415 -2.642379 1.20064 0.818491
7.5 -35 25 2.134417 -1.079336 1.730351 -0.96334 1.573977 0.253439 2.145294 0.749212 1.845032 -2.965196 3.645252 1.432778
5.5 -35 25 0.857358 -1.596847 0.583338 -0.306738 0.696936 -0.462281 1.778474 -1.873745 0.663559 -3.019317 2.46925 -0.36139
3.5 -35 25 -1.074708 -1.496836 -1.691008 0.388909 -1.804492 -2.056969 1.370919 -0.899534 -1.198117 1.163532 1.176894 -0.537341
1.5 -35 25 -1.793749 -0.31736 -2.917309 1.067369 -1.483256 -1.68778 2.231187 2.191296 -2.0573 0.684247 3.926624 2.977374
5.5 -37 25 1.8586 -1.107412 1.943826 -0.518219 -0.341983 -0.789954 2.586164 -3.376745 2.146362 -3.883898 0.161204 -1.211902
3.5 -37 25 0.725753 -0.855851 -1.674454 0.550667 -1.583034 -1.578642 3.20554 -0.811755 -0.540408 -0.197405 -0.117281 0.065966
1.5 -37 25 2.176607 0.882546 -0.868602 1.014409 0.199875 -0.914922 5.880837 2.020761 -0.217407 -0.761845 2.501616 0.955326
3.5 -39 25 1.813947 0.974022 1.46564 1.698103 -0.053744 -0.434251 3.837663 0.665762 2.615625 0.338435 0.177181 0.77986
1.5 -39 25 3.9112 1.025971 2.234082 1.231329 1.21321 -0.138736 5.895822 1.989922 1.981584 0.025232 1.285572 1.195759
3.5 -41 25 0.704643 1.31745 2.581038 2.418377 0.758004 -0.477185 3.227011 1.097875 3.096229 3.08344 2.047369 0.505271
3.5 -43 25 0.834963 0.214509 1.832671 1.49779 0.815414 0.454511 1.808385 -0.715044 1.238277 2.788726 2.78268 1.569268
1.5 -43 25 3.173829 -0.204474 4.540942 -0.202271 1.278552 -0.719106 3.385389 0.028045 1.481032 1.443267 3.198782 -0.517158
-4.5 -43 25 -2.681819 -0.96068 -3.147173 -0.215612 -0.431713 1.23886 -0.997183 -1.202751 -2.0734 1.614579 1.826114 2.840859
-6.5 -43 25 0.687398 -0.277234 0.725813 -0.538815 -0.430799 -0.021195 3.5332 -1.210234 1.763723 1.33889 2.027166 1.55916
3.5 -45 25 1.559322 -0.954815 3.919055 -0.122977 0.762603 0.430033 0.418839 -0.917962 2.13208 0.831595 1.240281 1.853386
1.5 -45 25 3.962237 -1.056302 5.426529 0.612903 1.845417 -0.296121 3.257332 -0.94356 2.744206 1.372507 2.68122 1.163684
-2.5 -45 25 -4.804922 -1.015018 -1.854592 -2.40476 2.702118 -0.482752 -3.925297 0.566368 -2.383175 -0.715584 3.659527 1.864874
-4.5 -45 25 -3.300452 -0.87953 -3.021701 -2.283349 1.844718 -0.076729 -1.383472 0.121752 -2.077836 -1.451478 4.835026 2.125219
-6.5 -45 25 -0.893713 -0.752076 -0.847483 -2.125988 0.293548 -0.77749 1.842822 -0.708225 0.674288 0.275824 3.798296 1.10875
-8.5 -45 25 -0.56549 -0.413344 0.208038 -1.666729 -0.383323 -0.448166 1.360213 -0.285583 1.584108 -0.238079 2.08011 -0.368238
1.5 -47 25 1.556813 -1.709565 1.757207 0.491304 1.260135 0.677596 0.547333 -2.410793 0.692002 0.679781 2.069657 1.139659
-4.5 -47 25 -1.482327 -0.881825 -3.451216 -2.037617 1.452927 -1.510644 -0.389508 0.850865 -2.703268 -0.740388 4.601298 1.807378
-8.5 -47 25 0.017642 -0.51136 0.592846 -2.242911 -0.15052 0.016719 1.145815 -1.275642 -0.052534 -1.649793 1.083139 -0.078185
1.5 -49 25 1.097504 -0.371103 3.436721 0.555452 1.690112 0.817104 -0.521416 -1.93474 1.632597 0.000896 0.975324 -1.559386
-4.5 -49 25 0.509165 -1.19969 -0.729171 -1.458932 0.119297 -3.250258 -0.1274 0.330994 -1.146301 1.435068 0.950942 0.185555
-6.5 -49 25 -0.350817 -1.024907 -0.844338 -0.941222 -0.287043 -1.870285 -0.01102 -1.031145 -0.364843 0.673504 0.919904 -0.773543
3.5 -51 25 -0.833716 -0.857961 0.856602 -2.112178 0.879007 -1.708509 -1.411061 0.496379 0.931519 1.216428 1.709743 1.048171
1.5 -51 25 0.483218 0.699952 2.042176 0.214289 1.490445 0.385398 -0.721662 -0.020931 0.262176 0.131571 0.810472 -1.982969
-4.5 -51 25 0.46361 -2.208263 1.52964 -2.507614 0.462373 -3.664302 -0.648375 -1.254975 -0.159044 1.20123 -0.401968 -0.980267
3.5 -53 25 -1.104617 -1.69171 0.608617 -2.618628 1.051219 -2.635582 -0.838934 -0.233062 0.614138 1.824169 1.504518 -0.632936
-2.5 -53 25 -1.427641 -1.045801 0.804608 -0.664862 0.0061 -1.489809 -1.11149 -0.907553 0.825557 -0.025974 -0.341154 -1.234363
-4.5 -53 25 -0.258297 -0.011411 1.593052 -0.661158 -0.469986 -0.99593 -0.588508 0.032138 0.660084 0.280804 -1.633681 -0.491071
-6.5 -53 25 0.536281 1.169392 1.937432 0.276428 0.603439 -0.035291 -0.619903 1.121977 1.008005 0.871139 -0.542966 -0.269668
-8.5 -53 25 0.597203 0.036611 1.704436 -2.029644 1.598945 1.307756 -0.36511 0.222206 1.239816 -0.487722 1.512232 0.093626
-2.5 -55 25 -1.031955 -0.65729 0.435219 -0.0724 -0.542808 -0.284803 -0.518983 -0.590924 1.455558 0.844952 0.323258 0.264946
-4.5 -55 25 -0.139498 0.39024 1.163979 0.242753 0.222563 0.16903 -0.015984 -0.186387 1.496316 1.319067 -0.224008 0.40651
-6.5 -55 25 0.273396 0.982564 1.100484 -0.383155 1.134442 0.35358 -0.446037 0.528102 0.575243 1.836897 0.324037 -0.031409
-8.5 -55 25 1.748583 -0.015211 2.261563 -1.723359 1.916976 1.197996 0.66303 0.109805 0.972003 0.745892 1.248429 -0.319126
7.5 -37 27 1.979919 -0.852277 3.594382 -0.72617 -0.12507 0.183962 2.64827 -2.597767 3.360791 -2.951543 0.353808 -0.107188
5.5 -37 27 2.82461 0.355456 3.676724 -0.166876 -1.013295 -0.160235 3.633079 -2.066116 3.307976 -2.809204 -1.91715 -1.787551
3.5 -37 27 3.052461 -0.204597 -0.740117 -0.220036 -1.804044 -1.374399 2.448203 -0.251397 0.181789 -0.868122 -3.114217 -1.061057
7.5 -39 27 2.786767 -0.440304 4.530744 -1.143253 0.743573 -0.860159 3.564032 -2.550293 2.372385 -3.051515 0.652787 -0.321929
5.5 -39 27 4.876632 1.106174 7.261808 -0.356725 1.079373 -0.662034 4.871101 -1.258542 5.670201 -2.617553 -0.81434 -1.05067
3.5 -39 27 3.521989 0.244363 1.726288 -0.35951 -0.179994 -0.950961 2.593131 -0.831049 2.136896 -1.052199 -1.384032 -0.770497
1.5 -39 27 2.003649 -0.042546 0.864826 0.104294 0.234283 -1.039903 2.256725 1.197349 1.131081 0.396821 -0.104167 0.574146
1.5 -41 27 1.295731 -0.00729 1.506135 0.153656 0.56172 -0.255526 3.283713 1.243285 0.676174 0.338973 2.940164 0.096822
1.5 -43 27 0.667345 -0.61848 1.095112 -1.799037 0.317783 -0.896982 2.331682 0.47858 -0.692994 -1.466949 3.220682 -0.742565
-4.5 -43 27 -1.922678 -2.359341 0.289155 -2.292073 -1.278209 -0.126582 0.281072 -0.889059 1.55128 3.353408 0.641112 3.071772
1.5 -45 27 1.174627 -0.080914 1.228364 -0.468996 0.557846 -0.708454 0.572277 0.67277 0.005722 0.153036 0.938943 -0.279579
-2.5 -45 27 -5.431408 -0.740569 -2.656593 -3.22548 0.636541 0.384953 -4.103781 0.149427 -1.45112 -0.461434 2.952142 1.101495
-4.5 -45 27 -5.99285 0.599057 -3.342538 -0.345358 0.066487 -0.263488 -2.827628 0.765652 -0.724088 1.497907 4.522185 -0.318972
1.5 -47 27 -0.197493 -0.844325 0.722005 -0.429031 0.900253 0.351843 -1.818401 -1.299717 -0.240036 -0.028629 0.717882 0.447088
-2.5 -47 27 -3.788424 -1.165879 -2.71159 -2.110588 -0.152309 0.154238 -2.537623 -0.21268 -1.629477 -1.673384 2.761286 0.912922
-4.5 -47 27 -4.403655 0.665188 -4.990017 -0.771019 -0.960947 -0.654002 -2.532377 2.194144 -2.731791 0.839571 3.310265 0.509351
-6.5 -47 27 -2.267188 0.297142 -2.387711 -1.276748 -1.319449 -1.426674 -0.868206 1.462918 0.621956 0.220907 1.573796 -0.349554
7.5 -49 27 -1.800809 -2.230685 -0.571128 -4.73978 -0.543945 -2.047249 -1.236691 0.536068 -0.266607 0.831918 0.805514 0.847266
1.5 -49 27 1.417218 -0.283178 3.275317 -0.08095 1.675497 0.558783 -0.665843 -1.55569 1.474427 -0.345495 0.399653 -1.459962
-4.5 -49 27 -0.944613 -0.208207 -0.26378 -1.702237 -1.147951 -2.195621 -1.595625 1.454469 -0.439757 1.222426 -0.035277 -0.882259
-6.5 -49 27 -1.557009 -0.387291 -0.422792 -0.905001 -1.052533 -2.266124 -1.040966 0.782612 0.6847 0.246649 0.306077 -1.914519
9.5 -51 27 -1.210592 -0.87494 0.671521 -0.57319 0.321176 0.613677 -0.801489 -0.011723 0.605489 0.399572 0.310044 1.114254
7.5 -51 27 -0.556371 -1.296526 0.39528 -1.953199 -0.344527 -0.822311 -0.997427 0.003068 0.64411 0.475436 1.371373 1.03592
5.5 -51 27 -0.922816 -1.660411 0.180986 -2.474361 -0.336139 -2.361851 -1.318284 0.192229 -0.210593 1.141286 2.417485 0.328221
3.5 -51 27 -0.732744 0.154326 1.136839 -1.075324 0.569848 -1.665762 -1.167384 1.09368 1.546873 0.613027 2.637818 -0.900355
1.5 -51 27 0.014065 0.971158 0.506265 -0.214966 0.05725 0.084387 -0.732291 0.25994 -0.134806 -0.252857 0.550593 -2.273579
-4.5 -51 27 -0.613569 -1.699769 1.036838 -2.565828 -0.371159 -2.827803 -0.835918 -0.246128 0.376652 -0.217657 0.280987 -2.180197
-2.5 -53 27 -0.272054 -1.60544 0.913338 -2.524618 0.497762 -1.209214 -0.217225 -0.287083 -0.129765 0.020055 1.29466 0.561002
-6.5 -53 27 1.77949 0.158018 1.254052 1.024899 0.874267 0.236536 0.622533 0.373116 0.22166 1.315244 0.456789 -0.036179
-8.5 -53 27 2.128415 -0.333262 1.360135 -0.268086 1.716544 0.654249 0.968301 0.431898 0.967971 0.472312 1.396114 0.181144
-2.5 -55 27 -0.904162 -0.900615 -1.700977 -0.491046 -0.144002 -0.378458 -0.048312 -0.030772 -1.43746 0.53933 1.614176 0.067475
-4.5 -55 27 -0.228346 -0.6219 0.395244 -0.169088 0.220341 0.014781 0.07438 -0.614011 0.496957 1.181127 0.892693 1.363466
-6.5 -55 27 0.447712 -0.305294 1.597834 0.3803 0.983905 0.255843 -0.064485 0.721865 0.782271 2.62423 0.516491 2.02403
9.5 -39 29 0.813074 -1.175485 -0.176026 1.571751 -0.57445 1.194519 2.831043 0.305578 -0.030649 0.372289 1.389695 1.485628
7.5 -39 29 1.763402 -0.109505 1.785517 0.73594 0.761927 0.317964 2.130609 1.402383 1.269576 -1.661337 -0.642931 -1.133428
5.5 -39 29 1.728568 2.007004 3.072975 0.837557 0.521384 -0.094708 2.278509 1.417888 2.54011 -0.858783 -1.576642 -2.327058
3.5 -39 29 2.027513 -0.015205 0.351555 -0.992239 -2.590097 -1.629269 2.037519 0.0247 0.603047 -0.12801 -3.479165 0.134896
1.5 -39 29 3.208046 -2.115789 -0.14454 0.198905 -1.449821 -2.528152 2.570424 1.06077 -0.878204 1.810557 -1.43135 3.225254
7.5 -41 29 1.228938 -0.976832 0.79272 -1.161821 0.319696 -0.090251 2.472704 0.782525 1.197842 -1.268427 0.205046 -0.712745
5.5 -41 29 2.44169 0.347951 3.17877 -0.627881 2.598936 1.414892 3.938749 0.662572 2.927597 -0.500404 0.815141 0.668452
3.5 -41 29 0.303893 -0.027653 0.640804 0.489562 0.482269 1.967188 1.930122 0.402798 -0.152347 2.048096 1.730467 2.413566
1.5 -41 29 1.071355 -0.200019 0.480371 1.760915 0.434068 0.587557 3.372303 2.332008 -1.215857 3.339701 3.528292 3.182487
5.5 -43 29 1.281441 -0.335145 0.319586 -0.906559 0.27134 1.682728 3.486701 0.620788 1.804605 -0.538825 -0.148751 2.289801
3.5 -43 29 0.552719 -0.167903 0.141895 -0.578406 0.332334 2.127057 2.597631 1.130784 0.422539 -0.850528 1.402986 2.901539
1.5 -43 29 0.2279 -0.373458 0.999936 -1.376944 0.590485 0.153909 2.822013 1.869507 -1.294076 -1.057134 3.62455 1.623443
-2.5 -43 29 -1.034971 -2.573388 0.562462 -4.328936 -0.849656 -0.948677 0.980529 -0.314859 1.175078 -0.919391 0.546505 3.408668
-4.5 -43 29 -0.595712 -2.39799 1.653608 -3.164349 -1.713228 -1.02156 1.275099 -0.315525 2.195246 1.27816 -0.910722 2.354774
-6.5 -43 29 1.959918 -1.529948 0.267756 -4.404511 -2.202905 -2.044208 2.991275 -0.51716 -0.312962 -4.539695 -2.429177 0.488811
5.5 -45 29 -1.150776 -0.001004 -0.673308 -0.480592 -1.961654 1.557737 0.898335 0.234334 1.204134 0.667096 -1.355646 1.511433
3.5 -45 29 0.315736 -0.264652 0.712612 0.065012 -1.073004 1.074379 2.420241 0.390185 1.410172 -0.704728 -1.446843 1.378086
1.5 -45 29 1.418308 -0.102977 1.773854 -0.421999 0.437549 -0.343119 2.537648 1.216712 -0.170267 0.322687 0.075182 0.139099
-2.5 -45 29 -2.837472 -1.675328 -2.057062 -5.592616 -0.970466 0.190433 0.361167 -0.95543 -0.561691 -1.916549 1.350382 2.632901
-4.5 -45 29 -3.168953 0.280924 -1.374415 0.918154 -1.030255 0.090552 -0.324098 -0.858055 0.612023 1.304035 1.545001 -1.092889
3.5 -47 29 -1.544158 -0.638548 -1.736733 -1.672397 -1.401747 0.530636 0.045549 -0.335232 -1.56206 -1.913431 -0.607529 0.786866
1.5 -47 29 0.400833 -1.184462 -0.7787 -1.166406 -0.044284 -0.304898 0.605743 -0.603855 -2.641064 0.164341 -1.328352 0.000973
-2.5 -47 29 -2.827131 -1.033111 -1.664016 -3.748253 -0.835585 -0.43339 0.239424 -0.289976 0.536628 -2.185674 1.063443 0.820263
1.5 -49 29 0.144569 -0.998891 -1.828572 -1.603259 -0.381063 -0.021628 -0.504412 -0.976681 -3.096245 -0.222433 -1.11222 -0.479382
-2.5 -49 29 -1.741067 -0.911225 -0.257099 -2.31554 -0.977266 -1.368204 -0.524815 0.451185 0.972984 -0.59803 0.035546 0.567127
-4.5 -49 29 -1.096851 -0.602794 0.514667 -2.01219 -1.175743 -1.275339 -1.509637 0.637278 0.976489 -0.699668 -0.92142 -0.863367
-6.5 -49 29 -0.15255 -0.639629 0.906664 -1.674126 -0.774358 -1.004382 -0.270614 0.964972 1.457846 -1.760138 -0.746871 -1.264609
9.5 -51 29 -0.335675 -1.445634 0.951055 -2.418245 -0.537452 -1.144452 -0.298588 -1.364117 1.114324 -0.286999 0.325355 0.644453
7.5 -51 29 -1.349138 -0.875669 0.849831 -1.845511 -0.547732 -1.200264 -1.450273 -0.036792 1.491256 0.020834 1.14515 -0.125645
5.5 -51 29 -1.912448 -0.008813 0.830905 -1.119235 -0.552084 -1.172317 -1.306902 1.111907 1.090166 0.214605 1.268038 0.615556
3.5 -51 29 -0.640181 0.891735 0.458302 -0.707425 -0.645375 -0.166934 0.306847 1.565952 0.984609 -0.175828 0.979928 1.416155
1.5 -51 29 -0.271371 0.332424 -1.61728 -0.911897 -1.192307 -0.315862 -0.188934 -0.126164 -2.061904 -0.430826 -0.391822 -0.077844
-2.5 -51 29 -0.010829 -1.416215 0.896765 -2.605154 -0.242108 -1.087126 0.638198 1.197372 1.296364 -0.446678 0.780613 1.565491
-4.5 -51 29 0.011068 -1.55211 0.882484 -2.733633 -0.307833 -1.113266 0.421015 0.251088 0.57298 -1.559976 -0.295883 -0.142892
9.5 -53 29 0.322372 -1.162048 -0.41528 -1.555273 0.205075 0.175351 -0.003108 -0.752368 0.47181 0.813935 1.862861 2.734343
7.5 -53 29 -0.254297 -1.485334 0.167461 -2.068645 -0.131844 -0.734298 -0.581667 0.260393 0.547236 -0.186873 1.319643 1.654024
5.5 -53 29 -0.712799 -1.218986 1.69555 -2.226404 0.034026 -1.58245 -1.037899 0.827089 1.032 -0.163477 1.26878 1.278906
3.5 -53 29 0.16694 -0.127473 2.29901 -1.318055 0.122856 -0.811052 -0.57144 1.704712 1.892766 0.001648 0.741513 1.512049
-2.5 -53 29 0.729139 -1.771082 0.646322 -2.938932 0.124922 -1.012922 1.183907 0.693281 1.017387 0.069103 1.547881 2.532159
9.5 -55 29 0.366406 -1.02908 -0.833086 -1.922287 0.574035 0.217877 0.077863 -0.285014 -0.81465 -0.421507 1.711633 1.700356
-2.5 -55 29 0.236762 -1.372482 -0.533838 -0.99943 -0.39834 -1.318508 0.922611 0.147037 -0.530706 0.500237 0.630163 0.258849
-4.5 -55 29 0.97257 -0.525969 0.236323 0.286834 -0.832388 -0.85585 2.075749 0.956475 0.925036 1.588796 -0.174105 0.807404
-6.5 -55 29 1.591282 -0.08892 0.879411 0.68257 0.103686 -0.406189 1.578811 1.569404 0.501707 2.020273 0.070834 1.332696
-6.5 -57 29 1.697248 -0.144834 0.929487 -0.026687 0.295583 -1.146353 1.91618 2.054077 0.483543 2.677864 -0.115177 0.63066
9.5 -41 31 1.764003 -0.50547 6.489541 1.553059 1.596536 0.504756 3.543775 0.705172 5.753705 1.358003 3.623813 1.235788
7.5 -41 31 1.314088 -1.823707 3.759485 2.483179 0.887158 -0.191075 3.026674 1.614941 3.811042 2.429025 0.992674 0.823515
5.5 -41 31 4.326233 -1.537151 4.851678 -0.270343 2.037346 -0.292503 5.611665 1.006197 4.511826 -0.461099 0.797789 0.768728
3.5 -41 31 5.602475 -0.330508 4.463885 -0.539574 0.729296 -0.235367 7.198832 1.863939 3.683119 0.212716 -0.209827 1.36161
7.5 -43 31 -0.293074 -0.745856 3.35788 1.668437 -0.13066 0.144514 1.19766 2.043347 3.460495 1.996022 1.868345 2.92427
5.5 -43 31 3.843819 -0.722269 4.405784 1.26488 0.243849 1.434896 5.324682 1.588666 4.592925 1.398318 0.654295 3.190833
5.5 -45 31 0.997704 -1.451514 2.609874 0.1543 -0.886232 1.482558 2.450281 -0.62739 4.342816 1.051154 0.217625 2.874325
3.5 -45 31 3.09784 -1.054899 4.394676 -0.673044 0.311343 0.957082 6.187627 -1.490543 4.699336 -1.49931 0.316773 -0.010299
-2.5 -45 31 -0.711062 -3.522618 -1.51526 -5.369483 -1.042771 -1.751825 1.741435 -1.333438 0.330393 -0.689888 -0.030298 3.5678
-4.5 -45 31 -1.597967 -1.621215 -0.873968 -1.523937 -1.038298 -1.085226 0.023813 -1.265161 -0.052562 0.067786 0.158066 -0.092907
-6.5 -45 31 0.206639 -0.948151 0.352901 -1.745323 -2.144265 -0.989241 1.355709 -1.061443 1.002469 -2.640453 -1.596575 -1.965178
5.5 -47 31 -1.772879 -1.033703 -0.305114 -1.893934 -1.379041 0.642243 -1.400664 -0.97915 1.378556 -1.455133 0.156026 1.144127
3.5 -47 31 1.287301 -2.151286 0.313626 -2.233008 -1.252681 -0.242009 3.135346 -2.8893 0.409625 -2.579079 -1.197015 -0.425475
-2.5 -47 31 -1.705679 -2.855914 -1.774587 -4.620686 -1.33683 -1.87455 1.24371 -1.685858 1.361142 0.304593 0.476068 2.371261
-4.5 -47 31 -0.745648 -1.685669 -0.546284 -1.38402 -0.013391 -1.285304 0.118294 -1.966965 1.123446 -1.707388 0.799352 -1.033103
9.5 -49 31 -1.400829 -0.270404 0.979792 -0.272768 0.18501 -0.981344 -1.855991 -0.6253 1.993168 1.747397 0.276666 0.179184
7.5 -49 31 -2.058575 -0.444306 -0.236009 -1.706553 -0.655655 -0.138006 -1.661462 1.123172 1.600232 0.259276 -0.148119 0.934117
5.5 -49 31 -2.016513 -0.534434 -0.100532 -1.40114 -0.33224 0.39592 -0.615856 0.810379 1.017244 0.359154 0.410937 1.784626
3.5 -49 31 0.16716 0.075832 -1.026483 -0.612957 -1.124753 -0.00462 2.000571 -0.829654 -0.989834 0.589603 -1.026957 -0.178162
1.5 -49 31 2.131152 -0.213231 -1.583296 -1.105829 -1.648421 -0.604629 3.387309 -0.323566 -3.075674 -1.094439 -2.82014 -1.059194
-2.5 -49 31 -1.043838 -1.516524 -0.875004 -2.800159 -1.38942 -1.446585 0.330917 -0.965623 0.515544 0.131063 0.12377 0.505594
-8.5 -49 31 0.463085 -1.181515 2.400411 -1.30056 -0.438242 -1.382995 0.134642 0.224851 1.84728 -0.892968 0.233231 -0.127149
-10.5 -49 31 0.847801 -1.278691 2.758787 -0.948729 0.931052 -1.650628 0.925393 0.185529 1.955914 -0.277142 0.579494 0.595618
9.5 -51 31 -1.102917 -0.652791 0.895237 -1.542298 1.055064 -0.992319 -0.90572 -0.824224 0.802399 0.388669 1.10854 0.387358
7.5 -51 31 -0.510148 -1.562999 1.246759 -2.37905 0.995575 -1.165331 -0.068311 -0.372952 1.260771 -1.217558 1.793016 0.825257
5.5 -51 31 0.065954 -0.468632 2.359949 -0.252861 1.18523 0.181509 1.619978 0.423336 2.224365 0.721719 1.88236 2.289326
3.5 -51 31 1.536719 1.186762 0.784953 1.701311 -0.029209 1.636821 2.970066 0.70903 0.228397 1.901163 -0.312409 2.683617
-2.5 -51 31 0.969386 -0.802494 0.901675 -2.4805 0.139541 -0.813475 1.468094 1.021534 1.112096 -0.171711 0.539777 0.450373
-8.5 -51 31 2.246449 -0.735944 2.218416 -2.055293 0.357127 -1.200778 1.654809 0.175524 1.705206 -2.559098 -0.059657 -0.069991
-10.5 -51 31 2.561375 -0.064423 3.446414 -0.320663 0.895235 -1.42778 2.647736 1.361366 3.167159 -0.846809 0.570776 0.318964
11.5 -53 31 -0.396487 -0.028471 -0.655972 -0.438049 0.153046 -0.222776 -0.229213 0.797413 -0.1922 -0.050691 1.051346 0.955885
9.5 -53 31 -0.533738 -0.666624 -0.469484 -0.768094 0.460845 0.068991 0.148189 0.196284 -0.314752 0.527208 1.503116 2.01468
7.5 -53 31 0.236483 -1.759016 1.358341 -1.440747 0.30224 -0.759519 0.494202 -0.327911 1.286228 -0.823171 1.633145 1.763728
-2.5 -53 31 0.787407 -1.023279 1.181353 -2.245788 0.540627 -0.59582 0.970011 1.035402 2.345788 -0.139928 1.067024 1.713829
-4.5 -53 31 1.484094 -0.811556 0.623524 -0.435364 -0.094389 0.029642 2.457778 0.057595 2.402823 -0.974365 1.10839 1.462482
9.5 -55 31 0.383704 -0.610131 -0.293072 -0.791696 -0.102149 0.042079 0.875204 1.32258 0.176932 0.605444 1.1005 1.742014
-2.5 -55 31 -0.703323 -0.835858 1.022809 -1.360415 -0.044831 -0.091014 -0.600108 0.601018 2.062663 -0.985342 0.892646 1.171039
-4.5 -55 31 0.533615 -0.517923 0.309984 -0.713552 -0.312163 -0.521941 1.786751 1.280203 1.995432 -0.706341 0.931901 0.671955
-6.5 -55 31 0.508913 -0.335859 -0.236037 -0.302544 0.036923 -0.066134 1.040397 1.0029 0.565882 -0.259158 1.087958 0.957493
-8.5 -55 31 1.162017 0.604699 1.072172 -0.157732 0.756862 0.842077 0.81598 1.383029 1.101004 -1.28233 1.81609 1.648008
9.5 -57 31 0.302428 -1.014803 -1.207246 -1.432679 -0.353352 -0.443382 1.149507 2.625847 -1.656603 1.427631 -0.903686 0.441644
-6.5 -57 31 0.27413 0.548464 0.415411 -0.29563 -0.067954 0.096155 0.955462 2.762825 1.355788 1.590834 0.723255 1.221196
9.5 -41 33 1.391864 -0.228707 5.124788 1.459206 1.2362 0.35657 3.440637 2.062627 5.551578 1.439513 3.598027 2.417381
9.5 -43 33 -1.074569 -1.061918 2.939113 0.670843 0.349871 1.07722 1.606545 0.961962 4.068255 0.463077 5.370301 2.136716
7.5 -43 33 -0.798884 0.899721 4.756237 4.776628 0.728639 0.712092 3.091137 3.498991 5.246763 3.2412 6.235597 2.483655
5.5 -43 33 2.304148 1.18052 6.395913 4.142627 0.688152 0.586085 5.061534 3.954746 7.438575 1.733399 3.460945 1.907352
5.5 -45 33 0.511672 -0.719602 5.993684 2.550789 1.111434 0.631184 2.1787 -0.867072 6.929012 2.338757 4.566029 0.655048
-4.5 -45 33 -2.213583 -3.08817 -1.001951 -6.013747 -2.027432 -2.798975 -0.67834 -0.372764 1.182742 -3.413923 -0.206447 -0.270369
-6.5 -45 33 0.581306 -2.015312 1.059314 -5.286086 -1.777454 -2.373213 1.083933 -1.417328 1.00024 -4.908208 -1.704413 -2.106913
5.5 -47 33 -1.048502 -1.831143 0.869934 -1.577238 -0.425908 -0.246819 -0.241209 -2.580345 1.780916 -1.555968 1.997832 -0.966348
3.5 -47 33 2.464318 -2.268954 1.847358 -1.707063 -0.048651 -0.22126 4.643144 -3.018744 2.588058 -1.922803 1.880236 -1.183494
-2.5 -47 33 -1.351166 -4.817848 -1.287451 -7.510698 -3.341946 -3.785061 3.812148 -1.037927 3.592974 -2.159764 2.446876 3.71993
-4.5 -47 33 0.292573 -2.411661 -1.028969 -4.052691 -0.808805 -2.043602 2.267783 -1.715716 0.703453 -3.53357 0.140123 -0.086424
-6.5 -47 33 0.622625 -1.462006 0.045973 -0.940272 -0.050128 -0.994729 1.211612 -1.063823 -0.336872 -0.500192 -0.143675 -0.24313
-8.5 -47 33 1.123576 -1.688109 0.892887 -0.609454 -0.902788 -1.38818 1.707845 -0.771602 -0.677973 0.546313 0.37616 -0.840685
7.5 -49 33 -0.713893 0.231545 0.874683 -0.877291 0.123976 0.549095 -0.693241 0.777831 1.127445 0.122857 1.049742 0.988176
5.5 -49 33 -0.888981 -0.505566 -0.622591 -1.577422 -0.022533 0.438414 0.616599 0.014928 -0.133686 -0.524569 1.978402 0.550325
-2.5 -49 33 0.25742 -4.254762 -1.646993 -5.652443 -2.08948 -2.657116 3.625381 -2.393125 0.703862 -2.12326 2.696863 0.889394
-4.5 -49 33 2.484837 -2.948043 0.039291 -3.589771 0.302326 -2.390415 3.356444 -1.172562 0.565721 -1.428902 -0.15845 0.611535
-6.5 -49 33 1.252568 -1.480533 0.74043 -0.297312 0.197864 -0.303301 0.843587 0.450497 0.013749 1.713588 -0.075039 1.257278
-8.5 -49 33 1.32124 -1.507082 1.613719 -0.487609 -0.002943 -0.355874 1.656484 -0.064506 0.635798 0.524413 1.520234 0.263058
9.5 -51 33 -1.186862 -0.432591 -0.669517 -0.503273 0.453799 -0.766195 -0.799888 -0.755301 -0.220856 0.407601 0.869401 0.693989
7.5 -51 33 0.312954 0.004429 0.964753 -0.898848 1.667159 -0.213228 0.474456 -0.048514 0.696851 -0.581141 1.825589 1.338347
5.5 -51 33 0.41243 0.06764 1.572701 -0.284805 1.367679 0.275307 2.356797 -1.057345 1.105946 -1.381043 2.525942 0.857937
-2.5 -51 33 -0.445069 -2.462074 0.771829 -2.72594 -0.073661 -0.650358 1.049776 -1.96117 0.717669 -1.450175 2.802249 -1.421529
-4.5 -51 33 1.931097 -2.577233 3.131331 -1.576715 1.265785 -0.332914 3.067839 -1.512078 2.285652 -1.237689 2.33462 1.893824
-6.5 -51 33 3.295313 -1.552563 2.715427 -1.129774 0.554895 0.177872 3.731085 0.403968 1.974111 -0.255262 0.838768 2.542568
-8.5 -51 33 3.331766 -0.960733 3.330171 -1.390177 0.686793 -0.40872 3.412663 -0.223543 2.500736 -1.097271 1.102497 0.302762
-12.5 -51 33 1.371533 -0.151509 1.732614 -0.720143 0.088773 -2.047495 1.472679 1.043165 1.172821 -0.085965 0.456119 0.056427
7.5 -53 33 0.088593 -0.402746 0.534994 0.401316 0.548774 -0.622859 0.82873 -0.230533 0.847739 -0.647056 1.911361 0.939507
5.5 -53 33 0.971826 -0.107007 3.806468 1.222585 1.430758 -0.223965 1.753057 -0.547067 3.314917 -0.653451 3.167454 0.212486
-2.5 -53 33 0.785094 -1.135204 1.091109 -1.457906 0.524918 -0.275431 0.935403 -1.28739 1.371135 -1.834896 1.283111 -1.427088
-4.5 -53 33 1.888745 -1.436577 2.189461 0.462302 0.615977 1.142051 2.244553 -1.241876 2.62522 -0.806943 0.915859 2.643872
-6.5 -53 33 2.244881 -0.846963 2.977447 0.351853 0.781376 1.815535 2.752552 1.224816 2.88021 -0.061484 0.957986 4.060303
-8.5 -53 33 2.198767 -0.188277 3.283526 -0.51612 1.752329 1.254977 2.118599 1.504042 2.770698 -0.103513 1.147524 2.473858
-10.5 -53 33 3.390384 0.054044 4.211371 0.763175 1.402143 0.562485 2.877473 0.428109 2.936005 0.442069 1.326967 1.192842
-12.5 -53 33 2.174553 0.066329 2.457401 0.134963 0.197173 -0.734014 1.781006 0.597155 1.462896 -0.595942 0.548867 -0.114089
9.5 -55 33 1.463036 -0.303169 0.548609 0.814786 -0.011049 1.028333 2.233126 0.34587 1.512046 -0.048098 0.529268 -0.033117
7.5 -55 33 -0.005632 -0.44485 0.635423 1.034325 0.106781 1.102531 1.54293 -0.039458 1.98867 0.870314 1.705211 1.033804
-4.5 -55 33 0.337623 -0.653272 0.628604 -0.305142 0.300185 0.021815 0.408801 0.310092 1.64453 0.030969 0.909789 1.568955
-6.5 -55 33 0.630879 -0.310947 0.633523 0.907822 0.91676 1.089018 0.16706 1.061305 0.734761 1.530365 1.252534 2.17221
-8.5 -55 33 0.755952 0.588421 1.509439 0.524094 1.834911 1.598564 -0.017125 1.051488 1.005083 0.089951 1.841828 1.843161
-10.5 -55 33 2.148579 -0.129017 3.059206 -0.43948 1.533965 0.962175 1.359062 -0.294158 2.335914 -0.741495 1.956597 1.601948
9.5 -57 33 0.859458 -1.431493 0.006047 -1.027815 -0.549831 0.844682 1.470737 0.649788 -0.244278 0.721475 -1.826641 0.942836
7.5 -57 33 -2.086276 -1.469292 -1.451031 -0.313092 -0.497259 1.515533 -1.226121 0.506805 -0.788664 1.87773 -1.105453 2.415224
-8.5 -57 33 0.873082 0.958331 2.345243 -0.744521 -0.093686 1.640385 1.537055 1.890852 2.557896 -0.127181 0.014278 1.456494
-10.5 -57 33 1.548541 0.372676 2.353091 -0.445648 0.058515 0.61635 0.987835 1.073404 1.671911 -0.589417 0.051901 1.181919
7.5 -45 35 -2.622638 -1.132396 2.358566 0.026386 -0.947184 -1.828176 -0.161128 -1.234248 2.671917 0.294905 2.964274 -1.196542
5.5 -45 35 -0.523222 -0.248684 1.18844 1.274097 -1.00732 -1.403954 1.909201 -0.463357 0.855071 1.41545 1.954295 -1.733453
5.5 -47 35 -1.176945 0.170221 0.065428 0.209136 -1.469527 0.510728 0.779732 -0.418928 0.564477 0.060101 1.831385 -0.731543
3.5 -47 35 -0.863665 -1.119692 0.008702 -0.739627 -1.235811 -0.519105 1.737011 0.507784 1.275763 0.999653 2.468434 0.089664
5.5 -49 35 -2.016611 -1.15352 1.317834 -0.681139 -0.323078 -0.449139 0.584669 0.175344 2.429536 0.440357 3.960838 -0.270227
3.5 -49 35 -2.060862 -1.70973 0.632189 -1.33002 -1.571476 -1.564407 1.794627 -0.142761 1.534905 -0.647276 3.381341 -2.262238
9.5 -51 35 -0.635013 -1.13464 0.216903 -2.167504 -0.686017 -1.384113 1.306845 -1.099609 1.095401 -2.458379 1.883936 0.146224
7.5 -51 35 -0.483859 -0.734613 1.020169 -1.46732 0.050348 -1.023098 1.042181 0.524554 2.289125 -1.463514 2.863763 0.228113
5.5 -51 35 -1.462431 -1.673869 1.69042 -0.642315 0.126958 -1.388909 1.593415 -0.637072 2.798349 1.241613 4.260664 -0.273169
9.5 -53 35 -0.339074 -1.213568 -1.222803 -1.7917 -1.542989 -1.410179 1.515777 -0.295814 1.285789 -1.175444 0.993301 -0.834627
7.5 -53 35 -0.808255 -0.570522 -0.230352 0.474978 -0.500238 -1.6097 0.948194 0.879132 1.206343 1.314711 2.57241 0.057504
5.5 -53 35 -1.383214 -3.093177 2.142162 0.259609 0.111076 -1.428017 0.933446 0.192113 2.795777 6.066632 4.639473 3.529933
-4.5 -53 35 5.878214 -0.892332 5.48446 -1.377349 0.531245 0.066962 6.835809 0.17713 5.050979 -3.694471 -0.593526 2.172046
-6.5 -53 35 5.02362 0.421454 6.106345 0.748213 1.958402 1.575318 5.823321 0.838327 4.994415 -0.26945 1.525702 3.713992
-8.5 -53 35 2.854501 -0.648426 4.152498 0.617373 1.802774 0.410747 3.200686 -0.301128 2.909945 1.773909 2.170235 2.513119
9.5 -55 35 0.562323 -0.79109 -0.729044 2.839916 -1.781357 0.884689 1.991889 0.680315 0.681284 3.026981 0.110654 0.357831
7.5 -55 35 -1.461004 -0.406607 -0.541831 1.802504 -0.470004 0.212886 0.398177 2.04102 0.727129 4.464894 0.74222 1.540704
-8.5 -55 35 2.318248 -0.602132 2.005574 -0.201387 -0.001836 0.323581 2.907217 -0.70769 1.175132 -1.491242 0.348099 1.494862
-10.5 -55 35 3.35506 -1.616891 2.116072 -0.453213 0.705114 0.379274 2.560709 -1.073383 1.336665 -0.957423 1.403369 1.912865
-12.5 -55 35 3.679996 -1.777538 3.016827 -0.949789 1.34236 0.762653 3.275672 -1.244585 2.004395 -0.977519 1.69587 1.444296
-10.5 -57 35 2.289989 -1.176313 2.457062 -1.008304 0.432241 0.834014 2.229208 -0.06123 0.640895 0.239845 -0.261974 2.239931
9.5 -47 37 -1.658341 -2.037996 4.929666 0.586044 0.005749 -1.037451 1.933633 -1.658329 6.860364 0.383109 2.533988 1.244358
7.5 -47 37 -0.94346 -0.414859 3.217772 -0.551076 0.218702 -0.532478 0.930405 -0.720019 4.057741 -0.01552 2.31129 2.100641
5.5 -47 37 -1.485955 0.007855 0.078768 0.700346 -0.788001 1.033323 0.194587 0.728855 1.306137 2.291508 1.08729 2.426346
9.5 -49 37 -1.214629 -2.884433 4.328682 -2.132366 -0.132935 -3.399232 2.633588 -1.781577 6.200467 0.208874 4.503616 0.812512
7.5 -49 37 -3.396883 -2.639487 3.173467 -3.049612 -0.558714 -3.278367 0.941067 -0.180772 5.789627 -0.118217 5.34913 2.670438
5.5 -49 37 -4.75669 -2.930279 1.629554 -2.193012 -1.425125 -2.937502 -0.035463 1.42393 4.967398 2.485886 5.039033 2.707693
9.5 -51 37 -1.671308 -2.080202 1.351895 -2.822873 -1.824149 -3.488057 2.077252 -0.242883 3.798314 0.797375 3.24235 -0.125745
5.5 -51 37 -5.910185 -2.162404 1.75289 -0.725979 -1.969182 -2.532215 -0.376666 2.022402 4.665514 6.729402 6.686313 2.890553
9.5 -53 37 -1.758766 0.10132 -1.342274 -0.327045 -1.42095 -1.132679 0.409186 1.481931 1.213038 2.724478 1.313494 -0.124079
7.5 -53 37 -2.549996 0.577344 -1.010209 0.675314 -1.041327 -1.067248 -0.803784 2.699597 0.765924 5.452658 2.159424 0.801554
9.5 -49 39 -2.560412 -2.761372 1.727597 -2.083815 -0.857199 -1.935871 -0.262051 -0.54139 4.010001 2.738519 3.600879 2.5605
7.5 -49 39 -4.375739 -3.78617 0.670896 -2.771905 -1.753458 -2.151679 -0.840672 -0.818087 4.200026 2.218537 4.469895 3.832799
9.5 -51 39 -2.266907 -1.394539 1.022729 -0.989199 -1.207823 -1.28018 0.201134 -0.279182 2.958587 3.566236 2.696279 2.046442
7.5 -51 39 -4.072456 -1.86437 0.30197 -1.236378 -2.418483 -1.683504 -0.558579 0.094139 2.9361 3.30008 2.619345 1.716147
5.5 -51 39 -4.617361 -1.48437 0.205579 -0.899976 -1.451438 -1.198439 -1.400333 0.770747 2.294265 4.191278 4.177513 2.141959
7.5 -53 39 -1.838841 1.159441 -2.371407 1.463405 -0.11974 1.99218 -1.547151 1.629036 -1.775533 5.149447 1.323874 2.777197
5.5 -53 39 -1.555292 -0.566385 -1.711775 -0.217232 -0.306967 0.426472 -1.032436 0.635273 -1.348974 5.352546 2.400604 1.381375
7.5 -51 41 -2.400162 -0.377972 -1.6612 1.170658 -1.837528 -0.47391 -0.598591 -0.120167 -0.020007 2.254103 1.151233 -0.829036
5.5 -53 41 -0.015083 0.658377 0.380438 1.351628 0.778505 1.376036 -0.467094 0.875122 -0.393799 3.349323 0.047129 1.307701
