-5.695137 -22.64008 13.11652 7.965336 4.514897 7.574126 6.696637 9.217322 11.16552
16.30486 -24.64008 13.11652 -1.638356 -4.332972 3.567708 1.199008 0.475063 0.715424
14.30486 -24.64008 13.11652 0.639475 -1.979486 2.136878 0.062199 0.02086 1.158801
16.30486 -26.64008 13.11652 -0.503426 2.513616 1.876201 2.698056 7.009943 8.551758
12.30486 -26.64008 13.11652 1.267537 1.856013 -0.331461 -1.038214 5.16237 5.396091
-1.695137 -28.64008 13.11652 -3.664977 -0.464227 -1.34587 1.325513 0.117818 3.871482
-1.695137 -30.64008 13.11652 -0.516157 1.667084 -0.435367 0.588876 2.248928 3.582992
-7.695137 -22.64008 15.11652 2.007559 2.861764 0.284674 0.413509 3.528996 7.665329
14.30486 -24.64008 15.11652 1.566286 -0.307961 0.865987 -0.454491 -1.969771 -1.30731
-3.695137 -24.64008 15.11652 3.653894 0.61354 1.687604 1.397621 6.073866 8.555647
-5.695137 -24.64008 15.11652 6.944733 4.789099 3.500904 3.99695 7.349851 11.57731
-7.695137 -24.64008 15.11652 3.155361 4.20462 2.065626 2.819296 4.632095 8.160499
16.30486 -26.64008 15.11652 5.572156 4.40778 2.604035 2.55482 4.91455 6.730947
14.30486 -26.64008 15.11652 1.697557 2.016837 2.025301 3.402723 2.777337 4.542063
12.30486 -26.64008 15.11652 -0.454447 0.938392 -0.426682 1.110822 2.51321 4.056497
0.304863 -26.64008 15.11652 0.311033 1.064905 -4.823496 -1.130151 1.999317 6.15241
-1.695137 -26.64008 15.11652 -1.958964 -0.728407 -3.35925 0.835085 2.128018 6.536256
-3.695137 -26.64008 15.11652 -0.707552 -0.083563 -2.335738 2.201306 2.99636 5.998991
18.30486 -28.64008 15.11652 2.51353 0.964451 1.55262 0.400648 4.526531 6.037073
16.30486 -28.64008 15.11652 5.809992 5.186228 5.799508 6.955166 10.02151 12.4531
12.30486 -28.64008 15.11652 -0.814505 1.430924 -0.975368 0.15773 2.787863 5.117426
2.304863 -28.64008 15.11652 -1.67274 2.550059 -4.071996 -0.050678 1.560822 6.599192
0.304863 -28.64008 15.11652 -2.335373 0.412811 -4.111681 -0.443883 1.719345 5.248112
-7.695137 -22.64008 17.11652 2.505595 3.635602 1.994679 1.725752 3.233929 6.613056
-9.695137 -22.64008 17.11652 0.365083 2.144741 -0.409346 -0.813271 3.433568 4.709536
-7.695137 -24.64008 17.11652 3.237206 2.509418 2.360975 0.747886 4.761337 8.539307
-9.695137 -24.64008 17.11652 1.303104 3.383382 0.584819 0.804846 1.303422 3.226258
16.30486 -26.64008 17.11652 8.752432 5.445088 5.115004 4.297011 4.047923 5.206056
14.30486 -26.64008 17.11652 4.07659 3.614516 4.173589 5.471683 1.424981 2.827833
0.304863 -26.64008 17.11652 1.635889 3.497227 -2.852287 0.647771 1.874034 4.616833
-1.695137 -26.64008 17.11652 -1.173774 1.966868 -5.793565 -2.606856 3.958813 5.81532
-3.695137 -26.64008 17.11652 -1.07009 1.148432 -4.219279 -1.626646 2.276372 2.618398
-5.695137 -26.64008 17.11652 -0.109421 2.235653 -5.630571 -2.379431 1.573276 5.799902
-7.695137 -26.64008 17.11652 0.137958 0.121404 -6.454181 -5.475724 -0.603078 2.574413
16.30486 -28.64008 17.11652 7.780349 5.54215 7.10249 8.055881 7.520058 9.602587
14.30486 -28.64008 17.11652 3.2112 3.878942 5.194901 8.212854 3.812115 7.240014
12.30486 -28.64008 17.11652 -1.151425 1.079651 -0.276294 2.021412 1.826807 5.672169
10.30486 -28.64008 17.11652 0.306258 1.005057 -0.619399 0.858789 3.274397 7.280535
0.304863 -28.64008 17.11652 -1.855821 -1.135518 -1.655952 1.548026 2.318389 4.665448
12.30486 -30.64008 17.11652 2.780501 3.354869 1.074853 3.468582 3.896234 8.049994
10.30486 -30.64008 17.11652 4.465668 3.259242 -1.378515 -0.60384 6.019241 11.67846
-7.695137 -22.64008 19.11652 -0.287373 1.211584 3.600034 4.613702 3.573137 7.015415
-9.695137 -22.64008 19.11652 3.584536 5.237195 2.28261 3.44502 4.060198 7.926003
-9.695137 -24.64008 19.11652 0.934595 1.714236 0.796419 0.798112 1.751683 5.70761
-11.69514 -24.64008 19.11652 0.969543 1.501168 -0.337784 -0.658553 0.205915 2.098193
16.30486 -26.64008 19.11652 2.239591 -0.5851 0.787552 -1.060087 2.543251 0.788437
-3.695137 -26.64008 19.11652 3.438411 3.196364 4.814491 3.345396 8.654896 10.8024
-5.695137 -26.64008 19.11652 1.577754 2.01436 3.083718 2.925597 2.94294 7.472695
-7.695137 -26.64008 19.11652 -0.58672 -3.125678 -0.130721 -1.987743 -2.764994 1.35577
-9.695137 -26.64008 19.11652 -1.076724 -2.576744 -2.955725 -4.088599 -1.813894 0.70502
18.30486 -28.64008 19.11652 3.015196 0.365384 2.198829 0.244852 3.651455 3.722074
16.30486 -28.64008 19.11652 3.654277 3.354142 4.875017 5.804375 3.144248 4.594687
14.30486 -28.64008 19.11652 0.054113 2.931301 1.128397 6.163226 1.503488 4.490732
12.30486 -28.64008 19.11652 -1.309795 1.231421 -1.942403 1.518689 1.40472 3.858334
-3.695137 -28.64008 19.11652 -1.551076 0.087143 -1.907654 -0.374528 5.984906 11.01961
-5.695137 -28.64008 19.11652 -3.15064 -0.584883 -4.792602 -3.169276 1.327096 3.94609
-7.695137 -28.64008 19.11652 -2.099534 -0.697162 -5.740218 -5.632492 -2.647675 -2.053137
18.30486 -30.64008 19.11652 0.544664 0.561121 -0.96929 0.251008 4.016556 4.783121
16.30486 -30.64008 19.11652 2.440485 3.802008 2.686482 5.257207 3.879528 7.155622
12.30486 -30.64008 19.11652 1.747719 2.764015 -0.045988 3.30347 1.907725 4.887209
-9.695137 -22.64008 21.11652 2.077023 2.841591 2.096176 3.80756 3.836026 6.244099
-11.69514 -22.64008 21.11652 0.617173 1.518022 2.237322 4.139545 0.838926 2.545555
-11.69514 -24.64008 21.11652 -2.25889 -0.011404 -0.014682 2.171906 2.937829 5.88624
-13.69514 -24.64008 21.11652 -0.870713 0.155378 1.700523 3.668224 1.377432 4.526597
-7.695137 -26.64008 21.11652 1.168454 0.304066 3.885234 2.72508 2.606235 4.83105
-9.695137 -26.64008 21.11652 -1.2004 2.309344 2.196132 4.401596 4.568278 8.307357
-11.69514 -26.64008 21.11652 -2.774462 0.786165 -1.612058 1.066795 3.644452 9.052397
-13.69514 -26.64008 21.11652 0.842719 -0.206834 2.647235 2.354955 3.49963 6.512651
18.30486 -28.64008 21.11652 0.895021 -0.063773 2.210964 1.959885 0.788463 1.907245
16.30486 -28.64008 21.11652 1.528106 0.54072 2.236821 1.804797 0.535394 1.607478
14.30486 -28.64008 21.11652 0.119291 1.194933 -1.437581 0.818984 1.612123 3.274842
-3.695137 -28.64008 21.11652 -4.231585 -0.472495 -2.625697 1.002139 3.274255 8.025922
-5.695137 -28.64008 21.11652 -5.428151 -0.397673 -5.187835 -2.500791 1.474013 5.138729
-7.695137 -28.64008 21.11652 -2.276857 2.776032 -1.974565 -0.485775 2.162056 4.113006
-9.695137 -28.64008 21.11652 -1.241441 5.216249 0.715622 4.817286 4.209023 7.258138
-11.69514 -28.64008 21.11652 -1.862977 3.769978 0.035111 4.387628 4.436607 10.23273
18.30486 -30.64008 21.11652 -1.21514 -1.717609 -0.524407 0.135497 1.729774 3.137035
14.30486 -30.64008 21.11652 2.997542 1.247455 3.026009 3.08103 1.185487 3.175304
12.30486 -30.64008 21.11652 2.983006 1.439412 1.709214 1.289547 1.882601 3.113024
-7.695137 -30.64008 21.11652 -3.098543 5.691007 -2.318655 1.487738 4.987103 6.996676
-9.695137 -30.64008 21.11652 -3.264834 5.491632 -0.130843 6.536915 4.137642 9.217654
18.30486 -32.64008 21.11652 -1.059726 0.349777 -1.518041 1.032818 4.612019 8.524758
16.30486 -34.64008 21.11652 -2.838981 -0.567398 -5.44277 -1.157334 4.179787 11.82201
-11.69514 -24.64008 23.11652 2.165097 2.431963 0.455349 2.386794 3.87233 8.050096
-13.69514 -24.64008 23.11652 1.809377 1.056955 3.847656 4.872094 1.946026 4.262847
-13.69514 -26.64008 23.11652 2.671764 0.67274 4.692785 3.972999 2.506965 5.830529
18.30486 -28.64008 23.11652 -1.211869 1.111421 -1.570391 1.086044 1.126094 2.929773
16.30486 -28.64008 23.11652 -0.904656 0.411064 -3.307212 -1.364498 0.765933 1.803836
14.30486 -28.64008 23.11652 0.253829 0.793972 -1.962896 -0.818037 0.738702 2.379016
-3.695137 -28.64008 23.11652 -3.332344 -0.200901 -1.610341 1.955827 2.171002 5.806381
-5.695137 -28.64008 23.11652 -5.875856 -2.160496 -1.257582 2.273043 0.782522 5.428825
-7.695137 -28.64008 23.11652 -4.211362 -0.714923 2.487492 4.870465 1.178824 6.687493
-13.69514 -28.64008 23.11652 0.826285 0.968828 2.983571 2.24948 3.310931 6.562132
18.30486 -30.64008 23.11652 -0.696391 0.371637 -0.80848 1.148056 2.094051 3.634875
16.30486 -30.64008 23.11652 0.783704 1.163577 0.884845 2.643241 2.639093 3.444632
14.30486 -30.64008 23.11652 1.890088 1.496761 3.646784 5.051126 1.247522 3.006635
12.30486 -30.64008 23.11652 4.431828 1.878435 4.387551 3.537756 0.6149 1.642205
-3.695137 -30.64008 23.11652 -6.993041 -6.415431 -5.549636 -5.680327 -2.594438 -1.339266
-5.695137 -30.64008 23.11652 -9.135039 -6.611612 -6.171427 -4.783407 -0.879698 2.687045
-7.695137 -30.64008 23.11652 -6.772308 0.778191 1.111953 6.358288 4.723384 11.63692
-9.695137 -30.64008 23.11652 -1.327574 5.757551 6.381763 11.87474 9.019802 17.37322
-11.69514 -30.64008 23.11652 0.287309 4.437523 3.986397 6.913046 6.316896 13.66462
16.30486 -32.64008 23.11652 0.924242 0.956818 1.515554 2.249958 3.932096 5.687956
14.30486 -32.64008 23.11652 2.231281 0.512674 4.035106 3.13213 4.127186 6.320239
-7.695137 -32.64008 23.11652 -3.427309 0.139052 4.38292 6.309042 7.883692 14.49421
-9.695137 -32.64008 23.11652 -0.070489 3.439275 5.562083 8.011807 8.744383 15.13301
-11.69514 -32.64008 23.11652 3.584149 4.988786 2.489611 3.350004 6.328793 10.63101
16.30486 -34.64008 23.11652 -0.850626 0.979977 -2.728699 -0.634524 1.939524 5.32839
-7.695137 -34.64008 23.11652 -0.85966 1.314122 0.906051 1.716613 5.72461 8.872496
-11.69514 -24.64008 25.11652 2.751707 3.149457 0.226829 1.769456 2.377779 5.417856
-13.69514 -24.64008 25.11652 2.481495 1.212729 -0.109902 0.338419 -1.391549 -1.257101
-9.695137 -26.64008 25.11652 2.733976 2.795381 0.276966 1.593328 1.816607 4.316892
-11.69514 -26.64008 25.11652 3.170666 2.210141 0.075237 1.189686 0.567154 4.475841
16.30486 -28.64008 25.11652 0.274927 1.437761 -3.740566 -1.820125 0.197868 1.121188
14.30486 -28.64008 25.11652 0.862303 1.955248 -1.392942 0.77045 0.115054 2.191421
12.30486 -28.64008 25.11652 0.548558 1.431064 -0.960223 0.339711 0.30666 1.731278
-9.695137 -28.64008 25.11652 0.777112 0.861628 0.582162 0.547109 3.758379 4.943756
-11.69514 -28.64008 25.11652 3.126297 2.157194 0.803659 -0.268044 2.147995 4.453852
16.30486 -30.64008 25.11652 2.155352 3.942177 -2.086797 1.446456 4.311881 6.075168
12.30486 -30.64008 25.11652 2.078473 1.995996 2.337806 3.341694 0.710781 2.035233
10.30486 -30.64008 25.11652 1.520228 0.66601 2.994948 2.60952 0.852658 1.834705
-9.695137 -30.64008 25.11652 2.522928 0.030618 4.055633 1.614711 5.898962 9.587534
-11.69514 -30.64008 25.11652 3.833489 1.857277 2.735522 0.145433 4.582737 7.187844
16.30486 -32.64008 25.11652 3.000344 5.544403 0.7932 4.867825 6.701173 8.954226
14.30486 -32.64008 25.11652 1.74042 2.737135 2.99698 5.515792 4.609697 8.270613
10.30486 -32.64008 25.11652 1.610329 0.134099 7.52201 6.590004 3.08829 4.364871
-11.69514 -32.64008 25.11652 5.7048 3.747412 1.731187 0.730942 5.909359 8.520782
16.30486 -34.64008 25.11652 2.67552 4.577537 2.834611 4.834387 5.079237 5.166438
-7.695137 -34.64008 25.11652 2.72131 0.088495 7.783422 6.034827 7.850089 13.21106
-9.695137 -34.64008 25.11652 2.370611 1.61025 3.58284 3.725008 5.787369 10.25927
-9.695137 -26.64008 27.11652 2.90096 3.947493 3.942694 4.779544 3.119495 3.804374
16.30486 -28.64008 27.11652 2.617334 1.642532 1.255359 1.449908 -0.354064 0.754697
14.30486 -28.64008 27.11652 1.391577 1.2415 0.451254 1.040038 0.118239 1.170198
-9.695137 -28.64008 27.11652 1.111134 3.403482 0.984449 2.479346 2.898646 3.571919
18.30486 -30.64008 27.11652 4.425848 2.390557 -1.717954 -1.959748 3.100368 6.684261
16.30486 -30.64008 27.11652 4.042991 2.822727 -1.189862 0.213713 3.080749 7.933175
14.30486 -30.64008 27.11652 1.220372 3.221059 -0.795429 2.184202 2.283749 5.637487
12.30486 -30.64008 27.11652 1.334908 3.537098 -1.840951 0.243389 1.019498 2.271095
10.30486 -30.64008 27.11652 0.962758 1.002496 -1.252807 -1.217504 0.468181 0.080298
-9.695137 -30.64008 27.11652 2.805566 2.379985 0.954538 0.582812 2.748416 5.079417
18.30486 -32.64008 27.11652 6.762442 6.210629 2.290155 4.126352 7.075627 11.17987
14.30486 -32.64008 27.11652 0.822146 2.353438 0.439602 3.657172 2.22715 5.38351
12.30486 -32.64008 27.11652 0.866297 2.230094 2.270632 4.105125 1.022379 1.88429
-9.695137 -32.64008 27.11652 3.442653 2.4643 2.495219 2.722814 2.383011 4.342337
-11.69514 -32.64008 27.11652 4.707305 2.76533 0.934231 -0.669438 3.507073 4.912085
16.30486 -34.64008 27.11652 4.083395 5.930958 4.339029 7.829557 6.825271 9.675104
-9.695137 -34.64008 27.11652 1.559028 3.498837 1.698907 4.971898 1.149643 4.265366
16.30486 -36.64008 27.11652 -0.08554 4.077124 2.434962 5.498573 4.129959 4.750129
-7.695137 -36.64008 27.11652 -1.037405 4.514634 2.662525 7.794426 3.744923 9.865476
-9.695137 -36.64008 27.11652 -1.256211 2.237106 0.51529 4.866571 0.624331 4.618313
-7.695137 -38.64008 27.11652 -1.574621 2.739264 2.183472 6.227542 3.791862 10.12424
-9.695137 -38.64008 27.11652 -1.423879 0.436269 0.298362 2.288048 -0.267697 2.172443
-9.695137 -40.64008 27.11652 -0.037798 -0.350129 1.259086 0.798396 -0.891574 1.105913
18.30486 -30.64008 29.11652 2.855846 4.223198 -2.063532 0.073529 0.908756 4.158293
16.30486 -30.64008 29.11652 3.399267 4.414478 -1.753677 -0.101192 1.730312 5.30355
18.30486 -32.64008 29.11652 2.411346 4.265515 -0.882007 2.50886 2.328035 4.893342
16.30486 -32.64008 29.11652 1.825931 3.503999 -3.576183 -0.67165 2.404941 6.339987
14.30486 -32.64008 29.11652 -1.621074 0.294296 -3.053311 -0.214522 1.783299 5.293116
12.30486 -32.64008 29.11652 0.544736 0.287499 -1.419202 -0.590345 2.373908 3.928872
-9.695137 -32.64008 29.11652 7.079009 5.937055 2.021454 2.674901 2.831586 4.811491
18.30486 -34.64008 29.11652 2.616368 3.426207 2.35925 4.762496 4.865508 7.870336
12.30486 -34.64008 29.11652 -0.011845 -0.195763 -0.80199 0.766006 0.211957 1.46495
-9.695137 -34.64008 29.11652 5.278449 3.775199 1.307739 1.932415 0.78335 4.217337
16.30486 -36.64008 29.11652 3.221902 8.331298 1.782049 6.577718 6.545443 10.98452
-9.695137 -36.64008 29.11652 1.772463 1.837316 1.156424 3.274629 0.352535 5.151327
16.30486 -38.64008 29.11652 2.274001 7.056327 3.171742 5.692086 6.174452 6.607392
-9.695137 -38.64008 29.11652 -0.002055 0.719477 -0.591677 1.629603 1.01992 5.740605
14.30486 -30.64008 31.11652 0.947644 0.619276 0.844757 0.357308 2.511702 1.47066
12.30486 -30.64008 31.11652 3.362141 4.374118 0.615856 1.558375 4.076422 4.249003
18.30486 -32.64008 31.11652 -1.997827 -1.993049 -1.568151 -1.054643 -2.026021 -2.616801
16.30486 -32.64008 31.11652 -1.795628 -1.611011 -2.768788 -2.306471 -0.792863 -2.149589
14.30486 -32.64008 31.11652 -0.716525 -0.156129 -2.385472 -1.707099 1.955018 2.084748
12.30486 -32.64008 31.11652 2.621822 2.157765 -0.413882 -0.514926 3.398568 3.345063
18.30486 -34.64008 31.11652 -1.775219 -2.168976 -1.880751 -1.286974 -0.617909 0.830779
-7.695137 -34.64008 31.11652 1.23665 0.723704 0.805854 0.812559 -0.45538 -1.546172
-9.695137 -34.64008 31.11652 2.673906 2.460514 1.219207 1.284291 -0.339041 -0.894146
18.30486 -36.64008 31.11652 -0.364377 -1.021563 -1.167343 -0.850081 1.760581 6.661757
-7.695137 -36.64008 31.11652 1.734103 3.863554 1.007418 3.351696 0.326446 1.323043
-9.695137 -36.64008 31.11652 1.406853 2.967128 -0.093267 1.622314 -0.761503 0.315341
16.30486 -38.64008 31.11652 0.70763 1.351259 4.801324 4.878431 5.159925 13.5518
16.30486 -34.64008 33.11652 -1.032922 -0.442514 0.490289 1.564129 -0.679914 -0.441811
14.30486 -34.64008 33.11652 1.595396 1.174505 1.753283 1.337002 2.658307 3.513506
16.30486 -36.64008 33.11652 -0.355115 -0.63447 -0.085157 0.878266 -1.434238 0.930155
