0.145317855559632   0.261033575991145   0   0   0
0.186430619687943   0.286320656969201   0.0411127641283113   0.0252870809780559   0
0.10952126392852   0.27636712303836   -0.0769093557594231   -0.00995353393084114   0
0.0449858122490869   0.231668663016257   -0.0645354516794331   -0.0446984600221032   0
0.052707442399332   0.227794925890284   0.00772163015024506   -0.0038737371259728   0
0.0908497259443533   0.217581245321885   0.0381422835450213   -0.0102136805683986   0
0.0588789118683421   0.168709839156583   -0.0319708140760111   -0.0488714061653028   0
0.0804272046835522   0.17159550755349   0.0215482928152101   0.00288566839690776   0
0.0740273155156257   0.118274475612091   -0.00639988916792647   -0.0533210319413999   0
0.0479168496704447   0.128868818834891   -0.026110465845181   0.0105943432228006   0
0.104760792781555   0.127900870410027   0.0568439431111107   -0.000967948424864251   0
0.08419561008093   0.110365602989711   -0.0205651827006255   -0.017535267420316   0
0.096104412153501   0.110258075934645   0.0119088020725711   -0.000107527055065698   0
0.120518600039869   0.0959145232615739   0.0244141878863683   -0.0143435526730714   0
0.0492167429154846   0.0961426161159036   -0.0713018571243848   0.00022809285432969   0
0.108585093687668   0.085793057545541   0.0593683507721833   -0.0103495585703626   0
0.110907089163617   0.0728801024772408   0.00232199547594876   -0.0129129550683001   0
0.0552909406448796   0.0815151921339973   -0.055616148518737   0.00863508965675648   0
0.0642634417758838   0.0846679988795603   0.00897250113100414   0.00315280674556298   0
0.117616304281086   0.0669638924337588   0.0533528625052018   -0.0177041064458015   0
0.0775941699790648   0.0412084439659086   -0.0400221343020207   -0.0257554484678503   0
0.0898575281581243   0.0607535759444991   0.0122633581790595   0.0195451319785906   0
0.103837970400861   0.020360000832085   0.0139804422427363   -0.0403935751124142   0
0.0797737722460835   0.0276904747012398   -0.0240641981547771   0.00733047386915482   0
0.0976101859421219   0.0333917540519362   0.0178364136960384   0.00570127935069646   0
0.109064952267903   0.0221444432770391   0.0114547663257813   -0.0112473107748972   0
0.133459845525911   0.10648800370206   0.0243948932580077   0.0843435604250212   0
0.152269370324435   0.121957450714503   0.0188095247985244   0.0154694470124429   0
0.170617725725084   0.1456344111895   0.0183483554006488   0.0236769604749973   0
0.161064929611414   0.133309938078862   -0.00955279611367052   -0.0123244731106385   0
0.162861871914945   0.136740392197048   0.00179694230353161   0.00343045411818604   0
0.140410635118359   0.152086250776492   -0.0224512367965863   0.015345858579444   0
0.126347618296508   0.114914320350163   -0.0140630168218512   -0.0371719304263284   0
0.132429808430315   0.11252373502987   0.00608219013380759   -0.00239058532029301   0
0.151949735842523   0.156536436859761   0.0195199274122077   0.0440127018298907   0
0.118780079595754   0.146394410333011   -0.0331696562467692   -0.0101420265267502   0
0.133955641783624   0.175851648586244   0.0151755621878699   0.0294572382532334   0
0.128878562264897   0.19670124789322   -0.00507707951872677   0.0208495993069756   0
0.139252923203079   0.196338261483212   0.0103743609381817   -0.00036298641000837   0
0.144261099977908   0.192639567339501   0.00500817677482987   -0.00369869414371105   0
0.134520372888638   0.178715163287142   -0.00974072708927087   -0.0139244040523581   0
0.143428777966823   0.165850685583449   0.00890840507818552   -0.0128644777036936   0
0.152188729201615   0.169358108865504   0.0087599512347919   0.00350742328205544   0
0.140280782277723   0.155191342041043   -0.0119079469238917   -0.0141667668244613   0
0.148302202320566   0.162833004738751   0.00802142004284243   0.00764166269770766   0
0.11706777334493   0.177743225036146   -0.0312344289756353   0.0149102202973952   0
0.139677069841184   0.175865823435794   0.0226092964962533   -0.00187740160035152   0
0.12973438543925   0.17522240569773   -0.00994268440193324   -0.000643417738064062   0
0.127629907874644   0.181547506781283   -0.00210447756460694   0.00632510108355269   0
0.150624251670174   0.165083307481405   0.0229943437955308   -0.0164641992998783   0
0.135113776456252   0.15553416992015   -0.0155104752139224   -0.00954913756125497   0
0.139399846986214   0.160052586603591   0.0042860705299626   0.0045184166834413   0
0.154981619946344   0.157872882320714   0.0155817729601298   -0.00217970428287706   0
0.161086204609768   0.147428279788852   0.00610458466342362   -0.010444602531862   0
0.156932421093472   0.137351567449192   -0.00415378351629561   -0.0100767123396597   0
0.161899726091059   0.156242514007872   0.00496730499758696   0.0188909465586795   0
0.14808621932523   0.141961746504261   -0.0138135067658296   -0.0142807675036109   0
0.145768423812951   0.134977570419126   -0.00231779551227862   -0.00698417608513524   0
0.141750832336717   0.135610331227095   -0.00401759147623384   0.000632760807969729   0
0.173765964829323   0.159872878144637   0.0320151324926061   0.0242625469175419   0
0.152961944963928   0.151057566119675   -0.0208040198653957   -0.00881531202496211   0
0.16363117155243   0.150206128794733   0.0106692265885029   -0.000851437324941778   0
0.160900266444776   0.138351381376371   -0.00273090510765411   -0.0118547474183625   0
0.148002987447044   0.153165166981595   -0.0128972789977318   0.0148137856052246   0
0.152277387470662   0.165131400248408   0.00427440002361712   0.0119662332668128   0
0.161183937001198   0.159918158447532   0.00890654953053624   -0.00521324180087607   0
0.13389635375379   0.155780009925857   -0.0272875832474081   -0.00413814852167549   0
0.157241717516842   0.138344897510714   0.0233453637630525   -0.0174351124151425   0
0.114645341742872   0.182727001758087   -0.0425963757739698   0.0443821042473731   0
0.124265302724654   0.171063718422471   0.00961996098178203   -0.0116632833356161   0
0.125143447292507   0.183699977333287   0.000878144567852679   0.0126362589108154   0
0.120497266588952   0.168094141643158   -0.00464618070355538   -0.0156058356901288   0
0.168231108493911   0.141094875290529   0.0477338419049591   -0.0269992663526285   0
0.118733605897404   0.162338320288218   -0.0494975025965071   0.0212434449976886   0
0.124626307780861   0.168307305505057   0.00589270188345764   0.00596898521683889   0
0.15519068475656   0.155016585047181   0.0305643769756986   -0.0132907204578754   0
0.0964858830265858   0.165124932449676   -0.0587048017299742   0.0101083474024945   0
0.196455373821294   0.128788242319942   0.0999694907947083   -0.0363366901297342   0
0.173360015863728   0.119817732168333   -0.0230953579575659   -0.00897051015160814   0
0.12552034539888   0.152508102925099   -0.0478396704648484   0.0326903707567652   0
0.140326547567653   0.135693095134351   0.0148062021687736   -0.0168150077907478   0
0.190073280932054   0.133461812481736   0.0497467333644007   -0.00223128265261513   0
0.124335797481618   0.149217448191088   -0.0657374834504359   0.0157556357093522   0
0.137206733021962   0.126816726237009   0.0128709355403439   -0.0224007219540788   0
0.169748389904831   0.108809174836741   0.0325416568828688   -0.0180075514002679   0
0.187566043569112   0.111485957949028   0.017817653664281   0.00267678311228713   0
0.282768200051845   0.100704605026297   0.0952021564827327   -0.0107813529227312   0
0.198975484751699   0.110526564031107   -0.0837927153001453   0.00982195900481039   0
0.26126024310975   0.0886637901794752   0.0622847583580509   -0.0218627738516323   0
0.238877102015451   0.0927368043604588   -0.0223831410942993   0.00407301418098359   0
0.22880579534601   0.0884832925751523   -0.0100713066694404   -0.00425351178530647   0
0.269600605035987   0.0839953562282166   0.0407948096899761   -0.00448793634693571   0
0.115547237379178   0.103109682346034   -0.154053367656809   0.0191143261178173   0
0.226295627461801   0.164917361505854   0.110748390082623   0.0618076791598201   0
0.246975296373058   0.183603785598527   0.0206796689112578   0.0186864240926734   0
0.164716399127015   0.18705862914833   -0.0822588972460436   0.0034548435498028   0
0.137264351120821   0.18142306271599   -0.0274520480061938   -0.0056355664323402   0
0.207242603705054   0.158902318004049   0.069978252584233   -0.0225207447119407   0
0.251073573833727   0.141605203790362   0.0438309701286734   -0.0172971142136871   0
0.250941313514734   0.119975741525537   -0.000132260318993271   -0.021629462264825   0
0.268913430772303   0.119506038719022   0.0179721172575686   -0.000469702806514677   0
0.247650409061645   0.106944645737889   -0.0212630217106578   -0.0125613929811338   0
0.288005761542543   0.0626526687410163   0.040355352480898   -0.0442919769968723   0
0.245562427486739   0.143291447609025   -0.0424433340558037   0.0806387788680088   0
0.271384368956744   0.154454727961214   0.0258219414700046   0.0111632803521884   0
0.236293967834137   0.151341701884089   -0.0350904011226071   -0.00311302607712449   0
0.288397237537758   0.148438236975013   0.0521032697036213   -0.0029034649090765   0
0.266726596312741   0.152574918456975   -0.0216706412250168   0.00413668148196217   0
0.260469437802019   0.136610727096456   -0.00625715851072189   -0.0159641913605183   0
0.240923734234036   0.153297162478273   -0.019545703567983   0.0166864353818164   0
0.277716473441836   0.121879078226382   0.0367927392077998   -0.031418084251891   0
0.228568509124551   0.162890845220227   -0.0491479643172849   0.0410117669938453   0
0.224362323263444   0.182914899127224   -0.00420618586110744   0.0200240539069968   0
0.191102122351899   0.228933046937767   -0.0332602009115451   0.0460181478105435   0
0.185320355502735   0.253064262541755   -0.00578176684916376   0.024131215603988   0
0.167451813390957   0.279731686115463   -0.0178685421117774   0.0266674235737077   0
0.209491310840736   0.247585132031893   0.0420394974497789   -0.0321465540835699   0
0.149553422931205   0.257015048261872   -0.0599378879095309   0.00942991622997905   0
0.216338302153733   0.220694676827829   0.0667848792225279   -0.036320371434043   0
0.199857819433016   0.252831703257626   -0.0164804827207173   0.0321370264297972   0
0.233870401317161   0.215363599643719   0.0340125818841452   -0.0374681036139077   0
0.196770907841948   0.226797421487767   -0.0370994934752131   0.0114338218440485   0
