0.212585751679386   0.0980597796502215   0   0   0
0.181438847486761   0.10313256024348   -0.0311469041926247   0.00507278059325833   0
0.198973786695022   0.122190890346151   0.017534939208261   0.0190583301026707   0
0.160819466147758   0.0907783822233162   -0.0381543205472636   -0.0314125081228344   0
0.159234626180967   0.0908358484626114   -0.00158483996679107   5.74662392951453e-05   0
0.159190621060099   0.090410066202401   -4.400512086844e-05   -0.000425782260210408   0
0.131840167069865   0.0868932971242847   -0.0273504539902336   -0.00351676907811628   0
0.135745423751654   0.104976145763809   0.00390525668178865   0.0180828486395245   0
0.145845253954525   0.0994425594004117   0.0100998302028714   -0.00553358636339758   0
0.106684874349881   0.0980227652449802   -0.0391603796046439   -0.00141979415543143   0
0.158624149695215   0.106522103000246   0.0519392753453336   0.00849933775526568   0
0.10056954441092   0.0896185572829785   -0.0580546052842951   -0.0169035457172674   0
0.108846987679265   0.069225597503326   0.00827744326834474   -0.0203929597796525   0
0.107230416807826   0.0754131097890148   -0.00161657087143913   0.00618751228568876   0
0.0790234430906424   0.0602212766610979   -0.0282069737171832   -0.0151918331279168   0
0.0719984713207163   0.0662258694742849   -0.00702497176992616   0.00600459281318699   0
0.0668518815057056   0.0696859283466764   -0.00514658981501068   0.00346005887239151   0
0.0534133583803799   0.0599108807790559   -0.0134385231253257   -0.00977504756762052   0
0.120696475428057   0.0260105254382721   0.0672831170476773   -0.0339003553407838   0
0.100156494679626   0.0437141306559164   -0.0205399807484309   0.0177036052176443   0
0.0444489893161813   0.042759422302254   -0.0557075053634449   -0.000954708353662313   0
0.0624537664576765   0.0286907440478288   0.0180047771414952   -0.0140686782544252   0
0.070611527703768   0.0440599709176311   0.00815776124609151   0.0153692268698023   0
0.064172654648001   0.0565941654282931   -0.00643887305576706   0.012534194510662   0
0.0783097986781986   0.0586356315529218   0.0141371440301977   0.00204146612462874   0
0.0864385269802187   0.0481330570288497   0.00812872830202011   -0.0105025745240721   0
0.0826200269458925   0.0664314322839159   -0.00381850003432624   0.0182983752550661   0
0.111425284231228   0.0631732593452522   0.0288052572853357   -0.00325817293866364   0
0.100698140342461   0.0607002073951976   -0.0107271438887671   -0.00247305195005465   0
0.105939338297443   0.0584849781683083   0.0052411979549815   -0.00221522922688928   0
0.125313941424223   0.0670121441864271   0.0193746031267804   0.00852716601811882   0
0.105853397391019   0.058269809636745   -0.0194605440332044   -0.00874233454968214   0
0.112996837719469   0.054686454329683   0.00714344032845035   -0.00358335530706205   0
0.124784692897406   0.0551068516975203   0.0117878551779374   0.000420397367837388   0
0.133279630292104   0.052679671172308   0.008494937394698   -0.00242718052521232   0
0.167507515679148   0.0457703144981821   0.0342278853870437   -0.00690935667412591   0
0.1687622031718   0.0640939885952848   0.00125468749265237   0.0183236740971027   0
0.189545415949002   0.0677672895589937   0.0207832127772012   0.00367330096370891   0
0.203788720928048   0.0699476552242103   0.0142433049790469   0.00218036566521662   0
0.159428801673004   0.0917336617086253   -0.0443599192550446   0.0217860064844149   0
0.214387257571456   0.101088074638951   0.0549584558984526   0.00935441293032621   0
0.236905844849995   0.119517881407229   0.0225185872785388   0.0184298067682777   0
0.227299475566245   0.104364948546359   -0.00960636928375025   -0.0151529328608699   0
0.278337233012851   0.143419172274186   0.0510377574466059   0.0390542237278262   0
0.26677678452371   0.12261214352609   -0.0115604484891408   -0.0208070287480955   0
0.307362464546746   0.147338223074708   0.0405856800230365   0.0247260795486182   0
0.297612121359413   0.139399961729693   -0.00975034318733337   -0.00793826134501482   0
0.331294709879663   0.158197603517057   0.0336825885202498   0.0187976417873637   0
0.31115216511437   0.139507360036129   -0.0201425447652931   -0.0186902434809286   0
0.328192975941046   0.151444341353548   0.0170408108266763   0.0119369813174195   0
0.327361812131608   0.154900771267294   -0.000831163809438373   0.00345642991374578   0
0.322226683988089   0.153258034652551   -0.0051351281435183   -0.00164273661474296   0
0.345035928278549   0.173617184893093   0.0228092442904597   0.0203591502405422   0
0.322484678915836   0.151166189025729   -0.0225512493627127   -0.022450995867364   0
0.377475210231083   0.185853253006431   0.0549905313152463   0.0346870639807019   0
0.363192247244142   0.169062888432825   -0.0142829629869405   -0.0167903645736057   0
0.40278131769958   0.219909835199707   0.0395890704554379   0.050846946766882   0
0.35605041030788   0.174947513485631   -0.0467309073916995   -0.0449623217140766   0
0.368278300141483   0.161410847801666   0.0122278898336022   -0.0135366656839651   0
0.449203048161174   0.198937232699512   0.0809247480196913   0.0375263848978468   0
0.492757566877719   0.230570354511177   0.0435545187165453   0.0316331218116648   0
0.486234671631312   0.238076886940443   -0.00652289524640703   0.00750653242926569   0
0.498954431959723   0.240178540567824   0.0127197603284109   0.00210165362738127   0
0.526019877689085   0.262303197763395   0.0270654457293619   0.0221246571955703   0
0.507608265049625   0.248712706256456   -0.0184116126394605   -0.0135904915069389   0
0.524695331413012   0.261901704248388   0.0170870663633869   0.0131889979919322   0
0.468398409429409   0.252766009770148   -0.0562969219836029   -0.00913569447823998   0
0.516497808245108   0.299515710021616   0.048099398815699   0.0467497002514676   0
0.514776068606535   0.274090489067917   -0.00172173963857258   -0.0254252209536984   0
0.542509447279953   0.3034300005408   0.027733378673418   0.0293395114728831   0
0.544562526635546   0.289514863737166   0.00205307935559318   -0.0139151368036338   0
0.566662732152168   0.311207917840308   0.0221002055166221   0.0216930541031418   0
0.566513265948195   0.319588401903526   -0.000149466203973492   0.00838048406321834   0
0.5739679233583   0.329287824569935   0.00745465741010576   0.00969942266640805   0
0.564539919028761   0.352280344715856   -0.0094280043295395   0.0229925201459217   0
0.582936162495517   0.339629136593505   0.0183962434667562   -0.0126512081223508   0
0.598927977376421   0.335463829878126   0.0159918148809034   -0.0041653067153799   0
0.596344121242928   0.329043440273849   -0.00258385613349255   -0.0064203896042766   0
0.558920702156898   0.305567134509341   -0.0374234190860299   -0.0234763057645075   0
0.603287490001649   0.344759962591728   0.044366787844751   0.0391928280823869   0
0.607872539816737   0.347407332275457   0.00458504981508734   0.00264736968372892   0
0.615701414168426   0.366370216464849   0.00782887435168977   0.0189628841893912   0
0.632228503221549   0.349225344437514   0.0165270890531225   -0.017144872027335   0
0.625440727699476   0.342894893079862   -0.00678777552207288   -0.00633045135765153   0
0.67369910553247   0.403355480879459   0.048258377832994   0.0604605877995974   0
0.642855640066485   0.357015068887155   -0.030843465465985   -0.0463404119923045   0
0.634252518867682   0.364464537509824   -0.00860312119880247   0.00744946862266926   0
0.653979373426257   0.358219802881206   0.0197268545585748   -0.0062447346286183   0
0.644779688136188   0.365997830408187   -0.00919968529006909   0.00777802752698109   0
0.675084073079502   0.387244978691138   0.0303043849433136   0.0212471482829512   0
0.660560855565791   0.37965434027415   -0.0145232175137106   -0.00759063841698826   0
0.631831431874832   0.357531041490456   -0.0287294236909595   -0.0221232987836941   0
0.681469489328532   0.379435194918381   0.0496380574537003   0.0219041534279255   0
0.6581328965437   0.356060157294031   -0.0233365927848324   -0.0233750376243504   0
0.708349362374245   0.401404874114341   0.0502164658305458   0.0453447168203102   0
0.704596173935823   0.380335703775296   -0.00375318843842276   -0.0210691703390445   0
0.689605344469168   0.400467304941989   -0.0149908294666545   0.0201316011666925   0
0.698804371602847   0.401854736952919   0.00919902713367904   0.00138743201093033   0
0.70369766568179   0.380836965215104   0.00489329407894268   -0.0210177717378158   0
0.721349757607917   0.389038665118584   0.0176520919261267   0.0082016999034808   0
0.669002558441296   0.382305543460005   -0.0523471991666203   -0.00673312165857903   0
0.70289502935947   0.405644086808559   0.0338924709181737   0.023338543348554   0
0.675944078614496   0.383740596557427   -0.0269509507449739   -0.0219034902511323   0
0.780143633366325   0.460105384944036   0.104199554751829   0.0763647883866094   0
0.810696449515532   0.428016986608312   0.0305528161492077   -0.0320883983357244   0
0.692424514009289   0.352759635405881   -0.118271935506243   -0.0752573512024312   0
0.839322531571148   0.419186034509142   0.146898017561859   0.0664263991032616   0
0.913595510818108   0.445838455934434   0.0742729792469605   0.0266524214252913   0
0.946158995002954   0.464752953873614   0.0325634841848459   0.0189144979391806   0
0.949756348176731   0.465872381667179   0.00359735317377696   0.00111942779356489   0
0.975414201603093   0.498217600237838   0.0256578534263624   0.0323452185706586   0
0.953517353252682   0.476770807679382   -0.0218968483504114   -0.0214467925584562   0
0.98535252094314   0.508195990614841   0.0318351676904575   0.0314251829354596   0
0.975834836816661   0.486990879626611   -0.00951768412647824   -0.0212051109882307   0
0.99087708076986   0.494104670992645   0.0150422439531992   0.00711379136603435   0
0.958061653948221   0.473050222015855   -0.03281542682164   -0.0210544489767897   0
0.964556450004872   0.508013931695283   0.00649479605665104   0.0349637096794281   0
0.949667600574538   0.486858188594482   -0.0148888494303334   -0.0211557431008016   0
0.946796214501304   0.492601551892094   -0.00287138607323378   0.00574336329761266   0
0.797893511110975   0.411274081040247   -0.148902703390329   -0.0813274708518471   0
0.912102706546253   0.48241738761419   0.114209195435278   0.071143306573943   0
0.875919917647156   0.473215199959807   -0.0361827888990973   -0.00920218765438352   0
