0.291977057148605   0.177057568670786   0   0   0
0.287077066906937   0.131227458532878   -0.00489999024166832   -0.0458301101379077   0
0.267549342300612   0.144039573426403   -0.0195277246063252   0.0128121148935245   0
0.315359646688602   0.162790754740249   0.0478103043879903   0.0187511813138468   0
0.296716826774705   0.146520111995666   -0.0186428199138976   -0.0162706427445833   0
0.269576666540875   0.134937105283174   -0.0271401602338298   -0.0115830067124915   0
0.260539182941376   0.126918556064943   -0.00903748359949835   -0.00801854921823172   0
0.22963263157278   0.131134767257238   -0.0309065513685967   0.00421621119229537   0
0.227815271755978   0.0963128760790711   -0.00181735981680198   -0.034821891178167   0
0.163290786158436   0.0945857416913485   -0.064524485597542   -0.00172713438772257   0
0.18475818668963   0.0721772945533427   0.0214674005311937   -0.0224084471380057   0
0.193461223799732   0.0638395541417897   0.00870303711010248   -0.00833774041155304   0
0.182215560985471   0.0630197257475983   -0.0112456628142607   -0.000819828394191452   0
0.187737117322987   0.0674088522625923   0.00552155633751553   0.00438912651499407   0
0.146440517463098   0.0499529656835317   -0.0412965998598885   -0.0174558865790606   0
0.129471148022552   0.0406848873793971   -0.0169693694405462   -0.00926807830413464   0
0.159917345388923   0.0323341373499047   0.0304461973663706   -0.00835075002949243   0
0.116047320056691   0.0346149176318665   -0.0438700253322321   0.0022807802819618   0
0.126538728051534   0.0290145027475054   0.010491407994843   -0.00560041488436104   0
0.112554677973241   0.0678081963316007   -0.0139840500782926   0.0387936935840952   0
0.0728180169148405   0.0238910025184168   -0.0397366610584006   -0.0439171938131838   0
0.189006486007253   0.0860119313631545   0.116188469092413   0.0621209288447377   0
0.272220768320953   0.0963173422771959   0.0832142823136999   0.0103054109140414   0
0.165091872447101   0.0629366839265861   -0.107128895873852   -0.0333806583506098   0
0.0866098322259661   0.0499033729012441   -0.0784820402211353   -0.013033311025342   0
0.0735724875352193   0.0443186573139914   -0.0130373446907468   -0.00558471558725276   0
0.0442941765164722   0.080591309384654   -0.0292783110187471   0.0362726520706627   0
0.0669631821691263   0.0706967578106381   0.0226690056526541   -0.00989455157401591   0
0.0890315740448859   0.0652487126936233   0.0220683918757596   -0.00544804511701481   0
0.0448571833968931   0.0695191031916408   -0.0441743906479928   0.00427039049801746   0
0.0908559234821814   0.0393790454980069   0.0459987400852883   -0.0301400576936338   0
0.0437834614833044   0.0903943082658001   -0.047072461998877   0.0510152627677932   0
0.0950943850791412   0.0447248271694257   0.0513109235958368   -0.0456694810963744   0
0.125774825642455   0.091716113590252   0.030680440563314   0.0469912864208262   0
0.0450240115806844   0.14739944467063   -0.0807508140617708   0.0556833310803776   0
0.133598090987708   0.0865177267138504   0.088574079407024   -0.0608817179567792   0
0.0872131352109302   0.0339848060102599   -0.0463849557767782   -0.0525329207035905   0
0.0943812915416504   0.0539337375744302   0.00716815633072013   0.0199489315641702   0
0.100533105668581   0.0489693530177038   0.00615181412693028   -0.00496438455672633   0
0.0939407703238588   0.0460055310091069   -0.00659233534472178   -0.0029638220085969   0
0.103917751038165   0.0388157237893563   0.00997698071430594   -0.00718980721975064   0
0.0842586964656468   0.0478971229414148   -0.019659054572518   0.00908139915205847   0
0.0947261358987054   0.0266196684527574   0.0104674394330586   -0.0212774544886574   0
0.127046070227497   0.0352702220966653   0.0323199343287912   0.00865055364390798   0
0.114925678718248   0.0406529339554355   -0.0121203915092484   0.00538271185877015   0
0.117775384715695   0.0377476768232351   0.00284970599744698   -0.0029052571322004   0
0.0908536762402601   0.0367038155008781   -0.0269217084754351   -0.00104386132235697   0
0.0771344602788533   0.0814696985521611   -0.0137192159614068   0.044765883051283   0
0.150355934095732   0.0525172630312598   0.0732214738168783   -0.0289524355209013   0
0.124440180154723   0.0486207427346086   -0.0259157539410083   -0.00389652029665113   0
0.113617319728376   0.0418913398092482   -0.0108228604263474   -0.00672940292536045   0
0.0945640328302997   0.0654257713418994   -0.0190532868980762   0.0235344315326512   0
0.0825420228244983   0.0581200430737538   -0.0120220100058014   -0.00730572826814554   0
0.0905492200768731   0.0576789986851584   0.00800719725237478   -0.000441044388595463   0
0.0996897993873496   0.0773684999858794   0.00914057931047645   0.0196895013007211   0
0.102773484006966   0.0736367222739782   0.00308368461961599   -0.00373177771190121   0
0.0851552392319609   0.0767986529357581   -0.0176182447750046   0.00316193066177989   0
0.102318278267424   0.0879039707948901   0.017163039035463   0.011105317859132   0
0.108413299014468   0.114128610037081   0.00609502074704384   0.0262246392421908   0
0.0854580983612437   0.106860839415288   -0.0229552006532241   -0.00726777062179283   0
0.112956342779899   0.116742248477956   0.0274982444186552   0.00988140906266823   0
0.0658353210907952   0.105975086348436   -0.0471210216891037   -0.0107671621295207   0
0.0850714811078801   0.0997280551445381   0.0192361600170849   -0.00624703120389761   0
0.0803285151898751   0.112024138750891   -0.00474296591800497   0.012296083606353   0
0.070679069334634   0.136809224013341   -0.00964944585524113   0.0247850852624499   0
0.101862337290924   0.101741549270266   0.0311832679562902   -0.0350676747430746   0
0.0742124155066388   0.111958206682266   -0.0276499217842854   0.0102166574119998   0
0.0564913420057446   0.117826109643884   -0.0177210735008942   0.00586790296161754   0
0.0773391909422986   0.0953591264782244   0.020847848936554   -0.0224669831656593   0
0.0541982556200843   0.109083350155701   -0.0231409353222143   0.0137242236774764   0
0.057849553747717   0.104166801159547   0.00365129812763271   -0.00491654899615426   0
0.0493499265630659   0.128200864911874   -0.0084996271846511   0.0240340637523272   0
0.0567004638575382   0.123297750370759   0.00735053729447231   -0.00490311454111474   0
0.0441667952066935   0.117970406771582   -0.0125336686508448   -0.00532734359917711   0
0.0401291942790296   0.14203552117841   -0.00403760092766389   0.0240651144068279   0
0.0501873131865056   0.113236236809998   0.010058118907476   -0.0287992843684116   0
0.055622307668147   0.132176182319509   0.00543499448164134   0.0189399455095105   0
0.10388479371294   0.145016418909515   0.0482624860447926   0.0128402365900065   0
0.0894015132808164   0.139112175620971   -0.0144832804321231   -0.00590424328854375   0
0.0879490902603319   0.1532778936808   -0.00145242302048458   0.0141657180598281   0
0.0881274504801994   0.175244135599811   0.000178360219867529   0.0219662419190116   0
0.0564501345113544   0.184840505035348   -0.031677315968845   0.00959636943553685   0
0.140949587879922   0.08250881527949   0.0844994533685681   -0.102331689755858   0
0.0678162874165934   0.139725749969682   -0.0731333004633291   0.0572169346901917   0
0.0960242732828007   0.146041524954626   0.0282079858662074   0.00631577498494384   0
0.0579191371657072   0.172401658858036   -0.0381051361170936   0.0263601339034101   0
0.0953002049728168   0.154054986592093   0.0373810678071097   -0.0183466722659425   0
0.115046803066404   0.15090882075896   0.0197465980935874   -0.0031461658331329   0
0.102989527911628   0.16209750997857   -0.0120572751547762   0.0111886892196094   0
0.129368925308725   0.164722455996663   0.0263793973970967   0.00262494601809307   0
0.10325822927893   0.153917427657405   -0.0261106960297951   -0.0108050283392578   0
0.0644200718876477   0.156282723053294   -0.0388381573912819   0.0023652953958887   0
0.051546430028421   0.159417636109442   -0.0128736418592268   0.00313491305614841   0
0.0709077466345363   0.14303615303675   0.0193613166061154   -0.0163814830726924   0
0.0535405091886508   0.153936588900268   -0.0173672374458855   0.0109004358635179   0
0.0861248026202928   0.182022379019648   0.0325842934316421   0.0280857901193806   0
0.0703380763812176   0.142838670050305   -0.0157867262390753   -0.0391837089693429   0
0.0813171238667478   0.152032476682846   0.0109790474855302   0.00919380663254027   0
0.0631644844587526   0.136227034590238   -0.0181526394079952   -0.0158054420926073   0
0.0637620906383252   0.138890144910969   0.000597606179572607   0.00266311032073074   0
0.0471859780576815   0.133805547435859   -0.0165761125806437   -0.00508459747510981   0
0.044579582758366   0.14926044815095   -0.00260639529931554   0.0154549007150909   0
0.0339231418349608   0.170423688206335   -0.0106564409234052   0.0211632400553845   0
0.0585745396049342   0.163008059067527   0.0246513977699734   -0.00741562913880736   0
0.124194713708958   0.190921210907307   0.0656201741040237   0.0279131518397799   0
0.0964273049617172   0.186285180292717   -0.0277674087472407   -0.00463603061459045   0
0.0617249001692186   0.181838579530115   -0.0347024047924986   -0.00444660076260159   0
0.0372361601021977   0.173101723247748   -0.0244887400670209   -0.00873685628236701   0
0.0590746826578713   0.155902926115291   0.0218385225556736   -0.0171987971324568   0
0.0209557792057084   0.155800888004056   -0.0381189034521629   -0.000102038111235048   0
0.0875727202110908   0.147254811746815   0.0666169410053825   -0.0085460762572411   0
0.114578835959809   0.164618569143611   0.0270061157487185   0.0173637573967962   0
0.088515440952017   0.169782820631984   -0.0260633950077924   0.00516425148837266   0
0.0911046654159687   0.155823360480032   0.00258922446395173   -0.0139594601519522   0
0.076523876027238   0.164077862714818   -0.0145807893887306   0.00825450223478552   0
0.114431920598756   0.161935353918076   0.0379080445715179   -0.0021425087967416   0
0.100468872874786   0.140368895882323   -0.0139630477239695   -0.0215664580357527   0
0.102547463999547   0.162644827826233   0.00207859112476061   0.0222759319439099   0
0.135301320926893   0.148730487983206   0.032753856927346   -0.0139143398430273   0
0.0956448852939293   0.152911706865637   -0.0396564356329637   0.00418121888243128   0
0.126100874973368   0.129487550655507   0.0304559896794383   -0.02342415621013   0
0.110925355769046   0.138243350442851   -0.0151755192043214   0.00875579978734428   0
