0.156523830796368   0.0815667283419533   0   0   0
0.126671331002007   0.0533077144837227   -0.0298524997943609   -0.0282590138582305   0
0.108771438836581   0.0415059643083075   -0.0178998921654263   -0.0118017501754152   0
0.176161648222336   0.0403271847537427   0.0673902093857552   -0.00117877955456481   0
0.161858189629225   0.0542437114955503   -0.0143034585931113   0.0139165267418076   0
0.169480767089514   0.0386030458679752   0.00762257746028921   -0.0156406656275751   0
0.178500365073352   0.0335993075941678   0.00901959798383845   -0.00500373827380746   0
0.233348971778322   0.0657646904411668   0.0548486067049696   0.0321653828469991   0
0.21388488824536   0.0396533711860669   -0.0194640835329621   -0.0261113192550999   0
0.135324590442388   0.0450479818856516   -0.0785602978029719   0.00539461069958475   0
0.144675389907614   0.0459055775897657   0.00935079946522571   0.000857595704114061   0
0.144682236275536   0.0502809703215342   6.84636792239179e-06   0.00437539273176846   0
0.113107058857969   0.0858008694660491   -0.0315751774175672   0.035519899144515   0
0.115106102329633   0.0991325355727624   0.00199904347166453   0.0133316661067132   0
0.132411190495517   0.0957728548505394   0.0173050881658834   -0.00335968072222292   0
0.135503996411693   0.0842807688300391   0.00309280591617592   -0.0114920860205003   0
0.0897990842365889   0.0751528254546694   -0.0457049121751037   -0.00912794337536979   0
0.0529862195350829   0.0334383792570005   -0.036812864701506   -0.0417144461976689   0
0.0483935677965574   0.0412005195648065   -0.00459265173852547   0.00776214030780598   0
0.0640724018493142   0.0290724436496268   0.0156788340527568   -0.0121280759151797   0
0.038073160166448   0.0264622319587823   -0.0259992416828662   -0.00261021169084447   0
0.0834936934993296   0.0225384289804103   0.0454205333328817   -0.00392380297837199   0
0.0445633670757507   0.0457103366850705   -0.038930326423579   0.0231719077046602   0
0.0376860359446307   0.0845917445307312   -0.00687733113111993   0.0388814078456608   0
0.0458084722736963   0.0849775214417025   0.00812243632906553   0.000385776910971206   0
0.0476136528533581   0.0632513692308912   0.00180518057966188   -0.0217261522108113   0
0.042651377121877   0.059127440513479   -0.00496227573148111   -0.00412392871741214   0
0.0479005487501177   0.0471872947672358   0.00524917162824064   -0.0119401457462432   0
0.0498151986664713   0.0479010753702096   0.00191464991635358   0.000713780602973786   0
0.0535731725558605   0.0375822338445641   0.00375797388938919   -0.0103188415256455   0
0.0553378118730259   0.0534934218743996   0.0017646393171654   0.0159111880298355   0
0.050485816764117   0.0480451724449241   -0.00485199510890882   -0.00544824942947551   0
0.142587915349724   0.0268809239772836   0.0921020985856068   -0.0211642484676405   0
0.103725357503023   0.0419320150322221   -0.0388625578467005   0.0150510910549385   0
0.0910797459049486   0.0215554197316597   -0.0126456115980747   -0.0203765953005624   0
0.044966741192686   0.0725790466931228   -0.0461130047122626   0.0510236269614631   0
0.0765791021470773   0.0580687402737695   0.0316123609543914   -0.0145103064193533   0
0.0576226846531303   0.0655537384332313   -0.018956417493947   0.00748499815946176   0
0.0520253559609158   0.0797498401336461   -0.00559732869221449   0.0141961017004148   0
0.0487309115684807   0.0961589476794541   -0.00329444439243515   0.0164091075458081   0
0.0303250579407921   0.0894822565689422   -0.0184058536276885   -0.00667669111051195   0
0.0395635351450044   0.107087600644916   0.00923847720421228   0.0176053440759737   0
0.0317511035553097   0.126004970478599   -0.00781243158969472   0.0189173698336826   0
0.0208110030908388   0.129998187935236   -0.0109401004644709   0.00399321745663767   0
0.0373313422855434   0.125370394215032   0.0165203391947046   -0.00462779372020433   0
0.0427900973690175   0.144735087098896   0.00545875508347413   0.0193646928838641   0
0.0405092000061714   0.134310326185601   -0.00228089736284608   -0.0104247609132951   0
0.0395479607579519   0.142388892784462   -0.000961239248219573   0.00807856659886105   0
0.0180384193750062   0.153334014194128   -0.0215095413829456   0.0109451214096659   0
0.0178470742952451   0.126146117664645   -0.000191345079761079   -0.0271878965294827   0
0.0950894718619343   0.0648325341898071   0.0772423975666892   -0.0613135834748381   0
0.0867652488996026   0.083220032740771   -0.00832422296233168   0.018387498550964   0
0.0418956452375423   0.11306699832208   -0.0448696036620604   0.0298469655813089   0
0.0534221468053278   0.147702509710425   0.0115265015677856   0.0346355113883452   0
0.0477484017355555   0.160226807773988   -0.00567374506977234   0.0125242980635629   0
0.0278853870502097   0.171005815607262   -0.0198630146853459   0.0107790078332743   0
0.0238862488524779   0.124592265419211   -0.00399913819773179   -0.0464135501880517   0
0.0149139229343356   0.161033270882138   -0.00897232591814231   0.0364410054629273   0
0.0561158021084079   0.145757462695843   0.0412018791740724   -0.0152758081862951   0
0.0425312696690435   0.129615497063295   -0.0135845324393644   -0.0161419656325479   0
0.105314367545736   0.0640764799686671   0.0627830978766926   -0.0655390170946277   0
0.129997797809424   0.0677049937816259   0.0246834302636883   0.00362851381295874   0
0.120951070770167   0.06764497282816   -0.00904672703925723   -6.00209534659113e-05   0
0.140370306990163   0.0541418633136596   0.0194192362199954   -0.0135031095145004   0
0.121168860076376   0.0537701258954496   -0.0192014469137865   -0.000371737418210005   0
0.0990936500904574   0.0366591858407647   -0.0220752099859187   -0.0171109400546849   0
0.0933778047976734   0.0612687236058293   -0.00571584529278393   0.0246095377650645   0
0.0945718251232892   0.0181136734412156   0.00119402032561577   -0.0431550501646136   0
0.0992525956637911   0.0408628736815584   0.00468077054050187   0.0227492002403428   0
0.08264625523168   0.0611527784505332   -0.016606340432111   0.0202899047689748   0
0.118681690030855   0.0545566603911246   0.0360354347991752   -0.00659611805940866   0
0.097318909846648   0.0658278808774253   -0.0213627801842072   0.0112712204863008   0
0.0795678774095426   0.0891601962727904   -0.0177510324371054   0.023332315395365   0
0.0949106289780022   0.088142667954076   0.0153427515684596   -0.00101752831871434   0
0.098978825013232   0.0991534200565467   0.00406819603522977   0.0110107521024707   0
0.120682075480537   0.0922399815037519   0.0217032504673049   -0.00691343855279479   0
0.134173011134356   0.0822995704299506   0.0134909356538191   -0.00994041107380134   0
0.15503701618162   0.0885593436839953   0.0208640050472644   0.00625977325404471   0
0.127692364134626   0.0964071526940559   -0.027344652046994   0.00784780901006055   0
0.125963861610583   0.0868359841693235   -0.00172850252404372   -0.00957116852473236   0
0.13804554931576   0.07476343807068   0.0120816877051777   -0.0120725460986435   0
0.140936088774096   0.0664425761132687   0.0028905394583362   -0.0083208619574113   0
0.0975489985796497   0.123193018919655   -0.0433870901944468   0.056750442806386   0
0.0983533297225717   0.283382330335714   0.000804331142921971   0.16018931141606   0
0.110049013237284   0.130946866041956   0.0116956835147127   -0.152435464293758   0
0.102497069129659   0.118938924083382   -0.00755194410762587   -0.0120079419585745   0
0.116038629364578   0.145582020127627   0.0135415602349199   0.0266430960442458   0
0.112770485169259   0.120879337841761   -0.00326814419531971   -0.0247026822858667   0
0.0687542029759636   0.130537157028957   -0.0440162821932951   0.00965781918719608   0
0.108020853300939   0.114994181669226   0.039266650324975   -0.0155429753597305   0
0.114831656212562   0.0820161745012258   0.00681080291162328   -0.0329780071680004   0
0.112295594669515   0.0950096282905054   -0.00253606154304691   0.0129934537892796   0
0.111379513512585   0.0817276434863284   -0.000916081156930454   -0.013281984804177   0
0.13659223840475   0.0807776876552709   0.0252127248921652   -0.000949955831057545   0
0.130811728635088   0.104541869955212   -0.00578050976966138   0.0237641822999413   0
0.136311362496675   0.0907293086291993   0.00549963386158686   -0.0138125613260129   0
0.139608330219403   0.105233622107967   0.00329696772272819   0.0145043134787682   0
0.15294215451719   0.109341704384466   0.0133338242977865   0.00410808227649873   0
0.146445106459041   0.0795145641366568   -0.00649704805814846   -0.0298271402478095   0
0.0871570370176729   0.112594962183239   -0.0592880694413686   0.0330803980465822   0
0.13126112415366   0.133437886958188   0.0441040871359869   0.0208429247749493   0
0.126327177506825   0.119080876661326   -0.00493394664683472   -0.014357010296862   0
0.160447597304547   0.116847564926224   0.034120419797722   -0.0022333117351023   0
0.19192899527234   0.104756895411161   0.0314813979677932   -0.0120906695150626   0
0.209964447807837   0.075563024711495   0.018035452535497   -0.0291938706996664   0
0.207719363774938   0.0363876048703745   -0.00224508403289958   -0.0391754198411205   0
0.190611263536488   0.0304877062601469   -0.0171081002384499   -0.00589989861022759   0
0.190147817855189   0.0252083053888991   -0.000463445681299135   -0.00527940087124778   0
0.171037706381517   0.00729232836094378   -0.0191101114736717   -0.0179159770279553   0
0.159228006837648   0.0252155564814937   -0.0118096995438692   0.0179232281205499   0
0.169545183557186   0.032506536924085   0.0103171767195386   0.00729098044259125   0
0.17207693334381   0.029807367249306   0.0025317497866236   -0.00269916967477898   0
0.159791376743654   0.0387086042673683   -0.0122855566001558   0.00890123701806232   0
0.142598758688777   0.0541689655719952   -0.0171926180548773   0.0154603613046269   0
0.301791753449295   0.344999621075364   0.159192994760518   0.290830655503369   1
0.534363994420694   0.37518333307142   0.2325722409714   0.0301837119960555   1
0.346880140450906   0.322263527738127   -0.187483853969789   -0.0529198053332929   0
0.129785929401496   0.228555737926709   -0.21709421104941   -0.0937077898114179   0
0.0915739552696071   0.214185052526834   -0.0382119741318885   -0.0143706853998753   0
0.0784547817410131   0.158217682743499   -0.013119173528594   -0.0559673697833347   0
0.120584442346142   0.118888082864495   0.0421296606051287   -0.0393295998790041   0
0.119539861671913   0.120511985210569   -0.00104458067422923   0.00162390234607454   0
