0   0   0   0   0
0.0456777269365497   0.0341281098058477   0.0456777269365497   0.0341281098058477   0
0.0447920153458181   0.0480083077544973   -0.000885711590731669   0.0138801979486496   0
0.074131700515434   0.0955653927963073   0.029339685169616   0.04755708504181   0
0.0254061477784571   0.077986701468712   -0.0487255527369769   -0.0175786913275953   0
0.0917554541170169   0.098314592134764   0.0663493063385598   0.020327890666052   0
0.0704532872418314   0.0925023158345374   -0.0213021668751856   -0.00581227630022664   0
0.0776096839559343   0.0673218953020672   0.00715639671410288   -0.0251804205324701   0
0.0641319617713383   0.0856227841462919   -0.0134777221845959   0.0183008888442247   0
0.0477408479456534   0.0788719421919005   -0.0163911138256849   -0.00675084195439139   0
0.0767895153089925   0.106898928438502   0.0290486673633391   0.0280269862466016   0
0.0472990116932394   0.0736332328386782   -0.0294905036157531   -0.0332656955998239   0
0.0720945891697151   0.0982600904602169   0.0247955774764757   0.0246268576215386   0
0.0557956376225776   0.0916529941116492   -0.0162989515471375   -0.00660709634856767   0
0.079852715664904   0.144185013299927   0.0240570780423263   0.0525320191882774   0
0.0643547400602318   0.119185263470458   -0.0154979756046722   -0.0249997498294685   0
0.0725777938665126   0.144949640481764   0.00822305380628087   0.0257643770113055   0
0.075569198925819   0.134962669207498   0.00299140505930634   -0.00998697127426562   0
0.0663830957868952   0.13568758154939   -0.0091861031389238   0.000724912341892564   0
0.0902531001061598   0.168508902714753   0.0238700043192646   0.0328213211653622   0
0.0630961148319173   0.144104417317149   -0.0271569852742424   -0.0244044853976038   0
0.0820181363168147   0.165593559945405   0.0189220214848974   0.0214891426282563   0
0.0624074080739412   0.155166786874229   -0.0196107282428735   -0.0104267730711759   0
0.0898407917557498   0.176334441040839   0.0274333836818086   0.0211676541666093   0
0.0652965974239853   0.144414413214315   -0.0245441943317645   -0.0319200278265234   0
0.0903941808028039   0.189799744809224   0.0250975833788186   0.0453853315949083   0
0.0949584601044583   0.182441588962769   0.00456427930165441   -0.00735815584645449   0
0.0763951416573724   0.163495556211019   -0.0185633184470859   -0.0189460327517499   0
0.0969804967736297   0.175558858605756   0.0205853551162573   0.0120633023947365   0
0.0567485463986532   0.150120338137971   -0.0402319503749765   -0.0254385204677842   0
0.079395554391792   0.170941756327984   0.0226470079931387   0.020821418190013   0
0.0617129388159404   0.153602555126466   -0.0176826155758516   -0.0173392012015189   0
0.0803948092084613   0.158589021850849   0.0186818703925209   0.00498646672438294   0
0.0529394814683559   0.133246695411665   -0.0274553277401054   -0.025342326439184   0
0.0755825007514967   0.141279075795657   0.0226430192831408   0.00803238038399293   0
0.0671530266181652   0.139122566753295   -0.00842947413333152   -0.00215650904236253   0
0.0646704594192743   0.164432354890058   -0.00248256719889091   0.0253097881367631   0
0.0563535514750402   0.114351280919608   -0.00831690794423411   -0.0500810739704505   0
0.0757710149815878   0.142242226711374   0.0194174635065476   0.0278909457917667   0
0.0728701520852674   0.109727126891257   -0.00290086289632038   -0.0325150998201173   0
0.0726703090461297   0.163339547874879   -0.000199843039137698   0.0536124209836224   0
0.0860034980149645   0.124915669513296   0.0133331889688348   -0.0384238783615833   0
0.126225135744074   0.1508744146171   0.0402216377291099   0.0259587451038036   0
0.0818259544268198   0.151670353860717   -0.0443991813172545   0.000795939243616955   0
0.0931272354503236   0.143291541263031   0.0113012810235037   -0.00837881259768536   0
0.0944516405924746   0.162460460109406   0.00132440514215107   0.019168918846375   0
0.0771319402111084   0.16868158549907   -0.0173197003813662   0.00622112538966352   0
0.0965251869128985   0.188298963841135   0.0193932467017901   0.019617378342065   0
0.0820797387827837   0.154238910463038   -0.0144454481301149   -0.034060053378097   0
0.0799688606203065   0.197292111485235   -0.00211087816247719   0.0430532010221974   0
0.0706773806030614   0.175228537365101   -0.00929148001724507   -0.0220635741201345   0
0.0751479724490954   0.210630883185645   0.004470591846034   0.0354023458205447   0
0.106947455089591   0.222211225084743   0.0317994826404952   0.011580341899098   0
0.0724501740663886   0.21526410242955   -0.0344972810232021   -0.00694712265519293   0
0.099999048682775   0.218860343613462   0.0275488746163864   0.00359624118391119   0
0.0910406049336229   0.2045966504767   -0.00895844374915207   -0.0142636931367615   0
0.0921414416617192   0.205047677302871   0.00110083672809627   0.000451026826171319   0
0.0971392781637788   0.18799402594586   0.00499783650205965   -0.017053651357012   0
0.084671208001835   0.191133781293895   -0.0124680701619439   0.00313975534803551   0
0.0915366333279742   0.185339156833398   0.00686542532613925   -0.00579462446049675   0
0.105842878926501   0.202537733538253   0.014306245598527   0.017198576704855   0
0.0879121388132492   0.164499187701801   -0.017930740113252   -0.0380385458364519   0
0.100722120106211   0.190487417798827   0.0128099812929618   0.0259882300970259   0
0.072489820549233   0.17171057397627   -0.028232299556978   -0.0187768438225576   0
0.259131661607087   0.365607899201252   0.186641841057854   0.193897325224982   1
0.652254468686386   0.47838870395396   0.393122807079299   0.112780804752709   1
0.424951536853192   0.36759046549591   -0.227302931833194   -0.11079823845805   0
0.316814449107439   0.291252917119915   -0.108137087745753   -0.0763375483759954   0
0.266157553021589   0.308222485164698   -0.0506568960858498   0.0169695680447832   0
0.220322694571894   0.218861832076484   -0.0458348584496953   -0.0893606530882142   0
0.194763033643682   0.258735351990103   -0.0255596609282118   0.0398735199136192   0
0.171962407614484   0.19639874445771   -0.0228006260291978   -0.0623366075323927   0
0.155829096255481   0.218935532089546   -0.0161333113590031   0.0225367876318354   0
0.158127280335969   0.190616743299356   0.00229818408048746   -0.0283187887901899   0
0.128350433012593   0.208224576609493   -0.029776847323376   0.0176078333101369   0
0.115987740063595   0.174408097960086   -0.0123626929489979   -0.0338164786494066   0
0.118512851993697   0.201486715425217   0.00252511193010264   0.0270786174651312   0
0.113046779668021   0.163286659212939   -0.00546607232567668   -0.0382000562122782   0
0.0930401662458747   0.189244807008601   -0.0200066134221459   0.0259581477956616   0
0.0722322597061728   0.164278250294812   -0.0208079065397019   -0.0249665567137884   0
0.0542000640669363   0.172003664881711   -0.0180321956392365   0.0077254145868989   0
0.038726169588148   0.14174834266599   -0.0154738944787883   -0.0302553222157209   0
0.0482560018615301   0.163411377937498   0.00952983227338212   0.0216630352715075   0
0.0403967921948018   0.150020427183536   -0.00785920966672833   -0.0133909507539617   0
0.048575389717222   0.161146105952843   0.00817859752242023   0.011125678769307   0
0.07930036031816   0.200964692044525   0.0307249706009379   0.0398185860916816   0
0.0472343489169693   0.187755510445959   -0.0320660114011907   -0.013209181598566   0
0.0913443633648864   0.209832862803935   0.0441100144479171   0.0220773523579768   0
0.0644976726359866   0.178483095958284   -0.0268466907288998   -0.0313497668456512   0
0.0803946688934664   0.203004178092285   0.0158969962574798   0.0245210821340009   0
0.0860100050721426   0.207742627587052   0.00561533617867618   0.00473844949476665   0
0.102762078830325   0.201206943232142   0.0167520737581827   -0.00653568435490959   0
0.0846775807659265   0.201047565593259   -0.0180844980643989   -0.000159377638883573   0
0.0672524649654568   0.232179436348631   -0.0174251158004696   0.0311318707553726   0
0.104848308914021   0.220125971118236   0.0375958439485643   -0.0120534652303954   0
0.0849414920619481   0.201920011924282   -0.019906816852073   -0.018205959193954   0
0.122635646809482   0.228312979181309   0.0376941547475338   0.0263929672570276   0
0.101228940967591   0.199146545257243   -0.0214067058418911   -0.0291664339240667   0
0.121195440052875   0.2278062647438   0.019966499085284   0.0286597194865578   0
0.0993234819759155   0.203084718583582   -0.0218719580769595   -0.0247215461602189   0
0.110987124293947   0.22915392645829   0.0116636423180314   0.0260692078747085   0
0.135402231999956   0.220604923742581   0.0244151077060096   -0.00854900271570899   0
0.128475231898993   0.198083481569094   -0.00692700010096348   -0.0225214421734876   0
0.12702668005679   0.246180113145316   -0.00144855184220324   0.0480966315762225   0
0.139861634007673   0.218455785347012   0.0128349539508838   -0.0277243277983036   0
0.18830278912321   0.235087335881482   0.0484411551155363   0.016631550534469   0
0.173954649966708   0.224516313132415   -0.0143481391565015   -0.0105710227490668   0
0.203943224748115   0.252129209709174   0.0299885747814064   0.0276128965767589   0
0.168844214325662   0.246597672014199   -0.0350990104224529   -0.00553153769497466   0
0.194171853072916   0.231225472628363   0.025327638747254   -0.0153721993858356   0
0.198155747438271   0.254543656769247   0.00398389436535559   0.0233181841408832   0
0.19423631447577   0.220444221315404   -0.00391943296250091   -0.0340994354538421   0
0.204745231298924   0.261109706907288   0.0105089168231538   0.0406654855918838   0
0.170047242094609   0.221223923219303   -0.0346979892043158   -0.0398857836879855   0
0.21464546683974   0.243071316630578   0.0445982247451317   0.0218473934112748   0
0.193069680556642   0.222903006548188   -0.0215757862830987   -0.0201683100823892   0
0.20203519786517   0.251816143746688   0.00896551730852851   0.0289131371984993   0
0.188861196220743   0.246612831290264   -0.0131740016444267   -0.00520331245642414   0
0.21584995247174   0.26708103286456   0.0269887562509969   0.0204682015742961   0
0.185978710903036   0.270371748134397   -0.0298712415687046   0.00329071526983771   0
0.194327505413629   0.253368481711464   0.00834879451059362   -0.0170032664229333   0
0.198981502499604   0.27246809478605   0.004653997085975   0.019099613074586   0
