0.0507101731953264   0.0643759835687931   0   0   0
0.0618372464821971   0.0661383733057066   0.0111270732868707   0.00176238973691344   0
0.0643610474604788   0.0573006869314191   0.00252380097828164   -0.00883768637428752   0
0.0667092283580765   0.0319823157375291   0.00234818089759775   -0.02531837119389   0
0.0749672916067401   0.042892231041909   0.00825806324866356   0.0109099153043799   0
0.0685116973552692   0.0675738169013154   -0.00645559425147088   0.0246815858594064   0
0.0740258852329373   0.0844874805818886   0.00551418787766807   0.0169136636805732   0
0.0796175470917058   0.054908817572613   0.00559166185876858   -0.0295786630092755   0
0.072222773169202   0.0645381231401412   -0.00739477392250389   0.00962930556752812   0
0.0707930866939703   0.0643863219639078   -0.00142968647523162   -0.000151801176233327   0
0.051364433074064   0.0572981599546617   -0.0194286536199063   -0.00708816200924611   0
0.0639226269294379   0.0407701922697514   0.0125581938553739   -0.0165279676849103   0
0.0778819791562849   0.050145757419453   0.013959352226847   0.00937556514970157   0
0.0522848454530565   0.0657153682593349   -0.0255971337032285   0.0155696108398819   0
0.0594281160554497   0.0649433713879446   0.00714327060239324   -0.000771996871390304   0
0.0666764828752237   0.0407701922697514   0.007248366819774   -0.0241731791181932   0
0.0587079866447488   0.0584951937637615   -0.00796849623047494   0.0177250014940101   0
0.0381415016826816   0.0340447063397894   -0.0205664849620672   -0.024450487423972   0
0.0603780077028391   0.0508751788887764   0.0222365060201576   0.016830472548987   0
0.0588597563053909   0.0335715009521934   -0.00151825139744825   -0.017303677936583   0
0.0513216366436223   0.0443834876583781   -0.00753811966176852   0.0108119867061846   0
0.0515347886334076   0.0419668293478909   0.000213151989785283   -0.00241665831048714   0
0.0578850517872274   0.0446699922375189   0.00635026315381979   0.00270316288962797   0
0.0470882402761029   0.0328427671102025   -0.0107968115111245   -0.0118272251273164   0
0.050644782405002   0.04527749228386   0.00355654212889909   0.0124347251736575   0
0.0528043564102433   0.0410965693344347   0.00215957400524128   -0.00418092294942526   0
0.0609639416868693   0.0600153303266132   0.00815958527662602   0.0189187609921785   0
0.0716043986433096   0.0388050852943271   0.0106404569564403   -0.0212102450322861   0
0.0572840274361012   0.0438140473678248   -0.0143203712072084   0.00500896207349776   0
0.0695483329575915   0.0180344888477486   0.0122643055214902   -0.0257795585200762   0
0.0743031348178527   0.0239673664859638   0.00475480186026128   0.00593287763821517   0
0.052989620592433   0.0298074018260985   -0.0213135142254197   0.00584003534013471   0
0.0584865700574927   0.0249338284083797   0.00549694946505969   -0.00487357341771875   0
0.0699106174006495   0.0428905790500956   0.0114240473431568   0.0179567506417159   0
0.0580706179889624   0.0390277748995507   -0.0118399994116871   -0.0038628041505449   0
0.044268624859713   0.0557653541551338   -0.0138019931292494   0.0167375792555831   0
0.0703079370828059   0.0626469321213737   0.0260393122230929   0.00688157796623986   0
0.0760478279065221   0.0368546560953077   0.00573989082371615   -0.025792276026066   0
0.0471022615592925   0.0377597995166155   -0.0289455663472296   0.000905143421307861   0
0.068125550393373   0.0614914514782543   0.0210232888340805   0.0237316519616387   0
0.111469979927378   0.0283989283450538   0.0433444295340048   -0.0330925231332005   0
0.0852955095318622   0.0259831838132377   -0.0261744703955155   -0.00241574453181605   0
0.117803743269898   0.0200647166040446   0.0325082337380356   -0.0059184672091931   0
0.138966277821672   0.0301581911164281   0.0211625345517737   0.0100934745123834   0
0.0412267923362951   0.10984795388598   -0.0977394854853764   0.079689762769552   0
0.0647857524718892   0.0967418474553541   0.0235589601355941   -0.013106106430626   0
0.0820664671969618   0.0514798719059449   0.0172807147250725   -0.0452619755494091   0
0.0310240124115176   0.0867283551478408   -0.0510424547854441   0.0352484832418958   0
0.030208638036661   0.0995486861038984   -0.00081537437485666   0.0128203309560576   0
0.0493109105818378   0.105311616633446   0.0191022725451768   0.00576293052954807   0
0.0332598914641945   0.107359381529294   -0.0160510191176432   0.00204776489584745   0
0.0175750045420648   0.116569845479792   -0.0156848869221297   0.0092104639504977   0
0.0558889164742885   0.111441495351249   0.0383139119322237   -0.00512835012854242   0
0.0218390488343151   0.120003318194394   -0.0340498676399734   0.0085618228431449   0
0.0450073516413985   0.114834194312278   0.0231683028070834   -0.00516912388211578   0
0.0511561694953795   0.0973797404998211   0.00614881785398099   -0.0174544538124572   0
0.0499774420586928   0.0900618857383078   -0.00117872743668669   -0.00731785476151334   0
0.0523760407252209   0.103454604928273   0.00239859866652808   0.013392719189965   0
0.0293149032814096   0.103273002081933   -0.0230611374438113   -0.00018160284633946   0
0.0869275418387636   0.0769961092574976   0.057612638557354   -0.0262768928244357   0
0.0431857516670719   0.0961477803389787   -0.0437417901716917   0.0191516710814812   0
0.0494273125245547   0.10338321735075   0.00624156085748283   0.00723543701177168   0
0.0647606758493146   0.104040967098999   0.0153333633247599   0.000657749748248657   0
0.0602049552666556   0.0881653783255918   -0.00455572058265903   -0.0158755887734073   0
0.069990237832572   0.0521013836417758   0.00978528256591647   -0.036063994683816   0
0.113993501566054   0.0460283260178447   0.0440032637334822   -0.00607305762393106   0
0.113473872980215   0.0680483550701448   -0.000519628585839052   0.0220200290523001   0
0.0992901091954863   0.0761705112508279   -0.0141837637847288   0.00812215618068311   0
0.102653871527332   0.061390539658831   0.00336376233184574   -0.0147799715919969   0
0.114771079772955   0.0662735836365252   0.0121172082456229   0.00488304397769421   0
0.11018220118177   0.0534419574728041   -0.00458887859118519   -0.0128316261637211   0
0.110329435436832   0.0476301713177729   0.000147234255061815   -0.00581178615503113   0
0.0970540001616111   0.0579593566181941   -0.0132754352752206   0.0103291853004212   0
0.103394583121291   0.0575480139764397   0.00634058295968017   -0.000411342641754395   0
0.0994223120578696   0.0627779265058388   -0.00397227106342164   0.00522991252939912   0
0.112453322272932   0.0571487749806809   0.0130310102150628   -0.00562915152515792   0
0.104971612555205   0.0640003814557577   -0.00748170971772778   0.00685160647507684   0
0.0820209984022994   0.0504131324753779   -0.0229506141529052   -0.0135872489803799   0
0.0790425610542194   0.0631651330698749   -0.00297843734808001   0.012752000594497   0
0.0522361683964282   0.0655603106874312   -0.0268063926577912   0.0023951776175563   0
0.0927090991278634   0.0521773877212997   0.0404729307314352   -0.0133829229661314   0
0.0803470544985316   0.0423641690783996   -0.0123620446293318   -0.00981321864290019   0
0.0941537006362469   0.0483310779191298   0.0138066461377154   0.0059669088407303   0
0.0928391803615801   0.0600447537040081   -0.0013145202746668   0.0117136757848783   0
0.0816723197511862   0.0519177417156457   -0.0111668606103939   -0.00812701198836242   0
0.0771480822186786   0.061941517040841   -0.00452423753250757   0.0100237753251953   0
0.0916757333437262   0.0530805071127104   0.0145276511250476   -0.00886100992813062   0
0.0798579108973557   0.0614777256314084   -0.0118178224463706   0.00839721851869795   0
0.0800852518779831   0.0617448660396353   0.000227340980627461   0.000267140408226896   0
0.0874357765300909   0.0611356543563165   0.00735052465210781   -0.000609211683318754   0
0.0682911276175756   0.0705790324335245   -0.0191446489125153   0.00944337807720798   0
0.061515034715588   0.0682222826210396   -0.00677609290198759   -0.00235674981248489   0
0.0802831177281998   0.0583999807694596   0.0187680830126118   -0.00982230185158001   0
0.0885324003384637   0.0694724396485757   0.00824928261026381   0.0110724588791162   0
0.0758808201688674   0.0723938454721981   -0.0126515801695962   0.00292140582362237   0
0.0794332016995412   0.0690469226932309   0.00355238153067382   -0.00334692277896724   0
0.0910978476034423   0.07858115472327   0.0116646459039011   0.00953423203003914   0
0.0452542428060884   0.0678928222555595   -0.0458436047973539   -0.0106883324677105   0
0.0904441790808563   0.068205569860551   0.0451899362747679   0.000312747604991434   0
0.0717540040876466   0.0715379455708123   -0.0186901749932097   0.00333237571026131   0
0.0722175106038695   0.0701423300324419   0.000463506516222914   -0.00139561553837038   0
0.0789076492244573   0.0749330618096078   0.00669013862058784   0.00479073177716588   0
0.0694742367103806   0.06298479920586   -0.0094334125140767   -0.0119482626037478   0
0.0619685135055699   0.07700124228868   -0.00750572320481071   0.01401644308282   0
0.0699703547802525   0.0820764551203596   0.00800184127468256   0.00507521283167958   0
0.0703808600704765   0.0977839621682027   0.000410505290224072   0.0157075070478431   0
0.0740709345075381   0.0846019478928973   0.00369007443706156   -0.0131820142753055   0
0.0889583170120141   0.0929364777244118   0.014887382504476   0.00833452983151459   0
0.0931127341144056   0.108578459916313   0.00415441710239152   0.0156419821919012   0
0.0769617871463495   0.102772224377504   -0.0161509469680562   -0.00580623553880918   0
0.0932943804263687   0.110691094025491   0.0163325932800192   0.00791886964798673   0
0.0928037602619635   0.115385081361327   -0.000490620164405153   0.00469398733583618   0
0.0809022898499171   0.103004557449857   -0.0119014704120464   -0.0123805239114697   0
0.0841441941453479   0.116157318028138   0.00324190429543082   0.013152760578281   0
0.0873973943817549   0.11323818590034   0.00325320023640696   -0.00291913212779787   0
0.0828258509306122   0.114081619240305   -0.00457154345114265   0.000843433339965144   0
0.0773265475249607   0.111465946298381   -0.00549930340565156   -0.00261567294192412   0
0.0860318204943961   0.119779897126573   0.00870527296943548   0.00831395082819217   0
0.0767099954075087   0.124227589299881   -0.00932182508688748   0.00444769217330801   0
0.0558457749136853   0.124111623861345   -0.0208642204938234   -0.000115965438536286   0
0.0912636256114121   0.113210238658005   0.0354178506977268   -0.0109013852033399   0
0.0833720531006044   0.116831635690799   -0.00789157251080773   0.00362139703279385   0
