0.078956153635628   0.119944917171269   0   0   0
0.0571409419943363   0.124578623613975   -0.0218152116412917   0.00463370644270655   0
0.0197356792856238   0.103504756324577   -0.0374052627087125   -0.0210738672893985   0
0.0563165893606813   0.133218549274388   0.0365809100750575   0.0297137929498111   0
0.0146825481923374   0.124749284595303   -0.0416340411683439   -0.00846926467908445   0
0.0626477441402376   0.0930957122352582   0.0479651959479003   -0.0316535723600452   0
0.0410465099221478   0.099712139749882   -0.0216012342180899   0.00661642751462381   0
0.059902201516446   0.0801406571831833   0.0188556915942982   -0.0195714825666987   0
0.0438097630345611   0.0811224256751794   -0.0160924384818848   0.000981768491996118   0
0.0251107962604614   0.0740742471777641   -0.0186989667740998   -0.00704817849741522   0
0.0787183648217492   0.0454670506877244   0.0536075685612878   -0.0286071964900397   0
0.0721822635736093   0.0175091719885607   -0.00653610124813991   -0.0279578786991637   0
0.0885741922176545   0.0255894493694183   0.0163919286440452   0.00808027738085761   0
0.0537608026808566   0.0356204464011191   -0.0348133895367978   0.0100309970317008   0
0.0675174839804476   0.030213704015645   0.013756681299591   -0.00540674238547416   0
0.0841972076104665   0.0445559009899362   0.0166797236300189   0.0143421969742913   0
0.0609599732005354   0.0724327496716782   -0.0232372344099311   0.027876848681742   0
0.0731201630857043   0.0587796496319304   0.0121601898851689   -0.0136531000397478   0
0.0597375138135159   0.0410755387423281   -0.0133826492721885   -0.0177041108896023   0
0.087366712944748   0.0524206766731432   0.0276291991312321   0.0113451379308151   0
0.0536578008261613   0.022141092280249   -0.0337089121185867   -0.0302795843928943   0
0.111273464693655   0.0107526955571591   0.0576156638674933   -0.0113883967230898   0
0.0737570925382095   0.0246606764115611   -0.0375163721554451   0.0139079808544019   0
0.0865722184914999   0.0111306817965029   0.0128151259532904   -0.0135299946150582   0
0.0901617861807318   0.0160400591655151   0.00358956768923191   0.00490937736901225   0
0.0685933873048999   0.0115409363846007   -0.0215683988758319   -0.00449912278091442   0
0.0856190216837941   0.070487685164591   0.0170256343788942   0.0589467487799903   0
0.0505140076067025   0.0623975856246057   -0.0351050140770916   -0.00809009953998529   0
0.0696066396973737   0.0584409443931436   0.0190926320906712   -0.00395664123146212   0
0.0976774083831717   0.0578139270903647   0.028070768685798   -0.000627017302778927   0
0.0470952407903389   0.0544129008645009   -0.0505821675928328   -0.00340102622586378   0
0.105280475535638   0.0517200392649213   0.0581852347452992   -0.00269286159957959   0
0.0451840942298283   0.0637130661218914   -0.0600963813058099   0.0119930268569701   0
0.0854449313163748   0.0638915766160923   0.0402608370865465   0.000178510494200992   0
0.0330657759267796   0.0648136800461523   -0.0523791553895951   0.00092210343005994   0
0.103434437679334   0.0612479986065726   0.0703686617525542   -0.00356568143957964   0
0.0804641326784176   0.0394229533227789   -0.0229703050009162   -0.0218250452837938   0
0.0930779312439313   0.0745722235688664   0.0126137985655136   0.0351492702460876   0
0.106706776152192   0.0247423565896117   0.0136288449082611   -0.0498298669792548   0
0.0747091559967692   0.0746899190254113   -0.0319976201554232   0.0499475624357996   0
0.140599641572694   0.0509406731822666   0.0658904855759247   -0.0237492458431447   0
0.119807998854208   0.077714416258729   -0.0207916427184855   0.0267737430764623   0
0.104599719719032   0.10213450408634   -0.0152082791351767   0.0244200878276105   0
0.153312258122565   0.0719254018548558   0.0487125384035333   -0.0302091022314837   0
0.0977903274784372   0.10110441295265   -0.0555219306441278   0.0291790110977943   0
0.120547047062215   0.092623811269592   0.0227567195837782   -0.0084806016830581   0
0.124318647372186   0.0792405846573112   0.00377160030997079   -0.0133832266122808   0
0.0932552050535845   0.102204961181063   -0.0310634423186017   0.0229643765237514   0
0.14429603457909   0.0551499555069177   0.0510408295255056   -0.0470550056741449   0
0.0939421854442933   0.107865426805673   -0.0503538491347968   0.0527154712987553   0
0.151186326757839   0.0684429206367795   0.0572441413135458   -0.0394225061688935   0
0.0659366313290996   0.114438006275232   -0.0852496954287395   0.0459950856384523   0
0.119385063538606   0.0966842946984669   0.053448432209506   -0.0177537115767649   0
0.0854406317104462   0.0995779865002928   -0.0339444318281594   0.00289369180182589   0
0.139074092348971   0.0518303161278766   0.0536334606385244   -0.0477476703724162   0
0.133004515931039   0.137580166575728   -0.00606957641793165   0.0857498504478512   0
0.324774786194326   0.0967120602618412   0.191770270263287   -0.0408681063138866   0
0.242192781156437   0.107548836630168   -0.0825820050378883   0.0108367763683265   0
0.160767243557822   0.120625922281707   -0.0814255375986153   0.0130770856515397   0
0.101464038259663   0.14334923886875   -0.0593032052981589   0.0227233165870429   0
0.0737388577929574   0.167078084227106   -0.0277251804667058   0.023728845358356   0
0.158645635581128   0.130573889243179   0.0849067777881704   -0.0365041949839272   0
0.210888468643902   0.106260214049003   0.0522428330627741   -0.0243136751941758   0
0.203087698989285   0.152337338044552   -0.00780076965461676   0.0460771239955483   0
0.123825272995899   0.158010112233846   -0.0792624259933862   0.00567277418929402   0
0.201297538928572   0.118943812698318   0.0774722659326731   -0.0390662995355279   0
0.165294694883078   0.127093269862265   -0.0360028440454936   0.00814945716394719   0
0.164749452531442   0.132633030690888   -0.000545242351636027   0.00553976082862292   0
0.215716438186361   0.112515625694655   0.0509669856549183   -0.0201174049962333   0
0.261882632783887   0.0970925935641849   0.0461661945975259   -0.0154230321304696   0
0.488813412859355   0.0500821777990594   0.226930780075468   -0.0470104157651255   0
0.468891756529543   0.0686614508534629   -0.0199216563298119   0.0185792730544035   0
0.344917461006615   0.108368604281475   -0.123974295522927   0.0397071534280125   0
0.221435866430915   0.166971764730478   -0.1234815945757   0.0586031604490024   0
0.277128435408278   0.151053408678189   0.0556925689773629   -0.0159183560522886   0
0.218067514779666   0.13653141685624   -0.0590609206286115   -0.0145219918219486   0
0.260934321968288   0.131619275827764   0.0428668071886213   -0.00491214102847654   0
0.195071267646801   0.147764910548817   -0.0658630543214863   0.0161456347210535   0
0.239890427306823   0.139258181670198   0.0448191596600214   -0.00850672887861889   0
0.198860285477644   0.154274914919763   -0.0410301418291789   0.0150167332495642   0
0.26778270300953   0.147282717565572   0.0689224175318859   -0.00699219735419082   0
0.210975544841884   0.159686755672629   -0.0568071581676453   0.0124040381070575   0
0.294555324228641   0.145157530489431   0.0835797793867568   -0.0145292251831986   0
0.229376590737721   0.138623457820096   -0.0651787334909202   -0.00653407266933445   0
0.287011906286569   0.119569977443337   0.0576353155488474   -0.0190534803767597   0
0.214440541054764   0.103587986526684   -0.0725713652318044   -0.0159819909166523   0
0.263474843239616   0.121684764589523   0.0490343021848514   0.018096778062839   0
0.230391724094248   0.0969774202673758   -0.0330831191453678   -0.0247073443221474   0
0.291708308062918   0.116109686958884   0.0613165839686697   0.0191322666915081   0
0.215225498341089   0.105200458665877   -0.0764828097218288   -0.0109092282930068   0
0.272469307684535   0.116311167728265   0.0572438093434466   0.0111107090623875   0
0.249483781710796   0.0936966051225977   -0.0229855259737396   -0.0226145626056669   0
0.27703172971602   0.125184144498807   0.0275479480052243   0.0314875393762089   0
0.236736208044946   0.112086838362327   -0.0402955216710739   -0.0130973061364793   0
0.28142460076946   0.111421962566744   0.044688392724514   -0.000664875795582914   0
0.15593591235607   0.0929550894224733   -0.12548868841339   -0.0184668731442712   0
0.226587317978831   0.0695898662339029   0.0706514056227611   -0.0233652231885703   0
0.214082261958855   0.0802433998441305   -0.0125050560199759   0.0106535336102276   0
0.28726261868757   0.0946162315128858   0.0731803567287142   0.0143728316687553   0
0.208847467308081   0.0748840073403694   -0.0784151513794885   -0.0197322241725164   0
0.261051833699095   0.0966489757432147   0.052204366391014   0.0217649684028453   0
0.196055112787527   0.0675154711292345   -0.0649967209115679   -0.0291335046139802   0
0.2513879307512   0.0972632228234933   0.0553328179636726   0.0297477516942587   0
0.20273488341943   0.0727347152703233   -0.0486530473317694   -0.02452850755317   0
0.265921728309403   0.086486389668375   0.0631868448899728   0.0137516743980517   0
0.222064578396128   0.0848081570681441   -0.0438571499132753   -0.00167823260023091   0
0.265494280156504   0.0900725787339854   0.0434297017603757   0.00526442166584132   0
0.268416395221939   0.111614066330145   0.00292211506543516   0.0215414875961596   0
0.264800983628706   0.103846147774015   -0.00361541159323314   -0.00776791855613025   0
0.277869883233034   0.106715840343936   0.0130688996043284   0.00286969256992158   0
0.259970182140452   0.109632990833337   -0.0178997010925816   0.00291715048940047   0
0.282689671949596   0.123305645934412   0.0227194898091432   0.0136726551010749   0
0.258378425378939   0.108619305928251   -0.0243112465706566   -0.0146863400061606   0
0.304270321231664   0.134167927341718   0.0458918958527249   0.0255486214134668   0
0.25786933249679   0.101228185775368   -0.046400988734874   -0.0329397415663495   0
0.294519000974368   0.116453772899647   0.0366496684775784   0.0152255871242784   0
0.242485048873657   0.0816057445049673   -0.052033952100711   -0.0348480283946795   0
0.277114801084767   0.0924964271375387   0.0346297522111097   0.0108906826325714   0
0.243503369976475   0.0873679780579962   -0.0336114311082922   -0.0051284490795425   0
0.307969889958954   0.0967263021119385   0.0644665199824787   0.00935832405394235   0
0.249512276976946   0.0843343761056249   -0.0584576129820081   -0.0123919260063136   0
0.282024369293737   0.0948614759560619   0.0325120923167912   0.0105270998504369   0
