0.0692793088208161   0.0974987979470645   0   0   0
0.069958719481134   0.0925851794906318   0.000679410660317958   -0.00491361845643269   0
0.071172138622357   0.0879796377627375   0.00121341914122298   -0.00460554172789429   0
0.0741682297251323   0.0691682521755646   0.00299609110277531   -0.0188113855871729   0
0.0768751054202854   0.0724099598956698   0.00270687569515314   0.00324170772010514   0
0.083435490648824   0.0657074063539454   0.00656038522853858   -0.00670255354172439   0
0.107810347232582   0.0690121455148476   0.0243748565837584   0.00330473916090225   0
0.0843894353740443   0.0904875891058133   -0.0234209118585381   0.0214754435909657   0
0.0602150750804149   0.0769052424817873   -0.0241743602936294   -0.013582346624026   0
0.0520344638639623   0.0714783634849211   -0.00818061121645255   -0.0054268789968662   0
0.0807776640126465   0.0351798798717975   0.0287432001486841   -0.0362984836131236   0
0.0503812523868959   0.0797545290840903   -0.0303964116257506   0.0445746492122928   0
0.0549141058186364   0.0697078216574008   0.00453285343174058   -0.0100467074266894   0
0.0776615647803983   0.0494742638094798   0.0227474589617618   -0.0202335578479211   0
0.0728563669177238   0.0489020808865277   -0.00480519786267448   -0.000572182922952046   0
0.0751885460503127   0.0465448531561224   0.00233217913258893   -0.00235722773040532   0
0.0888865200851063   0.0778458893183834   0.0136979740347935   0.031301036162261   0
0.0833905878541457   0.049830139317962   -0.00549593223096052   -0.0280157500004214   0
0.063259782283533   0.0277378432389308   -0.0201308055706127   -0.0220922960790312   0
0.0679145697165932   0.0152708066176905   0.00465478743306018   -0.0124670366212403   0
0.053584313552662   0.0309818714598537   -0.0143302561639312   0.0157110648421632   0
0.0380218722952987   0.0522094203470264   -0.0155624412573634   0.0212275488871727   0
0.0658624158180521   0.0199820123397057   0.0278405435227534   -0.0322274080073208   0
0.0619537597852624   0.0207427631225953   -0.00390865603278968   0.000760750782889636   0
0.0657365654616211   0.0392577858569405   0.00378280567635871   0.0185150227343452   0
0.0748424340457337   0.0351577328347154   0.00910586858411258   -0.00410005302222514   0
0.0779550478572748   0.0289695175219143   0.00311261381154104   -0.00618821531280109   0
0.0701138736526516   0.0324343572292176   -0.00784117420462312   0.00346483970730329   0
0.0653369109481769   0.0379677642403395   -0.00477696270447474   0.00553340701112186   0
0.0655680823887728   0.0287586482069151   0.000231171440595909   -0.00920911603342438   0
0.0602190706419661   0.0371633700553717   -0.00534901174680674   0.00840472184845665   0
0.0554935905590006   0.0440879530866143   -0.00472548008296549   0.00692458303124253   0
0.0488831087384999   0.0567019736709843   -0.00661048182050074   0.0126140205843701   0
0.0594705367161757   0.0460990406409938   0.0105874279776758   -0.0106029330299905   0
0.0377147468089354   0.0680921189576665   -0.0217557899072403   0.0219930783166726   0
0.0553841807282991   0.0537773913986863   0.0176694339193638   -0.0143147275589802   0
0.05992032227667   0.0514055013557401   0.00453614154837092   -0.00237189004294618   0
0.068046505715797   0.0549130821359765   0.00812618343912699   0.00350758078023636   0
0.0594284145036699   0.0518603814417615   -0.00861809121212716   -0.00305270069421499   0
0.0602354201330911   0.0472869241672116   0.000807005629421251   -0.00457345727454985   0
0.0620040807315938   0.0583858503756957   0.00176866059850266   0.011098926208484   0
0.0527887346544696   0.0598895564368488   -0.00921534607712419   0.00150370606115312   0
0.0776410312715513   0.0480184483706263   0.0248522966170817   -0.0118711080662226   0
0.0684826357432306   0.0467887763321771   -0.00915839552832069   -0.00122967203844913   0
0.0738521946472141   0.0412217245261221   0.00536955890398355   -0.00556705180605499   0
0.0612664457414497   0.0435509161304903   -0.0125857489057644   0.00232919160436815   0
0.0579662090423378   0.0537172608150071   -0.00330023669911194   0.0101663446845168   0
0.0775207261630075   0.0494910109062999   0.0195545171206698   -0.00422624990870718   0
0.0830352902871424   0.0358017760705736   0.00551456412413485   -0.0136892348357263   0
0.073873567531628   0.0382949737664204   -0.00916172275551441   0.00249319769584672   0
0.0527782170921499   0.0629965720916622   -0.0210953504394781   0.0247015983252419   0
0.0557797246465783   0.0683169212986248   0.00300150755442848   0.0053203492069626   0
0.0810240622188866   0.0606267889457705   0.0252443375723082   -0.00769013235285435   0
0.0689784209090669   0.0681994380436159   -0.0120456413098196   0.00757264909784537   0
0.0646173128812619   0.0533604653882451   -0.00436110802780498   -0.0148389726553708   0
0.0510515488269455   0.0601590645113444   -0.0135657640543164   0.00679859912309936   0
0.0275973927593695   0.0745845984040941   -0.023454156067576   0.0144255338927497   0
0.0507509209860274   0.0816909658336526   0.0231535282266579   0.00710636742955849   0
0.0310501931036121   0.0757247210894831   -0.0197007278824153   -0.00596624474416957   0
0.0288018770099034   0.0802229188329152   -0.00224831609370873   0.00449819774343213   0
0.0621199202479366   0.0714915013501892   0.0333180432380332   -0.00873141748272603   0
0.0571682506421178   0.0620699604913883   -0.0049516696058188   -0.0094215408588009   0
0.0917953167999871   0.0648716813797438   0.0346270661578693   0.00280172088835554   0
0.0763611286439613   0.0685289296980662   -0.0154341881560259   0.00365724831832241   0
0.0369863492178074   0.0948417229726189   -0.0393747794261539   0.0263127932745527   0
0.0503436177104904   0.0967337958784958   0.013357268492683   0.0018920729058769   0
0.0609496584807077   0.0857488858539027   0.0106060407702173   -0.0109849100245932   0
0.0810612938386928   0.0829516258353023   0.0201116353579852   -0.00279726001860031   0
0.0862080587443686   0.0936690126496618   0.00514676490567573   0.0107173868143594   0
0.0631935147400815   0.0959100200993358   -0.023014544004287   0.00224100744967404   0
0.0671596661323595   0.0797729057329304   0.00396615139227802   -0.0161371143664054   0
0.0478620551682813   0.0904645290677097   -0.0192976109640783   0.0106916233347793   0
0.100308003351649   0.0946002784496431   0.0524459481833676   0.00413574938193333   0
0.0860372052854461   0.0934691018859842   -0.0142707980662027   -0.00113117656365883   0
0.0920893652136879   0.0707920126310031   0.00605215992824182   -0.0226770892549812   0
0.0634541399256826   0.103011987663039   -0.0286352252880054   0.0322199750320354   0
0.0807129908704912   0.071499937881529   0.0172588509448087   -0.0315120497815095   0
0.107695824813639   0.0831227219675115   0.0269828339431477   0.0116227840859826   0
0.0703816257533882   0.103469997818703   -0.0373141990602507   0.0203472758511919   0
0.0364344126187592   0.101822471117099   -0.033947213134629   -0.0016475267016043   0
0.0468336057806785   0.10170400492987   0.0103991931619193   -0.000118466187229285   0
0.0788016078995219   0.0918004327133184   0.0319680021188435   -0.00990357221655148   0
0.0805777038257116   0.093776375621022   0.00177609592618969   0.00197594290770355   0
0.0840390506706257   0.0581276295628387   0.0034613468449141   -0.0356487460581833   0
0.0661047264012188   0.0726372054016053   -0.0179343242694069   0.0145095758387666   0
0.0958410614439344   0.070490754189144   0.0297363350427155   -0.00214645121246129   0
0.0946327246107286   0.0646884277290382   -0.00120833683320574   -0.0058023264601058   0
0.0960392412540312   0.0643216802519961   0.00140651664330255   -0.000366747477042115   0
0.0972315262285849   0.05313437222754   0.00119228497455376   -0.0111873080244561   0
0.0723628079262407   0.0768467496133864   -0.0248687183023442   0.0237123773858463   0
0.0815038724843574   0.0856522942560355   0.00914106455811678   0.00880554464264918   0
0.0661240214714744   0.0887811205505316   -0.0153798510128831   0.00312882629449607   0
0.065978048365877   0.0750448498716108   -0.000145973105597386   -0.0137362706789208   0
0.0820198850889831   0.0705340114147778   0.0160418367231062   -0.00451083845683299   0
0.0702179834531012   0.0674265640226209   -0.0118019016358819   -0.00310744739215683   0
0.0471233094689199   0.105462386732486   -0.0230946739841813   0.0380358227098653   0
0.0408220380608318   0.114049596704693   -0.00630127140808815   0.00858720997220631   0
0.0412236636427371   0.10034369179875   0.000401625581905297   -0.0137059049059427   0
0.04939023920846   0.0918674326835163   0.00816657556572287   -0.00847625911523357   0
0.0566586946218319   0.0784489831601763   0.00726845541337189   -0.01341844952334   0
0.019184131154879   0.116603815494498   -0.0374745634669528   0.0381548323343221   0
0.0515953868395267   0.0979468246711189   0.0324112556846476   -0.0186569908233795   0
0.0620147243262437   0.0901053282287457   0.010419337486717   -0.00784149644237316   0
0.0927912692589664   0.0865941631662319   0.0307765449327227   -0.00351116506251378   0
0.0798363423539055   0.0841713268133254   -0.0129549269050609   -0.00242283635290658   0
0.0678551808814183   0.0834046045656209   -0.0119811614724872   -0.00076672224770441   0
0.088909964844555   0.0760621691895025   0.0210547839631366   -0.00734243537611848   0
0.0833588414985477   0.0619223365494229   -0.00555112334600727   -0.0141398326400795   0
0.0859243510120967   0.069145733969566   0.00256550951354897   0.0072233974201431   0
0.0560696887869016   0.113455464221253   -0.0298546622251951   0.0443097302516869   0
0.0329515364019646   0.112912297502708   -0.023118152384937   -0.000543166718545054   0
0.0681509564294346   0.100522798956617   0.0351994200274699   -0.0123894985460905   0
0.0851525307626849   0.117886442350775   0.0170015743332503   0.0173636433941573   0
0.0757303142194062   0.128577988037572   -0.00942221654327867   0.0106915456867974   0
0.0681631408877995   0.125276934644571   -0.00756717333160677   -0.00330105339300141   0
0.072526711789864   0.126888413315046   0.00436357090206455   0.00161147867047567   0
0.0426044408019868   0.124338290813058   -0.0299222709878772   -0.00255012250198856   0
0.0357995688478227   0.151531204146242   -0.00680487195416409   0.0271929133331841   0
0.0176434153159897   0.149902479425967   -0.018156153531833   -0.00162872472027464   0
0.0224433408749678   0.136638380351432   0.00479992555897809   -0.0132640990745355   0
0.074670133535504   0.142640374766368   0.0522267926605362   0.00600199441493668   0
0.0591737451763026   0.166048705085865   -0.0154963883592014   0.0234083303194965   0
