0.0780024600925509   0.367656584788063   0   0   0
0.144567620325334   0.343528290093775   0.0665651602327833   -0.024128294694289   0
0.10272726888047   0.334344783479838   -0.0418403514448642   -0.00918350661393613   0
0.0936176156892046   0.300132518913   -0.00910965319126553   -0.034212264566838   0
0.0941967117904335   0.280923269080456   0.000579096101228943   -0.0192092498325449   0
0.0809125879271903   0.277784106157916   -0.0132841238632432   -0.00313916292253924   0
0.0860875869728615   0.233700337364567   0.00517499904567127   -0.0440837687933491   0
0.0654029488467976   0.23567355295476   -0.0206846381260639   0.00197321559019276   0
0.0772476860656033   0.206575171385751   0.0118447372188057   -0.0290983815690087   0
0.0516883564045037   0.185226949470103   -0.0255593296610996   -0.0213482219156485   0
0.0368208835779371   0.181745764762222   -0.0148674728265666   -0.00348118470788059   0
0.0538267829594153   0.134107819095877   0.0170058993814782   -0.047637945666345   0
0.0514314970876884   0.12937515177252   -0.0023952858717269   -0.00473266732335745   0
0.0262480797078186   0.131017976190292   -0.0251834173798698   0.00164282441777266   0
0.0573964956179382   0.0984291818209417   0.0311484159101196   -0.0325887943693506   0
0.0434264079033714   0.102887602752032   -0.0139700877145668   0.00445842093109057   0
0.038642362968478   0.0746103871550277   -0.00478404493489342   -0.0282772155970046   0
0.0552771496951498   0.0628414173513973   0.0166347867266718   -0.0117689698036304   0
0.0985940594909754   0.0737787890334004   0.0433169097958256   0.0109373716820031   0
0.0666112959480597   0.0496270315678535   -0.0319827635429157   -0.0241517574655469   0
0.044582497942354   0.0581907616829177   -0.0220287980057057   0.00856373011506425   0
0.0566014224277977   0.0350079210218559   0.0120189244854437   -0.0231828406610618   0
0.0640434566432825   0.0401225185221778   0.00744203421548477   0.00511459750032189   0
0.057013963575426   0.0422487071555154   -0.00702949306785649   0.00212618863333762   0
0.0645426241215059   0.036518507129408   0.00752866054607996   -0.00573020002610738   0
0.0579349686390698   0.0472767541731719   -0.00660765548243614   0.0107582470437639   0
0.0349818272556323   0.0481523715283578   -0.0229531413834375   0.000875617355185883   0
0.0577567561445412   0.0878102347393726   0.0227749288889089   0.0396578632110149   0
0.0448446361284156   0.0665008026335397   -0.0129121200161256   -0.0213094321058329   0
0.069404837940305   0.0735485418401514   0.0245602018118894   0.00704773920661168   0
0.0738861383237749   0.0771084050760006   0.00448130038346993   0.00355986323584925   0
0.0277737914570769   0.0602425716889228   -0.046112346866698   -0.0168658333870779   0
0.0781042256107082   0.0872866244389139   0.0503304341536312   0.0270440527499911   0
0.0778476777760904   0.0629894655972925   -0.00025654783461776   -0.0242971588416214   0
0.0690482807438165   0.0857264195203118   -0.00879939703227391   0.0227369539230193   0
0.0795389499040288   0.103803674525568   0.0104906691602123   0.0180772550052559   0
0.034985850197164   0.101822769983057   -0.0445530997068648   -0.00198090454251088   0
0.0991146155006157   0.108694512153202   0.0641287653034517   0.0068717421701448   0
0.0898719085381216   0.0818412215943928   -0.00924270696249413   -0.0268532905588089   0
0.106222302799224   0.109345448296225   0.0163503942611022   0.0275042267018326   0
0.0947638944584888   0.10052170535025   -0.0114584083407351   -0.00882374294597528   0
0.0993788940332383   0.125181379888904   0.00461499957474949   0.0246596745386535   0
0.111317026386434   0.118411189121806   0.011938132353196   -0.00677019076709805   0
0.0856763736293361   0.0866689548771646   -0.0256406527570981   -0.0317422342446409   0
0.101332079779949   0.10443696829964   0.0156557061506131   0.0177680134224753   0
0.0990627041835932   0.0974507479693332   -0.002269375596356   -0.00698622033030674   0
0.0851601560923887   0.0647658512215542   -0.0139025480912046   -0.032684896747779   0
0.11849823469636   0.115042484909663   0.0333380786039713   0.0502766336881086   0
0.116022519078582   0.090670587913405   -0.0024757156177776   -0.0243718969962579   0
0.117264307599798   0.0909033312988033   0.00124178852121548   0.000232743385398373   0
0.133971492491089   0.0997771645291146   0.0167071848912915   0.00887383323031125   0
0.106332650760808   0.0987737438839897   -0.0276388417302811   -0.00100342064512485   0
0.133159756673328   0.106402154431243   0.0268271059125201   0.00762841054725286   0
0.112809641868902   0.0879774631358083   -0.020350114804426   -0.0184246912954343   0
0.122176582287319   0.112327420944676   0.00936694041841654   0.024349957808868   0
0.126640005947923   0.102212244632541   0.00446342366060423   -0.0101151763121348   0
0.11938792852014   0.0967425964921993   -0.00725207742778336   -0.00546964814034213   0
0.130643930877978   0.114292303540571   0.0112560023578387   0.0175497070483716   0
0.106043561671985   0.104636053011378   -0.0246003692059938   -0.0096562505291925   0
0.111625672595062   0.11458356425055   0.00558211092307752   0.0099475112391719   0
0.104490388076655   0.123339691157875   -0.00713528451840693   0.0087561269073247   0
0.0964484135324682   0.0995628019961898   -0.00804197454418695   -0.0237768891616852   0
0.126749543075034   0.127311304187256   0.0303011295425662   0.0277485021910661   0
0.119976923816916   0.0957625862676547   -0.00677261925811867   -0.0315487179196012   0
0.119903633463753   0.107752728024735   -7.32903531628359e-05   0.0119901417570803   0
0.132906929783552   0.120421672140608   0.013003296319799   0.0126689441158727   0
0.126479336038343   0.102937568082624   -0.00642759374520929   -0.0174841040579834   0
0.139893762042844   0.118360875928704   0.0134144260045019   0.0154233078460795   0
0.150500348606839   0.133162031861976   0.0106065865639943   0.0148011559332726   0
0.139716227903454   0.109901400533717   -0.0107841207033844   -0.0232606313282593   0
0.15908243492369   0.12612650509656   0.0193662070202354   0.0162251045628427   0
0.155458050431523   0.127796078482372   -0.00362438449216662   0.00166957338581197   0
0.167259898694337   0.126785623381596   0.0118018482628142   -0.0010104551007753   0
0.196130424075129   0.135084965828918   0.0288705253807917   0.00829934244732183   0
0.177416234376142   0.123707981825507   -0.0187141896989875   -0.0113769840034111   0
0.208434658397422   0.140262501200214   0.0310184240212804   0.0165545193747068   0
0.213358318542517   0.141371145721112   0.00492366014509471   0.00110864452089854   0
0.205945296052738   0.131253215142525   -0.00741302248977846   -0.0101179305785872   0
0.235520304476727   0.14929274978126   0.0295750084239884   0.0180395346387351   0
0.221163772849443   0.143471211665442   -0.0143565316272836   -0.00582153811581851   0
0.240315875778297   0.164384252607268   0.0191521029288543   0.0209130409418259   0
0.251268477393982   0.150581966915033   0.0109526016156846   -0.013802285692235   0
0.262911478853929   0.168747517980265   0.0116430014599472   0.0181655510652327   0
0.237416239679934   0.144334815333134   -0.0254952391739948   -0.024412702647131   0
0.256447588887106   0.157461499372069   0.0190313492071715   0.0131266840389344   0
0.258065701255029   0.139963799263417   0.00161811236792342   -0.0174977001086521   0
0.242123041426957   0.135199368139241   -0.015942659828072   -0.00476443112417574   0
0.254618025861799   0.162895271356323   0.0124949844348423   0.0276959032170817   0
0.242062670015949   0.137212734095637   -0.0125553558458509   -0.0256825372606856   0
0.236973334369418   0.141849235622932   -0.00508933564653052   0.0046365015272947   0
0.277546659355215   0.166794251340536   0.0405733249857974   0.0249450157176046   0
0.266523012249618   0.160472122758199   -0.0110236471055975   -0.00632212858233727   0
0.296172428776617   0.176511225072232   0.0296494165269986   0.0160391023140325   0
0.273779908881642   0.158448048900105   -0.0223925198949749   -0.0180631761721268   0
0.265551801082199   0.155275957335642   -0.00822810779944222   -0.00317209156446319   0
0.287240752531322   0.171034428863022   0.0216889514491223   0.01575847152738   0
0.283301458900656   0.171743884035211   -0.00393929363066586   0.000709455172189372   0
0.301280333751408   0.18795246196645   0.0179788748507526   0.0162085779312395   0
0.330100257930541   0.195902973628529   0.0288199241791331   0.00795051166207822   0
0.323884339965303   0.181903838804078   -0.00621591796523846   -0.0139991348244507   0
0.335809867356053   0.191487041794608   0.0119255273907501   0.00958320299053017   0
0.320020040888067   0.172013917031413   -0.0157898264679863   -0.0194731247631947   0
0.33026882002104   0.184186732725956   0.010248779132973   0.012172815694543   0
0.328406159445724   0.177757913581196   -0.00186266057531631   -0.00642881914476029   0
0.318079494388195   0.160123551916044   -0.0103266650575282   -0.0176343616651523   0
0.341863251572087   0.176660087091857   0.0237837571838915   0.0165365351758131   0
0.363718092704075   0.178752663870843   0.021854841131988   0.00209257677898581   0
0.355843340976054   0.173828878399131   -0.00787475172802121   -0.00492378547171143   0
0.36109761756118   0.177950663159062   0.00525427658512601   0.00412178475993077   0
0.341303816946441   0.164318672368123   -0.0197938006147383   -0.0136319907909393   0
0.334845188417215   0.175300011291357   -0.00645862852922674   0.0109813389232345   0
0.363979791256891   0.165930498635724   0.0291346028396764   -0.00936951265563338   0
0.354424095670709   0.151274642212434   -0.00955569558618191   -0.0146558564232897   0
0.371093666852939   0.166689691165951   0.0166695711822297   0.0154150489535163   0
0.37353475321192   0.166938557993652   0.00244108635898116   0.000248866827701671   0
0.357091179346823   0.153966341286407   -0.016443573865097   -0.0129722167072448   0
0.358228869803929   0.153785870353074   0.00113769045710554   -0.000180470933333399   0
0.380112282142211   0.145964389092862   0.0218834123382827   -0.00782148126021176   0
0.366474613029934   0.163751367738563   -0.013637669112277   0.0177869786457004   0
0.394887034993668   0.163398937978105   0.0284124219637334   -0.000352429760458017   0
0.398353732782611   0.165257475257558   0.0034666977889436   0.00185853727945362   0
0.398142300323653   0.166481262848436   -0.00021143245895805   0.00122378759087755   0
