0.047795980499201   0.0387881223254027   0   0   0
0.0268751026446412   0.0285089827486882   -0.0209208778545598   -0.0102791395767145   0
0.0297152248152357   0.0454595665236977   0.00284012217059452   0.0169505837750096   0
0.0868801354634073   0.02839767167578   0.0571649106481716   -0.0170618948479177   0
0.0627016286547646   0.0324372952040549   -0.0241785068086426   0.00403962352827483   0
0.0440270686421433   0.0435684238761066   -0.0186745600126213   0.0111311286720518   0
0.0731146330446922   0.0438241055814605   0.0290875644025489   0.000255681705353887   0
0.0564033202145937   0.0469492475635659   -0.0167113128300985   0.00312514198210539   0
0.0910036673734086   0.0290134586846777   0.0346003471588149   -0.0179357888788882   0
0.0702678066045896   0.0267466166186492   -0.0207358607688191   -0.00226684206602853   0
0.0561036954260591   0.049083565238326   -0.0141641111785305   0.0223369486196768   0
0.0319963489321266   0.0494337243815899   -0.0241073464939324   0.00035015914326398   0
0.0993749612752252   0.031875723718137   0.0673786123430985   -0.017558000663453   0
0.0803460947693166   0.0219315907524967   -0.0190288665059086   -0.00994413296564024   0
0.0832443940642852   0.0253365474200931   0.00289829929496863   0.00340495666759635   0
0.106544116443565   0.0303990916614707   0.0232997223792801   0.00506254424137766   0
0.10179045635358   0.0258081074352615   -0.00475366008998566   -0.00459098422620923   0
0.0793768690015549   0.0271322096312206   -0.0224135873520248   0.0013241021959591   0
0.111022164547175   0.0313429754244169   0.0316452955456202   0.00421076579319627   0
0.114780257927311   0.0376519442735033   0.00375809338013582   0.00630896884908646   0
0.0992361850389766   0.0309084498670267   -0.0155440728883342   -0.00674349440647667   0
0.115535441288853   0.041060844412804   0.0162992562498764   0.0101523945457774   0
0.102015194236398   0.0313420145630829   -0.0135202470524551   -0.00971882984972115   0
0.0780421473014422   0.0430033893897911   -0.0239730469349558   0.0116613748267082   0
0.0835567173261372   0.0388665157247855   0.00551457002469503   -0.00413687366500559   0
0.0997419125849309   0.0332882443718875   0.0161851952587937   -0.00557827135289802   0
0.0857084453710951   0.0325289553623383   -0.0140334672138358   -0.00075928900954917   0
0.100956542084404   0.018250028215433   0.0152480967133087   -0.0142789271469053   0
0.0991678839002325   0.00955446985330426   -0.00178865818417127   -0.00869555836212872   0
0.106561726812867   0.0219765458365418   0.00739384291263401   0.0124220759832376   0
0.106946645416768   0.0153597211916704   0.000384918603901899   -0.00661682464487141   0
0.115503423522335   0.0194937246752641   0.00855677810556703   0.00413400348359365   0
0.122154383653555   0.0174561435079237   0.00665096013121992   -0.00203758116734044   0
0.115843814975639   0.0262482751675705   -0.00631056867791677   0.00879213165964689   0
0.110413613549915   0.0198332093151997   -0.00543020142572352   -0.00641506585237082   0
0.132241012639498   0.0270243539134708   0.0218273990895834   0.00719114459827109   0
0.148415021257621   0.0307339679494403   0.0161740086181222   0.00370961403596952   0
0.131523817941694   0.0281969129941865   -0.0168912033159262   -0.0025370549552538   0
0.120719806858071   0.0252270313531245   -0.0108040110836233   -0.00296988164106206   0
0.12998380538594   0.0305224642314886   0.00926399852786915   0.00529543287836411   0
0.149346193167084   0.0330485019213583   0.0193623877811438   0.00252603768986974   0
0.128225412857982   0.0264149833287852   -0.0211207803091018   -0.00663351859257313   0
0.137339687052396   0.0283338167061905   0.00911427419441352   0.0019188333774053   0
0.137268494286781   0.0330989058855803   -7.11927656148748e-05   0.00476508917938977   0
0.12440593716451   0.0384252386950621   -0.0128625571222709   0.00532633280948187   0
0.120285464990081   0.0266964562683889   -0.00412047217442896   -0.0117287824266733   0
0.14220139362348   0.042911695002499   0.0219159286333994   0.0162152387341101   0
0.13070178319782   0.0453064807374177   -0.0114996104256602   0.00239478573491866   0
0.111505041066581   0.0413280435794207   -0.0191967421312388   -0.00397843715799693   0
0.119932573765804   0.0431129848088717   0.00842753269922254   0.00178494122945092   0
0.123685265126126   0.0614450382137565   0.00375269136032176   0.0183320534048849   0
0.119164024943185   0.0623381659645798   -0.00452124018294074   0.000893127750823307   0
0.0837595787059158   0.0845276079631714   -0.0354044462372692   0.0221894419985916   0
0.117250327907117   0.0946811560816302   0.033490749201201   0.0101535481184588   0
0.116931911117453   0.10251892454992   -0.000318416789663448   0.00783776846829001   0
0.110663030794118   0.0859969300150548   -0.00626888032333489   -0.0165219945348654   0
0.109099729047189   0.0864966842772167   -0.00156330174692965   0.000499754262161922   0
0.127607998298696   0.0935902045589708   0.0185082692515072   0.00709352028175413   0
0.115363969569975   0.107681772006937   -0.0122440287287211   0.0140915674479665   0
0.0952412098132946   0.0851635432651349   -0.0201227597566803   -0.0225182287418024   0
0.113994099118375   0.0860707297806432   0.0187528893050808   0.000907186515508349   0
0.122471538461146   0.101008074749312   0.00847743934277076   0.0149373449686683   0
0.102212614459518   0.0979380360690498   -0.0202589240016285   -0.00307003868026172   0
0.116879099483227   0.104390921742997   0.014666485023709   0.0064528856739471   0
0.114710810296371   0.100193735833085   -0.00216828918685574   -0.004197185909912   0
0.140341895728752   0.106037417238456   0.0256310854323814   0.00584368140537156   0
0.126428356900578   0.104806674429268   -0.0139135388281741   -0.00123074280918882   0
0.110221513796037   0.12376568570146   -0.0162068431045412   0.0189590112721921   0
0.135417889821286   0.11810865443201   0.025196376025249   -0.0056570312694495   0
0.122700014420904   0.11616026120748   -0.0127178754003824   -0.00194839322453014   0
0.115890645299998   0.126766557565955   -0.00680936912090555   0.0106062963584746   0
0.10782202089862   0.137051506214853   -0.008068624401378   0.0102849486488987   0
0.105266456114996   0.147965414822029   -0.00255556478362415   0.0109139086071758   0
0.123435810681706   0.146520453809718   0.0181693545667101   -0.00144496101231148   0
0.127544115048441   0.146623830852977   0.00410830436673502   0.00010337704325955   0
0.113904983276062   0.146649428276446   -0.013639131772379   2.55974234684431e-05   0
0.111219710533026   0.155798273521403   -0.00268527274303657   0.0091488452449576   0
0.13326358970499   0.155875433089727   0.0220438791719648   7.71595683238258e-05   0
0.115097680259899   0.157586388081846   -0.0181659094450911   0.00171095499211901   0
0.097402852256492   0.152971700565282   -0.0176948280034073   -0.00461468751656383   0
0.125759326368942   0.159486673547929   0.0283564741124498   0.00651497298264642   0
0.134413227634374   0.165926184315564   0.00865390126543211   0.00643951076763521   0
0.135995426677701   0.160038165600993   0.00158219904332735   -0.00588801871457084   0
0.133472063457962   0.183223656483687   -0.00252336321973967   0.0231854908826936   0
0.151387762953813   0.186192726566057   0.0179156994958519   0.00296907008237041   0
0.127908087847993   0.169101096740164   -0.02347967510582   -0.0170916298258933   0
0.10876430238176   0.172199879001892   -0.0191437854662335   0.00309878226172783   0
0.128072289982494   0.174781785875033   0.019307987600734   0.0025819068731413   0
0.135917210849393   0.178079943702884   0.00784492086689884   0.00329815782785156   0
0.128545665736852   0.179167120015157   -0.00737154511254104   0.0010871763122724   0
0.114174164304158   0.162858993405289   -0.0143715014326935   -0.0163081266098675   0
0.139871316379326   0.189684025815564   0.0256971520751681   0.0268250324102745   0
0.159603697584486   0.188950780661258   0.0197323812051595   -0.000733245154305756   0
0.15447886622862   0.199328762768769   -0.00512483135586542   0.0103779821075106   0
0.151056627728975   0.192153540020704   -0.00342223849964585   -0.00717522274806448   0
0.154282949475177   0.192223588229151   0.00322632174620241   7.00482084462217e-05   0
0.151582421348255   0.204316613002056   -0.00270052812692168   0.0120930247729057   0
0.134757879268709   0.192159871609313   -0.0168245420795461   -0.0121567413927434   0
0.1357306615742   0.202755454211642   0.000972782305490721   0.010595582602329   0
0.164371796057992   0.195478154717205   0.0286411344837917   -0.00727729949443681   0
0.187525499792375   0.221154057414306   0.0231537037343835   0.0256759026971005   0
0.171839902770719   0.206035200548824   -0.0156855970216566   -0.0151188568654819   0
0.165191534313657   0.198892593636199   -0.00664836845706188   -0.00714260691262467   0
0.171527511933684   0.217212219712728   0.00633597762002702   0.0183196260765294   0
0.16650078145165   0.213100271983197   -0.005026730482034   -0.00411194772953158   0
0.141394426470388   0.211357046216151   -0.0251063549812615   -0.00174322576704544   0
0.155794897697999   0.212675091373702   0.0144004712276109   0.00131804515755052   0
0.159820697914006   0.236914298668866   0.00402580021600707   0.0242392072951637   0
0.166097483504387   0.216796571136776   0.00627678559038053   -0.0201177275320896   0
0.14157748521022   0.224091950739762   -0.0245199982941669   0.00729537960298615   0
0.16431171517932   0.225040115301647   0.0227342299691003   0.000948164561884624   0
0.175040711037433   0.244046270276274   0.0107289958581126   0.0190061549746267   0
0.168468153599842   0.231986581275814   -0.00657255743759053   -0.0120596890004593   0
0.159255424941476   0.237462273772392   -0.00921272865836639   0.00547569249657756   0
0.180904252424563   0.236951541074426   0.0216488274830873   -0.000510732697966254   0
0.158324192495462   0.249219011149362   -0.0225800599291013   0.0122674700749359   0
0.152856518503759   0.246000917577156   -0.00546767399170273   -0.00321809357220601   0
0.16009438916839   0.24525511401527   0.00723787066463133   -0.000745803561885361   0
0.166859025439711   0.243253340750811   0.00676463627132037   -0.00200177326445938   0
0.139688623693914   0.229366187812336   -0.0271704017457963   -0.0138871529384752   0
0.16238343646727   0.243726723751269   0.0226948127733559   0.0143605359389337   0
0.186193431681061   0.253017239330643   0.0238099952137909   0.00929051557937396   0
