0.0781142462407466   0.163853474932819   0   0   0
0.0656618266047328   0.1722051240251   -0.0124524196360138   0.00835164909228059   0
0.0474625230127108   0.164085602839679   -0.0181993035920221   -0.00811952118542067   0
0.0567130868824824   0.174131265224973   0.00925056386977165   0.0100456623852942   0
0.0734792331700597   0.149598320167323   0.0167661462875773   -0.0245329450576499   0
0.0574079541023716   0.1326453225658   -0.0160712790676881   -0.0169529976015239   0
0.0757922485020071   0.136008586213454   0.0183842943996356   0.0033632636476543   0
0.0603331127488877   0.119863358259895   -0.0154591357531194   -0.0161452279535585   0
0.0702072987766942   0.103801072810414   0.00987418602780642   -0.0160622854494811   0
0.0330220417777278   0.112073333036767   -0.0371852569989664   0.00827226022635257   0
0.00263910982087616   0.113740612711215   -0.0303829319568516   0.00166727967444784   0
0.0148235393899055   0.0962384344106475   0.0121844295690294   -0.0175021783005671   0
0.0401825395249043   0.09280038435078   0.0253590001349988   -0.00343805005986746   0
0.0611793574570704   0.0273020478239271   0.0209968179321661   -0.065498336526853   0
0.0487069036963961   0.0674909884964373   -0.0124724537606744   0.0401889406725102   0
0.0497597041433126   0.047673333747311   0.00105280044691653   -0.0198176547491263   0
0.0353722864169465   0.0589575633533137   -0.0143874177263661   0.0112842296060027   0
0.0472363949870225   0.050626458496793   0.0118641085700759   -0.00833110485652076   0
0.0563331127538679   0.0279161882867271   0.00909671776684549   -0.0227102702100658   0
0.0589202520572511   0.0428778088202394   0.00258713930338313   0.0149616205335123   0
0.0458943650668576   0.0434054977307023   -0.0130258869903935   0.000527688910462856   0
0.0369621302574676   0.0462191521305562   -0.00893223480939003   0.00281365439985396   0
0.0291289430300861   0.0562916619362051   -0.00783318722738151   0.0100725098056489   0
0.0495855035292574   0.0539623763716212   0.0204565604991714   -0.0023292855645839   0
0.0503044894614626   0.0899410360866496   0.000718985932205152   0.0359786597150284   0
0.0413333988290353   0.0753751078019793   -0.00897109063242724   -0.0145659282846702   0
0.0879009830043441   0.0393101186867962   0.0465675841753088   -0.0360649891151832   0
0.0336566317687748   0.0740935924811316   -0.0542443512355694   0.0347834737943355   0
0.0284653186461157   0.082096009267275   -0.00519131312265912   0.00800241678614338   0
0.0666881633439616   0.130056764657408   0.0382228446978459   0.0479607553901333   0
0.0232060198198075   0.0988589896298384   -0.043482143524154   -0.0311977750275699   0
0.0496275491444863   0.115552106222875   0.0264215293246787   0.0166931165930362   0
0.022866772488528   0.107745844374215   -0.0267607766559583   -0.0078062618486599   0
0.0284260041350542   0.120839816642208   0.00555923164652626   0.0130939722679935   0
0.0322365320759306   0.126343853167062   0.00381052794087632   0.00550403652485333   0
0.019032035881492   0.0998554119197352   -0.0132044961944385   -0.0264884412473263   0
0.0363632128164179   0.0924595974602556   0.0173311769349259   -0.00739581445947964   0
0.0579034521258448   0.094614749301853   0.0215402393094269   0.00215515184159744   0
0.0252592791847293   0.146352184769864   -0.0326441729411155   0.0517374354680113   0
0.0301395632317126   0.150708599068699   0.00488028404698324   0.00435641429883513   0
0.0162362473489566   0.148568730107592   -0.013903315882756   -0.00213986896110752   0
0.0107482304701864   0.140726461365427   -0.00548801687877016   -0.00784226874216495   0
0.00823535045987722   0.158370593019388   -0.00251288001030921   0.0176441316539606   0
0.0598412604547264   0.147042511034523   0.0516059099948492   -0.0113280819848645   0
0.120340078229366   0.232266995683976   0.0604988177746399   0.0852244846494526   0
0.173513783070811   0.376529820662082   0.0531737048414445   0.144262824978107   0
0.126985861135404   0.375422302819452   -0.0465279219354073   -0.00110751784263086   0
0.111186515972666   0.414432415278357   -0.0157993451627372   0.0390101124589053   0
0.113490399283684   0.414146949177342   0.0023038833110175   -0.000285466101014875   0
0.107571421594399   0.42359043831424   -0.00591897768928458   0.00944348913689796   0
0.0968741432117983   0.403069356207465   -0.0106972783826011   -0.0205210821067755   0
0.0856862749595873   0.398274279118675   -0.011187868252211   -0.0047950770887899   0
0.0363662638571795   0.393610462393989   -0.0493200111024078   -0.00466381672468541   0
0.0280841520779959   0.399541616230713   -0.00828211177918363   0.00593115383672332   0
0.0433784615893648   0.412601522744854   0.015294309511369   0.0130599065141417   0
0.0398628189239359   0.421462476511554   -0.00351564266542896   0.0088609537667001   0
0.0471012500740915   0.400909086885668   0.00723843115015558   -0.0205533896258866   0
0.0543545952773084   0.402017546096249   0.00725334520321697   0.00110845921058161   0
0.0542418749251904   0.424490257738914   -0.000112720352118019   0.0224727116426651   0
0.0488350426260692   0.436979507198564   -0.00540683229912117   0.0124892494596495   0
0.0640869353242921   0.429417160199147   0.0152518926982229   -0.00756234699941682   0
0.0525013893903771   0.42915338328184   -0.011585545933915   -0.000263776917306946   0
0.053071921046821   0.493355814897575   0.000570531656443898   0.0642024316157345   0
0.0787617426671097   0.453982284083311   0.0256898216202887   -0.0393735308142638   0
0.0716237541952389   0.481635205522551   -0.00713798847187078   0.0276529214392402   0
0.0740448726552352   0.473188913961961   0.00242111845999633   -0.00844629156059035   0
0.0736501663951277   0.487862174889845   -0.000394706260107486   0.0146732609278845   0
0.0927183856507974   0.454034480301056   0.0190682192556697   -0.0338276945887892   0
0.0678002573003967   0.519408605634572   -0.0249181283504007   0.0653741253335155   0
0.0716623414215891   0.520440336285534   0.00386208412119232   0.00103173065096274   0
0.0782784400098137   0.524964830032689   0.00661609858822462   0.00452449374715447   0
0.0809903711434446   0.550392443481013   0.00271193113363088   0.0254276134483242   0
0.0824255549122358   0.529322384938517   0.00143518376879123   -0.0210700585424957   0
0.0961902444128301   0.535812307846227   0.0137646895005943   0.00648992290770978   0
0.109569469796289   0.527340336274877   0.0133792253834594   -0.00847197157135049   0
0.119566740303188   0.524420173224677   0.0099972705068985   -0.00292016305019993   0
0.11888144043462   0.544227544324293   -0.000685299868568412   0.0198073710996159   0
0.119705880191576   0.534252804893199   0.00082443975695666   -0.00997473943109406   0
0.135803294038547   0.511571808010616   0.0160974138469705   -0.0226809968825831   0
0.141294576983832   0.508380581063538   0.00549128294528511   -0.00319122694707796   0
0.136890640572137   0.497737903356023   -0.00440393641169487   -0.0106426777075143   0
0.114299088671957   0.500073139603348   -0.0225915519001795   0.00233523624732512   0
0.126355854792922   0.543872140912963   0.0120567661209646   0.0437990013096148   0
0.113236887665813   0.581591469768514   -0.0131189671271088   0.0377193288555504   0
0.170431771850937   0.701310996911855   0.0571948841851243   0.119719527143342   0
0.0851130518595709   0.71941684739951   -0.0853187199913666   0.018105850487655   0
0.150705237641895   0.672539364612399   0.065592185782324   -0.0468774827871108   0
0.129012980795926   0.722744105612249   -0.0216922568459688   0.0502047409998498   0
0.166177456337675   0.711135534976456   0.0371644755417493   -0.0116085706357935   0
0.178112890386406   0.752291396474963   0.011935434048731   0.0411558614985073   0
0.195270124240755   0.77105820924558   0.0171572338543489   0.0187668127706165   0
0.153860116997681   0.760093662525382   -0.0414100072430745   -0.0109645467201971   0
0.157739643290867   0.770318357817078   0.00387952629318639   0.0102246952916957   0
0.148440091065217   0.784560062627457   -0.00929955222564982   0.0142417048103793   0
0.175135832277493   0.759519537216785   0.0266957412122752   -0.025040525410672   0
0.183439608844546   0.774450081160174   0.00830377656705336   0.0149305439433886   0
0.179704034437739   0.788726291529577   -0.00373557440680714   0.0142762103694034   0
0.22533587739053   0.786790105320345   0.0456318429527913   -0.00193618620923219   0
0.216183467760604   0.81372438059118   -0.00915240962992633   0.0269342752708351   0
0.211551184922231   0.892191381394429   -0.00463228283837266   0.078467000803249   0
0.224914750565987   0.836039444808078   0.0133635656437556   -0.0561519365863509   0
0.227598183261225   0.784552151713001   0.00268343269523796   -0.0514872930950774   0
0.240041157465048   0.840692862977021   0.0124429742038235   0.0561407112640198   0
0.223639150821787   0.893525417906648   -0.0164020066432611   0.0528325549296272   0
0.229556039527955   0.825880731333677   0.00591688870616786   -0.0676446865729707   0
0.281930016722306   0.900104185543679   0.0523739771943516   0.0742234542100019   0
0.156343018554115   0.876089920593914   -0.125586998168191   -0.0240142649497656   1
0.137423793417334   0.850757213515407   -0.0189192251367818   -0.0253327070785065   0
0.269663175657133   0.861185049455255   0.1322393822398   0.010427835939848   0
0.295260679134781   0.848367065314449   0.0255975034776476   -0.0128179841408064   0
0.322549333704489   0.919468577551865   0.0272886545697082   0.0711015122374162   0
0.327748025122288   0.932120425381023   0.00519869141779877   0.0126518478291583   0
0.344473475970444   0.977878664670239   0.0167254508481558   0.0457582392892159   0
0.359524183254979   0.974090380023589   0.0150507072845355   -0.00378828464665004   0
0.46076911159635   0.971629591754749   0.101244928341371   -0.00246078826884022   0
0.392438847685175   1.0165703952093   -0.0683302639111759   0.0449408034545549   0
0.37343014910692   1.03607843460727   -0.019008698578255   0.0195080393979659   0
0.365312849170538   1.05200581768128   -0.00811729993638177   0.0159273830740063   0
0.380720028423775   1.0713383943722   0.0154071792532372   0.0193325766909225   0
0.364694376388833   1.08140819350662   -0.0160256520349416   0.010069799134421   0
0.365099205459229   1.0974728097936   0.000404829070395241   0.0160646162869766   0
0.370207402881804   1.01073608304344   0.00510819742257496   -0.086736726750154   0
