0.245974573762025   0.118709187274411   0   0   0
0.209785192615846   0.0494940097287793   -0.0361893811461795   -0.0692151775456319   0
0.195068078310118   0.0771363352942211   -0.014717114305728   0.0276423255654418   0
0.18536286677002   0.0386720757977575   -0.00970521154009824   -0.0384642594964636   0
0.233722798151571   0.0617186721461382   0.0483599313815515   0.0230465963483807   0
0.218549781121098   0.0663558526115255   -0.0151730170304726   0.0046371804653873   0
0.219353463554716   0.0660403928683234   0.000803682433617336   -0.000315459743202129   0
0.200386367412182   0.0618046545230009   -0.0189670961425337   -0.00423573834532246   0
0.187842937726655   0.0782009489018516   -0.012543429685527   0.0163962943788506   0
0.175478451817452   0.0789693888419589   -0.0123644859092026   0.000768439940107307   0
0.204896329999593   0.069292715543645   0.0294178781821405   -0.00967667329831388   0
0.165935444930732   0.0841532029430847   -0.0389608850688609   0.0148604873994397   0
0.136259740185427   0.0907946900807806   -0.0296757047453053   0.0066414871376959   0
0.128155642264436   0.0694927746647088   -0.00810409792099112   -0.0213019154160718   0
0.127930998931064   0.0684385071287539   -0.000224643333371244   -0.00105426753595493   0
0.11884030920866   0.0884643965692696   -0.00909068972240404   0.0200258894405157   0
0.145043255398553   0.0732103435034347   0.0262029461898931   -0.0152540530658349   0
0.0906921183305914   0.0490023368569918   -0.054351137067962   -0.0242080066464429   0
0.13239891387655   0.0639310092948054   0.0417067955459582   0.0149286724378136   0
0.109161570362147   0.0518815187255057   -0.0232373435144025   -0.0120494905692997   0
0.057929803548519   0.0377015746191803   -0.0512317668136282   -0.0141799441063254   0
0.0949118056257097   0.0481736873324162   0.0369820020771907   0.0104721127132359   0
0.0789523323240042   0.0303652736928366   -0.0159594733017055   -0.0178084136395796   0
0.103809609768797   0.0295121005343994   0.0248572774447932   -0.000853173158437182   0
0.0736395555856362   0.0347911461442779   -0.0301700541831612   0.00527904560987842   0
0.110535459276288   0.0401816806917207   0.0368959036906522   0.00539053454744284   0
0.123542551190916   0.0466081413327114   0.0130070919146272   0.00642646064099069   0
0.111467367406116   0.0418690433001164   -0.0120751837847998   -0.00473909803259497   0
0.0989557057284218   0.0645935801247415   -0.012511661677694   0.0227245368246251   0
0.0870852709398093   0.0719991376290716   -0.0118704347886124   0.00740555750433013   0
0.0691303828293204   0.0405564596578218   -0.0179548881104889   -0.0314426779712499   0
0.0590783074120273   0.0349645214137567   -0.0100520754172931   -0.00559193824406508   0
0.0818050343210001   0.0305132517676075   0.0227267269089728   -0.00445126964614923   0
0.100618324213833   0.0279138464653315   0.0188132898928328   -0.00259940530227596   0
0.0903776340722084   0.0335330226587539   -0.0102406901416245   0.00561917619342236   0
0.0849058710641378   0.0462658541143466   -0.00547176300807053   0.0127328314555927   0
0.101927804699699   0.0428865204208003   0.0170219336355612   -0.00337933369354623   0
0.0592801338683542   0.0405655480855125   -0.0426476708313448   -0.00232097233528786   0
0.124674577557937   0.0387006862720498   0.0653944436895826   -0.00186486181346265   0
0.122581461419988   0.0309054319265125   -0.00209311613794883   -0.00779525434553735   0
0.0977470458339279   0.0777360004065684   -0.0248344155860601   0.0468305684800559   0
0.123232180190809   0.0590917120631354   0.025485134356881   -0.018644288343433   0
0.116502394324752   0.0617464746955039   -0.00672978586605695   0.0026547626323685   0
0.111135791839623   0.0522272825398757   -0.00536660248512905   -0.00951919215562823   0
0.0950282131684059   0.0621594169720285   -0.016107578671217   0.00993213443215282   0
0.121758807988622   0.0633963828121132   0.0267305948202156   0.00123696584008472   0
0.123398647914027   0.0527890035931017   0.00163983992540552   -0.0106073792190115   0
0.10353389706613   0.0596922622427941   -0.019864750847897   0.00690325864969243   0
0.146214299855418   0.0420967069118833   0.0426804027892877   -0.0175955553309108   0
0.116856756644235   0.0698454290666182   -0.0293575432111825   0.027748722154735   0
0.131656628364279   0.0443667477785548   0.0147998717200443   -0.0254786812880634   0
0.127467339149294   0.0679939349237417   -0.00418928921498563   0.0236271871451869   0
0.124498647549321   0.0417411649375398   -0.00296869159997308   -0.026252769986202   0
0.140955300180625   0.0567165100612458   0.0164566526313038   0.0149753451237061   0
0.184485102598448   0.0796546763769397   0.0435298024178237   0.0229381663156939   0
0.162901560543231   0.0511684493251273   -0.0215835420552171   -0.0284862270518124   0
0.225343664489797   0.0166846597591051   0.0624421039465654   -0.0344837895660223   0
0.20412283709408   0.0709429778268611   -0.0212208273957164   0.054258318067756   0
0.258800756132667   0.038317768738537   0.0546779190385865   -0.0326252090883241   0
0.203667526550724   0.0646707279656724   -0.0551332295819423   0.0263529592271354   0
0.245151026696626   0.0488296150603299   0.041483500145902   -0.0158411129053425   0
0.207463593270651   0.0565123053024959   -0.0376874334259756   0.00768269024216592   0
0.24426236984636   0.0731322091422446   0.0367987765757093   0.0166199038397487   0
0.199162523450196   0.0655388683630411   -0.0450998463961638   -0.0075933407792035   0
0.226630883016967   0.0697004869414162   0.0274683595667703   0.00416161857837509   0
0.254204276565541   0.0613362707405498   0.0275733935485743   -0.00836421620086636   0
0.205222373852804   0.0364961436029963   -0.048981902712737   -0.0248401271375535   0
0.260532736656336   0.0719698230772801   0.0553103628035326   0.0354736794742839   0
0.240868849028449   0.0707266589350331   -0.019663887627887   -0.00124316414224702   0
0.215344493490036   0.0487622075019992   -0.0255243555384138   -0.0219644514330339   0
0.263482707588487   0.0691953108965805   0.0481382140984511   0.0204331033945813   0
0.357355347177394   0.0833572747781381   0.0938726395889077   0.0141619638815577   0
0.246432076000771   0.0427159258635758   -0.110923271176623   -0.0406413489145624   0
0.3752116771489   0.0981278618967365   0.128779601148128   0.0554119360331608   0
0.321423040955514   0.0721467362014346   -0.0537886361933856   -0.0259811256953019   0
0.382529300260987   0.0972101316455235   0.0611062593054726   0.0250633954440888   0
0.30277155219003   0.0906247907674303   -0.0797577480709567   -0.00658534087809313   0
0.350828941150755   0.1141742612096   0.0480573889607253   0.0235494704421699   0
0.314643723918419   0.106663849185713   -0.0361852172323366   -0.00751041202388737   0
0.351247069317653   0.114715934395935   0.0366033453992343   0.00805208521022228   0
0.276814149758082   0.0992679857008542   -0.0744329195595705   -0.0154479486950809   0
0.318156767298151   0.108791074522798   0.0413426175400691   0.00952308882194386   0
0.272513667847706   0.114349690678386   -0.045643099450445   0.00555861615558767   0
0.367426947404297   0.197423990401026   0.0949132795565907   0.0830742997226398   0
0.310302740334742   0.201540950963477   -0.0571242070695555   0.00411696056245103   0
0.421816419328409   0.3092526707724   0.111513678993667   0.107711719808924   0
0.339650702832498   0.240252544028346   -0.0821657164959105   -0.0690001267440538   0
0.438829802660086   0.266842472908123   0.0991790998275877   0.0265899288797769   0
0.369507096504032   0.23451888474442   -0.069322706156054   -0.0323235881637032   0
0.418927591255828   0.241045926011258   0.0494204947517959   0.0065270412668382   0
0.38166925561664   0.21974492785094   -0.0372583356391881   -0.0213009981603179   0
0.435387581799665   0.250471443966922   0.0537183261830252   0.0307265161159817   0
0.381954387885268   0.214004177735798   -0.0534331939143967   -0.0364672662311242   0
0.459129850521614   0.272856016149342   0.0771754626363461   0.0588518384135441   0
0.410160535431384   0.255618235017262   -0.0489693150902299   -0.0172377811320804   0
0.423820364053699   0.281675710677372   0.0136598286223146   0.0260574756601102   0
0.47061957284041   0.286479728645109   0.046799208786711   0.00480401796773672   0
0.392685876501817   0.245539449309597   -0.0779336963385934   -0.0409402793355118   0
0.525646614767146   0.343384055376516   0.132960738265329   0.0978446060669197   0
0.476078663911133   0.342168555493985   -0.0495679508560122   -0.00121549988253189   0
0.542473930076727   0.362946935592605   0.0663952661655938   0.0207783800986203   0
0.489429016699306   0.337026652413923   -0.0530449133774208   -0.0259202831786821   0
0.575467670135247   0.386929840756034   0.086038653435941   0.0499031883421115   0
0.486528070789507   0.367116995542799   -0.08893959934574   -0.0198128452132352   0
0.589830206905208   0.389831574284283   0.1033021361157   0.0227145787414839   0
0.549877913086205   0.394690859681108   -0.0399522938190026   0.00485928539682545   0
0.581954860069439   0.369534135695033   0.0320769469832336   -0.0251567239860755   0
0.589144655875787   0.383121198514419   0.00718979580634871   0.0135870628193862   0
0.590271305013076   0.386443875728682   0.00112664913728877   0.00332267721426283   0
0.596880163410621   0.398258303628113   0.00660885839754521   0.0118144278994313   0
0.590621131550472   0.408190446034426   -0.0062590318601492   0.0099321424063129   0
0.618900872666181   0.420130446180674   0.0282797411157084   0.0119400001462483   0
0.519423678113936   0.397859489876743   -0.0994771945522444   -0.022270956303931   0
0.609199689113849   0.491142462096266   0.0897760109999126   0.0932829722195231   0
0.605877967572588   0.501829491715362   -0.00332172154126087   0.0106870296190958   0
0.581125449001926   0.491322702270883   -0.0247525185706621   -0.0105067894444796   0
0.620596548681186   0.508646644211735   0.0394710996792604   0.0173239419408519   0
0.575807219506008   0.456998794629811   -0.0447893291751784   -0.0516478495819238   0
0.668788959874645   0.493348683875829   0.0929817403686375   0.0363498892460181   0
0.56032601532415   0.462865374343461   -0.108462944550495   -0.0304833095323676   0
0.662569881425507   0.511121215027316   0.102243866101356   0.048255840683855   0
0.680822757903032   0.550245043014794   0.0182528764775249   0.0391238279874776   0
