0.118093301888676   0.0540147024161478   0   0   0
0.123764609626904   0.047136198420561   0.00567130773822809   -0.00687850399558674   0
0.135366879594752   0.0528569418819799   0.0116022699678475   0.00572074346141886   0
0.139224697492579   0.0467593780106462   0.00385781789782683   -0.00609756387133373   0
0.156651166957032   0.0486285460500826   0.0174264694644538   0.0018691680394364   0
0.169724923669006   0.048614527507166   0.013073756711974   -1.40185429165704e-05   0
0.151770707806909   0.0616507497304575   -0.0179542158620977   0.0130362222232915   0
0.150096147444896   0.0477016715618279   -0.00167456036201238   -0.0139490781686296   0
0.163567065385823   0.0509072726511154   0.0134709179409266   0.0032056010892875   0
0.152383931462244   0.0614197567759756   -0.0111831339235783   0.0105124841248602   0
0.158069502815186   0.0641733334171017   0.00568557135294126   0.00275357664112611   0
0.168911645711042   0.046589435185163   0.0108421428958561   -0.0175838982319387   0
0.180139807122274   0.0700818819921383   0.011228161411232   0.0234924468069754   0
0.183744221018812   0.0433190263633083   0.00360441389653815   -0.02676285562883   0
0.144470820683659   0.0446068089308684   -0.0392734003351528   0.00128778256756008   0
0.126198183029789   0.0537047342495985   -0.0182726376538706   0.00909792531873013   0
0.143401691479424   0.0450364181147047   0.0172035084496358   -0.00866831613489385   0
0.128573232581475   0.0603307301944042   -0.0148284588979496   0.0152943120796996   0
0.12972931728106   0.0329060069949972   0.00115608469958547   -0.027424723199407   0
0.0773531116864086   0.0396672728840161   -0.0523762055946517   0.00676126588901889   0
0.0403705490223517   0.0537559036779599   -0.0369825626640569   0.0140886307939438   0
0.0925414332310128   0.0224635593402454   0.0521708842086611   -0.0312923443377145   0
0.0869506176841775   0.0296567543487403   -0.00559081554683533   0.0071931950084949   0
0.0843443566146544   0.0278158780985739   -0.00260626106952307   -0.00184087625016641   0
0.0956902102558041   0.0416001312409135   0.0113458536411497   0.0137842531423396   0
0.0999123072531607   0.0635217668165409   0.00422209699735662   0.0219216355756275   0
0.0920914570828913   0.0764871137355345   -0.0078208501702695   0.0129653469189936   0
0.0808758064980319   0.0553445429502765   -0.0112156505848593   -0.021142570785258   0
0.0917994204333557   0.0389464649225382   0.0109236139353237   -0.0163980780277383   0
0.0693716970097316   0.0664744606905579   -0.0224277234236241   0.0275279957680197   0
0.0880576564290693   0.0503127209046639   0.0186859594193377   -0.016161739785894   0
0.102542306475376   0.045406150813381   0.014484650046307   -0.00490657009128286   0
0.0862427963783063   0.0518525752500539   -0.01629951009707   0.00644642443667288   0
0.400670004249682   0.167852406930084   0.314427207871376   0.11599983168003   0
0.209309268980162   0.0776007419530575   -0.191360735269519   -0.0902516649770265   0
0.104432326849736   0.0528720299904401   -0.104876942130427   -0.0247287119626174   0
0.0904910702901673   0.0643549292754642   -0.0139412565595683   0.0114828992850241   0
0.0973487163706332   0.0680777298538223   0.00685764608046595   0.00372280057835804   0
0.0819561047460773   0.0107901248206691   -0.0153926116245559   -0.0572876050331531   0
0.0929269095343755   0.0457761309594312   0.0109708047882981   0.0349860061387621   0
0.0574017248439452   0.0783732253926684   -0.0355251846904302   0.0325970944332371   0
0.0909072694394128   0.037087669002252   0.0335055445954676   -0.0412855563904164   0
0.103642172069578   0.036775750342991   0.0127349026301651   -0.000311918659260987   0
0.0967996165303355   0.0264583886059318   -0.00684255553924243   -0.0103173617370592   0
0.0883793205842294   0.0091584716123707   -0.00842029594610608   -0.0172999169935611   0
0.0949609286296738   0.0189167608125367   0.00658160804544437   0.00975828920016602   0
0.0944335572479932   0.024256829529263   -0.000527371381680644   0.00534006871672627   0
0.0813266156425435   0.0287702656557443   -0.0131069416054497   0.00451343612648131   0
0.0958285456850411   0.0239018124759212   0.0145019300424976   -0.00486845317982314   0
0.105738880581601   0.0337944956621474   0.00991033489655957   0.00989268318622625   0
0.11588282483414   0.0316332498452578   0.0101439442525395   -0.00216124581688965   0
0.115063821848138   0.0357542910299239   -0.000819002986002279   0.00412104118466618   0
0.131422229927589   0.0342482598384797   0.0163584080794509   -0.0015060311914442   0
0.157810076625322   0.0642366884114133   0.0263878466977333   0.0299884285729336   0
0.147423471615818   0.0572677231585341   -0.0103866050095037   -0.00696896525287924   0
0.118687822331526   0.0852380325757962   -0.0287356492842919   0.0279703094172622   0
0.110064820476526   0.0753302621129284   -0.00862300185500002   -0.0099077704628678   0
0.128823964347671   0.0805650668670671   0.0187591438711445   0.00523480475413872   0
0.138293364625856   0.0467635122547751   0.00946940027818519   -0.0338015546122921   0
0.117489756424805   0.0767795761979871   -0.0208036082010512   0.030016063943212   0
0.124985181158888   0.0488930087505872   0.00749542473408285   -0.0278865674473998   0
0.142970896067172   0.0374174545500492   0.0179857149082839   -0.011475554200538   0
0.166053334794216   0.0434976259427167   0.0230824387270444   0.00608017139266746   0
0.221846775260787   0.0535886380639124   0.0557934404665706   0.0100910121211957   0
0.17528711119432   0.0827667593390607   -0.0465596640664664   0.0291781212751484   0
0.190675818805951   0.0798610243343397   0.0153887076116311   -0.00290573500472102   0
0.193027817305538   0.0859937496149139   0.00235199849958623   0.00613272528057415   0
0.34331643365094   0.0769339894248634   0.150288616345402   -0.00905976019005043   0
0.28330007085818   0.0868138314991397   -0.0600163627927593   0.00987984207427629   0
0.164480560696758   0.082116199351664   -0.118819510161422   -0.00469763214747572   0
0.191601700548299   0.118573278256301   0.0271211398515405   0.0364570789046372   0
0.147221870529891   0.11026143298485   -0.0443798300184078   -0.00831184527145147   0
0.208858526929403   0.110485834946714   0.0616366563995116   0.000224401961864157   0
0.201361473822204   0.111289484652246   -0.00749705310719898   0.00080364970553215   0
0.262944879626815   0.11434403316282   0.0615834058046109   0.00305454851057363   0
0.27591735087263   0.100969885545506   0.0129724712458154   -0.013374147617314   0
0.291504926979803   0.104747647841859   0.0155875761071725   0.00377776229635335   0
0.250939349504318   0.114623920722465   -0.040565577475485   0.0098762728806063   0
0.342277195283647   0.12225035502608   0.0913378457793297   0.00762643430361434   0
0.325439821139424   0.11234738157524   -0.0168373741442236   -0.00990297345083994   0
0.27911810482835   0.0820417983607898   -0.0463217163110732   -0.0303055832144498   0
0.294029097567367   0.117326522982764   0.0149109927390164   0.0352847246219739   0
0.271834590951924   0.0879469371901603   -0.0221945066154425   -0.0293795857926035   0
0.27491384986463   0.0773864816055912   0.00307925891270605   -0.0105604555845691   0
0.242062450349326   0.10557439064804   -0.0328513995153041   0.028187909042449   0
0.454552018365775   0.0438320154923887   0.212489568016449   -0.0617423751556515   0
0.414980255933858   0.0621603183444631   -0.0395717624319175   0.0183283028520745   0
0.442099805640491   0.119567463889231   0.0271195497066334   0.0574071455447676   0
0.58153393073316   0.169107990906935   0.139434125092669   0.0495405270177043   0
0.489039890099325   0.154389182221626   -0.0924940406338352   -0.0147188086853088   0
0.596529629092814   0.174118298710424   0.107489738993489   0.0197291164887979   0
0.551394007451196   0.157380789250348   -0.0451356216416174   -0.016737509460076   0
0.602516007982933   0.157680706612485   0.0511220005317368   0.000299917362136609   0
0.593124544232162   0.166964595926988   -0.00939146375077105   0.00928388931450363   0
0.391054965310939   0.129574413049269   -0.202069578921223   -0.0373901828777197   0
0.417893793512191   0.159568954513597   0.026838828201252   0.0299945414643286   0
0.413560437269488   0.14262040627958   -0.00433335624270353   -0.0169485482340172   0
0.355285882601941   0.143403890242952   -0.0582745546675471   0.00078348396337144   0
0.189968664416625   0.101871048204887   -0.165317218185316   -0.0415328420380641   0
0.148872297802815   0.0546376540076759   -0.0410963666138097   -0.0472333941972116   0
0.204332909083437   0.0539563850665053   0.0554606112806218   -0.000681268941170536   0
0.264067621526551   0.0752868438725685   0.0597347124431147   0.0213304588060631   0
0.254729371676001   0.110633291625588   -0.00933824985055087   0.03534644775302   0
0.293790965094657   0.106076647214986   0.0390615934186566   -0.00455664441060291   0
0.333177565130922   0.106036774364557   0.0393866000362653   -3.98728504283768e-05   0
0.298144867972887   0.116767365165197   -0.0350326971580357   0.01073059080064   0
0.25929473722328   0.100313894917147   -0.0388501307496063   -0.0164534702480502   0
0.411120931840012   0.152968402106219   0.151826194616732   0.0526545071890724   0
0.719030408528798   0.225465694642916   0.307909476688786   0.0724972925366963   0
0.544624343490483   0.168744343482145   -0.174406065038315   -0.056721351160771   0
0.507305643010365   0.205565969632787   -0.0373187004801182   0.0368216261506419   0
0.451058688943257   0.194222968867717   -0.0562469540671079   -0.01134300076507   0
0.351985848690895   0.105975387638274   -0.0990728402523617   -0.0882475812294422   0
0.401450887912352   0.0487075914970141   0.0494650392214568   -0.0572677961412602   0
0.404169859327734   0.173621709952126   0.00271897141538135   0.124914118455111   0
0.34511377857779   0.173500063454664   -0.0590560807499435   -0.000121646497461297   0
0.294687859650105   0.146619904790149   -0.0504259189276852   -0.0268801586645147   0
0.247395521762723   0.130157038941359   -0.0472923378873819   -0.0164628658487902   0
0.347590700897996   0.146688010154861   0.100195179135273   0.0165309712135014   0
0.421931297973971   0.152357603915861   0.0743405970759752   0.00566959376100076   0
0.430206543602221   0.150150862376062   0.00827524562825027   -0.00220674153979977   0
0.442506314910081   0.135702915854533   0.0122997713078599   -0.0144479465215285   0
