0.459494361146293   0.717965723479507   0   0   0
0.464151576328692   0.688201788244634   0.00465721518239931   -0.0297639352348731   0
0.466918291935581   0.681585471190123   0.00276671560688818   -0.00661631705451105   0
0.482224604711332   0.686126069970798   0.0153063127757511   0.00454059878067492   0
0.472115560615237   0.670615461483617   -0.0101090440960941   -0.0155106084871808   0
0.47038985883333   0.667766702206379   -0.00172570178190762   -0.00284875927723871   0
0.46719600977534   0.634417300538112   -0.00319384905798942   -0.0333494016682668   0
0.454923626629229   0.626165350289322   -0.0122723831461116   -0.00825195024879   0
0.478543680572672   0.617354633214545   0.0236200539434436   -0.00881071707477721   0
0.486674342990146   0.600714669002056   0.00813066241747323   -0.0166399642124884   0
0.473891235018501   0.580793453994241   -0.0127831079716449   -0.0199212150078157   0
0.479188149713826   0.553116096051855   0.00529691469532506   -0.0276773579423855   0
0.573043825431495   0.548912441882495   0.093855675717669   -0.00420365416935997   0
0.454265610292704   0.514357090392387   -0.118778215138791   -0.0345553514901078   0
0.491445786310746   0.484733955592191   0.0371801760180426   -0.029623134800196   0
0.468211758101919   0.463167474065526   -0.0232340282088272   -0.021566481526665   0
0.479864745005298   0.418899436190048   0.0116529869033793   -0.0442680378754785   1
0.367206269479999   0.281972619674859   -0.112658475525299   -0.136926816515189   1
0.138353270116358   0.168945286334992   -0.228852999363641   -0.113027333339866   0
0.12235657138977   0.062012143764387   -0.0159966987265878   -0.106933142570605   0
0.0737331434678463   0.0891849615698298   -0.0486234279219242   0.0271728178054429   0
0.227283296824407   0.0548160473849127   0.153550153356561   -0.0343689141849171   0
0.214372157387964   0.094107274530134   -0.0129111394364432   0.0392912271452212   0
0.201800190779122   0.121605444305765   -0.0125719666088421   0.027498169775631   0
0.154215453922426   0.154370629351895   -0.0475847368566956   0.0327651850461296   0
0.105747098960019   0.17587732631937   -0.0484683549624076   0.021506696967475   0
0.0729363053441837   0.183356987361431   -0.0328107936158351   0.00747966104206152   0
0.110861787225807   0.165079908426949   0.0379254818816228   -0.0182770789344817   0
0.057698001212347   0.169866169793311   -0.0531637860134595   0.00478626136636173   0
0.0610891532626701   0.193759821791051   0.00339115205032309   0.0238936519977403   0
0.089206449069616   0.203737025108349   0.0281172958069459   0.00997720331729754   0
0.162048537835212   0.178048627665309   0.0728420887655956   -0.0256883974430395   0
0.226757940132204   0.193446813637554   0.0647094022969919   0.0153981859722444   0
0.207937070269469   0.211418173401082   -0.0188208698627347   0.0179713597635282   0
0.184317949930222   0.216522363937885   -0.0236191203392463   0.00510419053680314   0
0.194287954005131   0.214057570838431   0.00997000407490875   -0.00246479309945397   0
0.166555610191942   0.215052004512862   -0.0277323438131896   0.00099443367443075   0
0.167571076477692   0.249242030288834   0.00101546628575042   0.0341900257759719   0
0.180879271725523   0.251215095339631   0.013308195247831   0.00197306505079733   0
0.18777928339566   0.262353637599138   0.00690001167013696   0.0111385422595071   0
0.210065999408594   0.292742173234401   0.0222867160129345   0.0303885356352626   0
0.225168512120434   0.275684820286682   0.0151025127118395   -0.0170573529477192   0
0.2352392150124   0.294357003548837   0.0100707028919657   0.0186721832621553   0
0.234474101732157   0.292410650235675   -0.000765113280242258   -0.0019463533131624   0
0.236605004339384   0.315438124298966   0.00213090260722676   0.0230274740632915   0
0.246135960141579   0.336806271296275   0.00953095580219471   0.0213681469973089   0
0.319910517944034   0.361885532401131   0.073774557802455   0.0250792611048559   0
0.437761460041927   0.404170493569855   0.117850942097894   0.0422849611687238   0
0.339999367649177   0.414025301094329   -0.0977620923927509   0.00985480752447454   0
0.325963813982135   0.391749846621859   -0.0140355536670414   -0.0222754544724703   0
0.362813135323103   0.416035558875981   0.0368493213409675   0.0242857122541222   0
0.370977329944473   0.435108612355007   0.00816419462136986   0.0190730534790261   0
0.427797336860119   0.462831839136797   0.0568200069156464   0.0277232267817897   0
0.427357457419547   0.46409931276856   -0.000439879440571778   0.00126747363176349   0
0.456051832747375   0.416539367929071   0.0286943753278283   -0.0475599448394894   0
0.444131321918923   0.473533640311066   -0.0119205108284524   0.0569942723819951   0
0.490412108977021   0.490688003550627   0.0462807870580985   0.0171543632395608   0
0.544071752471124   0.523380231078945   0.0536596434941026   0.0326922275283182   0
0.584234373612585   0.515378942262148   0.0401626211414613   -0.00800128881679751   0
0.566173646346145   0.516695192438685   -0.01806072726644   0.0013162501765378   0
0.621981297702986   0.543063031421077   0.0558076513568404   0.0263678389823919   0
0.629879227218996   0.533688139107007   0.00789792951601065   -0.00937489231407029   0
0.60533627183169   0.526900260792069   -0.0245429553873061   -0.00678787831493821   0
0.607617979541101   0.545240810701565   0.00228170770941094   0.0183405499094964   0
0.565872285221895   0.554134202109471   -0.0417456943192059   0.00889339140790579   0
0.586580744525423   0.56877380607848   0.020708459303528   0.0146396039690087   0
0.555899175393308   0.590846824762772   -0.0306815691321152   0.0220730186842926   0
0.562114082388166   0.590147597140114   0.00621490699485794   -0.000699227622658505   0
0.560838474503399   0.603543236189836   -0.00127560788476677   0.0133956390497222   0
0.573213874904908   0.631035060376997   0.0123754004015092   0.0274918241871609   0
0.628488344540494   0.651914036257466   0.055274469635585   0.0208789758804688   0
0.604467484773242   0.670593271652982   -0.0240208597672511   0.0186792353955164   0
0.636549256308269   0.678794283100005   0.0320817715350262   0.00820101144702334   0
0.644676622122665   0.665438913762939   0.00812736581439677   -0.0133553693370664   0
0.640253218330185   0.671415450625952   -0.00442340379247996   0.00597653686301292   0
0.67893841947005   0.693614819082789   0.0386852011398647   0.022199368456837   0
0.675313401411522   0.68844821113229   -0.00362501805852777   -0.00516660795049906   0
0.652159256920854   0.676013942331998   -0.0231541444906689   -0.0124342688002919   0
0.662298058514752   0.696707442752695   0.0101388015938986   0.0206935004206971   0
0.685951505901839   0.67853117912628   0.0236534473870864   -0.0181762636264149   0
0.524003827603559   0.598195847678041   -0.16194767829828   -0.0803353314482392   0
0.499808559066539   0.562298129849727   -0.0241952685370196   -0.0358977178283143   0
0.520841887130912   0.559392625408353   0.0210333280643732   -0.00290550444137361   0
0.541245714337767   0.631126792702544   0.020403827206855   0.071734167294191   1
0.706513239724494   0.603706940017257   0.165267525386727   -0.027419852685287   1
0.866181846402359   0.645454008278282   0.159668606677865   0.0417470682610246   0
0.926082942050549   0.655684630625501   0.0599010956481896   0.0102306223472197   0
1.00298999566396   0.647111015918443   0.076907053613416   -0.00857361470705786   0
1.0250900331644   0.580687542072542   0.0221000375004397   -0.0664234738459016   0
0.92712077720489   0.536630702095491   -0.097969255959514   -0.0440568399770506   0
0.956215696899502   0.599313247361928   0.0290949196946115   0.0626825452664372   0
0.980686885722961   0.612370696782799   0.0244711888234591   0.0130574494208701   0
0.977559005073863   0.631306623683175   -0.00312788064909852   0.0189359269003764   0
0.971261941659406   0.582416161238036   -0.00629706341445624   -0.0488904624451389   0
0.888404234393893   0.539849424431711   -0.0828577072655129   -0.0425667368063246   0
0.975057534948066   0.556566325688143   0.0866533005541731   0.0167169012564315   0
1.04222718083775   0.608832082037609   0.0671696458896814   0.0522657563494662   0
1.03217399402862   0.631429483892303   -0.0100531868091247   0.0225974018546937   0
1.08197604873675   0.602213788894567   0.0498020547081315   -0.0292156949977359   0
0.892940374235615   0.52235632047722   -0.18903567450114   -0.079857468417347   0
0.739981048239075   0.402254168099288   -0.15295932599654   -0.120102152377932   0
0.516240599310283   0.338388920342777   -0.223740448928792   -0.0638652477565111   0
0.541499688142699   0.36537350425455   0.025259088832416   0.0269845839117738   0
0.612667307645153   0.423901962507252   0.0711676195024538   0.0585284582527019   0
0.615990064651208   0.480868329791534   0.00332275700605589   0.0569663672842821   0
0.620634080847161   0.522760829331397   0.00464401619595234   0.0418924995398625   0
0.543923022711854   0.52685397069634   -0.0767110581353068   0.0040931413649431   0
0.549939943560204   0.534508016658778   0.00601692084834982   0.00765404596243746   0
0.481959579286479   0.553818904321169   -0.0679803642737247   0.0193108876623913   0
0.490000555274175   0.568987030079113   0.00804097598769604   0.0151681257579446   0
0.535208576055167   0.610021800114143   0.0452080207809923   0.0410347700350299   0
0.535139651861082   0.633455338964398   -6.89241940854401e-05   0.0234335388502545   0
0.5482818224946   0.636381194882831   0.0131421706335179   0.00292585591843353   0
0.547695436002529   0.634767152705226   -0.000586386492071211   -0.00161404217760508   0
0.555044642295555   0.634582638563923   0.00734920629302582   -0.000184514141303604   0
0.559042404826324   0.603184764287652   0.00399776253076989   -0.0313978742762709   0
0.562575300892245   0.605126517368476   0.00353289606592067   0.001941753080824   0
0.571596941694932   0.587624521708378   0.00902164080268741   -0.0175019956600977   0
0.574876992391416   0.57004114298246   0.00328005069648341   -0.0175833787259175   0
0.632002663790272   0.578132046601164   0.0571256713988565   0.00809090361870313   0
0.662286198290437   0.655169362730928   0.0302835345001645   0.0770373161297642   0
0.680182302079376   0.699882316406301   0.0178961037889396   0.0447129536753735   0
