0.0828695646612193   0.135323758612716   0   0   0
0.09029000532822   0.132248520662246   0.00742044066700076   -0.00307523795046954   0
0.0738916450246576   0.112693175778682   -0.0163983603035625   -0.0195553448835636   0
0.0513346386683845   0.109339562592652   -0.022557006356273   -0.00335361318603021   0
0.0683800118167583   0.0813508416631475   0.0170453731483737   -0.0279887209295046   0
0.0521835360218805   0.0790632789630085   -0.0161964757948778   -0.00228756270013904   0
0.0348283285859729   0.0893166435137511   -0.0173552074359076   0.0102533645507426   0
0.0528232261528402   0.0845596526613313   0.0179948975668673   -0.00475699085241979   0
0.0329376395985565   0.0733710130208961   -0.0198855865542837   -0.0111886396404352   0
0.0517308051347899   0.0764119115539914   0.0187931655362333   0.0030408985330953   0
0.0611859417229971   0.0524528259806285   0.00945513658820726   -0.0239590855733628   0
0.0576530107748069   0.0337125592764492   -0.00353293094819023   -0.0187402667041794   0
0.0278045731083288   0.0714342892455411   -0.0298484376664781   0.0377217299690919   0
0.0236940680721695   0.0698515247990808   -0.00411050503615933   -0.00158276444646026   0
0.0643665575755765   0.0264439818405417   0.040672489503407   -0.0434075429585391   0
0.0637043233613701   0.0334760326124416   -0.000662234214206386   0.00703205077189992   0
0.0397348661417149   0.0526546810816864   -0.0239694572196552   0.0191786484692447   0
0.0545054182030557   0.0256062864912647   0.0147705520613409   -0.0270483945904217   0
0.0604282211524549   0.0370332021002519   0.00592280294939918   0.0114269156089872   0
0.0428223799022194   0.0405201622063173   -0.0176058412502356   0.00348696010606538   0
0.0451578555880369   0.0365621383667928   0.00233547568581759   -0.00395802383952449   0
0.0446211409682675   0.0417712454176147   -0.000536714619769452   0.00520910705082196   0
0.0575016110339528   0.0297685464946985   0.0128804700656853   -0.0120026989229162   0
0.0740725458483776   0.0487943364393287   0.0165709348144248   0.0190257899446302   0
0.0337474463510945   0.047927006043592   -0.0403250994972831   -0.000867330395736728   0
0.0438707136096508   0.046823603662843   0.0101232672585563   -0.00110340238074901   0
0.0935864522383983   0.0450096190341254   0.0497157386287475   -0.0018139846287176   0
0.0582254742012463   0.0454147959931012   -0.035360978037152   0.000405176958975836   0
0.0730287434382251   0.0489593191386594   0.0148032692369788   0.0035445231455582   0
0.0710545239535105   0.0483696535349903   -0.00197421948471456   -0.00058966560366909   0
0.0768430842091857   0.0578973498312058   0.00578856025567516   0.00952769629621549   0
0.0630971736164149   0.05520634184308   -0.0137459105927708   -0.00269100798812584   0
0.0617136692654877   0.0568199111511935   -0.00138350435092718   0.00161356930811355   0
0.0856639164158983   0.0529666632042224   0.0239502471504106   -0.00385324794697112   0
0.0641806297097691   0.0632499789601744   -0.0214832867061291   0.010283315755952   0
0.0701591969963197   0.0690950944525188   0.00597856728655061   0.00584511549234448   0
0.0767384227204339   0.0708736585012725   0.00657922572411414   0.00177856404875369   0
0.0652349558836587   0.0719268705794262   -0.0115034668367751   0.00105321207815366   0
0.0703733694969198   0.0689899065677511   0.00513841361326106   -0.00293696401167512   0
0.0740080495055099   0.0777849810518715   0.00363468000859007   0.00879507448412038   0
0.0645361850093298   0.0843289490974778   -0.00947186449618011   0.00654396804560634   0
0.0604725766879246   0.0923023727741059   -0.00406360832140516   0.00797342367662807   0
0.0749573668084492   0.0676353206196069   0.0144847901205246   -0.0246670521544989   0
0.11381634871397   0.0872187659885331   0.0388589819055207   0.0195834453689262   0
0.101139762895393   0.0891684921102179   -0.0126765858185765   0.00194972612168483   0
0.108911841318758   0.0985250918984727   0.0077720784233649   0.00935659978825479   0
0.0595852018621914   0.0926390182992026   -0.0493266394565669   -0.00588607359927011   0
0.0701188164025178   0.104419746094357   0.0105336145403264   0.0117807277951545   0
0.0746204668518508   0.0965680943184685   0.00450165044933301   -0.0078516517758886   0
0.0728378462072431   0.108273949352912   -0.00178262064460771   0.0117058550344439   0
0.0797421905114852   0.13930008584129   0.0069043443042421   0.0310261364883772   0
0.0638705151637506   0.137750073569999   -0.0158716753477346   -0.00155001227129098   0
0.0689793877082778   0.142893089876545   0.00510887254452712   0.00514301630654659   0
0.0900915859286537   0.158632102210784   0.021112198220376   0.0157390123342385   0
0.0798426111338582   0.158751491540781   -0.0102489747947955   0.000119389329996916   0
0.084222271269362   0.168498236990777   0.00437966013550377   0.00974674544999632   0
0.083672096522676   0.162462269382686   -0.000550174746686033   -0.00603596760809066   0
0.0812554037340287   0.172043774131295   -0.0024166927886473   0.00958150474860867   0
0.0812592469039856   0.1706954007507   3.84316995698242e-06   -0.0013483733805944   0
0.0768483702782304   0.191535012657406   -0.00441087662575528   0.0208396119067051   0
0.070560642223761   0.190826185999826   -0.00628772805446939   -0.000708826657580014   0
0.080882306158307   0.182269218254372   0.010321663934546   -0.00855696774545323   0
0.0828202887371808   0.185595222372001   0.00193798257887384   0.00332600411762871   0
0.0879181740407522   0.174731460888244   0.00509788530357143   -0.0108637614837568   0
0.064734108815137   0.188433659647693   -0.0231840652256152   0.0137021987594485   0
0.107308087924862   0.175031071402401   0.0425739791097254   -0.0134025882452914   0
0.0831326475609913   0.181996160539419   -0.0241754403638711   0.00696508913701777   0
0.0853864858709503   0.172746385496376   0.00225383830995898   -0.0092497750430432   0
0.0941054071437981   0.189568102185923   0.00871892127284773   0.016821716689547   0
0.0834078344155392   0.192351798097321   -0.0106975727282589   0.00278369591139807   0
0.0850087585589862   0.188128543349521   0.00160092414344698   -0.00422325474780016   0
0.105936500970959   0.192140478986268   0.0209277424119729   0.00401193563674726   0
0.101884910680925   0.190504184778347   -0.00405159029003434   -0.00163629420792122   0
0.121253395759583   0.192959069154601   0.0193684850786581   0.00245488437625399   0
0.0990107702760664   0.197216323959479   -0.0222426254835163   0.00425725480487776   0
0.102428507845961   0.199401421730664   0.00341773756989409   0.00218509777118514   0
0.0929884922526438   0.2035965677277   -0.00944001559331673   0.00419514599703646   0
0.0998770379399089   0.204189194403744   0.00688854568726507   0.000592626676043956   0
0.091328223332604   0.210897287771797   -0.00854881460730486   0.00670809336805253   0
0.0910194782617984   0.229771623972593   -0.000308745070805583   0.018874336200796   0
0.0915538989392587   0.229340065776785   0.000534420677460276   -0.000431558195807757   0
0.0831928265144898   0.222238563484153   -0.0083610724247689   -0.00710150229263168   0
0.0807177767756893   0.229819240211193   -0.00247504973880056   0.0075806767270398   0
0.090292414579742   0.239844774232732   0.0095746378040527   0.0100255340215387   0
0.0741502414858509   0.222789119861698   -0.0161421730938911   -0.0170556543710337   0
0.0921402569359344   0.227234604286457   0.0179900154500835   0.00444548442475859   0
0.0761974521721691   0.249749535399968   -0.0159428047637653   0.0225149311135117   0
0.0932847426228963   0.262824750288572   0.0170872904507272   0.0130752148886033   0
0.092041756414195   0.269203748280461   -0.00124298620870129   0.00637899799188979   0
0.0819758641894064   0.258866384688124   -0.0100658922247886   -0.0103373635923371   0
0.0938451532405377   0.251100188791745   0.0118692890511313   -0.00776619589637934   0
0.0971216840671021   0.24742634617902   0.00327653082656444   -0.00367384261272549   0
0.103411475264885   0.254271862883017   0.00628979119778325   0.00684551670399788   0
0.09517453148285   0.260266450109306   -0.00823694378203541   0.00599458722628882   0
0.0933418963684047   0.268282367876646   -0.0018326351144453   0.00801591776733973   0
0.104751330165158   0.265731196747766   0.0114094337967536   -0.00255117112887981   0
0.10415994644051   0.251401741025197   -0.00059138372464787   -0.0143294557225696   0
0.10256639668951   0.269890352416495   -0.00159354975100007   0.0184886113912987   0
0.100738523213962   0.274971832568811   -0.00182787347554814   0.00508148015231535   0
0.113921890909737   0.27213158430298   0.0131833676957747   -0.0028402482658304   0
0.114160664719771   0.288855390942856   0.000238773810034218   0.0167238066398755   0
0.110425070927575   0.270016517501245   -0.003735593792196   -0.0188388734416109   0
0.124374577110477   0.261080686584148   0.0139495061829019   -0.00893583091709699   0
0.13333814843191   0.264818582947364   0.00896357132143275   0.00373789636321642   0
0.0941023279310879   0.248495491760917   -0.0392358205008219   -0.0163230911864471   0
0.10524355546018   0.28193736489733   0.0111412275290922   0.0334418731364126   0
0.0861360107803351   0.274128758690601   -0.019107544679845   -0.00780860620672813   0
0.0960064661008309   0.276478151504328   0.00987045532049587   0.00234939281372626   0
0.134729441813028   0.281822111128634   0.0387229757121967   0.00534395962430595   0
0.119588391979698   0.277643176583722   -0.0151410498333292   -0.00417893454491142   0
0.116818244638241   0.293285657566561   -0.0027701473414571   0.0156424809828386   0
0.102417183841287   0.287952462063185   -0.0144010607969542   -0.00533319550337591   0
0.10500892718574   0.286932906839735   0.00259174334445267   -0.00101955522345004   0
0.122553769300295   0.286169186051713   0.0175448421145555   -0.000763720788021782   0
0.112428840318043   0.291502394292911   -0.0101249289822524   0.00533320824119821   0
0.118324668917052   0.295619021243559   0.00589582859900917   0.00411662695064796   0
0.0806786558295315   0.284927730795899   -0.0376460130875206   -0.0106912904476608   0
0.0716386726648393   0.300678183792074   -0.00903998316469218   0.0157504529961751   0
0.0817445559512069   0.304012209663526   0.0101058832863676   0.00333402587145293   0
0.086333106724014   0.283455523820757   0.00458855077280712   -0.020556685842769   0
0.0768966562564329   0.293317227019229   -0.00943645046758115   0.00986170319847174   0
0.0989823588774282   0.2967722530877   0.0220857026209954   0.00345502606847103   0
