0.0630955442616989   0.0419268216019889   0   0   0
0.0696352610397922   0.0476910925667897   0.00653971677809333   0.0057642709648008   0
0.0690761298795032   0.0568566329075157   -0.000559131160288939   0.00916554034072606   0
0.082581289562588   0.054522342217778   0.0135051596830847   -0.0023342906897377   0
0.0738867631518664   0.06210495610529   -0.00869452641072158   0.00758261388751199   0
0.0613230965234959   0.0559227130526587   -0.0125636666283704   -0.00618224305263135   0
0.0681350113628082   0.0619306696815278   0.00681191483931224   0.00600795662886909   0
0.0754924167430743   0.0522264871122163   0.00735740538026609   -0.00970418256931141   0
0.0540341642779862   0.0617150957115235   -0.0214582524650881   0.00948860859930711   0
0.090110959698141   0.043946536314737   0.0360767954201548   -0.0177685593967864   0
0.08479419892758   0.0339555059583862   -0.00531676077056109   -0.00999103035635084   0
0.0764959394562221   0.0292364799198279   -0.00829825947135784   -0.00471902603855829   0
0.0683549363297926   0.0728455389065768   -0.00814100312642951   0.043609058986749   0
0.0777800732167308   0.0745974662387544   0.00942513688693816   0.00175192733217752   0
0.0655312887179857   0.0414539510075035   -0.0122487844987451   -0.0331435152312509   0
0.110888278963874   0.0866227391481151   0.0453569902458886   0.0451687881406116   0
0.0858918245894218   0.0616912840246839   -0.0249964543744525   -0.0249314551234312   0
0.0341844053720406   0.0541589513143488   -0.0517074192173812   -0.00753233271033517   0
0.0909187253707948   0.0508995452380962   0.0567343199987541   -0.00325940607625259   0
0.0830637376542255   0.0488903842773528   -0.00785498771656924   -0.00200916096074338   0
0.0371736684443438   0.0622030620125698   -0.0458900692098817   0.013312677735217   0
0.0434890444951369   0.045261749783095   0.00631537605079317   -0.0169413122294748   0
0.0559465138105503   0.0508094069685427   0.0124574693154134   0.00554765718544774   0
0.0605037910510573   0.0606817769649349   0.00455727724050695   0.00987236999639213   0
0.0710447534504132   0.05979444620699   0.0105409623993559   -0.000887330757944838   0
0.0532216341820692   0.0501446595023049   -0.017823119268344   -0.00964978670468511   0
0.148137158155609   0.0908672788837654   0.0949155239735401   0.0407226193814605   0
0.133943578728732   0.051517594707488   -0.0141935794268774   -0.0393496841762774   0
0.126169159869201   0.0590095118003233   -0.0077744188595309   0.0074919170928353   0
0.100125423616882   0.0547813219954575   -0.0260437362523194   -0.0042281898048658   0
0.0788996498974489   0.0417276807803959   -0.0212257737194328   -0.0130536412150616   0
0.0678116745465705   0.074326610442425   -0.0110879753508783   0.032598929662029   0
0.161863697681012   0.0761303667729901   0.0940520231344413   0.00180375633056515   0
0.17654937348351   0.0348232615902305   0.0146856758024984   -0.0413071051827596   0
0.173835323541468   0.0482901481454057   -0.00271404994204216   0.0134668865551751   0
0.0989774824422707   0.0777470582004594   -0.0748578410991974   0.0294569100550537   0
0.086991884286366   0.0936324185875619   -0.0119855981559046   0.0158853603871025   0
0.111271069246997   0.056224762617996   0.0242791849606309   -0.0374076559695659   0
0.106644347546834   0.0872192125641621   -0.00462672170016259   0.0309944499461661   0
0.120858324723607   0.0623726673087828   0.0142139771767729   -0.0248465452553794   0
0.108862958195706   0.0645083294991748   -0.0119953665279014   0.00213566219039198   0
0.124575623064266   0.0546578566204176   0.0157126648685598   -0.00985047287875719   0
0.124300454714937   0.0455630912206934   -0.000275168349329086   -0.00909476539972422   0
0.102660347543197   0.0564782853132069   -0.0216401071717396   0.0109151940925135   0
0.12254342539855   0.0419179574808339   0.019883077855353   -0.014560327832373   0
0.0145130860609831   0.0967945830585317   -0.108030339337567   0.0548766255776978   0
0.102957073213937   0.0205739690236382   0.088443987152954   -0.0762206140348935   0
0.076138836435094   0.0955634531939203   -0.0268182367788431   0.0749894841702821   0
0.0263759766290009   0.113668067116506   -0.0497628598060931   0.0181046139225856   0
0.0377401827981847   0.111090179540734   0.0113642061691839   -0.00257788757577201   0
0.0362831486347313   0.103349106720438   -0.00145703416345349   -0.00774107282029585   0
0.0495613893319185   0.114545940685989   0.0132782406971872   0.0111968339655509   0
0.0881516974590393   0.0883081430277242   0.0385903081271209   -0.0262377976582647   0
0.0831866219223981   0.0428088209207518   -0.00496507553664126   -0.0454993221069724   0
0.0590945638564124   0.108251502082939   -0.0240920580659857   0.065442681162187   0
0.0934187723324921   0.0642230186830431   0.0343242084760798   -0.0440284833998957   0
0.0473043657561815   0.132327075178145   -0.0461144065763106   0.0681040564951022   0
0.0802661793194369   0.11523230790028   0.0329618135632554   -0.0170947672778649   0
0.0552186811010549   0.122135317491267   -0.025047498218382   0.00690300959098632   0
0.0950279562453597   0.126772141910587   0.0398092751443048   0.00463682441932074   0
0.0794884589897804   0.101665523372666   -0.0155394972555793   -0.0251066185379213   0
0.0850914934941795   0.0922182956788287   0.00560303450439915   -0.00944722769383732   0
0.131165684861781   0.107718551567546   0.0460741913676013   0.015500255888717   0
0.0854959251327945   0.0870089832773749   -0.0456697597289863   -0.0207095682901708   0
0.0938405760998306   0.0908340338681625   0.00834465096703615   0.00382505059078768   0
0.101218649190882   0.0935492411143057   0.00737807309105168   0.00271520724614313   0
0.0955877082525258   0.117850527623861   -0.00563094093835648   0.0243012865095557   0
0.0963047718289182   0.0958076777117314   0.00071706357639241   -0.0220428499121299   0
0.124497249330296   0.164788142166541   0.0281924775013782   0.0689804644548092   0
0.10463437494987   0.126871564497507   -0.0198628743804264   -0.0379165776690339   0
0.100122554583125   0.105711432385764   -0.0045118203667448   -0.0211601321117425   0
0.121186083088901   0.125773571089607   0.0210635285057756   0.0200621387038431   0
0.126695797868674   0.151432113959102   0.00550971477977345   0.0256585428694949   0
0.099442459036118   0.127895122710221   -0.0272533388325564   -0.0235369912488811   0
0.127372124310267   0.146473420826911   0.0279296652741486   0.0185782981166895   0
0.100903265791202   0.0948615704026926   -0.0264688585190643   -0.0516118504242179   0
0.124346107663972   0.103179349795017   0.0234428418727693   0.00831777939232455   0
0.103795708228905   0.0726156563128951   -0.0205503994350664   -0.030563693482122   0
0.114732841665715   0.0662158449791476   0.0109371334368097   -0.00639981133374755   0
0.117136454135892   0.0778077406591401   0.00240361247017742   0.0115918956799925   0
0.132674286285927   0.0760623965889098   0.0155378321500343   -0.00174534407023025   0
0.157402964525513   0.115282405434058   0.0247286782395867   0.039220008845148   0
0.139523499081553   0.0923113544862846   -0.0178794654439607   -0.0229710509477732   0
0.132141309242228   0.0765438950723211   -0.00738218983932507   -0.0157674594139636   0
0.135270188330467   0.0782444759770458   0.00312887908823947   0.00170058090472473   0
0.13590480918426   0.0661690242851782   0.000634620853792567   -0.0120754516918676   0
0.115981765920726   0.112926663691541   -0.0199230432635339   0.0467576394063633   0
0.139012265905783   0.137048010518987   0.0230304999850569   0.024121346827446   0
0.149851499154229   0.129448454720228   0.0108392332484468   -0.00759955579875909   0
0.147289295878417   0.0927797873478108   -0.00256220327581191   -0.0366686673724175   0
0.171187625852455   0.109265913911716   0.0238983299740372   0.016486126563905   0
0.147606298073964   0.114260532973004   -0.0235813277784904   0.00499461906128844   0
0.181415836698013   0.127324046280445   0.0338095386240484   0.0130635133074411   0
0.190157875777707   0.115785398161059   0.00874203907969473   -0.0115386481193862   0
0.18595410867655   0.121776231356462   -0.00420376710115786   0.00599083319540261   0
0.159836044809549   0.108208450527743   -0.026118063867001   -0.0135677808287188   0
0.188736871497437   0.12598019389795   0.0289008266878884   0.0177717433702067   0
0.177517681736919   0.0822534948034732   -0.0112191897605181   -0.0437266990944764   0
0.182355398697406   0.108343289205839   0.00483771696048746   0.0260897944023654   0
0.187604627316093   0.0922874874368812   0.00524922861868632   -0.0160558017689575   0
0.18170266075567   0.0868766376122776   -0.00590196656042286   -0.00541084982460362   0
0.19201116561169   0.0630387418023631   0.0103085048560207   -0.0238378958099145   0
0.199267646089274   0.062488021659995   0.0072564804775832   -0.000550720142368129   0
0.190409298345459   0.0515242105329621   -0.00885834774381464   -0.0109638111270329   0
0.179546893025889   0.0691027740430332   -0.0108624053195701   0.0175785635100711   0
0.176511784810533   0.0756497604451594   -0.00303510821535566   0.0065469864021262   0
0.173847391812158   0.110391446979884   -0.00266439299837518   0.0347416865347244   0
0.166115135541166   0.135126449017228   -0.00773225627099192   0.0247350020373437   0
0.153971186185598   0.119661663015931   -0.0121439493555684   -0.0154647860012966   0
0.205163284202998   0.160031961136018   0.0511920980173999   0.0403702981200871   0
0.192100946796365   0.132292494528302   -0.0130623374066323   -0.0277394666077164   0
0.208883486099428   0.169663815106583   0.0167825393030628   0.0373713205782812   0
0.228121489761245   0.155496004791868   0.0192380036618173   -0.0141678103147153   0
0.220018681649014   0.166475825021295   -0.00810280811223182   0.0109798202294271   0
0.197576494090491   0.166810296506123   -0.0224421875585221   0.000334471484828208   0
0.171034862892511   0.148957009157743   -0.0265416311979806   -0.0178532873483796   0
0.195600788252911   0.20230915574659   0.0245659253603998   0.0533521465888463   0
0.198206825408536   0.190020388598269   0.00260603715562563   -0.0122887671483204   0
0.20551192881884   0.195904113303862   0.00730510341030377   0.00588372470559312   0
0.209365812470804   0.213665620326477   0.00385388365196421   0.0177615070226148   0
0.207317051993221   0.208780437661789   -0.00204876047758304   -0.00488518266468779   0
0.198514290089782   0.1915495   -0.00880276190343954   -0.0172309376617892   0
