0.345968697414795   0.257878195558969   0   0   0
0.305877212442771   0.20497932720216   -0.040091484972024   -0.0528988683568097   0
0.259864352519771   0.282874956253819   -0.0460128599229996   0.0778956290516594   0
0.168675771884433   0.310907780951523   -0.0911885806353389   0.0280328246977036   0
0.159878218655075   0.264408737339483   -0.00879755322935744   -0.0464990436120398   0
0.0566267356859999   0.282789525594938   -0.103251482969075   0.0183807882554551   0
0.181322662170094   0.255043517529548   0.124695926484094   -0.0277460080653896   0
0.0811568695317285   0.280539899303722   -0.100165792638365   0.0254963817741737   0
0.183347875859771   0.285862678767573   0.102191006328043   0.00532277946385074   0
0.105053493350305   0.314381850413271   -0.0782943825094664   0.0285191716456985   0
0.12771703400788   0.31920605931992   0.0226635406575755   0.00482420890664903   0
0.102688200381056   0.346082668864048   -0.0250288336268237   0.026876609544128   0
0.329310542949979   0.28192659641208   0.226622342568923   -0.064156072451968   1
0.110049383484598   0.202100445429989   -0.219261159465381   -0.0798261509820911   0
0.22290503828569   0.198369969799489   0.112855654801092   -0.00373047563050052   0
0.206981382976636   0.115470273502794   -0.0159236553090538   -0.0828996962966948   0
0.150533290471178   0.166460895886992   -0.0564480925054583   0.0509906223841982   0
0.0447496017454726   0.144855391150105   -0.105783688725705   -0.0216055047368867   0
0.0852681128980817   0.123631141119218   0.0405185111526091   -0.0212242500308873   0
0.164288182493325   0.0466707974907825   0.0790200695952431   -0.0769603436284356   0
0.142260800315407   0.0317152445175522   -0.0220273821779182   -0.0149555529732303   0
0.152877330114965   0.0499741252340649   0.0106165297995584   0.0182588807165127   0
0.18802760921495   0.0327746102899123   0.035150279099985   -0.0171995149441526   0
0.189495778481158   0.0409751434251913   0.00146816926620766   0.00820053313527903   0
0.210809975499358   0.0293866490186653   0.0213141970182004   -0.011588494406526   0
0.212258465328853   0.0400592419153808   0.00144848982949505   0.0106725928967154   0
0.206515558180492   0.0406050864012441   -0.0057429071483617   0.00054584448586336   0
0.118918232840889   0.17672056603668   -0.0875973253396021   0.136115479635436   0
0.0801225012261849   0.303728024292705   -0.0387957316147046   0.127007458256025   0
0.0550960870209718   0.394355672203835   -0.0250264142052131   0.0906276479111299   0
0.0890878932335505   0.386067639705427   0.0339918062125787   -0.00828803249840793   0
0.0534391961733146   0.6247432864103   -0.0356486970602359   0.238675646704873   0
0.0172625905385026   0.757585394800504   -0.036176605634812   0.132842108390204   0
0.0427064334644138   0.678547380972854   0.0254438429259112   -0.07903801382765   0
0.0157897253412084   0.590018877663356   -0.0269167081232053   -0.0885285033094982   0
0.0429623766508011   0.639005930266989   0.0271726513095927   0.0489870526036332   0
0.0323520080511241   0.623695362980758   -0.010610368599677   -0.0153105672862306   0
0.036268759274064   0.655909483455823   0.00391675122293984   0.0322141204750649   0
0.0825435198995657   0.607122805558021   0.0462747606255017   -0.0487866778978023   0
0.182568127744412   0.578453868746301   0.100024607844847   -0.0286689368117202   0
0.058294282063283   0.585781886537515   -0.124273845681129   0.00732801779121406   0
0.0859593106787159   0.593590210412053   0.0276650286154329   0.00780832387453789   0
0.0711041792910234   0.571784534670054   -0.0148551313876925   -0.0218056757419989   0
0.0864395515022637   0.575834028429694   0.0153353722112403   0.00404949375964048   0
0.0953221440733689   0.575504092484458   0.00888259257110519   -0.000329935945236004   0
0.056128101133377   0.542919301478455   -0.0391940429399919   -0.0325847910060032   0
0.0917947365843184   0.579771101035845   0.0356666354509413   0.0368517995573895   0
0.0594510229771743   0.56816228148032   -0.0323437136071441   -0.0116088195555245   0
0.0639374518454528   0.579571724068663   0.00448642886827859   0.0114094425883425   0
0.0620695126038387   0.593008531702726   -0.0018679392416141   0.0134368076340632   0
0.0411354260950339   0.561051141358091   -0.0209340865088048   -0.0319573903446346   0
0.0748183209743443   0.570372269943058   0.0336828948793103   0.0093211285849667   0
0.0790156530207332   0.505003173192647   0.00419733204638893   -0.0653690967504109   0
0.0749090198218986   0.486683905327606   -0.00410663319883459   -0.0183192678650411   0
0.086459990260657   0.512092821298371   0.0115509704387584   0.0254089159707647   0
0.0723439718217634   0.512212902568192   -0.0141160184388935   0.00012008126982177   0
0.0542123304775777   0.519872558281941   -0.0181316413441857   0.00765965571374838   0
0.0829902989867183   0.548782783200239   0.0287779685091406   0.0289102249182978   0
0.0259639734957672   0.53523497742958   -0.0570263254909512   -0.0135478057706589   0
0.0965678200430273   0.562334088389671   0.0706038465472601   0.0270991109600915   0
0.0402525444670128   0.527570562269262   -0.0563152755760145   -0.0347635261204093   0
0.0988445956662891   0.523728665257693   0.0585920511992763   -0.00384189701156845   0
0.0702522409504558   0.52722328390886   -0.0285923547158333   0.00349461865116685   0
0.043174050057992   0.522160109550694   -0.0270781908924638   -0.0050631743581665   0
0.0652413520141145   0.534034209058259   0.0220673019561225   0.0118740995075651   0
0.0841144346810605   0.53728927313186   0.0188730826669461   0.00325506407360121   0
0.0384289646524806   0.523485325514185   -0.04568547002858   -0.0138039476176748   0
0.0962652093671649   0.539618366111505   0.0578362447146844   0.0161330405973196   0
0.0606454696785209   0.538228780149134   -0.035619739688644   -0.00138958596237071   0
0.0441682753359026   0.531514573015277   -0.0164771943426183   -0.00671420713385684   0
0.0806168250125717   0.562107506781243   0.0364485496766691   0.0305929337659656   0
0.081876131318863   0.535624545618031   0.00125930630629134   -0.0264829611632116   0
0.0515850229403458   0.540981839563261   -0.0302911083785172   0.00535729394522988   0
0.0823967342042298   0.577067832445632   0.0308117112638841   0.0360859928823708   0
0.0712011008552965   0.567856858968438   -0.0111956333489334   -0.00921097347719435   0
0.0503046734307549   0.577016226569279   -0.0208964274245415   0.00915936760084179   0
0.114434839937547   0.599060334107509   0.0641301665067925   0.0220441075382293   0
0.0165012421217344   0.58828475282171   -0.0979335978158131   -0.0107755812857989   0
0.0771802809571098   0.608905814005335   0.0606790388353754   0.0206210611836254   0
0.0288772862605907   0.616510829902849   -0.0483029946965191   0.00760501589751406   0
0.0244482770553203   0.650848360627881   -0.00442900920527042   0.0343375307250315   0
0.0962369693150195   0.658043488890552   0.0717886922596992   0.00719512826267121   0
0.0622119455100031   0.655028255563071   -0.0340250238050163   -0.00301523332748088   0
0.0813556474709654   0.661513872121553   0.0191437019609622   0.00648561655848179   0
0.102998934002417   0.517648588949347   0.0216432865314512   -0.143865283172206   0
0.0305188092776258   0.566751598176838   -0.0724801247247908   0.049103009227491   0
0.0818180179420768   0.595158755940379   0.051299208664451   0.0284071577635413   0
0.0716268299493283   0.613770800536528   -0.0101911879927484   0.0186120445961484   0
0.0776187620566703   0.636175251220526   0.00599193210734196   0.0224044506839988   0
0.123750840434399   0.600872366968435   0.0461320783777284   -0.0353028842520909   0
0.0552056778517391   0.628255098094118   -0.0685451625826595   0.0273827311256827   0
0.101546366912509   0.645732576057031   0.0463406890607704   0.0174774779629132   0
0.0958436900899585   0.607804500872814   -0.00570267682255102   -0.0379280751842178   0
0.095912611622612   0.652919030835754   6.89215326535181e-05   0.0451145299629402   0
0.103543814069262   0.633611076888062   0.00763120244665053   -0.0193079539476915   0
0.0735394962463709   0.61847753061045   -0.0300043178228916   -0.0151335462776123   0
0.123933107537292   0.645584253744815   0.0503936112909212   0.0271067231343654   0
0.0758010090124136   0.633285803588119   -0.0481320985248785   -0.0122984501566961   0
0.0808220166312373   0.646132920531062   0.00502100761882374   0.012847116942943   0
0.119400437993041   0.652981906123746   0.0385784213618036   0.00684898559268321   0
0.065375364003821   0.645094842157337   -0.0540250739892199   -0.00788706396640804   0
0.216875044696272   0.721477941233306   0.151499680692451   0.0763830990759687   1
0.319308032796608   0.799896149272048   0.102432988100336   0.0784182080387413   1
0.333807704152361   0.752562794134317   0.0144996713557529   -0.0473333551377307   1
0.369975087508785   0.765720408995673   0.0361673833564233   0.0131576148613557   0
0.344310681060945   0.629927595795938   -0.0256644064478399   -0.135792813199735   0
0.354792625236773   0.767697723472266   0.0104819441758287   0.137770127676328   0
0.372660845288357   0.763553912915945   0.0178682200515838   -0.00414381055632129   0
0.34494979919252   0.779970897103539   -0.0277110460958371   0.0164169841875946   0
0.385321727037032   0.795401034032519   0.0403719278445117   0.0154301369289794   0
0.370661724406437   0.783758830458707   -0.0146600026305948   -0.011642203573812   0
0.380636907379787   0.811878701417428   0.00997518297334971   0.0281198709587216   0
0.419712663388868   0.82697270302305   0.0390757560090817   0.0150940016056215   0
0.379412728275712   0.827651872816252   -0.040299935113156   0.000679169793202372   0
0.419389955294587   0.873315193174263   0.0399772270188745   0.0456633203580106   0
0.40671705964497   0.835271852037557   -0.012672895649617   -0.0380433411367063   0
0.392127369332502   0.882823066385615   -0.0145896903124684   0.0475512143480584   0
0.413527205051856   0.882502885774602   0.0213998357193547   -0.000320180611013243   0
0.389883420831676   0.889631077333183   -0.02364378422018   0.00712819155858113   0
0.41281296002874   0.922910041688788   0.0229295391970636   0.0332789643556047   0
0.378355138341281   0.924347823092314   -0.0344578216874587   0.00143778140352657   0
0.417061745827929   0.959102721569098   0.0387066074866478   0.0347548984767835   0
